         
  0.6515772E+02  0.0000000E+00  0.2171924E+02
  0.0000000E+00  0.0000000E+00  0.2171924E+02
  0.5421074E-01  0.1914940E+02  0.2117374E+02
  0.2771695E+01  0.4037842E+00  0.2100322E+02
  0.2824107E+01  0.1920758E+02  0.1922869E+01
  0.3440377E-01  0.1029710E+00  0.1825261E+01
  0.1526370E+01  0.2044659E+02  0.5015863E+00
  0.4307290E+01  0.1729739E+01  0.8323112E+00
  0.4187915E+01  0.2054258E+02  0.3259117E+01
  0.1353325E+01  0.1466209E+01  0.3394704E+01
  0.5538040E+01  0.1956265E+02  0.2097137E+02
  0.8564082E+01  0.9573719E+00  0.2115884E+02
  0.8399181E+01  0.1928225E+02  0.1499013E+01
  0.5751244E+01  0.1622359E+00  0.2032866E+01
  0.6972467E+01  0.2084282E+02  0.4424847E+00
  0.8476952E+01  0.7452890E+01  0.1948534E+02
  0.8287124E+01  0.2129032E+02  0.4385805E+01
  0.7040097E+01  0.1407742E+01  0.3660533E+01
  0.1209057E+02  0.2086722E+02  0.7386577E+00
  0.2381113E+02  0.4742327E+01  0.3520770E+01
  0.1908531E+02  0.2221406E+01  0.1424252E+02
  0.1443545E+02  0.1083023E+02  0.1894341E+02
  0.1919062E+02  0.1995422E+02  0.8907829E+01
  0.3697499E+02  0.1977504E+02  0.5217749E+01
  0.9206694E+01  0.6850539E+01  0.5712787E+01
  0.3049816E+02  0.5434581E+01  0.6823563E+01
  0.1967446E+02  0.8857157E-02  0.1370425E+02
  0.1268898E+02  0.1225980E+02  0.1937522E+02
  0.3079941E+02  0.1187580E+02  0.1945915E+02
  0.1152293E+02  0.1684197E+02  0.7623141E+01
  0.2207849E+02  0.1056713E+01  0.1329900E+02
  0.3025332E+02  0.4723788E+01  0.1613831E+02
  0.1387675E+02  0.1959276E+02  0.2131246E+00
  0.3234412E+02  0.4857747E+01  0.1041059E+02
  0.6503518E+02  0.3158948E+01  0.2102730E+02
  0.2794857E+01  0.5906334E+01  0.2122035E+02
  0.2615723E+01  0.3012781E+01  0.2140425E+01
  0.6507890E+02  0.6223469E+01  0.1885401E+01
  0.1120487E+01  0.4403553E+01  0.9493987E+00
  0.3928778E+01  0.7565685E+01  0.9662110E+00
  0.3976235E+01  0.4361204E+01  0.3414536E+01
  0.1114362E+01  0.7578596E+01  0.3337750E+01
  0.5593779E+01  0.3166924E+01  0.2097208E+02
  0.6641063E+01  0.5036233E+01  0.1687614E+00
  0.8676175E+01  0.4169740E+01  0.1340102E+01
  0.5184829E+01  0.5792218E+01  0.1803977E+01
  0.9105623E+01  0.1832494E+01  0.1738857E+01
  0.1022069E+02  0.4873905E+01  0.2145936E+02
  0.9014707E+01  0.1784243E+01  0.5518071E+01
  0.6796275E+01  0.7078021E+01  0.3113368E+01
  0.1062983E+02  0.6867713E+01  0.1081160E+01
  0.2807426E+02  0.1178392E+02  0.1661086E+02
  0.2518176E+02  0.1350677E+02  0.9565471E+01
  0.1316905E+02  0.9593289E+01  0.4352324E+01
  0.1938946E+02  0.1777318E+02  0.5930411E+01
  0.1161092E+02  0.3335156E+01  0.3002544E+01
  0.1937928E+02  0.9051186E+01  0.2118328E+01
  0.9631329E+01  0.1582536E+02  0.2369046E+01
  0.3238089E+02  0.4396248E+01  0.7884219E+01
  0.1796744E+02  0.1214388E+02  0.5909617E+01
  0.1526556E+02  0.9110977E+01  0.1062775E+02
  0.1667449E+02  0.1442386E+02  0.1596773E+02
  0.1849515E+02  0.2150858E+02  0.5516243E+01
  0.1557463E+02  0.1813384E+02  0.2060221E+02
  0.1363343E+02  0.8235296E+01  0.8900180E+01
  0.1349400E+02  0.1610192E+02  0.1611621E+02
  0.6504395E+02  0.8652557E+01  0.2107627E+02
  0.2643781E+01  0.1158986E+02  0.2097151E+02
  0.2430692E+01  0.8755858E+01  0.2286626E+01
  0.2140984E+00  0.1152021E+02  0.2006817E+01
  0.1366534E+01  0.1009727E+02  0.6141957E+00
  0.4210872E+01  0.1263802E+02  0.7873528E+00
  0.4134366E+01  0.9894149E+01  0.3447575E+01
  0.1658148E+01  0.1276603E+02  0.3337179E+01
  0.5315710E+01  0.8440439E+01  0.2094693E+02
  0.1514139E+02  0.8479605E+01  0.1952387E+02
  0.1132540E+02  0.8768081E+01  0.3136259E+01
  0.5516408E+01  0.1100874E+02  0.1870596E+01
  0.6909277E+01  0.9570928E+01  0.6645234E+00
  0.8734752E+01  0.1232774E+02  0.1652395E+01
  0.1254091E+02  0.1789142E+02  0.1284415E+02
  0.7048076E+01  0.1257710E+02  0.3605732E+01
  0.8062899E+01  0.1134739E+02  0.2143049E+02
  0.2132581E+02  0.1009501E+02  0.5216901E+01
  0.3105430E+02  0.3030246E+01  0.1427039E+02
  0.1278586E+02  0.1264623E+02  0.1530330E+02
  0.1472121E+02  0.1122267E+02  0.1486389E+02
  0.1796574E+02  0.1075945E+02  0.7867043E+01
  0.2489542E+02  0.2254930E+01  0.1553675E+02
  0.2706281E+02  0.9864119E+01  0.4402994E+01
  0.1457711E+02  0.3968050E+01  0.1590465E+02
  0.2602347E+02  0.2790462E+01  0.1033953E+02
  0.1805125E+02  0.1641543E+02  0.1548907E+02
  0.1334342E+02  0.9402263E+01  0.1476187E+02
  0.1913846E+02  0.7415141E+01  0.4972687E+01
  0.2898790E+02  0.8550967E-01  0.1606607E+02
  0.3933937E+02  0.1147497E+02  0.1489912E+02
  0.3541738E+02  0.2532255E+01  0.1884362E+02
  0.6504671E+02  0.1394935E+02  0.2085125E+02
  0.2742462E+01  0.1659927E+02  0.2111217E+02
  0.2758992E+01  0.1432671E+02  0.1904320E+01
  0.6497104E+02  0.1656247E+02  0.2167641E+01
  0.1019583E+01  0.1533472E+02  0.6933668E+00
  0.4288947E+01  0.1806786E+02  0.6162705E+00
  0.4150329E+01  0.1541649E+02  0.3400090E+01
  0.1413043E+01  0.1791999E+02  0.3102393E+01
  0.5324459E+01  0.1379563E+02  0.2084556E+02
  0.8614924E+01  0.1528225E+02  0.2064348E+02
  0.7491076E+01  0.1453912E+02  0.2234963E+01
  0.5516017E+01  0.1667414E+02  0.1862379E+01
  0.6682580E+01  0.1527038E+02  0.1346964E+00
  0.1152563E+02  0.1856126E+02  0.1953715E+02
  0.1616793E+02  0.2008413E-01  0.9594466E+01
  0.6923899E+01  0.1785900E+02  0.3196817E+01
  0.1526232E+02  0.1508198E+02  0.9547684E+01
  0.9511741E+01  0.1732685E+02  0.1981038E+02
  0.1315111E+02  0.1678862E+02  0.4361026E+01
  0.2317210E+02  0.1723785E+02  0.1524350E+02
  0.2091226E+02  0.1078820E+01  0.8003952E+01
  0.2016705E+02  0.1937276E+02  0.1399998E+02
  0.1815026E+02  0.6050365E-01  0.8017580E+01
  0.1301063E+02  0.2044461E+02  0.3122852E+01
  0.2304704E+02  0.1194183E+02  0.9342697E+01
  0.1416082E+02  0.4400266E+01  0.7358091E+01
  0.3306071E+02  0.1091326E+02  0.9620338E+01
  0.2507740E+02  0.2451710E+01  0.6429024E+01
  0.1514318E+02  0.1514400E+02  0.1758132E+02
  0.2308952E+02  0.7246014E+01  0.7384191E+01
  0.2203419E+02  0.1956172E+02  0.1841281E+02
  0.9718233E+01  0.2116277E+02  0.1785479E+01
  0.7118077E-01  0.1949384E+02  0.4668502E+01
  0.2898305E+01  0.2366971E+00  0.4511303E+01
  0.2952955E+01  0.1929048E+02  0.7192449E+01
  0.6504975E+02  0.3842908E+00  0.7222149E+01
  0.1377677E+01  0.2068343E+02  0.5884824E+01
  0.3926566E+01  0.1521954E+01  0.5927533E+01
  0.4135521E+01  0.2071798E+02  0.8591164E+01
  0.1549214E+01  0.1762450E+01  0.8729534E+01
  0.5498599E+01  0.1910899E+02  0.4491693E+01
  0.1207047E+02  0.3748014E+01  0.6358103E+01
  0.8381143E+01  0.1933097E+02  0.7222644E+01
  0.5392756E+01  0.1827361E+00  0.7104719E+01
  0.6852121E+01  0.2049975E+02  0.5951532E+01
  0.1831309E+02  0.7096016E+01  0.1878169E+02
  0.9467299E+01  0.1738981E+02  0.6449084E+01
  0.6611939E+01  0.1827410E+01  0.8629959E+01
  0.2397996E+02  0.2133496E+02  0.2006281E+01
  0.2708463E+02  0.1031909E+02  0.1812964E+02
  0.1799735E+02  0.1617733E+01  0.1660342E+02
  0.1582195E+02  0.3867616E+01  0.5641743E+01
  0.1161299E+02  0.1078457E+02  0.1411343E+02
  0.2023703E+02  0.1520757E+02  0.1083115E+02
  0.2084279E+02  0.1862391E+02  0.7670671E+01
  0.2261773E+02  0.2110415E+02  0.7910118E+01
  0.1550291E+02  0.1771828E+02  0.1202858E+02
  0.2454063E+02  0.1161577E+02  0.1782535E+02
  0.1308740E+02  0.1926325E+02  0.1636109E+02
  0.1045390E+02  0.8811025E+01  0.5537621E+01
  0.1517833E+02  0.1439360E+02  0.1387283E+02
  0.2390175E+02  0.3244382E+01  0.2010296E+01
  0.1685598E+02  0.1966737E+02  0.1096000E+02
  0.1198332E+02  0.6549717E+01  0.8835819E+01
  0.6606651E-01  0.3057596E+01  0.4527910E+01
  0.2557227E+01  0.5954127E+01  0.4724126E+01
  0.2786387E+01  0.3177298E+01  0.7230998E+01
  0.3951447E-01  0.6139653E+01  0.7645565E+01
  0.1058019E+01  0.4505920E+01  0.6122125E+01
  0.4065721E+01  0.7283886E+01  0.5923892E+01
  0.4042310E+01  0.4637672E+01  0.8763629E+01
  0.1788662E+01  0.7280279E+01  0.8788065E+01
  0.5341787E+01  0.2715104E+01  0.4545461E+01
  0.1032801E+02  0.1665435E+01  0.1954754E+02
  0.6312207E+01  0.4356453E+01  0.5794806E+01
  0.5173880E+01  0.5925878E+01  0.7116943E+01
  0.7925307E+01  0.3209934E+01  0.7279547E+01
  0.1868761E+02  0.5886680E+01  0.1533196E+02
  0.1093628E+02  0.1917136E+02  0.1143936E+02
  0.6781684E+01  0.6759168E+01  0.8782272E+01
  0.2269910E+02  0.1704356E+02  0.1026277E+02
  0.8361307E+01  0.7915122E+01  0.1548366E+01
  0.9802457E+01  0.8271804E+01  0.2121311E+02
  0.1556005E+02  0.2617929E+01  0.7979133E+01
  0.1057471E+02  0.2030208E+02  0.3968536E+01
  0.1085611E+02  0.8254322E+01  0.1033994E+02
  0.1656306E+02  0.1308009E+02  0.1009583E+02
  0.2087120E+02  0.6603569E+01  0.3482997E+01
  0.1363185E+02  0.2087635E+02  0.9313341E+01
  0.1943744E+02  0.2169343E+02  0.1681052E+02
  0.2159200E+02  0.3194728E+01  0.7431286E+01
  0.3559946E+02  0.2049628E+01  0.9501748E+01
  0.2802693E+02  0.3611663E+01  0.1285524E+01
  0.1248258E+02  0.1577408E+02  0.1162165E+02
  0.2561664E+02  0.5390921E+01  0.5038218E+01
  0.1425957E+02  0.1226634E+02  0.1169907E+02
  0.6500175E+02  0.8930463E+01  0.4630336E+01
  0.2741953E+01  0.1127507E+02  0.4675415E+01
  0.2861010E+01  0.8636947E+01  0.7235054E+01
  0.1054203E+00  0.1135267E+02  0.7608132E+01
  0.1277957E+01  0.1012446E+02  0.6244926E+01
  0.4240291E+01  0.1249467E+02  0.6124484E+01
  0.4360906E+01  0.9535820E+01  0.9206647E+01
  0.1526553E+01  0.1285768E+02  0.8767568E+01
  0.5328581E+01  0.8338277E+01  0.4569153E+01
  0.8320020E+01  0.1136955E+02  0.5358968E+01
  0.7782422E+01  0.5544249E+01  0.4421149E+01
  0.5271912E+01  0.1104740E+02  0.7712695E+01
  0.6568118E+01  0.9836327E+01  0.5935600E+01
  0.7954097E+01  0.1318056E+02  0.7128671E+01
  0.7936706E+01  0.8403949E+01  0.7177392E+01
  0.6789325E+01  0.1225186E+02  0.8758982E+01
  0.1236949E+02  0.9434774E+01  0.1192628E+01
  0.1450809E+02  0.6573973E+01  0.6387848E+01
  0.1291531E+02  0.1367643E+02  0.2134821E+02
  0.1980928E+02  0.3541025E+01  0.1949602E+02
  0.1810883E+02  0.1758549E+02  0.1876040E+02
  0.1263806E+02  0.1395855E+02  0.1322537E+02
  0.2700419E+02  0.5593422E+01  0.1008139E+02
  0.1564493E+02  0.1126043E+02  0.9195495E-01
  0.1795934E+02  0.3276333E+01  0.5773754E+01
  0.2251467E+02  0.1495775E+02  0.1175657E+02
  0.3502006E+02  0.1231588E+02  0.5573971E+01
  0.2473695E+02  0.1926865E+02  0.1568216E+02
  0.1832185E+02  0.9954456E+01  0.1334277E+00
  0.3628958E+02  0.9367846E+01  0.2131178E+02
  0.3193375E+02  0.1189223E+02  0.1711017E+02
  0.3057829E+02  0.6969468E+01  0.2121035E+02
  0.2272915E+00  0.1403983E+02  0.4818836E+01
  0.2745756E+01  0.1667070E+02  0.4808225E+01
  0.2968492E+01  0.1411049E+02  0.7498559E+01
  0.1508058E+00  0.1679363E+02  0.7308470E+01
  0.1516397E+01  0.1534178E+02  0.6130317E+01
  0.4744472E+01  0.1773749E+02  0.6271299E+01
  0.4406498E+01  0.1541839E+02  0.8773088E+01
  0.1362369E+01  0.1823702E+02  0.8800606E+01
  0.5529388E+01  0.1396943E+02  0.4689459E+01
  0.1691796E+02  0.1233342E+02  0.3552205E+01
  0.1043369E+02  0.1508878E+02  0.1052070E+02
  0.6092401E+01  0.1662573E+02  0.7734404E+01
  0.7062959E+01  0.1512563E+02  0.6166042E+01
  0.8397191E+01  0.1632726E+02  0.4532953E+01
  0.8507680E+01  0.1640313E+02  0.1055134E+02
  0.7550365E+01  0.1790733E+02  0.9038437E+01
  0.2036222E+02  0.1211937E+02  0.6296953E+01
  0.1385649E+02  0.1023935E+01  0.7554030E+01
  0.1546901E+02  0.1020331E+02  0.3526976E+01
  0.1410425E+02  0.1180620E+02  0.7914428E+01
  0.9742071E+01  0.1280870E+02  0.1120324E+02
  0.2612085E+02  0.1372378E+02  0.1514563E+02
  0.2478307E+02  0.4837375E+01  0.1018481E+02
  0.1527817E+02  0.2047046E+02  0.1808427E+02
  0.1590738E+02  0.8689990E+00  0.1674496E+02
  0.2148138E+02  0.1647951E+02  0.1676920E+02
  0.1606837E+02  0.5485291E+01  0.1114200E+02
  0.2500236E+02  0.5357532E+01  0.2138856E+02
  0.1417825E+02  0.1702025E+02  0.1891719E+02
  0.9390840E+01  0.9576381E+01  0.8960918E+01
  0.1031094E+02  0.1319966E+02  0.7173146E+01
  0.9289922E+01  0.2099710E+02  0.8619752E+01
  0.6504311E+02  0.1927741E+02  0.1003924E+02
  0.2979621E+01  0.3578036E+00  0.1007645E+02
  0.2890431E+01  0.1932119E+02  0.1294478E+02
  0.2566914E+00  0.6309134E-01  0.1281353E+02
  0.1679331E+01  0.2039197E+02  0.1145237E+02
  0.4202749E+01  0.1669509E+01  0.1152553E+02
  0.4256692E+01  0.2067046E+02  0.1416565E+02
  0.1187347E+01  0.1464297E+01  0.1426896E+02
  0.5736227E+01  0.1917853E+02  0.9991313E+01
  0.8040665E+01  0.5484848E+00  0.9958366E+01
  0.7773790E+01  0.1950618E+02  0.1302371E+02
  0.5704639E+01  0.2924302E+00  0.1272465E+02
  0.6918287E+01  0.2072785E+02  0.1123060E+02
  0.1431362E+02  0.6138541E+01  0.4063217E+01
  0.1064362E+02  0.1705250E+02  0.1357521E+02
  0.6840220E+01  0.1713551E+01  0.1409484E+02
  0.9228964E+01  0.1785604E+02  0.1220530E+02
  0.2038331E+02  0.1896596E+01  0.2132444E+02
  0.1780538E+02  0.7611079E+01  0.9396187E+00
  0.1649032E+02  0.1755206E+02  0.9652912E+01
  0.1444451E+02  0.1838534E+02  0.3002472E+01
  0.1889594E+02  0.5701058E+01  0.7769273E+01
  0.9601496E+01  0.1658002E+01  0.1129267E+02
  0.1675608E+02  0.2140758E+02  0.1276984E+02
  0.3995503E+02  0.2490651E+01  0.9496108E+00
  0.1546576E+02  0.5085402E+01  0.1919136E+02
  0.1699462E+02  0.1432440E+02  0.6571547E+01
  0.1858164E+02  0.5676987E+01  0.1124414E+02
  0.2773210E+02  0.1734912E+02  0.9473768E+01
  0.2590859E+02  0.1491868E+02  0.1312455E+02
  0.2724633E+02  0.9097344E+01  0.9372927E+01
  0.1086051E+02  0.1365198E+02  0.1640920E+02
  0.4387312E+00  0.3176270E+01  0.1029920E+02
  0.2847634E+01  0.5835795E+01  0.1036547E+02
  0.2580953E+01  0.2927221E+01  0.1284186E+02
  0.6511097E+02  0.5889171E+01  0.1282389E+02
  0.1484160E+01  0.4554572E+01  0.1178810E+02
  0.4286040E+01  0.7103540E+01  0.1144963E+02
  0.3722302E+01  0.4301216E+01  0.1417377E+02
  0.1311213E+01  0.7126518E+01  0.1442737E+02
  0.5448841E+01  0.3159686E+01  0.1013332E+02
  0.8334505E+01  0.5806578E+01  0.1026649E+02
  0.8259211E+01  0.3081239E+01  0.1274027E+02
  0.5361391E+01  0.5726847E+01  0.1300817E+02
  0.6787888E+01  0.4385826E+01  0.1156174E+02
  0.9641173E+01  0.6925564E+01  0.1175869E+02
  0.9724789E+01  0.3002173E+01  0.1458896E+02
  0.6772717E+01  0.7026295E+01  0.1443457E+02
  0.1058231E+02  0.3484927E+01  0.9701620E+01
  0.2053020E+02  0.4976260E+01  0.1385291E+02
  0.1523185E+02  0.1935200E+01  0.3344623E+01
  0.1061837E+02  0.5042688E+01  0.1265665E+02
  0.1313860E+02  0.1194243E+02  0.5380009E+01
  0.2326735E+02  0.2726247E+01  0.1917925E+02
  0.1036341E+02  0.7707912E+01  0.1560136E+02
  0.1596849E+02  0.1445803E+02  0.3200955E+01
  0.9514366E+01  0.1992905E+02  0.1889968E+02
  0.1254898E+02  0.1593549E+02  0.4824613E+00
  0.2362250E+02  0.4888142E+01  0.1815108E+02
  0.1164951E+02  0.1488960E+02  0.3395632E+01
  0.2753990E+02  0.4172134E+01  0.1199574E+02
  0.1095522E+02  0.5765948E+01  0.6930143E+01
  0.1254686E+02  0.1833925E+01  0.2046649E+02
  0.1705454E+02  0.6805088E+01  0.6288757E+01
  0.4893359E+00  0.8686474E+01  0.1026640E+02
  0.3142741E+01  0.1143940E+02  0.1019446E+02
  0.2780064E+01  0.8429944E+01  0.1292341E+02
  0.6512051E+02  0.1134270E+02  0.1291159E+02
  0.1610825E+01  0.1009545E+02  0.1159769E+02
  0.4305438E+01  0.1251750E+02  0.1182422E+02
  0.4074149E+01  0.9592002E+01  0.1446432E+02
  0.1524950E+01  0.1251654E+02  0.1420384E+02
  0.5959569E+01  0.8338985E+01  0.1012077E+02
  0.8301352E+01  0.1115844E+02  0.1034288E+02
  0.8177736E+01  0.8314213E+01  0.1313541E+02
  0.5442138E+01  0.1100039E+02  0.1315325E+02
  0.6937581E+01  0.9818696E+01  0.1178205E+02
  0.1237245E+02  0.9439658E+01  0.1191407E+02
  0.9439521E+01  0.9790811E+01  0.1455568E+02
  0.6981248E+01  0.1268050E+02  0.1410813E+02
  0.2721885E+02  0.1205184E+02  0.5600630E+01
  0.1412273E+02  0.3846929E+01  0.2105870E+02
  0.2902976E+02  0.2134025E+02  0.6640542E+00
  0.1684413E+02  0.1061380E+02  0.1389055E+02
  0.2130803E+02  0.1985323E+02  0.2503262E+01
  0.2439694E+02  0.9812515E+01  0.1814767E+00
  0.9119403E+01  0.3626197E+01  0.3559273E+01
  0.1517244E+02  0.2902867E+01  0.1785759E+02
  0.1358841E+02  0.6195865E+01  0.3426329E+00
  0.3064815E+02  0.2141880E+02  0.7938789E+01
  0.3000652E+02  0.8594433E+01  0.1756093E+02
  0.1722221E+02  0.9283578E+01  0.1609599E+02
  0.4111762E+02  0.7374506E+01  0.1878743E+02
  0.3394237E+02  0.6966829E+01  0.1995377E+01
  0.4254431E+02  0.1267228E+02  0.2051476E+02
  0.1562202E+02  0.4193289E+01  0.3076703E+01
  0.6492719E+02  0.1424880E+02  0.9937517E+01
  0.3091314E+01  0.1678769E+02  0.1014826E+02
  0.2816781E+01  0.1393593E+02  0.1294203E+02
  0.2937670E+00  0.1655874E+02  0.1298682E+02
  0.1599742E+01  0.1500871E+02  0.1139271E+02
  0.4429546E+01  0.1799929E+02  0.1168905E+02
  0.3983161E+01  0.1524407E+02  0.1422303E+02
  0.1459098E+01  0.1802117E+02  0.1429091E+02
  0.5490649E+01  0.1398411E+02  0.1023058E+02
  0.1058228E+02  0.4933010E+00  0.7024256E+01
  0.8532134E+01  0.1404505E+02  0.1280915E+02
  0.5696652E+01  0.1661132E+02  0.1326254E+02
  0.6924922E+01  0.1516902E+02  0.1159332E+02
  0.2718645E+02  0.2016585E+02  0.1675488E+01
  0.1535560E+02  0.1880017E+02  0.1638895E+02
  0.6545786E+01  0.1830699E+02  0.1472248E+02
  0.1642373E+02  0.1975093E+02  0.2696694E+01
  0.2403706E+02  0.1356483E+02  0.2030356E+02
  0.1667880E+02  0.9038280E+01  0.7268435E+01
  0.1203132E+02  0.1744997E+02  0.1724639E+02
  0.2093349E+02  0.1284946E+02  0.9899006E+01
  0.2307098E+02  0.1868546E+02  0.3966399E+01
  0.2537862E+02  0.1207674E+02  0.3533354E-01
  0.1054077E+02  0.1464910E+02  0.1413679E+02
  0.1141434E+02  0.1991960E+02  0.9090442E+01
  0.2856722E+02  0.8877725E+01  0.2793187E+01
  0.9413424E+01  0.2013872E+02  0.1467330E+02
  0.2137564E+02  0.1329446E+02  0.1288546E+02
  0.1518509E+02  0.2188099E+01  0.1043800E+02
  0.2217089E+02  0.1513134E+02  0.7493025E+01
  0.2085519E+02  0.3069854E+01  0.3727390E+01
  0.2136842E+02  0.3488494E+01  0.1300059E+01
  0.1761640E-01  0.1919701E+02  0.1562125E+02
  0.2613865E+01  0.2031329E+00  0.1557424E+02
  0.2666868E+01  0.1947117E+02  0.1850720E+02
  0.7023818E-02  0.4205348E+00  0.1823836E+02
  0.1146085E+01  0.2068924E+02  0.1699204E+02
  0.4166967E+01  0.1548741E+01  0.1693060E+02
  0.4087508E+01  0.2081408E+02  0.1977250E+02
  0.1315226E+01  0.1819986E+01  0.1985063E+02
  0.4930338E+01  0.1965029E+02  0.1596123E+02
  0.7976971E+01  0.4342177E-01  0.1543367E+02
  0.7860763E+01  0.1915690E+02  0.1774295E+02
  0.5617002E+01  0.4675369E+00  0.1855451E+02
  0.6509526E+01  0.2081946E+02  0.1706110E+02
  0.2159013E+02  0.9830276E+01  0.1953201E+02
  0.9322552E+01  0.1656929E+01  0.1657535E+02
  0.7042856E+01  0.1764846E+01  0.1977244E+02
  0.1936051E+02  0.2641542E+01  0.1175715E+02
  0.1456601E+02  0.1139418E+01  0.1945760E+02
  0.3913293E+02  0.9951754E+00  0.6364331E+01
  0.2691756E+02  0.5163605E+01  0.1391874E+02
  0.1895123E+02  0.1502232E+02  0.2759744E+01
  0.1599498E+02  0.1961167E+02  0.5137222E+01
  0.1178811E+02  0.1832224E+02  0.3545167E+00
  0.1381182E+02  0.3575414E+01  0.1371486E+02
  0.1812483E+02  0.5410289E+01  0.1340995E+01
  0.1591369E+02  0.6713020E+01  0.2108074E+02
  0.2296953E+02  0.1899098E+02  0.8872886E+01
  0.2634734E+02  0.8346698E+01  0.5465625E+00
  0.1190751E+02  0.1196600E+02  0.1219532E+02
  0.4547046E+02  0.1059827E+02  0.2061360E+02
  0.1864460E+02  0.3932437E+01  0.9705835E+01
  0.1504306E+02  0.7116542E+01  0.1941164E+01
  0.6513991E+02  0.3118032E+01  0.1555108E+02
  0.2510287E+01  0.5653048E+01  0.1566516E+02
  0.2635339E+01  0.2872479E+01  0.1827259E+02
  0.6512226E+02  0.5946901E+01  0.1842159E+02
  0.1038238E+01  0.4332459E+01  0.1718061E+02
  0.3855411E+01  0.7134436E+01  0.1699989E+02
  0.3728582E+01  0.4215898E+01  0.1969509E+02
  0.1375313E+01  0.7299602E+01  0.1989124E+02
  0.5320077E+01  0.3021930E+01  0.1536128E+02
  0.8077719E+01  0.5688206E+01  0.1599955E+02
  0.8071298E+01  0.3057634E+01  0.1801038E+02
  0.5171366E+01  0.5603342E+01  0.1844098E+02
  0.6416384E+01  0.4287751E+01  0.1687490E+02
  0.1118742E+02  0.2746373E+01  0.7032567E+00
  0.1098157E+02  0.5413080E+01  0.1802207E+02
  0.6567303E+01  0.6632336E+01  0.2008677E+02
  0.2118464E+02  0.6731500E+00  0.1545353E+02
  0.1948835E+02  0.2121841E+02  0.1461179E+01
  0.1299592E+02  0.2005545E+02  0.1405745E+02
  0.1229274E+02  0.2073948E+01  0.1447323E+02
  0.2430307E+02  0.1097344E+02  0.1557756E+02
  0.1036856E+02  0.1462779E+02  0.5424873E+00
  0.1798212E+02  0.3687516E+01  0.3127460E+01
  0.1028881E+02  0.5270488E+01  0.1497088E+02
  0.2368678E+02  0.1052752E+01  0.3703060E+01
  0.2670260E+02  0.1820506E+02  0.7347171E+01
  0.9913479E+01  0.1053667E+02  0.2072249E+02
  0.2776299E+02  0.2125092E+02  0.1149454E+02
  0.2109084E+02  0.5318436E+01  0.1144736E+02
  0.1591194E+02  0.1119142E+02  0.1699142E+02
  0.1605268E+02  0.7722907E+01  0.1226921E+02
  0.2926472E+02  0.1891703E+02  0.4403560E+01
  0.1281295E+00  0.8518989E+01  0.1574562E+02
  0.2973212E+01  0.1128521E+02  0.1563156E+02
  0.2715450E+01  0.8646240E+01  0.1842090E+02
  0.4597577E-01  0.1116993E+02  0.1821501E+02
  0.1622489E+01  0.9838182E+01  0.1700057E+02
  0.4100752E+01  0.1253107E+02  0.1691234E+02
  0.4092563E+01  0.1007087E+02  0.1974565E+02
  0.1206177E+01  0.1254031E+02  0.1942827E+02
  0.5533238E+01  0.8302409E+01  0.1574953E+02
  0.8045462E+01  0.1119477E+02  0.1570268E+02
  0.8512794E+01  0.7858413E+01  0.1703750E+02
  0.5500641E+01  0.1130241E+02  0.1824682E+02
  0.6891016E+01  0.9779202E+01  0.1714901E+02
  0.7989866E+01  0.1390621E+02  0.1874271E+02
  0.1110234E+02  0.1307887E+02  0.1976013E+01
  0.6729486E+01  0.1221915E+02  0.1986455E+02
  0.1654675E+02  0.1581631E+02  0.1150841E+02
  0.2242687E+02  0.2021320E+02  0.1092220E+02
  0.2012913E+02  0.1830660E+02  0.1760500E+02
  0.1177552E+02  0.1152395E+02  0.2546238E+00
  0.1673220E+02  0.5278290E+01  0.1648877E+02
  0.1897510E+02  0.1092476E+02  0.1705371E+02
  0.1837513E+02  0.1198362E+02  0.1923715E+02
  0.2745928E+02  0.9665425E+01  0.1469503E+02
  0.1164903E+02  0.1175341E+01  0.1230889E+02
  0.2250367E+02  0.1269540E+02  0.7039326E+01
  0.2816252E+02  0.7654177E+01  0.1343995E+02
  0.2034970E+02  0.1011200E+02  0.7898304E+01
  0.2285816E+02  0.8270011E+01  0.9412586E+01
  0.1200216E+02  0.4910927E+01  0.1057455E+02
  0.3027180E+02  0.2060898E+02  0.2049143E+02
  0.2127030E+02  0.1021670E+02  0.1008679E+02
  0.4620616E-03  0.1374487E+02  0.1560933E+02
  0.2789202E+01  0.1661704E+02  0.1554079E+02
  0.2531873E+01  0.1380562E+02  0.1796170E+02
  0.6503124E+02  0.1675094E+02  0.1842873E+02
  0.1136925E+01  0.1559204E+02  0.1684691E+02
  0.3909503E+01  0.1786521E+02  0.1726630E+02
  0.3978448E+01  0.1518099E+02  0.1957167E+02
  0.1438216E+01  0.1798438E+02  0.1977787E+02
  0.5537344E+01  0.1397359E+02  0.1555140E+02
  0.8040790E+01  0.1737403E+02  0.1630694E+02
  0.9249522E+01  0.1225416E+02  0.1741778E+02
  0.5578637E+01  0.1646684E+02  0.1850300E+02
  0.6981618E+01  0.1529927E+02  0.1702946E+02
  0.1040168E+02  0.1816389E+02  0.1548199E+02
  0.1323475E+02  0.1378262E+02  0.1737959E+02
  0.7010561E+01  0.1801864E+02  0.1977780E+02
  0.1385670E+02  0.7886417E+01  0.1311221E+02
  0.1645630E+02  0.1600335E+02  0.1657864E+01
  0.1359422E+02  0.1044860E+02  0.1010943E+02
  0.1203960E+02  0.4218724E+01  0.1600783E+02
  0.3048224E+02  0.6052449E+01  0.3331032E+01
  0.2105122E+02  0.2130308E+02  0.2121609E+02
  0.2563775E+02  0.5373901E+00  0.1708187E+02
  0.2281992E+02  0.1493395E+02  0.1839754E+02
  0.1009794E+02  0.1070232E+02  0.6895621E+01
  0.1090293E+02  0.2082352E+02  0.1313623E+02
  0.1254279E+02  0.8276960E+01  0.1663809E+02
  0.1959255E+02  0.8539431E+00  0.3468682E+01
  0.1680466E+02  0.8637096E+01  0.4781758E+01
  0.2000986E+02  0.7604879E+01  0.2047658E+02
  0.1796499E+02  0.1482569E+02  0.9641100E+01
  0.1731079E+02  0.1457118E+02  0.1195562E+00
  0.4040680E+02  0.1803167E+02  0.1519838E+02
  0.3913159E+02  0.1515994E+01  0.1610094E+02
  0.1770228E+02  0.1223804E+02  0.1530907E+02
  0.2801098E+02  0.8320124E+01  0.1906356E+02
  0.4558277E+02  0.9679003E+01  0.4430708E+01
  0.4336945E+02  0.4057656E+01  0.2059537E+02
  0.4853334E+02  0.1658395E+01  0.1610135E+02
  0.3841945E+02  0.1862939E+02  0.1748859E+02
  0.4506474E+02  0.4820436E+01  0.1974560E+01
  0.2211397E+02  0.1509076E+02  0.5259494E+01
  0.2084993E+02  0.9378689E+01  0.1721087E+02
  0.3646039E+02  0.8333499E+01  0.1145443E+02
  0.3022557E+02  0.1969623E+01  0.2093643E+02
  0.4442511E+02  0.8321899E+01  0.2073134E+02
  0.3468117E+02  0.5155346E+01  0.1035113E+02
  0.4112556E+02  0.1733496E+02  0.5794147E+01
  0.2828364E+02  0.7588877E+01  0.1063197E+02
  0.3575286E+02  0.1797579E+02  0.1545713E+02
  0.4364805E+02  0.1772859E+01  0.1656844E+02
  0.1208203E+02  0.1911623E+02  0.6871598E+01
  0.3300534E+02  0.9866384E+01  0.1640331E+02
  0.3530914E+02  0.5044839E+01  0.2201810E+01
  0.3085962E+02  0.9667271E+01  0.9921960E+01
  0.1787083E+02  0.1939620E+02  0.8607983E+00
  0.5148654E+02  0.1557880E+02  0.2150360E+02
  0.1387344E+02  0.7745115E+00  0.1532481E+02
  0.2980919E+02  0.6374838E+01  0.1238530E+02
  0.3924217E+02  0.1049319E+01  0.2644694E+01
  0.2492991E+02  0.1397339E+02  0.1756985E+02
  0.3620287E+02  0.1280034E+02  0.1083893E+02
  0.4544930E+02  0.1585096E+02  0.1929489E+02
  0.3016558E+02  0.3264037E+01  0.1883174E+02
  0.3515076E+02  0.5595153E+01  0.4372229E+01
  0.3824054E+02  0.8209781E+01  0.2089047E+02
  0.3796561E+02  0.1438699E+01  0.1408283E+02
  0.2277576E+02  0.1987311E+02  0.4814640E+00
  0.5228159E+02  0.6423049E+01  0.3761547E+01
  0.2833146E+02  0.1417707E+02  0.1144982E+02
  0.2971163E+02  0.1128383E+02  0.1295899E+02
  0.3545040E+02  0.6337751E+01  0.1983695E+02
  0.4168806E+02  0.2974528E+01  0.2500334E+01
  0.4944485E+02  0.8689231E+01  0.3953662E+01
  0.2996147E+02  0.1448564E+02  0.6598963E+01
  0.2834908E+02  0.2429873E+01  0.1643175E+02
  0.3369996E+02  0.6956623E+01  0.1418293E+02
  0.3018026E+02  0.8797326E+01  0.8232563E+00
  0.2095768E+02  0.1211636E+01  0.1053230E+02
  0.3199846E+02  0.9415252E+01  0.4508029E+01
  0.4212544E+02  0.7730711E+01  0.5318945E+01
  0.3844971E+02  0.3918566E+01  0.1380438E+02
  0.3851284E+02  0.1048407E+02  0.1972480E+02
  0.1973742E+02  0.7377802E+01  0.1700466E+02
  0.3266631E+02  0.1941847E+02  0.1650033E+02
  0.2301766E+02  0.3853854E+01  0.2121822E+02
  0.3371173E+02  0.7684437E+00  0.1839772E+02
  0.3266918E+02  0.1724924E+02  0.8712966E+00
  0.2328034E+02  0.6118703E+00  0.1139338E+02
  0.4609581E+02  0.8883162E+01  0.4784590E+00
  0.3650569E+02  0.3926247E+01  0.1530231E+02
  0.3155370E+02  0.3648544E+00  0.5690786E+00
  0.2014079E+02  0.1707605E+02  0.1466253E+02
  0.3547823E+02  0.7693192E+01  0.5617947E+01
  0.1634695E+02  0.7820154E+01  0.1756836E+02
  0.4920184E+02  0.1533583E+02  0.1093381E+02
  0.2485087E+02  0.6139700E+00  0.9578703E+01
  0.2157725E+02  0.7643540E+01  0.1170831E+02
  0.1882761E+02  0.1558226E+02  0.2021518E+02
  0.1450984E+02  0.1842931E+02  0.6584028E+01
  0.2880114E+02  0.1781658E+02  0.2042692E+02
  0.1891579E+02  0.5589048E+01  0.2069930E+02
  0.3431713E+02  0.1354027E+02  0.1418008E+02
  0.3198250E+02  0.3194081E+00  0.1986617E+02
  0.4076106E+02  0.2822352E+01  0.1386387E+02
  0.2488013E+02  0.6165414E+01  0.1516686E+02
  0.2404926E+02  0.1899943E+02  0.1238385E+02
  0.1756086E+02  0.1433721E+02  0.1284547E+02
  0.1929314E+02  0.1232787E+02  0.2847884E+01
  0.3925779E+02  0.4187216E+01  0.7958967E+01
  0.3347656E+02  0.1582496E+02  0.6203658E+01
  0.3395405E+02  0.1511157E+02  0.8688961E+01
  0.3124554E+02  0.1568109E+02  0.2000366E+01
  0.2164841E+02  0.1814806E+02  0.1206097E+02
  0.3197336E+02  0.1194435E+02  0.7527146E+01
  0.2983077E+02  0.1297506E+02  0.3576209E+01
  0.4342485E+02  0.6573623E+01  0.1987970E+01
  0.2783662E+02  0.4766660E+01  0.4327589E+01
  0.2686502E+02  0.1125441E+02  0.7990158E+01
  0.3826069E+02  0.6379507E+01  0.1421069E+02
  0.1176430E+02  0.1440942E+02  0.8377711E+01
  0.3679412E+02  0.5950063E+01  0.1102785E+02
  0.4958756E+02  0.9363258E+01  0.8392803E+00
  0.3457821E+02  0.8920004E+01  0.9968462E+01
  0.3756939E+02  0.2791873E+01  0.2009269E+02
  0.5191935E+02  0.4043529E+01  0.4283820E+01
  0.3800231E+02  0.6698320E+01  0.5716585E+01
  0.2152807E+02  0.7218693E+01  0.1863015E+02
  0.2277343E+02  0.2546184E+01  0.5406595E+01
  0.2340724E+02  0.1713718E+02  0.5742861E+01
  0.1896805E+02  0.1958593E+02  0.1579610E+02
  0.2814336E+02  0.1594141E+02  0.1310024E+02
  0.3419308E+02  0.8695361E+01  0.3834925E+01
  0.2642060E+02  0.1977083E+02  0.1254983E+02
  0.2568605E+02  0.9781299E+00  0.9886116E+00
  0.2815205E+02  0.6633797E+01  0.2526527E+01
  0.3325183E+02  0.8383583E+01  0.1203099E+02
  0.2681300E+02  0.2068412E+02  0.1566684E+02
  0.4642421E+02  0.2931019E+01  0.1015157E+02
  0.4057552E+02  0.1414526E+02  0.2099300E+02
  0.4450128E+02  0.1400631E+02  0.1291426E+02
  0.2447700E+02  0.1597654E+01  0.1326932E+02
  0.2460134E+02  0.6952649E+01  0.1914832E+02
  0.5119620E+02  0.1504781E+02  0.1573220E+02
  0.2450467E+02  0.1734895E+02  0.7917841E+01
  0.2918517E+02  0.1069629E+02  0.6251838E+01
  0.2676746E+02  0.1635668E+01  0.1231407E+02
  0.2960942E+02  0.1958986E+02  0.1151684E+02
  0.4149462E+02  0.1968131E+02  0.9467761E+01
  0.1643846E+02  0.1376330E+01  0.5293319E+01
  0.4515052E+02  0.1885085E+02  0.8002263E+01
  0.4600592E+02  0.7133336E-01  0.2081509E+02
  0.2585806E+02  0.7699571E+01  0.4946820E+01
  0.4729375E+02  0.9256191E+00  0.1104705E+02
  0.2763899E+02  0.1213056E+02  0.1176155E+02
  0.3988973E+02  0.6067483E+01  0.1707531E+02
  0.3691569E+02  0.6038072E+00  0.1711810E+01
  0.2928998E+02  0.1483105E+02  0.1470680E+02
  0.2118154E+02  0.1737647E+01  0.1902545E+02
  0.2173801E+02  0.4994666E+01  0.1959172E+02
  0.1094688E+02  0.1810543E+02  0.4733238E+01
  0.3468521E+02  0.1584035E+02  0.1089978E+02
  0.2366098E+02  0.1603439E+02  0.1344538E+02
  0.1141996E+02  0.1116384E+02  0.3544983E+01
  0.3332668E+02  0.1018123E+02  0.2150552E+02
  0.2998700E+02  0.8903809E+00  0.1386957E+02
  0.5396028E+02  0.1534982E+02  0.1055108E+02
  0.1478615E+02  0.9473852E+01  0.1401708E+01
  0.1296921E+02  0.5388543E+01  0.1956441E+02
  0.4392965E+02  0.2124159E+02  0.4783740E+01
  0.3638541E+02  0.2028179E+02  0.1735527E+02
  0.2710548E+02  0.1485063E+02  0.9687303E+01
  0.1187521E+02  0.2146194E+01  0.8254878E+01
  0.5241039E+02  0.1818477E+02  0.6202530E+01
  0.3546443E+02  0.7488945E+01  0.1760359E+02
  0.3037247E+02  0.1937676E+02  0.1699097E+01
  0.1393100E+02  0.1365378E+02  0.3944225E+01
  0.4511391E+02  0.2042047E+00  0.1760605E+02
  0.3398875E+02  0.4987986E+01  0.1663358E+02
  0.3392660E+02  0.1333198E+02  0.2943923E+00
  0.3431462E+02  0.4806151E+01  0.1268994E+02
  0.3176759E+02  0.1865971E+02  0.2070346E+02
  0.3970330E+02  0.1196339E+02  0.1250453E+02
  0.2513944E+02  0.7995970E+01  0.2556963E+01
  0.1638751E+02  0.5281709E+00  0.2077017E+01
  0.3813765E+02  0.1931238E+02  0.1357845E+02
  0.1542662E+02  0.6540825E+01  0.8789145E+01
  0.3017829E+02  0.1673870E+02  0.4148420E+01
  0.3435818E+02  0.2065832E+02  0.3520297E+01
  0.3081875E+02  0.1818414E+02  0.8131789E+01
  0.4222126E+02  0.1122791E+02  0.1864372E+02
  0.3323779E+02  0.1726331E+02  0.1413720E+02
  0.2684894E+02  0.7619550E+01  0.7452945E+01
  0.1768734E+02  0.1232064E+02  0.1056628E+01
  0.1657714E+02  0.1046349E+02  0.1994890E+02
  0.2998539E+02  0.4163893E+01  0.4696387E+01
  0.5072854E+02  0.1383120E+01  0.1170972E+02
  0.3474055E+02  0.1115337E+02  0.1287098E+02
  0.2646316E+02  0.8695898E+01  0.1631088E+02
  0.3334586E+02  0.1399200E+02  0.4579655E+01
  0.3874662E+02  0.1559554E+02  0.2314545E+01
  0.3715631E+02  0.5972947E+01  0.1413130E+01
  0.3595101E+02  0.1972814E+02  0.1026320E+02
  0.2630305E+02  0.4336419E+00  0.3863964E+01
  0.3438757E+02  0.1780408E+02  0.9509531E+01
  0.2994365E+02  0.1152490E+02  0.8624154E+01
  0.3141691E+02  0.1671219E+02  0.6304079E+01
  0.4404767E+02  0.1521519E+02  0.1724198E+02
  0.2252527E+02  0.2031798E+02  0.1635047E+02
  0.2077150E+02  0.1655599E+02  0.9003588E+01
  0.4266299E+02  0.5365231E+01  0.1869749E+02
  0.4970890E+02  0.1004659E+02  0.5883266E+01
  0.2381081E+02  0.1527198E+02  0.3826123E+00
  0.3715617E+02  0.1360826E+02  0.8280795E+00
  0.2626736E+02  0.2666950E+01  0.2670417E+01
  0.3715176E+02  0.9222049E+01  0.5742557E+01
  0.3910747E+02  0.1865909E+02  0.5518033E+01
  0.1709759E+02  0.1587305E+02  0.4747188E+01
  0.2061204E+02  0.3095462E+01  0.1512473E+02
  0.1444609E+02  0.1377268E+02  0.6466465E+01
  0.4495014E+02  0.1984514E+02  0.3177376E+01
  0.2357745E+02  0.1268974E+02  0.1394579E+02
  0.3344866E+02  0.1080469E+01  0.8798425E+01
  0.1808257E+02  0.8876319E+01  0.1128605E+02
  0.3877703E+02  0.6805715E+01  0.7958403E+01
  0.3656032E+02  0.2115992E+02  0.1343279E+02
  0.4850982E+02  0.1232076E+02  0.7041844E+01
  0.3316721E+02  0.2962042E+01  0.1558026E+02
  0.1480294E+02  0.2147502E+02  0.5866617E+01
  0.3052321E+02  0.1401797E+02  0.1043240E+02
  0.2105244E+02  0.1483939E+02  0.1655837E+01
  0.3232094E+02  0.1464111E+02  0.1167188E+02
  0.3161233E+02  0.1438300E+02  0.8298500E+01
  0.4451110E+02  0.6585679E+01  0.6083581E+01
  0.2092312E+02  0.1520329E+02  0.2088922E+02
  0.3974492E+02  0.1188346E+01  0.1261717E+02
  0.2398203E+02  0.1858037E+02  0.1950884E+02
  0.3216878E+02  0.1336375E+02  0.1516852E+02
  0.1986563E+02  0.1417670E+02  0.4682426E+01
  0.4075292E+02  0.1616884E+02  0.1050403E+02
  0.5090461E+02  0.1753895E+02  0.3436551E+01
  0.5390160E+02  0.1689346E+02  0.1455481E+02
  0.2920980E+02  0.8363355E+01  0.6610591E+01
  0.3843492E+02  0.7778899E+01  0.1594833E+02
  0.4552880E+02  0.2033485E+02  0.1580118E+02
  0.4167029E+02  0.1506992E+02  0.1628753E+02
  0.1673376E+02  0.1981070E+02  0.1463308E+02
  0.4528603E+02  0.3592045E+01  0.1590447E+02
  0.3216011E+02  0.9771119E+01  0.1976499E+01
  0.4798667E+02  0.6523686E+01  0.7837300E+01
  0.4121440E+02  0.4525618E+01  0.1539570E+02
  0.3674652E+02  0.2236628E+01  0.1661465E+02
  0.2732015E+02  0.3074438E+01  0.6324060E+01
  0.2355182E+02  0.6081523E+01  0.1179594E+02
  0.3205739E+02  0.2085647E+02  0.9734125E+01
  0.3203934E+02  0.1207980E+02  0.2144525E+02
  0.2355890E+02  0.7391506E+01  0.2146238E+02
  0.3898947E+02  0.2469257E+01  0.4543578E+01
  0.2002913E+02  0.2070144E+02  0.1102411E+02
  0.1955530E+02  0.1482654E+02  0.1375378E+02
  0.1037500E+02  0.1289866E+02  0.4784120E+01
  0.2274634E+02  0.1186002E+02  0.1928589E+02
  0.4612373E+02  0.1256787E+02  0.1886675E+02
  0.3721531E+02  0.1555007E+02  0.2077695E+02
  0.2052558E+02  0.1308155E+02  0.1984005E+02
  0.2757652E+02  0.1451372E+02  0.6389916E+01
  0.4602268E+02  0.1709353E+02  0.1269753E+02
  0.3641532E+02  0.1507686E+02  0.6135975E+01
  0.1226082E+02  0.1780651E+02  0.9735007E+01
  0.2576036E+02  0.1661029E+02  0.1225393E+01
  0.3287572E+02  0.8964926E+01  0.1967967E+02
  0.2807960E+02  0.1046614E+01  0.5151435E+01
  0.2360047E+02  0.2152347E+02  0.1810328E+02
  0.3587427E+02  0.2564687E+01  0.2469141E+01
  0.4156510E+02  0.1823243E+02  0.1149826E+02
  0.2512567E+02  0.2029688E+02  0.5260403E+01
  0.1239249E+02  0.2107436E+02  0.5498421E+01
  0.2981141E+02  0.1630594E+02  0.9476115E+01
  0.2186217E+02  0.4800968E+01  0.4828337E+01
  0.2293703E+02  0.1643788E+02  0.2020317E+02
  0.1361589E+02  0.1353351E+02  0.9709119E+01
  0.2509801E+02  0.1529060E+01  0.2047811E+02
  0.2783033E+02  0.1609269E+01  0.2156369E+02
  0.3938010E+02  0.1062138E+02  0.2565401E+01
  0.3282697E+02  0.1101799E+02  0.1432795E+02
  0.4670516E+02  0.1703638E+02  0.1730242E+02
  0.2811697E+02  0.1315052E+02  0.8428915E+01
  0.3461323E+02  0.1651805E+02  0.2400338E+01
  0.1765845E+02  0.7071838E+01  0.9500545E+01
  0.4376751E+02  0.1335331E+00  0.1973859E+02
  0.1292393E+02  0.1363305E+01  0.3134077E+01
  0.5056500E+02  0.1696096E+02  0.8709993E+01
  0.3422378E+02  0.7996243E+01  0.7589370E+01
  0.3403419E+02  0.1997507E+02  0.1830642E+02
  0.1305158E+02  0.2152195E+02  0.1758448E+02
  0.1986437E+02  0.8835059E+01  0.1314766E+02
  0.4042295E+02  0.6157923E+01  0.6118818E+01
  0.4354524E+02  0.1670448E+02  0.2940215E+01
  0.2088029E+02  0.4834387E+01  0.9072012E+01
  0.3901067E+02  0.9886298E+01  0.1668595E+02
  0.4478666E+02  0.6751100E+01  0.1889286E+02
  0.3449074E+02  0.2109645E+02  0.1567317E+02
  0.3660851E+02  0.1628581E+02  0.1241293E+02
  0.2379947E+02  0.1467420E+02  0.1552662E+02
  0.3887614E+02  0.4600441E+01  0.1152838E+02
  0.4988962E+02  0.4970208E+01  0.1363416E+02
  0.2486614E+02  0.1601271E+02  0.9945257E+01
  0.4341188E+02  0.1235216E+02  0.2632260E+01
  0.4395357E+02  0.8611239E+01  0.3065800E+01
  0.4306596E+02  0.1091855E+02  0.7390893E+01
  0.3139063E+02  0.9627367E+01  0.1299565E+02
  0.4819558E+02  0.1709349E+02  0.2034790E+02
  0.4198715E+02  0.1972461E+02  0.1426253E+02
  0.4405055E+02  0.9714002E+01  0.1874481E+02
  0.2190908E+02  0.8813047E+01  0.2752576E+01
  0.2720978E+02  0.3166893E+00  0.7280776E+01
  0.1056866E+02  0.1613006E-01  0.1778263E+02
  0.1627822E+02  0.4564600E+01  0.2150542E+02
  0.2509277E+02  0.8938972E+01  0.1032720E+02
  0.4322771E+02  0.1929302E+02  0.5535411E+00
  0.2086242E+02  0.8298853E+01  0.6490247E+01
  0.3810281E+02  0.1346028E+02  0.1746099E+02
  0.2346937E+02  0.4828641E+01  0.7831842E+01
  0.2274133E+02  0.1302920E+02  0.1132831E+01
  0.5242638E+02  0.4687543E+01  0.2142425E+02
  0.3390852E+02  0.1837079E+02  0.3791914E+01
  0.4705261E+02  0.1146600E+00  0.1487020E+02
  0.3199783E+02  0.5159643E+01  0.1261734E+02
  0.2794412E+02  0.1420996E+02  0.1636880E+02
  0.1753831E+02  0.1944649E+02  0.2015207E+02
  0.2841651E+02  0.5874575E+01  0.7918553E+01
  0.1768472E+02  0.3594725E+01  0.1785843E+02
  0.3563867E+02  0.1690026E+02  0.1986934E+02
  0.2051647E+02  0.5809781E+01  0.1201692E+01
  0.4273999E+02  0.1145371E+02  0.1073325E+02
  0.3168489E+02  0.3657767E+01  0.4255737E+00
  0.2848181E+02  0.1819459E+02  0.2229044E+01
  0.1657475E+02  0.1702317E+02  0.1704722E+02
  0.3152902E+02  0.1295349E+02  0.5296135E+01
  0.3372069E+02  0.1975646E+02  0.3896648E-01
  0.3486852E+02  0.1033919E+02  0.7838685E+01
  0.4433404E+02  0.1675411E+02  0.1442646E+02
  0.3725316E+02  0.5038879E+01  0.2109957E+02
  0.1445542E+02  0.1855804E+02  0.9003733E+01
  0.4615829E+02  0.1561454E+02  0.5978723E+00
  0.4643837E+02  0.8673111E+01  0.1794792E+02
  0.4146047E+02  0.7981267E+01  0.2118599E+02
  0.3050705E+02  0.1177523E+02  0.1607512E+01
  0.5085680E+02  0.2003017E+02  0.4311622E+01
  0.3089595E+02  0.8721953E+01  0.1507440E+02
  0.3605639E+02  0.1320148E+02  0.1598497E+02
  0.3570146E+02  0.6360560E+01  0.1560634E+02
  0.2385923E+02  0.6429511E+01  0.1736451E+01
  0.2158903E+02  0.2149393E+02  0.4113432E+01
  0.4591824E+02  0.1547946E+02  0.1556380E+02
  0.2352100E+02  0.1050654E+02  0.5250056E+01
  0.3469202E+02  0.2060127E+02  0.6089848E+01
  0.2904552E+02  0.1858327E+02  0.1807474E+02
  0.3883747E+02  0.1465961E+02  0.5390023E+01
  0.1750843E+02  0.1787659E+02  0.1344509E+02
  0.2660697E+02  0.2043743E+02  0.9535490E+01
  0.4051544E+02  0.9773821E+01  0.1885454E+02
  0.2024046E+02  0.1145986E+02  0.1192342E+02
  0.3360554E+02  0.1600102E+02  0.2097555E+02
  0.2825048E+02  0.5811990E+01  0.1122698E+00
  0.2519721E+02  0.1063702E+02  0.1987470E+02
  0.3465831E+02  0.1447239E+02  0.1915459E+02
  0.3439726E+02  0.3844008E+01  0.6248138E+01
  0.4817190E+02  0.1225491E+02  0.2035499E+02
  0.2909165E+02  0.1427838E+02  0.2149133E+02
  0.4332844E+02  0.3674446E+01  0.7543165E+01
  0.3575695E+02  0.1058638E+02  0.4033879E+01
  0.3589932E+02  0.1306482E+02  0.2053177E+02
  0.1779969E+02  0.1200078E+02  0.1214360E+02
  0.2267476E+02  0.8983823E+01  0.1542284E+02
  0.2715019E+02  0.1934969E+02  0.2107797E+02
  0.2667958E+02  0.6711808E+01  0.2043224E+02
  0.4047239E+02  0.1227685E+02  0.1031925E+02
  0.4258850E+02  0.8514389E+01  0.7726101E+01
  0.3976558E+02  0.2097997E+01  0.8519325E+01
  0.1209238E+02  0.1637662E+02  0.1986351E+02
  0.4429891E+02  0.1388460E+02  0.1957034E+02
  0.1984151E+02  0.1439229E+02  0.8182511E+01
  0.4606825E+02  0.1054515E+02  0.2117576E+01
  0.2833920E+02  0.9672078E+01  0.2130850E+02
  0.2873172E+02  0.1508163E+02  0.3001489E+01
  0.2857033E+02  0.1309093E+02  0.1927983E+02
  0.2002834E+02  0.1816743E+02  0.3620827E+01
  0.1917326E+02  0.1857717E+02  0.1181038E+02
  0.3474948E+02  0.2816957E+01  0.1380199E+02
  0.3082477E+02  0.1355471E+02  0.1328957E+02
  0.1233487E+02  0.7875270E+01  0.2112365E+02
  0.4475913E+02  0.9063898E+01  0.7002418E+01
  0.9678817E+01  0.1749927E+02  0.6889762E+00
  0.2779607E+02  0.1206325E+02  0.2136863E+02
  0.3232647E+02  0.1738208E+02  0.1185400E+02
  0.1843430E+02  0.1852870E+01  0.1490693E+01
  0.4747909E+02  0.2084853E+02  0.7599052E+01
  0.2994092E+02  0.1051771E+02  0.3978543E+01
  0.2056867E+02  0.2111693E+02  0.6167081E+01
  0.3111808E+02  0.2124535E+02  0.1207689E+02
  0.3744961E+02  0.5107194E+01  0.3778814E+01
  0.4238094E+02  0.3670750E+01  0.1710987E+02
  0.1407318E+02  0.9517647E+01  0.6976281E+01
  0.4404572E+02  0.1694306E+02  0.7232825E+00
  0.5200833E+02  0.8116404E+01  0.1294272E+02
  0.5011017E+02  0.5279507E+00  0.4552894E+01
  0.2687188E+02  0.1854686E+02  0.4775842E+01
  0.5298050E+02  0.1162221E+02  0.1341172E+02
  0.3156648E+02  0.7225437E+01  0.1887760E+02
  0.2770612E+02  0.3281929E+01  0.1859144E+02
  0.1792701E+02  0.2384653E+01  0.8044014E+01
  0.3609050E+02  0.7850298E+01  0.1384632E+02
  0.3390212E+02  0.1379136E+01  0.3264478E+01
  0.3001559E+02  0.3895489E+01  0.1220989E+02
  0.2019846E+02  0.4351603E+01  0.6006921E+01
  0.3865352E+02  0.7112630E+01  0.1209596E+02
  0.3590105E+02  0.1912448E+02  0.2071594E+02
  0.2292219E+02  0.3501109E+01  0.1609379E+02
  0.2588368E+02  0.1167117E+02  0.1374345E+02
  0.2315423E+02  0.5224437E+01  0.1415862E+02
  0.2997117E+02  0.1714783E+02  0.1185123E+02
  0.4773981E+02  0.5652835E+01  0.1437256E+02
  0.3140759E+02  0.7494241E+01  0.1081542E+02
  0.4106618E+02  0.6383010E+01  0.1275726E+01
  0.3457368E+02  0.1948574E+02  0.1382793E+02
  0.3089241E+02  0.2055134E+02  0.3893842E+01
  0.5459804E+02  0.6293086E+00  0.1863569E+02
  0.3529148E+02  0.1785132E+02  0.1770389E+02
  0.1286522E+02  0.5781438E+01  0.1360936E+02
  0.3035716E+02  0.1675122E+01  0.1111088E+02
  0.4589782E+02  0.5031282E+01  0.1737829E+02
  0.4298678E+02  0.6561962E+01  0.1553180E+02
  0.1714918E+02  0.1061229E+02  0.1010668E+02
  0.2804342E+02  0.2088451E+02  0.1938599E+02
  0.4099803E+02  0.1219111E+02  0.2763976E+01
  0.3367943E+02  0.1269993E+02  0.1117321E+02
  0.1790537E+02  0.1955954E+02  0.6819527E+01
  0.4108635E+02  0.1073421E+02  0.5937140E+01
  0.5290523E+02  0.2094558E+02  0.1394191E+02
  0.3284303E+02  0.6593968E+00  0.1643623E+02
  0.2435423E+02  0.7862655E+01  0.1684776E+02
  0.4159505E+02  0.1722772E+02  0.1708585E+02
  0.3177482E+02  0.6041034E+01  0.1437767E+01
  0.1267201E+02  0.9070533E+01  0.1877807E+02
  0.2978971E+02  0.7611565E+01  0.8979235E+01
  0.2125433E+02  0.1110375E+02  0.1727161E+01
  0.2606716E+02  0.4783852E+01  0.1776879E+02
  0.2826100E+02  0.1636440E+02  0.8203890E+00
  0.1738053E+02  0.1611603E+01  0.1135316E+02
  0.3697033E+02  0.1124489E+02  0.1729571E+02
  0.4529114E+02  0.5976098E+01  0.1509439E+02
  0.5004609E+02  0.4135438E+01  0.2151662E+02
  0.3709522E+02  0.1133966E+02  0.2070823E+01
  0.4804935E+02  0.7205369E+01  0.2283890E+01
  0.2150011E+02  0.7340384E+01  0.1413744E+02
  0.3358699E+02  0.1214446E+01  0.6396730E+01
  0.3448461E+02  0.7762240E+01  0.2141430E+02
  0.4681559E+02  0.3754430E+01  0.1921937E+02
  0.4827092E+02  0.1597360E+02  0.1474873E+02
  0.1475316E+02  0.1448305E-01  0.1323777E+02
  0.2055097E+02  0.1103498E+02  0.2121163E+02
  0.2455311E+02  0.2111300E+02  0.1401663E+02
  0.1205799E+02  0.5097637E+01  0.4337485E+01
  0.1087949E+02  0.1075072E+02  0.1876082E+02
  0.2506876E+02  0.1858156E+02  0.2168135E+02
  0.2433645E+02  0.1364509E+02  0.1173498E+02
  0.2520574E+02  0.1766892E+02  0.1773174E+02
  0.4737224E+02  0.1151410E+01  0.6481614E+01
  0.2593312E+02  0.1121531E+02  0.1022248E+02
  0.3034732E+02  0.1691970E+01  0.4921389E+01
  0.2476752E+02  0.8436214E+01  0.1428655E+02
  0.3036654E+02  0.3165046E+01  0.2176398E+01
  0.2704660E+02  0.1644744E+02  0.1888002E+02
  0.3172629E+02  0.5052801E+01  0.1799877E+02
  0.4905470E+02  0.1477719E+02  0.2059595E+02
  0.3963737E+02  0.3802307E+01  0.1952277E+02
  0.3178238E+02  0.2167181E+02  0.5840947E+01
  0.3822202E+02  0.1668986E+02  0.4468919E+01
  0.4728176E+02  0.1924335E+02  0.1718111E+02
  0.3976567E+02  0.1719330E+02  0.1860495E+02
  0.3063456E+02  0.1288205E+01  0.1758147E+02
  0.4045576E+02  0.5247692E+01  0.9859818E+01
  0.9514063E+01  0.4208155E+01  0.1946847E+02
  0.4451902E+02  0.1807041E+02  0.1810775E+02
  0.1781987E+02  0.7536077E+01  0.1383225E+02
  0.1382548E+02  0.3363848E+00  0.1115039E+02
  0.2463153E+02  0.1934771E+00  0.7180203E+01
  0.1370827E+02  0.1601010E+02  0.6413907E+01
  0.3622569E+02  0.1100347E+02  0.1942873E+02
  0.1723862E+02  0.1377787E+02  0.1957469E+02
  0.2144051E+02  0.7860715E+01  0.6328668E+00
  0.3287370E+02  0.1432135E+02  0.1757423E+02
  0.2938676E+02  0.1681158E+02  0.1628941E+02
  0.3869080E+02  0.1157003E+02  0.1944434E+00
  0.1508294E+02  0.5392196E-01  0.4083213E-02
  0.4154112E+02  0.1858804E+02  0.1933649E+02
  0.1424180E+02  0.1684321E+02  0.1411282E+02
  0.2530340E+02  0.1942984E+02  0.3059863E+01
  0.4269420E+02  0.2215848E+01  0.5527151E+01
  0.2661643E+02  0.3601914E+01  0.1549604E+02
  0.2380882E+02  0.1465979E+02  0.2760844E+01
  0.4726894E+02  0.1893441E+02  0.1133589E+02
  0.9381586E+01  0.4817715E+01  0.8329463E+01
  0.2016907E+02  0.2099481E+02  0.1895129E+02
  0.2993833E+02  0.1737568E+01  0.8792616E+01
  0.3686408E+02  0.2154323E+02  0.6952319E+01
  0.4356575E+02  0.1954968E+02  0.1150086E+02
  0.2909309E+02  0.1561270E+02  0.1943791E+02
  0.4392525E+02  0.1516366E+02  0.4721215E+01
  0.5324130E+02  0.5313529E+01  0.1388949E+02
  0.2616749E+02  0.1545940E+02  0.3391287E+01
  0.1320868E+02  0.6002622E+01  0.1717584E+02
  0.3306449E+02  0.1467480E+02  0.2224157E+01
  0.1904202E+02  0.1553296E+02  0.6288085E+01
  0.2173475E+02  0.1648110E+02  0.3150483E+01
  0.3329385E+02  0.1076156E+02  0.6053522E+01
  0.4071442E+02  0.6890173E+01  0.1484300E+02
  0.3926661E+02  0.1495841E+02  0.1567182E+02
  0.3476783E+02  0.9698993E+01  0.1833962E+02
  0.1462863E+02  0.1720451E+02  0.9653813E+00
  0.3832076E+02  0.9640028E+00  0.2132759E+02
  0.2475436E+02  0.8961439E+01  0.6776559E+01
  0.1316915E+02  0.1087852E+01  0.8913113E+00
  0.2760400E+02  0.2378759E+01  0.8635374E+01
  0.2328671E+02  0.2144234E+02  0.2046999E+02
  0.2591962E+02  0.1638309E+02  0.5536847E+01
  0.2481679E+02  0.1043372E+02  0.3251415E+01
  0.2487595E+02  0.1259432E+02  0.2456138E+01
  0.2581881E+02  0.4709573E+01  0.7360007E+01
  0.4907942E+02  0.4338367E+01  0.8697732E+01
  0.1533233E+02  0.1346360E+02  0.2098328E+02
  0.1411300E+02  0.4105870E+01  0.1137857E+02
  0.3782658E+02  0.4199233E+00  0.1799650E+02
  0.3098387E+02  0.7413137E+01  0.5278049E+01
  0.4091132E+02  0.1640380E+02  0.1309973E+02
  0.3770753E+02  0.2066917E+02  0.2005969E+02
  0.2693824E+02  0.1151053E+01  0.1892992E+02
  0.1672656E+02  0.2148191E+02  0.1975851E+02
  0.3673901E+02  0.3108760E+01  0.4861828E+01
  0.4523129E+02  0.1507816E+01  0.2055673E+01
  0.4489679E+02  0.2150700E+02  0.1237420E+02
  0.4846712E+02  0.1037796E+02  0.2416396E+01
  0.4066812E+02  0.7243071E+01  0.8900202E+01
  0.5231416E+02  0.2595896E+01  0.1918158E+02
  0.2679132E+02  0.1953505E+02  0.1779319E+02
  0.4931298E+02  0.1236679E+01  0.9674157E+01
  0.4936985E+02  0.1843427E+02  0.1019611E+02
  0.5103752E+02  0.2090658E+02  0.1287079E+02
  0.5198193E+02  0.2140234E+02  0.2079702E+02
  0.5164341E+02  0.1657449E+02  0.1392327E+02
  0.3837333E+02  0.2038204E+02  0.8490750E+00
  0.3812702E+02  0.1723418E+02  0.1535790E+02
  0.4349385E+02  0.1934739E+02  0.1995158E+02
  0.3521034E+02  0.1134938E+02  0.5468406E+00
  0.3950811E+02  0.2092675E+02  0.1699049E+02
  0.4913271E+02  0.1901667E+02  0.2863442E+01
  0.5445775E+02  0.1665704E+02  0.2587664E+01
  0.5514954E+02  0.1283605E+02  0.1404638E+02
  0.4754498E+02  0.1606152E+01  0.1564413E+00
  0.4833453E+02  0.1699982E+02  0.1245754E+02
  0.5693098E+02  0.4154413E+00  0.2116216E+02
  0.5667791E+02  0.1950198E+02  0.1789917E+01
  0.5217657E+02  0.1880201E+02  0.1942391E+01
  0.5439159E+02  0.2119763E+02  0.2099548E+02
  0.5830111E+02  0.1821705E+01  0.6065972E+00
  0.5833948E+02  0.2072211E+02  0.3263122E+01
  0.5390270E+02  0.2763815E+01  0.4850840E+01
  0.5936587E+02  0.1914734E+02  0.2109846E+02
  0.6233939E+02  0.2293180E+00  0.2096677E+02
  0.6242656E+02  0.1921790E+02  0.1780134E+01
  0.5965940E+02  0.2806457E+00  0.1934863E+01
  0.6087034E+02  0.2053611E+02  0.5046965E+00
  0.6390905E+02  0.1823048E+01  0.5478387E+00
  0.6363672E+02  0.2073717E+02  0.3413791E+01
  0.6096444E+02  0.1832103E+01  0.2995000E+01
  0.4110571E+02  0.3720439E+01  0.4731376E+01
  0.3014404E+02  0.1049248E+02  0.1614167E+02
  0.4025203E+02  0.1262854E+02  0.4957648E+01
  0.4112802E+02  0.4355244E+01  0.2158113E+02
  0.5511127E+02  0.1924333E+02  0.2165671E+02
  0.4894391E+02  0.1237439E+02  0.1024349E+02
  0.4694028E+02  0.5791751E+01  0.5712966E+01
  0.3131543E+02  0.1634016E+02  0.1989124E+02
  0.4907309E+02  0.1658921E+01  0.1988216E+02
  0.5318229E+02  0.4843754E+01  0.2064596E+01
  0.3728985E+02  0.1857355E+02  0.1182527E+02
  0.4169207E+02  0.1609221E+02  0.1506941E+00
  0.4602287E+02  0.5243803E+01  0.8640852E+01
  0.5475117E+02  0.1154756E+02  0.1243881E+01
  0.4818472E+02  0.1373807E+02  0.1347919E+02
  0.4888151E+02  0.1429251E+02  0.8480120E+01
  0.5038999E+02  0.2023123E+02  0.1915870E+02
  0.5700708E+02  0.5928834E+01  0.2106299E+02
  0.5706860E+02  0.2989790E+01  0.2330846E+01
  0.5379683E+02  0.1076741E+02  0.1769833E+02
  0.5599309E+02  0.4158494E+01  0.4739867E+00
  0.5843631E+02  0.7379851E+01  0.6361584E+00
  0.5857606E+02  0.4425406E+01  0.3506567E+01
  0.5574940E+02  0.7176734E+01  0.3304145E+01
  0.5972734E+02  0.3238822E+01  0.2096344E+02
  0.6207142E+02  0.6003344E+01  0.2077080E+02
  0.6274330E+02  0.3094863E+01  0.1895238E+01
  0.5981548E+02  0.6005446E+01  0.2232570E+01
  0.6104822E+02  0.4449771E+01  0.6216789E+00
  0.6348612E+02  0.7460155E+01  0.6542238E+00
  0.6382697E+02  0.4600809E+01  0.3265792E+01
  0.6120337E+02  0.7381861E+01  0.3541046E+01
  0.4928887E+02  0.1852752E+02  0.1588506E+02
  0.4061671E+02  0.1432978E+02  0.9076190E+01
  0.4679218E+02  0.1155293E+02  0.1123111E+02
  0.4829953E+02  0.5536481E+01  0.1688134E+02
  0.3977178E+02  0.2087744E+02  0.5145332E+01
  0.5104746E+02  0.5526604E+00  0.6754862E+01
  0.3926587E+02  0.6186404E+01  0.2000138E+02
  0.2687429E+02  0.1649101E+02  0.1631391E+02
  0.5447562E+02  0.5703744E+01  0.1760894E+02
  0.5245201E+02  0.1110839E+02  0.1100076E+02
  0.5131034E+02  0.6575682E+01  0.2041348E+02
  0.2860457E+02  0.6387268E+01  0.1528674E+02
  0.5189013E+02  0.1074311E+02  0.4752519E+01
  0.5017660E+02  0.1105344E+02  0.2126062E+02
  0.5160732E+02  0.2004627E+02  0.7667215E+01
  0.5246432E+02  0.1376825E+02  0.1707094E+02
  0.5435987E+02  0.8394560E+01  0.2066469E+02
  0.5700202E+02  0.1161976E+02  0.2076191E+02
  0.5704046E+02  0.8580305E+01  0.2020043E+01
  0.4481756E+02  0.2095099E+02  0.1050702E+01
  0.5592637E+02  0.9826583E+01  0.1995842E+00
  0.5818735E+02  0.1304926E+02  0.5607563E+00
  0.5838538E+02  0.1001799E+02  0.3256015E+01
  0.5547400E+02  0.1262495E+02  0.3409430E+01
  0.5972285E+02  0.8975043E+01  0.2087097E+02
  0.6247566E+02  0.1147236E+02  0.2106921E+02
  0.6235835E+02  0.8684103E+01  0.2246234E+01
  0.5970913E+02  0.1149961E+02  0.1784270E+01
  0.6114620E+02  0.1013984E+02  0.5781593E+00
  0.6390743E+02  0.1262827E+02  0.6156736E+00
  0.6360859E+02  0.1036059E+02  0.3339629E+01
  0.6099102E+02  0.1283298E+02  0.3165255E+01
  0.5035839E+02  0.1334485E+02  0.5222145E+00
  0.5072663E+02  0.2029314E+02  0.6802416E+00
  0.3789632E+02  0.3240262E+01  0.9712131E+01
  0.4062855E+02  0.2211758E+01  0.1786507E+02
  0.3242713E+02  0.1865204E+02  0.9647496E+01
  0.4031361E+02  0.1802596E+02  0.2090041E+00
  0.3892067E+02  0.1678011E+02  0.1165598E+02
  0.4169849E+02  0.9482948E+01  0.1170127E+02
  0.5245467E+02  0.8945481E+01  0.6455283E+01
  0.4247302E+02  0.1838684E+02  0.4094819E+01
  0.4590645E+02  0.1772697E+02  0.2094097E+02
  0.4508106E+02  0.2025515E+01  0.7244239E+01
  0.5149446E+02  0.4935880E+01  0.8413076E+01
  0.5504413E+02  0.6355923E+01  0.1100354E+01
  0.3454979E+02  0.5548436E+01  0.7962295E+01
  0.4290518E+02  0.1462085E+02  0.8213182E+01
  0.5265920E+02  0.1309252E+02  0.1216599E+01
  0.5698469E+02  0.1638961E+02  0.2118905E+02
  0.5669077E+02  0.1416326E+02  0.2071764E+01
  0.5454260E+02  0.1664279E+02  0.1836621E+02
  0.5528979E+02  0.1553538E+02  0.5452885E+00
  0.5808659E+02  0.1792334E+02  0.9270935E+00
  0.5830963E+02  0.1541597E+02  0.3488014E+01
  0.5136693E+02  0.1464791E+02  0.7978093E+01
  0.5938597E+02  0.1414400E+02  0.2097270E+02
  0.6238161E+02  0.1656675E+02  0.2079051E+02
  0.6236139E+02  0.1405328E+02  0.1680843E+01
  0.5968321E+02  0.1666873E+02  0.1978593E+01
  0.6108877E+02  0.1537569E+02  0.4661867E+00
  0.6369762E+02  0.1790479E+02  0.6544819E+00
  0.6374100E+02  0.1508213E+02  0.3209398E+01
  0.6086075E+02  0.1800403E+02  0.3427343E+01
  0.5124683E+02  0.6671778E+01  0.1472592E+02
  0.4700646E+02  0.1902485E+02  0.6156391E+01
  0.5008196E+02  0.1033691E+02  0.1107367E+02
  0.5107911E+02  0.1852900E+01  0.2116845E+02
  0.4507335E+02  0.4090732E+01  0.5767841E+01
  0.4111728E+02  0.1617892E+02  0.2500481E+01
  0.4070859E+02  0.6216810E+01  0.3883898E+01
  0.5279126E+02  0.1267907E+02  0.6320145E+01
  0.3780592E+02  0.1956545E+02  0.8915660E+01
  0.3735660E+02  0.1598137E+02  0.8093510E+01
  0.4172092E+02  0.2147945E+02  0.6049027E+01
  0.4803090E+02  0.7652538E+01  0.2137989E+02
  0.4625433E+02  0.2067376E+02  0.9819781E+01
  0.5257727E+02  0.1152760E+02  0.1578774E+02
  0.5468686E+02  0.1237662E+02  0.7764265E+01
  0.5443860E+02  0.3077077E+01  0.9991418E+01
  0.5353732E+02  0.1442889E+02  0.1892720E+02
  0.5692520E+02  0.2613168E+00  0.4736811E+01
  0.5708257E+02  0.1942162E+02  0.7473381E+01
  0.5030030E+02  0.2055976E+02  0.1673043E+02
  0.3817643E+02  0.1712704E+02  0.5648010E+00
  0.5848464E+02  0.1764056E+01  0.6006970E+01
  0.5861549E+02  0.2064224E+02  0.8797438E+01
  0.5600968E+02  0.1826298E+02  0.3714758E+01
  0.5967563E+02  0.1961524E+02  0.4829797E+01
  0.6223592E+02  0.4004804E+00  0.4671756E+01
  0.6256944E+02  0.1944364E+02  0.7310246E+01
  0.5988142E+02  0.5453118E+00  0.7432837E+01
  0.6114182E+02  0.2080798E+02  0.6156935E+01
  0.6369617E+02  0.1865671E+01  0.5881905E+01
  0.6374098E+02  0.2080357E+02  0.8666809E+01
  0.6162667E+02  0.1720476E+01  0.8777158E+01
  0.4167395E+02  0.2734726E+00  0.1876209E+02
  0.5062425E+02  0.1492409E+02  0.2985128E+01
  0.4835113E+02  0.2119400E+02  0.7878338E+00
  0.3599811E+02  0.1699138E+02  0.4461283E+01
  0.4358546E+02  0.3029790E+01  0.1114931E+01
  0.3707728E+02  0.8146181E+01  0.1520535E+01
  0.3457199E+02  0.4257238E+00  0.1355796E+02
  0.4467604E+02  0.2577868E+01  0.1886948E+02
  0.3676020E+02  0.1146207E+02  0.8908776E+01
  0.5566213E+02  0.2086320E+02  0.6254678E+01
  0.5460706E+02  0.3872839E+00  0.7797192E+01
  0.4721797E+02  0.3253052E+01  0.1462877E+02
  0.4204400E+02  0.5507087E+01  0.1140491E+02
  0.4353426E+02  0.7807898E+01  0.1161248E+02
  0.5342058E+02  0.4060860E+01  0.7612536E+01
  0.5234893E+02  0.4740534E+01  0.1836873E+02
  0.4953988E+02  0.2044671E+02  0.8979152E+01
  0.5725735E+02  0.5863657E+01  0.4706233E+01
  0.5718815E+02  0.3075280E+01  0.7706600E+01
  0.5396891E+02  0.8278634E+01  0.4361556E+01
  0.5611628E+02  0.4764357E+01  0.6523227E+01
  0.5842184E+02  0.7385846E+01  0.6077452E+01
  0.5906657E+02  0.4539873E+01  0.8694743E+01
  0.5601250E+02  0.6329761E+01  0.8414266E+01
  0.5987264E+02  0.3071282E+01  0.4721563E+01
  0.6256279E+02  0.5820916E+01  0.4846888E+01
  0.6239993E+02  0.3325900E+01  0.7371592E+01
  0.6010666E+02  0.6269046E+01  0.7387938E+01
  0.6100325E+02  0.4597012E+01  0.6172281E+01
  0.6396374E+02  0.7376509E+01  0.6034833E+01
  0.6403043E+02  0.4556237E+01  0.8882792E+01
  0.6141576E+02  0.7573388E+01  0.8830031E+01
  0.2909196E+02  0.1957950E+02  0.9054737E+01
  0.4478482E+02  0.1005241E+02  0.1128880E+02
  0.4324129E+02  0.7861344E+01  0.1750495E+02
  0.5183561E+02  0.9193765E+01  0.1763782E+01
  0.5286121E+02  0.7351897E+01  0.1659825E+02
  0.4421113E+02  0.2089489E+02  0.9457727E+01
  0.4214672E+02  0.1042943E+02  0.3871735E+01
  0.5414970E+02  0.2172155E+00  0.1712474E+01
  0.4670245E+02  0.5958459E+01  0.5171076E+00
  0.5286670E+02  0.7320697E+01  0.4427905E+00
  0.4308049E+02  0.1802617E+02  0.8418460E+01
  0.5307515E+02  0.1746933E+01  0.6854718E+01
  0.4378193E+02  0.5950608E+01  0.8102496E+01
  0.3774343E+02  0.1333167E+02  0.1452011E+02
  0.3532461E+02  0.1567330E+02  0.1437155E+02
  0.4862290E+02  0.1338747E+02  0.5023274E+01
  0.4884888E+02  0.5615120E+01  0.1152631E+02
  0.5664326E+02  0.1098833E+02  0.4621630E+01
  0.5679495E+02  0.8332472E+01  0.7447791E+01
  0.4811996E+02  0.7764990E+01  0.1401142E+02
  0.5570663E+02  0.9305357E+01  0.5743477E+01
  0.5807806E+02  0.1246409E+02  0.6010324E+01
  0.5837058E+02  0.9608887E+01  0.8787478E+01
  0.5577648E+02  0.1550942E+02  0.5994715E+01
  0.5991551E+02  0.8757477E+01  0.4924321E+01
  0.6235028E+02  0.1147627E+02  0.4536565E+01
  0.6296121E+02  0.8826017E+01  0.7655672E+01
  0.5944975E+02  0.1125522E+02  0.7419953E+01
  0.6119187E+02  0.9916661E+01  0.6281134E+01
  0.6376947E+02  0.1261615E+02  0.6268832E+01
  0.6403556E+02  0.1004417E+02  0.9253143E+01
  0.6088462E+02  0.1265623E+02  0.8733709E+01
  0.4483808E+02  0.1285773E+02  0.1668300E+02
  0.4535380E+02  0.3526350E+01  0.1218659E+02
  0.4274220E+02  0.3507360E+01  0.1249105E+02
  0.4928747E+02  0.2134348E+02  0.1440740E+02
  0.2502749E+02  0.1182002E+02  0.6621866E+01
  0.4722268E+02  0.1403520E+02  0.1145775E+02
  0.3548919E+02  0.1332837E+02  0.7730375E+01
  0.4103110E+02  0.2145798E+02  0.2909129E+01
  0.3375822E+02  0.2344618E+01  0.9081448E+00
  0.5073621E+02  0.1428905E+02  0.5595841E+01
  0.5269601E+02  0.9754109E+01  0.1967543E+02
  0.4610295E+02  0.1328681E+02  0.1462151E+02
  0.4717602E+02  0.2023838E+02  0.3917456E+01
  0.4652719E+02  0.4212355E+01  0.3946036E+01
  0.4801505E+02  0.1688909E+02  0.6499980E+01
  0.3654638E+02  0.2006931E+02  0.2539655E+01
  0.5018820E+02  0.6136187E+01  0.6852639E+01
  0.5735587E+02  0.1693583E+02  0.4867035E+01
  0.5676217E+02  0.1394426E+02  0.7301216E+01
  0.5421582E+02  0.1393586E+02  0.5080655E+01
  0.5009719E+02  0.6557032E+01  0.4604708E+01
  0.5859643E+02  0.1819473E+02  0.6227626E+01
  0.5828617E+02  0.1519036E+02  0.8551027E+01
  0.5565562E+02  0.1779549E+02  0.8503529E+01
  0.5955400E+02  0.1396661E+02  0.4576631E+01
  0.6252431E+02  0.1672427E+02  0.4529482E+01
  0.6243991E+02  0.1391940E+02  0.7495192E+01
  0.5982096E+02  0.1658874E+02  0.7569718E+01
  0.6103699E+02  0.1526695E+02  0.5852545E+01
  0.6390078E+02  0.1807598E+02  0.5865720E+01
  0.6352824E+02  0.1572747E+02  0.8669191E+01
  0.6117443E+02  0.1812669E+02  0.8633008E+01
  0.4614911E+02  0.1349445E+02  0.2127943E+02
  0.3124293E+02  0.2092555E+02  0.1510519E+02
  0.4658871E+02  0.5349253E+01  0.1095503E+02
  0.3892627E+02  0.1020400E+02  0.7100069E+01
  0.4891426E+02  0.1435451E+02  0.1625352E+02
  0.5147542E+02  0.1333997E+02  0.1023827E+02
  0.3961348E+02  0.8441439E+01  0.1126377E+01
  0.5281978E+02  0.2110237E+02  0.9316554E+01
  0.4397911E+02  0.1167771E+02  0.1291347E+02
  0.4417549E+02  0.1298115E+02  0.9432913E+01
  0.4714938E+02  0.1520447E+02  0.4889166E+01
  0.4571993E+02  0.1295257E+02  0.2424065E+01
  0.4911921E+02  0.2197844E+01  0.7431621E+01
  0.5287452E+02  0.1723896E+02  0.9505930E+01
  0.5588592E+02  0.1725304E+01  0.8870381E+01
  0.4436125E+02  0.1462287E+01  0.9586472E+01
  0.5443233E+02  0.1929044E+02  0.9993215E+01
  0.5717201E+02  0.3211797E+00  0.1013164E+02
  0.5705662E+02  0.1943549E+02  0.1288494E+02
  0.5055282E+02  0.7439837E+01  0.1120308E+02
  0.5563747E+02  0.2087567E+02  0.1139416E+02
  0.5848699E+02  0.1895582E+01  0.1134281E+02
  0.5846999E+02  0.2071937E+02  0.1416126E+02
  0.5565889E+02  0.1692117E+01  0.1396176E+02
  0.5977840E+02  0.1904940E+02  0.1033981E+02
  0.6273218E+02  0.3698108E+00  0.1041440E+02
  0.6235604E+02  0.1920080E+02  0.1273945E+02
  0.5981386E+02  0.4354048E+00  0.1266898E+02
  0.6126709E+02  0.2062076E+02  0.1140960E+02
  0.6415386E+02  0.1705941E+01  0.1167836E+02
  0.6373342E+02  0.2052981E+02  0.1431043E+02
  0.6130767E+02  0.1801769E+01  0.1383803E+02
  0.3436967E+02  0.1800493E+02  0.6165457E+01
  0.3868425E+02  0.9345913E+00  0.1036489E+02
  0.4703468E+02  0.7832301E+01  0.4349759E+01
  0.4606685E+02  0.8186108E+01  0.1576792E+02
  0.4818390E+02  0.5408618E+01  0.2029768E+02
  0.5434231E+02  0.9711835E+01  0.1282159E+02
  0.3895153E+02  0.1493858E+02  0.1921830E+02
  0.3331126E+02  0.1661871E+02  0.1660303E+02
  0.5010636E+02  0.3526509E+01  0.1070430E+02
  0.5187650E+02  0.7050988E+01  0.9187376E+01
  0.5305297E+02  0.1349418E+01  0.1069463E+02
  0.3679704E+02  0.1502003E+02  0.1020820E+02
  0.5391185E+02  0.5101470E+01  0.5460382E+01
  0.4773093E+02  0.1145807E+02  0.1442463E+02
  0.5240386E+02  0.3515849E+01  0.1595383E+02
  0.4026669E+02  0.1841105E+02  0.2589812E+01
  0.4964129E+02  0.1043878E+02  0.8540032E+01
  0.5705835E+02  0.5263568E+01  0.1006257E+02
  0.5714721E+02  0.3201669E+01  0.1278446E+02
  0.5422275E+02  0.9946021E+01  0.7705969E+01
  0.5538159E+02  0.4397986E+01  0.1136087E+02
  0.5832788E+02  0.6848348E+01  0.1146933E+02
  0.5847060E+02  0.4295367E+01  0.1420306E+02
  0.5438183E+02  0.6336683E+01  0.1228287E+02
  0.6002133E+02  0.3093011E+01  0.1009937E+02
  0.6273948E+02  0.5963445E+01  0.1010319E+02
  0.6271645E+02  0.3232226E+01  0.1281169E+02
  0.5971735E+02  0.5587874E+01  0.1288116E+02
  0.6138381E+02  0.4659405E+01  0.1148032E+02
  0.6393190E+02  0.7429572E+01  0.1142788E+02
  0.6391000E+02  0.4569508E+01  0.1418323E+02
  0.6119721E+02  0.7126351E+01  0.1429015E+02
  0.4812099E+02  0.1943815E+02  0.1949145E+02
  0.3997898E+02  0.8515020E+01  0.1077264E+02
  0.4998956E+02  0.5227184E+01  0.1871580E+02
  0.4268967E+02  0.1535881E+02  0.1403987E+02
  0.5672738E+02  0.1144296E+02  0.1529206E+02
  0.3128716E+02  0.1743247E+02  0.1766327E+02
  0.4307030E+02  0.3674425E+01  0.9979389E+01
  0.3171440E+02  0.1088256E+01  0.2927366E+01
  0.5034046E+02  0.1667605E+02  0.5835008E+01
  0.2556022E+02  0.1838629E+02  0.1065743E+02
  0.4545916E+02  0.1341475E+02  0.4707127E+01
  0.3891862E+02  0.1056279E+02  0.9527586E+01
  0.4049438E+02  0.1301272E+02  0.1663886E+02
  0.4338567E+02  0.1611108E+02  0.1002942E+02
  0.5573171E+02  0.7383417E+01  0.1392552E+02
  0.5583051E+02  0.1595559E+02  0.1183979E+02
  0.4680081E+02  0.9829052E+01  0.1274211E+02
  0.5707006E+02  0.1028877E+02  0.1075089E+02
  0.5726378E+02  0.8599235E+01  0.1260120E+02
  0.4827525E+02  0.1671753E+02  0.8893271E+01
  0.4694269E+02  0.8287925E+01  0.9267624E+01
  0.5983322E+02  0.1131095E+02  0.1281773E+02
  0.5506561E+02  0.9202962E+01  0.9820677E+01
  0.5057552E+02  0.1028674E+02  0.1574818E+02
  0.5961490E+02  0.8421310E+01  0.1025008E+02
  0.6226201E+02  0.1121591E+02  0.1017426E+02
  0.6238015E+02  0.8405871E+01  0.1290437E+02
  0.5846989E+02  0.1010138E+02  0.1403578E+02
  0.6094998E+02  0.9816560E+01  0.1150055E+02
  0.6376538E+02  0.1263107E+02  0.1128903E+02
  0.6379570E+02  0.9801545E+01  0.1436817E+02
  0.6091244E+02  0.1273694E+02  0.1426414E+02
  0.2745953E+02  0.6690638E+01  0.1748410E+02
  0.4722970E+02  0.2211576E+01  0.2782539E+01
  0.3598352E+02  0.2161887E+01  0.6961120E+01
  0.4103404E+02  0.2021742E+02  0.9691796E+00
  0.4240386E+02  0.2138585E+02  0.1239540E+02
  0.4927638E+02  0.3415557E+01  0.1948292E+01
  0.3966981E+02  0.1982151E+02  0.7599909E+01
  0.4719549E+02  0.1494238E+02  0.2667823E+01
  0.3960643E+02  0.1347844E+02  0.1259575E+01
  0.5363766E+02  0.1020222E+02  0.3135088E+01
  0.4543168E+02  0.1554251E+02  0.1108436E+02
  0.4887276E+02  0.3170473E+01  0.1808525E+02
  0.5411207E+02  0.7243590E+01  0.9971649E+01
  0.3613877E+02  0.1829378E+02  0.1095037E+01
  0.5157625E+02  0.3249018E+01  0.1295226E+02
  0.3635382E+02  0.4530499E+00  0.1117384E+02
  0.4299393E+02  0.1616337E+02  0.6706160E+01
  0.5683397E+02  0.1642800E+02  0.9955069E+01
  0.5659571E+02  0.1382233E+02  0.1259398E+02
  0.4506055E+02  0.6768740E+01  0.1011313E+02
  0.5381407E+02  0.1325959E+02  0.9831818E+01
  0.5805180E+02  0.1796182E+02  0.1115468E+02
  0.5833677E+02  0.1513241E+02  0.1384553E+02
  0.5606122E+02  0.1738049E+02  0.1349949E+02
  0.5972037E+02  0.1376984E+02  0.9990293E+01
  0.6217813E+02  0.1665609E+02  0.1001187E+02
  0.6246167E+02  0.1397927E+02  0.1294546E+02
  0.5940228E+02  0.1656141E+02  0.1275095E+02
  0.6089046E+02  0.1515272E+02  0.1152037E+02
  0.6381006E+02  0.1779368E+02  0.1154391E+02
  0.6400137E+02  0.1523220E+02  0.1423431E+02
  0.6103205E+02  0.1779305E+02  0.1406347E+02
  0.4554857E+02  0.1023027E+02  0.8839697E+01
  0.3958580E+02  0.1569825E+02  0.7144482E+01
  0.4368186E+02  0.1131501E+02  0.5157780E+00
  0.5050863E+02  0.2405044E+01  0.1497003E+02
  0.4315754E+02  0.5825015E+01  0.4115129E+01
  0.5252344E+02  0.1683975E+02  0.1984390E+02
  0.5532864E+02  0.1540372E+01  0.3463404E+01
  0.4895720E+02  0.1199178E+02  0.1659871E+02
  0.4147703E+02  0.1405548E+02  0.6284602E+01
  0.4302878E+02  0.1127005E+01  0.3433753E+01
  0.4773957E+02  0.5568039E+00  0.4304274E+01
  0.5407651E+02  0.1686697E+02  0.7300527E+01
  0.5354454E+02  0.1733380E+02  0.3482456E+00
  0.5438878E+02  0.4782171E+00  0.1263742E+02
  0.5432340E+02  0.1926551E+02  0.4962442E+01
  0.4638714E+02  0.1547104E+01  0.1320024E+02
  0.5425261E+02  0.1927387E+02  0.1533266E+02
  0.5682164E+02  0.1147665E+00  0.1549704E+02
  0.5683246E+02  0.1933069E+02  0.1851358E+02
  0.5193747E+02  0.3198504E+00  0.1574836E+02
  0.5541502E+02  0.2061303E+02  0.1712949E+02
  0.5836510E+02  0.1760870E+01  0.1670027E+02
  0.5826870E+02  0.2083337E+02  0.1970045E+02
  0.5574024E+02  0.2007099E+01  0.1971929E+02
  0.5991239E+02  0.1927429E+02  0.1551884E+02
  0.6247723E+02  0.3882926E+00  0.1566677E+02
  0.6218080E+02  0.1953529E+02  0.1849607E+02
  0.5974991E+02  0.5542602E+00  0.1830028E+02
  0.6099520E+02  0.2074306E+02  0.1702465E+02
  0.6388358E+02  0.1807742E+01  0.1703430E+02
  0.6391541E+02  0.2079395E+02  0.1983435E+02
  0.6111481E+02  0.1850658E+01  0.1959401E+02
  0.1777692E+02  0.1774964E+02  0.2884442E+01
  0.4383325E+02  0.1552726E+00  0.1464174E+02
  0.4196309E+02  0.1934969E+02  0.6803566E+01
  0.4898036E+02  0.1312118E+02  0.2497789E+01
  0.5089104E+02  0.8199505E+01  0.1669834E+02
  0.3213031E+02  0.2530377E+01  0.9720100E+01
  0.3954656E+02  0.1912262E+02  0.1064521E+02
  0.5308079E+02  0.1468024E+02  0.3027438E+01
  0.4272701E+02  0.9291018E+01  0.9708155E+00
  0.4825581E+02  0.1548904E+02  0.1829815E+02
  0.5308643E+02  0.1702534E+01  0.1718472E+02
  0.5109438E+02  0.2213333E+01  0.2957999E+01
  0.4329743E+02  0.1029680E+02  0.1500550E+02
  0.4831640E+02  0.7945332E+01  0.1657822E+02
  0.4259622E+02  0.1205847E+02  0.1650376E+02
  0.5067011E+02  0.1796797E+02  0.1917430E+02
  0.5442639E+02  0.3396928E+01  0.1492743E+02
  0.5714578E+02  0.5976289E+01  0.1545593E+02
  0.5710088E+02  0.3345309E+01  0.1818232E+02
  0.5093265E+02  0.8510474E+01  0.1894059E+02
  0.5575736E+02  0.4191195E+01  0.1666697E+02
  0.5845956E+02  0.7317416E+01  0.1691631E+02
  0.5821812E+02  0.4491900E+01  0.1963536E+02
  0.5588285E+02  0.7187944E+01  0.1926203E+02
  0.6001458E+02  0.2902036E+01  0.1543671E+02
  0.6251684E+02  0.5829376E+01  0.1567998E+02
  0.6253779E+02  0.3085870E+01  0.1832383E+02
  0.5967730E+02  0.5786166E+01  0.1820116E+02
  0.6109083E+02  0.4352275E+01  0.1700162E+02
  0.6387956E+02  0.7200130E+01  0.1705606E+02
  0.6371182E+02  0.4683882E+01  0.1968761E+02
  0.6097969E+02  0.7471316E+01  0.1949584E+02
  0.4880713E+02  0.5120459E+01  0.3311818E+01
  0.3386107E+02  0.2217946E+00  0.2149120E+02
  0.5315052E+02  0.2044846E+02  0.3254226E+01
  0.3716277E+02  0.1180653E+02  0.1293239E+02
  0.4653803E+02  0.1237447E+02  0.8592981E+01
  0.3999208E+02  0.2029806E+02  0.1932989E+02
  0.3424677E+02  0.4556202E+01  0.1886148E+02
  0.3967855E+02  0.2077343E+02  0.1465648E+02
  0.5046230E+02  0.1870967E+02  0.1367662E+02
  0.4610827E+02  0.1747275E+02  0.9521798E+01
  0.3266681E+02  0.7437653E+01  0.1632926E+02
  0.3619508E+02  0.1806060E+02  0.7736923E+01
  0.4799968E+02  0.8065993E+01  0.1158412E+02
  0.4459445E+02  0.1875074E+02  0.5441434E+01
  0.5259149E+02  0.2103265E+01  0.1133187E+01
  0.5040441E+02  0.1683548E+02  0.1716955E+02
  0.5420594E+02  0.3128264E+01  0.2108756E+02
  0.5851255E+02  0.1240002E+02  0.1164815E+02
  0.5691851E+02  0.8711865E+01  0.1804939E+02
  0.4539420E+02  0.1045741E+02  0.1662071E+02
  0.5551119E+02  0.9717290E+01  0.1646466E+02
  0.5818129E+02  0.1269160E+02  0.1680454E+02
  0.5817135E+02  0.1007102E+02  0.1961175E+02
  0.5496309E+02  0.1246945E+02  0.1905744E+02
  0.5981590E+02  0.8696782E+01  0.1540380E+02
  0.6247052E+02  0.1159029E+02  0.1553346E+02
  0.6244675E+02  0.8693127E+01  0.1827184E+02
  0.5950269E+02  0.1138997E+02  0.1813642E+02
  0.6101971E+02  0.1016834E+02  0.1674601E+02
  0.6363407E+02  0.1278226E+02  0.1715445E+02
  0.6357025E+02  0.1004907E+02  0.1966578E+02
  0.6082665E+02  0.1270693E+02  0.1977661E+02
  0.4692623E+02  0.1940548E+02  0.6712847E+00
  0.5061791E+02  0.8594886E+01  0.7613608E+01
  0.5264192E+02  0.1095462E+02  0.1519758E+00
  0.4719624E+02  0.2397003E-02  0.1908549E+02
  0.3778703E+02  0.7454320E+01  0.1831396E+02
  0.5381890E+02  0.1464541E+02  0.1531127E+02
  0.4371934E+02  0.1857179E+02  0.1587833E+02
  0.4929138E+02  0.1830621E+02  0.5067045E+00
  0.4377940E+02  0.1176830E+02  0.5168341E+01
  0.5408002E+02  0.1405340E+02  0.2122165E+02
  0.5483975E+02  0.1135580E+02  0.1097542E+02
  0.4189865E+02  0.1730542E+01  0.1132609E+02
  0.5287193E+02  0.1767139E+02  0.1678198E+02
  0.5092230E+02  0.1023096E+02  0.1330912E+02
  0.5398207E+02  0.8651144E+01  0.1506209E+02
  0.4117116E+02  0.1036319E+02  0.1381992E+02
  0.5664073E+02  0.1392457E+02  0.1815858E+02
  0.5697185E+02  0.1655427E+02  0.1543077E+02
  0.5544774E+02  0.1529601E+02  0.1674164E+02
  0.5168856E+02  0.1574295E+02  0.1151427E+02
  0.4942766E+02  0.1135400E+02  0.1855915E+02
  0.5830377E+02  0.1801739E+02  0.1696025E+02
  0.5817643E+02  0.1530861E+02  0.1937149E+02
  0.5566383E+02  0.1782221E+02  0.1988389E+02
  0.5948806E+02  0.1401884E+02  0.1551927E+02
  0.6255107E+02  0.1658498E+02  0.1557178E+02
  0.6210888E+02  0.1403584E+02  0.1826319E+02
  0.5969409E+02  0.1673009E+02  0.1819300E+02
  0.6090506E+02  0.1535680E+02  0.1678175E+02
  0.6357424E+02  0.1801608E+02  0.1707981E+02
  0.6374596E+02  0.1530305E+02  0.1959337E+02
  0.6083373E+02  0.1801168E+02  0.1955600E+02
