         
  0.6515772E+02  0.0000000E+00  0.2171924E+02
  0.0000000E+00  0.0000000E+00  0.2171924E+02
Si  0.6493348E+02  0.2091462E+02  0.2315706E+00
Si  0.2547527E+01  0.1938277E+01  0.2951707E+00
Si  0.2630222E+01  0.2095410E+02  0.2890697E+01
Si  0.6501064E+02  0.1969631E+01  0.2742991E+01
Si  0.1167266E+01  0.5603990E+00  0.1473224E+01
Si  0.3976529E+01  0.3300693E+01  0.1648562E+01
Si  0.3932975E+01  0.8043689E+00  0.4238457E+01
Si  0.1329776E+01  0.3010200E+01  0.4022061E+01
Si  0.5416727E+01  0.2083825E+02  0.2078838E+00
Si  0.7766403E+01  0.1781923E+01  0.2427703E+00
Si  0.8068478E+01  0.2118359E+02  0.2987994E+01
Si  0.5421045E+01  0.2006174E+01  0.2900132E+01
Si  0.6711111E+01  0.5459100E+00  0.1742340E+01
Si  0.9163104E+01  0.3714633E+01  0.9901563E+00
Si  0.9661903E+01  0.7818698E+00  0.4171162E+01
Si  0.6460425E+01  0.3389582E+01  0.4351067E+01
Si  0.1054734E+02  0.2060978E+02  0.2167919E+02
Si  0.1460321E+02  0.7050861E-02  0.2166618E+02
Si  0.1394573E+02  0.2022686E+02  0.1851110E+01
Si  0.1192054E+02  0.3715804E+00  0.3911311E+01
Si  0.1187781E+02  0.2148791E+02  0.1773241E+01
Si  0.2244700E+02  0.7927341E+01  0.7875201E-01
Si  0.1467112E+02  0.1646993E+01  0.4209526E+01
Si  0.1307019E+02  0.3519516E+01  0.5338639E+01
Si  0.1836502E+02  0.1690689E+02  0.5744492E+01
Si  0.1874593E+02  0.5076686E+01  0.4178955E+01
Si  0.1827823E+02  0.2135031E+02  0.8180270E+01
Si  0.1845490E+02  0.2042236E+02  0.3628352E+01
Si  0.1763057E+02  0.2120228E+02  0.5807201E+01
Si  0.2390216E+02  0.6709382E+01  0.3399205E+01
Si  0.2036798E+02  0.3454463E+01  0.5309818E+01
Si  0.1809098E+02  0.4496692E+01  0.2104732E+02
Si  0.6487958E+02  0.4936440E+01  0.2821934E+00
Si  0.2577401E+01  0.7503167E+01  0.3051060E+00
Si  0.2669446E+01  0.4579130E+01  0.2936193E+01
Si  0.6492267E+02  0.7210661E+01  0.2916530E+01
Si  0.1185641E+01  0.5955477E+01  0.1686585E+01
Si  0.4061017E+01  0.8765620E+01  0.1785948E+01
Si  0.4136031E+01  0.5977998E+01  0.4407358E+01
Si  0.1205150E+01  0.8461066E+01  0.4395833E+01
Si  0.5499925E+01  0.4608245E+01  0.2032753E+00
Si  0.8445264E+01  0.7284010E+01  0.4879724E+00
Si  0.8065870E+01  0.4508257E+01  0.3243545E+01
Si  0.5457375E+01  0.7353481E+01  0.2835313E+01
Si  0.6807283E+01  0.5899157E+01  0.1732311E+01
Si  0.9520555E+01  0.8512729E+01  0.2024237E+01
Si  0.9287136E+01  0.5935658E+01  0.4670260E+01
Si  0.6753842E+01  0.8342893E+01  0.4605325E+01
Si  0.1123604E+02  0.4528405E+01  0.3171499E+00
Si  0.1354218E+02  0.7190470E+01  0.5558169E+00
Si  0.1363911E+02  0.5485980E+01  0.3737048E+01
Si  0.1083099E+02  0.7220284E+01  0.3298735E+01
Si  0.1222558E+02  0.5911778E+01  0.1851090E+01
Si  0.1483950E+02  0.8822635E+01  0.1834849E+01
Si  0.1542093E+02  0.6074408E+01  0.5156154E+01
Si  0.1221921E+02  0.8833133E+01  0.4596336E+01
Si  0.1703910E+02  0.6476365E+01  0.2000764E+02
Si  0.2142333E+02  0.4418514E+01  0.1095119E+02
Si  0.1802888E+02  0.9109391E+01  0.1448841E+02
Si  0.1587357E+02  0.7331055E+01  0.3526896E+01
Si  0.1900042E+02  0.2432090E+01  0.2019366E+02
Si  0.2036230E+02  0.6724844E+01  0.1838133E+02
Si  0.2033549E+02  0.6867081E+01  0.3522005E+01
Si  0.2041962E+02  0.8096239E+01  0.2016298E+02
Si  0.6504488E+02  0.1002535E+02  0.2913535E+00
Si  0.2817238E+01  0.1246350E+02  0.4152727E+00
Si  0.2492661E+01  0.1003344E+02  0.3159065E+01
Si  0.6505543E+02  0.1287510E+02  0.3208293E+01
Si  0.1149574E+01  0.1144170E+02  0.1656130E+01
Si  0.4047120E+01  0.1394567E+02  0.1914303E+01
Si  0.4068003E+01  0.1125889E+02  0.4567269E+01
Si  0.1293477E+01  0.1402921E+02  0.4707466E+01
Si  0.5540372E+01  0.1010803E+02  0.6429602E+00
Si  0.8074052E+01  0.1262472E+02  0.4239399E+00
Si  0.7923759E+01  0.9915998E+01  0.3352094E+01
Si  0.5289782E+01  0.1261138E+02  0.3418671E+01
Si  0.6669238E+01  0.1132286E+02  0.1885704E+01
Si  0.9333679E+01  0.1388656E+02  0.1781619E+01
Si  0.9155197E+01  0.1127385E+02  0.4711364E+01
Si  0.6794327E+01  0.1396328E+02  0.4641517E+01
Si  0.1102503E+02  0.9813443E+01  0.2562446E+00
Si  0.1379747E+02  0.1292370E+02  0.6950816E+00
Si  0.1375229E+02  0.1023909E+02  0.3285694E+01
Si  0.1067993E+02  0.1269715E+02  0.3268461E+01
Si  0.1229755E+02  0.1141337E+02  0.1900520E+01
Si  0.1467137E+02  0.1504535E+02  0.1642904E+01
Si  0.1493665E+02  0.1216929E+02  0.3971504E+01
Si  0.1205271E+02  0.1414841E+02  0.4340681E+01
Si  0.1589026E+02  0.9254618E+01  0.2060791E+02
Si  0.1786855E+02  0.1036461E+02  0.3515220E+01
Si  0.1896199E+02  0.1055512E+02  0.4236757E+00
Si  0.1610784E+02  0.1431260E+02  0.3425076E+01
Si  0.1678764E+02  0.9706102E+01  0.1241922E+01
Si  0.2220830E+02  0.9426387E+01  0.1651334E+02
Si  0.2809668E+02  0.1238891E+02  0.2388056E+01
Si  0.2211754E+02  0.6206187E+01  0.4915315E+01
Si  0.6501672E+02  0.1526085E+02  0.2949789E+00
Si  0.2862245E+01  0.1791923E+02  0.5499657E+00
Si  0.2486096E+01  0.1518885E+02  0.3206568E+01
Si  0.6507450E+02  0.1830976E+02  0.3094313E+01
Si  0.1118072E+01  0.1680404E+02  0.1807821E+01
Si  0.4186495E+01  0.1933039E+02  0.1743690E+01
Si  0.3897758E+01  0.1679315E+02  0.4592987E+01
Si  0.1115865E+01  0.1975394E+02  0.4303433E+01
Si  0.5397558E+01  0.1528967E+02  0.3950479E+00
Si  0.8186460E+01  0.1816239E+02  0.2766497E+00
Si  0.7907831E+01  0.1535596E+02  0.3109401E+01
Si  0.5555151E+01  0.1790334E+02  0.3114318E+01
Si  0.6812361E+01  0.1662442E+02  0.1596121E+01
Si  0.9462345E+01  0.1949390E+02  0.1990677E+01
Si  0.9424074E+01  0.1680533E+02  0.4310829E+01
Si  0.6826691E+01  0.1938895E+02  0.4248096E+01
Si  0.1085418E+02  0.1537963E+02  0.4619901E+00
Si  0.1342459E+02  0.1849654E+02  0.2813861E+00
Si  0.1330525E+02  0.1597737E+02  0.3318758E+01
Si  0.1106060E+02  0.1821367E+02  0.3198910E+01
Si  0.1205805E+02  0.1695935E+02  0.1554752E+01
Si  0.1684816E+02  0.2019562E+02  0.1854778E+01
Si  0.1533120E+02  0.1555756E+02  0.5388822E+01
Si  0.1247897E+02  0.1969406E+02  0.4451486E+01
Si  0.1474139E+02  0.1683988E+02  0.2054951E+02
Si  0.1648839E+02  0.1608753E+02  0.3114270E+00
Si  0.2091459E+02  0.1350289E+02  0.1747757E+01
Si  0.1432602E+02  0.1812875E+02  0.3291022E+01
Si  0.1647103E+02  0.1792100E+02  0.1919245E+01
Si  0.1982706E+02  0.1514289E+02  0.2059709E+02
Si  0.1842273E+02  0.1462885E+02  0.6093625E+01
Si  0.1534816E+02  0.2022068E+02  0.6147213E+01
Si  0.2164651E-02  0.2128444E+02  0.5671266E+01
Si  0.2730914E+01  0.2174656E+01  0.5734555E+01
Si  0.2815265E+01  0.2096492E+02  0.8640023E+01
Si  0.2633109E+00  0.1473114E+01  0.8482184E+01
Si  0.1721086E+01  0.5927780E+00  0.6956471E+01
Si  0.3909334E+01  0.3572709E+01  0.7223841E+01
Si  0.4283757E+01  0.4723056E+00  0.9699031E+01
Si  0.1406513E+01  0.2915675E+01  0.9839734E+01
Si  0.5291764E+01  0.2084175E+02  0.5519850E+01
Si  0.8138169E+01  0.1864435E+01  0.5427460E+01
Si  0.7865726E+01  0.2116035E+02  0.8014175E+01
Si  0.5428492E+01  0.1905303E+01  0.8318393E+01
Si  0.6567141E+01  0.6347026E+00  0.6608337E+01
Si  0.9191314E+01  0.3135647E+01  0.7204674E+01
Si  0.9340671E+01  0.3506498E+00  0.9754988E+01
Si  0.6726165E+01  0.3285540E+01  0.9750031E+01
Si  0.1063947E+02  0.2071698E+02  0.5565579E+01
Si  0.1389621E+02  0.1662850E+01  0.6608706E+01
Si  0.1360045E+02  0.2110684E+02  0.8429103E+01
Si  0.1061195E+02  0.1829741E+01  0.8391066E+01
Si  0.1191257E+02  0.4789534E+00  0.7099862E+01
Si  0.1757775E+02  0.1856772E+01  0.7931015E+01
Si  0.1366734E+02  0.1758488E+01  0.9196757E+01
Si  0.1194135E+02  0.3648563E+01  0.9296968E+01
Si  0.1515338E+02  0.3650830E+01  0.3395189E+01
Si  0.2244341E+02  0.5190249E+00  0.2239040E+01
Si  0.1585867E+02  0.2082753E+02  0.8524410E+01
Si  0.1658319E+02  0.4199413E+01  0.5160416E+01
Si  0.1567091E+02  0.3400110E+01  0.7075771E+01
Si  0.1938973E+02  0.6029303E+01  0.7988214E+01
Si  0.1719153E+02  0.2013136E+01  0.4936100E+01
Si  0.2101247E+02  0.2062079E+01  0.9233123E+01
Si  0.3995253E-02  0.4373828E+01  0.5406947E+01
Si  0.2845932E+01  0.7182938E+01  0.5909321E+01
Si  0.2459446E+01  0.4608498E+01  0.8748156E+01
Si  0.2775846E+00  0.7322124E+01  0.8514783E+01
Si  0.1127924E+01  0.5795710E+01  0.7115449E+01
Si  0.4143006E+01  0.8734682E+01  0.7207246E+01
Si  0.3912511E+01  0.6163277E+01  0.9964884E+01
Si  0.1672401E+01  0.8868851E+01  0.1003146E+02
Si  0.5385118E+01  0.4697157E+01  0.5941372E+01
Si  0.7996792E+01  0.7062461E+01  0.6190471E+01
Si  0.8013753E+01  0.4430536E+01  0.8516812E+01
Si  0.5343907E+01  0.7332748E+01  0.8709308E+01
Si  0.6729528E+01  0.5803554E+01  0.7451234E+01
Si  0.9343395E+01  0.8825545E+01  0.7361409E+01
Si  0.9479957E+01  0.5733604E+01  0.9993642E+01
Si  0.6800815E+01  0.8382447E+01  0.9956974E+01
Si  0.1100625E+02  0.4355229E+01  0.6075448E+01
Si  0.1330422E+02  0.7465591E+01  0.6014869E+01
Si  0.1350889E+02  0.5385214E+01  0.9088223E+01
Si  0.1059377E+02  0.7324890E+01  0.8910873E+01
Si  0.1197320E+02  0.6208288E+01  0.7355757E+01
Si  0.1506069E+02  0.8833799E+01  0.7081824E+01
Si  0.1552814E+02  0.4359923E+01  0.9255905E+01
Si  0.1199358E+02  0.8619213E+01  0.1005289E+02
Si  0.1676812E+02  0.6373198E+01  0.8575087E+01
Si  0.2041513E+02  0.1339048E+02  0.7313620E+01
Si  0.1743077E+02  0.6884416E+01  0.6464800E+01
Si  0.1649567E+02  0.1042685E+02  0.7672620E+01
Si  0.2108693E+02  0.7424014E+01  0.6938858E+01
Si  0.1868247E+02  0.8930037E+01  0.1028408E+02
Si  0.2088414E+02  0.3885977E+01  0.7507299E+01
Si  0.1515804E+02  0.7895504E+01  0.9235247E+01
Si  0.1369556E+00  0.9826146E+01  0.5998208E+01
Si  0.2692343E+01  0.1257832E+02  0.5913825E+01
Si  0.2972325E+01  0.1013701E+02  0.8390817E+01
Si  0.6505738E+02  0.1264075E+02  0.8399123E+01
Si  0.1205367E+01  0.1143177E+02  0.7409226E+01
Si  0.4100022E+01  0.1417387E+02  0.6990197E+01
Si  0.4249397E+01  0.1133045E+02  0.9933056E+01
Si  0.1401775E+01  0.1374715E+02  0.9741149E+01
Si  0.5578943E+01  0.1016338E+02  0.5723097E+01
Si  0.8005912E+01  0.1294151E+02  0.6151991E+01
Si  0.8144798E+01  0.1027525E+02  0.8787116E+01
Si  0.5336832E+01  0.1265206E+02  0.8487250E+01
Si  0.6836814E+01  0.1131720E+02  0.7197603E+01
Si  0.9410248E+01  0.1423768E+02  0.7328541E+01
Si  0.9730121E+01  0.1149540E+02  0.1022759E+02
Si  0.6926485E+01  0.1380899E+02  0.9859145E+01
Si  0.1060212E+02  0.1006372E+02  0.5872787E+01
Si  0.1329937E+02  0.1265214E+02  0.5852684E+01
Si  0.1350056E+02  0.1000488E+02  0.8625249E+01
Si  0.1086416E+02  0.1287485E+02  0.8592667E+01
Si  0.1207084E+02  0.1127367E+02  0.7131395E+01
Si  0.1405585E+02  0.1349698E+02  0.7830285E+01
Si  0.1439401E+02  0.1214037E+02  0.9734183E+01
Si  0.1223537E+02  0.1422443E+02  0.9932664E+01
Si  0.1692458E+02  0.8723213E+01  0.5087722E+01
Si  0.1859194E+02  0.1250871E+02  0.4367939E+01
Si  0.2483876E+02  0.1131388E+01  0.2657539E+01
Si  0.1886100E+02  0.9836984E+01  0.8055820E+01
Si  0.2232463E+02  0.8652734E+01  0.9911007E+01
Si  0.2219074E+02  0.1677727E+02  0.4703335E+01
Si  0.1823510E+02  0.1220268E+02  0.1015015E+02
Si  0.1681811E+02  0.1607912E+02  0.1197321E+02
Si  0.2785420E-01  0.1545319E+02  0.5942648E+01
Si  0.2627454E+01  0.1835807E+02  0.5547505E+01
Si  0.2471458E+01  0.1530588E+02  0.8560655E+01
Si  0.1933803E-01  0.1814742E+02  0.8642096E+01
Si  0.1579598E+01  0.1698537E+02  0.7090132E+01
Si  0.3936138E+01  0.1962423E+02  0.7068946E+01
Si  0.4088540E+01  0.1683328E+02  0.9766386E+01
Si  0.1353063E+01  0.1968356E+02  0.9815557E+01
Si  0.5427477E+01  0.1542977E+02  0.5828796E+01
Si  0.8145420E+01  0.1812553E+02  0.5824128E+01
Si  0.8185258E+01  0.1562024E+02  0.8500750E+01
Si  0.5336097E+01  0.1827182E+02  0.8502818E+01
Si  0.6661039E+01  0.1688338E+02  0.7264968E+01
Si  0.9497750E+01  0.1957121E+02  0.7210176E+01
Si  0.9574603E+01  0.1688519E+02  0.9556171E+01
Si  0.6845072E+01  0.1961826E+02  0.9392746E+01
Si  0.1074625E+02  0.1540820E+02  0.5713961E+01
Si  0.1435355E+02  0.1784936E+02  0.5828903E+01
Si  0.1377582E+02  0.1576816E+02  0.8493258E+01
Si  0.1088809E+02  0.1838064E+02  0.8424614E+01
Si  0.1217842E+02  0.1708058E+02  0.6861015E+01
Si  0.1426988E+02  0.2117458E+02  0.4029470E+01
Si  0.1643960E+02  0.1699318E+02  0.6929771E+01
Si  0.1234604E+02  0.1960402E+02  0.9940269E+01
Si  0.1650019E+02  0.1200146E+02  0.5590658E+01
Si  0.1939619E+02  0.1771932E+02  0.1023007E+02
Si  0.1806967E+02  0.1410344E+02  0.2448038E+01
Si  0.1623877E+02  0.1579154E+02  0.8803866E+01
Si  0.1637399E+02  0.1388004E+02  0.7183766E+01
Si  0.1923595E+02  0.1484225E+01  0.6028543E+01
Si  0.1512477E+02  0.1897223E+02  0.1006725E+02
Si  0.1633871E+02  0.2912633E+00  0.1203195E+02
Si  0.1519266E+00  0.2101221E+02  0.1128382E+02
Si  0.2783062E+01  0.1604709E+01  0.1114608E+02
Si  0.2881680E+01  0.2082336E+02  0.1389255E+02
Si  0.5127906E-01  0.1898540E+01  0.1409283E+02
Si  0.1402910E+01  0.4831181E+00  0.1275114E+02
Si  0.4063089E+01  0.2937642E+01  0.1259866E+02
Si  0.4079468E+01  0.4465799E+00  0.1510560E+02
Si  0.1375731E+01  0.3339271E+01  0.1537200E+02
Si  0.5418413E+01  0.2073045E+02  0.1109189E+02
Si  0.7989844E+01  0.1705446E+01  0.1105293E+02
Si  0.8336086E+01  0.2067508E+02  0.1385763E+02
Si  0.5641197E+01  0.1746717E+01  0.1396125E+02
Si  0.6814450E+01  0.2136308E+00  0.1261247E+02
Si  0.9488927E+01  0.3088829E+01  0.1252677E+02
Si  0.9384251E+01  0.4827013E+00  0.1533074E+02
Si  0.6985478E+01  0.3268935E+01  0.1522538E+02
Si  0.1059716E+02  0.2081274E+02  0.1117115E+02
Si  0.1310412E+02  0.2340085E+01  0.1145963E+02
Si  0.1342804E+02  0.2084596E+02  0.1369435E+02
Si  0.1087428E+02  0.1714115E+01  0.1394328E+02
Si  0.1189410E+02  0.5625070E+00  0.1243944E+02
Si  0.1476007E+02  0.3950606E+01  0.1251341E+02
Si  0.1471334E+02  0.7564353E+00  0.1491108E+02
Si  0.1203273E+02  0.3117071E+01  0.1516153E+02
Si  0.1658314E+02  0.1254211E+01  0.9916929E+01
Si  0.2295773E+02  0.2969697E+00  0.1822388E+02
Si  0.2134573E+02  0.1865573E+01  0.1744324E+02
Si  0.1816797E+02  0.5598976E+00  0.1670657E+02
Si  0.1684382E+02  0.2349461E+01  0.1592508E+02
Si  0.2161041E+02  0.3696362E+01  0.1329130E+02
Si  0.1978578E+02  0.3494578E+01  0.1807386E+02
Si  0.2012838E+02  0.1238041E+01  0.1551855E+02
Si  0.6504892E+02  0.4563606E+01  0.1121745E+02
Si  0.2704989E+01  0.7409433E+01  0.1162529E+02
Si  0.2796920E+01  0.4528773E+01  0.1398004E+02
Si  0.2305749E+00  0.7478338E+01  0.1391249E+02
Si  0.1325037E+01  0.5975426E+01  0.1265599E+02
Si  0.4315762E+01  0.8783702E+01  0.1268689E+02
Si  0.4120609E+01  0.5851049E+01  0.1538694E+02
Si  0.1536212E+01  0.8555108E+01  0.1529006E+02
Si  0.5294768E+01  0.4554129E+01  0.1110321E+02
Si  0.8219208E+01  0.7298964E+01  0.1149992E+02
Si  0.8202306E+01  0.4508463E+01  0.1396288E+02
Si  0.5441172E+01  0.7069116E+01  0.1415871E+02
Si  0.6735431E+01  0.5713601E+01  0.1264246E+02
Si  0.9624515E+01  0.8653881E+01  0.1273546E+02
Si  0.9571864E+01  0.5778913E+01  0.1541946E+02
Si  0.7002398E+01  0.8591288E+01  0.1543385E+02
Si  0.1070490E+02  0.4424227E+01  0.1124857E+02
Si  0.1369981E+02  0.7190549E+01  0.1109947E+02
Si  0.1353558E+02  0.4842074E+01  0.1430859E+02
Si  0.1080289E+02  0.7256862E+01  0.1419059E+02
Si  0.1219733E+02  0.5999439E+01  0.1262517E+02
Si  0.1514929E+02  0.8584323E+01  0.1247661E+02
Si  0.1554471E+02  0.6013682E+01  0.1547205E+02
Si  0.1222104E+02  0.8731534E+01  0.1513748E+02
Si  0.1816745E+02  0.5650318E+01  0.1238066E+02
Si  0.2086458E+02  0.6866764E+01  0.1099151E+02
Si  0.2329864E+02  0.4535411E+01  0.9775790E+01
Si  0.1672155E+02  0.7114747E+01  0.1356839E+02
Si  0.1912593E+02  0.3493480E+01  0.1314750E+02
Si  0.1927318E+02  0.1136779E+02  0.1239086E+02
Si  0.1859601E+02  0.6559685E+01  0.1020336E+02
Si  0.2128732E+02  0.8433601E+01  0.1297205E+02
Si  0.2673849E+00  0.1010221E+02  0.1124870E+02
Si  0.3038721E+01  0.1275733E+02  0.1110415E+02
Si  0.2915689E+01  0.9989003E+01  0.1399713E+02
Si  0.2516141E+00  0.1274696E+02  0.1387628E+02
Si  0.1740107E+01  0.1151107E+02  0.1270302E+02
Si  0.4222827E+01  0.1425161E+02  0.1259537E+02
Si  0.4347753E+01  0.1152968E+02  0.1537981E+02
Si  0.1733070E+01  0.1396315E+02  0.1518438E+02
Si  0.5622353E+01  0.9873117E+01  0.1122825E+02
Si  0.8020360E+01  0.1267954E+02  0.1139731E+02
Si  0.8357105E+01  0.1010629E+02  0.1400047E+02
Si  0.5528265E+01  0.1272565E+02  0.1373714E+02
Si  0.6927654E+01  0.1134095E+02  0.1262482E+02
Si  0.9570277E+01  0.1385377E+02  0.1259756E+02
Si  0.9810612E+01  0.1148245E+02  0.1536832E+02
Si  0.6821055E+01  0.1418438E+02  0.1505656E+02
Si  0.1105836E+02  0.9957282E+01  0.1155762E+02
Si  0.1354501E+02  0.1308816E+02  0.1162223E+02
Si  0.1383210E+02  0.9854794E+01  0.1401013E+02
Si  0.1119837E+02  0.1284957E+02  0.1395345E+02
Si  0.1267991E+02  0.1135365E+02  0.1259055E+02
Si  0.1518414E+02  0.1442919E+02  0.1248832E+02
Si  0.1444561E+02  0.1139067E+02  0.1573828E+02
Si  0.1236995E+02  0.1431156E+02  0.1530290E+02
Si  0.1657538E+02  0.9309113E+01  0.1082275E+02
Si  0.2351430E+02  0.1765782E+02  0.1478121E+02
Si  0.1772705E+02  0.8334612E+01  0.1907408E+02
Si  0.1553068E+02  0.1245494E+02  0.1387416E+02
Si  0.1699770E+02  0.1076670E+02  0.1354312E+02
Si  0.2465105E+02  0.9532985E+01  0.1034578E+02
Si  0.3286868E+02  0.7653752E+01  0.1800450E+02
Si  0.1660792E+02  0.1594983E+02  0.1728724E+02
Si  0.2521188E+00  0.1523042E+02  0.1114574E+02
Si  0.2743338E+01  0.1824400E+02  0.1114050E+02
Si  0.2887447E+01  0.1556757E+02  0.1389526E+02
Si  0.3218628E-01  0.1824226E+02  0.1377124E+02
Si  0.1350192E+01  0.1682476E+02  0.1251449E+02
Si  0.4177989E+01  0.1933373E+02  0.1237258E+02
Si  0.4404363E+01  0.1681121E+02  0.1525170E+02
Si  0.1569402E+01  0.1931584E+02  0.1534891E+02
Si  0.5671867E+01  0.1551169E+02  0.1106002E+02
Si  0.8286034E+01  0.1820448E+02  0.1083910E+02
Si  0.8642499E+01  0.1550155E+02  0.1409981E+02
Si  0.5612607E+01  0.1800082E+02  0.1375218E+02
Si  0.7407883E+01  0.1672612E+02  0.1259662E+02
Si  0.9550169E+01  0.1938531E+02  0.1231904E+02
Si  0.9755452E+01  0.1692812E+02  0.1527366E+02
Si  0.6762614E+01  0.1942410E+02  0.1507977E+02
Si  0.1061403E+02  0.1522295E+02  0.1109583E+02
Si  0.1325811E+02  0.1732930E+02  0.1036906E+02
Si  0.1370830E+02  0.1544935E+02  0.1400540E+02
Si  0.1089819E+02  0.1807518E+02  0.1357205E+02
Si  0.1199916E+02  0.1655725E+02  0.1243904E+02
Si  0.1506807E+02  0.1989204E+02  0.1229939E+02
Si  0.1514417E+02  0.1690034E+02  0.1533634E+02
Si  0.1235244E+02  0.1933293E+02  0.1487400E+02
Si  0.1634512E+02  0.1125535E+02  0.1094714E+02
Si  0.1610744E+02  0.2060989E+01  0.1361996E+02
Si  0.1817893E+02  0.1639629E+02  0.1385910E+02
Si  0.1643336E+02  0.1838004E+02  0.1387476E+02
Si  0.1729963E+02  0.1411664E+02  0.1029658E+02
Si  0.1944390E+02  0.1142099E+01  0.1311852E+02
Si  0.2220273E+02  0.1895214E+02  0.1861872E+02
Si  0.1776315E+02  0.2014421E+02  0.1497555E+02
Si  0.2024527E-02  0.2081957E+02  0.1648523E+02
Si  0.2711673E+01  0.1714320E+01  0.1669226E+02
Si  0.2780107E+01  0.2075418E+02  0.1950147E+02
Si  0.4851455E-01  0.1830985E+01  0.1918928E+02
Si  0.1317552E+01  0.3514906E+00  0.1792624E+02
Si  0.4005689E+01  0.3151162E+01  0.1804425E+02
Si  0.3911493E+01  0.5327406E+00  0.2082313E+02
Si  0.1094712E+01  0.3624853E+01  0.2059881E+02
Si  0.5310748E+01  0.2082684E+02  0.1668033E+02
Si  0.8097366E+01  0.1986410E+01  0.1678806E+02
Si  0.7955002E+01  0.2101076E+02  0.1914269E+02
Si  0.5282300E+01  0.1990433E+01  0.1971511E+02
Si  0.6524380E+01  0.7561243E+00  0.1803329E+02
Si  0.9428479E+01  0.3215060E+01  0.1816716E+02
Si  0.9371162E+01  0.7015077E+00  0.2069724E+02
Si  0.6818517E+01  0.3436369E+01  0.2069877E+02
Si  0.1072647E+02  0.2050150E+02  0.1625435E+02
Si  0.1334738E+02  0.1660815E+01  0.1650367E+02
Si  0.1328474E+02  0.2103138E+02  0.1890913E+02
Si  0.1069105E+02  0.1797697E+01  0.1923000E+02
Si  0.1193769E+02  0.1793986E+00  0.1756395E+02
Si  0.1474705E+02  0.2812752E+01  0.1808112E+02
Si  0.1301724E+02  0.1632592E+01  0.5917454E+00
Si  0.1207324E+02  0.3070620E+01  0.2071491E+02
Si  0.1605637E+02  0.2106210E+02  0.1633720E+02
Si  0.2517431E+02  0.6326067E+01  0.1005921E+02
Si  0.1791214E+02  0.6487539E+01  0.2330496E+01
Si  0.1502330E+02  0.8707988E+00  0.1925031E+02
Si  0.1727021E+02  0.8055045E+00  0.2062572E+02
Si  0.2698304E+02  0.7830768E+01  0.1543536E+02
Si  0.1825318E+02  0.2086201E+02  0.1271714E+02
Si  0.1508433E+02  0.2965647E+01  0.1112289E+01
Si  0.6500138E+02  0.4580775E+01  0.1668222E+02
Si  0.2848574E+01  0.7194774E+01  0.1685014E+02
Si  0.2594835E+01  0.4658675E+01  0.1918494E+02
Si  0.2366144E+00  0.7532097E+01  0.1902191E+02
Si  0.9818256E+00  0.5889287E+01  0.1788459E+02
Si  0.4138875E+01  0.8692445E+01  0.1813662E+02
Si  0.3908258E+01  0.5989996E+01  0.2059058E+02
Si  0.1387253E+01  0.8631116E+01  0.2058786E+02
Si  0.5408851E+01  0.4652372E+01  0.1677252E+02
Si  0.8334780E+01  0.7140404E+01  0.1664824E+02
Si  0.8138750E+01  0.4859931E+01  0.1945168E+02
Si  0.5310496E+01  0.7294120E+01  0.1949059E+02
Si  0.6744940E+01  0.6052185E+01  0.1818888E+02
Si  0.9792038E+01  0.8550083E+01  0.1797093E+02
Si  0.9744567E+01  0.6063363E+01  0.2065608E+02
Si  0.7012716E+01  0.8799287E+01  0.2091809E+02
Si  0.1084735E+02  0.4398426E+01  0.1677231E+02
Si  0.1358468E+02  0.7348113E+01  0.1616780E+02
Si  0.1360865E+02  0.4451501E+01  0.1930531E+02
Si  0.1126139E+02  0.7275204E+01  0.1943610E+02
Si  0.1239764E+02  0.5787138E+01  0.1771639E+02
Si  0.1500927E+02  0.9291248E+01  0.1714599E+02
Si  0.1486374E+02  0.5954517E+01  0.2107422E+02
Si  0.1248314E+02  0.8628677E+01  0.2076839E+02
Si  0.1626178E+02  0.4300507E+01  0.1682164E+02
Si  0.2332476E+02  0.8705434E+01  0.1360871E+02
Si  0.2096048E+02  0.5680330E+01  0.1541744E+02
Si  0.1918376E+02  0.9963196E+01  0.1999021E+02
Si  0.1748626E+02  0.4367760E+01  0.1876773E+02
Si  0.1856890E+02  0.1055900E+02  0.1698844E+02
Si  0.2708594E+02  0.5078986E+01  0.2007177E+02
Si  0.2491171E+02  0.5073621E+01  0.1918997E+02
Si  0.2082497E+00  0.1002714E+02  0.1658554E+02
Si  0.2992512E+01  0.1277466E+02  0.1663845E+02
Si  0.2645288E+01  0.1008462E+02  0.1933921E+02
Si  0.1836505E+00  0.1267740E+02  0.1932816E+02
Si  0.1277846E+01  0.1140384E+02  0.1777791E+02
Si  0.4603618E+01  0.1401641E+02  0.1792641E+02
Si  0.4427255E+01  0.1127010E+02  0.2061692E+02
Si  0.1574315E+01  0.1381757E+02  0.2072911E+02
Si  0.5469213E+01  0.9928396E+01  0.1656704E+02
Si  0.7967056E+01  0.1253582E+02  0.1643970E+02
Si  0.8382985E+01  0.1000421E+02  0.1943440E+02
Si  0.5851179E+01  0.1273420E+02  0.1932149E+02
Si  0.6931130E+01  0.1112237E+02  0.1802597E+02
Si  0.9548173E+01  0.1401172E+02  0.1785693E+02
Si  0.9488273E+01  0.1129708E+02  0.2076109E+02
Si  0.6799811E+01  0.1415783E+02  0.2079849E+02
Si  0.1104412E+02  0.1011225E+02  0.1655964E+02
Si  0.1349292E+02  0.1329471E+02  0.1707838E+02
Si  0.1397978E+02  0.1007469E+02  0.1926186E+02
Si  0.1099570E+02  0.1257977E+02  0.1957422E+02
Si  0.1234869E+02  0.1129085E+02  0.1799504E+02
Si  0.1512662E+02  0.1439407E+02  0.1835758E+02
Si  0.1534931E+02  0.1168269E+02  0.2096131E+02
Si  0.1222638E+02  0.1397485E+02  0.2106327E+02
Si  0.1735285E+02  0.8538708E+01  0.1675819E+02
Si  0.2304847E+02  0.1683834E+02  0.1714609E+02
Si  0.2185307E+02  0.4836413E+01  0.1789855E+02
Si  0.1918941E+02  0.1444635E+02  0.1497396E+02
Si  0.1732874E+02  0.1302418E+02  0.1532683E+02
Si  0.1815547E+02  0.1513177E+02  0.1876076E+02
Si  0.2277627E+02  0.1112284E+02  0.1781281E+02
Si  0.1656855E+02  0.1185918E+02  0.1730859E+02
Si  0.3914138E+00  0.1551580E+02  0.1642691E+02
Si  0.3045909E+01  0.1801230E+02  0.1665959E+02
Si  0.2865232E+01  0.1501935E+02  0.1943321E+02
Si  0.6374609E-01  0.1802341E+02  0.1946150E+02
Si  0.1592252E+01  0.1673787E+02  0.1820255E+02
Si  0.4120156E+01  0.1932093E+02  0.1815944E+02
Si  0.4185667E+01  0.1645525E+02  0.2070024E+02
Si  0.1345264E+01  0.1927589E+02  0.2098375E+02
Si  0.5677023E+01  0.1558587E+02  0.1673377E+02
Si  0.8326895E+01  0.1812947E+02  0.1645968E+02
Si  0.8336386E+01  0.1555368E+02  0.1957234E+02
Si  0.5440045E+01  0.1791006E+02  0.1932587E+02
Si  0.7219930E+01  0.1668927E+02  0.1789647E+02
Si  0.9486770E+01  0.1951910E+02  0.1792544E+02
Si  0.9565739E+01  0.1695232E+02  0.2080826E+02
Si  0.6965336E+01  0.1936509E+02  0.2060496E+02
Si  0.1093433E+02  0.1545220E+02  0.1676097E+02
Si  0.1354722E+02  0.1820638E+02  0.1650237E+02
Si  0.1329572E+02  0.1561672E+02  0.1956666E+02
Si  0.1078617E+02  0.1824368E+02  0.1932196E+02
Si  0.1225126E+02  0.1684297E+02  0.1805384E+02
Si  0.1454664E+02  0.1960930E+02  0.1776856E+02
Si  0.1595794E+02  0.1835874E+02  0.1923375E+02
Si  0.1197982E+02  0.1954875E+02  0.2039297E+02
Si  0.1907576E+02  0.1638905E+02  0.1668172E+02
Si  0.1995840E+02  0.1790435E+02  0.1488497E+02
Si  0.1674927E+02  0.1281520E+02  0.1944122E+02
Si  0.1909527E+02  0.2104603E+02  0.1849515E+02
Si  0.2106188E+02  0.2098350E+02  0.1954707E+02
Si  0.2346541E+02  0.2162630E+02  0.2058157E+02
Si  0.2026296E+02  0.9599944E+01  0.2364101E+01
Si  0.1628750E+02  0.8629164E+00  0.1186165E+01
Si  0.2710275E+02  0.1511657E+02  0.2047649E+01
Si  0.2634645E+02  0.3452192E+01  0.1766047E+02
Si  0.2130138E+02  0.9617699E+01  0.4445924E+01
Si  0.2777870E+02  0.4713205E+01  0.1704727E+01
Si  0.3029595E+02  0.3510979E+01  0.5190252E+01
Si  0.3167595E+02  0.3252392E+01  0.1365216E+02
Si  0.4463845E+02  0.1619794E+02  0.5168497E+01
Si  0.4214215E+02  0.4366712E+01  0.2920594E+01
Si  0.2595520E+02  0.2142718E+02  0.1408558E+02
Si  0.2537157E+02  0.1846508E+02  0.1547218E+01
Si  0.2069578E+02  0.1022924E+02  0.1470331E+02
Si  0.4129987E+02  0.9808866E+01  0.1288758E+02
Si  0.2907143E+02  0.1466866E+02  0.2098689E+02
Si  0.3813457E+02  0.2107563E+02  0.2168302E+01
Si  0.3293906E+02  0.1195868E+02  0.1305853E+02
Si  0.2667854E+02  0.1717535E+02  0.1608810E+02
Si  0.3105019E+02  0.1504096E+02  0.6831261E+01
Si  0.3140428E+02  0.7233932E+01  0.1047319E+02
Si  0.3945727E+02  0.1182666E+02  0.9195647E+01
Si  0.2725487E+02  0.1892379E+02  0.4565402E+01
Si  0.2212626E+02  0.2085326E+02  0.1321693E+02
Si  0.3827927E+02  0.1624166E+02  0.2611909E+01
Si  0.2473087E+02  0.1881934E+02  0.1818089E+02
Si  0.2477471E+02  0.1537154E+02  0.2723049E+01
Si  0.3925438E+02  0.1398238E+02  0.2145059E+02
Si  0.2449113E+02  0.1933275E+02  0.1609544E+02
Si  0.4206611E+02  0.1113279E+02  0.2321006E+01
Si  0.2996776E+02  0.1958352E+02  0.6954750E+01
Si  0.3711466E+02  0.4538597E+01  0.1939975E+02
Si  0.2202096E+02  0.2047952E+02  0.1662091E+02
Si  0.3436130E+02  0.1268241E+02  0.5177366E+01
Si  0.4407721E+02  0.2822893E+01  0.2352875E+00
Si  0.3079093E+02  0.8966765E-01  0.5849423E+01
Si  0.3470317E+02  0.1966320E+01  0.1327132E+01
Si  0.2696302E+02  0.6142369E+01  0.5072967E+01
Si  0.2295502E+02  0.1091313E+02  0.5823126E+01
Si  0.3631034E+02  0.8058526E+01  0.7947537E+01
Si  0.2859928E+02  0.1043956E+01  0.1724629E+02
Si  0.3088598E+02  0.1073991E+02  0.1289647E+01
Si  0.2671877E+02  0.3685824E+01  0.8148208E+01
Si  0.4080649E+02  0.1114512E+02  0.1830739E+02
Si  0.2589868E+02  0.1470357E+02  0.5104269E+01
Si  0.2048472E+02  0.1168048E+02  0.1824022E+02
Si  0.2921808E+02  0.6339829E+01  0.5689457E+01
Si  0.3213334E+02  0.2351650E+01  0.1747417E+02
Si  0.3417292E+02  0.2152795E+01  0.1127898E+02
Si  0.2798595E+02  0.1532201E+02  0.5433022E+01
Si  0.2584981E+02  0.1654650E+02  0.9697306E+01
Si  0.3343150E+02  0.1555780E+02  0.1663388E+02
Si  0.3787740E+02  0.1727511E+02  0.2020144E+02
Si  0.3352659E+02  0.2105914E+02  0.1851637E+02
Si  0.1922508E+02  0.1292673E+02  0.2149439E+02
Si  0.4267434E+02  0.1576619E+02  0.1113363E+02
Si  0.3558871E+02  0.1585760E+02  0.8429570E+01
Si  0.4332120E+02  0.5767498E+01  0.2023149E+02
Si  0.3302082E+02  0.1878546E+02  0.1656555E+02
Si  0.3845408E+02  0.1111419E+02  0.1779692E+02
Si  0.3336503E+02  0.6129427E+01  0.9440223E+01
Si  0.2728814E+02  0.1082790E+02  0.4096843E+01
Si  0.3856689E+02  0.4347639E+01  0.5564836E+01
Si  0.2624412E+02  0.1346635E+02  0.1869017E+02
Si  0.4404241E+02  0.8447550E+01  0.1973326E+02
Si  0.1837027E+02  0.2087671E+02  0.2648011E+00
Si  0.3015224E+02  0.6463892E+01  0.1248896E+02
Si  0.3433492E+02  0.1522212E+02  0.5326902E+01
Si  0.1685839E+02  0.1370195E+02  0.1949116E+00
Si  0.1981420E+02  0.7388853E+01  0.1456559E+02
Si  0.2385046E+02  0.1670038E+01  0.6215384E+01
Si  0.2767852E+02  0.1146673E+02  0.1667244E+02
Si  0.2831872E+02  0.1229298E+02  0.1904474E+02
Si  0.4519099E+02  0.1077567E+02  0.1726847E+02
Si  0.2508992E+02  0.1641012E+02  0.1783770E+02
Si  0.2876976E+02  0.1494162E+02  0.7472273E+01
Si  0.3274918E+02  0.7614916E+01  0.1367077E+02
Si  0.2798507E+02  0.2010742E+02  0.1979308E+02
Si  0.2368647E+02  0.1988412E+01  0.1397992E+02
Si  0.3423057E+02  0.4556175E+01  0.1135400E+02
Si  0.4019512E+02  0.2102456E+02  0.9585465E+01
Si  0.4527413E+02  0.1112173E+02  0.6287082E+01
Si  0.2972005E+02  0.8862131E+01  0.9676163E+01
Si  0.3727253E+02  0.1898884E+02  0.9953264E+01
Si  0.2416391E+02  0.1728236E+02  0.1113005E+02
Si  0.2559792E+02  0.4905599E+01  0.1450735E+02
Si  0.3204000E+02  0.2109579E+02  0.1113215E+02
Si  0.2693689E+02  0.1588118E+02  0.1975101E+02
Si  0.3089029E+02  0.9551232E+01  0.1957864E+02
Si  0.2465943E+02  0.1631905E+02  0.1343452E+02
Si  0.3535752E+02  0.1502449E+02  0.2128065E+02
Si  0.3291583E+02  0.3556598E+01  0.9636012E+01
Si  0.3826344E+02  0.5446022E+01  0.2108816E+02
Si  0.3061578E+02  0.3856203E+01  0.2828123E+01
Si  0.3364427E+02  0.2991414E+01  0.4932353E+01
Si  0.3838059E+02  0.3289889E+01  0.3256544E+01
Si  0.3331628E+02  0.6045575E+00  0.2814721E+01
Si  0.4208743E+02  0.1434028E+02  0.1955163E+02
Si  0.2053756E+02  0.6955262E-01  0.3734659E+01
Si  0.2900107E+02  0.1041319E+02  0.2068181E+02
Si  0.4034224E+02  0.2900804E+01  0.2059922E+01
Si  0.2087768E+02  0.1168960E+02  0.3278269E+01
Si  0.2254178E+02  0.1488650E+02  0.8767671E+01
Si  0.3059112E+02  0.7019436E+01  0.1571914E+02
Si  0.2776508E+02  0.1289802E+02  0.9952498E+01
Si  0.2792356E+02  0.8701067E+01  0.1753671E+02
Si  0.2227108E+02  0.1220940E+02  0.1437556E+02
Si  0.3488594E+02  0.5244332E+01  0.7570370E+01
Si  0.3099603E+02  0.1454664E+02  0.1301107E+02
Si  0.3466815E+02  0.1848969E+01  0.1918827E+02
Si  0.3556585E+02  0.5987366E+01  0.2640254E+01
Si  0.3718334E+02  0.3302855E+01  0.7635207E+00
Si  0.2860850E+02  0.7923993E+01  0.2061528E+01
Si  0.2989279E+02  0.1023780E+02  0.1133991E+02
Si  0.3940228E+02  0.8135145E+01  0.1921968E+02
Si  0.4131393E+02  0.9042039E+00  0.1212461E+02
Si  0.3455663E+02  0.2011773E+02  0.5929764E+01
Si  0.3717344E+02  0.2882939E+00  0.1526732E+02
Si  0.3053780E+02  0.2760527E+01  0.8496413E+01
Si  0.3838552E+02  0.7620427E+01  0.3365373E+01
Si  0.2588068E+02  0.6305517E+01  0.2209313E+01
Si  0.3691474E+02  0.1942337E+02  0.1743594E+02
Si  0.4515265E+02  0.6357903E+01  0.7028861E+01
Si  0.2228384E+02  0.1706698E+02  0.9561861E+01
Si  0.3195756E+02  0.1720745E+02  0.9788763E+01
Si  0.2213444E+02  0.2790325E+01  0.1141914E+01
Si  0.4150206E+02  0.1938851E+02  0.1043974E+02
Si  0.2141059E+02  0.1396502E+02  0.1900174E+02
Si  0.3323717E+02  0.9079702E+01  0.5557894E+01
Si  0.3446840E+02  0.7800361E+01  0.3784807E+01
Si  0.3797428E+02  0.1500120E+02  0.4465207E+01
Si  0.1717225E+02  0.1787309E+02  0.1046638E+02
Si  0.2856648E+02  0.7346390E+00  0.1100368E+02
Si  0.2531412E+02  0.8666316E+01  0.2421145E+01
Si  0.2758796E+02  0.1756148E+02  0.1077948E+02
Si  0.2845867E+02  0.4951687E+01  0.1146257E+02
Si  0.3189301E+02  0.1412122E+02  0.8773353E+01
Si  0.4039993E+02  0.2044939E+02  0.1431312E+01
Si  0.2577858E+02  0.9824567E+01  0.1643058E+02
Si  0.2578285E+02  0.7390022E+00  0.5484065E+01
Si  0.3587935E+02  0.9269010E+01  0.1873009E+02
Si  0.3040384E+02  0.1670209E+02  0.1427102E+02
Si  0.3791576E+02  0.1083402E+02  0.2479464E+01
Si  0.2062246E+02  0.9713761E+01  0.1140712E+02
Si  0.4027672E+02  0.3814652E+01  0.7316568E+01
Si  0.2797424E+02  0.5154144E+01  0.1500701E+02
Si  0.2696264E+02  0.1780986E+02  0.1314846E+02
Si  0.2429784E+02  0.2136937E+02  0.7798641E+01
Si  0.4026630E+02  0.9480695E+01  0.9482090E+01
Si  0.3874660E+02  0.2967299E+01  0.1201399E+02
Si  0.3781531E+02  0.1333314E+02  0.1021306E+02
Si  0.2948674E+02  0.1549552E+02  0.1619384E+02
Si  0.3015855E+02  0.1248043E+02  0.1740338E+02
Si  0.3491150E+02  0.1818147E+02  0.1769096E+02
Si  0.2853112E+02  0.6815327E+00  0.6930229E+01
Si  0.1985793E+02  0.2178755E+01  0.2357239E+01
Si  0.3756249E+02  0.1426258E+02  0.1473063E+02
Si  0.1786472E+02  0.1627459E+02  0.3407822E+01
Si  0.2597308E+02  0.8007011E+01  0.1168511E+02
Si  0.4147826E+02  0.9033577E+01  0.6336235E+01
Si  0.4364690E+02  0.3394322E+01  0.4593259E+01
Si  0.4309253E+02  0.1521306E+02  0.1379990E+02
Si  0.3179280E+02  0.2207596E+01  0.6391456E+01
Si  0.3597551E+02  0.1548272E+02  0.3318325E+01
Si  0.2202869E+02  0.1455264E+02  0.5706475E+01
Si  0.3102818E+02  0.1240800E+02  0.1178402E+02
Si  0.2764648E+02  0.1595356E+01  0.9051706E+01
Si  0.4289847E+02  0.1532924E+02  0.1431831E+01
Si  0.3297381E+02  0.1605330E+02  0.3378682E+01
Si  0.2675435E+02  0.1460641E+02  0.8918943E+01
Si  0.3537934E+02  0.1323558E+02  0.3140654E+01
Si  0.3751301E+02  0.1498486E+02  0.2007143E+02
Si  0.2475980E+02  0.2038674E+02  0.4471802E+01
Si  0.2635060E+02  0.7770362E+01  0.8453763E+01
Si  0.2064080E+02  0.1296907E+02  0.1614177E+02
Si  0.3322375E+02  0.6049534E+01  0.1980550E+02
Si  0.3363412E+02  0.9944663E+01  0.1696569E+02
Si  0.3434648E+02  0.1692415E+02  0.2165046E+02
Si  0.3224808E+02  0.1371200E+02  0.9472191E+00
Si  0.2836392E+02  0.2095361E+02  0.1934206E+01
Si  0.2883714E+02  0.1445588E+02  0.3236687E+01
Si  0.3606947E+02  0.1231201E+02  0.7503169E+01
Si  0.2875908E+02  0.5713597E+00  0.2585509E-02
Si  0.3255052E+02  0.1734250E+02  0.1239657E+02
Si  0.3391866E+02  0.7570476E+01  0.1587117E+02
Si  0.2101155E+02  0.2020944E+02  0.6109876E+01
Si  0.3357908E+02  0.3017349E+01  0.2129955E+02
Si  0.3663738E+02  0.7244718E+01  0.8967905E+00
Si  0.2895395E+02  0.1140507E+02  0.7402141E+01
Si  0.2868142E+02  0.4386017E+01  0.9040779E+01
Si  0.3578220E+02  0.3689188E+01  0.1653394E+02
Si  0.2284456E+02  0.1278367E+02  0.4248201E+01
Si  0.2527815E+02  0.1080061E+02  0.9651419E+00
Si  0.3242312E+02  0.9488987E+01  0.2131246E+02
Si  0.1918487E+02  0.1742230E+02  0.1884818E+02
Si  0.3141672E+02  0.1505447E+02  0.1080442E+02
Si  0.2352104E+02  0.1114232E+02  0.2082358E+02
Si  0.3773156E+02  0.1050952E+02  0.1999414E+02
Si  0.2752702E+02  0.2000775E+02  0.6904166E+01
Si  0.3412475E+02  0.1089749E+02  0.6821842E+01
Si  0.4167224E+02  0.7239628E+01  0.1958013E+02
Si  0.3912562E+02  0.1686363E+01  0.1884938E+02
Si  0.3045643E+02  0.4916478E+01  0.7123051E+01
Si  0.1852787E+02  0.2010395E+02  0.1043764E+02
Si  0.3536209E+02  0.8065815E+01  0.1418109E+02
Si  0.2953091E+02  0.2788272E+01  0.1159409E+01
Si  0.4586766E+02  0.9525069E+01  0.1542052E+02
Si  0.2956366E+02  0.1324764E+02  0.8722379E+01
Si  0.4242979E+02  0.1331108E+02  0.1163961E+02
Si  0.2895275E+02  0.1716514E+02  0.8506043E+01
Si  0.3848607E+02  0.1947433E+02  0.1531564E+02
Si  0.4330648E+02  0.1764924E+02  0.3612390E+01
Si  0.3809620E+02  0.8380276E+01  0.9417402E+01
Si  0.3493476E+02  0.4237028E+01  0.1953925E+02
Si  0.3589999E+02  0.1815479E+02  0.5731013E+01
Si  0.2854559E+02  0.2007008E+02  0.1337863E+02
Si  0.3141272E+02  0.1177181E+00  0.1661850E+02
Si  0.2735273E+02  0.1681989E+02  0.3597820E+00
Si  0.3121831E+02  0.1949388E+02  0.2178319E+01
Si  0.3106671E+02  0.1026661E+02  0.1655662E+02
Si  0.3704867E+02  0.1135363E+01  0.1768435E+02
Si  0.4404272E+02  0.4440659E+01  0.6279222E+01
Si  0.3994012E+02  0.9790437E+01  0.2365285E+01
Si  0.2398097E+02  0.1969233E+02  0.1132487E+02
Si  0.3472115E+02  0.1351063E+02  0.9278797E+00
Si  0.2248432E+02  0.1632598E+02  0.2224349E+01
Si  0.2528644E+02  0.7279298E+01  0.1384984E+02
Si  0.2531198E+02  0.2794298E+01  0.1537095E+02
Si  0.3357626E+02  0.2065168E+02  0.9231785E+01
Si  0.2202721E+02  0.1836278E+02  0.7494787E+01
Si  0.2069443E+02  0.1349455E+02  0.1298687E+02
Si  0.2061581E+02  0.4759712E+00  0.7448983E+01
Si  0.3189668E+02  0.1166468E+02  0.8080592E+01
Si  0.3407214E+02  0.1689450E+02  0.6926653E+01
Si  0.3171568E+02  0.1714662E+02  0.7600154E+01
Si  0.3232438E+02  0.2064137E+02  0.1348620E+02
Si  0.2969233E+02  0.1138931E+02  0.5045662E+01
Si  0.3061356E+02  0.1938429E+02  0.1037241E+02
Si  0.2815830E+02  0.1566130E+02  0.1371749E+02
Si  0.3202575E+02  0.5614728E+01  0.1447443E+02
Si  0.3339024E+02  0.2025464E+02  0.1060805E+01
Si  0.2242625E+02  0.1440540E+02  0.1687320E+02
Si  0.2338148E+02  0.1263441E+02  0.9679165E+01
Si  0.2860569E+02  0.1775959E+02  0.1954952E+02
Si  0.3696283E+02  0.6040332E+01  0.1613501E+02
Si  0.4107437E+02  0.5246560E+01  0.1352414E+02
Si  0.3518207E+02  0.8390039E+00  0.9639324E+01
Si  0.2848923E+02  0.8269904E+01  0.2129875E+02
Si  0.3641153E+02  0.1139832E+02  0.9817677E+01
Si  0.2383522E+02  0.1435446E+02  0.1920977E+02
Si  0.2937038E+02  0.1155701E+02  0.1517034E+02
Si  0.2048734E+02  0.1744334E+02  0.1986611E+01
Si  0.2897146E+02  0.7641754E+01  0.1438156E+02
Si  0.3338364E+02  0.1551877E+02  0.1906629E+02
Si  0.2329580E+02  0.1049553E+02  0.8381283E+01
Si  0.2908707E+02  0.2997664E+01  0.1487068E+02
Si  0.3765222E+02  0.8058933E+01  0.1440305E+02
Si  0.3225232E+02  0.4908453E+01  0.5439712E+01
Si  0.3722103E+02  0.1080379E+01  0.3578267E+01
Si  0.2882877E+02  0.1782864E+02  0.1704513E+02
Si  0.3085015E+02  0.6515023E+01  0.4015032E+01
Si  0.1919041E+02  0.8720238E+01  0.5952447E+01
Si  0.3945503E+02  0.1570398E+02  0.1471922E+02
Si  0.3554857E+02  0.1089797E+02  0.1680626E+02
Si  0.3078070E+02  0.1802816E+02  0.3961422E+01
Si  0.2024000E+02  0.1579027E+02  0.8849036E+01
Si  0.2366329E+02  0.6642220E+01  0.6717169E+01
Si  0.4405008E+02  0.9547019E+01  0.4423629E+01
Si  0.1871596E+02  0.2474830E+01  0.9638533E+01
Si  0.2712858E+02  0.1626708E+01  0.1258444E+02
Si  0.4118201E+02  0.1487421E+02  0.8622596E+01
Si  0.3495144E+02  0.1356176E+02  0.9227700E+01
Si  0.2014238E+02  0.1978584E+02  0.1299751E+01
Si  0.4072206E+02  0.1596481E+02  0.2086058E+02
Si  0.3376335E+02  0.2123498E+02  0.1592005E+02
Si  0.2313052E+02  0.2007574E+02  0.8873315E+01
Si  0.3916722E+02  0.9206205E+01  0.1188256E+02
Si  0.2252856E+02  0.9389691E+01  0.1972250E+02
Si  0.4034300E+02  0.1536215E+01  0.6704975E+01
Si  0.4339497E+02  0.1968708E+02  0.4843743E+01
Si  0.4089127E+02  0.1630998E+01  0.9794135E+01
Si  0.3087202E+02  0.3352302E+00  0.2064527E+02
Si  0.3754513E+02  0.9756430E+01  0.1616778E+02
Si  0.3102512E+02  0.1410466E+01  0.1185842E+02
Si  0.4211187E+02  0.9264524E+01  0.1581191E+02
Si  0.2979636E+02  0.2131110E+02  0.1862389E+02
Si  0.3484030E+02  0.1696748E+02  0.1180356E+02
Si  0.2410833E+02  0.1689925E+02  0.4770602E+00
Si  0.2489297E+02  0.7808746E+01  0.4573283E+00
Si  0.3077784E+02  0.1508765E+02  0.1845191E+01
Si  0.3141697E+02  0.2168796E+02  0.1689776E+01
Si  0.2627364E+02  0.1514397E+02  0.1469923E+02
Si  0.4178181E+02  0.8013731E+01  0.1041762E+02
Si  0.2282519E+02  0.7119696E+01  0.1764547E+02
Si  0.2010725E+02  0.1516278E+02  0.3325220E+01
Si  0.3629568E+02  0.1853040E+02  0.2128385E+02
Si  0.3107178E+02  0.9370753E+01  0.5261415E+01
Si  0.4044828E+02  0.1945735E+02  0.1486329E+02
Si  0.2732190E+02  0.8311457E+01  0.4010764E+01
Si  0.2227022E+02  0.2067420E+01  0.1132643E+02
Si  0.2060308E+02  0.1665975E+02  0.6512213E+01
Si  0.2444699E+02  0.1054215E+02  0.1239417E+02
Si  0.2410930E+02  0.1818792E+02  0.5575205E+01
Si  0.3539176E+02  0.2048513E+02  0.1070210E+02
Si  0.3172589E+02  0.1988925E+02  0.2135280E+02
Si  0.3219725E+02  0.1139206E+02  0.1835212E+02
Si  0.4359578E+02  0.1939120E+02  0.1853508E+02
Si  0.1646067E+02  0.4925262E+01  0.9642423E+00
Si  0.2711692E+02  0.3921649E+01  0.4019731E+01
Si  0.2829292E+02  0.3388719E+01  0.1909268E+02
Si  0.3474322E+02  0.1530433E+01  0.1680381E+02
Si  0.3919466E+02  0.1870734E+02  0.1136472E+02
Si  0.3416506E+02  0.1053182E+02  0.3790262E+01
Si  0.3042340E+02  0.8011454E+01  0.1795948E+02
Si  0.2220655E+02  0.2001507E+02  0.3199085E+00
Si  0.2819049E+02  0.2001973E+02  0.1102965E+02
Si  0.4302026E+02  0.1148900E+02  0.1591035E+02
Si  0.3316651E+02  0.1035930E+02  0.1851267E+01
Si  0.2940088E+02  0.1241846E+02  0.2586301E+00
Si  0.4243521E+02  0.2641088E+01  0.1512877E+02
Si  0.3976634E+02  0.1941243E+02  0.6745828E+01
Si  0.4371787E+02  0.2437415E+01  0.1793490E+02
Si  0.3850873E+02  0.8523703E+01  0.2153447E+02
Si  0.3549071E+02  0.7444339E+01  0.1018714E+02
Si  0.2690950E+02  0.1009074E+02  0.1214088E+02
Si  0.4128831E+02  0.2684556E-01  0.1520912E+02
Si  0.4096565E+02  0.1741629E+02  0.1590193E+02
Si  0.4185228E+02  0.1705880E+00  0.8003215E+01
Si  0.3482330E+02  0.2062727E+02  0.1308132E+02
Si  0.4356926E+02  0.4951735E+01  0.1060851E+01
Si  0.2215171E+02  0.2124723E+02  0.1073365E+02
Si  0.4113792E+02  0.5893971E+01  0.1104892E+02
Si  0.3147826E+02  0.2778132E+01  0.1982313E+02
Si  0.3136392E+02  0.8926190E+00  0.1429045E+02
Si  0.3643704E+02  0.2406664E+01  0.1461509E+02
Si  0.2536914E+02  0.5598038E+01  0.2163062E+02
Si  0.2468536E+02  0.9044594E+01  0.7152713E+01
Si  0.4579800E+02  0.1559574E+02  0.8834418E+01
Si  0.3811507E+02  0.1755677E+02  0.1373771E+02
Si  0.3496855E+02  0.3560164E+00  0.4325414E+01
Si  0.3354597E+02  0.1291755E+02  0.1974922E+02
Si  0.3782120E+02  0.1996137E+02  0.5465308E+01
Si  0.2692556E+02  0.1958994E+02  0.1511288E+02
Si  0.3764155E+02  0.1273061E+02  0.3783115E+01
Si  0.3092448E+02  0.8874813E+01  0.1300800E+02
Si  0.2447687E+02  0.2849682E+01  0.1986286E+02
Si  0.2992240E+02  0.2067080E+02  0.3863540E+01
Si  0.2658665E+02  0.1082719E+02  0.9817369E+01
Si  0.3797413E+02  0.1885074E+02  0.3233215E+01
Si  0.4093802E+02  0.1157781E+02  0.1452467E+02
Si  0.3563207E+02  0.1828501E+02  0.1362618E+02
Si  0.2770426E+02  0.1865742E+02  0.2080442E+01
Si  0.3948584E+02  0.6598069E-01  0.2144761E+02
Si  0.2688870E+02  0.7741852E+01  0.1965712E+02
Si  0.3794662E+02  0.1344367E+02  0.1817095E+02
Si  0.3600113E+02  0.3596079E+01  0.2879601E+01
Si  0.3062861E+02  0.1874923E+02  0.1584867E+02
Si  0.3153108E+02  0.1486298E+02  0.2063898E+02
Si  0.2381411E+02  0.1240781E+02  0.1856998E+01
Si  0.1993111E+02  0.8369761E+01  0.1688901E+02
Si  0.3076460E+02  0.1886409E+02  0.1337035E+02
Si  0.2542638E+02  0.1369300E+02  0.7273079E+01
Si  0.2724788E+02  0.1598879E+01  0.1491641E+02
Si  0.3707621E+02  0.1761829E+02  0.7752109E+01
Si  0.2476879E+02  0.1447517E+01  0.1186733E+02
Si  0.3282546E+02  0.3081650E+01  0.2595695E+01
Si  0.4272395E+02  0.2000079E+02  0.1382313E+02
Si  0.3789008E+02  0.1379574E+02  0.6519821E+01
Si  0.3180664E+02  0.1944303E+02  0.1909677E+02
Si  0.3726071E+02  0.5850530E+01  0.7477797E+01
Si  0.2271235E+02  0.1819767E+02  0.2092030E+02
Si  0.2874580E+02  0.1388418E+02  0.1226322E+02
Si  0.3956557E+02  0.2026478E+02  0.1311705E+02
Si  0.3459927E+02  0.1012540E+02  0.1346403E+02
Si  0.2992816E+02  0.1698261E+02  0.1072602E+02
Si  0.3350163E+02  0.1785614E+02  0.1971822E+02
Si  0.4522576E+02  0.1423414E+02  0.1589563E+02
Si  0.4181525E+02  0.5530183E+01  0.6880460E+01
Si  0.2064655E+02  0.1928809E+02  0.3794209E+01
Si  0.4167394E+02  0.7698451E+01  0.1402685E+02
Si  0.2557483E+02  0.3695983E+01  0.1236017E+02
Si  0.2436962E+02  0.1286503E+02  0.1737928E+02
Si  0.2967455E+02  0.1673820E+02  0.5671211E+00
Si  0.2903720E+02  0.1769557E+02  0.5676956E+01
Si  0.3054978E+02  0.9708114E+01  0.7480320E+01
Si  0.2543144E+02  0.1238518E+02  0.1106173E+02
Si  0.3583854E+02  0.1641480E+02  0.1673783E+02
Si  0.3586356E+02  0.1461535E+00  0.2061410E+02
Si  0.3029252E+02  0.6900970E+01  0.2123502E+02
Si  0.2131269E+02  0.1295463E+02  0.1056425E+02
Si  0.2396607E+02  0.1049072E+02  0.1510336E+02
Si  0.2386867E+02  0.1557430E+02  0.7072753E+01
Si  0.2737305E+02  0.1441176E+02  0.1676609E+02
Si  0.3724758E+02  0.1584073E+01  0.8239720E+01
Si  0.2965080E+02  0.5870351E+01  0.2141118E+01
Si  0.3381884E+02  0.1712420E+01  0.1373414E+02
Si  0.3601283E+02  0.9290481E+01  0.2118954E+02
Si  0.3740539E+02  0.8341186E+00  0.5617885E+00
Si  0.3507128E+02  0.5615687E+01  0.1342711E+02
Si  0.4167725E+02  0.8657494E+00  0.2204575E+01
Si  0.2673613E+02  0.1161451E+02  0.7332700E+01
Si  0.4112972E+02  0.1655136E+02  0.1767219E+01
Si  0.2551936E+02  0.3749829E+00  0.4185616E+00
Si  0.4156254E+02  0.5046965E+01  0.1605103E+02
Si  0.2109921E+02  0.1677906E+02  0.1174423E+02
Si  0.2445090E+02  0.2465482E+01  0.4708980E+00
Si  0.4558957E+02  0.2139412E+01  0.3619895E+01
Si  0.3876665E+02  0.2780560E+01  0.9619286E+01
Si  0.2616363E+02  0.4525849E+01  0.1041137E+02
Si  0.3753834E+02  0.5791025E+01  0.1362325E+02
Si  0.4007957E+02  0.1814094E+02  0.1950317E+02
Si  0.3902732E+02  0.6383309E+01  0.1376369E+01
Si  0.2614440E+02  0.1960000E+02  0.8587342E+01
Si  0.3204662E+02  0.1726747E+02  0.1414618E+01
Si  0.2311450E+02  0.4228933E+01  0.1512852E+02
Si  0.2219706E+02  0.7813636E+01  0.2294176E+01
Si  0.2447520E+02  0.1446196E+02  0.2160272E+02
Si  0.2554095E+02  0.1010268E+01  0.9692579E+01
Si  0.3871510E+02  0.1783959E+02  0.1746689E+02
Si  0.2487255E+02  0.3084461E+01  0.4400586E+01
Si  0.2038658E+02  0.1745533E+02  0.2130972E+02
Si  0.3452904E+02  0.1225732E+02  0.1497872E+02
Si  0.4328475E+02  0.7458299E+01  0.5565339E+01
Si  0.4163599E+02  0.6625342E+01  0.4006649E+01
Si  0.3222261E+02  0.1028342E+02  0.1009535E+02
Si  0.3914990E+02  0.2425275E+01  0.2140917E+02
Si  0.2016506E+02  0.1170446E+02  0.8970801E+01
Si  0.3821575E+02  0.1238433E+01  0.5898411E+01
Si  0.4281434E+02  0.1225643E+02  0.9765307E-01
Si  0.3224590E+02  0.1427034E+02  0.5239158E+01
Si  0.3312103E+02  0.1803333E+02  0.4792184E+01
Si  0.2189763E+02  0.3024696E+01  0.1957738E+02
Si  0.1918360E+02  0.3570313E+01  0.1556483E+02
Si  0.3496635E+02  0.7152871E+01  0.5970921E+01
Si  0.2453056E+02  0.2675073E+01  0.8300464E+01
Si  0.2237608E+02  0.1311679E+02  0.2164935E+02
Si  0.2665659E+02  0.2129555E+02  0.3473467E+01
Si  0.2593566E+02  0.2072235E+02  0.1071819E+02
Si  0.2554087E+02  0.1712814E+02  0.4182008E+01
Si  0.3266115E+02  0.1945204E+02  0.7202330E+01
Si  0.3638245E+02  0.2149690E+01  0.1228326E+02
Si  0.2514848E+02  0.1493120E+02  0.1147295E+02
Si  0.3401708E+02  0.5194889E+01  0.1545857E+02
Si  0.3983612E+02  0.1244730E+02  0.4968195E+01
Si  0.4204200E+02  0.1088798E+02  0.1109286E+02
Si  0.3758854E+02  0.7435101E+01  0.1141948E+02
Si  0.3836399E+02  0.1042522E+02  0.1389981E+02
Si  0.2985827E+02  0.3191273E+01  0.1705117E+02
Si  0.2830092E+02  0.1885199E+01  0.3003880E+01
Si  0.3819474E+02  0.1558941E+02  0.1675999E+02
Si  0.4614302E+02  0.2183573E+01  0.1179083E+01
Si  0.3077872E+02  0.8872513E+01  0.2825209E+01
Si  0.2694281E+02  0.2341191E-01  0.1877699E+02
Si  0.3043273E+02  0.3578465E+01  0.1065241E+02
Si  0.1822420E+02  0.1946192E+02  0.1997629E+02
Si  0.3373931E+02  0.1327588E+02  0.1133387E+02
Si  0.2865210E+02  0.8155228E+01  0.7518912E+01
Si  0.2028549E+02  0.2034845E+02  0.1482037E+02
Si  0.2479582E+02  0.1770976E+02  0.7920855E+01
Si  0.2307247E+02  0.4800625E+01  0.7664491E+01
Si  0.4025080E+02  0.3540670E+01  0.1798087E+02
Si  0.2814291E+02  0.5379664E+01  0.1754837E+02
Si  0.2275544E+02  0.2168446E+02  0.4853738E+01
Si  0.4000786E+02  0.5941133E+01  0.8728239E+01
Si  0.3387207E+02  0.1148032E+02  0.2145571E+02
Si  0.4296050E+02  0.3478937E+01  0.1996486E+02
Si  0.2639182E+02  0.1277886E+02  0.1537933E+02
Si  0.4369333E+02  0.1488931E+02  0.1785960E+02
Si  0.2376439E+02  0.2149358E+02  0.1513455E+02
Si  0.3040825E+02  0.1690579E+02  0.1977566E+02
Si  0.4559705E+02  0.4503604E+01  0.1314201E+02
Si  0.3453900E+02  0.1977274E+02  0.2052935E+02
Si  0.1973554E+02  0.1458184E+02  0.1104950E+02
Si  0.3633672E+02  0.1192671E+02  0.1335952E+02
Si  0.2125680E+02  0.1356314E+01  0.2097659E+02
Si  0.3270149E+02  0.7287055E+01  0.1597229E+00
Si  0.3687154E+02  0.2166029E+02  0.1307969E+02
Si  0.3991539E+02  0.5731989E+01  0.1930176E+02
Si  0.4170709E+02  0.1803704E+02  0.1785894E+02
Si  0.3315131E+02  0.1724594E+02  0.1484879E+02
Si  0.4222434E+02  0.2649447E+01  0.7995560E+01
Si  0.3759397E+02  0.8017109E+01  0.1765634E+02
Si  0.2849075E+02  0.2591729E+01  0.5413745E+01
Si  0.1682966E+02  0.3654986E+01  0.1116502E+02
Si  0.3841998E+02  0.1595750E+02  0.1194164E+02
Si  0.2761573E+02  0.1211665E+02  0.1346271E+02
Si  0.2548984E+02  0.1058931E+02  0.5548890E+01
Si  0.3855777E+02  0.1667220E+02  0.5936539E+01
Si  0.3808753E+02  0.6558426E+01  0.5449747E+01
Si  0.4259328E+02  0.1248034E+01  0.4328722E+01
Si  0.3108945E+02  0.5008002E+01  0.2007642E+02
Si  0.2199294E+02  0.2632959E+01  0.3638446E+01
Si  0.3646581E+02  0.1154736E+02  0.4312430E+00
Si  0.3633255E+02  0.2153294E+02  0.6820337E+01
Si  0.2597718E+02  0.5889456E+01  0.7137738E+01
Si  0.1840193E+02  0.4121440E+01  0.2127999E+01
Si  0.3913269E+02  0.6751220E+00  0.1309383E+02
Si  0.3108853E+02  0.1696918E+02  0.1740684E+02
Si  0.3499156E+02  0.1615412E+02  0.1471669E+02
Si  0.2663813E+02  0.1691944E+01  0.2040641E+02
Si  0.2433349E+02  0.7699697E+01  0.1946131E+02
Si  0.4557572E+02  0.1408668E+02  0.1151024E+02
Si  0.2191347E+02  0.1821454E+02  0.1345883E+02
Si  0.2615724E+02  0.1313122E+02  0.1127454E+01
Si  0.3826919E+02  0.4359138E+01  0.1719789E+02
Si  0.3408071E+02  0.2924710E+01  0.7477913E+01
Si  0.3627443E+02  0.1662616E+02  0.1014257E+01
Si  0.3438081E+02  0.1067170E+02  0.1103569E+02
Si  0.3657240E+02  0.1564897E+02  0.1055052E+02
Si  0.2683787E+02  0.1998508E+02  0.2711365E+00
Si  0.4311746E+02  0.2113982E+02  0.1154688E+02
Si  0.4387740E+02  0.1444552E+02  0.2105374E+02
Si  0.3981347E+02  0.2077987E+02  0.1920471E+02
Si  0.4053564E+02  0.8615674E+01  0.4228580E+01
Si  0.3635521E+02  0.9337212E+01  0.3248759E+01
Si  0.4211716E+02  0.2149544E+02  0.1871186E+02
Si  0.4541893E+02  0.2169178E+02  0.9879737E+00
Si  0.4750798E+02  0.1928893E+02  0.1676657E+01
Si  0.4245523E+02  0.1354951E+01  0.2074347E+02
Si  0.4438816E+02  0.1663689E+00  0.4246020E+01
Si  0.4745004E+02  0.4157931E+01  0.1842061E+01
Si  0.4769318E+02  0.1000327E+01  0.4067470E+01
Si  0.4689938E+02  0.2170762E+02  0.2086861E+02
Si  0.4737985E+02  0.2334385E+01  0.2097759E+02
Si  0.5138493E+02  0.1677504E+01  0.2153966E+02
Si  0.5147770E+02  0.2110578E+02  0.2557070E+01
Si  0.4876222E+02  0.2298573E+01  0.2603187E+01
Si  0.4996794E+02  0.7389134E+00  0.1423265E+01
Si  0.5281096E+02  0.3329033E+01  0.9836295E+00
Si  0.5277833E+02  0.9909107E+00  0.3770179E+01
Si  0.5043296E+02  0.3597226E+01  0.3866675E+01
Si  0.5442282E+02  0.2062469E+02  0.2801415E+00
Si  0.5705822E+02  0.1773043E+01  0.2169978E+02
Si  0.5710729E+02  0.2085657E+02  0.2744173E+01
Si  0.5426396E+02  0.2158932E+01  0.2576255E+01
Si  0.5563122E+02  0.4261329E+00  0.1408169E+01
Si  0.5803324E+02  0.3536444E+01  0.1299178E+01
Si  0.5836736E+02  0.8532152E+00  0.4012532E+01
Si  0.5574667E+02  0.3358753E+01  0.4141081E+01
Si  0.5942573E+02  0.2114637E+02  0.1297786E+00
Si  0.6235083E+02  0.2039717E+01  0.3878415E-01
Si  0.6214941E+02  0.2122451E+02  0.2957826E+01
Si  0.5950963E+02  0.2318433E+01  0.2638847E+01
Si  0.6083403E+02  0.7802181E+00  0.1613338E+01
Si  0.6377198E+02  0.3301286E+01  0.1523817E+01
Si  0.6365064E+02  0.7672068E+00  0.4242417E+01
Si  0.6110725E+02  0.3008634E+01  0.4213357E+01
Si  0.4367084E+02  0.4749596E+01  0.1706233E+02
Si  0.4412990E+02  0.1380554E+02  0.2585534E+01
Si  0.4594893E+02  0.9310559E+01  0.1038953E+01
Si  0.4817272E+02  0.1157986E+02  0.3959286E+01
Si  0.4366132E+02  0.9641799E+01  0.2175532E+01
Si  0.4761293E+02  0.9359280E+01  0.2788816E+01
Si  0.4517436E+02  0.6854229E+01  0.1629586E+01
Si  0.4004234E+02  0.1684441E+02  0.7791414E+01
Si  0.4892754E+02  0.4789336E+01  0.1680975E+00
Si  0.5155527E+02  0.7497814E+01  0.6409325E-01
Si  0.5184503E+02  0.4795556E+01  0.2631125E+01
Si  0.4924438E+02  0.7537453E+01  0.2974203E+01
Si  0.5040297E+02  0.6194188E+01  0.1541317E+01
Si  0.5292773E+02  0.8551550E+01  0.1325672E+01
Si  0.5292387E+02  0.5942589E+01  0.4312161E+01
Si  0.5047624E+02  0.8992899E+01  0.4424758E+01
Si  0.5428160E+02  0.4627053E+01  0.2145778E+02
Si  0.5702078E+02  0.7248293E+01  0.2958977E+00
Si  0.5725831E+02  0.4935289E+01  0.2931858E+01
Si  0.5427939E+02  0.7347250E+01  0.2817007E+01
Si  0.5563957E+02  0.5921355E+01  0.1587422E+01
Si  0.5858571E+02  0.8622660E+01  0.1664273E+01
Si  0.5858926E+02  0.6117900E+01  0.4517547E+01
Si  0.5563734E+02  0.8545663E+01  0.4159135E+01
Si  0.5969494E+02  0.4464220E+01  0.2289955E+00
Si  0.6218138E+02  0.7310849E+01  0.2164293E+02
Si  0.6237147E+02  0.4422538E+01  0.2877172E+01
Si  0.5986682E+02  0.7095277E+01  0.2868946E+01
Si  0.6102504E+02  0.5769258E+01  0.1511851E+01
Si  0.6355323E+02  0.8705165E+01  0.1620201E+01
Si  0.6372114E+02  0.5684311E+01  0.4275679E+01
Si  0.6119379E+02  0.8529722E+01  0.4332411E+01
Si  0.3645437E+02  0.1294961E+02  0.1623241E+02
Si  0.4656578E+02  0.1221195E+02  0.2130714E+02
Si  0.4112745E+02  0.1331630E+02  0.3443333E+01
Si  0.4556469E+02  0.1519484E+02  0.8248413E+00
Si  0.4300684E+02  0.1234127E+02  0.4327929E+01
Si  0.4304396E+02  0.1443378E+02  0.5611410E+01
Si  0.4279955E+02  0.1123300E+02  0.6393952E+01
Si  0.4078514E+02  0.1224484E+02  0.2050513E+02
Si  0.4838485E+02  0.9629648E+01  0.2711510E+00
Si  0.5189691E+02  0.1179876E+02  0.5942935E-02
Si  0.5162610E+02  0.1003394E+02  0.2412245E+01
Si  0.4904827E+02  0.1346820E+02  0.2563612E+01
Si  0.4974440E+02  0.1137206E+02  0.1355235E+01
Si  0.5325911E+02  0.1342981E+02  0.1356337E+01
Si  0.5281799E+02  0.1107291E+02  0.4183557E+01
Si  0.5144654E+02  0.1500510E+02  0.3986557E+01
Si  0.5467994E+02  0.9736493E+01  0.2358603E+00
Si  0.5720358E+02  0.1271793E+02  0.2165603E+00
Si  0.5681857E+02  0.1002259E+02  0.2971281E+01
Si  0.5448399E+02  0.1245727E+02  0.3010446E+01
Si  0.5594527E+02  0.1130033E+02  0.1543197E+01
Si  0.5828424E+02  0.1397707E+02  0.2058092E+01
Si  0.5815223E+02  0.1112451E+02  0.4521320E+01
Si  0.5565947E+02  0.1397351E+02  0.4162397E+01
Si  0.5990081E+02  0.9913094E+01  0.1539778E+00
Si  0.6250645E+02  0.1283143E+02  0.3839750E+00
Si  0.6243758E+02  0.9966110E+01  0.3078360E+01
Si  0.5953576E+02  0.1240328E+02  0.2857174E+01
Si  0.6119574E+02  0.1141735E+02  0.1567127E+01
Si  0.6364921E+02  0.1402782E+02  0.1983293E+01
Si  0.6388994E+02  0.1112986E+02  0.4547732E+01
Si  0.6092946E+02  0.1353692E+02  0.4284250E+01
Si  0.3744864E+02  0.2075481E+02  0.1910290E+02
Si  0.4841739E+02  0.1611310E+02  0.2136413E+02
Si  0.4458744E+02  0.1837664E+02  0.1681692E+01
Si  0.4281745E+02  0.1904177E+02  0.1777921E+00
Si  0.4086745E+02  0.1821714E+02  0.2123913E+00
Si  0.4594284E+02  0.1455444E+02  0.6605094E+01
Si  0.4713094E+02  0.1648390E+02  0.5347902E+01
Si  0.4499846E+02  0.1852812E+02  0.6040859E+01
Si  0.4774781E+02  0.1561710E+02  0.3240659E+01
Si  0.5141927E+02  0.1804425E+02  0.1148860E+00
Si  0.5119806E+02  0.1460516E+02  0.1910316E+01
Si  0.4907843E+02  0.1795507E+02  0.3181474E+01
Si  0.5000264E+02  0.1666101E+02  0.1371063E+01
Si  0.5274810E+02  0.1926685E+02  0.1530316E+01
Si  0.5264773E+02  0.1686931E+02  0.4430580E+01
Si  0.5021918E+02  0.1975234E+02  0.4320572E+01
Si  0.5448068E+02  0.1521775E+02  0.3985390E+00
Si  0.5680352E+02  0.1795621E+02  0.2230629E+00
Si  0.5691708E+02  0.1571024E+02  0.2974115E+01
Si  0.5399413E+02  0.1805793E+02  0.3053863E+01
Si  0.5555194E+02  0.1695726E+02  0.1591183E+01
Si  0.5836132E+02  0.1926927E+02  0.1384140E+01
Si  0.5844334E+02  0.1665692E+02  0.4409762E+01
Si  0.5564142E+02  0.1957962E+02  0.3839359E+01
Si  0.5938457E+02  0.1554507E+02  0.5060237E+00
Si  0.6249862E+02  0.1834866E+02  0.3394593E+00
Si  0.6222417E+02  0.1558301E+02  0.3082267E+01
Si  0.5983784E+02  0.1824496E+02  0.3177841E+01
Si  0.6110042E+02  0.1689340E+02  0.1782364E+01
Si  0.6377508E+02  0.1965450E+02  0.1782808E+01
Si  0.6387188E+02  0.1679745E+02  0.4268764E+01
Si  0.6112767E+02  0.1971745E+02  0.4411007E+01
Si  0.3660493E+02  0.3523121E+01  0.6914421E+01
Si  0.4426248E+02  0.3541855E+01  0.9450574E+01
Si  0.4637226E+02  0.7378396E+00  0.7794566E+01
Si  0.4654067E+02  0.7314826E+00  0.1140440E+02
Si  0.4563965E+02  0.2014480E+02  0.2828920E+01
Si  0.4754124E+02  0.2353226E+01  0.6208584E+01
Si  0.4798455E+02  0.1255574E+01  0.9418009E+01
Si  0.4434745E+02  0.6609806E+01  0.1234875E+02
Si  0.4893812E+02  0.2127698E+02  0.5704925E+01
Si  0.5158256E+02  0.2065105E+01  0.5319305E+01
Si  0.5212452E+02  0.2108159E+02  0.7871604E+01
Si  0.4929890E+02  0.2474387E+01  0.7938817E+01
Si  0.5046019E+02  0.7255101E+00  0.6892798E+01
Si  0.5307239E+02  0.3469755E+01  0.6542700E+01
Si  0.5328475E+02  0.4815681E+00  0.9501164E+01
Si  0.5085605E+02  0.3379674E+01  0.9275653E+01
Si  0.5434215E+02  0.2142275E+02  0.5103612E+01
Si  0.5728667E+02  0.2414106E+01  0.5549185E+01
Si  0.5682124E+02  0.2124529E+02  0.8036498E+01
Si  0.5441040E+02  0.2060365E+01  0.8079623E+01
Si  0.5587091E+02  0.9152145E+00  0.6434546E+01
Si  0.5870357E+02  0.3685327E+01  0.7003560E+01
Si  0.5830221E+02  0.6548150E+00  0.9428041E+01
Si  0.5570270E+02  0.3293056E+01  0.9648821E+01
Si  0.5960166E+02  0.2129437E+02  0.5563343E+01
Si  0.6252598E+02  0.2015302E+01  0.5699703E+01
Si  0.6239182E+02  0.2050667E+02  0.8360712E+01
Si  0.5962758E+02  0.1964082E+01  0.8136778E+01
Si  0.6118297E+02  0.4836640E+00  0.7010113E+01
Si  0.6409539E+02  0.3060382E+01  0.7122412E+01
Si  0.6370595E+02  0.3438924E+00  0.9789294E+01
Si  0.6116465E+02  0.2934949E+01  0.9575746E+01
Si  0.4573792E+02  0.8031390E+01  0.3769841E+01
Si  0.4690834E+02  0.7029360E+01  0.5859643E+01
Si  0.4576772E+02  0.3319787E+01  0.7464276E+01
Si  0.4381609E+02  0.8849931E+01  0.1150893E+02
Si  0.4778845E+02  0.5437948E+01  0.3737899E+01
Si  0.4721531E+02  0.9315470E+01  0.6989197E+01
Si  0.4750296E+02  0.6768275E+01  0.9925174E+01
Si  0.4137894E+02  0.6344504E+01  0.1513336E+01
Si  0.4885183E+02  0.4528175E+01  0.5475141E+01
Si  0.5165036E+02  0.7292044E+01  0.5627799E+01
Si  0.5185364E+02  0.4897441E+01  0.7862329E+01
Si  0.4894473E+02  0.7779303E+01  0.8303866E+01
Si  0.5003173E+02  0.5991580E+01  0.6949347E+01
Si  0.5301193E+02  0.8421844E+01  0.7222205E+01
Si  0.5308520E+02  0.5882738E+01  0.9670576E+01
Si  0.5040857E+02  0.8834605E+01  0.9452550E+01
Si  0.5460442E+02  0.4703804E+01  0.5352897E+01
Si  0.5711552E+02  0.7494851E+01  0.5591400E+01
Si  0.5727504E+02  0.4693231E+01  0.8541235E+01
Si  0.5446214E+02  0.7123345E+01  0.8250037E+01
Si  0.5605006E+02  0.5764201E+01  0.6967345E+01
Si  0.5861973E+02  0.8574937E+01  0.6913908E+01
Si  0.5851508E+02  0.5928929E+01  0.9728374E+01
Si  0.5578364E+02  0.8650371E+01  0.9653140E+01
Si  0.6004034E+02  0.4660073E+01  0.5289951E+01
Si  0.6257640E+02  0.7031648E+01  0.5830179E+01
Si  0.6277465E+02  0.4401928E+01  0.8513846E+01
Si  0.5986631E+02  0.7252081E+01  0.8331184E+01
Si  0.6118846E+02  0.5704920E+01  0.7239386E+01
Si  0.6394518E+02  0.8418302E+01  0.7099414E+01
Si  0.6395452E+02  0.5802442E+01  0.9878680E+01
Si  0.6127801E+02  0.8581050E+01  0.9542494E+01
Si  0.4024492E+02  0.1316857E+02  0.7149994E+01
Si  0.4671242E+02  0.1345645E+02  0.2802016E+01
Si  0.4395193E+02  0.1322167E+02  0.7472984E+01
Si  0.4243865E+02  0.1287073E+02  0.9395473E+01
Si  0.4559623E+02  0.8241159E+01  0.1349528E+02
Si  0.4524483E+02  0.1658555E+02  0.1128007E+02
Si  0.4923682E+02  0.1344800E+02  0.7344073E+01
Si  0.3994033E+02  0.1948672E+02  0.4225530E+01
Si  0.4913745E+02  0.1042336E+02  0.5769384E+01
Si  0.5230439E+02  0.1316249E+02  0.5042887E+01
Si  0.5186357E+02  0.1021133E+02  0.8451618E+01
Si  0.4782072E+02  0.1680408E+02  0.8416743E+01
Si  0.5099729E+02  0.1172914E+02  0.6619219E+01
Si  0.5329803E+02  0.1445005E+02  0.6810978E+01
Si  0.5304947E+02  0.1148645E+02  0.1017368E+02
Si  0.5020272E+02  0.1424731E+02  0.9454274E+01
Si  0.5404332E+02  0.9805753E+01  0.5580358E+01
Si  0.5693948E+02  0.1258862E+02  0.5634964E+01
Si  0.5704122E+02  0.9932202E+01  0.8212578E+01
Si  0.5423070E+02  0.1250204E+02  0.8043747E+01
Si  0.5562356E+02  0.1109517E+02  0.6913690E+01
Si  0.5820563E+02  0.1378357E+02  0.6906496E+01
Si  0.5828146E+02  0.1126984E+02  0.9561217E+01
Si  0.5532707E+02  0.1393766E+02  0.9685654E+01
Si  0.5984364E+02  0.9938812E+01  0.5709898E+01
Si  0.6267975E+02  0.1276393E+02  0.5674573E+01
Si  0.6257829E+02  0.1002731E+02  0.8068028E+01
Si  0.5958837E+02  0.1254187E+02  0.8175959E+01
Si  0.6132077E+02  0.1147155E+02  0.6992304E+01
Si  0.6380387E+02  0.1404305E+02  0.7160579E+01
Si  0.6390533E+02  0.1131779E+02  0.9662791E+01
Si  0.6111571E+02  0.1404357E+02  0.9372460E+01
Si  0.3991039E+02  0.1444704E+02  0.1863907E+01
Si  0.4723549E+02  0.1884444E+02  0.4533041E+01
Si  0.4116290E+02  0.1567069E+02  0.6102583E+01
Si  0.3791340E+02  0.2092383E+02  0.8929263E+01
Si  0.4156121E+02  0.1869311E+02  0.8224838E+01
Si  0.4692488E+02  0.2054045E+02  0.6640996E+01
Si  0.4648444E+02  0.1823625E+02  0.9884283E+01
Si  0.4371029E+02  0.1924563E+02  0.8002804E+01
Si  0.4910940E+02  0.1481627E+02  0.5100399E+01
Si  0.5118554E+02  0.1830344E+02  0.5777228E+01
Si  0.5156911E+02  0.1571965E+02  0.8219215E+01
Si  0.4831055E+02  0.1923490E+02  0.8553007E+01
Si  0.4987399E+02  0.1659010E+02  0.7086782E+01
Si  0.5317354E+02  0.1958094E+02  0.6412148E+01
Si  0.5305722E+02  0.1701323E+02  0.9664033E+01
Si  0.5053533E+02  0.1997228E+02  0.9303469E+01
Si  0.5466555E+02  0.1559969E+02  0.5639037E+01
Si  0.5707246E+02  0.1860035E+02  0.5336503E+01
Si  0.5681246E+02  0.1508345E+02  0.8107730E+01
Si  0.5413330E+02  0.1837037E+02  0.8161597E+01
Si  0.5582980E+02  0.1728028E+02  0.7033483E+01
Si  0.5842242E+02  0.1962599E+02  0.6870861E+01
Si  0.5819671E+02  0.1657048E+02  0.9480239E+01
Si  0.5581737E+02  0.1967784E+02  0.9411737E+01
Si  0.5964236E+02  0.1507810E+02  0.5577709E+01
Si  0.6237952E+02  0.1797795E+02  0.5782435E+01
Si  0.6235891E+02  0.1566493E+02  0.8413762E+01
Si  0.5939707E+02  0.1784853E+02  0.8137381E+01
Si  0.6073469E+02  0.1650288E+02  0.6889115E+01
Si  0.6387331E+02  0.1946376E+02  0.6906060E+01
Si  0.6390336E+02  0.1664777E+02  0.9996546E+01
Si  0.6088518E+02  0.1917090E+02  0.9581719E+01
Si  0.4605347E+02  0.5092330E+01  0.8865974E+01
Si  0.4773935E+02  0.3504622E+01  0.1016246E+02
Si  0.4687380E+02  0.2080371E+02  0.1288029E+02
Si  0.4169599E+02  0.3173505E+01  0.1295494E+02
Si  0.4305220E+02  0.6547979E+00  0.1378038E+02
Si  0.4719825E+02  0.3010345E+01  0.1246438E+02
Si  0.4805518E+02  0.6507806E-01  0.1472060E+02
Si  0.4361468E+02  0.4012177E+01  0.1175117E+02
Si  0.4921779E+02  0.2117985E+02  0.1064783E+02
Si  0.5183581E+02  0.1752425E+01  0.1089545E+02
Si  0.5164531E+02  0.2089829E+02  0.1361054E+02
Si  0.4917542E+02  0.1710942E+01  0.1344852E+02
Si  0.5053412E+02  0.5203639E+00  0.1208942E+02
Si  0.5336084E+02  0.2924001E+01  0.1242163E+02
Si  0.5303663E+02  0.2186512E+00  0.1517525E+02
Si  0.5039099E+02  0.3210649E+01  0.1480000E+02
Si  0.5455691E+02  0.2098006E+02  0.1068041E+02
Si  0.5709522E+02  0.1846650E+01  0.1098128E+02
Si  0.5719254E+02  0.2081390E+02  0.1387896E+02
Si  0.5444972E+02  0.1591530E+01  0.1392753E+02
Si  0.5587939E+02  0.4925781E+00  0.1237481E+02
Si  0.5853144E+02  0.3357499E+01  0.1236015E+02
Si  0.5836517E+02  0.4105122E+00  0.1517377E+02
Si  0.5560534E+02  0.3316607E+01  0.1506141E+02
Si  0.5979328E+02  0.2086576E+02  0.1071582E+02
Si  0.6236291E+02  0.1806949E+01  0.1093602E+02
Si  0.6214001E+02  0.2096098E+02  0.1370092E+02
Si  0.5980212E+02  0.1838408E+01  0.1383691E+02
Si  0.6095727E+02  0.5372578E+00  0.1224785E+02
Si  0.6377203E+02  0.3017089E+01  0.1248263E+02
Si  0.6363544E+02  0.4992193E+00  0.1502846E+02
Si  0.6120598E+02  0.3204143E+01  0.1506554E+02
Si  0.3885263E+02  0.5431332E+01  0.1185997E+02
Si  0.4694517E+02  0.1129614E+02  0.9558751E+01
Si  0.4608371E+02  0.9135496E+01  0.1045160E+02
Si  0.4199916E+02  0.7522982E+01  0.8087167E+01
Si  0.4488415E+02  0.6422659E+01  0.1472613E+02
Si  0.4694882E+02  0.1373250E+02  0.9587303E+01
Si  0.4468708E+02  0.3494843E+01  0.1531707E+02
Si  0.4290728E+02  0.6936067E+01  0.1620585E+02
Si  0.4936955E+02  0.5373904E+01  0.1010443E+02
Si  0.5159579E+02  0.7360038E+01  0.1085513E+02
Si  0.5187346E+02  0.4682010E+01  0.1351999E+02
Si  0.4889954E+02  0.7437017E+01  0.1359252E+02
Si  0.5023053E+02  0.5789419E+01  0.1215373E+02
Si  0.5291338E+02  0.8531944E+01  0.1274506E+02
Si  0.5287277E+02  0.5852190E+01  0.1505762E+02
Si  0.5027516E+02  0.8961011E+01  0.1502041E+02
Si  0.5427620E+02  0.4345619E+01  0.1096987E+02
Si  0.5715414E+02  0.7277765E+01  0.1097397E+02
Si  0.5710868E+02  0.4600093E+01  0.1370685E+02
Si  0.5438609E+02  0.7146576E+01  0.1370169E+02
Si  0.5583773E+02  0.5939047E+01  0.1222740E+02
Si  0.5828088E+02  0.8656639E+01  0.1250297E+02
Si  0.5843802E+02  0.6096400E+01  0.1505119E+02
Si  0.5555430E+02  0.8767797E+01  0.1509422E+02
Si  0.6003621E+02  0.4615057E+01  0.1090527E+02
Si  0.6260841E+02  0.7366999E+01  0.1106901E+02
Si  0.6248520E+02  0.4512534E+01  0.1377685E+02
Si  0.5996295E+02  0.7453127E+01  0.1358356E+02
Si  0.6134023E+02  0.5934393E+01  0.1222736E+02
Si  0.6415378E+02  0.8638290E+01  0.1248226E+02
Si  0.6382141E+02  0.5962816E+01  0.1509358E+02
Si  0.6145155E+02  0.8594762E+01  0.1512275E+02
Si  0.3685651E+02  0.8719329E+01  0.5582902E+01
Si  0.4713894E+02  0.1259287E+02  0.7369141E+01
Si  0.4735339E+02  0.7863167E+01  0.1689421E+02
Si  0.4467727E+02  0.1725737E+02  0.1360119E+02
Si  0.4303548E+02  0.1279661E+02  0.1384897E+02
Si  0.4905843E+02  0.1292923E+02  0.1353354E+02
Si  0.4751738E+02  0.8250622E+01  0.1200624E+02
Si  0.4673670E+02  0.1267342E+02  0.1697665E+02
Si  0.4869988E+02  0.9993676E+01  0.1074997E+02
Si  0.5146385E+02  0.1294646E+02  0.1116186E+02
Si  0.5161231E+02  0.1038270E+02  0.1354536E+02
Si  0.4864035E+02  0.1138964E+02  0.1808885E+02
Si  0.5013582E+02  0.1143757E+02  0.1200892E+02
Si  0.5304244E+02  0.1403076E+02  0.1251663E+02
Si  0.5289949E+02  0.1154973E+02  0.1508324E+02
Si  0.5019769E+02  0.1416551E+02  0.1518288E+02
Si  0.5413951E+02  0.9779403E+01  0.1123199E+02
Si  0.5687915E+02  0.1251897E+02  0.1090172E+02
Si  0.5711899E+02  0.9883717E+01  0.1393133E+02
Si  0.5449900E+02  0.1284937E+02  0.1378287E+02
Si  0.5571977E+02  0.1104960E+02  0.1259554E+02
Si  0.5821400E+02  0.1370181E+02  0.1236024E+02
Si  0.5882924E+02  0.1099398E+02  0.1497924E+02
Si  0.5566472E+02  0.1412652E+02  0.1509683E+02
Si  0.5966478E+02  0.9990691E+01  0.1106719E+02
Si  0.6241452E+02  0.1258403E+02  0.1096885E+02
Si  0.6266581E+02  0.1004808E+02  0.1396241E+02
Si  0.5989791E+02  0.1251492E+02  0.1380739E+02
Si  0.6124796E+02  0.1131632E+02  0.1244668E+02
Si  0.6406683E+02  0.1398597E+02  0.1259121E+02
Si  0.6396651E+02  0.1157557E+02  0.1514594E+02
Si  0.6113652E+02  0.1419371E+02  0.1500090E+02
Si  0.4037189E+02  0.1376072E+02  0.1055123E+02
Si  0.4100793E+02  0.1588871E+02  0.1284117E+02
Si  0.4786790E+02  0.1452853E+02  0.1253144E+02
Si  0.4507415E+02  0.2085557E+02  0.9170923E+01
Si  0.4350838E+02  0.1785989E+02  0.9980971E+01
Si  0.4789841E+02  0.1939192E+02  0.1163259E+02
Si  0.4793186E+02  0.1600590E+02  0.1456175E+02
Si  0.4430534E+02  0.1248151E+01  0.1036651E+02
Si  0.4890260E+02  0.1571370E+02  0.1039171E+02
Si  0.5179599E+02  0.1853837E+02  0.1080408E+02
Si  0.5155064E+02  0.1556298E+02  0.1355696E+02
Si  0.4861124E+02  0.1801457E+02  0.1366810E+02
Si  0.5021913E+02  0.1698131E+02  0.1208492E+02
Si  0.5324994E+02  0.1982580E+02  0.1243532E+02
Si  0.5275485E+02  0.1691081E+02  0.1519682E+02
Si  0.4981615E+02  0.1968464E+02  0.1488251E+02
Si  0.5431582E+02  0.1541274E+02  0.1106515E+02
Si  0.5701821E+02  0.1807376E+02  0.1090002E+02
Si  0.5691199E+02  0.1552081E+02  0.1362924E+02
Si  0.5425086E+02  0.1825111E+02  0.1388180E+02
Si  0.5563226E+02  0.1685989E+02  0.1229094E+02
Si  0.5840978E+02  0.1939840E+02  0.1226947E+02
Si  0.5826713E+02  0.1682426E+02  0.1526493E+02
Si  0.5573003E+02  0.1941498E+02  0.1507657E+02
Si  0.5979444E+02  0.1536070E+02  0.1088667E+02
Si  0.6228976E+02  0.1831258E+02  0.1114321E+02
Si  0.6253642E+02  0.1535460E+02  0.1381016E+02
Si  0.5961956E+02  0.1790869E+02  0.1382298E+02
Si  0.6099742E+02  0.1653474E+02  0.1232574E+02
Si  0.6358132E+02  0.1954850E+02  0.1251068E+02
Si  0.6404406E+02  0.1666779E+02  0.1509485E+02
Si  0.6126560E+02  0.1919873E+02  0.1498512E+02
Si  0.4480282E+02  0.2012526E+02  0.1677341E+02
Si  0.4641273E+02  0.1698140E+01  0.1576201E+02
Si  0.4141393E+02  0.2077140E+02  0.5472450E+01
Si  0.4316817E+02  0.2157132E+02  0.6856986E+00
Si  0.4561828E+02  0.7111128E+00  0.1781340E+02
Si  0.4750835E+02  0.3412170E+01  0.1700595E+02
Si  0.4875779E+02  0.2073933E+02  0.3619271E+00
Si  0.4172813E+02  0.1624624E+01  0.1701235E+02
Si  0.4886505E+02  0.2120778E+02  0.1667296E+02
Si  0.5169631E+02  0.1887577E+01  0.1625556E+02
Si  0.5138651E+02  0.2063833E+02  0.1921079E+02
Si  0.4861600E+02  0.2329003E+01  0.1864249E+02
Si  0.5025170E+02  0.6846825E+00  0.1785496E+02
Si  0.5292694E+02  0.3012223E+01  0.1782829E+02
Si  0.5296539E+02  0.3086251E-01  0.2075374E+02
Si  0.5016102E+02  0.3263387E+01  0.2024209E+02
Si  0.5432858E+02  0.2059401E+02  0.1649456E+02
Si  0.5704762E+02  0.1904087E+01  0.1635478E+02
Si  0.5720588E+02  0.2063122E+02  0.1920031E+02
Si  0.5405988E+02  0.1577259E+01  0.1926897E+02
Si  0.5575775E+02  0.3387565E+00  0.1780778E+02
Si  0.5843584E+02  0.3218958E+01  0.1772582E+02
Si  0.5842227E+02  0.6498042E+00  0.2038131E+02
Si  0.5561831E+02  0.2988781E+01  0.2028029E+02
Si  0.6007328E+02  0.2068217E+02  0.1620678E+02
Si  0.6243031E+02  0.1747993E+01  0.1646452E+02
Si  0.6244020E+02  0.2062453E+02  0.1929634E+02
Si  0.5972364E+02  0.1821005E+01  0.1903735E+02
Si  0.6112760E+02  0.2281039E+00  0.1778687E+02
Si  0.6387083E+02  0.2998425E+01  0.1798658E+02
Si  0.6372510E+02  0.4767994E+00  0.2043435E+02
Si  0.6108294E+02  0.3284908E+01  0.2041628E+02
Si  0.3695198E+02  0.1398013E+02  0.1239283E+02
Si  0.4738499E+02  0.6386821E+01  0.1486080E+02
Si  0.4591044E+02  0.4742254E+01  0.1825455E+02
Si  0.4543748E+02  0.3000309E+01  0.1978633E+02
Si  0.4601759E+02  0.9138251E+01  0.1848221E+02
Si  0.4489973E+02  0.1164227E+02  0.1323942E+01
Si  0.4741188E+02  0.5641642E+01  0.2015332E+02
Si  0.4195009E+02  0.9089454E+01  0.1807634E+02
Si  0.4908775E+02  0.4901206E+01  0.1576455E+02
Si  0.5177853E+02  0.7349447E+01  0.1639841E+02
Si  0.5156720E+02  0.4758904E+01  0.1881813E+02
Si  0.4872004E+02  0.7274807E+01  0.1882114E+02
Si  0.5027383E+02  0.6081739E+01  0.1747342E+02
Si  0.5302758E+02  0.8661673E+01  0.1766566E+02
Si  0.5286577E+02  0.6082542E+01  0.2040643E+02
Si  0.4999418E+02  0.8582035E+01  0.2047576E+02
Si  0.5415932E+02  0.4456375E+01  0.1647217E+02
Si  0.5685530E+02  0.7211936E+01  0.1644248E+02
Si  0.5702223E+02  0.4575784E+01  0.1907426E+02
Si  0.5459697E+02  0.7552283E+01  0.1921826E+02
Si  0.5554299E+02  0.5885135E+01  0.1774724E+02
Si  0.5842416E+02  0.8511768E+01  0.1777019E+02
Si  0.5831169E+02  0.5911059E+01  0.2058136E+02
Si  0.5607348E+02  0.8632387E+01  0.2041302E+02
Si  0.5982356E+02  0.4654553E+01  0.1651613E+02
Si  0.6260271E+02  0.7328249E+01  0.1648512E+02
Si  0.6243230E+02  0.4558137E+01  0.1912012E+02
Si  0.5958849E+02  0.7140497E+01  0.1912583E+02
Si  0.6122397E+02  0.5931341E+01  0.1782912E+02
Si  0.6377105E+02  0.8719087E+01  0.1780161E+02
Si  0.6369950E+02  0.6187147E+01  0.2034789E+02
Si  0.6107493E+02  0.8622024E+01  0.2038165E+02
Si  0.4536421E+02  0.6885007E+01  0.2100697E+02
Si  0.4551282E+02  0.1322156E+02  0.1369417E+02
Si  0.4740387E+02  0.1054539E+02  0.1981065E+02
Si  0.4222817E+02  0.1307418E+02  0.1754495E+02
Si  0.4714069E+02  0.1149805E+02  0.1476727E+02
Si  0.4557297E+02  0.1554265E+02  0.1927120E+02
Si  0.4750891E+02  0.1434312E+02  0.1867824E+02
Si  0.4118850E+02  0.1735622E+02  0.4182056E+01
Si  0.4823319E+02  0.1004445E+02  0.1611469E+02
Si  0.5189593E+02  0.1291156E+02  0.1651365E+02
Si  0.5167988E+02  0.9720637E+01  0.1951190E+02
Si  0.4831065E+02  0.1403599E+02  0.2075735E+02
Si  0.5105358E+02  0.1188415E+02  0.1858684E+02
Si  0.5327184E+02  0.1429667E+02  0.1810961E+02
Si  0.5383244E+02  0.1094292E+02  0.1986699E+02
Si  0.5050739E+02  0.1313688E+02  0.2043284E+02
Si  0.5428062E+02  0.1008306E+02  0.1640217E+02
Si  0.5720745E+02  0.1264066E+02  0.1606580E+02
Si  0.5750093E+02  0.9959324E+01  0.1929443E+02
Si  0.5491028E+02  0.1280853E+02  0.1911494E+02
Si  0.5603974E+02  0.1120727E+02  0.1781565E+02
Si  0.5851673E+02  0.1379535E+02  0.1766847E+02
Si  0.5856507E+02  0.1143619E+02  0.2082399E+02
Si  0.5601660E+02  0.1425067E+02  0.2052693E+02
Si  0.5996853E+02  0.9762327E+01  0.1646428E+02
Si  0.6240776E+02  0.1266388E+02  0.1659045E+02
Si  0.6260668E+02  0.1030808E+02  0.1924421E+02
Si  0.5989549E+02  0.1276218E+02  0.1929424E+02
Si  0.6113795E+02  0.1127073E+02  0.1793647E+02
Si  0.6409967E+02  0.1404098E+02  0.1781516E+02
Si  0.6382316E+02  0.1158478E+02  0.2063283E+02
Si  0.6096196E+02  0.1435694E+02  0.2081596E+02
Si  0.4604188E+02  0.1655251E+02  0.1581083E+02
Si  0.4511660E+02  0.1969772E+02  0.1429294E+02
Si  0.4579017E+02  0.1978397E+02  0.1992417E+02
Si  0.4491666E+02  0.1724725E+02  0.1794602E+02
Si  0.4701964E+02  0.1802485E+02  0.1746116E+02
Si  0.4710215E+02  0.2029638E+02  0.1797612E+02
Si  0.4730528E+02  0.1816400E+02  0.2153753E+02
Si  0.4512711E+02  0.1706913E+02  0.2110510E+02
Si  0.4884440E+02  0.1539319E+02  0.1684013E+02
Si  0.5142065E+02  0.1836741E+02  0.1634007E+02
Si  0.5145931E+02  0.1534452E+02  0.1927008E+02
Si  0.4847241E+02  0.1736546E+02  0.1923569E+02
Si  0.5023797E+02  0.1689539E+02  0.1775479E+02
Si  0.5288468E+02  0.1937184E+02  0.1792100E+02
Si  0.5289992E+02  0.1656099E+02  0.2073301E+02
Si  0.4989936E+02  0.1917145E+02  0.2056918E+02
Si  0.5436863E+02  0.1566820E+02  0.1640592E+02
Si  0.5690097E+02  0.1825287E+02  0.1673762E+02
Si  0.5707440E+02  0.1518992E+02  0.1899369E+02
Si  0.5428248E+02  0.1778742E+02  0.1929608E+02
Si  0.5572891E+02  0.1686721E+02  0.1794894E+02
Si  0.5865438E+02  0.1949067E+02  0.1768158E+02
Si  0.5839358E+02  0.1665858E+02  0.2040966E+02
Si  0.5574368E+02  0.1933787E+02  0.2054341E+02
Si  0.5982657E+02  0.1533384E+02  0.1647846E+02
Si  0.6292132E+02  0.1806636E+02  0.1647845E+02
Si  0.6264822E+02  0.1538995E+02  0.1939276E+02
Si  0.5991569E+02  0.1802121E+02  0.1903100E+02
Si  0.6120115E+02  0.1645843E+02  0.1772887E+02
Si  0.6399045E+02  0.1938550E+02  0.1804159E+02
Si  0.6383876E+02  0.1675189E+02  0.2079578E+02
Si  0.6083857E+02  0.1946245E+02  0.2068545E+02
