         
  0.6515772E+02  0.0000000E+00  0.2171924E+02
  0.0000000E+00  0.0000000E+00  0.2171924E+02
  0.6513301E+02  0.2055755E+02  0.6842234E+00
  0.2448509E+01  0.1657226E+01  0.5802033E+00
  0.2672895E+01  0.2050756E+02  0.3460786E+01
  0.6500319E+02  0.1859142E+01  0.3150940E+01
  0.1100436E+01  0.1746057E+00  0.2064093E+01
  0.4020484E+01  0.3036522E+01  0.1751425E+01
  0.4347434E+01  0.1390598E+00  0.4548732E+01
  0.1300582E+01  0.3079519E+01  0.4576882E+01
  0.5366132E+01  0.2055898E+02  0.4898341E+00
  0.8046742E+01  0.1369341E+01  0.7789176E+00
  0.8319492E+01  0.2066488E+02  0.3182878E+01
  0.5511287E+01  0.1707960E+01  0.3180190E+01
  0.6611834E+01  0.2169549E+02  0.1957703E+01
  0.8106996E+01  0.9589815E+01  0.1998358E+02
  0.7668560E+01  0.1944732E+01  0.5907143E+01
  0.6964013E+01  0.3237554E+01  0.4029740E+01
  0.1427842E+02  0.2039141E+02  0.2975825E+01
  0.2930270E+02  0.6619913E+01  0.2123263E+02
  0.1181760E+02  0.2490505E+00  0.1663226E+02
  0.1807077E+02  0.1104984E+02  0.1731963E+02
  0.1831804E+02  0.4901960E+00  0.9494239E+01
  0.3716830E+02  0.1671183E+01  0.8068503E+00
  0.9671302E+01  0.8748050E+01  0.6933947E+01
  0.3466259E+02  0.2523490E+01  0.5277413E+01
  0.1935078E+02  0.1700089E+02  0.1427618E+02
  0.1125066E+02  0.1340257E+02  0.1658602E+02
  0.3395938E+02  0.1332146E+02  0.1746125E+02
  0.1201007E+02  0.1683202E+02  0.6552624E+01
  0.1946398E+02  0.1825215E+02  0.1071600E+02
  0.2786600E+02  0.5478054E+01  0.1243743E+02
  0.1419028E+02  0.1858044E+02  0.1551292E+01
  0.2885702E+02  0.7079106E+01  0.8497384E+01
  0.1612368E+00  0.4729210E+01  0.4289329E+00
  0.3273213E+01  0.6944651E+01  0.5064804E+00
  0.2783424E+01  0.4364462E+01  0.3080768E+01
  0.6493094E+02  0.7081473E+01  0.3103037E+01
  0.1655866E+01  0.6076246E+01  0.1769629E+01
  0.4473371E+01  0.8518963E+01  0.2003946E+01
  0.3827076E+01  0.5443763E+01  0.4619553E+01
  0.1409944E+01  0.8488572E+01  0.4526493E+01
  0.5449887E+01  0.4399522E+01  0.7124741E+00
  0.6558221E+01  0.5179823E+01  0.2746822E+01
  0.1104377E+02  0.3917132E+01  0.3401199E+01
  0.5462205E+01  0.7055046E+01  0.3745128E+01
  0.8769081E+01  0.2847820E+01  0.2424736E+01
  0.1050143E+02  0.5648413E+01  0.1847613E+01
  0.9142879E+01  0.3329638E+01  0.7109635E+01
  0.9843605E+01  0.1047328E+02  0.5109841E+01
  0.1181744E+02  0.1171073E+02  0.4622913E+01
  0.2810913E+02  0.1179095E+02  0.1632370E+02
  0.2963416E+02  0.7973805E+01  0.1250846E+02
  0.1448245E+02  0.6439496E+01  0.3541768E+01
  0.2235453E+02  0.1781789E+02  0.2954422E+01
  0.1180746E+02  0.6319323E+01  0.1083167E+02
  0.2003530E+02  0.5484631E+01  0.5403233E+01
  0.9522129E+01  0.1413108E+02  0.2109249E+01
  0.3749914E+02  0.1074024E+02  0.9031088E+01
  0.1921584E+02  0.8091013E+01  0.1931192E+02
  0.1786092E+02  0.1019412E+02  0.1115111E+02
  0.2243215E+02  0.1022546E+02  0.9688040E+01
  0.1275610E+02  0.2146532E+02  0.5353095E+01
  0.1092427E+02  0.4972901E+01  0.6355546E+01
  0.1322187E+02  0.9922004E+01  0.7992676E+01
  0.1131052E+02  0.1662349E+02  0.1927012E+02
  0.2801128E+00  0.9734438E+01  0.5380936E+00
  0.2925429E+01  0.1205381E+02  0.2650302E+00
  0.2960305E+01  0.9921923E+01  0.3154621E+01
  0.2066482E+00  0.1245678E+02  0.3491992E+01
  0.1522123E+01  0.1103459E+02  0.2064010E+01
  0.3825607E+01  0.1394304E+02  0.1686286E+01
  0.4044018E+01  0.1137151E+02  0.4845192E+01
  0.1666766E+01  0.1404796E+02  0.4676138E+01
  0.5792496E+01  0.9819381E+01  0.7750939E+00
  0.1443490E+02  0.1202633E+02  0.1782467E+02
  0.8235610E+01  0.1218648E+02  0.5596784E+01
  0.5090544E+01  0.1280534E+02  0.3064781E+01
  0.7021883E+01  0.1151934E+02  0.2134666E+01
  0.8003953E+01  0.1529772E+02  0.3410101E+01
  0.1299166E+02  0.1811564E+02  0.1827793E+02
  0.6561930E+01  0.1383738E+02  0.4505226E+01
  0.8298148E+01  0.1270701E+02  0.4724562E+00
  0.2387448E+02  0.1210334E+02  0.2262689E+01
  0.2603165E+02  0.1380442E+00  0.1179821E+02
  0.1319065E+02  0.1466581E+02  0.1593169E+02
  0.1528496E+02  0.1192962E+02  0.1546685E+02
  0.2686979E+02  0.6032773E+01  0.3614141E+01
  0.2746348E+02  0.2082141E+02  0.1477610E+02
  0.2560666E+02  0.7920117E+01  0.2525358E+01
  0.1892430E+02  0.4572204E+01  0.1059412E+02
  0.2163980E+02  0.2935706E+01  0.1302183E+02
  0.2057841E+02  0.1652388E+02  0.1764948E+02
  0.1539420E+02  0.8453882E+01  0.1105868E+02
  0.2265767E+02  0.5012659E+01  0.2698289E+01
  0.2933766E+02  0.2782079E+01  0.1552809E+02
  0.3626523E+02  0.1516839E+02  0.1372272E+02
  0.3207994E+02  0.1748872E+01  0.1758271E+02
  0.1714061E+00  0.1473735E+02  0.3661716E+00
  0.2659747E+01  0.1766786E+02  0.4056803E+00
  0.2828920E+01  0.1542944E+02  0.3065345E+01
  0.1513918E-01  0.1771550E+02  0.3053559E+01
  0.1276943E+01  0.1635421E+02  0.1583592E+01
  0.3778198E+01  0.1918390E+02  0.1838922E+01
  0.4029632E+01  0.1661444E+02  0.4697547E+01
  0.1368765E+01  0.1907916E+02  0.4564601E+01
  0.5372223E+01  0.1535926E+02  0.4218623E+00
  0.9283171E+01  0.1661306E+02  0.2089987E+02
  0.1154695E+02  0.1388257E+02  0.3577089E+01
  0.5179618E+01  0.1798597E+02  0.3214115E+01
  0.6653386E+01  0.1662003E+02  0.1907693E+01
  0.1194867E+02  0.1932036E+02  0.1998081E+02
  0.2267929E+02  0.1424096E+02  0.1068525E+02
  0.6757239E+01  0.1924998E+02  0.4447540E+01
  0.1894996E+02  0.1600666E+02  0.6832829E+01
  0.8166906E+01  0.1798237E+02  0.7829222E+00
  0.1331897E+02  0.1219519E+02  0.6931450E+01
  0.2213404E+02  0.1377489E+02  0.1631978E+02
  0.2103835E+02  0.2094364E+02  0.1593110E+01
  0.1798746E+02  0.1337645E+02  0.1662938E+02
  0.1507430E+02  0.2027898E+02  0.7494576E+01
  0.8775742E+01  0.2169201E+02  0.5117455E+01
  0.2234986E+02  0.1056188E+02  0.8804106E+00
  0.1273132E+02  0.2238562E+01  0.7299706E+01
  0.3185114E+02  0.9244989E+01  0.6300751E+01
  0.2158843E+02  0.2092815E+02  0.5966119E+01
  0.1702220E+02  0.1770711E+02  0.1702838E+02
  0.1914899E+02  0.9080835E+01  0.6478022E+01
  0.2518460E+02  0.2106856E+02  0.1492450E+01
  0.1365502E+02  0.1091811E+01  0.2081326E+02
  0.6509803E+02  0.2053017E+02  0.5777441E+01
  0.2709400E+01  0.1478762E+01  0.5740678E+01
  0.2644918E+01  0.2055965E+02  0.8565774E+01
  0.9125057E-01  0.1379479E+01  0.8598682E+01
  0.1346104E+01  0.3701995E-01  0.6949631E+01
  0.4015951E+01  0.3034518E+01  0.7233479E+01
  0.4000430E+01  0.6267998E-01  0.1009498E+02
  0.1414652E+01  0.2861804E+01  0.1006248E+02
  0.5576950E+01  0.2059485E+02  0.6114375E+01
  0.9043453E+01  0.3429840E+01  0.1209336E+02
  0.8279744E+01  0.2045182E+02  0.8280578E+01
  0.5286992E+01  0.1582444E+01  0.8799214E+01
  0.6793607E+01  0.5113510E+00  0.7370096E+01
  0.1572200E+02  0.7651858E+01  0.1748280E+02
  0.1168544E+02  0.1150240E+02  0.1119485E+02
  0.6682757E+01  0.2755582E+01  0.1007729E+02
  0.2752398E+02  0.3736808E+00  0.1652574E+01
  0.2514161E+02  0.1560744E+02  0.2042109E+02
  0.2017918E+02  0.1973916E+02  0.1879581E+02
  0.1902207E+02  0.5142935E+01  0.3410614E+01
  0.1147045E+02  0.1115285E+02  0.1343456E+02
  0.1755301E+02  0.1640343E+02  0.4924649E+01
  0.1898287E+02  0.2114769E+02  0.3079860E+01
  0.2039077E+02  0.1808547E+02  0.6736824E+01
  0.1495847E+02  0.1558961E+02  0.1253473E+02
  0.2312787E+02  0.7261363E+01  0.1493305E+02
  0.1077812E+02  0.2118349E+02  0.1870797E+02
  0.1247202E+02  0.5522090E+01  0.4642759E+01
  0.1584841E+02  0.1420053E+02  0.1564026E+02
  0.2085623E+02  0.1373108E+01  0.2155717E+02
  0.1568637E+02  0.1844606E+02  0.1153233E+02
  0.1653572E+02  0.1662377E+01  0.8035999E+01
  0.6501692E+02  0.4388350E+01  0.5978512E+01
  0.2427491E+01  0.6742505E+01  0.5835533E+01
  0.2364438E+01  0.4294441E+01  0.8565280E+01
  0.6505192E+02  0.6912098E+01  0.8723287E+01
  0.1062516E+01  0.5592221E+01  0.7269929E+01
  0.4099364E+01  0.8512857E+01  0.7114774E+01
  0.4014044E+01  0.5602920E+01  0.9714073E+01
  0.1329114E+01  0.8494308E+01  0.1007336E+02
  0.5724567E+01  0.4204754E+01  0.5841546E+01
  0.1289448E+02  0.2464296E+01  0.2938929E+01
  0.6710994E+01  0.5725783E+01  0.7087922E+01
  0.5453079E+01  0.7052750E+01  0.8412793E+01
  0.7732607E+01  0.4342909E+01  0.8856769E+01
  0.1714838E+02  0.1033811E+02  0.1499766E+02
  0.1245334E+02  0.1714135E+02  0.1157734E+02
  0.6671103E+01  0.8397972E+01  0.1004228E+02
  0.2134859E+02  0.1102523E+02  0.6513974E+01
  0.7747215E+01  0.8007127E+01  0.3659682E+01
  0.1112767E+02  0.1042110E+02  0.4848780E+00
  0.1209967E+02  0.5283783E+01  0.1340524E+02
  0.9966365E+01  0.8727406E+00  0.3193488E+01
  0.1167583E+02  0.8924610E+01  0.1425294E+02
  0.1637778E+02  0.8800263E+01  0.1317587E+02
  0.2310419E+02  0.1067384E+01  0.5845364E+01
  0.1400439E+02  0.1917303E+02  0.1539366E+02
  0.2267294E+02  0.1931172E+02  0.1516853E+02
  0.1859017E+02  0.1961906E+02  0.6213659E+01
  0.4196864E+02  0.6859547E+01  0.6225301E+01
  0.2735367E+02  0.2129102E+02  0.2096849E+02
  0.1172396E+02  0.1397250E+02  0.1053978E+02
  0.3092765E+02  0.1961704E+01  0.2996112E+01
  0.1039981E+02  0.1274924E+02  0.1459536E+02
  0.6501647E+02  0.9666557E+01  0.5897980E+01
  0.2768900E+01  0.1253656E+02  0.6028794E+01
  0.2600115E+01  0.9847835E+01  0.8583946E+01
  0.8079932E-01  0.1266200E+02  0.8776602E+01
  0.1013928E+01  0.1123088E+02  0.7027610E+01
  0.4308441E+01  0.1365772E+02  0.7558823E+01
  0.3863757E+01  0.1128530E+02  0.9980570E+01
  0.1564246E+01  0.1419405E+02  0.1010366E+02
  0.5685517E+01  0.1005068E+02  0.5869125E+01
  0.1408378E+02  0.8769542E+01  0.6051647E+01
  0.8913548E+01  0.6540438E+01  0.6277254E+01
  0.5670500E+01  0.1232016E+02  0.8893807E+01
  0.6881250E+01  0.1110091E+02  0.7265420E+01
  0.8054888E+01  0.1486567E+02  0.8621302E+01
  0.8145608E+01  0.9636899E+01  0.8601639E+01
  0.6580856E+01  0.1375806E+02  0.1022095E+02
  0.1268431E+02  0.1670557E+02  0.1760042E+01
  0.1792195E+02  0.3090742E+01  0.4663215E+01
  0.1530140E+02  0.1431670E+02  0.1802478E+02
  0.2295667E+02  0.4032780E+01  0.1123288E+02
  0.1562597E+02  0.2138815E+02  0.1805510E+02
  0.1153158E+02  0.1813691E+02  0.1645039E+02
  0.1806088E+02  0.1219170E+02  0.1011051E+02
  0.1248376E+02  0.1352003E+02  0.6999786E+00
  0.2091845E+02  0.7572138E+01  0.8499216E+00
  0.2468053E+02  0.1511556E+02  0.9769323E+01
  0.3063407E+02  0.8688787E+01  0.1198488E+01
  0.2667042E+02  0.1526778E+02  0.1164861E+02
  0.2027729E+02  0.1378266E+02  0.1875616E+02
  0.3457103E+02  0.1176927E+02  0.1939340E+02
  0.3040337E+02  0.9107013E+01  0.1832816E+02
  0.3281245E+02  0.5299218E+01  0.1503788E+02
  0.2844562E-01  0.1510300E+02  0.6097463E+01
  0.2811125E+01  0.1791859E+02  0.6141669E+01
  0.2988407E+01  0.1519825E+02  0.8608392E+01
  0.1541921E-02  0.1789905E+02  0.8455827E+01
  0.1389641E+01  0.1654866E+02  0.7359127E+01
  0.4131522E+01  0.1930333E+02  0.7410887E+01
  0.4073358E+01  0.1652096E+02  0.9832914E+01
  0.1195756E+01  0.1919214E+02  0.1005730E+02
  0.5294086E+01  0.1526113E+02  0.6007459E+01
  0.1925433E+02  0.1254334E+02  0.2062373E+02
  0.1051389E+02  0.1565723E+02  0.1171698E+02
  0.5590873E+01  0.1777333E+02  0.8392173E+01
  0.6921189E+01  0.1630128E+02  0.7046487E+01
  0.8016862E+01  0.1739270E+02  0.5026648E+01
  0.8006149E+01  0.1772566E+02  0.1108161E+02
  0.7010384E+01  0.1900212E+02  0.9658719E+01
  0.1904018E+02  0.8973513E+01  0.5137915E+00
  0.1391489E+02  0.2464258E+00  0.1020567E+02
  0.1577421E+02  0.9082249E+01  0.1880895E+00
  0.1425381E+02  0.1719767E+02  0.8036757E+01
  0.9397865E+01  0.1383253E+02  0.1275020E+02
  0.2776201E+02  0.1482468E+02  0.1737024E+02
  0.2436292E+02  0.3262138E+00  0.9979746E+01
  0.1267038E+02  0.3094016E+01  0.1290509E+02
  0.1548418E+02  0.1865347E+01  0.1347304E+02
  0.2037565E+02  0.1520872E+02  0.1564373E+02
  0.1524985E+02  0.6398317E+01  0.1519767E+02
  0.1992046E+02  0.3016977E+01  0.1441852E+01
  0.1200606E+02  0.2156639E+02  0.2959216E+01
  0.9436438E+01  0.1088149E+02  0.1027237E+02
  0.9475390E+01  0.1354244E+02  0.7178930E+01
  0.1660850E+02  0.1480066E+02  0.1086272E+02
  0.6511641E+02  0.2066939E+02  0.1142477E+02
  0.2724036E+01  0.1595319E+01  0.1154350E+02
  0.2870473E+01  0.2068904E+02  0.1428348E+02
  0.6508611E+02  0.1542677E+01  0.1445916E+02
  0.1214042E+01  0.1834507E+00  0.1305036E+02
  0.4450457E+01  0.2738401E+01  0.1262353E+02
  0.4306558E+01  0.4894219E-01  0.1566635E+02
  0.1477698E+01  0.3014905E+01  0.1547084E+02
  0.5571130E+01  0.2039288E+02  0.1116431E+02
  0.9530235E+01  0.3726061E+00  0.9672003E+01
  0.8508522E+01  0.2045312E+02  0.1394294E+02
  0.5566655E+01  0.1111748E+01  0.1426196E+02
  0.6982960E+01  0.2165491E+02  0.1267179E+02
  0.1222325E+02  0.6203160E+01  0.1559788E+00
  0.1094485E+02  0.1734820E+02  0.1355308E+02
  0.6792010E+01  0.2812101E+01  0.1568309E+02
  0.9604342E+01  0.1919664E+02  0.1230008E+02
  0.2148608E+02  0.4489927E+00  0.1628210E+02
  0.2427781E+02  0.1060075E+02  0.1994123E+02
  0.1993265E+02  0.1401663E+02  0.6080794E+01
  0.1128134E+02  0.1470107E+02  0.5845313E+01
  0.2116607E+02  0.4802257E+01  0.7900478E+01
  0.8012414E+01  0.1622654E+01  0.1115883E+02
  0.1736773E+02  0.3568759E+01  0.1349743E+02
  0.4216496E+02  0.1079389E+01  0.2701128E+01
  0.1767010E+02  0.3012093E+01  0.1683943E+02
  0.2015834E+02  0.1159868E+02  0.3479794E+01
  0.1954899E+02  0.2067746E+02  0.1089962E+02
  0.2563245E+02  0.2105186E+02  0.5517990E+01
  0.3072607E+02  0.1770205E+02  0.1106617E+02
  0.2478978E+02  0.7813385E+01  0.1652022E+02
  0.1037248E+02  0.1559277E+02  0.1746398E+02
  0.6494768E+02  0.4342014E+01  0.1157511E+02
  0.2561395E+01  0.7076031E+01  0.1116172E+02
  0.2920850E+01  0.4204224E+01  0.1391393E+02
  0.6514976E+02  0.7194620E+01  0.1400781E+02
  0.1419081E+01  0.5634465E+01  0.1263929E+02
  0.3866631E+01  0.8468000E+01  0.1244996E+02
  0.4120672E+01  0.5733379E+01  0.1535718E+02
  0.1453338E+01  0.8313294E+01  0.1521381E+02
  0.5579208E+01  0.4319624E+01  0.1120759E+02
  0.8361963E+01  0.6951039E+01  0.1088767E+02
  0.7656562E+01  0.4062721E+01  0.1397629E+02
  0.5123325E+01  0.7016855E+01  0.1369887E+02
  0.7091511E+01  0.5832960E+01  0.1252202E+02
  0.8495956E+01  0.7244324E+01  0.1394207E+02
  0.1051079E+02  0.4904344E+01  0.1920903E+02
  0.6587024E+01  0.7916093E+01  0.1553171E+02
  0.1097412E+02  0.5261238E+01  0.1539558E+02
  0.2296489E+02  0.9265299E+00  0.1261836E+02
  0.1460006E+02  0.5767909E+01  0.1071530E+01
  0.1124187E+02  0.7362605E+01  0.1626731E+02
  0.1597063E+02  0.1035551E+02  0.3455287E+01
  0.2522478E+02  0.1288876E+01  0.1380635E+02
  0.1395723E+02  0.1138267E+02  0.1340599E+02
  0.1659062E+02  0.1805413E+02  0.2553692E+01
  0.1179885E+02  0.5695262E+00  0.5510172E+00
  0.1107788E+02  0.1830278E+02  0.2874706E+01
  0.2179815E+02  0.8936943E+01  0.1778660E+02
  0.1413706E+02  0.1491297E+02  0.7040162E+00
  0.2430540E+02  0.5601892E+01  0.1763092E+02
  0.1348667E+02  0.4630689E+01  0.6715517E+01
  0.1176429E+02  0.4160410E+01  0.2093412E+02
  0.2123700E+02  0.5332549E+01  0.1034296E+02
  0.9061166E-01  0.9930916E+01  0.1151621E+02
  0.2828087E+01  0.1273816E+02  0.1163636E+02
  0.2616091E+01  0.9661246E+01  0.1413361E+02
  0.6492225E+02  0.1272826E+02  0.1438590E+02
  0.1366581E+01  0.1139260E+02  0.1301841E+02
  0.4228335E+01  0.1407334E+02  0.1315552E+02
  0.3952134E+01  0.1087903E+02  0.1535200E+02
  0.1301484E+01  0.1422782E+02  0.1560222E+02
  0.5108559E+01  0.9884405E+01  0.1110459E+02
  0.7918425E+01  0.1223321E+02  0.1167296E+02
  0.7849961E+01  0.9588715E+01  0.1393824E+02
  0.5439704E+01  0.1262961E+02  0.1430304E+02
  0.6462373E+01  0.1090864E+02  0.1278476E+02
  0.1364372E+02  0.1018688E+02  0.1048759E+02
  0.9195352E+01  0.1081508E+02  0.1554391E+02
  0.6822020E+01  0.1400140E+02  0.1567622E+02
  0.2290487E+02  0.6959807E+01  0.4049316E+01
  0.1248265E+02  0.1450966E+01  0.1892274E+02
  0.3077432E+02  0.1872678E+02  0.1680078E+01
  0.1298387E+02  0.1371697E+02  0.1843697E+02
  0.1990743E+02  0.2057988E+02  0.2107785E+02
  0.2391248E+02  0.9658829E+01  0.1770723E+02
  0.1600490E+02  0.6584136E+01  0.5462585E+01
  0.1574204E+02  0.5509696E+01  0.1875310E+02
  0.1756119E+02  0.7273501E+01  0.2085347E+02
  0.3246911E+02  0.1976139E+02  0.3083465E+01
  0.3222251E+02  0.7576423E+01  0.1809493E+02
  0.1767881E+02  0.5837775E+01  0.1221955E+02
  0.3669225E+02  0.1523456E+02  0.1864701E+02
  0.3831586E+02  0.9633024E+01  0.1812420E+02
  0.4383314E+02  0.1443076E+02  0.1812351E+02
  0.1657433E+02  0.1653182E+01  0.1425649E+01
  0.2937531E-01  0.1559055E+02  0.1142631E+02
  0.2777428E+01  0.1804706E+02  0.1131216E+02
  0.2984994E+01  0.1568670E+02  0.1409959E+02
  0.2516209E+00  0.1798947E+02  0.1394380E+02
  0.1699324E+01  0.1674538E+02  0.1259726E+02
  0.4364715E+01  0.1920208E+02  0.1275881E+02
  0.4461169E+01  0.1685859E+02  0.1553087E+02
  0.1814146E+01  0.1912971E+02  0.1582535E+02
  0.5119153E+01  0.1530511E+02  0.1145473E+02
  0.1133602E+02  0.2113767E+02  0.7129253E+01
  0.8187421E+01  0.1529662E+02  0.1429722E+02
  0.5827881E+01  0.1809122E+02  0.1419455E+02
  0.6870911E+01  0.1648080E+02  0.1273615E+02
  0.2819974E+02  0.1729088E+02  0.1752016E+02
  0.1929752E+02  0.1328273E+02  0.1471397E+02
  0.7147492E+01  0.1925072E+02  0.1561517E+02
  0.1592161E+02  0.1320956E+02  0.5260862E+01
  0.2630905E+02  0.9840552E+01  0.1946307E+02
  0.1569713E+02  0.8263271E+01  0.2457370E+01
  0.1712193E+02  0.1808259E+02  0.1464869E+02
  0.2031164E+02  0.1218474E+02  0.1236568E+02
  0.2691169E+02  0.1901220E+02  0.2796940E+00
  0.2734709E+02  0.2379659E+01  0.4431639E+01
  0.9751416E+01  0.1671905E+02  0.1547288E+02
  0.1070704E+02  0.1797685E+02  0.8233796E+01
  0.3418892E+02  0.4728150E+01  0.2138958E+02
  0.1513031E+02  0.1670131E+02  0.1816599E+02
  0.1878050E+02  0.8459967E+01  0.9868429E+01
  0.1631224E+02  0.2443959E+01  0.1146043E+02
  0.2470589E+02  0.1075362E+02  0.8607451E+01
  0.1804053E+02  0.5772451E+01  0.8340737E+00
  0.2097577E+02  0.1959254E+01  0.5221101E+01
  0.6677859E-01  0.2050012E+02  0.1692813E+02
  0.2732917E+01  0.1447658E+01  0.1686768E+02
  0.2893131E+01  0.2058539E+02  0.1973681E+02
  0.7651638E-01  0.1903927E+01  0.1944843E+02
  0.1438254E+01  0.1783663E+00  0.1829885E+02
  0.4179809E+01  0.2827141E+01  0.1800367E+02
  0.4252618E+01  0.6485157E+00  0.2109327E+02
  0.1196762E+01  0.3258975E+01  0.2083755E+02
  0.5843612E+01  0.2069076E+02  0.1709761E+02
  0.1167623E+02  0.2030020E+02  0.1507320E+02
  0.8548291E+01  0.2055485E+02  0.1966642E+02
  0.5738422E+01  0.1835178E+01  0.1952181E+02
  0.7056936E+01  0.5360814E+00  0.1852772E+02
  0.2693728E+02  0.1125973E+02  0.1355036E+02
  0.8397581E+01  0.2058319E+01  0.1730141E+02
  0.7080139E+01  0.3036974E+01  0.2091747E+02
  0.1440210E+02  0.1674978E+02  0.1043190E+02
  0.1391294E+02  0.1118760E+01  0.1711143E+02
  0.4377890E+02  0.1621561E+02  0.9775522E+01
  0.2798878E+02  0.1035034E+02  0.1168157E+02
  0.2399768E+02  0.8957124E+01  0.3893240E+01
  0.1371612E+02  0.1707114E+02  0.5063212E+01
  0.9458394E+01  0.1951711E+02  0.1657983E+01
  0.1072733E+02  0.7302026E+01  0.1291999E+02
  0.2163678E+02  0.8722146E+01  0.6859979E+01
  0.1374401E+02  0.9142348E+01  0.2083064E+02
  0.2809333E+02  0.1661446E+02  0.1914657E+01
  0.2813649E+02  0.3921113E+01  0.1479956E+01
  0.1294385E+02  0.1695100E+02  0.1529008E+02
  0.4961907E+02  0.6006861E+01  0.1895995E+02
  0.1627209E+02  0.2632483E-01  0.1083984E+02
  0.1010505E+02  0.8006675E+01  0.1041001E+01
  0.8795460E-01  0.4499694E+01  0.1666148E+02
  0.2665709E+01  0.7173082E+01  0.1667397E+02
  0.2593461E+01  0.4201102E+01  0.1925307E+02
  0.3305020E+00  0.7295918E+01  0.1939630E+02
  0.1359229E+01  0.5623789E+01  0.1820063E+02
  0.4093987E+01  0.8328243E+01  0.1807711E+02
  0.4315637E+01  0.5196741E+01  0.2062044E+02
  0.1763511E+01  0.8408139E+01  0.2092940E+02
  0.5648511E+01  0.4328755E+01  0.1684707E+02
  0.8012565E+01  0.6832248E+01  0.1689602E+02
  0.8431201E+01  0.3846840E+01  0.1901802E+02
  0.5435415E+01  0.7024466E+01  0.1967336E+02
  0.6918506E+01  0.5542959E+01  0.1840503E+02
  0.9374729E+01  0.6097745E+01  0.3955045E+01
  0.1150048E+02  0.9050342E+01  0.2009215E+02
  0.6605949E+01  0.8216214E+01  0.2131874E+02
  0.2450298E+02  0.1806525E+02  0.1470998E+02
  0.2035275E+02  0.5595032E+01  0.1611532E+01
  0.1243367E+02  0.6568517E+00  0.1212316E+02
  0.1377003E+02  0.6880096E+01  0.1241128E+02
  0.2859456E+02  0.1522590E+02  0.1296923E+02
  0.1339948E+02  0.1531454E+02  0.3564729E+01
  0.1210180E+02  0.3644612E+01  0.1779817E+02
  0.1250027E+02  0.1047281E+02  0.1848442E+02
  0.2566900E+02  0.1516326E+01  0.2534282E+01
  0.2752062E+02  0.1419774E+02  0.4833050E+01
  0.9511094E+01  0.1120776E+02  0.2083462E+02
  0.3354750E+02  0.1755407E+02  0.7101746E+01
  0.1973768E+02  0.7456278E+01  0.1178149E+02
  0.1847859E+02  0.1656922E+02  0.1847666E+02
  0.1423111E+02  0.2123860E+01  0.9040926E+01
  0.2296218E+02  0.1813187E+02  0.6756731E+01
  0.6510181E+02  0.9739405E+01  0.1653082E+02
  0.2902362E+01  0.1262978E+02  0.1652434E+02
  0.2844182E+01  0.9802732E+01  0.1955366E+02
  0.6510213E+02  0.1248785E+02  0.1908001E+02
  0.1547508E+01  0.1100567E+02  0.1784450E+02
  0.4141384E+01  0.1343799E+02  0.1823511E+02
  0.4466524E+01  0.1083787E+02  0.2100840E+02
  0.1485452E+01  0.1363258E+02  0.2068824E+02
  0.5322007E+01  0.9636471E+01  0.1669886E+02
  0.8129688E+01  0.1230849E+02  0.1684983E+02
  0.9098818E+01  0.8452970E+01  0.1816982E+02
  0.5702621E+01  0.1227768E+02  0.1968038E+02
  0.6799371E+01  0.1083862E+02  0.1834670E+02
  0.8019440E+01  0.1508150E+02  0.1953065E+02
  0.1276753E+02  0.1194383E+02  0.2265540E+01
  0.6710963E+01  0.1411162E+02  0.2094368E+02
  0.1635279E+02  0.1379997E+02  0.1309967E+02
  0.1885506E+02  0.1628588E+02  0.9423130E+01
  0.1960016E+02  0.2127459E+02  0.1728049E+02
  0.1186306E+02  0.1379260E+02  0.8075084E+01
  0.1518577E+02  0.5431527E+01  0.1132651E+02
  0.1621071E+02  0.3470482E+01  0.2007903E+02
  0.2206685E+02  0.1560099E+02  0.1900790E+02
  0.3327262E+02  0.1174514E+02  0.9938556E+01
  0.1045057E+02  0.2785752E+01  0.1618492E+02
  0.1938286E+02  0.1017217E+02  0.1367664E+02
  0.2952180E+02  0.4159434E+01  0.1944360E+02
  0.1412683E+02  0.9015886E+01  0.1367944E+02
  0.2257335E+02  0.4024082E+01  0.1486587E+02
  0.1058990E+02  0.2530729E+01  0.1363601E+02
  0.3124141E+02  0.2029872E+02  0.1945645E+02
  0.1937494E+02  0.2185628E+01  0.1327937E+02
  0.1868825E+00  0.1570820E+02  0.1689886E+02
  0.3177834E+01  0.1783203E+02  0.1719151E+02
  0.2978576E+01  0.1496899E+02  0.1962259E+02
  0.1382537E+00  0.1782878E+02  0.1967136E+02
  0.1598916E+01  0.1651996E+02  0.1846093E+02
  0.4206786E+01  0.1919905E+02  0.1839282E+02
  0.4123496E+01  0.1666081E+02  0.2086699E+02
  0.1469033E+01  0.1924003E+02  0.2110127E+02
  0.5259185E+01  0.1514866E+02  0.1692105E+02
  0.8393552E+01  0.1782160E+02  0.1703242E+02
  0.9465264E+01  0.1337592E+02  0.1841206E+02
  0.5568132E+01  0.1777455E+02  0.1958331E+02
  0.6852307E+01  0.1648186E+02  0.1817748E+02
  0.9690353E+01  0.1847243E+02  0.1909870E+02
  0.1080551E+02  0.1539254E+02  0.6840774E+00
  0.6887539E+01  0.1912936E+02  0.2099917E+02
  0.1024876E+02  0.8736423E+01  0.1106469E+02
  0.1860178E+02  0.1352459E+02  0.4016955E+01
  0.1475850E+02  0.1403112E+02  0.7143172E+01
  0.1094957E+02  0.2637420E+01  0.1007363E+01
  0.3653632E+02  0.4952943E+01  0.4510775E+00
  0.2347609E+02  0.2103083E+02  0.1665504E+02
  0.2554061E+02  0.2165185E+02  0.1571176E+02
  0.1772532E+02  0.1761176E+02  0.1222505E+02
  0.1104036E+02  0.9523832E+01  0.8997623E+01
  0.1166137E+02  0.1883919E+02  0.9944958E+01
  0.1070239E+02  0.9796795E+01  0.1693115E+02
  0.2284112E+02  0.1853254E+02  0.2114143E+02
  0.1736497E+02  0.1019010E+02  0.2076131E+02
  0.1612264E+02  0.4235173E+01  0.1542372E+02
  0.2330946E+02  0.1449536E+02  0.4580911E+01
  0.2425839E+02  0.1699688E+02  0.1679046E+01
  0.3680752E+02  0.1356138E+02  0.1553502E+02
  0.4023251E+02  0.1865604E+02  0.1389127E+01
  0.1779311E+02  0.1438792E+02  0.1863557E+02
  0.2712993E+02  0.8743438E+01  0.1756462E+02
  0.3919806E+02  0.8144867E+01  0.2157941E+02
  0.4744141E+02  0.2004391E+02  0.1155852E-01
  0.4836531E+02  0.2031706E+02  0.1165828E+02
  0.3364121E+02  0.1932784E+02  0.1788298E+02
  0.4655834E+02  0.2056043E+02  0.2090552E+01
  0.2510304E+02  0.1969314E+02  0.3339026E+01
  0.2047565E+02  0.1154515E+02  0.8802845E+01
  0.3650362E+02  0.1286000E+02  0.4089830E+01
  0.2732806E+02  0.4880573E+01  0.2105030E+02
  0.4870599E+02  0.1254402E+02  0.1681937E+02
  0.3107192E+02  0.2023231E+02  0.8282289E+01
  0.4044816E+02  0.1633919E+02  0.5539989E+01
  0.2627889E+02  0.8533884E+01  0.1084981E+02
  0.3468833E+02  0.1337542E+02  0.1274492E+02
  0.4539419E+02  0.2049915E+02  0.2070773E+02
  0.1662962E+02  0.1526714E+02  0.8495174E+01
  0.3402420E+02  0.1052618E+02  0.1451881E+02
  0.3092091E+02  0.2130734E+02  0.1721097E+02
  0.2633242E+02  0.6529729E+01  0.5845753E+01
  0.2310853E+02  0.2066563E+02  0.5615464E+00
  0.5352240E+02  0.1409025E+02  0.2159921E+02
  0.1669323E+02  0.1679691E+01  0.1875027E+02
  0.3326333E+02  0.6956850E+01  0.6999525E+01
  0.4032650E+02  0.5650616E+01  0.5371011E+01
  0.2140457E+02  0.1560321E+02  0.3097147E+01
  0.3404958E+02  0.1171684E+02  0.7646214E+01
  0.4726013E+02  0.1364806E+02  0.1438389E+02
  0.2646976E+02  0.3879189E+01  0.2806257E+01
  0.3584297E+02  0.1056249E+02  0.3795378E+01
  0.3347559E+02  0.9360931E+01  0.1873941E+01
  0.3869796E+02  0.5452694E+00  0.1817312E+02
  0.2332151E+02  0.7511047E+00  0.2101616E+02
  0.5418269E+02  0.6983185E+01  0.8290266E+01
  0.3248500E+02  0.1332823E+02  0.1395289E+02
  0.3078869E+02  0.1241861E+02  0.1309429E+02
  0.4199945E+02  0.3759934E+01  0.1125872E+01
  0.3989303E+02  0.2063789E+02  0.5250090E+01
  0.4501436E+02  0.4335014E+01  0.3929444E+01
  0.3155598E+02  0.1422466E+02  0.5454343E+01
  0.2924402E+02  0.5868122E+01  0.1773340E+02
  0.3673836E+02  0.6324198E+01  0.1293064E+02
  0.2967570E+02  0.9917221E+01  0.1594746E+02
  0.1728466E+02  0.2027046E+02  0.8053685E+01
  0.2597312E+02  0.1055533E+02  0.4716741E+01
  0.3792091E+02  0.1162906E+02  0.6752281E+01
  0.3904661E+02  0.7301402E+01  0.1630787E+02
  0.4139617E+02  0.1771256E+02  0.2051762E+02
  0.1670905E+02  0.5511316E+01  0.2550945E+01
  0.2983722E+02  0.2126960E+02  0.1304518E+02
  0.3033635E+02  0.3225401E+01  0.4968315E+01
  0.3271917E+02  0.1725336E+01  0.1456560E+02
  0.3306196E+02  0.1638145E+02  0.2047036E+02
  0.1948357E+02  0.2139046E+02  0.1333938E+02
  0.4557572E+02  0.6378483E+01  0.2620418E+01
  0.3563916E+02  0.9705011E+00  0.1475940E+02
  0.3392245E+02  0.2092444E+02  0.6289323E+00
  0.2127407E+02  0.1132386E+02  0.1472397E+02
  0.4201426E+02  0.5370546E+01  0.1993668E+02
  0.1477104E+02  0.9706574E+01  0.1873006E+02
  0.5236723E+02  0.1674638E+02  0.1512129E+02
  0.2523825E+02  0.1888906E+02  0.6313110E+01
  0.2363864E+02  0.7166076E+01  0.1281564E+02
  0.1749889E+02  0.1420611E+02  0.2116277E+02
  0.1542569E+02  0.1615807E+02  0.6300327E+01
  0.3089545E+02  0.1768407E+02  0.1495118E+02
  0.1784768E+02  0.6543341E+01  0.1774478E+02
  0.3705280E+02  0.1854455E+02  0.1347838E+02
  0.3537997E+02  0.2143797E+00  0.1726232E+02
  0.3910916E+02  0.4760589E+01  0.1334407E+02
  0.2246787E+02  0.2952108E+01  0.2004899E+02
  0.2673543E+02  0.1369925E+02  0.9647948E+01
  0.1464798E+02  0.1230542E+02  0.1064682E+02
  0.2006654E+02  0.1099024E+02  0.1215257E+01
  0.4307359E+02  0.2170656E+02  0.6245417E+01
  0.3873757E+02  0.3519104E+01  0.7808172E+01
  0.4165224E+02  0.1708944E+02  0.3636735E+01
  0.3238870E+02  0.1686680E+02  0.1105268E+01
  0.1484966E+02  0.1106390E+02  0.5328621E+01
  0.3231648E+02  0.1037659E+02  0.3988447E+01
  0.2812466E+02  0.1110103E+02  0.6011708E+01
  0.4178299E+02  0.8855350E+01  0.1906737E+02
  0.2747063E+02  0.5422426E+01  0.7591629E+01
  0.2148478E+02  0.1294018E+02  0.5039828E+01
  0.3824626E+02  0.7966938E+01  0.1420111E+02
  0.9321390E+01  0.1653591E+02  0.9717968E+01
  0.3212940E+02  0.4806628E+01  0.1120465E+01
  0.4854419E+02  0.9399568E+01  0.1931075E+00
  0.3576114E+02  0.1069322E+02  0.6181058E+01
  0.3460942E+02  0.3680989E+01  0.1818381E+02
  0.5117456E+02  0.6416194E+01  0.4227626E+01
  0.4359428E+02  0.1157543E+02  0.4731320E+01
  0.2123579E+02  0.4997563E+01  0.1940716E+02
  0.2067119E+02  0.7794943E+01  0.4756232E+01
  0.2356805E+02  0.1461926E+02  0.2203354E+01
  0.1921480E+02  0.1654659E+01  0.1849414E+02
  0.2530914E+02  0.1702640E+02  0.1259650E+02
  0.3729943E+02  0.7278672E+01  0.1216651E+01
  0.2894438E+02  0.1827214E+02  0.9540884E+01
  0.2932475E+02  0.2041005E+01  0.1181425E+01
  0.2986232E+02  0.5565673E+01  0.1764102E+01
  0.3190230E+02  0.9755716E+01  0.1031996E+02
  0.2942214E+02  0.1783785E+01  0.1210531E+02
  0.4569231E+02  0.3531278E+00  0.1074419E+02
  0.3856538E+02  0.1652643E+02  0.1921888E+02
  0.4718417E+02  0.1237894E+02  0.9649713E+01
  0.2698411E+02  0.1775190E+02  0.1092617E+02
  0.2133358E+02  0.7074066E+01  0.1616640E+02
  0.5447499E+02  0.1930634E+02  0.1702042E+02
  0.2136106E+02  0.1624010E+02  0.1020257E+02
  0.2860794E+02  0.6743279E+01  0.5287784E+01
  0.2795997E+02  0.2151413E+02  0.6321442E+01
  0.2914941E+02  0.1473362E+02  0.6423545E+01
  0.4556064E+02  0.1474522E+02  0.1304278E+02
  0.1429984E+02  0.1956060E+02  0.5164040E+01
  0.4939886E+02  0.1450430E+02  0.1336553E+02
  0.4588331E+02  0.2261769E+01  0.1654152E+01
  0.2513344E+02  0.9002785E+01  0.4612499E+00
  0.4373957E+02  0.8293273E+00  0.1204301E+02
  0.3026770E+02  0.1423247E+02  0.1146041E+02
  0.4439975E+02  0.6250037E+01  0.1401087E+02
  0.3777851E+02  0.4346191E-01  0.5564596E+01
  0.3136243E+02  0.3474865E+01  0.1449512E+02
  0.2426416E+02  0.2019013E+02  0.8250449E+01
  0.2038204E+02  0.2805365E+01  0.1580102E+02
  0.9492542E+01  0.1960220E+02  0.6560680E+01
  0.2978446E+02  0.1290671E+02  0.7846606E+01
  0.2110946E+02  0.1456656E+02  0.1229152E+02
  0.1293624E+02  0.9555098E+01  0.4073693E+01
  0.3139150E+02  0.6985934E+01  0.2044968E+02
  0.2712860E+02  0.1723009E+02  0.6470516E+01
  0.5176779E+02  0.1456059E+02  0.1579704E+02
  0.1176994E+02  0.7969483E+01  0.5347888E+01
  0.1010148E+02  0.8493780E+01  0.3635232E+01
  0.4537454E+02  0.1740223E+02  0.5690397E+01
  0.4090935E+02  0.1905955E+02  0.1508802E+02
  0.3352303E+02  0.1503574E+02  0.6655871E+01
  0.1107384E+02  0.2079589E+02  0.1101779E+02
  0.5276255E+02  0.1835450E+02  0.9968134E+01
  0.3704500E+02  0.9813587E+01  0.1306868E+02
  0.2931185E+02  0.1679401E+02  0.1981148E+02
  0.7558492E+01  0.1021186E+02  0.4150003E+01
  0.4247919E+02  0.2065782E+02  0.1178515E+02
  0.3242604E+02  0.5790262E+01  0.1019256E+02
  0.3197678E+02  0.1232304E+02  0.1648326E+02
  0.3542543E+02  0.6211203E+01  0.6865453E+01
  0.3508105E+02  0.1099626E+01  0.1496793E+01
  0.3729719E+02  0.1261919E+02  0.1068200E+02
  0.2649122E+02  0.7852499E+01  0.2083162E+02
  0.1769643E+02  0.1979712E+02  0.1602900E+01
  0.3339893E+02  0.2103357E+02  0.1140379E+02
  0.1418443E+02  0.3344368E+01  0.1097277E+02
  0.2970560E+02  0.1724066E+02  0.3378056E+01
  0.3625865E+02  0.3851733E+01  0.1995792E+02
  0.3578057E+02  0.1942181E+02  0.1093875E+01
  0.3753703E+02  0.1560054E+02  0.1635274E+02
  0.3405593E+02  0.1816365E+02  0.9269285E+01
  0.2096486E+02  0.7384825E+01  0.9271552E+01
  0.1759402E+02  0.1200244E+02  0.5983012E+00
  0.1943065E+02  0.1057413E+02  0.1943430E+02
  0.3108487E+02  0.8239940E+01  0.3603797E+01
  0.4476760E+02  0.3844801E+01  0.1087745E+02
  0.3827402E+02  0.6036235E+01  0.3042636E+01
  0.2416155E+02  0.1582705E+02  0.1455222E+02
  0.2648324E+02  0.1313385E+02  0.2829491E+01
  0.4043307E+02  0.1530736E+02  0.8688514E+01
  0.4047191E+02  0.3460731E+01  0.9670591E+01
  0.3480225E+02  0.2156774E+02  0.9504780E+01
  0.2607931E+02  0.2171437E+02  0.7894018E+01
  0.3479222E+02  0.1952649E+02  0.4503518E+01
  0.2969252E+02  0.5864944E+01  0.1540829E+02
  0.3002763E+02  0.1220523E+02  0.5448234E+01
  0.4293092E+02  0.9745881E+01  0.1428945E+02
  0.2168535E+02  0.2113035E+02  0.1400621E+02
  0.2274475E+02  0.1189418E+02  0.1131590E+02
  0.4081468E+02  0.1682389E+01  0.1735405E+02
  0.5095720E+02  0.4688885E+01  0.1023301E+02
  0.2119646E+02  0.1849312E+02  0.1684943E+02
  0.4072456E+02  0.1155949E+02  0.9838186E+00
  0.2495923E+02  0.2005133E+01  0.7232525E+01
  0.3822897E+02  0.8170462E+01  0.5737384E+01
  0.4206017E+02  0.1812780E+02  0.6965308E+01
  0.1975584E+02  0.1652168E+02  0.1495922E+01
  0.1435977E+02  0.2930142E+01  0.1544547E+02
  0.1720538E+02  0.3721302E+01  0.7535180E+01
  0.4574524E+02  0.1711561E+02  0.3114590E+01
  0.2459020E+02  0.1118802E+02  0.1624407E+02
  0.3078189E+02  0.3747999E+01  0.1192656E+02
  0.1758086E+02  0.7128948E+01  0.1445801E+02
  0.4111206E+02  0.7900840E+01  0.8445807E+01
  0.3776486E+02  0.5771610E+01  0.9164251E+01
  0.4772114E+02  0.7713080E+01  0.7423685E+01
  0.2773841E+02  0.4467969E+01  0.1537766E+02
  0.1574216E+02  0.4149349E+01  0.5616854E+01
  0.3507936E+02  0.9539692E+01  0.1264329E+02
  0.2136924E+02  0.1656987E+02  0.2110988E+02
  0.3313360E+02  0.1383256E+02  0.8676307E+01
  0.2897325E+02  0.1421578E+02  0.9472775E+01
  0.4470195E+02  0.8959653E+01  0.2173748E+00
  0.2403408E+02  0.1297104E+02  0.1926407E+02
  0.3702447E+02  0.4329516E+01  0.1443954E+02
  0.2610945E+02  0.1253808E+02  0.1774167E+02
  0.3510670E+02  0.1154108E+02  0.1139792E+02
  0.3168557E+02  0.1592289E+02  0.3682312E+01
  0.3834465E+02  0.1945048E+02  0.9840281E+01
  0.4751374E+02  0.1860987E+02  0.3120758E+01
  0.5386797E+02  0.1799189E+02  0.1348245E+02
  0.2669436E+02  0.1013161E+02  0.1566345E+02
  0.3781226E+02  0.1190153E+02  0.1707211E+02
  0.4256426E+02  0.1885206E+02  0.1319859E+02
  0.3595079E+02  0.1952836E+02  0.9403407E+01
  0.1744710E+02  0.2002202E+02  0.1704136E+02
  0.3888467E+02  0.5397218E+01  0.1770574E+02
  0.3169722E+02  0.1043145E+02  0.2002264E+02
  0.4385270E+02  0.2674616E+01  0.2424631E+01
  0.4052179E+02  0.9080265E+01  0.1713089E+02
  0.3449954E+02  0.7023172E+01  0.1263859E+02
  0.2178330E+02  0.2073704E+02  0.8149809E+01
  0.2178895E+02  0.2165533E+02  0.1046806E+02
  0.3308428E+02  0.2012218E+01  0.6847843E+01
  0.3247623E+02  0.5130718E+01  0.1971696E+02
  0.2264878E+02  0.8762322E+01  0.2112285E+02
  0.3946649E+02  0.1111246E+01  0.7856754E+01
  0.1663298E+02  0.1874160E+02  0.4826753E+01
  0.1798567E+02  0.9167731E+01  0.2580424E+01
  0.1347562E+02  0.1356872E+02  0.1232047E+02
  0.1897270E+02  0.1452251E+02  0.1091739E+02
  0.5153801E+02  0.9962159E+01  0.1649025E+02
  0.3702716E+02  0.1944725E+02  0.2066747E+02
  0.2218746E+02  0.1222759E+02  0.1779602E+02
  0.3196066E+02  0.1473125E+02  0.1671742E+01
  0.4033039E+02  0.1503396E+02  0.1106555E+02
  0.3738842E+02  0.1389390E+02  0.6072246E+01
  0.1622127E+02  0.1140417E+02  0.1239213E+02
  0.2715670E+02  0.1407640E+02  0.1955660E+02
  0.3333721E+02  0.5532757E+01  0.1752137E+02
  0.3094394E+02  0.2151960E+02  0.3840174E+01
  0.2798929E+02  0.1755778E+02  0.1345169E+02
  0.3464051E+02  0.8102331E+01  0.8385227E+01
  0.3786076E+02  0.1123686E+01  0.1209580E+02
  0.2606584E+02  0.1715702E+02  0.3237236E+01
  0.1299779E+02  0.2032272E+02  0.8597208E+01
  0.2662486E+02  0.1137381E+02  0.9995090E+01
  0.2405975E+02  0.2338935E+01  0.1099850E+01
  0.2441664E+02  0.1518242E+02  0.1830466E+02
  0.1795391E+02  0.1237321E+02  0.6209283E+01
  0.2854415E+02  0.1152113E+01  0.1420807E+02
  0.3276380E+02  0.3200125E+01  0.3955283E+01
  0.3647937E+02  0.1117577E+02  0.2082082E+02
  0.3174740E+02  0.9033454E+01  0.1296255E+02
  0.4434410E+02  0.1577610E+02  0.1474384E+02
  0.2384604E+02  0.1580283E+02  0.6441327E+01
  0.3551356E+02  0.1560902E+02  0.2059895E+02
  0.2389927E+02  0.4246221E+01  0.7338365E+01
  0.4059215E+02  0.4001028E+01  0.1868958E+02
  0.1383450E+02  0.1786616E+01  0.5092301E+01
  0.5245882E+02  0.2042330E+02  0.1107741E+02
  0.3042489E+02  0.9813614E+01  0.8332201E+01
  0.3563842E+02  0.1576051E+01  0.1094927E+02
  0.1566056E+02  0.2123003E+02  0.1180563E+01
  0.1787582E+02  0.8558711E+01  0.1650809E+02
  0.3684409E+02  0.8865401E+01  0.7595547E+01
  0.4539882E+02  0.1167173E+02  0.2971940E+01
  0.2474274E+02  0.7387737E+01  0.9589069E+01
  0.4320674E+02  0.1054041E+02  0.1919452E+02
  0.4251625E+02  0.6863803E+01  0.1099794E+02
  0.3916600E+02  0.1792040E+02  0.2112077E+02
  0.3517578E+02  0.1322730E+02  0.6236502E+01
  0.2350060E+02  0.1258645E+02  0.1445332E+02
  0.3547481E+02  0.5192709E+01  0.9021729E+01
  0.5280990E+02  0.3215700E+01  0.1918041E+02
  0.2473230E+02  0.1278933E+02  0.6798312E+01
  0.4288302E+02  0.1525997E+02  0.3615549E+01
  0.4246802E+02  0.6764459E+01  0.1794441E+02
  0.4050484E+02  0.1348786E+02  0.2067448E+02
  0.3248139E+02  0.6783341E+01  0.4630327E+01
  0.5191759E+02  0.1041693E+02  0.4788164E+00
  0.3425797E+02  0.2103588E+01  0.1640907E+02
  0.4257066E+02  0.3792548E+01  0.1157969E+02
  0.2131049E+02  0.7511496E+01  0.1952255E+02
  0.2340929E+02  0.1941526E+02  0.4803793E+01
  0.9566623E+01  0.2136964E+02  0.8595886E-01
  0.1780766E+02  0.3435840E+01  0.2494426E+00
  0.2529385E+02  0.8877087E+01  0.1296923E+02
  0.4554882E+02  0.2153934E+01  0.1448884E+02
  0.2480976E+02  0.2261296E+01  0.4677767E+01
  0.3635054E+02  0.1361204E+02  0.2110456E+00
  0.2537084E+02  0.4762088E+01  0.9211642E+01
  0.2600897E+02  0.1132964E+02  0.1217029E+01
  0.4710457E+02  0.4333775E+01  0.2681009E+01
  0.3280392E+02  0.1574488E+02  0.1624761E+02
  0.5013285E+02  0.1807057E+02  0.1268377E+02
  0.3232463E+02  0.6720819E+01  0.1326429E+02
  0.3455622E+02  0.1273356E+02  0.1515831E+02
  0.2260169E+02  0.1907695E+02  0.1880772E+02
  0.2921658E+02  0.9001615E+01  0.4829104E+01
  0.1548026E+02  0.2115113E+02  0.2037280E+02
  0.3151154E+02  0.2136142E+02  0.1483541E+02
  0.2201474E+02  0.5074666E+01  0.1703933E+02
  0.3885346E+02  0.1018590E+02  0.1555400E+02
  0.3775116E+02  0.3680026E+01  0.3627459E+01
  0.3177064E+02  0.1418675E+02  0.1809777E+02
  0.1743979E+02  0.1775682E+02  0.2158584E+02
  0.2376970E+02  0.8054780E+01  0.7251085E+01
  0.2937586E+02  0.1842400E+02  0.2158529E+02
  0.2834315E+02  0.1105919E+02  0.8392410E+01
  0.4316647E+02  0.1208822E+02  0.1377675E+02
  0.3233740E+02  0.1171143E+01  0.2010459E+02
  0.1836296E+02  0.1510953E+02  0.1328940E+02
  0.4746085E+02  0.1115171E+02  0.2113327E+02
  0.5052452E+02  0.7929540E+01  0.1537266E+02
  0.3963558E+02  0.3211755E+01  0.2066350E+02
  0.3737447E+02  0.1602095E+02  0.3318557E+01
  0.4882228E+02  0.1825821E+02  0.8627858E+01
  0.2578282E+02  0.3654534E+01  0.1671236E+02
  0.3675042E+02  0.1501270E+02  0.1023518E+02
  0.3357277E+02  0.8050010E+01  0.1063804E+02
  0.2275585E+02  0.3215772E+01  0.4397065E+01
  0.2068696E+02  0.1815478E+01  0.9201193E+01
  0.4752597E+02  0.1485239E+02  0.1628958E+02
  0.2858939E+02  0.8963447E+01  0.7266416E+01
  0.3402040E+02  0.1684520E+02  0.1834093E+02
  0.3002868E+02  0.1873125E+02  0.1293651E+02
  0.4314575E+02  0.1506654E+02  0.1381001E+01
  0.1791170E+02  0.2047987E+02  0.1467866E+02
  0.2568771E+02  0.1483712E+02  0.7579578E+01
  0.3902079E+02  0.1172822E+02  0.1903820E+02
  0.2022718E+02  0.1079723E+02  0.1683421E+02
  0.3396637E+02  0.2072282E+02  0.2020355E+02
  0.2666717E+02  0.1243774E+01  0.1735262E+02
  0.1899443E+02  0.1613019E+02  0.2093471E+02
  0.3970464E+02  0.1653287E+02  0.2304360E+01
  0.2982587E+02  0.1851362E+01  0.2036594E+02
  0.4364829E+02  0.4261569E+01  0.1542496E+02
  0.2866799E+02  0.1106128E+02  0.2094532E+02
  0.4363721E+02  0.7460711E+01  0.4641440E+01
  0.3887225E+02  0.1473005E+02  0.4625435E+01
  0.3601500E+02  0.9135656E+01  0.1766604E+01
  0.1580396E+02  0.5361323E+01  0.8908566E+01
  0.1992071E+02  0.7830849E+01  0.1416336E+02
  0.2492917E+02  0.1781124E+02  0.2114898E+02
  0.2473273E+02  0.4706028E+01  0.1402374E+01
  0.4407446E+02  0.1437394E+02  0.1110701E+02
  0.4215632E+02  0.1362019E+02  0.1225767E+02
  0.4052887E+02  0.9130885E+01  0.6291580E+01
  0.1543767E+02  0.1700786E+02  0.2051759E+02
  0.4607520E+02  0.1376482E+02  0.1868493E+02
  0.1841951E+02  0.1088134E+02  0.7696424E+01
  0.4483703E+02  0.7447874E+01  0.1830818E+02
  0.2860294E+02  0.7594339E+01  0.1901676E+02
  0.3558002E+02  0.1522400E+02  0.2011165E+01
  0.3198539E+02  0.1572429E+02  0.1126699E+02
  0.1618957E+02  0.1657244E+01  0.5485636E+01
  0.2270809E+02  0.1230489E+02  0.8295911E+01
  0.3451880E+02  0.4868880E+01  0.1128812E+02
  0.3224964E+02  0.1951566E+02  0.9950696E+01
  0.1824860E+02  0.1046893E+02  0.4605390E+01
  0.4701453E+02  0.9224940E+01  0.9076631E+01
  0.1050013E+02  0.1807302E+02  0.4999129E+01
  0.2725387E+02  0.9924980E+01  0.2779769E+01
  0.3449039E+02  0.1459255E+02  0.1047493E+02
  0.1560554E+02  0.1476195E+02  0.2534116E+01
  0.4483621E+02  0.1255846E+02  0.9695902E+01
  0.2826189E+02  0.8708548E+01  0.4310905E+00
  0.1937558E+02  0.2164534E+02  0.5452994E+01
  0.2716616E+02  0.3037004E+01  0.7622178E+01
  0.3529956E+02  0.3728322E+01  0.3053981E+01
  0.4179342E+02  0.3734683E+00  0.1913439E+02
  0.1628784E+02  0.7988698E+01  0.8800531E+01
  0.4368218E+02  0.5399560E+00  0.1760433E+02
  0.5193401E+02  0.1202428E+02  0.1021595E+02
  0.5256767E+02  0.1643988E+02  0.5876068E+01
  0.2846652E+02  0.1424256E+02  0.2520763E+01
  0.5331922E+02  0.1147558E+02  0.1604831E+02
  0.3683456E+02  0.4076358E+01  0.1677327E+02
  0.3133522E+02  0.4216041E+01  0.1775227E+02
  0.1949178E+02  0.3286788E+01  0.6768711E+01
  0.3981172E+02  0.8190679E+01  0.1225141E+02
  0.3152344E+02  0.3646709E+01  0.7075527E+01
  0.2263396E+02  0.3074471E+01  0.8999307E+01
  0.1898633E+02  0.2303250E+01  0.1097941E+02
  0.3743285E+02  0.7638129E+01  0.1081936E+02
  0.3623521E+02  0.2143243E+02  0.1949399E+02
  0.2146165E+02  0.2265101E+01  0.1803896E+02
  0.2413321E+02  0.1213689E+02  0.4621778E+01
  0.2484809E+02  0.5250474E+01  0.1200293E+02
  0.2905319E+02  0.1944541E+02  0.7384035E+01
  0.4425725E+02  0.3843348E+01  0.1329539E+02
  0.3366949E+02  0.3776801E+01  0.8578787E+01
  0.4176010E+02  0.6137929E+01  0.1610459E+01
  0.3370153E+02  0.1615420E+01  0.1226632E+02
  0.2727589E+02  0.1887760E+02  0.2644098E+01
  0.5071616E+02  0.3317560E+01  0.1120681E+01
  0.3240274E+02  0.1613108E+02  0.1376359E+02
  0.1104673E+02  0.7278857E+01  0.1859887E+02
  0.3067265E+02  0.4279920E+01  0.9069091E+01
  0.4631965E+02  0.8573121E+01  0.1699783E+02
  0.3735492E+02  0.1670047E+01  0.1648281E+02
  0.1610576E+02  0.1310871E+02  0.9049959E+01
  0.2652444E+02  0.2154755E+02  0.1883373E+02
  0.3135495E+02  0.1090282E+02  0.1724484E+01
  0.3176811E+02  0.1826893E+02  0.5909341E+01
  0.1845719E+02  0.1623372E+01  0.2717137E+01
  0.4157853E+02  0.1149945E+02  0.3411406E+01
  0.5480625E+02  0.3676952E+01  0.1668138E+02
  0.2913729E+02  0.2448743E+01  0.8867392E+01
  0.1927462E+02  0.4876536E+01  0.1641442E+02
  0.3833046E+02  0.1519631E+02  0.1224799E+02
  0.3361678E+02  0.5371181E+01  0.2886335E+01
  0.1318463E+02  0.1131382E+02  0.2142710E+02
  0.2398761E+02  0.6235446E+01  0.6009107E+01
  0.2187432E+02  0.8916240E+01  0.2764283E+01
  0.2673069E+02  0.3417436E+01  0.1914790E+02
  0.2474474E+02  0.1403839E+02  0.1615669E+02
  0.1586865E+02  0.1855530E+02  0.9359422E+01
  0.4086681E+02  0.1476391E+02  0.1163222E+01
  0.4154898E+02  0.1771139E+01  0.1270633E+02
  0.4589283E+02  0.3460245E+00  0.1897952E+02
  0.3308216E+02  0.1049609E+02  0.1802357E+02
  0.3762407E+02  0.7955349E+01  0.1970383E+02
  0.3054259E+02  0.1228864E+02  0.2039304E+02
  0.3831325E+02  0.2582230E+01  0.5616535E+01
  0.3352419E+02  0.8960893E+01  0.1636315E+02
  0.4618030E+02  0.2059464E+02  0.1264550E+02
  0.5325413E+02  0.1646365E+02  0.2033738E+02
  0.1349045E+02  0.2105444E+02  0.1376717E+02
  0.2868936E+02  0.1961757E+01  0.6097389E+01
  0.2192068E+02  0.1566532E+02  0.1395828E+02
  0.1041571E+02  0.1620037E+01  0.7718784E+01
  0.1140450E+02  0.1236707E+02  0.1989289E+02
  0.2467409E+02  0.1838168E+02  0.1876611E+02
  0.3017439E+02  0.1066414E+02  0.1188187E+02
  0.2866767E+02  0.1298060E+02  0.1415914E+02
  0.4930767E+02  0.1841201E+02  0.4711349E+01
  0.2284646E+02  0.7964983E+01  0.1085859E+02
  0.3180607E+02  0.2080053E+02  0.5897465E+01
  0.2656563E+02  0.7862438E+01  0.1481743E+02
  0.3167394E+02  0.3043776E+00  0.5879603E+00
  0.2655317E+02  0.1855094E+02  0.1584232E+02
  0.2758656E+02  0.1703280E+01  0.1083047E+02
  0.4948627E+02  0.1087921E+02  0.3972416E+01
  0.3859521E+02  0.3470726E+01  0.1269730E+01
  0.2975599E+02  0.2103099E+02  0.2130471E+02
  0.4111813E+02  0.1357894E+02  0.4349560E+01
  0.4621263E+02  0.1764852E+02  0.1801526E+02
  0.3990508E+02  0.1557058E+02  0.1667959E+02
  0.2830381E+02  0.1625334E+02  0.8269646E+01
  0.4430700E+02  0.1100161E+02  0.7741072E+01
  0.7884767E+01  0.7086713E+01  0.1421451E+01
  0.4292712E+02  0.2081444E+02  0.1477451E+02
  0.1340255E+02  0.5097783E+01  0.1622367E+02
  0.1012322E+02  0.2798235E+00  0.1457574E+02
  0.2111398E+02  0.1853078E+02  0.9165376E+01
  0.1460612E+02  0.6826233E+01  0.7383899E+01
  0.3671111E+02  0.1287804E+02  0.1890139E+02
  0.1525071E+02  0.1461892E+02  0.2051737E+02
  0.1808965E+02  0.6329531E+01  0.8708460E+01
  0.3390156E+02  0.1705872E+02  0.1122851E+02
  0.3042445E+02  0.5047775E+00  0.9761067E+01
  0.4253135E+02  0.1254240E+02  0.1760644E+02
  0.1430580E+02  0.1917954E+02  0.2088252E+02
  0.4011638E+02  0.2036100E+02  0.1200051E+02
  0.1497505E+02  0.1793111E+02  0.1362788E+02
  0.2203338E+02  0.2293603E+01  0.2318292E+01
  0.4706778E+02  0.1569572E+01  0.7233118E+01
  0.2720193E+02  0.1978864E+02  0.1234002E+02
  0.2450876E+02  0.1699545E+02  0.1674278E+02
  0.4666835E+02  0.1677813E+02  0.1295942E+02
  0.9556636E+01  0.4860596E+01  0.1035270E+02
  0.2402629E+02  0.2121736E+02  0.1876164E+02
  0.2919396E+02  0.2052582E+02  0.2498484E+01
  0.3113202E+02  0.6418593E+01  0.8250870E+01
  0.3663708E+02  0.2090545E+02  0.1338912E+02
  0.2967728E+02  0.1335041E+02  0.1714127E+02
  0.4827696E+02  0.1317588E+02  0.5936756E+01
  0.5202507E+02  0.6398543E+01  0.1403621E+02
  0.2960825E+02  0.1431195E+02  0.1991179E+02
  0.1424790E+02  0.6748422E+01  0.2048910E+02
  0.2692100E+02  0.1946772E+02  0.1818775E+02
  0.1666343E+02  0.1268806E+02  0.2934606E+01
  0.2063252E+02  0.1868288E+02  0.1365340E+01
  0.2988913E+02  0.1374556E+02  0.6592891E+00
  0.4092403E+02  0.6521756E+01  0.1505607E+02
  0.3173214E+02  0.7413737E+01  0.1560803E+02
  0.3806288E+02  0.5599404E+01  0.2046661E+02
  0.1791916E+02  0.1600860E+02  0.2516988E+01
  0.4176022E+02  0.2120016E+01  0.2103030E+02
  0.1911068E+02  0.4100538E+01  0.1870947E+02
  0.1398377E+02  0.3309645E+01  0.2096229E+02
  0.2664247E+02  0.3950404E+01  0.1103006E+02
  0.2308470E+02  0.1524161E+02  0.6568137E-02
  0.2896516E+02  0.1161364E+02  0.1590237E+01
  0.3277891E+02  0.1265766E+02  0.3236915E+01
  0.2666918E+02  0.1188057E+02  0.2059649E+02
  0.3040466E+02  0.5588067E+01  0.4142279E+01
  0.4854550E+02  0.4795713E+01  0.5626084E+01
  0.1755794E+02  0.2020557E+02  0.2081640E+02
  0.8794947E+01  0.4777955E+01  0.1599943E+02
  0.4575419E+02  0.2813338E+01  0.2091193E+02
  0.2505646E+02  0.6161363E+01  0.2119420E+02
  0.3354645E+02  0.1921943E+02  0.1289106E+02
  0.3857711E+02  0.8360413E+00  0.2603798E+01
  0.2867236E+02  0.2262500E+01  0.1809098E+02
  0.1596154E+02  0.2113411E+02  0.1334289E+02
  0.4371845E+02  0.1986820E+02  0.7710792E+01
  0.4559442E+02  0.1263490E+02  0.2099518E+02
  0.4027920E+02  0.2945648E+01  0.1462378E+02
  0.4953660E+02  0.8102282E+01  0.2030888E+02
  0.3886425E+02  0.1258016E+02  0.1215982E+02
  0.5022405E+02  0.3437602E+00  0.6644066E+01
  0.3031060E+02  0.1582794E+02  0.1675280E+02
  0.5251632E+02  0.8313285E+00  0.9869805E+01
  0.5067108E+02  0.2055270E+02  0.1268472E+02
  0.4758857E+02  0.2103904E+02  0.1459302E+02
  0.5017330E+02  0.1710060E+02  0.6626743E+01
  0.5228521E+02  0.2157011E+01  0.1166648E+02
  0.4244386E+02  0.1881372E+02  0.2062655E+01
  0.3904335E+02  0.2022749E+02  0.1422352E+02
  0.4180735E+02  0.1954160E+02  0.1893486E+02
  0.3493225E+02  0.1293919E+02  0.2163142E+01
  0.4273065E+02  0.3009858E+00  0.4710620E+00
  0.4981269E+02  0.1839286E+01  0.3002938E+01
  0.4985696E+02  0.1803177E+02  0.3355846E+00
  0.5528877E+02  0.1369926E+02  0.1503078E+02
  0.5125896E+02  0.2015715E+02  0.1305551E+00
  0.4532526E+02  0.1807488E+02  0.1467867E+02
  0.5688393E+02  0.1692487E+01  0.4306791E+00
  0.5683230E+02  0.2021331E+02  0.3209255E+01
  0.5135630E+02  0.1927925E+02  0.3723994E+01
  0.5567485E+02  0.2177877E+00  0.1871037E+01
  0.5849947E+02  0.2986843E+01  0.1781509E+01
  0.5822174E+02  0.2151172E+02  0.4350381E+01
  0.5116080E+02  0.3464028E+01  0.5922712E+01
  0.6004902E+02  0.2057086E+02  0.4370540E+00
  0.6242832E+02  0.1479489E+01  0.5677906E+00
  0.6238040E+02  0.2060402E+02  0.3204647E+01
  0.5939457E+02  0.1334477E+01  0.3091069E+01
  0.6098411E+02  0.1130980E+00  0.1974806E+01
  0.6381681E+02  0.3068998E+01  0.1405574E+01
  0.6376608E+02  0.2988029E+00  0.4412775E+01
  0.6102816E+02  0.2427171E+01  0.4592818E+01
  0.4517127E+02  0.5394401E+01  0.2158153E+02
  0.3159396E+02  0.1075882E+02  0.1475916E+02
  0.4257561E+02  0.1196395E+02  0.2109214E+02
  0.4503574E+02  0.6098807E+00  0.3228709E+00
  0.5443496E+02  0.2032504E+02  0.5334880E+00
  0.4904071E+02  0.5261946E+01  0.8811870E+01
  0.4926990E+02  0.2243306E+01  0.5398226E+01
  0.3207126E+02  0.1942124E+02  0.1596022E+02
  0.5078163E+02  0.2129359E+02  0.2373799E+01
  0.5323382E+02  0.7888733E+01  0.4694218E+01
  0.3674729E+02  0.1752453E+02  0.1552648E+02
  0.4047182E+02  0.2079839E+02  0.1708731E+02
  0.5025939E+02  0.5017230E+00  0.9136383E+01
  0.5433653E+02  0.1197291E+02  0.3731115E+01
  0.4991243E+02  0.1529288E+02  0.1670498E+02
  0.5098770E+02  0.1491970E+02  0.1131834E+02
  0.5248771E+02  0.1832469E+02  0.1672624E+02
  0.5695908E+02  0.7172882E+01  0.5674480E+00
  0.5710308E+02  0.4414038E+01  0.3301418E+01
  0.5337439E+02  0.1264171E+02  0.1809896E+02
  0.5594684E+02  0.5335800E+01  0.1591536E+01
  0.5853354E+02  0.8319549E+01  0.1820277E+01
  0.5862922E+02  0.5424733E+01  0.5008689E+01
  0.5353838E+02  0.5523783E+01  0.4334735E+01
  0.5958775E+02  0.4482482E+01  0.2855398E+00
  0.6223815E+02  0.7091982E+01  0.2322944E+00
  0.6244935E+02  0.3949943E+01  0.3303821E+01
  0.5982001E+02  0.6761224E+01  0.3373002E+01
  0.6122042E+02  0.5483773E+01  0.1794582E+01
  0.6370599E+02  0.8388892E+01  0.1470688E+01
  0.6366857E+02  0.5761098E+01  0.4411914E+01
  0.6083039E+02  0.8347386E+01  0.4379351E+01
  0.5006336E+02  0.1731485E+02  0.1510130E+02
  0.4419672E+02  0.1138950E+02  0.8122585E+00
  0.5206636E+02  0.1697941E+02  0.1199230E+02
  0.4570807E+02  0.5745186E+01  0.1928154E+02
  0.3628046E+02  0.3738497E+00  0.3698527E+01
  0.5217408E+02  0.2102004E+02  0.5335213E+01
  0.4033696E+02  0.2643785E+01  0.2701874E+01
  0.2442341E+02  0.1124608E+02  0.1287063E+02
  0.5367079E+02  0.5640224E+01  0.1934594E+02
  0.5387217E+02  0.1219206E+02  0.1384657E+02
  0.4720564E+02  0.2300361E+01  0.1626758E+02
  0.2813813E+02  0.7296298E+01  0.1080029E+02
  0.5121142E+02  0.1054741E+02  0.5780265E+01
  0.5183962E+02  0.6304493E+01  0.2031723E+02
  0.5114396E+02  0.5964379E+00  0.1406779E+02
  0.5004285E+02  0.1518229E+02  0.1907209E+02
  0.5428939E+02  0.9838365E+01  0.6190545E+00
  0.5715930E+02  0.1250230E+02  0.6398539E+00
  0.5712483E+02  0.9486332E+01  0.3281258E+01
  0.4155806E+02  0.2071146E+02  0.3492274E+01
  0.5584119E+02  0.1102885E+02  0.2046744E+01
  0.5852382E+02  0.1366208E+02  0.2015836E+01
  0.5836014E+02  0.1111369E+02  0.4537909E+01
  0.5589991E+02  0.1355232E+02  0.4881884E+01
  0.5957702E+02  0.9873791E+01  0.2293377E+00
  0.6244290E+02  0.1221903E+02  0.3328801E+00
  0.6222548E+02  0.9625404E+01  0.3073935E+01
  0.5994903E+02  0.1243398E+02  0.3372304E+01
  0.6104022E+02  0.1115385E+02  0.1754885E+01
  0.6393242E+02  0.1340477E+02  0.1751481E+01
  0.6376308E+02  0.1088291E+02  0.4359661E+01
  0.6139279E+02  0.1395163E+02  0.4719804E+01
  0.4672297E+02  0.8239229E+01  0.1412345E+01
  0.4580071E+02  0.1644783E+02  0.2010777E+02
  0.3661504E+02  0.6699246E+01  0.4553221E+01
  0.4175654E+02  0.4926994E+01  0.1658066E+02
  0.3759342E+02  0.1831827E+02  0.7864659E+01
  0.4117131E+02  0.1554842E+02  0.1909012E+02
  0.3162745E+02  0.1156867E+02  0.7097930E+01
  0.4422283E+02  0.8767777E+01  0.1170898E+02
  0.5019758E+02  0.1027552E+02  0.8116056E+01
  0.4486593E+02  0.1297719E+02  0.6183402E+01
  0.4571524E+02  0.1948254E+02  0.1649104E+02
  0.4495187E+02  0.1471850E+01  0.8638124E+01
  0.4849061E+02  0.2939012E+01  0.9124316E+01
  0.5360481E+02  0.5739590E+01  0.1863280E+01
  0.3009757E+02  0.5750525E+01  0.1285503E+02
  0.3796091E+02  0.1494903E+02  0.8222758E+01
  0.5124652E+02  0.1684944E+02  0.1797415E+01
  0.5703964E+02  0.1797184E+02  0.4876047E+00
  0.5706688E+02  0.1527525E+02  0.3339987E+01
  0.5093793E+02  0.1702958E+02  0.2021086E+02
  0.5612539E+02  0.1581812E+02  0.1221736E+01
  0.5846811E+02  0.1932091E+02  0.1835065E+01
  0.5863942E+02  0.1651202E+02  0.4545671E+01
  0.5444773E+02  0.1278959E+02  0.7817589E+01
  0.5994595E+02  0.1504721E+02  0.4249232E+00
  0.6276887E+02  0.1798228E+02  0.1012750E+00
  0.6269043E+02  0.1502806E+02  0.3086783E+01
  0.5979911E+02  0.1772982E+02  0.2834121E+01
  0.6136335E+02  0.1646311E+02  0.1500750E+01
  0.6357797E+02  0.1918913E+02  0.1866308E+01
  0.6389302E+02  0.1635282E+02  0.4562710E+01
  0.6114864E+02  0.1891354E+02  0.4435654E+01
  0.5155567E+02  0.8862020E+01  0.1195606E+02
  0.4819124E+02  0.1415162E+02  0.8234650E+01
  0.5096705E+02  0.2833120E+01  0.8445952E+01
  0.4894003E+02  0.2023575E+02  0.1813708E+02
  0.4758213E+02  0.1702519E+02  0.6679346E+01
  0.4548742E+02  0.1953015E+02  0.4093635E+01
  0.3827058E+02  0.9791641E+01  0.3857168E+01
  0.5259731E+02  0.1353970E+02  0.3466493E+01
  0.3911430E+02  0.3958185E-02  0.1034542E+02
  0.3666913E+02  0.2058374E+02  0.7245552E+01
  0.4381516E+02  0.1647209E+02  0.7541977E+01
  0.4931425E+02  0.4360780E+01  0.2049449E+02
  0.4495596E+02  0.1862608E+02  0.1242876E+02
  0.5152373E+02  0.1282507E+02  0.9549836E+00
  0.5285115E+02  0.1348759E+02  0.1191780E+02
  0.5401747E+02  0.4002595E+01  0.1112778E+02
  0.5421929E+02  0.1719862E+02  0.8843001E+00
  0.5696913E+02  0.1069216E+01  0.5782414E+01
  0.5674610E+02  0.2048076E+02  0.8763173E+01
  0.5172614E+02  0.2127253E+02  0.1891749E+02
  0.3138697E+02  0.1794063E+02  0.2002680E+02
  0.5835461E+02  0.2589472E+01  0.7370127E+01
  0.5831964E+02  0.2739411E+00  0.1032585E+02
  0.5557256E+02  0.1954583E+02  0.5211632E+01
  0.5984489E+02  0.2031795E+02  0.5805995E+01
  0.6265611E+02  0.1379136E+01  0.6017699E+01
  0.6242702E+02  0.2055478E+02  0.8668394E+01
  0.5976515E+02  0.1564073E+01  0.8791851E+01
  0.6101080E+02  0.7085669E-01  0.7159968E+01
  0.6383494E+02  0.2645807E+01  0.7233080E+01
  0.6359364E+02  0.2464742E+00  0.1008365E+02
  0.6096298E+02  0.2924264E+01  0.9899084E+01
  0.4471822E+02  0.2588778E+01  0.1675831E+02
  0.4852214E+02  0.1335263E+02  0.3489842E+01
  0.4614384E+02  0.1399122E+02  0.3078313E+01
  0.3455510E+02  0.1723632E+02  0.2048789E+01
  0.4563101E+02  0.6553516E+00  0.5538420E+01
  0.3267908E+02  0.7286514E+01  0.6535168E+00
  0.3243665E+02  0.3239937E+01  0.1040031E+02
  0.4482553E+02  0.7161981E-01  0.1412161E+02
  0.3336728E+02  0.1775178E+02  0.3908579E+01
  0.5546600E+02  0.2119946E+02  0.6799503E+01
  0.5423301E+02  0.1365419E+01  0.8411640E+01
  0.4246108E+02  0.1569995E+02  0.1357553E+02
  0.3884044E+02  0.1020427E+01  0.1438585E+02
  0.3916952E+02  0.8544502E+01  0.2155504E+01
  0.5221682E+02  0.1604112E+01  0.4768452E+01
  0.5067745E+02  0.2611368E+01  0.2046320E+02
  0.5046412E+02  0.6001642E+01  0.1217027E+02
  0.5727462E+02  0.6831365E+01  0.5974391E+01
  0.5709313E+02  0.4193469E+01  0.8594275E+01
  0.5512153E+02  0.8193379E+01  0.1005690E+02
  0.5303677E+02  0.5194043E+01  0.9155374E+01
  0.5856180E+02  0.8397500E+01  0.7150561E+01
  0.5850506E+02  0.5618444E+01  0.9963054E+01
  0.5366646E+02  0.1097623E+02  0.6013149E+01
  0.5985260E+02  0.3792773E+01  0.6207293E+01
  0.6229545E+02  0.7244132E+01  0.5763424E+01
  0.6247696E+02  0.4207164E+01  0.8607903E+01
  0.5969601E+02  0.6975180E+01  0.8590804E+01
  0.6094657E+02  0.5761448E+01  0.7381292E+01
  0.6375176E+02  0.8312558E+01  0.7286383E+01
  0.6383445E+02  0.5634030E+01  0.1000562E+02
  0.6100353E+02  0.8348312E+01  0.9915113E+01
  0.3330090E+02  0.2419675E+01  0.2669805E+00
  0.4501246E+02  0.8554765E+01  0.1388412E+02
  0.4225369E+02  0.5787733E+01  0.1310307E+02
  0.5017104E+02  0.7262527E+01  0.2127379E+01
  0.4748367E+02  0.5935380E+01  0.1750200E+02
  0.4201689E+02  0.1679905E+02  0.1136189E+02
  0.4242248E+02  0.8172660E+01  0.1592902E+02
  0.5312006E+02  0.2150784E+02  0.2071576E+02
  0.4346729E+02  0.3910887E+01  0.2088325E+02
  0.5418204E+02  0.7974440E+01  0.2063568E+01
  0.4768032E+02  0.1045034E+02  0.1130915E+02
  0.5342045E+02  0.1826862E+02  0.4769362E+01
  0.4353231E+02  0.7794051E+01  0.2259824E+01
  0.2885920E+02  0.8002780E+01  0.1470117E+02
  0.3630156E+02  0.1747978E+02  0.1918633E+02
  0.4516171E+02  0.6404759E+01  0.8612339E+01
  0.4999751E+02  0.1987960E+01  0.1268566E+02
  0.5730492E+02  0.1216993E+02  0.6279299E+01
  0.5709995E+02  0.9284761E+01  0.8799652E+01
  0.3918486E+02  0.6021070E+01  0.1111716E+02
  0.5575223E+02  0.1081694E+02  0.7324050E+01
  0.5856562E+02  0.1363220E+02  0.7429307E+01
  0.5845696E+02  0.1096110E+02  0.9851737E+01
  0.5593045E+02  0.1628200E+02  0.7504494E+01
  0.5979987E+02  0.9745944E+01  0.5837527E+01
  0.6289380E+02  0.1244598E+02  0.5905450E+01
  0.6243349E+02  0.9673092E+01  0.8806386E+01
  0.6002145E+02  0.1220265E+02  0.8555097E+01
  0.6161999E+02  0.1105682E+02  0.7056421E+01
  0.6388626E+02  0.1389676E+02  0.7532336E+01
  0.6386860E+02  0.1103686E+02  0.1015446E+02
  0.6119407E+02  0.1375198E+02  0.9931837E+01
  0.5028902E+02  0.1176006E+02  0.1505029E+02
  0.4147996E+02  0.5558210E+01  0.9345179E+01
  0.4171822E+02  0.1069490E+01  0.1501094E+02
  0.4906268E+02  0.1936677E+02  0.1583130E+02
  0.1826387E+02  0.6756613E+01  0.6465614E+01
  0.5008369E+02  0.1052841E+02  0.1063561E+02
  0.3339604E+02  0.9283717E+01  0.2103616E+02
  0.4217095E+02  0.2002347E+02  0.2138905E+02
  0.4051012E+02  0.3109699E+01  0.5037370E+01
  0.5048268E+02  0.1324238E+02  0.8636446E+01
  0.5171769E+02  0.9056772E+01  0.2028128E+02
  0.5141810E+02  0.1300667E+02  0.1382137E+02
  0.4779186E+02  0.9998697E+01  0.5515595E+01
  0.4521278E+02  0.3025996E+01  0.6143916E+01
  0.4932852E+02  0.2153169E+02  0.4581441E+00
  0.3894840E+02  0.2018632E+02  0.2653351E+01
  0.5457058E+02  0.4101074E+01  0.5939410E+01
  0.5718071E+02  0.1768798E+02  0.6062242E+01
  0.5727181E+02  0.1460783E+02  0.8881268E+01
  0.5443451E+02  0.1490107E+02  0.6469480E+01
  0.4515820E+02  0.6010191E+01  0.5730360E+01
  0.5832342E+02  0.1916813E+02  0.7325558E+01
  0.5843307E+02  0.1624539E+02  0.1016639E+02
  0.5561837E+02  0.1903285E+02  0.1042976E+02
  0.6004895E+02  0.1512108E+02  0.6075032E+01
  0.6254475E+02  0.1763931E+02  0.5786520E+01
  0.6242435E+02  0.1510920E+02  0.8672324E+01
  0.5967055E+02  0.1768000E+02  0.8697916E+01
  0.6126538E+02  0.1650441E+02  0.7262691E+01
  0.6365887E+02  0.1919226E+02  0.7177219E+01
  0.6362111E+02  0.1672242E+02  0.1012300E+02
  0.6104945E+02  0.1928305E+02  0.1000166E+02
  0.4840839E+02  0.1371919E+02  0.1989273E+02
  0.2895367E+02  0.2054091E+02  0.1079345E+02
  0.4501390E+02  0.6572462E+01  0.1095009E+02
  0.4061502E+02  0.6856929E+01  0.3358191E+01
  0.5449962E+02  0.1781555E+02  0.1902096E+02
  0.4771381E+02  0.1668378E+02  0.1003413E+02
  0.4158692E+02  0.9363459E+01  0.1955152E+01
  0.5101266E+02  0.1860733E+02  0.8163167E+01
  0.4569217E+02  0.1183310E+02  0.1396782E+02
  0.4102285E+02  0.1165393E+02  0.1138224E+02
  0.4789930E+02  0.1542271E+02  0.4801568E+01
  0.5018071E+02  0.9886347E+01  0.1947604E+01
  0.4331518E+02  0.3023284E+01  0.7532744E+01
  0.5425176E+02  0.1519039E+02  0.1106143E+02
  0.5563626E+02  0.2781648E+01  0.9816464E+01
  0.4305886E+02  0.5376924E+01  0.7866362E+01
  0.5486879E+02  0.2043155E+02  0.1217330E+02
  0.5709247E+02  0.1899287E+01  0.1163276E+02
  0.5667433E+02  0.2045235E+02  0.1400530E+02
  0.4833001E+02  0.7103679E+01  0.1200988E+02
  0.5268080E+02  0.2011091E+02  0.1410004E+02
  0.5878903E+02  0.3036475E+01  0.1285200E+02
  0.5828643E+02  0.3716412E+00  0.1516828E+02
  0.5585518E+02  0.2138647E+01  0.1511546E+02
  0.5983617E+02  0.2053066E+02  0.1157735E+02
  0.6236582E+02  0.1873271E+01  0.1138406E+02
  0.6259136E+02  0.2081077E+02  0.1429150E+02
  0.5983082E+02  0.1627993E+01  0.1410692E+02
  0.6111941E+02  0.1380803E+00  0.1290247E+02
  0.6379730E+02  0.2828626E+01  0.1286437E+02
  0.6379089E+02  0.3917180E+00  0.1587073E+02
  0.6124136E+02  0.3084709E+01  0.1545490E+02
  0.3657990E+02  0.1984001E+02  0.3048828E+01
  0.3558004E+02  0.3255657E+01  0.1286559E+02
  0.4690284E+02  0.1045160E+02  0.1903220E+02
  0.4897664E+02  0.2882178E+01  0.1465416E+02
  0.4729090E+02  0.4442890E+01  0.3309548E+00
  0.5040396E+02  0.5442759E+01  0.1673921E+02
  0.4432437E+02  0.1834420E+02  0.2111450E+02
  0.3569296E+02  0.8777152E+01  0.2101526E+02
  0.4853322E+02  0.7535774E+01  0.9859931E+01
  0.5227891E+02  0.8063645E+01  0.7110716E+01
  0.5466542E+02  0.2129014E+01  0.1247260E+02
  0.3940561E+02  0.1844306E+02  0.6294920E+01
  0.5573857E+02  0.5512651E+01  0.7363707E+01
  0.5007170E+02  0.9572940E+01  0.1381797E+02
  0.5168990E+02  0.1197545E+01  0.1731427E+02
  0.4401285E+02  0.1723482E+02  0.1402303E+01
  0.4785185E+02  0.1137999E+02  0.7530835E+01
  0.5682921E+02  0.6881712E+01  0.1125272E+02
  0.5696478E+02  0.4041431E+01  0.1404137E+02
  0.5313996E+02  0.1061826E+02  0.8479744E+01
  0.5556247E+02  0.5428548E+01  0.1265502E+02
  0.5802848E+02  0.8215327E+01  0.1264827E+02
  0.5810036E+02  0.5650126E+01  0.1550426E+02
  0.5426365E+02  0.7327696E+01  0.1384616E+02
  0.5976370E+02  0.4361093E+01  0.1126726E+02
  0.6239206E+02  0.7093191E+01  0.1106252E+02
  0.6253699E+02  0.4561333E+01  0.1395310E+02
  0.5961617E+02  0.7102100E+01  0.1419523E+02
  0.6095949E+02  0.5951121E+01  0.1265285E+02
  0.6375356E+02  0.8380677E+01  0.1248537E+02
  0.6390603E+02  0.5882096E+01  0.1542810E+02
  0.6087730E+02  0.8335297E+01  0.1537136E+02
  0.4346203E+02  0.1987451E+02  0.1698270E+02
  0.3961241E+02  0.1313961E+02  0.7976484E+01
  0.4656222E+02  0.3688216E+01  0.1808883E+02
  0.4191990E+02  0.1491666E+02  0.6837474E+01
  0.5680519E+02  0.1260270E+02  0.1642614E+02
  0.3446855E+02  0.1708838E+02  0.1371213E+02
  0.4564397E+02  0.1982825E+02  0.9405208E+01
  0.3594328E+02  0.4463205E+01  0.5154945E+01
  0.4506239E+02  0.1439306E+02  0.8112387E+01
  0.2598425E+02  0.1573958E+02  0.5303283E+01
  0.4018933E+02  0.6012979E+01  0.2144647E+02
  0.4157278E+02  0.1268671E+02  0.6520464E+01
  0.3755635E+02  0.1168923E+02  0.1402572E+02
  0.3988991E+02  0.1113147E+02  0.9445582E+01
  0.5569500E+02  0.8392226E+01  0.1566147E+02
  0.5542778E+02  0.1620753E+02  0.1274375E+02
  0.4697828E+02  0.2730015E+01  0.1107618E+02
  0.5708625E+02  0.1212201E+02  0.1110662E+02
  0.5694568E+02  0.9766107E+01  0.1428440E+02
  0.4888321E+02  0.1619620E+02  0.1205210E+02
  0.4186156E+02  0.9531059E+01  0.1212304E+02
  0.5982157E+02  0.1233841E+02  0.1384729E+02
  0.5560532E+02  0.1081162E+02  0.1247289E+02
  0.5125528E+02  0.1313194E+02  0.1922655E+02
  0.5970446E+02  0.9512001E+01  0.1153692E+02
  0.6261608E+02  0.1249140E+02  0.1139410E+02
  0.6224466E+02  0.9745504E+01  0.1403228E+02
  0.5849838E+02  0.1132468E+02  0.1532330E+02
  0.6117692E+02  0.1098218E+02  0.1251076E+02
  0.6395049E+02  0.1380693E+02  0.1274043E+02
  0.6348028E+02  0.1121701E+02  0.1532410E+02
  0.6118072E+02  0.1392925E+02  0.1516200E+02
  0.2441987E+02  0.4197793E+01  0.1967014E+02
  0.4789929E+02  0.2019465E+02  0.9310295E+01
  0.3922653E+02  0.6744803E+01  0.7480873E+01
  0.4557395E+02  0.1450185E+02  0.8410019E+00
  0.3948292E+02  0.2717341E+01  0.1184787E+02
  0.5292997E+02  0.3345816E+01  0.1562046E+01
  0.4143634E+02  0.1700461E+01  0.6753907E+01
  0.5128622E+02  0.1478517E+02  0.4924266E+01
  0.4359751E+02  0.1356999E+02  0.1568774E+02
  0.5562297E+02  0.8063834E+01  0.4440202E+01
  0.4755842E+02  0.1688037E+02  0.1524731E+02
  0.4755889E+02  0.1905732E+01  0.1963838E+02
  0.5392626E+02  0.8892793E+01  0.1211076E+02
  0.3448148E+02  0.1853508E+02  0.1577842E+02
  0.5095156E+02  0.3184075E+01  0.1602306E+02
  0.3336410E+02  0.2134313E+02  0.7552870E+01
  0.4641301E+02  0.9514046E+01  0.3586627E+01
  0.5712800E+02  0.1753939E+02  0.1153978E+02
  0.5716207E+02  0.1481778E+02  0.1381447E+02
  0.4464012E+02  0.9483501E+01  0.5267723E+01
  0.5542049E+02  0.1335731E+02  0.9878668E+01
  0.5840716E+02  0.1920538E+02  0.1275378E+02
  0.5851532E+02  0.1629516E+02  0.1513641E+02
  0.5578491E+02  0.1858412E+02  0.1505773E+02
  0.6012022E+02  0.1489591E+02  0.1123856E+02
  0.6245182E+02  0.1815038E+02  0.1171878E+02
  0.6282625E+02  0.1544034E+02  0.1402798E+02
  0.5994346E+02  0.1781831E+02  0.1400728E+02
  0.6118406E+02  0.1651934E+02  0.1249954E+02
  0.6393019E+02  0.1932741E+02  0.1300603E+02
  0.6398232E+02  0.1687410E+02  0.1548108E+02
  0.6098256E+02  0.1952556E+02  0.1560598E+02
  0.4685585E+02  0.5380618E+01  0.7329751E+01
  0.3976960E+02  0.1137912E+02  0.5104742E+01
  0.4801716E+02  0.1679572E+02  0.2107539E+02
  0.4883273E+02  0.7604546E+00  0.1116667E+02
  0.4499088E+02  0.9245589E+01  0.1977125E+02
  0.4987666E+02  0.1447328E+02  0.2012124E+01
  0.5589914E+02  0.2806449E+01  0.4393427E+01
  0.5027056E+02  0.1125763E+02  0.1814586E+02
  0.4497584E+02  0.1524383E+02  0.4835354E+01
  0.4378228E+02  0.2130073E+02  0.4075618E+01
  0.4673122E+02  0.2094836E+02  0.7137432E+01
  0.5461101E+02  0.1711684E+02  0.9404315E+01
  0.5062363E+02  0.1271880E+02  0.6280612E+01
  0.5450114E+02  0.2527147E+00  0.1416984E+02
  0.5320251E+02  0.1964714E+02  0.6969261E+01
  0.4213140E+02  0.1996050E+02  0.9526996E+01
  0.4955215E+02  0.5109317E+00  0.1557624E+02
  0.5682151E+02  0.1240989E+01  0.1706221E+02
  0.5698948E+02  0.2040686E+02  0.1964872E+02
  0.4988193E+02  0.5132080E+00  0.1975578E+02
  0.5544465E+02  0.2136694E+02  0.1801817E+02
  0.5816949E+02  0.2877913E+01  0.1817326E+02
  0.5842589E+02  0.1250347E+00  0.2095773E+02
  0.5556786E+02  0.3509567E+01  0.1571729E-01
  0.5938363E+02  0.2067796E+02  0.1683044E+02
  0.6232268E+02  0.1735595E+01  0.1689914E+02
  0.6237632E+02  0.2066036E+02  0.1928579E+02
  0.5961683E+02  0.1741249E+01  0.1976818E+02
  0.6081514E+02  0.4036019E+00  0.1807271E+02
  0.6380191E+02  0.3193783E+01  0.1823072E+02
  0.6387190E+02  0.2610149E+00  0.2073997E+02
  0.6126654E+02  0.3138898E+01  0.2075785E+02
  0.1479209E+02  0.3167184E+01  0.1504321E+01
  0.4561369E+02  0.1765038E+02  0.1034900E+02
  0.4093676E+02  0.1774887E+02  0.8989155E+01
  0.4975139E+02  0.8578164E+01  0.6399240E+01
  0.5270872E+02  0.4893139E+01  0.1736473E+02
  0.2947326E+02  0.1780078E+02  0.5764184E+01
  0.3899148E+02  0.1731206E+02  0.1304918E+02
  0.4982852E+02  0.1613401E+02  0.3571316E+01
  0.4639481E+02  0.1155540E+02  0.1715321E+02
  0.4862800E+02  0.8214346E+01  0.1699633E+02
  0.5358875E+02  0.2183474E+01  0.2103101E+02
  0.5298911E+02  0.3380471E+01  0.7642690E+01
  0.4535687E+02  0.1569881E+02  0.1692068E+02
  0.4775080E+02  0.9124559E+01  0.1326775E+02
  0.4032101E+02  0.1355581E+02  0.1801371E+02
  0.5090852E+02  0.1895891E+02  0.1860188E+02
  0.5302646E+02  0.4350868E+01  0.1501392E+02
  0.5705744E+02  0.6869955E+01  0.1695895E+02
  0.5698384E+02  0.4078525E+01  0.1985613E+02
  0.5141065E+02  0.5705062E+01  0.8579552E+00
  0.5592148E+02  0.5341339E+01  0.1834224E+02
  0.5849584E+02  0.8312373E+01  0.1804781E+02
  0.5832336E+02  0.5895403E+01  0.2072166E+02
  0.5556924E+02  0.8206436E+01  0.2056907E+02
  0.5951755E+02  0.4209931E+01  0.1677095E+02
  0.6230796E+02  0.7104332E+01  0.1664439E+02
  0.6252227E+02  0.4507099E+01  0.1933755E+02
  0.5970749E+02  0.7109879E+01  0.1916862E+02
  0.6088213E+02  0.5545055E+01  0.1790580E+02
  0.6376415E+02  0.8540786E+01  0.1806422E+02
  0.6375121E+02  0.5910084E+01  0.2063175E+02
  0.6093628E+02  0.8339791E+01  0.2060951E+02
  0.4861677E+02  0.2072128E+02  0.5559553E+01
  0.3429895E+02  0.2070613E+02  0.1445164E+02
  0.5271420E+02  0.1894467E+02  0.1640393E+01
  0.3843140E+02  0.9667581E+01  0.1099870E+02
  0.4521233E+02  0.8627253E+01  0.7427226E+01
  0.4326878E+02  0.1614694E+02  0.2022485E+02
  0.2629841E+02  0.5672856E+01  0.1385121E+02
  0.4049024E+02  0.1673557E+02  0.1477747E+02
  0.5129778E+02  0.2038512E+02  0.1594697E+02
  0.4547454E+02  0.1106025E+02  0.1169406E+02
  0.2483971E+02  0.3588281E+01  0.1468686E+02
  0.3468179E+02  0.1960295E+02  0.6687061E+01
  0.5052619E+02  0.5823923E+01  0.6714061E+01
  0.4168156E+02  0.1031568E+02  0.8050412E+01
  0.5393979E+02  0.1823149E+01  0.3028244E+01
  0.4795524E+02  0.1475682E+02  0.3397191E+00
  0.4893981E+02  0.5785337E+01  0.3349010E+01
  0.5837156E+02  0.1350447E+02  0.1237461E+02
  0.5713914E+02  0.1002170E+02  0.1927169E+02
  0.4652979E+02  0.9863646E+01  0.1519306E+02
  0.5568106E+02  0.1146472E+02  0.1796246E+02
  0.5839603E+02  0.1373092E+02  0.1767679E+02
  0.5828716E+02  0.1138018E+02  0.2076187E+02
  0.5593855E+02  0.1431451E+02  0.2118439E+02
  0.5961209E+02  0.9687321E+01  0.1668049E+02
  0.6222324E+02  0.1258597E+02  0.1673418E+02
  0.6248808E+02  0.9813685E+01  0.1931072E+02
  0.5979362E+02  0.1240717E+02  0.1930340E+02
  0.6111041E+02  0.1110245E+02  0.1787240E+02
  0.6398095E+02  0.1401641E+02  0.1777006E+02
  0.6402095E+02  0.1102628E+02  0.2075530E+02
  0.6116371E+02  0.1394661E+02  0.2066729E+02
  0.4773983E+02  0.1889204E+02  0.1939244E+02
  0.5162162E+02  0.8883440E+01  0.9330871E+01
  0.4974166E+02  0.1225036E+02  0.2112196E+02
  0.4698359E+02  0.2138617E+02  0.1699168E+02
  0.3765071E+02  0.1753328E+01  0.2012202E+02
  0.5407956E+02  0.1467926E+02  0.1700174E+02
  0.3985514E+02  0.1810973E+02  0.1100842E+02
  0.4851329E+02  0.2147771E+02  0.3195372E+01
  0.4903331E+02  0.9454140E+01  0.1859710E+02
  0.5312279E+02  0.1519265E+02  0.1780433E+01
  0.5461006E+02  0.9599622E+01  0.1715844E+02
  0.4119821E+02  0.2385928E+00  0.9492850E+01
  0.5396589E+02  0.1526981E+01  0.1760444E+02
  0.4847229E+02  0.5138120E+01  0.1534675E+02
  0.4848962E+02  0.4758177E+01  0.1295162E+02
  0.4257175E+02  0.2221591E+01  0.9744009E+01
  0.5722859E+02  0.1509572E+02  0.1941741E+02
  0.5731838E+02  0.1766987E+02  0.1672730E+02
  0.5584698E+02  0.1617565E+02  0.1786101E+02
  0.4984904E+02  0.1561004E+02  0.9120270E+01
  0.5363761E+02  0.8243625E+01  0.1900947E+02
  0.5841170E+02  0.1918523E+02  0.1826307E+02
  0.5856479E+02  0.1655593E+02  0.2082400E+02
  0.5564747E+02  0.1897866E+02  0.2079031E+02
  0.5966462E+02  0.1489436E+02  0.1656590E+02
  0.6234847E+02  0.1770563E+02  0.1696594E+02
  0.6277722E+02  0.1516689E+02  0.1922940E+02
  0.6011879E+02  0.1775687E+02  0.1943514E+02
  0.6097317E+02  0.1627277E+02  0.1786908E+02
  0.6384115E+02  0.1908414E+02  0.1821381E+02
  0.6406185E+02  0.1620399E+02  0.2071327E+02
  0.6122084E+02  0.1917651E+02  0.2074914E+02
