         
  0.6515772E+02  0.0000000E+00  0.2171924E+02
  0.0000000E+00  0.0000000E+00  0.2171924E+02
Si  0.6490967E+02  0.2119447E+02  0.2098646E+02
Si  0.2571764E+01  0.1933918E+01  0.2100588E+02
Si  0.2723266E+01  0.2114532E+02  0.1890059E+01
Si  0.6495950E+02  0.1974185E+01  0.2390121E+01
Si  0.1191183E+01  0.7355094E+00  0.7712898E+00
Si  0.3877235E+01  0.3428152E+01  0.5561733E+00
Si  0.4096853E+01  0.7360049E+00  0.3388530E+01
Si  0.1386717E+01  0.3606472E+01  0.3530215E+01
Si  0.5665945E+01  0.2146232E+02  0.2111550E+02
Si  0.8223569E+01  0.2464561E+01  0.2106249E+02
Si  0.8646515E+01  0.2136047E+02  0.2340491E+01
Si  0.5378459E+01  0.2227658E+01  0.2356058E+01
Si  0.6920915E+01  0.1022091E+01  0.1135122E+01
Si  0.9619504E+01  0.3533103E+01  0.1050652E+01
Si  0.9593538E+01  0.1834160E+01  0.2837573E+01
Si  0.6484138E+01  0.3965306E+01  0.3593103E+01
Si  0.1186361E+02  0.3421965E+00  0.2036982E+02
Si  0.2332047E+02  0.7726897E+01  0.3678970E+01
Si  0.1602864E+02  0.5551948E+00  0.7233153E+00
Si  0.1087559E+02  0.5385951E+01  0.1967240E+01
Si  0.1406969E+02  0.1696206E+01  0.1565540E+01
Si  0.2896318E+02  0.9035323E+01  0.1021213E+01
Si  0.1507943E+02  0.1246811E+02  0.3426896E+01
Si  0.1583831E+02  0.3527544E+01  0.1975380E+02
Si  0.1804258E+02  0.1753072E+02  0.2134121E+02
Si  0.1798310E+02  0.2641056E+01  0.2056390E+02
Si  0.1746825E+02  0.5784303E+01  0.8642415E+01
Si  0.1594277E+02  0.1402694E+01  0.3145422E+01
Si  0.1810850E+02  0.2054451E+02  0.6335754E+01
Si  0.1899629E+02  0.4113760E+01  0.5567597E+01
Si  0.2262522E+02  0.1404467E+01  0.1137953E+02
Si  0.2906972E+02  0.1737573E+02  0.1979338E+02
Si  0.2093484E+00  0.4438653E+01  0.2131540E+02
Si  0.2642196E+01  0.7516856E+01  0.2104369E+02
Si  0.2733391E+01  0.5042251E+01  0.2017962E+01
Si  0.6493300E+02  0.7649740E+01  0.2132358E+01
Si  0.1230209E+01  0.6217903E+01  0.8891936E+00
Si  0.4097209E+01  0.8828288E+01  0.5666316E+00
Si  0.4171939E+01  0.6370166E+01  0.3121965E+01
Si  0.1320020E+01  0.8727632E+01  0.3379912E+01
Si  0.5238289E+01  0.4711976E+01  0.2083612E+02
Si  0.8085369E+01  0.8058088E+01  0.2113990E+02
Si  0.7936187E+01  0.5015437E+01  0.2097822E+01
Si  0.5605865E+01  0.7611068E+01  0.1856721E+01
Si  0.6741217E+01  0.6186654E+01  0.2838940E+00
Si  0.9345796E+01  0.9144762E+01  0.1081728E+01
Si  0.9382259E+01  0.6276583E+01  0.3612956E+01
Si  0.6819615E+01  0.8807782E+01  0.3337277E+01
Si  0.1441757E+02  0.4176988E+01  0.2128868E+02
Si  0.1622108E+02  0.1037350E+02  0.1597135E+02
Si  0.2014190E+02  0.1520835E+02  0.1448356E+02
Si  0.1077474E+02  0.9101821E+01  0.3105852E+01
Si  0.1867430E+02  0.4670366E+01  0.1908153E+02
Si  0.1596670E+02  0.9821373E+01  0.6258459E+01
Si  0.2308465E+02  0.1554752E+01  0.2951345E+01
Si  0.1083509E+02  0.1246122E+02  0.6712603E+01
Si  0.1723182E+02  0.1118849E+02  0.1821773E+02
Si  0.1402372E+02  0.8780873E+01  0.5383396E+01
Si  0.2083655E+02  0.1344549E+02  0.1155840E+02
Si  0.1960788E+02  0.9255543E+01  0.8295267E+01
Si  0.2353130E+02  0.6920821E+01  0.1852847E+02
Si  0.2665876E+02  0.1109154E+02  0.2005068E+02
Si  0.2773165E+02  0.5745563E+01  0.9891351E+01
Si  0.1604782E+02  0.1484977E+02  0.1891135E+02
Si  0.6512596E+02  0.1026722E+02  0.2140262E+02
Si  0.2509996E+01  0.1327386E+02  0.2123044E+02
Si  0.2575791E+01  0.1011575E+02  0.2091562E+01
Si  0.7137226E-01  0.1309367E+02  0.2161747E+01
Si  0.1323177E+01  0.1171303E+02  0.7363883E+00
Si  0.3751633E+01  0.1456331E+02  0.8213771E+00
Si  0.3888564E+01  0.1151225E+02  0.3516705E+01
Si  0.1405394E+01  0.1452211E+02  0.3603850E+01
Si  0.5100252E+01  0.1040036E+02  0.2097761E+02
Si  0.7959996E+01  0.1271718E+02  0.2087924E+02
Si  0.7771242E+01  0.1059905E+02  0.2251063E+01
Si  0.4955999E+01  0.1302919E+02  0.2223118E+01
Si  0.6273663E+01  0.1166709E+02  0.9021333E+00
Si  0.9190471E+01  0.1403315E+02  0.7674012E+00
Si  0.8970007E+01  0.1186514E+02  0.3874080E+01
Si  0.6489156E+01  0.1418116E+02  0.3419177E+01
Si  0.1058464E+02  0.1044776E+02  0.2126531E+02
Si  0.1403723E+02  0.1301974E+02  0.1519513E+01
Si  0.1825307E+02  0.1574800E+02  0.9390593E+01
Si  0.1007424E+02  0.1313554E+02  0.2560469E+01
Si  0.1183882E+02  0.1178701E+02  0.1357754E+01
Si  0.2601546E+02  0.1529491E+02  0.1298808E+01
Si  0.1663765E+02  0.2084234E+02  0.3223732E+01
Si  0.2083795E+02  0.1468224E+02  0.3645632E+01
Si  0.1558716E+02  0.1248523E+02  0.2150330E+02
Si  0.2141045E+02  0.1759997E+02  0.7687399E+01
Si  0.2474071E+02  0.1599259E+02  0.7785752E+01
Si  0.1916047E+02  0.1257333E+02  0.5115558E+01
Si  0.2170941E+02  0.1091819E+02  0.2626094E+01
Si  0.2900969E+02  0.4071639E+01  0.2035893E+02
Si  0.3295871E+02  0.1103084E+02  0.7649270E+01
Si  0.2676352E+02  0.2228066E+01  0.4108530E+01
Si  0.6497964E+02  0.1574310E+02  0.2100244E+02
Si  0.2767482E+01  0.1868021E+02  0.2146164E+02
Si  0.2619628E+01  0.1601854E+02  0.2317365E+01
Si  0.6501747E+02  0.1844313E+02  0.2326412E+01
Si  0.1018878E+01  0.1695317E+02  0.8490472E+00
Si  0.4364488E+01  0.1999386E+02  0.8492826E+00
Si  0.4288533E+01  0.1728797E+02  0.3304521E+01
Si  0.1361450E+01  0.1979062E+02  0.3358915E+01
Si  0.5256670E+01  0.1595409E+02  0.2123171E+02
Si  0.8366277E+01  0.1844396E+02  0.2132172E+02
Si  0.7767775E+01  0.1542772E+02  0.2141299E+01
Si  0.5844077E+01  0.1880897E+02  0.2234018E+01
Si  0.6882893E+01  0.1710010E+02  0.9240082E+00
Si  0.9733351E+01  0.1972424E+02  0.1102651E+01
Si  0.1061948E+02  0.1801020E+02  0.2373168E+01
Si  0.7296656E+01  0.2002184E+02  0.3920277E+01
Si  0.1066550E+02  0.1531768E+02  0.2117223E+02
Si  0.1264364E+02  0.1849952E+02  0.2094779E+02
Si  0.1612193E+02  0.1992361E+02  0.9829626E+00
Si  0.1477857E+02  0.1999500E+02  0.4511391E+01
Si  0.1527948E+02  0.1809234E+02  0.3131273E+01
Si  0.1733536E+02  0.1739074E+02  0.2207077E+01
Si  0.1813817E+02  0.8979997E+01  0.5389184E+01
Si  0.1303942E+02  0.3941771E+01  0.1816262E+01
Si  0.1921369E+02  0.1197938E+02  0.1902216E+02
Si  0.1798953E+02  0.9208082E+01  0.2942381E+01
Si  0.2246311E+02  0.1424042E+02  0.1114201E+01
Si  0.2086058E+02  0.1965040E+02  0.5127577E+01
Si  0.1027179E+02  0.2259866E+01  0.1979692E+02
Si  0.2316754E+02  0.1850716E+02  0.9395894E+01
Si  0.1696237E+02  0.1595455E+02  0.1192834E+02
Si  0.1290154E+02  0.2148973E+02  0.2448775E+01
Si  0.4095844E-01  0.2124896E+02  0.4677078E+01
Si  0.2748481E+01  0.2112425E+01  0.4901497E+01
Si  0.2705926E+01  0.2137965E+02  0.7459640E+01
Si  0.6502580E+02  0.2223248E+01  0.7471901E+01
Si  0.1180552E+01  0.8457740E+00  0.6188433E+01
Si  0.4247437E+01  0.3684085E+01  0.5892943E+01
Si  0.4229314E+01  0.7396991E+00  0.8866458E+01
Si  0.1801142E+01  0.3237967E+01  0.8613719E+01
Si  0.5613443E+01  0.2112050E+02  0.4771238E+01
Si  0.8127974E+01  0.2421585E+01  0.4597376E+01
Si  0.8219588E+01  0.2149560E+02  0.7543295E+01
Si  0.5304795E+01  0.1952089E+01  0.7185974E+01
Si  0.6999418E+01  0.9821857E+00  0.6008048E+01
Si  0.9523495E+01  0.4518435E+01  0.5236657E+01
Si  0.9392894E+01  0.1964385E+02  0.6953324E+01
Si  0.6616839E+01  0.3695906E+01  0.8248153E+01
Si  0.1791306E+02  0.4690114E+01  0.2054999E+01
Si  0.1465143E+02  0.6707025E+01  0.5651282E+01
Si  0.1379541E+02  0.5257949E+01  0.3633654E+01
Si  0.1038641E+02  0.2896409E+01  0.6866088E+01
Si  0.1535108E+02  0.4200165E+01  0.1094670E+02
Si  0.2222301E+02  0.1451979E+02  0.1623606E+02
Si  0.2130023E+02  0.1093518E+02  0.1809113E+02
Si  0.1306820E+02  0.1512815E+01  0.1295868E+02
Si  0.1562878E+02  0.4468595E+01  0.7788287E+01
Si  0.1765891E+02  0.2462678E+01  0.1795227E+02
Si  0.1498002E+02  0.1800959E+02  0.9883002E+01
Si  0.1191483E+02  0.6942286E+01  0.3670008E+01
Si  0.1717919E+02  0.1371969E+02  0.9153935E+01
Si  0.2376324E+02  0.3948775E+01  0.2534640E+01
Si  0.2635761E+02  0.8562286E+01  0.2020423E+02
Si  0.1692341E+02  0.7005489E+01  0.5583576E+01
Si  0.5791896E-01  0.4909000E+01  0.5041432E+01
Si  0.2724180E+01  0.7624380E+01  0.4787614E+01
Si  0.2985673E+01  0.4994625E+01  0.7308340E+01
Si  0.1826723E+00  0.7688592E+01  0.7723806E+01
Si  0.1292464E+01  0.6316779E+01  0.6360249E+01
Si  0.3899465E+01  0.9065469E+01  0.6167657E+01
Si  0.4004049E+01  0.6516823E+01  0.8884352E+01
Si  0.1623409E+01  0.9475877E+01  0.9244454E+01
Si  0.5369471E+01  0.5319454E+01  0.4869661E+01
Si  0.8047279E+01  0.7765774E+01  0.4851392E+01
Si  0.6759014E+01  0.6497365E+01  0.6275598E+01
Si  0.5222442E+01  0.7850922E+01  0.7486963E+01
Si  0.8275920E+01  0.4967834E+01  0.7411503E+01
Si  0.9198595E+01  0.9302481E+01  0.6115250E+01
Si  0.9642400E+01  0.6472927E+01  0.8884000E+01
Si  0.6610045E+01  0.9125741E+01  0.8980844E+01
Si  0.1722524E+02  0.2148924E+02  0.8157621E+01
Si  0.1059624E+02  0.8110944E+01  0.7650715E+01
Si  0.1315970E+02  0.1113660E+02  0.4527865E+01
Si  0.1205179E+02  0.6231281E+01  0.7468389E+01
Si  0.1196029E+02  0.5223983E+01  0.5358071E+01
Si  0.1026569E+02  0.1000530E+02  0.9301505E+01
Si  0.1332296E+02  0.8313112E+01  0.1046077E+02
Si  0.1502566E+02  0.5537977E+01  0.1409918E+02
Si  0.1446882E+02  0.8500594E+01  0.8420195E+01
Si  0.1787395E+02  0.1521937E+02  0.3216300E+01
Si  0.1666995E+02  0.9513939E+01  0.8646093E+01
Si  0.1984173E+02  0.1302589E+02  0.1371074E+02
Si  0.2954986E+02  0.4383989E+01  0.9104482E+01
Si  0.1392548E+02  0.1500842E+02  0.1295387E+02
Si  0.2839716E+02  0.1246756E+02  0.1418173E+02
Si  0.1386025E+02  0.2120417E+02  0.8535974E+01
Si  0.7098121E-01  0.1023248E+02  0.4539074E+01
Si  0.2594886E+01  0.1283725E+02  0.4768644E+01
Si  0.2666889E+01  0.1044548E+02  0.7547355E+01
Si  0.3815711E-01  0.1305304E+02  0.7433406E+01
Si  0.1334455E+01  0.1162024E+02  0.6051573E+01
Si  0.3707072E+01  0.1451805E+02  0.5889047E+01
Si  0.3995415E+01  0.1194594E+02  0.8752238E+01
Si  0.1432865E+01  0.1424396E+02  0.8950731E+01
Si  0.5291444E+01  0.1020524E+02  0.4700456E+01
Si  0.7700244E+01  0.1331413E+02  0.5091332E+01
Si  0.7762200E+01  0.1047398E+02  0.7478469E+01
Si  0.5069469E+01  0.1355947E+02  0.7408646E+01
Si  0.6253220E+01  0.1176813E+02  0.6268383E+01
Si  0.9575261E+01  0.1462387E+02  0.5925144E+01
Si  0.9117564E+01  0.1206677E+02  0.8479533E+01
Si  0.6650838E+01  0.1478256E+02  0.8685362E+01
Si  0.1062614E+02  0.1075357E+02  0.4939418E+01
Si  0.1283637E+02  0.1512486E+02  0.2184646E+01
Si  0.1488496E+02  0.9124791E+01  0.1218739E+02
Si  0.1161189E+02  0.1521585E+02  0.6846053E+01
Si  0.1378729E+02  0.1198459E+02  0.9334378E+01
Si  0.1348450E+02  0.1391846E+02  0.7553933E+01
Si  0.1233388E+02  0.1533038E+02  0.9274150E+01
Si  0.1313256E+02  0.1087689E+02  0.1277648E+02
Si  0.2424095E+02  0.9496101E+01  0.2621599E+01
Si  0.1701344E+02  0.1576134E+02  0.6255372E+01
Si  0.2927446E+02  0.5679328E+01  0.1239898E+02
Si  0.2539151E+02  0.1213377E+02  0.1249431E+02
Si  0.1929732E+02  0.1934659E+02  0.2011019E+02
Si  0.2673142E+02  0.7037598E+01  0.1823250E+02
Si  0.1527718E+02  0.1140997E+02  0.1924552E+02
Si  0.1951575E+02  0.1426474E+02  0.1933538E+02
Si  0.6511450E+02  0.1582658E+02  0.5017531E+01
Si  0.2748655E+01  0.1859969E+02  0.4742309E+01
Si  0.2650494E+01  0.1590224E+02  0.7665859E+01
Si  0.6513296E+02  0.1849424E+02  0.7470956E+01
Si  0.1358114E+01  0.1705684E+02  0.6162062E+01
Si  0.4020333E+01  0.2010648E+02  0.6050179E+01
Si  0.4342560E+01  0.1733191E+02  0.8766879E+01
Si  0.1545460E+01  0.1980593E+02  0.8808986E+01
Si  0.5225683E+01  0.1581590E+02  0.4600706E+01
Si  0.9298189E+01  0.1658657E+02  0.3746058E+01
Si  0.8081490E+01  0.1592622E+02  0.7536685E+01
Si  0.5607055E+01  0.1866315E+02  0.7412005E+01
Si  0.6674098E+01  0.1714362E+02  0.6074567E+01
Si  0.8371947E+01  0.1838810E+02  0.5274463E+01
Si  0.9132535E+01  0.1768969E+02  0.8769589E+01
Si  0.6681868E+01  0.2002358E+02  0.8823838E+01
Si  0.1207916E+02  0.1690227E+02  0.6642460E+00
Si  0.1159826E+02  0.1893817E+02  0.5456156E+01
Si  0.1740602E+02  0.2060360E+02  0.1042148E+02
Si  0.1099177E+02  0.1489070E+02  0.3835538E+01
Si  0.1202891E+02  0.1666852E+02  0.5011689E+01
Si  0.2134302E+02  0.1863531E+02  0.2130801E+02
Si  0.2537779E+02  0.3000076E+00  0.2927817E+01
Si  0.1603958E+02  0.1952434E+02  0.6903076E+01
Si  0.1268040E+02  0.9431490E+01  0.1428056E+01
Si  0.2291416E+02  0.1598336E+02  0.3634809E+01
Si  0.2055364E+02  0.8462323E+01  0.6013166E+01
Si  0.1813831E+02  0.1583738E+02  0.1541639E+02
Si  0.2185620E+02  0.1776505E+02  0.5243982E+01
Si  0.1440935E+02  0.9494986E+01  0.2967481E+01
Si  0.1186683E+02  0.2056009E+02  0.9856097E+01
Si  0.1093817E+02  0.1119875E+01  0.1013287E+02
Si  0.4443118E+00  0.2139948E+02  0.1017370E+02
Si  0.3094337E+01  0.2197964E+01  0.1014231E+02
Si  0.2861332E+01  0.2139003E+02  0.1298679E+02
Si  0.6509728E+02  0.2256458E+01  0.1293983E+02
Si  0.1529816E+01  0.9011915E+00  0.1165188E+02
Si  0.4152782E+01  0.3767784E+01  0.1152602E+02
Si  0.4096987E+01  0.8664132E+00  0.1435579E+02
Si  0.1337040E+01  0.3472466E+01  0.1435507E+02
Si  0.5482164E+01  0.2123739E+02  0.1044500E+02
Si  0.7655556E+01  0.2706528E+01  0.9975296E+01
Si  0.7897837E+01  0.2073895E+02  0.1221680E+02
Si  0.5302931E+01  0.2225310E+01  0.1277259E+02
Si  0.6772812E+01  0.1059210E+01  0.1145788E+02
Si  0.1202246E+02  0.3941554E+01  0.8287671E+01
Si  0.1080117E+02  0.2369170E+01  0.1239235E+02
Si  0.6597309E+01  0.3690895E+01  0.1400892E+02
Si  0.9496290E+01  0.1506867E+01  0.8710256E+01
Si  0.1843747E+02  0.5573602E+01  0.1418847E+02
Si  0.1670728E+02  0.1703227E+02  0.1849773E+02
Si  0.1412209E+02  0.2061447E+02  0.1688422E+02
Si  0.1155006E+02  0.1766441E+02  0.1197475E+02
Si  0.1941621E+02  0.6312420E+01  0.6306948E+01
Si  0.1477487E+02  0.2033616E+02  0.1041340E+02
Si  0.1869084E+02  0.1774879E+01  0.1285757E+02
Si  0.2477007E+02  0.2137894E+02  0.1388700E+02
Si  0.2004145E+02  0.3767192E+01  0.1370178E+02
Si  0.1618790E+02  0.5574840E+01  0.5381768E+00
Si  0.1934348E+02  0.1163755E+02  0.8289578E+01
Si  0.1466052E+02  0.3393294E+01  0.1320323E+02
Si  0.2027239E+02  0.4462044E+01  0.1787689E+01
Si  0.2140074E+02  0.1629228E+01  0.1568516E+02
Si  0.1222628E+02  0.1056805E+02  0.1047423E+02
Si  0.1571381E+00  0.4682142E+01  0.9968101E+01
Si  0.2743784E+01  0.7737814E+01  0.1033729E+02
Si  0.2726541E+01  0.4911148E+01  0.1301486E+02
Si  0.1382866E+00  0.7442369E+01  0.1301302E+02
Si  0.1383969E+01  0.6168877E+01  0.1135422E+02
Si  0.3998804E+01  0.8967532E+01  0.1168185E+02
Si  0.3850583E+01  0.6203124E+01  0.1436405E+02
Si  0.1004665E+01  0.8907746E+01  0.1435618E+02
Si  0.5436802E+01  0.5050638E+01  0.1001374E+02
Si  0.8084921E+01  0.7622506E+01  0.1000909E+02
Si  0.7998743E+01  0.4999819E+01  0.1275100E+02
Si  0.5275050E+01  0.7477897E+01  0.1299679E+02
Si  0.6668993E+01  0.6331236E+01  0.1149059E+02
Si  0.9024821E+01  0.9372247E+01  0.1111504E+02
Si  0.9598921E+01  0.5990930E+01  0.1424408E+02
Si  0.6712831E+01  0.9098840E+01  0.1404750E+02
Si  0.9241055E+01  0.4143203E+01  0.1118171E+02
Si  0.1323323E+02  0.8398353E+01  0.1568333E+02
Si  0.1373827E+02  0.2646924E+01  0.7082251E+01
Si  0.9969411E+01  0.8014174E+01  0.1277227E+02
Si  0.1128378E+02  0.7509584E+01  0.1055587E+02
Si  0.1395925E+02  0.1460707E+02  0.2016082E+02
Si  0.1114433E+02  0.8457880E+01  0.1465556E+02
Si  0.1320964E+02  0.6863687E+01  0.1911644E+02
Si  0.1283489E+02  0.1900339E+02  0.3310091E+01
Si  0.1504753E+02  0.3957560E+01  0.5337804E+01
Si  0.3118521E+02  0.1486239E+02  0.9887483E+01
Si  0.1032224E+02  0.1646265E+02  0.1015933E+02
Si  0.3259124E+02  0.9588058E+01  0.1808855E+02
Si  0.1750017E+02  0.1236894E+02  0.8347863E+00
Si  0.1683810E+02  0.1069189E+02  0.1226549E+02
Si  0.1435812E+02  0.6385519E+01  0.7500800E+01
Si  0.6488639E+02  0.1034555E+02  0.1057875E+02
Si  0.2579403E+01  0.1292102E+02  0.1050815E+02
Si  0.2845505E+01  0.1033198E+02  0.1325553E+02
Si  0.6458160E+02  0.1283874E+02  0.1283239E+02
Si  0.1215916E+01  0.1166683E+02  0.1209823E+02
Si  0.3826074E+01  0.1454689E+02  0.1155891E+02
Si  0.4043905E+01  0.1187912E+02  0.1447862E+02
Si  0.1050811E+01  0.1440543E+02  0.1429550E+02
Si  0.5401276E+01  0.1046454E+02  0.1029552E+02
Si  0.8014793E+01  0.1352726E+02  0.1009884E+02
Si  0.8053828E+01  0.1062609E+02  0.1293020E+02
Si  0.5424562E+01  0.1319062E+02  0.1300121E+02
Si  0.6782130E+01  0.1187099E+02  0.1148914E+02
Si  0.9210944E+01  0.1498637E+02  0.1147623E+02
Si  0.9489273E+01  0.1179229E+02  0.1432223E+02
Si  0.6797507E+01  0.1447284E+02  0.1426793E+02
Si  0.1843568E+02  0.8984018E+01  0.1179609E+02
Si  0.1671039E+02  0.1832270E+02  0.1139183E+02
Si  0.1654473E+02  0.5864228E+01  0.1963241E+02
Si  0.1036411E+02  0.1397303E+02  0.1340502E+02
Si  0.1307177E+02  0.1174195E+02  0.7011812E+01
Si  0.1590752E+02  0.1390029E+02  0.7145194E+01
Si  0.1073962E+02  0.4595226E+01  0.2077291E+02
Si  0.1233270E+02  0.2116109E+02  0.1410669E+02
Si  0.2074604E+02  0.7964515E+01  0.1334578E+02
Si  0.2694539E+02  0.1760090E+02  0.1842740E+02
Si  0.2111962E+02  0.1023275E+02  0.3541884E+00
Si  0.1726649E+02  0.8289413E+01  0.1572887E+02
Si  0.3384214E+02  0.4880921E+01  0.9156198E+01
Si  0.3061998E+02  0.5537559E+01  0.1427233E+02
Si  0.4120076E+02  0.4150190E+01  0.6764480E+00
Si  0.1289897E+02  0.1057315E+02  0.1909892E+02
Si  0.6483668E+02  0.1569705E+02  0.1019012E+02
Si  0.2862251E+01  0.1844886E+02  0.1014425E+02
Si  0.2430886E+01  0.1590686E+02  0.1290643E+02
Si  0.9104289E-01  0.1866395E+02  0.1289514E+02
Si  0.1243265E+01  0.1724555E+02  0.1127802E+02
Si  0.4198912E+01  0.1976219E+02  0.1166198E+02
Si  0.4081184E+01  0.1720346E+02  0.1444732E+02
Si  0.1534843E+01  0.1997941E+02  0.1431471E+02
Si  0.5278403E+01  0.1582861E+02  0.1026723E+02
Si  0.7774550E+01  0.1895098E+02  0.1052690E+02
Si  0.8043208E+01  0.1606424E+02  0.1306733E+02
Si  0.5491217E+01  0.1865769E+02  0.1306430E+02
Si  0.6738758E+01  0.1732045E+02  0.1174895E+02
Si  0.9982690E+01  0.1370937E+00  0.1172923E+02
Si  0.9754195E+01  0.1701025E+02  0.1460800E+02
Si  0.7039012E+01  0.1991876E+02  0.1428199E+02
Si  0.1569393E+02  0.1246722E+02  0.1077005E+02
Si  0.1786881E+02  0.2103823E+02  0.1624877E+02
Si  0.1334155E+02  0.1634717E+02  0.1097921E+02
Si  0.1180048E+02  0.1756851E+02  0.1440169E+02
Si  0.1172719E+02  0.1994069E+02  0.1196744E+02
Si  0.1932801E+02  0.6571652E+00  0.1746675E+02
Si  0.1793893E+02  0.8121917E+01  0.7552084E+00
Si  0.1426865E+02  0.1986455E+02  0.1446345E+02
Si  0.1207469E+02  0.1362139E+01  0.6070792E+01
Si  0.1631881E+02  0.6948546E+01  0.1750751E+02
Si  0.1920071E+02  0.1973381E+02  0.1356227E+02
Si  0.2348039E+02  0.1136508E+02  0.5483918E+01
Si  0.1540018E+02  0.1499580E+02  0.1042286E+02
Si  0.2897426E+02  0.6395860E+01  0.4063637E+01
Si  0.2512367E+02  0.5112261E+01  0.4117440E+01
Si  0.2082800E+02  0.2084525E+02  0.1646129E+02
Si  0.6499334E+02  0.2114479E+02  0.1576273E+02
Si  0.2628743E+01  0.2151255E+01  0.1578063E+02
Si  0.2526043E+01  0.2105411E+02  0.1820484E+02
Si  0.6496504E+02  0.2004549E+01  0.1818409E+02
Si  0.1209031E+01  0.6974794E+00  0.1687203E+02
Si  0.3912550E+01  0.3625660E+01  0.1696300E+02
Si  0.4006702E+01  0.5584544E+00  0.1958145E+02
Si  0.1239908E+01  0.3184443E+01  0.1959710E+02
Si  0.5656820E+01  0.2141236E+02  0.1558704E+02
Si  0.7823054E+01  0.2930961E+01  0.1611661E+02
Si  0.8282725E+01  0.2079641E+02  0.1824731E+02
Si  0.5260406E+01  0.2135551E+01  0.1811118E+02
Si  0.7109423E+01  0.9994559E+00  0.1721809E+02
Si  0.1020192E+02  0.2782735E+01  0.1577815E+02
Si  0.1041491E+02  0.3538344E+01  0.1786380E+02
Si  0.6711185E+01  0.3465119E+01  0.1941291E+02
Si  0.1591711E+02  0.2159362E+02  0.1519074E+02
Si  0.1475765E+02  0.4783378E+00  0.1172836E+02
Si  0.1948740E+02  0.9570045E+00  0.2015980E+02
Si  0.1204890E+02  0.2071363E+02  0.1838303E+02
Si  0.1187725E+02  0.1950305E+02  0.1557209E+02
Si  0.1855412E+02  0.1299967E+01  0.2567700E+01
Si  0.2329768E+02  0.1396452E+01  0.1046075E+00
Si  0.1406762E+02  0.6646575E+01  0.1698148E+02
Si  0.2600097E+02  0.1976824E+02  0.3117111E+01
Si  0.1797179E+02  0.3072068E+01  0.1560759E+02
Si  0.2359159E+02  0.6303727E+01  0.1810516E+01
Si  0.2085560E+02  0.2015578E+01  0.2496462E+01
Si  0.1791232E+02  0.1878013E+02  0.1731685E+02
Si  0.3157098E+02  0.6786630E+01  0.1620936E+02
Si  0.1422736E+02  0.1604741E+02  0.4078466E+01
Si  0.1726165E+02  0.2667293E+01  0.1226586E+01
Si  0.2047004E-01  0.5011826E+01  0.1584398E+02
Si  0.2620540E+01  0.7666551E+01  0.1561478E+02
Si  0.2348543E+01  0.4717458E+01  0.1849856E+02
Si  0.3807310E-01  0.7653437E+01  0.1848357E+02
Si  0.1249785E+01  0.6398007E+01  0.1716814E+02
Si  0.4255501E+01  0.8901825E+01  0.1712213E+02
Si  0.3826200E+01  0.6312151E+01  0.1938337E+02
Si  0.1343358E+01  0.9026149E+01  0.1978083E+02
Si  0.5517031E+01  0.4997880E+01  0.1576137E+02
Si  0.8211668E+01  0.7778292E+01  0.1521853E+02
Si  0.8364890E+01  0.4447805E+01  0.1803614E+02
Si  0.5378186E+01  0.7399027E+01  0.1855617E+02
Si  0.6976493E+01  0.6260310E+01  0.1705083E+02
Si  0.9707254E+01  0.8786820E+01  0.1691130E+02
Si  0.8932897E+01  0.6097633E+01  0.1981602E+02
Si  0.6617868E+01  0.9344141E+01  0.1952200E+02
Si  0.1148708E+02  0.4168451E+01  0.1405059E+02
Si  0.1544549E+02  0.7920774E+01  0.1353276E+01
Si  0.1702228E+02  0.5084230E+01  0.4383918E+01
Si  0.1256948E+02  0.4571026E+01  0.1841759E+02
Si  0.1385067E+02  0.2632496E+01  0.1911729E+02
Si  0.1265546E+02  0.9416888E+01  0.7157808E+01
Si  0.1367981E+02  0.3150389E+01  0.1694222E+02
Si  0.1072046E+02  0.7119573E+01  0.1846629E+02
Si  0.2504461E+02  0.2152004E+02  0.5321243E+00
Si  0.2921927E+02  0.1707148E+02  0.1454920E+02
Si  0.2065356E+02  0.3953444E+01  0.3983633E+01
Si  0.2205701E+02  0.1156882E+02  0.1598550E+02
Si  0.1939312E+02  0.2165022E+02  0.6922530E+00
Si  0.1241836E+02  0.1328059E+02  0.1246943E+02
Si  0.2203530E+02  0.8575625E+01  0.1744953E+02
Si  0.2473931E+02  0.8953524E+01  0.1773610E+02
Si  0.6488409E+02  0.1010275E+02  0.1583558E+02
Si  0.2548672E+01  0.1304291E+02  0.1576980E+02
Si  0.2888787E+01  0.1028732E+02  0.1833829E+02
Si  0.6498969E+02  0.1308952E+02  0.1839275E+02
Si  0.1230609E+01  0.1162405E+02  0.1703050E+02
Si  0.3890275E+01  0.1448077E+02  0.1709488E+02
Si  0.3714122E+01  0.1193370E+02  0.1962418E+02
Si  0.1116282E+01  0.1436510E+02  0.1981582E+02
Si  0.5261425E+01  0.1027213E+02  0.1562517E+02
Si  0.8096681E+01  0.1297019E+02  0.1543383E+02
Si  0.8109930E+01  0.1041936E+02  0.1806334E+02
Si  0.5175879E+01  0.1305080E+02  0.1861638E+02
Si  0.6651536E+01  0.1174637E+02  0.1685324E+02
Si  0.9102155E+01  0.1421783E+02  0.1720844E+02
Si  0.9347711E+01  0.1156312E+02  0.1955648E+02
Si  0.6677771E+01  0.1442307E+02  0.1978035E+02
Si  0.1166412E+02  0.1070686E+02  0.1465228E+02
Si  0.1301160E+02  0.1458530E+02  0.1664928E+02
Si  0.1977835E+02  0.4414651E+01  0.1117547E+02
Si  0.1091670E+02  0.1300650E+02  0.1834379E+02
Si  0.1136683E+02  0.1069212E+02  0.1729380E+02
Si  0.1267731E+02  0.5539011E+01  0.9454174E-01
Si  0.1184627E+02  0.8702537E+01  0.2009721E+02
Si  0.1958764E+02  0.1565572E+02  0.2113637E+02
Si  0.1234030E+02  0.1637038E+01  0.1545076E+02
Si  0.1831339E+02  0.1519663E+02  0.1757332E+02
Si  0.2221523E+02  0.4737910E+01  0.1307313E+02
Si  0.2956012E+02  0.1351870E+02  0.1223768E+02
Si  0.1527705E+02  0.7919380E+01  0.1416441E+02
Si  0.2167737E+02  0.1294955E+02  0.5065810E+01
Si  0.2380095E+02  0.2455001E+01  0.1710286E+02
Si  0.1624833E+02  0.1513316E+02  0.1412987E+02
Si  0.6507666E+02  0.1590445E+02  0.1560243E+02
Si  0.2772363E+01  0.1862442E+02  0.1585037E+02
Si  0.2553368E+01  0.1586037E+02  0.1829414E+02
Si  0.6497115E+02  0.1838223E+02  0.1828439E+02
Si  0.1363268E+01  0.1738520E+02  0.1693162E+02
Si  0.4488357E+01  0.1988691E+02  0.1705902E+02
Si  0.3819265E+01  0.1711872E+02  0.1993223E+02
Si  0.1111516E+01  0.1961325E+02  0.1978166E+02
Si  0.5409903E+01  0.1574996E+02  0.1569233E+02
Si  0.8324682E+01  0.1855144E+02  0.1569148E+02
Si  0.8085098E+01  0.1580479E+02  0.1844524E+02
Si  0.5376898E+01  0.1834269E+02  0.1850908E+02
Si  0.6712883E+01  0.1731171E+02  0.1696184E+02
Si  0.1001941E+02  0.1961982E+02  0.1722011E+02
Si  0.9490434E+01  0.1689504E+02  0.1994217E+02
Si  0.6789583E+01  0.1971766E+02  0.1996866E+02
Si  0.1079055E+02  0.1518184E+02  0.1558456E+02
Si  0.1489888E+02  0.1821502E+02  0.1990841E+02
Si  0.1182279E+02  0.1506914E+02  0.1881400E+02
Si  0.1110463E+02  0.1841585E+02  0.1899539E+02
Si  0.1326911E+02  0.1712708E+02  0.1843336E+02
Si  0.1447065E+02  0.1651434E+02  0.1478397E+02
Si  0.2058586E+02  0.1309109E+02  0.1923048E+01
Si  0.1182538E+02  0.2063526E+02  0.3636370E+00
Si  0.1217206E+02  0.1334758E+02  0.1020125E+02
Si  0.2020300E+02  0.2126616E+02  0.8949186E+01
Si  0.2013750E+02  0.7738666E+01  0.1860217E+02
Si  0.1849771E+02  0.1957434E+02  0.7631920E+00
Si  0.2340265E+02  0.1427380E+02  0.1857221E+02
Si  0.2152024E+02  0.1686339E+02  0.1362337E+02
Si  0.2343279E+02  0.1323935E+02  0.2082290E+02
Si  0.1327234E+02  0.4927495E+01  0.1541176E+02
Si  0.3226980E+02  0.1680004E+02  0.5345305E+01
Si  0.2702139E+02  0.4547623E-01  0.1091547E+02
Si  0.1612961E+02  0.1453025E+02  0.4131167E+01
Si  0.2617746E+02  0.1017116E+02  0.3885790E+01
Si  0.3071424E+02  0.2021151E+02  0.1930755E+02
Si  0.3805564E+02  0.8421608E+01  0.1143013E+02
Si  0.4915034E+02  0.6330669E+01  0.1645240E+02
Si  0.3752150E+02  0.4930093E+01  0.8724924E+01
Si  0.2655587E+02  0.6282447E+01  0.2522589E+01
Si  0.2903325E+02  0.1490515E+02  0.8294516E+01
Si  0.1688444E+02  0.5014091E+01  0.1585705E+02
Si  0.4423336E+02  0.1539722E+01  0.1330464E+02
Si  0.2800158E+02  0.9094901E+01  0.1779911E+02
Si  0.3654215E+02  0.1653254E+02  0.4525492E+01
Si  0.3650522E+02  0.3749158E+01  0.1366721E+02
Si  0.3069655E+02  0.1183718E+02  0.9249150E+00
Si  0.2944234E+02  0.1227735E+02  0.2996701E+01
Si  0.3784460E+02  0.1489272E+02  0.1135015E+02
Si  0.4293258E+02  0.1726396E+02  0.1306168E+02
Si  0.1829669E+02  0.2484922E+01  0.1070364E+02
Si  0.2727111E+02  0.1235399E+02  0.2442876E+00
Si  0.3533187E+02  0.1065403E+02  0.4793483E+01
Si  0.2479711E+02  0.5620790E+01  0.9393284E+01
Si  0.2017332E+02  0.1547392E+02  0.7763769E+01
Si  0.5035129E+02  0.1186548E+02  0.1509868E+02
Si  0.1438829E+02  0.1278980E+02  0.1737927E+02
Si  0.4048764E+02  0.1317905E+02  0.1603716E+02
Si  0.3181922E+02  0.3401136E+01  0.5133057E+01
Si  0.3642730E+02  0.3420178E+01  0.1903940E+02
Si  0.3085317E+02  0.1808308E+02  0.1116058E+02
Si  0.4089634E+02  0.1806147E+01  0.1148403E+02
Si  0.4277031E+02  0.1268781E+02  0.1665085E+02
Si  0.3348338E+02  0.6038620E+01  0.2667449E+01
Si  0.3938812E+02  0.6397286E+01  0.1804446E+02
Si  0.2609221E+02  0.2068993E+02  0.8008168E+01
Si  0.2753078E+02  0.1075273E+02  0.1260023E+02
Si  0.4348744E+02  0.2059616E+02  0.1081378E+02
Si  0.2509513E+02  0.1973486E+02  0.1580927E+02
Si  0.3099321E+02  0.1870235E+02  0.4604792E+01
Si  0.2882373E+02  0.1498344E+01  0.1157322E+02
Si  0.3686110E+02  0.6718138E+01  0.1012810E+02
Si  0.4227588E+02  0.2117360E+02  0.2088404E+02
Si  0.3053689E+02  0.1724841E+02  0.1800562E+02
Si  0.2881310E+02  0.1061211E+01  0.4497205E+01
Si  0.4345341E+02  0.1727611E+02  0.7417618E+01
Si  0.2262574E+02  0.6896006E+01  0.8437009E+01
Si  0.2490578E+02  0.1036693E+01  0.1096690E+02
Si  0.2152261E+02  0.1937601E+02  0.1457673E+02
Si  0.3132151E+02  0.2026804E+02  0.1031551E+02
Si  0.4043120E+02  0.2073749E+02  0.4206505E+01
Si  0.4061951E+02  0.1417529E+02  0.9536175E+00
Si  0.1787072E+02  0.9309605E+01  0.2053494E+02
Si  0.4227614E+02  0.1371784E+02  0.8919331E+01
Si  0.2936760E+02  0.1272199E+02  0.5398154E+01
Si  0.4584962E+02  0.1580478E+02  0.1031416E+02
Si  0.3166611E+02  0.2062936E+02  0.3130016E+01
Si  0.3881683E+02  0.1460107E+02  0.1945672E+02
Si  0.3892643E+02  0.2082532E+02  0.9015849E+01
Si  0.2508982E+02  0.1489798E+02  0.2015719E+02
Si  0.3342749E+02  0.1309443E+02  0.1135615E+02
Si  0.2428300E+02  0.1433697E+02  0.1292796E+02
Si  0.4276908E+02  0.1110331E+02  0.8822991E+01
Si  0.1541642E+02  0.2031213E+02  0.1886193E+02
Si  0.3417353E+02  0.1632154E+02  0.1361159E+02
Si  0.3595199E+02  0.1269769E+02  0.1071778E+02
Si  0.1904159E+02  0.2095873E+02  0.4026648E+01
Si  0.2140243E+02  0.1014719E+02  0.1349337E+02
Si  0.2501403E+02  0.1330537E+02  0.6317769E+01
Si  0.2603116E+02  0.1341207E+02  0.1418991E+02
Si  0.2537269E+02  0.7340776E+01  0.5104212E+01
Si  0.4237093E+02  0.1220255E+02  0.2488018E+00
Si  0.3079099E+02  0.1089339E+02  0.6189806E+01
Si  0.3528866E+02  0.1090225E+02  0.9190072E+01
Si  0.3296584E+02  0.8085612E+01  0.4086860E+01
Si  0.2996193E+02  0.2171331E+02  0.2126455E+02
Si  0.1985357E+02  0.6507336E+01  0.3560429E+00
Si  0.2748634E+02  0.5458872E+01  0.2157180E+02
Si  0.4013049E+02  0.8979780E+01  0.1007386E+02
Si  0.4199502E+02  0.3577129E+01  0.1252676E+02
Si  0.3627202E+02  0.1874781E+02  0.1140593E+02
Si  0.3033166E+02  0.1434253E+02  0.6821411E+00
Si  0.2955285E+02  0.1900838E+02  0.6433552E+01
Si  0.2879066E+02  0.7653864E+01  0.8875532E+01
Si  0.2866917E+02  0.1976752E+02  0.2067615E+02
Si  0.3132539E+02  0.1894041E+02  0.1653383E+02
Si  0.3235140E+02  0.2286423E+01  0.1400191E+02
Si  0.2960025E+02  0.1503511E+02  0.5995676E+01
Si  0.3729701E+02  0.2842422E+01  0.1093034E+02
Si  0.2272423E+02  0.6930271E+01  0.1229771E+02
Si  0.3299172E+02  0.2570930E+01  0.2109192E+00
Si  0.3247094E+02  0.1574262E+01  0.3822181E+01
Si  0.2843312E+02  0.3014072E+01  0.7493408E+01
Si  0.3762507E+02  0.1131954E+02  0.1514460E+01
Si  0.4300227E+02  0.1327204E+02  0.6612939E+01
Si  0.4633351E+02  0.1493232E+02  0.1267127E+02
Si  0.1788201E+02  0.8723554E+01  0.1822382E+02
Si  0.2379524E+02  0.1917568E+02  0.5617763E+01
Si  0.2980401E+02  0.1935854E+02  0.1459448E+02
Si  0.1937458E+02  0.1558190E+02  0.1164563E+02
Si  0.2257796E+02  0.6575667E+00  0.1367918E+02
Si  0.3222079E+02  0.1740773E+02  0.2951463E+01
Si  0.2522827E+02  0.1316583E+02  0.7367915E+00
Si  0.2679676E+02  0.1659361E+02  0.1483037E+02
Si  0.1680611E+02  0.1332665E+02  0.1717951E+02
Si  0.3759762E+02  0.9444757E+01  0.1703451E+02
Si  0.3241180E+02  0.7914032E+00  0.1573426E+02
Si  0.4626518E+02  0.6431995E+01  0.1887202E+02
Si  0.4053011E+02  0.5567208E+01  0.1271814E+02
Si  0.4242204E+02  0.6060197E+01  0.2136097E+01
Si  0.3367812E+02  0.1162639E+02  0.1891888E+02
Si  0.2884966E+02  0.6779367E+01  0.1636038E+01
Si  0.3865962E+02  0.7317324E+01  0.6826919E+00
Si  0.3371752E+02  0.6665469E+01  0.5740904E+00
Si  0.3046354E+02  0.3939266E+01  0.1832745E+02
Si  0.3982620E+02  0.1265510E+02  0.1839377E+02
Si  0.2796619E+02  0.1791087E+02  0.2208010E+01
Si  0.3831326E+02  0.1686078E+02  0.6368339E+01
Si  0.2403454E+02  0.1171795E+02  0.3257877E+01
Si  0.4881466E+02  0.1563602E+02  0.8532364E+01
Si  0.4168215E+02  0.1768582E+02  0.1420798E+01
Si  0.3114323E+02  0.1029674E+02  0.2769928E+01
Si  0.3860293E+02  0.2581550E+01  0.1265831E+02
Si  0.1372686E+02  0.1060384E+02  0.1631457E+02
Si  0.3903088E+02  0.1859433E+02  0.9952565E+01
Si  0.2157529E+02  0.5953320E+01  0.1050661E+02
Si  0.3033743E+02  0.5370978E+01  0.7248016E+01
Si  0.3357558E+02  0.1862429E+02  0.1636517E+02
Si  0.2852742E+02  0.1733606E+02  0.8037114E+01
Si  0.1132763E+02  0.1886834E+02  0.8012755E+01
Si  0.4149928E+02  0.1923511E+02  0.1769787E+02
Si  0.2727233E+02  0.1223597E+02  0.6498117E+01
Si  0.2676920E+02  0.2075398E+02  0.2009641E+02
Si  0.3336316E+02  0.6676443E+01  0.5758286E+01
Si  0.3585959E+02  0.2102384E+02  0.8088902E+01
Si  0.5425964E+02  0.1902684E+02  0.1244856E+02
Si  0.1745542E+02  0.1199010E+02  0.6822735E+01
Si  0.2460436E+02  0.8812908E+01  0.7244365E+01
Si  0.3656531E+02  0.1576658E+02  0.1904376E+02
Si  0.2360024E+02  0.9402899E+01  0.1578446E+02
Si  0.2641340E+02  0.1001431E+02  0.6329346E+01
Si  0.1780894E+02  0.1119956E+02  0.1018519E+02
Si  0.3869696E+02  0.1991551E+01  0.6183085E+01
Si  0.2848057E+02  0.1545335E+01  0.1572656E+02
Si  0.3223837E+02  0.1265422E+02  0.9319227E+01
Si  0.2997867E+02  0.1474439E+02  0.3114554E+01
Si  0.5083606E+02  0.1716561E+02  0.1436595E+01
Si  0.3118173E+02  0.9030322E+01  0.1168537E+02
Si  0.3346352E+02  0.1851504E+02  0.1388647E+02
Si  0.2280917E+02  0.4684977E+01  0.1942843E+02
Si  0.3602069E+02  0.3793126E+01  0.2664521E+01
Si  0.3165836E+02  0.1654930E+02  0.1394393E+02
Si  0.2912280E+02  0.7044600E+01  0.1861775E+02
Si  0.2029020E+02  0.3682390E+01  0.1636254E+02
Si  0.4099056E+02  0.3186848E+01  0.2024134E+02
Si  0.1673433E+02  0.1743836E+02  0.8221540E+01
Si  0.3386503E+02  0.1465257E+02  0.2016851E+02
Si  0.3536826E+02  0.7324978E+01  0.1932324E+02
Si  0.2593226E+02  0.3167070E+01  0.1043220E+02
Si  0.3857291E+02  0.8952552E+01  0.1380138E+02
Si  0.3296382E+02  0.4517893E+01  0.1391011E+02
Si  0.3065493E+02  0.1141777E+02  0.1149180E+02
Si  0.2334079E+02  0.2565972E+01  0.6147769E+01
Si  0.2548665E+02  0.1245866E+02  0.1671206E+02
Si  0.2777679E+02  0.1882144E+02  0.4525470E+01
Si  0.4865215E+02  0.1519348E+02  0.1486032E+01
Si  0.3135116E+02  0.7311433E+01  0.1519144E+01
Si  0.2960024E+02  0.3140080E+01  0.5328942E+01
Si  0.3770590E+02  0.1630634E+02  0.1686803E+02
Si  0.4105321E+02  0.1040917E+02  0.7319620E+01
Si  0.3180908E+02  0.4219833E+01  0.2842699E+01
Si  0.3853719E+02  0.2049307E+02  0.1622512E+02
Si  0.2250871E+02  0.3707419E+01  0.1098506E+02
Si  0.3073150E+02  0.7824174E+01  0.7856842E+01
Si  0.3288484E+02  0.1927855E+02  0.8628456E+01
Si  0.3435974E+02  0.8852265E+01  0.9755844E+01
Si  0.4501952E+02  0.1513463E+02  0.2151638E+02
Si  0.2416757E+02  0.2086821E+02  0.1788397E+02
Si  0.2123951E+02  0.3140425E+01  0.8827674E+01
Si  0.3699037E+02  0.7190400E+01  0.1420615E+02
Si  0.3326937E+02  0.6183613E+01  0.1978459E+02
Si  0.3626349E+02  0.2145652E+02  0.2057175E+02
Si  0.2586455E+02  0.5254036E+01  0.1978068E+02
Si  0.1291831E+02  0.2080212E+02  0.6153258E+01
Si  0.3372926E+02  0.3125333E+01  0.2260605E+01
Si  0.3453126E+02  0.6728907E+00  0.3030275E+00
Si  0.2418133E+02  0.3524779E+01  0.2094332E+02
Si  0.3155558E+02  0.9965770E+01  0.1587180E+02
Si  0.1779056E+02  0.1814945E+02  0.1494061E+02
Si  0.4318073E+02  0.6294341E+01  0.8186748E+01
Si  0.2664173E+02  0.1408239E+02  0.1834329E+02
Si  0.3691649E+02  0.1347847E+02  0.1281684E+02
Si  0.1968467E+02  0.7168726E+01  0.1546062E+02
Si  0.3986945E+02  0.1985384E+02  0.6544926E+01
Si  0.2257691E+02  0.1722457E+02  0.1142438E+02
Si  0.4793953E+02  0.8511454E+01  0.1618539E+00
Si  0.2578992E+02  0.1501248E+02  0.9786639E+01
Si  0.2668097E+02  0.1657002E+02  0.1149678E+02
Si  0.3496331E+02  0.9240793E+01  0.1764305E+02
Si  0.3166666E+02  0.1214390E+02  0.2023389E+02
Si  0.3154687E+02  0.2305637E+01  0.7554491E+01
Si  0.3218073E+02  0.1584574E+02  0.8185881E+01
Si  0.4194111E+02  0.1130004E+02  0.1348333E+02
Si  0.3000418E+02  0.2154223E+02  0.6244981E+01
Si  0.4463081E+02  0.1303687E+02  0.1307849E+02
Si  0.2772412E+02  0.3461285E+01  0.1654394E+02
Si  0.4372223E+02  0.1481182E+02  0.1072697E+02
Si  0.2233616E+02  0.2080704E+02  0.9845413E+01
Si  0.3463723E+02  0.1992534E+02  0.1797833E+02
Si  0.4637685E+02  0.4091546E+00  0.2900959E+01
Si  0.4489457E+02  0.7593550E+01  0.1383225E+01
Si  0.2964616E+02  0.1511931E+02  0.1688621E+02
Si  0.3858344E+02  0.1387580E+02  0.2168158E+02
Si  0.2749138E+02  0.2855547E+01  0.1886461E+02
Si  0.2868007E+02  0.3420504E+01  0.1278302E+02
Si  0.2342956E+02  0.1823243E+02  0.1541463E+02
Si  0.2943409E+02  0.1242280E+02  0.1635566E+02
Si  0.3196467E+02  0.1518980E+02  0.1598021E+02
Si  0.4120617E+02  0.4670156E+01  0.1749263E+02
Si  0.3664621E+02  0.5528747E+01  0.2030042E+02
Si  0.3996489E+02  0.8522701E+01  0.1855606E+02
Si  0.2331636E+02  0.2100501E+02  0.3879620E+01
Si  0.3720138E+02  0.7187133E+01  0.1729008E+02
Si  0.2807871E+02  0.2056611E+02  0.9134723E+01
Si  0.3202388E+02  0.6669671E+01  0.1239780E+02
Si  0.1412248E+02  0.2834314E+00  0.2000534E+02
Si  0.3501055E+02  0.2167188E+02  0.1173526E+02
Si  0.1646057E+02  0.1078469E+02  0.2357353E+01
Si  0.2003084E+02  0.1135405E+02  0.1532785E+02
Si  0.2167220E+02  0.2133216E+02  0.1251863E+01
Si  0.2722600E+02  0.1572458E+02  0.1702747E+02
Si  0.4347387E+02  0.4831419E+01  0.6206534E+01
Si  0.2404154E+02  0.7272638E+01  0.1472838E+02
Si  0.2278426E+02  0.2004295E+02  0.1984107E+02
Si  0.2463828E+02  0.8885959E+01  0.1763996E+00
Si  0.3770155E+02  0.1710144E+02  0.8520105E+01
Si  0.2710023E+02  0.1563350E+02  0.7265956E+01
Si  0.2210994E+02  0.1768933E+02  0.1761544E+02
Si  0.3370938E+02  0.1387695E+02  0.4982318E+01
Si  0.2917886E+02  0.5295541E+01  0.1685471E+02
Si  0.2765047E+02  0.1550893E+02  0.3103171E+01
Si  0.1655804E+02  0.2065058E+01  0.1395432E+02
Si  0.4164295E+02  0.7317674E+01  0.1394138E+02
Si  0.4709980E+02  0.8610469E+01  0.1181274E+02
Si  0.3741146E+02  0.1555260E+02  0.1015047E+01
Si  0.1533998E+02  0.1285873E+01  0.8062454E+01
Si  0.3524191E+02  0.4242721E+01  0.1095170E+02
Si  0.2354520E+02  0.1303060E+02  0.1492417E+02
Si  0.3536822E+02  0.1734393E+02  0.2043714E+02
Si  0.2483061E+02  0.1938636E+02  0.2113246E+02
Si  0.3041275E+02  0.2167812E+01  0.9915144E+01
Si  0.3395650E+02  0.1244439E+02  0.2124981E+02
Si  0.3142616E+02  0.9440205E+01  0.4667089E+00
Si  0.3261194E+02  0.4454314E+01  0.1136481E+02
Si  0.4449535E+02  0.3501130E+01  0.1216039E+02
Si  0.3347581E+02  0.1895875E+01  0.8988301E+01
Si  0.3474995E+02  0.1880852E+02  0.6271517E+01
Si  0.2218959E+02  0.2034681E+02  0.1228332E+02
Si  0.3599142E+02  0.1884706E+02  0.4171095E+01
Si  0.1986573E+02  0.1940313E+02  0.7503681E+01
Si  0.4540134E+02  0.6560475E+01  0.1658574E+02
Si  0.3851705E+02  0.9117714E+01  0.3006104E+01
Si  0.3522505E+02  0.1105134E+02  0.2506308E+01
Si  0.2268196E+02  0.1034477E+02  0.7635972E+01
Si  0.1738754E+02  0.1210799E+02  0.1499707E+02
Si  0.4006991E+02  0.1251143E+02  0.8238511E+01
Si  0.3352635E+02  0.1575330E+02  0.1116567E+02
Si  0.2585887E+02  0.2041561E+02  0.5438091E+01
Si  0.3781147E+02  0.1450908E+02  0.1500025E+02
Si  0.3775358E+02  0.1179693E+02  0.1778725E+02
Si  0.2314379E+02  0.1657602E+02  0.1965241E+02
Si  0.4100939E+02  0.2153141E+02  0.1272127E+02
Si  0.2506723E+02  0.1791229E+01  0.1496635E+02
Si  0.2876172E+02  0.1997324E+02  0.1163656E+02
Si  0.4407839E+02  0.1093953E+02  0.1201659E+02
Si  0.1902363E+02  0.1130787E+02  0.2137885E+02
Si  0.4376698E+02  0.1515971E+01  0.1074316E+02
Si  0.3946605E+02  0.1145043E+02  0.3039428E+01
Si  0.4292429E+02  0.3967395E+01  0.1020109E+02
Si  0.3772101E+02  0.1714447E+01  0.1479285E+02
Si  0.4414028E+02  0.4350616E+01  0.2654920E+01
Si  0.3621708E+02  0.2049834E+02  0.1598956E+02
Si  0.4324518E+02  0.1332896E+02  0.1900877E+02
Si  0.1910260E+02  0.5635730E+01  0.1710714E+02
Si  0.3543007E+02  0.1531381E+02  0.1562851E+02
Si  0.1290837E+02  0.1241626E+02  0.2086095E+02
Si  0.2485431E+02  0.1105164E+02  0.1878249E+02
Si  0.2705925E+02  0.9329632E+01  0.8708266E+01
Si  0.3249945E+02  0.1792141E+01  0.1973415E+02
Si  0.2026572E+02  0.1916567E+02  0.1807034E+02
Si  0.4094752E+02  0.6784141E+01  0.9301448E+01
Si  0.2528075E+02  0.7959287E+01  0.9424903E+01
Si  0.2185082E+02  0.1929762E+02  0.2729607E+01
Si  0.4877564E+02  0.6189027E+01  0.2126348E+02
Si  0.3074865E+02  0.7928586E+01  0.4066299E+01
Si  0.4236831E+02  0.1751876E+02  0.1906700E+02
Si  0.2547522E+02  0.1335405E+01  0.5862759E+01
Si  0.2520320E+02  0.6599180E+01  0.1751181E+00
Si  0.1945712E+02  0.4602125E+01  0.8075840E+01
Si  0.1978733E+02  0.1056874E+02  0.4041813E+01
Si  0.2250833E+02  0.2142184E+02  0.5948307E+01
Si  0.3879245E+02  0.4874274E+01  0.8426513E+00
Si  0.3220866E+02  0.1918625E+02  0.2087509E+02
Si  0.3821347E+02  0.1294274E+02  0.6792609E+01
Si  0.4343886E+02  0.5454017E+01  0.1384430E+02
Si  0.2115966E+02  0.6452235E+01  0.2009066E+02
Si  0.2174136E+02  0.8984354E+01  0.9247962E+01
Si  0.3314714E+02  0.2017476E+02  0.5025845E+01
Si  0.3065647E+02  0.2993457E+01  0.1271668E+01
Si  0.3065020E+02  0.1778417E+02  0.8546700E+01
Si  0.4143669E+02  0.2635176E+01  0.3781864E+01
Si  0.2963935E+02  0.9044707E+01  0.5981309E+01
Si  0.1576620E+02  0.1782743E+02  0.2866105E+00
Si  0.3936771E+02  0.1535963E+02  0.8085877E+01
Si  0.4529593E+02  0.9994411E+01  0.1951495E+02
Si  0.3466962E+02  0.2050663E+01  0.1297209E+02
Si  0.2437712E+02  0.1431315E+02  0.2851119E+01
Si  0.5014709E+02  0.2064800E+01  0.3547340E+01
Si  0.3976400E+02  0.1810471E+02  0.2762360E+01
Si  0.4089418E+02  0.6733026E+01  0.1629800E+02
Si  0.4168607E+02  0.1950408E+02  0.1318718E+02
Si  0.2641682E+02  0.7378530E+01  0.1567895E+02
Si  0.2652190E+02  0.1941293E+02  0.1288028E+02
Si  0.4198156E+02  0.1336809E+01  0.1458252E+02
Si  0.3921907E+02  0.1386985E+02  0.3011901E+01
Si  0.3162011E+02  0.1945612E+02  0.1312643E+02
Si  0.3755210E+02  0.5854172E+01  0.6458703E+01
Si  0.3265587E+02  0.4394584E+01  0.7193444E+01
Si  0.1924098E+02  0.1631177E+01  0.8608757E+01
Si  0.3659857E+02  0.7631514E+01  0.2065960E+01
Si  0.2878636E+02  0.6720015E+01  0.1502655E+02
Si  0.3020590E+02  0.1561255E+01  0.1773730E+02
Si  0.3532055E+02  0.1509713E+02  0.3044192E+01
Si  0.3299477E+02  0.1704201E+02  0.2017050E+02
Si  0.2248035E+02  0.1227578E+02  0.1035962E+02
Si  0.4152419E+02  0.9622947E+01  0.1705209E+02
Si  0.3271572E+02  0.2125571E+02  0.1186098E+02
Si  0.4275120E+02  0.1882211E+02  0.2125609E+02
Si  0.3176426E+02  0.1471779E+02  0.1234995E+02
Si  0.3553032E+02  0.3118173E+01  0.8657807E+01
Si  0.2578759E+02  0.4059083E+01  0.1533421E+02
Si  0.3310276E+02  0.1195303E+02  0.3617370E+01
Si  0.2634699E+02  0.3840875E+01  0.2687168E+01
Si  0.2121861E+02  0.1038821E+02  0.1128265E+02
Si  0.2463162E+02  0.1568665E+02  0.5470284E+01
Si  0.3775829E+02  0.2136601E+02  0.6820627E+01
Si  0.3237107E+02  0.1489649E+02  0.3000873E+01
Si  0.4833619E+02  0.1065620E+02  0.4715278E+01
Si  0.3413081E+02  0.1883794E+02  0.2573527E+01
Si  0.2095714E+02  0.1318254E+02  0.7267666E+01
Si  0.3617050E+02  0.2171702E+02  0.1807147E+02
Si  0.2531700E+02  0.3023344E+01  0.1882975E+02
Si  0.4721254E+02  0.1186912E+02  0.9937514E+00
Si  0.3705282E+02  0.9681539E+01  0.6589759E+01
Si  0.2136044E+02  0.1557140E+02  0.1822477E+02
Si  0.3317464E+02  0.1137270E+02  0.1487019E+02
Si  0.2480601E+02  0.1839024E+02  0.7722503E+01
Si  0.1582840E+02  0.2046408E+01  0.1016452E+02
Si  0.3929568E+02  0.1306533E+02  0.1194440E+02
Si  0.2167910E+02  0.1632608E+02  0.2160378E+02
Si  0.1580032E+02  0.1817446E+02  0.1365155E+02
Si  0.4602466E+02  0.1787775E+02  0.1732350E+02
Si  0.1570896E+02  0.1007036E+02  0.2132455E+02
Si  0.3233840E+02  0.8136797E+01  0.1439896E+02
Si  0.4189689E+02  0.5022311E+00  0.1874653E+02
Si  0.2577681E+02  0.5319180E+01  0.1171384E+02
Si  0.3550587E+02  0.1995289E+02  0.1321891E+02
Si  0.2371642E+02  0.5058435E+01  0.1505010E+02
Si  0.2721955E+02  0.9189827E+01  0.1428678E+02
Si  0.2786962E+02  0.1474112E+02  0.2152979E+02
Si  0.4076095E+02  0.2819910E+01  0.1617805E+02
Si  0.3468554E+02  0.9714428E+01  0.1202197E+02
Si  0.2402848E+02  0.1209344E+02  0.8372506E+01
Si  0.4222633E+02  0.1707435E+02  0.5339075E+01
Si  0.5293172E+02  0.1267553E+02  0.9375549E+01
Si  0.3845078E+02  0.2160879E+02  0.1230342E+02
Si  0.2101296E+02  0.8386386E+01  0.3480024E+01
Si  0.4666747E+02  0.1826365E+02  0.7841570E+01
Si  0.3577756E+02  0.1754452E+02  0.1257954E+01
Si  0.2588392E+02  0.7235771E+01  0.1303971E+02
Si  0.2645710E+02  0.1987160E+02  0.1788046E+02
Si  0.3692672E+02  0.9272900E-01  0.1015452E+02
Si  0.3298829E+02  0.1013788E+02  0.5412342E+01
Si  0.2448778E+02  0.8570020E+01  0.1151471E+02
Si  0.2278873E+02  0.4617656E+01  0.4643375E+01
Si  0.3011712E+02  0.1671781E+02  0.1639421E+01
Si  0.3373793E+02  0.1047480E+02  0.6791780E+00
Si  0.2254235E+02  0.4403626E+01  0.1703097E+02
Si  0.2353365E+02  0.1069755E+02  0.1217253E+02
Si  0.2887286E+02  0.1054098E+02  0.1068044E+02
Si  0.2764331E+02  0.1090070E+02  0.2106013E+01
Si  0.3580852E+02  0.5684022E+01  0.9092691E+00
Si  0.2663413E+02  0.1669085E+02  0.5013723E+01
Si  0.3760489E+02  0.4690390E+01  0.1743449E+02
Si  0.3446695E+02  0.1359337E+01  0.1692053E+02
Si  0.3266560E+02  0.2155728E+02  0.1834919E+02
Si  0.5493082E+02  0.2591970E+01  0.2713342E+01
Si  0.4366009E+02  0.3145700E+01  0.4653328E+01
Si  0.1993423E+02  0.1767952E+02  0.1207393E+02
Si  0.2745605E+02  0.8328226E+01  0.4659266E+01
Si  0.3470273E+02  0.3659583E+01  0.1740383E+02
Si  0.4505762E+02  0.9007261E+01  0.1312084E+02
Si  0.2265195E+02  0.1116424E+02  0.2007104E+02
Si  0.2996876E+02  0.1721819E+01  0.1377828E+02
Si  0.4174177E+02  0.1849865E+01  0.1447565E+01
Si  0.3873103E+02  0.3826755E+01  0.1559001E+02
Si  0.2162751E+02  0.5711913E+01  0.6519008E+01
Si  0.4315409E+02  0.2598440E+00  0.1651218E+02
Si  0.4136657E+02  0.1903184E+02  0.1070789E+02
Si  0.3452253E+02  0.2170663E+02  0.1465011E+02
Si  0.2374465E+02  0.3377342E+01  0.8453487E+01
Si  0.4607209E+02  0.1168579E+02  0.1052758E+02
Si  0.2182513E+02  0.6167551E+00  0.2003019E+02
Si  0.1900702E+02  0.6574919E+01  0.1202509E+02
Si  0.2797313E+02  0.1391120E+02  0.1040421E+02
Si  0.2820566E+02  0.5024666E+01  0.6076494E+01
Si  0.3062178E+02  0.1345102E+02  0.1824749E+02
Si  0.3026562E+02  0.2219871E+01  0.2071466E+02
Si  0.2454409E+02  0.1637408E+02  0.1402374E+02
Si  0.3908587E+02  0.1135464E+02  0.2119664E+02
Si  0.4795999E+02  0.7831282E+01  0.1800043E+02
Si  0.4534551E+02  0.1479227E+01  0.4877137E+01
Si  0.3726627E+02  0.2998804E+01  0.8421501E+00
Si  0.4819111E+02  0.1770103E+02  0.4297248E+01
Si  0.1800366E+02  0.7853773E+01  0.9861926E+01
Si  0.4112950E+02  0.2135227E+02  0.7972117E+01
Si  0.3758371E+02  0.1872623E+02  0.2455057E+01
Si  0.3587253E+02  0.1636875E+02  0.1168162E+02
Si  0.3825199E+02  0.8283436E+00  0.5662846E-01
Si  0.2197100E+02  0.1090121E+01  0.7540420E+01
Si  0.2232880E+02  0.6101849E+00  0.1761201E+02
Si  0.2020130E+02  0.5089172E-01  0.1288108E+02
Si  0.1279350E+02  0.4164386E+01  0.1064416E+02
Si  0.1777971E+02  0.2120897E+02  0.1935022E+02
Si  0.1863197E+02  0.1446856E+02  0.1208010E+01
Si  0.2918490E+02  0.1699982E+02  0.1215532E+02
Si  0.2620205E+02  0.3458190E+01  0.1299377E+02
Si  0.4336197E+02  0.7494932E+01  0.1228132E+02
Si  0.3029401E+02  0.2166880E+02  0.8783703E+01
Si  0.3311837E+02  0.2044449E+02  0.1187517E+01
Si  0.2568691E+02  0.1025080E+02  0.1581309E+02
Si  0.3979024E+02  0.4692611E+01  0.6919444E+01
Si  0.3357483E+02  0.2140099E+02  0.7891057E+01
Si  0.4062374E+02  0.1078423E+02  0.1197921E+01
Si  0.4023477E+02  0.8703239E+01  0.1628032E+01
Si  0.3225010E+02  0.9390123E+01  0.9420655E+01
Si  0.2805112E+02  0.1165223E+02  0.8782174E+01
Si  0.4482674E+02  0.1911252E+02  0.6605883E+01
Si  0.5225238E+02  0.2100945E+01  0.7103485E+01
Si  0.3518822E+02  0.8639997E+01  0.5235141E+00
Si  0.3305177E+02  0.7148066E+01  0.8444932E+01
Si  0.3982849E+02  0.1155989E+01  0.1992018E+02
Si  0.1366412E+02  0.7712562E+01  0.2144459E+02
Si  0.3507292E+02  0.7117822E+01  0.1606422E+02
Si  0.2872052E+02  0.1355832E+02  0.1975617E+02
Si  0.1926125E+02  0.1521858E+02  0.5450110E+01
Si  0.2405451E+02  0.3295406E+00  0.8581879E+01
Si  0.1158647E+02  0.1404210E+01  0.3658467E+01
Si  0.3156339E+02  0.7338583E+01  0.1873348E+02
Si  0.2348235E+02  0.1825163E+02  0.1177258E+01
Si  0.2667375E+02  0.4834543E+01  0.7931185E+01
Si  0.4094715E+02  0.9355878E+01  0.1480857E+02
Si  0.3222090E+02  0.4299599E+00  0.6000884E+01
Si  0.4042527E+02  0.1747656E+00  0.5568864E+00
Si  0.2586646E+02  0.1239122E+02  0.1003346E+02
Si  0.4666077E+02  0.1589798E+02  0.7352577E+01
Si  0.1495605E+02  0.1617669E+02  0.1719205E+02
Si  0.3361917E+02  0.1467831E+02  0.1035097E+01
Si  0.4717381E+02  0.1795885E+02  0.1034381E+02
Si  0.3295911E+02  0.1110556E+02  0.1278003E+02
Si  0.2491217E+02  0.1782011E+02  0.1195015E+02
Si  0.4091819E+02  0.1908854E+01  0.8972605E+01
Si  0.1113563E+02  0.5358789E+01  0.1181589E+02
Si  0.3695617E+02  0.8217718E+01  0.2075300E+02
Si  0.2785831E+02  0.1830632E+02  0.1040858E+02
Si  0.3738582E+02  0.7271213E+00  0.2432520E+01
Si  0.4092155E+02  0.1354597E+02  0.1370224E+02
Si  0.3373724E+02  0.1368124E+02  0.1561096E+02
Si  0.4623832E+02  0.2046559E+02  0.1317709E+02
Si  0.4317133E+02  0.2594826E+01  0.1930575E+02
Si  0.3789442E+02  0.2068355E+02  0.4000175E+01
Si  0.1329406E+02  0.1860490E+01  0.1040881E+02
Si  0.3863120E+02  0.1986683E+02  0.1388401E+02
Si  0.2855983E+02  0.9495328E+01  0.2023301E+02
Si  0.1528153E+02  0.1739492E+02  0.5613307E+01
Si  0.2660914E+02  0.1184255E+00  0.1570362E+02
Si  0.4802458E+02  0.1676472E+02  0.1227790E+02
Si  0.4530683E+02  0.2106385E+02  0.7935720E+01
Si  0.2291481E+02  0.1472034E+02  0.1111610E+02
Si  0.1949070E+02  0.2011877E+02  0.1102084E+02
Si  0.3891439E+02  0.5770520E+01  0.1460263E+02
Si  0.2546675E+02  0.1730017E+02  0.2021561E+02
Si  0.1738955E+02  0.5029765E+01  0.1100083E+02
Si  0.2293049E+02  0.7906452E+01  0.2063704E+02
Si  0.3464695E+02  0.8261944E+01  0.1399440E+02
Si  0.2166073E+02  0.7948968E+01  0.1051146E+01
Si  0.2818974E+02  0.1165675E+02  0.1823901E+02
Si  0.3297471E+02  0.1679727E+02  0.1760836E+02
Si  0.3073253E+02  0.1629277E+02  0.2096939E+02
Si  0.4687934E+02  0.5183695E+00  0.6475272E+01
Si  0.2921555E+02  0.8926866E+01  0.1589592E+02
Si  0.1754424E+02  0.1312129E+02  0.1287137E+02
Si  0.3877354E+02  0.2898806E+01  0.8410930E+01
Si  0.3040620E+02  0.8545372E+00  0.2608555E+01
Si  0.4193659E+02  0.1468758E+02  0.2772534E+01
Si  0.3561063E+02  0.2829798E+01  0.2112961E+02
Si  0.2829800E+02  0.6165227E+00  0.1909319E+02
Si  0.2556822E+02  0.1778521E+02  0.1881001E+01
Si  0.3691527E+02  0.1346692E+02  0.2431747E+01
Si  0.4967471E+02  0.9544106E+01  0.2068677E+02
Si  0.3681682E+02  0.5814369E+01  0.1239597E+02
Si  0.4289040E+02  0.2971702E+01  0.7959232E+01
Si  0.3987843E+02  0.1140292E+02  0.1023149E+02
Si  0.4805321E+02  0.2718163E+01  0.2189302E+01
Si  0.3437094E+02  0.1731601E+02  0.8142882E+01
Si  0.4997506E+02  0.1522099E+02  0.1201417E+02
Si  0.4379474E+02  0.8946485E+00  0.6622958E+00
Si  0.5268148E+02  0.1839022E+01  0.1884740E+02
Si  0.5052844E+02  0.3686008E+00  0.7736483E+01
Si  0.4869529E+02  0.1670354E+02  0.2085777E+02
Si  0.4751015E+02  0.2092871E+02  0.4737210E+01
Si  0.4368798E+02  0.9633341E+01  0.1994429E+01
Si  0.5295681E+02  0.6910028E+01  0.1985743E+02
Si  0.4560141E+02  0.1028346E+02  0.4836781E+01
Si  0.4965766E+02  0.4327377E+01  0.1974907E+02
Si  0.5069047E+02  0.5439382E-01  0.3831132E+00
Si  0.5208605E+02  0.2838063E+01  0.4865855E+01
Si  0.5244115E+02  0.2058967E+02  0.2094765E+02
Si  0.3991123E+02  0.1267412E+02  0.5169767E+01
Si  0.5399121E+02  0.6626526E+00  0.2063308E+02
Si  0.5690539E+02  0.2330352E+01  0.2104253E+02
Si  0.5670780E+02  0.2133331E+02  0.2006834E+01
Si  0.5189640E+02  0.2274860E+01  0.2133960E+02
Si  0.5544256E+02  0.1291394E+01  0.8027098E+00
Si  0.5826581E+02  0.3584490E+01  0.8265168E+00
Si  0.5809985E+02  0.9345944E+00  0.3372956E+01
Si  0.5593780E+02  0.4311208E+01  0.4058182E+01
Si  0.5969313E+02  0.2122733E+02  0.2107355E+02
Si  0.6233287E+02  0.2191238E+01  0.2127725E+02
Si  0.6241918E+02  0.2116421E+02  0.2238818E+01
Si  0.5958073E+02  0.2145487E+01  0.2087865E+01
Si  0.6108973E+02  0.8209199E+00  0.9970398E+00
Si  0.6379663E+02  0.3321936E+01  0.9551463E+00
Si  0.6362633E+02  0.7321738E+00  0.3724319E+01
Si  0.6097398E+02  0.3557880E+01  0.3537878E+01
Si  0.3037266E+02  0.2155601E+02  0.1529783E+02
Si  0.2930694E+02  0.8086088E+01  0.1120814E+02
Si  0.4974550E+02  0.8315411E+01  0.2872260E+01
Si  0.4194597E+02  0.1045439E+02  0.1110674E+02
Si  0.5135146E+02  0.9888884E+01  0.1881415E+02
Si  0.5398666E+02  0.1472334E+02  0.1631722E+01
Si  0.4291111E+02  0.9797075E+01  0.1916741E+02
Si  0.3251131E+02  0.2025844E+01  0.1111912E+02
Si  0.5157614E+02  0.6071561E+01  0.6828305E+01
Si  0.5104941E+02  0.5620198E+01  0.6517486E+00
Si  0.5028205E+02  0.1437064E+01  0.1857882E+02
Si  0.4331118E+02  0.6527312E+00  0.7679984E+01
Si  0.4647806E+02  0.8360180E+01  0.9446069E+01
Si  0.5130779E+02  0.7725193E+01  0.2114960E+02
Si  0.5287467E+02  0.6753354E+01  0.3419476E+01
Si  0.4783771E+02  0.1541687E+02  0.5223084E+01
Si  0.5418067E+02  0.5195151E+01  0.2093152E+02
Si  0.5726148E+02  0.7697795E+01  0.2125335E+02
Si  0.5712968E+02  0.5121947E+01  0.2068735E+01
Si  0.5476802E+02  0.7369807E+01  0.2087193E+01
Si  0.5576705E+02  0.6208559E+01  0.5815724E+00
Si  0.5856200E+02  0.9002678E+01  0.7605028E+00
Si  0.5850792E+02  0.6201330E+01  0.3424016E+01
Si  0.5572745E+02  0.8748463E+01  0.3489731E+01
Si  0.5977596E+02  0.4974387E+01  0.2126788E+02
Si  0.6267626E+02  0.7523926E+01  0.2093283E+02
Si  0.6250005E+02  0.4702738E+01  0.2289859E+01
Si  0.5972950E+02  0.7564232E+01  0.2108832E+01
Si  0.6131719E+02  0.6213268E+01  0.7396965E+00
Si  0.6356881E+02  0.8865583E+01  0.7444177E+00
Si  0.6363320E+02  0.6178000E+01  0.3643754E+01
Si  0.6114371E+02  0.8816269E+01  0.3384680E+01
Si  0.4317603E+02  0.1255854E+00  0.5334828E+01
Si  0.4057767E+02  0.1926456E+02  0.1530039E+02
Si  0.4123905E+02  0.8778003E+01  0.2059516E+02
Si  0.4276276E+02  0.1474818E+02  0.1301741E+02
Si  0.4156202E+02  0.1610998E+02  0.8683591E+01
Si  0.4695819E+02  0.1439980E+02  0.3249574E+01
Si  0.3982147E+02  0.1581759E+02  0.1373614E+02
Si  0.3695909E+02  0.1053517E+02  0.1116484E+02
Si  0.4639313E+02  0.7475586E+01  0.1444725E+02
Si  0.5041592E+02  0.1326564E+02  0.6938324E+01
Si  0.4803277E+02  0.5008092E+01  0.3253054E+01
Si  0.3491396E+02  0.1475853E+02  0.1783833E+02
Si  0.4518206E+02  0.1056349E+02  0.1951037E+00
Si  0.4550401E+02  0.1628836E+02  0.2497222E+01
Si  0.4850273E+02  0.1161056E+02  0.2059853E+02
Si  0.5234258E+02  0.1521978E+02  0.2022537E+02
Si  0.5420004E+02  0.9849151E+01  0.2125189E+02
Si  0.5707362E+02  0.1295788E+02  0.2130511E+02
Si  0.5708599E+02  0.1037972E+02  0.2043472E+01
Si  0.4872600E+02  0.1292744E+02  0.2650869E+01
Si  0.5590594E+02  0.1128891E+02  0.3478895E+00
Si  0.5837321E+02  0.1429105E+02  0.8066010E+00
Si  0.5848759E+02  0.1173048E+02  0.3494510E+01
Si  0.5568159E+02  0.1421143E+02  0.3041359E+01
Si  0.5963114E+02  0.1049126E+02  0.2097160E+02
Si  0.6214425E+02  0.1310260E+02  0.2110313E+02
Si  0.6236549E+02  0.1031588E+02  0.2140680E+01
Si  0.5971296E+02  0.1306978E+02  0.1920096E+01
Si  0.6090502E+02  0.1155867E+02  0.8146037E+00
Si  0.6361218E+02  0.1441935E+02  0.7416946E+00
Si  0.6363557E+02  0.1162383E+02  0.3589549E+01
Si  0.6095793E+02  0.1431617E+02  0.3349181E+01
Si  0.4520111E+02  0.2063597E+02  0.1338864E+01
Si  0.5168002E+02  0.9687015E+01  0.1458960E+02
Si  0.4500652E+02  0.1014704E+02  0.8914725E+01
Si  0.4271884E+02  0.7431529E+01  0.1929890E+02
Si  0.3291521E+02  0.3968172E+01  0.1905880E+02
Si  0.4329387E+02  0.1667035E+02  0.3165373E+01
Si  0.4191483E+02  0.8497367E+01  0.5981958E+01
Si  0.4538362E+02  0.3160908E+01  0.1643917E+02
Si  0.4609071E+02  0.1909328E+02  0.4671275E+01
Si  0.5086257E+02  0.1778634E+02  0.1934637E+02
Si  0.4108682E+02  0.1540477E+02  0.1948251E+02
Si  0.5011565E+02  0.5972247E+01  0.2892443E+01
Si  0.4538067E+02  0.1363650E+02  0.7416971E+01
Si  0.4980300E+02  0.2118114E+02  0.3403468E+01
Si  0.4804393E+02  0.1126413E+02  0.7175101E+01
Si  0.3798049E+02  0.1374429E+02  0.9247403E+01
Si  0.5440225E+02  0.1583487E+02  0.2149959E+02
Si  0.5666308E+02  0.1890280E+02  0.2058133E+02
Si  0.5705385E+02  0.1593538E+02  0.1993338E+01
Si  0.5373050E+02  0.1223014E+02  0.1006092E+01
Si  0.5579742E+02  0.1744746E+02  0.6034767E+00
Si  0.5805644E+02  0.2003037E+02  0.4938779E+00
Si  0.5842748E+02  0.1718987E+02  0.3240744E+01
Si  0.5349527E+02  0.1913073E+02  0.4803285E+01
Si  0.5934560E+02  0.1612131E+02  0.2128973E+02
Si  0.6222159E+02  0.1826265E+02  0.2148929E+02
Si  0.6219893E+02  0.1589629E+02  0.1897133E+01
Si  0.5926017E+02  0.1914004E+02  0.2071217E+01
Si  0.6048450E+02  0.1742366E+02  0.1177069E+01
Si  0.6364725E+02  0.1972818E+02  0.8540995E+00
Si  0.6367622E+02  0.1703192E+02  0.3591985E+01
Si  0.6096328E+02  0.2009321E+02  0.3670890E+01
Si  0.4609928E+02  0.9839181E+00  0.2147038E+02
Si  0.4821567E+02  0.1834471E+01  0.1385345E+02
Si  0.4938836E+02  0.3036253E+01  0.1695702E+02
Si  0.4800648E+02  0.2154067E+02  0.1221797E+02
Si  0.4850617E+02  0.1600099E+01  0.8017101E+01
Si  0.3770491E+02  0.6232981E+01  0.4031198E+01
Si  0.4314575E+02  0.2740071E+01  0.1694893E+02
Si  0.4989692E+02  0.1795446E+02  0.8419705E+01
Si  0.5338013E+02  0.2010900E+02  0.7736158E+01
Si  0.4980243E+02  0.1642828E+02  0.6307683E+01
Si  0.5209642E+02  0.1689780E+02  0.9575923E+01
Si  0.4499751E+02  0.3106192E+01  0.9007721E+00
Si  0.4371864E+02  0.1490058E+02  0.1625629E+02
Si  0.5190930E+02  0.3910857E-01  0.1128158E+02
Si  0.5229417E+02  0.2092068E+02  0.1367924E+02
Si  0.5349603E+02  0.3117185E+01  0.8630752E+01
Si  0.5536514E+02  0.2043321E+02  0.3787702E+01
Si  0.5701200E+02  0.2416016E+01  0.5009173E+01
Si  0.5706253E+02  0.2140479E+02  0.7883502E+01
Si  0.5396499E+02  0.6927191E+00  0.3928833E+01
Si  0.5596489E+02  0.1337711E+01  0.6858653E+01
Si  0.5846923E+02  0.3656793E+01  0.6315603E+01
Si  0.5866225E+02  0.1011408E+01  0.9030737E+01
Si  0.5593277E+02  0.2941156E+01  0.8495511E+01
Si  0.5948450E+02  0.2123888E+02  0.4934408E+01
Si  0.6239621E+02  0.2173594E+01  0.4802155E+01
Si  0.6248315E+02  0.2096524E+02  0.7253080E+01
Si  0.5996156E+02  0.2097347E+01  0.7568213E+01
Si  0.6093767E+02  0.7456460E+00  0.6258820E+01
Si  0.6360498E+02  0.3632218E+01  0.6182107E+01
Si  0.6387543E+02  0.6642729E+00  0.8733639E+01
Si  0.6095640E+02  0.3575692E+01  0.8780784E+01
Si  0.4067015E+02  0.4699451E+01  0.4815962E+01
Si  0.4797157E+02  0.2831437E+01  0.4602337E+01
Si  0.5124405E+02  0.2008866E+02  0.4636963E+01
Si  0.3593779E+02  0.1884095E+02  0.8878467E+01
Si  0.4379320E+02  0.8657168E+01  0.7477763E+01
Si  0.3450465E+02  0.1968341E+02  0.2010963E+02
Si  0.4585117E+02  0.7920319E+01  0.7079521E+01
Si  0.3750078E+02  0.2424272E+01  0.4031848E+01
Si  0.4006321E+02  0.1778816E+02  0.5058170E+01
Si  0.5389449E+02  0.3984891E+00  0.6376279E+01
Si  0.4596053E+02  0.4220950E+01  0.1028573E+02
Si  0.4790209E+02  0.4208080E+01  0.1342618E+02
Si  0.4906247E+02  0.3951137E+01  0.4835116E+00
Si  0.4871528E+02  0.9505270E+01  0.8855724E+01
Si  0.5370868E+02  0.7005482E+01  0.9136588E+01
Si  0.4758464E+02  0.1015428E+02  0.1718574E+02
Si  0.5408156E+02  0.5625636E+01  0.4884847E+01
Si  0.5699017E+02  0.7443842E+01  0.5023369E+01
Si  0.5710942E+02  0.4841200E+01  0.7952582E+01
Si  0.5372943E+02  0.7165700E+01  0.6713375E+01
Si  0.5588119E+02  0.6498921E+01  0.6829361E+01
Si  0.5858053E+02  0.8847810E+01  0.6008062E+01
Si  0.5846407E+02  0.6585013E+01  0.9198923E+01
Si  0.5512316E+02  0.9031572E+01  0.9181771E+01
Si  0.5986189E+02  0.5154762E+01  0.4955664E+01
Si  0.6242917E+02  0.7840722E+01  0.5022179E+01
Si  0.6254634E+02  0.4999479E+01  0.7646192E+01
Si  0.5978428E+02  0.7826761E+01  0.7638307E+01
Si  0.6115069E+02  0.6475021E+01  0.6439776E+01
Si  0.6407453E+02  0.8748176E+01  0.6265063E+01
Si  0.6389929E+02  0.6051142E+01  0.9015358E+01
Si  0.6121500E+02  0.8832539E+01  0.8978172E+01
Si  0.2603647E+02  0.2600006E+01  0.7929112E+01
Si  0.3934800E+02  0.7632020E+01  0.4588513E+01
Si  0.4380854E+02  0.1212313E+02  0.2035269E+01
Si  0.5018632E+02  0.9344980E+01  0.5000106E+01
Si  0.4253195E+02  0.2041477E+02  0.3268346E+01
Si  0.5373641E+02  0.1066533E+02  0.1019916E+02
Si  0.4980644E+02  0.1084873E+02  0.1724951E+02
Si  0.4785130E+02  0.1174826E+01  0.1027177E+02
Si  0.5197410E+02  0.8956499E+01  0.3236771E+01
Si  0.4959531E+02  0.2065943E+01  0.2079535E+02
Si  0.5007261E+02  0.9509659E+01  0.1068292E+02
Si  0.4801125E+02  0.9868937E+01  0.2275055E+01
Si  0.5138964E+02  0.6690486E+01  0.9997465E+01
Si  0.5167724E+02  0.1521918E+02  0.2287522E+01
Si  0.5058103E+02  0.1252703E+02  0.9320376E+01
Si  0.4805832E+02  0.1333802E+02  0.7402247E+01
Si  0.5425730E+02  0.1028161E+02  0.4676541E+01
Si  0.5700821E+02  0.1299034E+02  0.4574971E+01
Si  0.5685501E+02  0.9604264E+01  0.7508274E+01
Si  0.5251077E+02  0.1121955E+02  0.3199430E+01
Si  0.5568937E+02  0.1162687E+02  0.6120768E+01
Si  0.5851170E+02  0.1425209E+02  0.6059003E+01
Si  0.5823045E+02  0.1140636E+02  0.8503503E+01
Si  0.5586397E+02  0.1693869E+02  0.5668103E+01
Si  0.5970128E+02  0.1011948E+02  0.4549224E+01
Si  0.6223250E+02  0.1299804E+02  0.4833290E+01
Si  0.6267316E+02  0.1025364E+02  0.7378145E+01
Si  0.5983098E+02  0.1274807E+02  0.7390351E+01
Si  0.6112014E+02  0.1143928E+02  0.6010591E+01
Si  0.6355521E+02  0.1440530E+02  0.6163542E+01
Si  0.6385944E+02  0.1195700E+02  0.8824881E+01
Si  0.6088221E+02  0.1414757E+02  0.8919233E+01
Si  0.3755698E+02  0.1677442E+02  0.1418111E+02
Si  0.3198323E+02  0.1439890E+02  0.6357052E+01
Si  0.4162876E+02  0.1521542E+02  0.1703250E+02
Si  0.3966844E+02  0.1646518E+02  0.1133498E+02
Si  0.3800409E+02  0.1127598E+02  0.1317028E+02
Si  0.4957742E+02  0.1871309E+02  0.1249203E+02
Si  0.4845990E+02  0.1847727E+02  0.1895813E+02
Si  0.3820889E+02  0.1819126E+02  0.1223907E+02
Si  0.4337034E+02  0.9738085E+01  0.4435331E+01
Si  0.5516417E+02  0.1952681E+02  0.1623514E+01
Si  0.5141396E+02  0.1705273E+02  0.1212626E+02
Si  0.4260920E+02  0.1449189E+02  0.2107482E+02
Si  0.4428517E+02  0.1896259E+02  0.3048592E+01
Si  0.4575797E+02  0.1122716E+02  0.6957793E+01
Si  0.5276177E+02  0.1598125E+02  0.7461235E+01
Si  0.5185974E+02  0.1553126E+02  0.5345615E+01
Si  0.5435937E+02  0.1536270E+02  0.4639678E+01
Si  0.5684152E+02  0.1854285E+02  0.4388941E+01
Si  0.5727234E+02  0.1591991E+02  0.7170214E+01
Si  0.5407671E+02  0.1797529E+02  0.6770192E+01
Si  0.5268362E+02  0.1706436E+02  0.3691580E+01
Si  0.5792361E+02  0.1978232E+02  0.6132431E+01
Si  0.5810802E+02  0.1755832E+02  0.8901998E+01
Si  0.5535553E+02  0.2011766E+02  0.9229964E+01
Si  0.5980445E+02  0.1592535E+02  0.4541322E+01
Si  0.6219233E+02  0.1853007E+02  0.4838929E+01
Si  0.6221883E+02  0.1568639E+02  0.7497249E+01
Si  0.5964772E+02  0.1855343E+02  0.7583039E+01
Si  0.6077763E+02  0.1713929E+02  0.6153484E+01
Si  0.6389047E+02  0.1972996E+02  0.5965325E+01
Si  0.6374466E+02  0.1690137E+02  0.8711140E+01
Si  0.6124585E+02  0.1976654E+02  0.8753472E+01
Si  0.4419998E+02  0.6133021E+01  0.1026776E+02
Si  0.4562389E+02  0.2125595E+02  0.1969890E+02
Si  0.4554045E+02  0.9371049E-01  0.1621651E+02
Si  0.2746753E+02  0.1885287E+02  0.1512264E+02
Si  0.5043984E+02  0.1804092E+02  0.3660521E+01
Si  0.4416606E+02  0.1649910E+02  0.1777145E+02
Si  0.4830561E+02  0.3627309E+01  0.1111318E+02
Si  0.4599446E+02  0.1636889E+01  0.1472819E+02
Si  0.5094419E+02  0.8429890E+01  0.8595310E+01
Si  0.4963251E+02  0.2074903E+02  0.1393022E+02
Si  0.5166086E+02  0.1521171E+01  0.1423139E+02
Si  0.4324264E+02  0.7610019E+01  0.1697259E+02
Si  0.4663369E+02  0.6450271E+01  0.1098537E+02
Si  0.5411114E+02  0.3617385E+01  0.1107916E+02
Si  0.5385004E+02  0.2397066E+01  0.1327663E+02
Si  0.5124125E+02  0.4562739E+01  0.8559741E+01
Si  0.5401524E+02  0.2099349E+02  0.1093705E+02
Si  0.5692822E+02  0.1942454E+01  0.1048495E+02
Si  0.5703193E+02  0.2154908E+02  0.1289702E+02
Si  0.5207300E+02  0.2378246E+01  0.1188296E+02
Si  0.5524440E+02  0.9965526E+00  0.1192400E+02
Si  0.5790296E+02  0.3507660E+01  0.1167163E+02
Si  0.5858385E+02  0.1142958E+01  0.1429754E+02
Si  0.5562211E+02  0.3600659E+01  0.1459596E+02
Si  0.6007407E+02  0.2123520E+02  0.1022454E+02
Si  0.6245536E+02  0.2187271E+01  0.1008074E+02
Si  0.6260671E+02  0.2111668E+02  0.1296811E+02
Si  0.5997412E+02  0.2549227E+01  0.1293378E+02
Si  0.6130278E+02  0.9865460E+00  0.1167726E+02
Si  0.6353405E+02  0.3629098E+01  0.1146752E+02
Si  0.6383373E+02  0.9309909E+00  0.1428217E+02
Si  0.6123140E+02  0.3689183E+01  0.1449158E+02
Si  0.3566035E+02  0.7444730E+01  0.6211603E+01
Si  0.5109231E+02  0.1139588E+02  0.1165669E+02
Si  0.4760737E+02  0.1690726E+02  0.1588030E+02
Si  0.5181728E+02  0.1730611E+02  0.1706546E+02
Si  0.4897803E+02  0.4392940E+01  0.6439608E+01
Si  0.5278347E+02  0.1454854E+02  0.1088229E+02
Si  0.4473994E+02  0.1602720E+02  0.1444521E+02
Si  0.3955499E+02  0.1088040E+02  0.1590507E+02
Si  0.4993706E+02  0.7701795E+01  0.6474085E+01
Si  0.5155153E+02  0.8005826E+01  0.1285179E+02
Si  0.5022419E+02  0.3450788E+01  0.1341804E+02
Si  0.4197555E+02  0.1138481E+02  0.5204632E+01
Si  0.5405396E+02  0.9820201E+01  0.6959998E+01
Si  0.5291407E+02  0.1175412E+02  0.1441115E+02
Si  0.5284675E+02  0.5943700E+01  0.1510400E+02
Si  0.4823134E+02  0.1138276E+02  0.1370577E+02
Si  0.5349960E+02  0.5923912E+01  0.1146304E+02
Si  0.5709020E+02  0.8027026E+01  0.1055495E+02
Si  0.5699418E+02  0.5026130E+01  0.1318262E+02
Si  0.5388642E+02  0.7449062E+01  0.1354172E+02
Si  0.5566078E+02  0.6826032E+01  0.1212220E+02
Si  0.5835627E+02  0.9284519E+01  0.1162210E+02
Si  0.5854332E+02  0.6247216E+01  0.1432624E+02
Si  0.5577000E+02  0.9154167E+01  0.1427187E+02
Si  0.5950975E+02  0.4817191E+01  0.1048537E+02
Si  0.6262622E+02  0.7432033E+01  0.1037579E+02
Si  0.6255424E+02  0.5032553E+01  0.1316444E+02
Si  0.5958369E+02  0.7638931E+01  0.1294558E+02
Si  0.6111171E+02  0.6111678E+01  0.1166006E+02
Si  0.6374503E+02  0.8885021E+01  0.1183724E+02
Si  0.6385801E+02  0.6260273E+01  0.1457949E+02
Si  0.6088713E+02  0.8853201E+01  0.1454102E+02
Si  0.3458003E+02  0.1617334E+02  0.5850658E+01
Si  0.3954071E+02  0.9368239E+01  0.6238880E+01
Si  0.5208331E+02  0.1280499E+02  0.2089144E+02
Si  0.3851752E+02  0.6180350E+00  0.1790358E+02
Si  0.4977103E+02  0.2028289E+02  0.1625864E+02
Si  0.4637645E+02  0.1130895E+02  0.1535060E+02
Si  0.3955973E+02  0.7114126E+01  0.7223166E+01
Si  0.3818662E+02  0.9968541E+01  0.1937429E+02
Si  0.5074893E+02  0.1490962E+02  0.9818667E+01
Si  0.4779250E+02  0.6537807E+01  0.6570874E+01
Si  0.5302423E+02  0.1021045E+02  0.1260904E+02
Si  0.4146414E+02  0.1162288E+02  0.1971681E+02
Si  0.4534904E+02  0.1899923E+02  0.1133657E+02
Si  0.5271486E+02  0.1785848E+02  0.1408237E+02
Si  0.5435613E+02  0.1046534E+02  0.1558850E+02
Si  0.4652203E+02  0.1365607E+02  0.9369355E+01
Si  0.5389604E+02  0.1386335E+02  0.7552269E+01
Si  0.5686089E+02  0.1297939E+02  0.9838718E+01
Si  0.5703225E+02  0.1071000E+02  0.1270561E+02
Si  0.5401935E+02  0.1344084E+02  0.1283564E+02
Si  0.5588808E+02  0.1473738E+02  0.8806989E+01
Si  0.5818286E+02  0.1436582E+02  0.1142984E+02
Si  0.5839074E+02  0.1167390E+02  0.1440187E+02
Si  0.5547091E+02  0.1199213E+02  0.1161739E+02
Si  0.5975501E+02  0.1031602E+02  0.1018076E+02
Si  0.6225542E+02  0.1291928E+02  0.1042020E+02
Si  0.6202802E+02  0.1009167E+02  0.1299043E+02
Si  0.5957212E+02  0.1311960E+02  0.1292625E+02
Si  0.6086253E+02  0.1155321E+02  0.1167841E+02
Si  0.6349574E+02  0.1452010E+02  0.1154110E+02
Si  0.6351774E+02  0.1162824E+02  0.1436215E+02
Si  0.6083863E+02  0.1460342E+02  0.1420365E+02
Si  0.3527332E+02  0.1045852E+02  0.1548153E+02
Si  0.4215016E+02  0.1674885E+02  0.1091157E+02
Si  0.4091977E+02  0.1013103E+01  0.5550534E+01
Si  0.3928368E+02  0.6167605E+01  0.1075903E+02
Si  0.4591104E+02  0.1948758E+02  0.1544583E+02
Si  0.3977619E+02  0.7978222E+00  0.1564267E+02
Si  0.4779977E+02  0.1459364E+02  0.1651014E+02
Si  0.4560656E+02  0.2169555E+02  0.1023693E+02
Si  0.5112383E+02  0.1971476E+02  0.6923725E+01
Si  0.5178680E+02  0.1213298E+02  0.5414288E+01
Si  0.4893469E+02  0.2100845E+02  0.1857259E+02
Si  0.4559554E+02  0.1349550E+02  0.1602084E+02
Si  0.4996670E+02  0.2164423E+02  0.1000252E+02
Si  0.4841124E+02  0.1972574E+02  0.7519536E+01
Si  0.5413070E+02  0.1602166E+02  0.1545607E+02
Si  0.5018949E+02  0.1449937E+02  0.1637161E+02
Si  0.5452119E+02  0.1611341E+02  0.9977905E+01
Si  0.5689699E+02  0.1881612E+02  0.1030303E+02
Si  0.5703487E+02  0.1607612E+02  0.1285477E+02
Si  0.4922222E+02  0.1796012E+02  0.1697055E+02
Si  0.5567199E+02  0.1729211E+02  0.1149608E+02
Si  0.5834437E+02  0.2019622E+02  0.1144102E+02
Si  0.5845013E+02  0.1734974E+02  0.1414028E+02
Si  0.5573307E+02  0.1985641E+02  0.1421294E+02
Si  0.5959653E+02  0.1573923E+02  0.9994826E+01
Si  0.6260826E+02  0.1839340E+02  0.1017868E+02
Si  0.6208097E+02  0.1606254E+02  0.1295358E+02
Si  0.5978491E+02  0.1871702E+02  0.1273948E+02
Si  0.6102116E+02  0.1717004E+02  0.1122529E+02
Si  0.6396751E+02  0.1990443E+02  0.1123151E+02
Si  0.6382487E+02  0.1716922E+02  0.1431099E+02
Si  0.6127812E+02  0.1985372E+02  0.1411928E+02
Si  0.4754528E+02  0.3681750E+01  0.8486266E+01
Si  0.5203818E+02  0.1952434E+02  0.1555666E+02
Si  0.4924524E+02  0.1923523E+02  0.1023888E+02
Si  0.4642750E+02  0.1696070E+02  0.4173367E+00
Si  0.4902626E+02  0.1387472E+02  0.2002765E+02
Si  0.4502263E+02  0.3429694E+01  0.2024985E+02
Si  0.5304386E+02  0.4115104E+01  0.2969633E+01
Si  0.4614701E+02  0.1889735E+02  0.1944606E+02
Si  0.4731210E+02  0.1802123E+02  0.1403164E+02
Si  0.4567621E+02  0.5063067E+01  0.1485617E+02
Si  0.4698065E+02  0.6908741E+00  0.1807664E+02
Si  0.4597143E+02  0.6492210E+01  0.2988022E+01
Si  0.5221589E+02  0.1732360E+02  0.2122357E+02
Si  0.4938227E+02  0.8835223E+00  0.1558184E+02
Si  0.5185438E+02  0.4000798E+00  0.2462461E+01
Si  0.4289260E+02  0.4904827E+01  0.1946708E+02
Si  0.5408895E+02  0.2069104E+02  0.1572480E+02
Si  0.5715309E+02  0.2031893E+01  0.1548662E+02
Si  0.5721339E+02  0.2166968E+02  0.1784121E+02
Si  0.5483642E+02  0.2475747E+01  0.1755243E+02
Si  0.5532833E+02  0.6841299E+00  0.1622380E+02
Si  0.5833024E+02  0.3538542E+01  0.1692864E+02
Si  0.5859001E+02  0.8816004E+00  0.1984646E+02
Si  0.5540666E+02  0.3644984E+01  0.1964143E+02
Si  0.5985431E+02  0.2121871E+02  0.1555501E+02
Si  0.6251336E+02  0.2346300E+01  0.1580157E+02
Si  0.6211103E+02  0.2113907E+02  0.1835624E+02
Si  0.5953062E+02  0.2364253E+01  0.1844460E+02
Si  0.6100525E+02  0.9502809E+00  0.1708092E+02
Si  0.6386054E+02  0.3659086E+01  0.1705443E+02
Si  0.6357050E+02  0.7273243E+00  0.1954870E+02
Si  0.6109547E+02  0.3695679E+01  0.1992990E+02
Si  0.3489354E+02  0.4725289E+01  0.1526271E+02
Si  0.4499981E+02  0.1885252E+02  0.2170203E+02
Si  0.3899783E+02  0.4384308E+01  0.3382006E+01
Si  0.4599366E+02  0.1679304E+02  0.4839629E+01
Si  0.4851906E+02  0.6347548E+01  0.1424963E+02
Si  0.4312821E+02  0.1302422E+02  0.4058986E+01
Si  0.4711312E+02  0.4346145E+01  0.1985186E+02
Si  0.5288985E+02  0.8535556E+01  0.1078561E+01
Si  0.4239014E+02  0.6410870E+01  0.4567127E+01
Si  0.5062008E+02  0.4425404E+01  0.1546812E+02
Si  0.5120549E+02  0.5943450E+01  0.1851275E+02
Si  0.4921827E+02  0.7823733E+01  0.1226367E+02
Si  0.4932622E+02  0.5979240E+01  0.1105711E+02
Si  0.5138075E+02  0.7184099E+01  0.1634038E+02
Si  0.5273334E+02  0.4375968E+01  0.6437535E+00
Si  0.4729410E+02  0.2861674E+01  0.1783408E+02
Si  0.5444954E+02  0.4587395E+01  0.1637235E+02
Si  0.5717105E+02  0.7649579E+01  0.1558156E+02
Si  0.5718752E+02  0.4838235E+01  0.1841922E+02
Si  0.5453283E+02  0.7738935E+01  0.1825741E+02
Si  0.5574183E+02  0.6303787E+01  0.1703970E+02
Si  0.5853652E+02  0.9030846E+01  0.1716168E+02
Si  0.5853386E+02  0.6326072E+01  0.1972349E+02
Si  0.5601114E+02  0.8757980E+01  0.1998297E+02
Si  0.5981453E+02  0.4922455E+01  0.1565912E+02
Si  0.6222518E+02  0.7448725E+01  0.1604063E+02
Si  0.6262077E+02  0.4981101E+01  0.1840019E+02
Si  0.5972300E+02  0.7384785E+01  0.1827562E+02
Si  0.6084010E+02  0.6010297E+01  0.1712202E+02
Si  0.6349428E+02  0.8762863E+01  0.1735853E+02
Si  0.6404460E+02  0.6069070E+01  0.1987065E+02
Si  0.6123749E+02  0.8833581E+01  0.1972072E+02
Si  0.4246959E+02  0.7796481E+01  0.5775881E+00
Si  0.4692049E+02  0.1500320E+02  0.2007727E+02
Si  0.4139892E+02  0.1467813E+02  0.5195008E+01
Si  0.4680544E+02  0.8737496E+01  0.3800556E+01
Si  0.4006752E+02  0.1680291E+02  0.1592214E+02
Si  0.3517122E+02  0.1236875E+02  0.1720737E+02
Si  0.4678553E+02  0.1154694E+02  0.1896618E+02
Si  0.3613750E+02  0.8331734E+01  0.8317235E+01
Si  0.4898276E+02  0.5520975E+01  0.8673919E+01
Si  0.4976433E+02  0.1310006E+02  0.1291397E+02
Si  0.4394477E+02  0.1155003E+02  0.1493434E+02
Si  0.3593546E+02  0.1181836E+02  0.6986729E+01
Si  0.5161839E+02  0.1600204E+02  0.1494021E+02
Si  0.4792757E+02  0.1381312E+02  0.1427058E+02
Si  0.5343360E+02  0.1110637E+02  0.1926259E+02
Si  0.4575569E+02  0.1368572E+02  0.1856399E+02
Si  0.5288498E+02  0.9034553E+01  0.1690875E+02
Si  0.5678536E+02  0.1307435E+02  0.1564706E+02
Si  0.5675999E+02  0.1048043E+02  0.1830206E+02
Si  0.4999834E+02  0.7819624E+01  0.1913503E+02
Si  0.5534474E+02  0.1192462E+02  0.1715879E+02
Si  0.5827195E+02  0.1440553E+02  0.1717115E+02
Si  0.5827376E+02  0.1187684E+02  0.1969216E+02
Si  0.5583368E+02  0.1480972E+02  0.2009529E+02
Si  0.5974349E+02  0.1033158E+02  0.1593904E+02
Si  0.6229377E+02  0.1312029E+02  0.1562648E+02
Si  0.6261788E+02  0.1059931E+02  0.1871891E+02
Si  0.5978446E+02  0.1323958E+02  0.1842495E+02
Si  0.6133989E+02  0.1181490E+02  0.1729383E+02
Si  0.6374502E+02  0.1443336E+02  0.1687282E+02
Si  0.6376695E+02  0.1182927E+02  0.2010776E+02
Si  0.6092669E+02  0.1474641E+02  0.2001949E+02
Si  0.4566864E+02  0.1355732E+02  0.1330544E+01
Si  0.5076599E+02  0.1374520E+02  0.4021230E+01
Si  0.4605480E+02  0.8127451E+01  0.2054783E+02
Si  0.5404904E+02  0.1307729E+02  0.5209093E+01
Si  0.5278033E+02  0.1997222E+02  0.1411303E+01
Si  0.4362374E+02  0.2033038E+02  0.1837300E+02
Si  0.5074463E+02  0.4743127E+01  0.5047473E+01
Si  0.4569872E+02  0.6075341E+01  0.5477464E+01
Si  0.4802998E+02  0.1078145E+02  0.1151560E+02
Si  0.5412329E+02  0.1347414E+02  0.1850226E+02
Si  0.5555854E+02  0.1454578E+02  0.1409420E+02
Si  0.5046365E+02  0.1965816E+02  0.1764221E+01
Si  0.4899354E+02  0.1291916E+02  0.1774320E+02
Si  0.5467067E+02  0.1942329E+02  0.1770324E+02
Si  0.5020955E+02  0.1376770E+02  0.4598886E+00
Si  0.4355423E+02  0.1834149E+02  0.9758086E+01
Si  0.5682021E+02  0.1589258E+02  0.1825220E+02
Si  0.5721182E+02  0.1854523E+02  0.1565219E+02
Si  0.5540214E+02  0.1752000E+02  0.1702021E+02
Si  0.5268782E+02  0.1933340E+02  0.1901178E+02
Si  0.5229068E+02  0.1503736E+02  0.1797827E+02
Si  0.5850419E+02  0.1991680E+02  0.1697213E+02
Si  0.5799394E+02  0.1739226E+02  0.1958946E+02
Si  0.5561666E+02  0.2081678E+02  0.1951038E+02
Si  0.5946849E+02  0.1577154E+02  0.1561091E+02
Si  0.6229817E+02  0.1836109E+02  0.1554336E+02
Si  0.6246425E+02  0.1584965E+02  0.1831372E+02
Si  0.5959840E+02  0.1849463E+02  0.1831242E+02
Si  0.6095999E+02  0.1723709E+02  0.1688655E+02
Si  0.6345870E+02  0.1979106E+02  0.1703389E+02
Si  0.6364085E+02  0.1727900E+02  0.1982513E+02
Si  0.6094684E+02  0.1951868E+02  0.1975644E+02
