         
  0.6515772E+02  0.0000000E+00  0.2171924E+02
  0.0000000E+00  0.0000000E+00  0.2171924E+02
  0.1409693E+00  0.1830633E+02  0.2095749E+02
  0.2938157E+01  0.2136936E+02  0.2090368E+02
  0.2731771E+01  0.1833262E+02  0.1917336E+01
  0.6513686E+02  0.2091495E+02  0.1771299E+01
  0.1593546E+01  0.1968072E+02  0.4150899E+00
  0.4043466E+01  0.1043030E+01  0.5344319E+00
  0.3856503E+01  0.1975849E+02  0.3455525E+01
  0.1177446E+01  0.7467897E+00  0.3291344E+01
  0.5583323E+01  0.1860377E+02  0.2084667E+02
  0.8120305E+01  0.1942581E+00  0.2147227E+02
  0.8210068E+01  0.1886211E+02  0.2116344E+01
  0.5350197E+01  0.2117154E+02  0.2046701E+01
  0.6729840E+01  0.2006026E+02  0.7013498E+00
  0.1100649E+02  0.6754373E+01  0.8758700E-01
  0.7590899E+01  0.2156987E+02  0.5050897E+01
  0.6567807E+01  0.9959313E+00  0.3336306E+01
  0.1245652E+02  0.1909126E+00  0.2008018E+02
  0.2229774E+02  0.9140595E+01  0.4437017E+01
  0.1988399E+02  0.2952526E+01  0.1185152E+02
  0.1234131E+02  0.8004497E+01  0.2034347E+02
  0.1358862E+02  0.1077712E+01  0.5666354E+01
  0.3411590E+02  0.1813183E+02  0.5137519E+01
  0.9153110E+01  0.5913673E+01  0.6215972E+01
  0.2999155E+02  0.6318198E+01  0.5106685E+01
  0.1721073E+02  0.3097467E+01  0.9330022E+01
  0.1668090E+02  0.9801373E+01  0.2170521E+02
  0.3090343E+02  0.1326171E+02  0.1840089E+02
  0.1183857E+02  0.1761002E+02  0.6543270E+01
  0.2160277E+02  0.1350695E+01  0.1126143E+02
  0.2867260E+02  0.6923963E+01  0.1920473E+02
  0.1360906E+02  0.1962519E+02  0.1989434E+02
  0.3383626E+02  0.5814501E+01  0.7988118E+01
  0.3005830E-01  0.2293806E+01  0.2106714E+02
  0.2422556E+01  0.5087384E+01  0.2114827E+02
  0.2566309E+01  0.2332065E+01  0.2221429E+01
  0.6499436E+02  0.5005625E+01  0.2066902E+01
  0.1265820E+01  0.3622055E+01  0.7626013E+00
  0.3875216E+01  0.6578561E+01  0.7657161E+00
  0.4179946E+01  0.3783080E+01  0.3376140E+01
  0.1211231E+01  0.6455974E+01  0.3398060E+01
  0.5694160E+01  0.2349913E+01  0.2120387E+02
  0.7241118E+01  0.5456364E+01  0.3304511E+00
  0.7230129E+01  0.3440309E+01  0.2651996E+01
  0.5469923E+01  0.5375186E+01  0.1983409E+01
  0.8230582E+01  0.2280194E+01  0.6493484E+00
  0.9474196E+01  0.4738567E+01  0.9508529E+00
  0.9203772E+01  0.1263801E+01  0.6049747E+01
  0.6908633E+01  0.6340901E+01  0.3613073E+01
  0.8910625E+01  0.7238623E+01  0.8902768E+00
  0.2730698E+02  0.1230936E+02  0.1341218E+02
  0.2184535E+02  0.1614527E+02  0.9308408E+01
  0.1378326E+02  0.1161865E+02  0.2479499E+01
  0.1582998E+02  0.1770150E+02  0.3831937E+01
  0.1129961E+02  0.1973681E+01  0.2546673E+01
  0.2216216E+02  0.8346981E+01  0.6918756E+00
  0.9230137E+01  0.1430445E+02  0.3279056E+01
  0.3259372E+02  0.3980284E+01  0.7300459E+01
  0.1891845E+02  0.1114293E+02  0.6838314E+01
  0.1679124E+02  0.8617550E+01  0.1047550E+02
  0.1800336E+02  0.1374453E+02  0.1618710E+02
  0.1804263E+02  0.1715458E+02  0.7280917E+01
  0.1575551E+02  0.1805588E+02  0.2004353E+02
  0.1600444E+02  0.5257319E+01  0.9437530E+01
  0.1260741E+02  0.1546926E+02  0.1717611E+02
  0.6477275E+02  0.7794977E+01  0.2119626E+02
  0.2559636E+01  0.1038044E+02  0.2083034E+02
  0.2318366E+01  0.7788750E+01  0.2113998E+01
  0.1736067E-01  0.1046179E+02  0.2101491E+01
  0.1099727E+01  0.9360471E+01  0.5960742E+00
  0.4047771E+01  0.1158509E+02  0.4513912E+00
  0.3915959E+01  0.9064738E+01  0.3306840E+01
  0.1245377E+01  0.1193920E+02  0.3587158E+01
  0.5297780E+01  0.7847422E+01  0.2082486E+02
  0.1846186E+02  0.1113775E+02  0.1875469E+02
  0.9725422E+01  0.1018189E+02  0.2559918E+01
  0.5375997E+01  0.1041334E+02  0.2018124E+01
  0.6657855E+01  0.8850818E+01  0.7700617E+00
  0.9418250E+01  0.1152910E+02  0.4925361E+00
  0.1332690E+02  0.1645299E+02  0.1175610E+02
  0.6868961E+01  0.1132770E+02  0.3433385E+01
  0.8088147E+01  0.1020477E+02  0.2093565E+02
  0.2067397E+02  0.9923021E+01  0.5695203E+01
  0.3078068E+02  0.6984627E+01  0.1093602E+02
  0.1371958E+02  0.1332962E+02  0.1653529E+02
  0.1435637E+02  0.1173720E+02  0.8596663E+01
  0.1936021E+02  0.1196235E+02  0.1119004E+02
  0.2476031E+02  0.3317101E+01  0.1546758E+02
  0.2753621E+02  0.8384957E+01  0.5601505E+01
  0.1344443E+02  0.5496080E+01  0.1450726E+02
  0.2799952E+02  0.5251066E+01  0.8192999E+01
  0.1950917E+02  0.1865410E+02  0.1231334E+02
  0.1412554E+02  0.9126584E+01  0.1388739E+02
  0.1992374E+02  0.8973160E+01  0.3631845E+01
  0.2911290E+02  0.2076091E+02  0.1653799E+02
  0.3918379E+02  0.1247853E+02  0.1307542E+02
  0.3735162E+02  0.3735514E+01  0.1714977E+02
  0.6501539E+02  0.1311295E+02  0.2103234E+02
  0.2695558E+01  0.1540029E+02  0.2103162E+02
  0.2748980E+01  0.1311342E+02  0.1937889E+01
  0.6509523E+02  0.1556892E+02  0.2014891E+01
  0.1267785E+01  0.1419421E+02  0.6905010E+00
  0.4076382E+01  0.1716342E+02  0.2895749E+00
  0.4123950E+01  0.1451621E+02  0.3256614E+01
  0.1270484E+01  0.1699716E+02  0.3358359E+01
  0.5334455E+01  0.1310076E+02  0.2065010E+02
  0.8902711E+01  0.1602928E+02  0.2083666E+02
  0.8008654E+01  0.1275582E+02  0.2026306E+01
  0.5437751E+01  0.1596325E+02  0.1877278E+01
  0.6615625E+01  0.1419641E+02  0.6786211E+00
  0.9709255E+01  0.1770253E+02  0.6596088E+00
  0.1541328E+02  0.2925155E+01  0.6233808E+01
  0.6767975E+01  0.1732975E+02  0.3377724E+01
  0.1532148E+02  0.1757242E+02  0.7411531E+01
  0.8585889E+01  0.1362804E+02  0.2105931E+02
  0.1228751E+02  0.1590204E+02  0.4900821E+01
  0.2270503E+02  0.1436085E+02  0.1754337E+02
  0.2130127E+02  0.1796352E+01  0.6978500E+01
  0.2372321E+02  0.2141035E+02  0.1304508E+02
  0.1808886E+02  0.4090528E+01  0.7192679E+01
  0.1107696E+02  0.2119906E+02  0.2178591E+01
  0.1959978E+02  0.1587700E+02  0.8555920E+01
  0.1432574E+02  0.4818454E+01  0.1107100E+02
  0.3434103E+02  0.1071472E+02  0.9342039E+01
  0.2512734E+02  0.1139796E+00  0.5439417E+01
  0.1543510E+02  0.1671871E+02  0.1571866E+02
  0.2370285E+02  0.9902174E+01  0.8255963E+01
  0.2411733E+02  0.2155740E+02  0.1625739E+02
  0.1046920E+02  0.2148021E+02  0.2152716E+02
  0.1273558E+00  0.1837875E+02  0.4664740E+01
  0.2497882E+01  0.2116245E+02  0.4812974E+01
  0.2696825E+01  0.1859551E+02  0.7786314E+01
  0.6012585E-01  0.2120595E+02  0.7728544E+01
  0.1181375E+01  0.1974925E+02  0.6271405E+01
  0.3879768E+01  0.9147671E+00  0.6181857E+01
  0.4153352E+01  0.1993884E+02  0.9296413E+01
  0.1149443E+01  0.8810567E+00  0.9027459E+01
  0.5118332E+01  0.1842455E+02  0.4870894E+01
  0.1186217E+02  0.3843915E+01  0.5151956E+01
  0.8065190E+01  0.1857522E+02  0.7325760E+01
  0.5036515E+01  0.2142926E+02  0.7576769E+01
  0.6505729E+01  0.1994371E+02  0.6177485E+01
  0.1697054E+02  0.7643072E+01  0.2050467E+02
  0.9548463E+01  0.1722084E+02  0.6176726E+01
  0.6553707E+01  0.9807254E+00  0.9087020E+01
  0.2381659E+02  0.2090236E+02  0.3588402E+01
  0.2487623E+02  0.9748721E+01  0.9268569E+00
  0.1739668E+02  0.3458747E+01  0.1522199E+02
  0.1305864E+02  0.7311415E+01  0.5936400E+01
  0.1203960E+02  0.1170354E+02  0.1575398E+02
  0.1911493E+02  0.1679519E+02  0.1073640E+02
  0.2053990E+02  0.1868666E+02  0.5193939E+01
  0.2026532E+02  0.2033714E+02  0.1050452E+02
  0.1609633E+02  0.1723883E+02  0.1322354E+02
  0.2304560E+02  0.8939225E+01  0.1636343E+02
  0.1282446E+02  0.2004346E+02  0.1690953E+02
  0.1068920E+02  0.7490327E+01  0.5198648E+01
  0.1604939E+02  0.1225691E+02  0.1602604E+02
  0.2298051E+02  0.4583790E+01  0.1867529E+01
  0.1872734E+02  0.1743789E+02  0.1438731E+02
  0.1181865E+02  0.7206287E+01  0.9328905E+01
  0.6120373E-02  0.2147849E+01  0.4545639E+01
  0.2846991E+01  0.5208670E+01  0.4729897E+01
  0.2584693E+01  0.2211490E+01  0.7593506E+01
  0.3641292E-01  0.5000237E+01  0.7221192E+01
  0.1485957E+01  0.3621303E+01  0.5906673E+01
  0.4016871E+01  0.6592417E+01  0.6093223E+01
  0.3962520E+01  0.3644695E+01  0.8807768E+01
  0.1421421E+01  0.6538581E+01  0.8454926E+01
  0.5152022E+01  0.2296990E+01  0.4759053E+01
  0.8396581E+01  0.3902480E+01  0.2044321E+02
  0.6557798E+01  0.3402356E+01  0.6077432E+01
  0.5170309E+01  0.4852608E+01  0.7457094E+01
  0.8093426E+01  0.2298744E+01  0.7649911E+01
  0.1793509E+02  0.4300561E+01  0.1225922E+02
  0.1144096E+02  0.1783092E+02  0.1150963E+02
  0.6398513E+01  0.6592217E+01  0.8517510E+01
  0.1716184E+02  0.1877100E+02  0.8835607E+01
  0.8983635E+01  0.7790914E+01  0.3332077E+01
  0.1453342E+02  0.7727913E+01  0.2072025E+02
  0.1313548E+02  0.4449687E+01  0.7270935E+01
  0.9421964E+01  0.2034611E+02  0.3711833E+01
  0.1028804E+02  0.8501456E+01  0.1060642E+02
  0.1797816E+02  0.1172997E+02  0.9015048E+01
  0.1888341E+02  0.7458805E+01  0.2686953E+00
  0.1331237E+02  0.2052192E+02  0.9300450E+01
  0.1909483E+02  0.1183754E+01  0.1312923E+02
  0.2368909E+02  0.4596437E+01  0.8495610E+01
  0.3469859E+02  0.1285111E+01  0.1113443E+02
  0.2815678E+02  0.3211216E+01  0.3146187E+01
  0.1330118E+02  0.1507968E+02  0.9904299E+01
  0.2403158E+02  0.7417161E+01  0.3719198E+01
  0.1311437E+02  0.1275686E+02  0.1044386E+02
  0.6508534E+02  0.7770728E+01  0.4801524E+01
  0.2666097E+01  0.1054486E+02  0.4924549E+01
  0.2821059E+01  0.7863503E+01  0.7544672E+01
  0.3153373E-01  0.1044647E+02  0.7321871E+01
  0.1337374E+01  0.9077534E+01  0.6158307E+01
  0.4218465E+01  0.1183556E+02  0.6202280E+01
  0.4131248E+01  0.9287259E+01  0.8762981E+01
  0.1300847E+01  0.1189422E+02  0.8538896E+01
  0.5436834E+01  0.7815029E+01  0.4624683E+01
  0.8733391E+01  0.1051494E+02  0.4828840E+01
  0.7936777E+01  0.4490749E+01  0.4692084E+01
  0.5443487E+01  0.1058935E+02  0.7447623E+01
  0.6903206E+01  0.9274647E+01  0.5897436E+01
  0.7899843E+01  0.1340805E+02  0.7283735E+01
  0.8010218E+01  0.7969230E+01  0.7429545E+01
  0.6870701E+01  0.1189782E+02  0.8782732E+01
  0.1399942E+02  0.9006350E+01  0.4319217E+01
  0.1530185E+02  0.5287544E+01  0.6941334E+01
  0.1634507E+02  0.1061598E+02  0.1797727E+02
  0.2121190E+02  0.4184904E+01  0.1696356E+02
  0.1886127E+02  0.1846264E+02  0.1735255E+02
  0.1379675E+02  0.1515291E+02  0.1343405E+02
  0.2970845E+02  0.6640104E+01  0.7598159E+01
  0.1631120E+02  0.1445177E+02  0.2075732E+02
  0.1798035E+02  0.2918649E+01  0.5040199E+01
  0.2158435E+02  0.1784065E+02  0.1336321E+02
  0.3369399E+02  0.1406755E+02  0.3796056E+01
  0.2217806E+02  0.1642267E+02  0.1656303E+02
  0.2102932E+02  0.1566738E+02  0.2082406E+02
  0.3537434E+02  0.9342316E+01  0.1750546E+01
  0.3291259E+02  0.1249410E+02  0.1886971E+02
  0.3004773E+02  0.9799933E+01  0.1952696E+02
  0.2178786E+00  0.1323557E+02  0.5099988E+01
  0.2763005E+01  0.1592903E+02  0.4529926E+01
  0.3067697E+01  0.1338726E+02  0.7535972E+01
  0.1744518E+00  0.1572152E+02  0.7701570E+01
  0.1620084E+01  0.1457310E+02  0.6189418E+01
  0.3690034E+01  0.1717484E+02  0.6317018E+01
  0.4276713E+01  0.1451518E+02  0.9025172E+01
  0.1423316E+01  0.1706091E+02  0.9073361E+01
  0.5536587E+01  0.1309841E+02  0.4527753E+01
  0.1777428E+02  0.1250290E+02  0.3578205E+01
  0.9069501E+01  0.1481892E+02  0.8765612E+01
  0.5285320E+01  0.1627192E+02  0.7821366E+01
  0.6361618E+01  0.1481124E+02  0.6073072E+01
  0.8166106E+01  0.1583289E+02  0.4772082E+01
  0.8288114E+01  0.1604545E+02  0.1075390E+02
  0.7269407E+01  0.1706170E+02  0.8779029E+01
  0.1865115E+02  0.1368971E+02  0.6733293E+01
  0.1252631E+02  0.8274900E+00  0.7848714E+01
  0.1789618E+02  0.9085328E+01  0.1991838E+01
  0.1630647E+02  0.1542329E+02  0.7010758E+01
  0.9288144E+01  0.1172966E+02  0.1128147E+02
  0.2487075E+02  0.1445536E+02  0.1198805E+02
  0.2577965E+02  0.6055432E+01  0.1048746E+02
  0.1667599E+02  0.2128276E+02  0.1870376E+02
  0.1979807E+02  0.3973258E+01  0.1875981E+02
  0.2343939E+02  0.1785243E+02  0.1813743E+02
  0.1929659E+02  0.3290695E+01  0.9711098E+01
  0.1983320E+02  0.9679340E+01  0.1750838E+02
  0.1162507E+02  0.1815478E+02  0.1946390E+02
  0.9551636E+01  0.9482728E+01  0.8329894E+01
  0.1298954E+02  0.1135703E+02  0.6635979E+01
  0.9210143E+01  0.1980157E+02  0.8747534E+01
  0.1190974E+00  0.1843710E+02  0.1053566E+02
  0.2561503E+01  0.2116178E+02  0.1039040E+02
  0.3017253E+01  0.1857824E+02  0.1322052E+02
  0.6501909E+02  0.2126117E+02  0.1284227E+02
  0.1546380E+01  0.1970604E+02  0.1188040E+02
  0.3800235E+01  0.1072421E+01  0.1186619E+02
  0.4274871E+01  0.2012828E+02  0.1432827E+02
  0.1127321E+01  0.8004739E+00  0.1430989E+02
  0.5707653E+01  0.1809873E+02  0.1027230E+02
  0.8112903E+01  0.2144979E+02  0.1011572E+02
  0.7589370E+01  0.1846836E+02  0.1329710E+02
  0.5354786E+01  0.2135900E+02  0.1282291E+02
  0.6798950E+01  0.2006196E+02  0.1153069E+02
  0.1463624E+02  0.5530390E+01  0.4550319E+01
  0.8981086E+01  0.1505246E+02  0.1404040E+02
  0.6417811E+01  0.8323694E+00  0.1453681E+02
  0.9308717E+01  0.1688168E+02  0.1259337E+02
  0.1971378E+02  0.1978704E+01  0.2107974E+02
  0.1890322E+02  0.1070298E+02  0.2122379E+02
  0.1675767E+02  0.1763492E+02  0.1094158E+02
  0.1276895E+02  0.1691029E+02  0.2485202E+01
  0.2054657E+02  0.8552154E+01  0.1163360E+02
  0.9662777E+01  0.9204334E+00  0.1150860E+02
  0.1559906E+02  0.1973891E+02  0.1463255E+02
  0.4050382E+02  0.2704826E+01  0.3380510E+00
  0.1427752E+02  0.2885905E+01  0.1991277E+02
  0.1695280E+02  0.1222183E+02  0.5843680E+01
  0.1790910E+02  0.8654286E+01  0.1271219E+02
  0.2419586E+02  0.1807672E+02  0.9932366E+01
  0.2236452E+02  0.1726907E+02  0.1140055E+02
  0.2623902E+02  0.8043949E+01  0.9345203E+01
  0.1159141E+02  0.9519263E+01  0.1863301E+02
  0.6514084E+02  0.2419601E+01  0.1038905E+02
  0.2532253E+01  0.5157474E+01  0.9957555E+01
  0.2252239E+01  0.2315767E+01  0.1288773E+02
  0.6469756E+02  0.5048603E+01  0.1291078E+02
  0.1215054E+01  0.3928150E+01  0.1160167E+02
  0.3829120E+01  0.6758552E+01  0.1142885E+02
  0.3658409E+01  0.3709973E+01  0.1445176E+02
  0.9447872E+00  0.6553379E+01  0.1413728E+02
  0.5016414E+01  0.2168650E+01  0.1016624E+02
  0.7607797E+01  0.5239210E+01  0.1000497E+02
  0.7827046E+01  0.2025277E+01  0.1281732E+02
  0.4876076E+01  0.4707187E+01  0.1240449E+02
  0.6614926E+01  0.3504991E+01  0.1129833E+02
  0.9092189E+01  0.6617935E+01  0.1132009E+02
  0.9152358E+01  0.3910076E+01  0.1377765E+02
  0.6129836E+01  0.6113709E+01  0.1404925E+02
  0.1056708E+02  0.2880977E+01  0.1050952E+02
  0.1993199E+02  0.2945578E+01  0.1527597E+02
  0.1554904E+02  0.9202501E-01  0.3748551E+01
  0.1058141E+02  0.4889587E+01  0.1195456E+02
  0.1199671E+02  0.9501481E+01  0.5430820E+01
  0.2088345E+02  0.4034825E+01  0.5253947E+00
  0.1049208E+02  0.7244412E+01  0.1502673E+02
  0.1616913E+02  0.1489277E+02  0.1478131E+01
  0.1016400E+02  0.1977885E+02  0.1861796E+02
  0.1151684E+02  0.1434028E+02  0.5247852E+00
  0.2231077E+02  0.5564289E+01  0.1411915E+02
  0.1116512E+02  0.1335758E+02  0.4505670E+01
  0.2765371E+02  0.3394562E+01  0.1139100E+02
  0.1093507E+02  0.5427582E+01  0.7741795E+01
  0.1426104E+02  0.5296071E+01  0.2019897E+02
  0.1998489E+02  0.5094134E+01  0.8314275E+01
  0.6494226E+02  0.7542964E+01  0.1005584E+02
  0.2535841E+01  0.1050453E+02  0.9864704E+01
  0.2018140E+01  0.7803152E+01  0.1279468E+02
  0.6490771E+02  0.1054783E+02  0.1269890E+02
  0.1003614E+01  0.9238848E+01  0.1120978E+02
  0.3860254E+01  0.1197946E+02  0.1130971E+02
  0.3638737E+01  0.9072477E+01  0.1390977E+02
  0.1141632E+01  0.1146093E+02  0.1441937E+02
  0.5227634E+01  0.7797944E+01  0.9992561E+01
  0.8025909E+01  0.1017652E+02  0.1001095E+02
  0.7587899E+01  0.7424886E+01  0.1273792E+02
  0.5216000E+01  0.1061233E+02  0.1278932E+02
  0.6567799E+01  0.9107963E+01  0.1131651E+02
  0.1040191E+02  0.9768343E+01  0.1251589E+02
  0.9063164E+01  0.8637993E+01  0.1396888E+02
  0.6985470E+01  0.1160828E+02  0.1428954E+02
  0.2877241E+02  0.1266418E+02  0.4262058E+01
  0.1320545E+02  0.2390326E+01  0.9411316E+00
  0.2622261E+02  0.1152924E+01  0.1012262E+01
  0.1524900E+02  0.1216492E+02  0.1181671E+02
  0.2319098E+02  0.1877629E+02  0.2039742E+02
  0.2164749E+02  0.1073386E+02  0.5384117E+00
  0.9790590E+01  0.2729995E+01  0.4254738E+01
  0.1660094E+02  0.2433092E+01  0.1882669E+02
  0.1549046E+02  0.7135014E+01  0.2756488E+01
  0.3534023E+02  0.9722478E+00  0.7837942E+01
  0.3188261E+02  0.1089127E+02  0.2044764E+02
  0.1438360E+02  0.7696538E+01  0.1719289E+02
  0.4121186E+02  0.8212624E+01  0.1990831E+02
  0.3340344E+02  0.7199132E+01  0.4077206E+01
  0.4225055E+02  0.1316265E+02  0.2054737E+02
  0.1493377E+02  0.2403835E+01  0.3900870E+01
  0.3753225E+00  0.1301209E+02  0.1024876E+02
  0.2771850E+01  0.1574700E+02  0.1049386E+02
  0.2722502E+01  0.1267641E+02  0.1303095E+02
  0.6512393E+02  0.1601358E+02  0.1311117E+02
  0.1374290E+01  0.1440816E+02  0.1202827E+02
  0.4120875E+01  0.1716170E+02  0.1172218E+02
  0.3881473E+01  0.1404593E+02  0.1425279E+02
  0.1512210E+01  0.1719330E+02  0.1449523E+02
  0.5634082E+01  0.1323662E+02  0.1012813E+02
  0.1045290E+02  0.2139657E+02  0.7354315E+01
  0.8026250E+01  0.1295320E+02  0.1290288E+02
  0.5310599E+01  0.1564622E+02  0.1310527E+02
  0.6827224E+01  0.1450426E+02  0.1164022E+02
  0.2610213E+02  0.1965634E+02  0.1506513E+01
  0.1314612E+02  0.1687991E+02  0.1509790E+02
  0.6537111E+01  0.1697312E+02  0.1435363E+02
  0.1464253E+02  0.1851984E+02  0.1897260E+01
  0.2537522E+02  0.1649022E+02  0.1777481E+02
  0.1897227E+02  0.8752519E+01  0.7142227E+01
  0.1288679E+02  0.1795364E+02  0.1734055E+02
  0.1563747E+02  0.1559618E+02  0.9600553E+01
  0.2386153E+02  0.1761939E+02  0.4060785E+01
  0.2357318E+02  0.1150707E+02  0.2112718E+02
  0.1137539E+02  0.1413222E+02  0.1425184E+02
  0.1119919E+02  0.1909513E+02  0.9653602E+01
  0.2681058E+02  0.8325116E+01  0.2168853E+02
  0.9229062E+01  0.1948016E+02  0.1505248E+02
  0.2227211E+02  0.1484900E+02  0.1220188E+02
  0.1456993E+02  0.2529535E+01  0.1329102E+02
  0.2198006E+02  0.1373076E+02  0.8657957E+01
  0.2023732E+02  0.3399642E+01  0.5058080E+01
  0.2018949E+02  0.1969305E+01  0.3127900E+01
  0.6939789E-01  0.1828445E+02  0.1566079E+02
  0.2557222E+01  0.2127398E+02  0.1567387E+02
  0.2823614E+01  0.1837653E+02  0.1834490E+02
  0.4436555E-01  0.2108813E+02  0.1846501E+02
  0.1326047E+01  0.1970890E+02  0.1701945E+02
  0.3717230E+01  0.8939225E+00  0.1713687E+02
  0.4182172E+01  0.1975590E+02  0.1947077E+02
  0.1277780E+01  0.8879674E+00  0.1979624E+02
  0.5485646E+01  0.1842702E+02  0.1574801E+02
  0.8148646E+01  0.2142743E+02  0.1593454E+02
  0.7992178E+01  0.1856220E+02  0.1866684E+02
  0.5450784E+01  0.2121825E+02  0.1839954E+02
  0.6786166E+01  0.1989974E+02  0.1726730E+02
  0.2024861E+02  0.7535572E+01  0.1900256E+02
  0.9649279E+01  0.1249550E+01  0.1707748E+02
  0.6642538E+01  0.1013988E+01  0.1967992E+02
  0.1956725E+02  0.8158687E+00  0.9955756E+01
  0.1505041E+02  0.1481473E+01  0.2167163E+02
  0.3761316E+02  0.3766812E+01  0.2681483E+01
  0.2540358E+02  0.6594699E+01  0.1292909E+02
  0.1810709E+02  0.1709272E+02  0.3344322E+01
  0.1581620E+02  0.1926681E+02  0.5769796E+01
  0.1149206E+02  0.1924219E+02  0.2170333E+02
  0.1240598E+02  0.3760905E+01  0.1592730E+02
  0.1993403E+02  0.5433851E+01  0.3766264E+01
  0.1413894E+02  0.9739900E+01  0.1855397E+02
  0.2165645E+02  0.2017788E+02  0.8457717E+01
  0.2474463E+02  0.1242892E+02  0.2474390E+01
  0.1303869E+02  0.1295211E+02  0.1283390E+02
  0.4772798E+02  0.1109874E+02  0.2158374E+02
  0.2171588E+02  0.3326042E+01  0.8776888E+01
  0.1671786E+02  0.3519657E+01  0.2981521E+01
  0.6488609E+02  0.2161951E+01  0.1605716E+02
  0.2008167E+01  0.4940480E+01  0.1552373E+02
  0.2695775E+01  0.2116075E+01  0.1876691E+02
  0.6505044E+02  0.4919046E+01  0.1842674E+02
  0.1272561E+01  0.3512552E+01  0.1735961E+02
  0.3627578E+01  0.6001549E+01  0.1679124E+02
  0.3990011E+01  0.3629371E+01  0.1998573E+02
  0.1086385E+01  0.6406617E+01  0.1969372E+02
  0.4976581E+01  0.2203411E+01  0.1585372E+02
  0.7479797E+01  0.4951444E+01  0.1539747E+02
  0.8090000E+01  0.2345433E+01  0.1851511E+02
  0.5087292E+01  0.4825754E+01  0.1828049E+02
  0.6580968E+01  0.3388674E+01  0.1699385E+02
  0.1441628E+02  0.6027141E+01  0.9228644E+00
  0.1092012E+02  0.4724290E+01  0.1767610E+02
  0.6557389E+01  0.6263266E+01  0.1956894E+02
  0.1843336E+02  0.2099458E+02  0.1195599E+02
  0.1828856E+02  0.1798860E+02  0.2670820E+00
  0.1202466E+02  0.1854288E+02  0.1365093E+02
  0.1234981E+02  0.1782266E+01  0.1422106E+02
  0.2481220E+02  0.9581272E+01  0.1461639E+02
  0.1138595E+02  0.1222371E+02  0.2097606E+02
  0.1738725E+02  0.2555299E+01  0.2110906E+02
  0.9283027E+01  0.5865852E+01  0.1652384E+02
  0.2384143E+02  0.1956120E+01  0.4129640E+01
  0.2416825E+02  0.1989706E+02  0.8354475E+01
  0.1449581E+02  0.1046309E+02  0.2096000E+02
  0.2641306E+02  0.3856368E+01  0.9332024E+01
  0.2007592E+02  0.9171593E+01  0.1387373E+02
  0.1154010E+02  0.7877041E+01  0.1696479E+02
  0.1811344E+02  0.6550292E+01  0.1000740E+02
  0.2958421E+02  0.1839016E+02  0.5981397E+01
  0.6477318E+02  0.7702408E+01  0.1558792E+02
  0.2659151E+01  0.1030296E+02  0.1546458E+02
  0.2559002E+01  0.7356825E+01  0.1821441E+02
  0.6504287E+02  0.1015370E+02  0.1825078E+02
  0.1213627E+01  0.8888124E+01  0.1682308E+02
  0.4118871E+01  0.1159507E+02  0.1691370E+02
  0.3840736E+01  0.9023877E+01  0.1935535E+02
  0.1227218E+01  0.1163196E+02  0.1952192E+02
  0.4962793E+01  0.7415808E+01  0.1530515E+02
  0.8362499E+01  0.9978466E+01  0.1557857E+02
  0.8366112E+01  0.7464932E+01  0.1818858E+02
  0.5628910E+01  0.1021541E+02  0.1811511E+02
  0.6676763E+01  0.8549778E+01  0.1677859E+02
  0.8781527E+01  0.1265871E+02  0.1816784E+02
  0.9613061E+01  0.8994479E+01  0.1953024E+02
  0.6944270E+01  0.1185034E+02  0.1946240E+02
  0.1139081E+02  0.1497170E+02  0.8355941E+01
  0.1573634E+02  0.2074845E+02  0.9035578E+01
  0.2183099E+02  0.2094037E+02  0.1590966E+02
  0.1348959E+02  0.1244231E+02  0.3584222E+00
  0.1714618E+02  0.5674852E+01  0.1437465E+02
  0.1767257E+02  0.9058574E+01  0.1649691E+02
  0.1906449E+02  0.1350619E+02  0.1844022E+02
  0.2943741E+02  0.9768291E+01  0.1574286E+02
  0.1157562E+02  0.2166788E+02  0.1286368E+02
  0.2573804E+02  0.9267521E+01  0.4112404E+01
  0.2739832E+02  0.7604942E+01  0.1394918E+02
  0.2079983E+02  0.1353555E+02  0.1060263E+02
  0.2357476E+02  0.9996683E+01  0.1058867E+02
  0.1232910E+02  0.6091086E+01  0.1132996E+02
  0.3076380E+02  0.2820591E+01  0.1871431E+02
  0.2131381E+02  0.1054686E+02  0.1111920E+02
  0.6515733E+02  0.1294153E+02  0.1578733E+02
  0.2839069E+01  0.1555383E+02  0.1562425E+02
  0.2574996E+01  0.1280030E+02  0.1793805E+02
  0.6514521E+02  0.1585072E+02  0.1830875E+02
  0.1334446E+01  0.1439105E+02  0.1705177E+02
  0.4153873E+01  0.1710184E+02  0.1698903E+02
  0.3785838E+01  0.1422747E+02  0.1947252E+02
  0.1598709E+01  0.1690232E+02  0.1967535E+02
  0.5241935E+01  0.1295505E+02  0.1565520E+02
  0.7913350E+01  0.1600145E+02  0.1610006E+02
  0.1041233E+02  0.1369943E+02  0.1945874E+02
  0.5350744E+01  0.1561498E+02  0.1862674E+02
  0.6754279E+01  0.1410128E+02  0.1719773E+02
  0.9310951E+01  0.1792968E+02  0.1683014E+02
  0.9913739E+01  0.1309847E+02  0.1591507E+02
  0.6656164E+01  0.1704376E+02  0.1984733E+02
  0.1224387E+02  0.1078349E+02  0.1352094E+02
  0.1384309E+02  0.1630816E+02  0.2033548E+02
  0.1484187E+02  0.7594592E+01  0.9318303E+01
  0.1059510E+02  0.2413464E+01  0.1508629E+02
  0.2749893E+02  0.6500920E+01  0.1171029E+01
  0.2144852E+02  0.2026811E+02  0.1975659E+02
  0.2706487E+02  0.4363690E+01  0.1566722E+02
  0.2160057E+02  0.1325639E+02  0.1716471E+01
  0.1101193E+02  0.1140499E+02  0.7954542E+01
  0.1136367E+02  0.2040991E+02  0.1486893E+02
  0.1535798E+02  0.7066397E+01  0.1512576E+02
  0.1998082E+02  0.1595074E+01  0.1873769E+02
  0.1783041E+02  0.8310397E+01  0.4895039E+01
  0.2085819E+02  0.9395366E+01  0.2044565E+02
  0.1821813E+02  0.1403800E+02  0.9206409E+01
  0.1827376E+02  0.1530322E+02  0.1982850E+02
  0.4073508E+02  0.1768164E+02  0.9136668E+01
  0.4095267E+02  0.2856369E+01  0.1319746E+02
  0.2362213E+02  0.1463415E+02  0.1401551E+02
  0.3186762E+02  0.8322830E+01  0.1974323E+02
  0.4397185E+02  0.1173569E+02  0.2837014E+01
  0.4271244E+02  0.4612053E+01  0.1942455E+02
  0.4944859E+02  0.7273162E+00  0.1556417E+02
  0.4083551E+02  0.1658987E+02  0.1990990E+02
  0.4404926E+02  0.6249447E+01  0.3225885E+01
  0.2400713E+02  0.1315955E+02  0.7168797E+01
  0.2146418E+02  0.1086784E+02  0.1612295E+02
  0.3738564E+02  0.1001587E+02  0.1208940E+02
  0.3240458E+02  0.3975887E+01  0.1987285E+02
  0.4502936E+02  0.9177668E+01  0.2040909E+02
  0.3446025E+02  0.5151742E+01  0.1181880E+02
  0.3973904E+02  0.2015257E+02  0.5795726E+01
  0.2861413E+02  0.8131006E+01  0.9237423E+01
  0.3920028E+02  0.2009914E+02  0.8993894E+01
  0.4342381E+02  0.2480761E+01  0.1766716E+02
  0.1208988E+02  0.1722140E+02  0.8823054E+01
  0.3487270E+02  0.1122633E+02  0.1549856E+02
  0.3557257E+02  0.5079394E+01  0.2368114E+01
  0.3096718E+02  0.1053478E+02  0.1064176E+02
  0.1790534E+02  0.1780115E+02  0.1954569E+02
  0.4729792E+02  0.1373662E+02  0.2035186E+02
  0.1507896E+02  0.2102773E+02  0.1660779E+02
  0.3116833E+02  0.1247537E+02  0.1218631E+02
  0.3793864E+02  0.2086383E+02  0.4077955E+01
  0.2451336E+02  0.1452559E+02  0.2101785E+02
  0.3511126E+02  0.1315352E+02  0.6811099E+01
  0.4674462E+02  0.2101248E+02  0.2092776E+02
  0.3390953E+02  0.6535611E+01  0.1664111E+02
  0.3535829E+02  0.5736247E+01  0.4757355E+01
  0.3738598E+02  0.9612802E+01  0.2104319E+02
  0.3752781E+02  0.2483972E+01  0.1439880E+02
  0.2268469E+02  0.2091245E+02  0.1347326E+01
  0.5285728E+02  0.5456217E+01  0.5212938E+01
  0.2464508E+02  0.1808358E+02  0.1228449E+02
  0.2874608E+02  0.1400396E+02  0.1349641E+02
  0.3415259E+02  0.4737175E+01  0.1816045E+02
  0.4332181E+02  0.2656307E+00  0.3977480E+01
  0.5310725E+02  0.8086344E+01  0.1726369E+01
  0.2619027E+02  0.1608622E+02  0.6963646E+01
  0.2858944E+02  0.5678205E+01  0.1160623E+02
  0.3714435E+02  0.8057743E+01  0.1355739E+02
  0.2875295E+02  0.9761776E+01  0.2233007E+00
  0.1998319E+02  0.1980619E+00  0.7915946E+01
  0.3200625E+02  0.3110762E+01  0.3576609E+01
  0.3854062E+02  0.7677885E+01  0.5843426E+01
  0.4006889E+02  0.7088208E+01  0.1148788E+02
  0.4093332E+02  0.1169943E+02  0.4399457E+00
  0.2026153E+02  0.1294018E+02  0.1537190E+02
  0.3315386E+02  0.1145143E+01  0.1458843E+02
  0.1835304E+02  0.2225507E+01  0.1612194E+01
  0.3490484E+02  0.1040252E+01  0.1809273E+02
  0.2822093E+02  0.1659880E+02  0.2001770E+01
  0.2554596E+02  0.2394840E+01  0.1201468E+02
  0.4623711E+02  0.6963338E+01  0.4538480E+00
  0.3572568E+02  0.3815868E+01  0.1534744E+02
  0.3290715E+02  0.2017525E+02  0.6353113E+01
  0.2301044E+02  0.1958751E+02  0.1441198E+02
  0.3533958E+02  0.1007771E+02  0.4972156E+01
  0.1658208E+02  0.7071911E+01  0.1731024E+02
  0.4816951E+02  0.1629552E+02  0.1548996E+02
  0.2689618E+02  0.2893145E+01  0.6979526E+01
  0.2426646E+02  0.8615290E+01  0.1257273E+02
  0.2122893E+02  0.1867423E+02  0.1688317E+02
  0.1457560E+02  0.1582188E+02  0.5067108E+01
  0.2748214E+02  0.1731869E+02  0.1825567E+02
  0.2040493E+02  0.5891429E+01  0.2053350E+02
  0.4129483E+02  0.1848402E+02  0.1153294E+02
  0.3026349E+02  0.3921118E+01  0.7262930E+00
  0.4280144E+02  0.3977457E+01  0.1190447E+02
  0.2248105E+02  0.7063575E+01  0.1216685E+02
  0.2459262E+02  0.2399668E+01  0.9754061E+01
  0.1821127E+02  0.1505390E+02  0.1434770E+02
  0.2117298E+02  0.1502388E+02  0.6034830E+01
  0.4007311E+02  0.3478336E+01  0.7955924E+01
  0.3604831E+02  0.1522506E+02  0.6385587E+01
  0.3649297E+02  0.1625642E+02  0.9112754E+01
  0.3121639E+02  0.1681564E+02  0.1883445E+02
  0.2288700E+02  0.2107616E+02  0.1098742E+02
  0.3090566E+02  0.1283665E+02  0.9519401E+01
  0.3113684E+02  0.1235575E+02  0.3686725E+01
  0.4148566E+02  0.6684402E+01  0.3577267E+01
  0.2594843E+02  0.4750861E+01  0.9653513E+00
  0.2623272E+02  0.1431193E+02  0.8791192E+01
  0.3666091E+02  0.4028873E+01  0.1110580E+02
  0.9833546E+01  0.1225664E+02  0.6124253E+01
  0.4076724E+02  0.5648855E+01  0.8513514E+01
  0.4712552E+02  0.8881667E+01  0.2104793E+02
  0.3417678E+02  0.9628636E+01  0.7131516E+01
  0.3860043E+02  0.9813109E+00  0.1982676E+02
  0.4936550E+02  0.2506009E+01  0.7568968E+01
  0.3754449E+02  0.1770974E+01  0.6818295E+01
  0.1853455E+02  0.7511770E+01  0.1504551E+02
  0.2297398E+02  0.2983702E+01  0.5903376E+01
  0.2172049E+02  0.2065182E+02  0.4997569E+01
  0.1637988E+02  0.2139432E+02  0.1323152E+02
  0.2862907E+02  0.1870356E+02  0.1339853E+02
  0.3330351E+02  0.9183451E+01  0.2704488E+01
  0.2777844E+02  0.3776433E+00  0.1526994E+02
  0.2387762E+02  0.1191347E+01  0.7940768E+00
  0.2596836E+02  0.7943626E+01  0.1963742E+02
  0.3527546E+02  0.1101229E+02  0.1146283E+02
  0.2779594E+02  0.2307922E+01  0.1668789E+02
  0.4562400E+02  0.2425093E+01  0.1213591E+02
  0.3988531E+02  0.1333912E+02  0.1926979E+01
  0.4265433E+02  0.1292084E+02  0.1051692E+02
  0.2432417E+02  0.4411391E+01  0.1333842E+02
  0.2399570E+02  0.6708729E+01  0.1687042E+02
  0.5116583E+02  0.1904172E+02  0.2034350E+02
  0.2190290E+02  0.1805681E+02  0.7813194E+01
  0.3041264E+02  0.7926482E+01  0.6546910E-01
  0.2706946E+02  0.2008492E+02  0.1415428E+02
  0.2876606E+02  0.1485932E+01  0.1059276E+02
  0.3832438E+02  0.1760893E+02  0.8740038E+01
  0.1810212E+02  0.2021039E+02  0.1127425E+01
  0.4724493E+02  0.1894503E+02  0.1319625E+02
  0.4876351E+02  0.1830571E+02  0.2710545E+01
  0.2659486E+02  0.1094494E+02  0.2375200E+01
  0.4481574E+02  0.4772862E+01  0.1169884E+02
  0.2471690E+02  0.1192678E+02  0.1528792E+02
  0.3888064E+02  0.8410699E+01  0.1642894E+02
  0.3885011E+02  0.2234966E+01  0.4288390E+01
  0.2622257E+02  0.1616800E+02  0.1207600E+02
  0.2202047E+02  0.3762604E+01  0.2014501E+02
  0.2155450E+02  0.6538303E+01  0.1772723E+02
  0.1106403E+02  0.1975640E+02  0.5576210E+01
  0.3550847E+02  0.1776379E+02  0.1366308E+02
  0.2561539E+02  0.2044802E+02  0.1211497E+02
  0.1198987E+02  0.9744451E+01  0.2970976E+01
  0.3532707E+02  0.1078087E+02  0.1998355E+02
  0.3083972E+02  0.4376440E+01  0.1388290E+02
  0.5410194E+02  0.1579754E+02  0.1228011E+02
  0.1611085E+02  0.1002097E+02  0.4902874E+01
  0.1625808E+02  0.5674892E+01  0.1925746E+02
  0.4113284E+02  0.2484623E+01  0.3421310E+01
  0.3202253E+02  0.1816355E+02  0.5736764E+00
  0.2639064E+02  0.1737743E+02  0.9193206E+01
  0.1264773E+02  0.2764875E+01  0.9168728E+01
  0.5286191E+02  0.1804271E+02  0.6260977E+01
  0.3714300E+02  0.7091763E+01  0.1743934E+02
  0.2979039E+02  0.2041753E+02  0.7126521E+01
  0.1610096E+02  0.1092161E+02  0.2609070E+01
  0.4233691E+02  0.2133461E+02  0.1607100E+02
  0.3541476E+02  0.6081002E+01  0.1458834E+02
  0.3173992E+02  0.1517523E+02  0.2153639E+02
  0.3449267E+02  0.8694856E+01  0.1065814E+02
  0.2847090E+02  0.1754450E+02  0.2034070E+02
  0.3833760E+02  0.1011214E+02  0.9760171E+01
  0.2418610E+02  0.7379824E+01  0.1298778E+01
  0.1589360E+02  0.2057786E+02  0.1569805E+01
  0.3973080E+02  0.2032217E+02  0.1155681E+02
  0.1737730E+02  0.6246549E+01  0.6153720E+01
  0.2884420E+02  0.1862815E+02  0.3124770E+01
  0.3195755E+02  0.1938156E+02  0.4210514E+01
  0.3080434E+02  0.2020603E+02  0.1132024E+02
  0.4260436E+02  0.1326631E+02  0.1823311E+02
  0.3432702E+02  0.1650178E+02  0.1640541E+02
  0.2639543E+02  0.6780597E+01  0.7221116E+01
  0.1835928E+02  0.1305715E+02  0.2134292E+02
  0.2231820E+02  0.1365577E+02  0.2107958E+02
  0.2662548E+02  0.4868399E+01  0.4030106E+01
  0.5044118E+02  0.3814531E+00  0.1232298E+02
  0.3701682E+02  0.1570007E+02  0.1429064E+02
  0.2587515E+02  0.1038288E+02  0.1773601E+02
  0.3264015E+02  0.1543215E+02  0.2083446E+01
  0.4041695E+02  0.1550793E+02  0.2737508E+01
  0.3701078E+02  0.6918813E+01  0.2037896E+01
  0.3691159E+02  0.2032765E+02  0.1009321E+02
  0.2937309E+02  0.4304370E+00  0.3693539E+01
  0.3632806E+02  0.1547041E+02  0.1125889E+02
  0.2834380E+02  0.9607886E+01  0.7384260E+01
  0.3286698E+02  0.1701376E+02  0.6853037E+01
  0.4225064E+02  0.1632584E+02  0.1635460E+02
  0.2512619E+02  0.1088044E+01  0.1422202E+02
  0.1819727E+02  0.1913953E+02  0.6021444E+01
  0.4171993E+02  0.6309436E+01  0.1844572E+02
  0.4913321E+02  0.9224019E+01  0.3215106E+01
  0.2536236E+02  0.1588659E+02  0.7866118E+00
  0.3525003E+02  0.1292699E+02  0.1903112E+02
  0.2233723E+02  0.2247730E+01  0.2249230E+01
  0.3631930E+02  0.7794919E+01  0.5124328E+01
  0.3786040E+02  0.1829047E+02  0.3531756E+01
  0.1960335E+02  0.1457919E+02  0.8772935E+00
  0.1969863E+02  0.4547200E+00  0.1537525E+02
  0.1573858E+02  0.1388253E+02  0.4280380E+01
  0.4369695E+02  0.1860942E+02  0.2034985E+01
  0.2475824E+02  0.1458723E+02  0.1865140E+02
  0.3134035E+02  0.8633887E+00  0.9941613E+01
  0.1921460E+02  0.6642383E+01  0.1217728E+02
  0.3790564E+02  0.4242398E+01  0.7110870E+01
  0.3414694E+02  0.1981807E+02  0.1373352E+02
  0.4798804E+02  0.1091593E+02  0.6729622E+01
  0.2992691E+02  0.1873167E+01  0.1570432E+02
  0.1325771E+02  0.2074290E+02  0.4459754E+01
  0.2771725E+02  0.1527488E+02  0.1057533E+02
  0.2068537E+02  0.1821446E+02  0.2119947E+02
  0.3290283E+02  0.1411948E+02  0.1257476E+02
  0.3293706E+02  0.1534471E+02  0.1032231E+02
  0.4595458E+02  0.9396259E+01  0.6521776E+01
  0.2214466E+02  0.1676492E+02  0.2613318E+01
  0.3869366E+02  0.3793814E+01  0.1259503E+02
  0.2479770E+02  0.1945039E+02  0.1714893E+02
  0.3065454E+02  0.1164456E+02  0.1698775E+02
  0.2172066E+02  0.1252010E+02  0.6509583E+01
  0.4349690E+02  0.1680970E+02  0.1432132E+02
  0.5220121E+02  0.1727891E+02  0.3933258E+01
  0.5204637E+02  0.1498515E+02  0.1556983E+02
  0.2821257E+02  0.6904954E+01  0.3607985E+01
  0.4141507E+02  0.1030497E+02  0.1442016E+02
  0.4469506E+02  0.2120198E+02  0.1468476E+02
  0.4181852E+02  0.1398917E+02  0.1601296E+02
  0.1898311E+02  0.1995878E+02  0.1923075E+02
  0.4489028E+02  0.5606967E+00  0.1783273E+02
  0.3098917E+02  0.1289270E+02  0.1497043E+00
  0.5024940E+02  0.7440325E+01  0.6787212E+01
  0.4087323E+02  0.2284527E+01  0.1565051E+02
  0.3651106E+02  0.5216110E+01  0.1884813E+02
  0.2491425E+02  0.3775949E+01  0.2851919E+01
  0.2350467E+02  0.6332675E+01  0.1007126E+02
  0.3113128E+02  0.2136073E+02  0.1336283E+02
  0.3078071E+02  0.1546047E+02  0.1675341E+02
  0.2255904E+02  0.5871896E+01  0.1976580E+02
  0.3765313E+02  0.5032885E+01  0.4782174E+01
  0.1788903E+02  0.2142044E+02  0.6373388E+01
  0.2056439E+02  0.1576656E+02  0.1395356E+02
  0.1332143E+02  0.8614205E+01  0.8031579E+01
  0.2137631E+02  0.1370989E+02  0.1894547E+02
  0.4410157E+02  0.1458547E+02  0.2097528E+02
  0.3246253E+02  0.1486514E+02  0.1931642E+02
  0.1909609E+02  0.1489513E+02  0.1204275E+02
  0.3097618E+02  0.1523359E+02  0.7537501E+01
  0.4695888E+02  0.1759339E+02  0.1725992E+02
  0.3591229E+02  0.1483248E+02  0.3947791E+01
  0.1362610E+02  0.1283631E+02  0.4630022E+01
  0.2476654E+02  0.1556287E+02  0.3140663E+01
  0.3597440E+02  0.7748725E+01  0.2170860E+02
  0.2726608E+02  0.1043890E+01  0.3234360E+01
  0.2377490E+02  0.1864075E+01  0.2023801E+02
  0.3553571E+02  0.2144916E+02  0.1897773E+00
  0.4326956E+02  0.1504375E+02  0.1123251E+02
  0.2610588E+02  0.1896608E+02  0.7459572E+01
  0.1252043E+02  0.1938659E+02  0.2676542E+01
  0.2868212E+02  0.1928133E+02  0.1110539E+02
  0.2431502E+02  0.7448898E+01  0.6289001E+01
  0.2326018E+02  0.1719177E+02  0.4452106E+00
  0.1074029E+02  0.1289175E+02  0.9727410E+01
  0.2361773E+02  0.4388809E+01  0.1698845E+02
  0.2764034E+02  0.3064780E+01  0.8060701E+00
  0.3502209E+02  0.1292436E+02  0.2054810E+01
  0.3484713E+02  0.1266926E+02  0.1347992E+02
  0.4906648E+02  0.2006587E+02  0.2074511E+02
  0.2928574E+02  0.1350310E+02  0.7069768E+01
  0.3627214E+02  0.1654946E+02  0.9362352E-01
  0.1677628E+02  0.8017310E+01  0.7770866E+01
  0.4216569E+02  0.2408954E+01  0.2027437E+02
  0.1306388E+02  0.2169861E+02  0.7625940E+00
  0.5126867E+02  0.1879895E+02  0.1200178E+02
  0.3533778E+02  0.7687735E+01  0.8312711E+01
  0.3172098E+02  0.9117351E-01  0.2707541E+00
  0.1672148E+02  0.1663625E+01  0.1649255E+02
  0.1678248E+02  0.1167604E+02  0.1375640E+02
  0.3998488E+02  0.5648164E+01  0.5047965E+01
  0.4402380E+02  0.1549888E+02  0.4628258E+01
  0.2321755E+02  0.3146327E+01  0.1163007E+02
  0.3848069E+02  0.1179858E+02  0.1592616E+02
  0.4288646E+02  0.7307878E+01  0.1656541E+02
  0.3406313E+02  0.2834090E+01  0.1669818E+02
  0.3777337E+02  0.1416146E+02  0.8035289E+01
  0.2655371E+02  0.1345282E+02  0.1553651E+02
  0.3250356E+02  0.2419068E+01  0.1123815E+02
  0.5096763E+02  0.5443981E+01  0.1623104E+02
  0.2500279E+02  0.2164071E+02  0.9972482E+01
  0.4683915E+02  0.1563162E+02  0.3293368E+01
  0.4312846E+02  0.1051029E+02  0.9058292E+00
  0.4042896E+02  0.1178227E+02  0.1055191E+02
  0.2955649E+02  0.1392939E+02  0.1118945E+02
  0.4980010E+02  0.1990278E+02  0.1525384E+01
  0.4021382E+02  0.6953080E+00  0.1315250E+02
  0.4408835E+02  0.1308208E+02  0.1358916E+02
  0.2162153E+02  0.1227476E+02  0.3961669E+01
  0.2748329E+02  0.8113536E+00  0.6229588E+01
  0.1128554E+02  0.2154921E+02  0.1781401E+02
  0.1753476E+02  0.5684660E+01  0.3389076E+01
  0.2605426E+02  0.9831972E+01  0.1102510E+02
  0.4465459E+02  0.2072164E+02  0.2340204E+01
  0.2255498E+02  0.7614791E+01  0.8113505E+01
  0.4068430E+02  0.1434016E+02  0.1900592E+02
  0.2404533E+02  0.9783568E+01  0.5881442E+01
  0.2166130E+02  0.1469582E+02  0.3866455E+01
  0.5318217E+02  0.3150052E+01  0.2317606E+01
  0.3108774E+02  0.1674167E+02  0.5309745E+01
  0.4533307E+02  0.3136184E+01  0.1456455E+02
  0.3233024E+02  0.8731987E+01  0.1118569E+02
  0.2661338E+02  0.1282641E+02  0.1793026E+02
  0.1881930E+02  0.1186475E+00  0.1766454E+02
  0.2561130E+02  0.4614890E+01  0.6252052E+01
  0.2163397E+02  0.6844476E+00  0.2052895E+02
  0.3426476E+02  0.1810640E+02  0.2008308E+02
  0.2235746E+02  0.5891244E+01  0.3953459E+01
  0.4051858E+02  0.9442725E+01  0.1087341E+02
  0.3354812E+02  0.1652437E+01  0.2613220E+01
  0.2718636E+02  0.2034637E+02  0.3729161E+01
  0.1540395E+02  0.1856110E+02  0.1765298E+02
  0.3426828E+02  0.1546872E+02  0.8238450E+01
  0.3129244E+02  0.1733070E+02  0.2908872E+01
  0.3256583E+02  0.1190631E+02  0.8268993E+01
  0.4554689E+02  0.1745674E+02  0.1386083E+02
  0.3756402E+02  0.5756097E+01  0.2088696E+02
  0.1481856E+02  0.1845732E+02  0.9587793E+01
  0.4331098E+02  0.1666713E+02  0.1993732E+02
  0.4363266E+02  0.1106088E+02  0.1821447E+02
  0.3874017E+02  0.8644081E+01  0.1361167E+01
  0.3005741E+02  0.1121934E+02  0.1693784E+01
  0.4624779E+02  0.2198365E+01  0.2777565E+01
  0.3277061E+02  0.1054641E+02  0.1729413E+02
  0.3705276E+02  0.1334345E+02  0.1407840E+02
  0.3496628E+02  0.7215169E+01  0.1243428E+02
  0.2479388E+02  0.6182760E+01  0.2094235E+02
  0.2048460E+02  0.2016190E+02  0.1461429E+01
  0.4480512E+02  0.1609507E+02  0.1618908E+02
  0.2739225E+02  0.1432763E+02  0.5781862E+01
  0.3331570E+02  0.1928061E+02  0.8740910E+01
  0.3079556E+02  0.5220103E+00  0.1759710E+02
  0.3913682E+02  0.1555766E+02  0.4684778E+01
  0.1695771E+02  0.1865448E+02  0.1589051E+02
  0.2742463E+02  0.2115645E+02  0.1045507E+02
  0.4216330E+02  0.9209180E+01  0.1778456E+02
  0.2136868E+02  0.1106463E+02  0.1345405E+02
  0.3061251E+02  0.1862274E+02  0.2030579E+02
  0.2911460E+02  0.5825529E+01  0.2130155E+02
  0.2456156E+02  0.9787775E+01  0.1962418E+02
  0.3629618E+02  0.1576420E+02  0.1768490E+02
  0.3365467E+02  0.3856390E+01  0.9659297E+01
  0.4882977E+02  0.1207973E+02  0.1957344E+02
  0.2932694E+02  0.1475951E+02  0.7372827E+00
  0.3969475E+02  0.5221633E+00  0.7030763E+01
  0.3264649E+02  0.1210935E+02  0.1835170E+01
  0.3607241E+02  0.1427273E+02  0.2095778E+02
  0.1684045E+02  0.1405369E+02  0.1129166E+02
  0.2262865E+02  0.1307673E+02  0.1553674E+02
  0.2703919E+02  0.2132049E+02  0.2151048E+02
  0.2545582E+02  0.4382878E+01  0.1883039E+02
  0.4056541E+02  0.1175464E+02  0.8224339E+01
  0.4226861E+02  0.7940623E+01  0.5321589E+01
  0.3910213E+02  0.3044968E+01  0.1026455E+02
  0.1122736E+02  0.1593814E+02  0.2025458E+02
  0.4192385E+02  0.1813231E+02  0.1799856E+02
  0.1847346E+02  0.1483193E+02  0.2732059E+01
  0.4752249E+02  0.1075474E+02  0.2142935E+01
  0.2771301E+02  0.1021318E+02  0.1884496E+02
  0.2814567E+02  0.1265914E+02  0.1883150E+01
  0.2865338E+02  0.1244404E+02  0.1931945E+02
  0.2033723E+02  0.1818153E+02  0.2834152E+01
  0.1496068E+02  0.6677718E+00  0.1141175E+02
  0.3218003E+02  0.5423693E+01  0.1222964E+02
  0.3040589E+02  0.1342547E+02  0.1539923E+02
  0.1702585E+02  0.6001348E+01  0.8600833E+00
  0.4399410E+02  0.1079519E+02  0.5659084E+01
  0.1043370E+02  0.1599962E+02  0.1913025E+01
  0.2742843E+02  0.1161819E+02  0.2132432E+02
  0.3264495E+02  0.1967463E+02  0.1538834E+02
  0.1796726E+02  0.6475764E+00  0.4179126E+01
  0.4545417E+02  0.6559075E+00  0.1000590E+02
  0.3238188E+02  0.1038914E+02  0.4626104E+01
  0.2013491E+02  0.2147783E+02  0.3347391E+01
  0.3127484E+02  0.1903295E+01  0.1361872E+02
  0.3710984E+02  0.9152015E+01  0.3086275E+01
  0.4097960E+02  0.2429576E+01  0.1814124E+02
  0.1507137E+02  0.9951015E+01  0.7076871E+01
  0.4267235E+02  0.1902700E+02  0.2056332E+02
  0.5179930E+02  0.7575329E+01  0.1541668E+02
  0.4996416E+02  0.2498424E+01  0.4527453E+01
  0.3072224E+02  0.1581901E+02  0.9996257E+01
  0.5255460E+02  0.1207541E+02  0.1285420E+02
  0.3422094E+02  0.2615677E+01  0.1969655E+02
  0.2723073E+02  0.5413208E+01  0.1770546E+02
  0.1494603E+02  0.2673983E+01  0.1012376E+02
  0.3959790E+02  0.7847639E+01  0.1436183E+02
  0.3521738E+02  0.9305309E+00  0.4468403E+01
  0.2941723E+02  0.8906655E+01  0.1161529E+02
  0.2026709E+02  0.7391258E+01  0.8721942E+01
  0.3863228E+02  0.6207908E+01  0.1287937E+02
  0.3342943E+02  0.2004634E+02  0.2161753E+02
  0.2008721E+02  0.4711265E+01  0.1365849E+02
  0.2760025E+02  0.9956850E+01  0.1297669E+02
  0.2135806E+02  0.7492175E+01  0.1551154E+02
  0.3024359E+02  0.1969494E+02  0.1466253E+02
  0.4512038E+02  0.7126841E+01  0.1769136E+02
  0.2943133E+02  0.1142386E+02  0.1377879E+02
  0.4085312E+02  0.6354292E+01  0.4007758E+00
  0.3224334E+02  0.1754111E+02  0.1665454E+02
  0.3126877E+02  0.2034890E+02  0.8989453E+01
  0.5313994E+02  0.1971688E+02  0.1914330E+02
  0.3484758E+02  0.1901934E+02  0.1614641E+02
  0.1256467E+02  0.7237241E+01  0.1332411E+02
  0.3042651E+02  0.4102478E+01  0.1083259E+02
  0.4530928E+02  0.7889834E+01  0.1526550E+02
  0.4448928E+02  0.8486905E+01  0.1199928E+02
  0.1619178E+02  0.1100892E+02  0.9981322E+01
  0.3051620E+02  0.2106823E+02  0.1988500E+02
  0.4079682E+02  0.8862515E+01  0.2670142E+01
  0.3418550E+02  0.1616553E+02  0.1219707E+02
  0.1546007E+02  0.2145257E+02  0.6563456E+01
  0.4141223E+02  0.1496921E+02  0.5036217E+01
  0.5264125E+02  0.2056021E+02  0.1480473E+02
  0.3168822E+02  0.3461462E+01  0.1654941E+02
  0.2977319E+02  0.7342786E+01  0.1484526E+02
  0.3796679E+02  0.1772454E+02  0.1721877E+02
  0.2994307E+02  0.5746044E+01  0.2638425E+01
  0.1287440E+02  0.6242372E+01  0.1834922E+02
  0.2975450E+02  0.1137411E+02  0.6173060E+01
  0.2295918E+02  0.1067516E+02  0.2614129E+01
  0.2620908E+02  0.7218822E+01  0.1719361E+02
  0.2694676E+02  0.1768911E+02  0.3490907E+00
  0.1631729E+02  0.1774993E+01  0.1399470E+02
  0.3946611E+02  0.1201193E+02  0.1863542E+02
  0.4572741E+02  0.3287855E+01  0.1773456E+02
  0.4940892E+02  0.5648875E+01  0.3131702E+00
  0.3377474E+02  0.1408421E+02  0.3455278E+00
  0.4666723E+02  0.8402891E+01  0.2381003E+01
  0.1912818E+02  0.1204762E+02  0.1339663E+02
  0.3371280E+02  0.5777476E+00  0.6063618E+01
  0.3292625E+02  0.5026986E+01  0.2437843E+01
  0.4500034E+02  0.5181269E+01  0.1893215E+02
  0.4549291E+02  0.1653781E+02  0.1873998E+02
  0.1424106E+02  0.1860521E+02  0.1259724E+02
  0.2266983E+02  0.9142201E+01  0.1867805E+02
  0.2355919E+02  0.1702989E+02  0.1472329E+02
  0.1312410E+02  0.4114036E+01  0.3238405E+01
  0.9890259E+01  0.1093504E+02  0.1717232E+02
  0.2393460E+02  0.1895416E+02  0.1914393E+01
  0.2436776E+02  0.1343581E+02  0.9677380E+01
  0.2735478E+02  0.1961862E+02  0.1746963E+02
  0.4529671E+02  0.3591800E+01  0.5517100E+01
  0.2646956E+02  0.1212725E+02  0.9995343E+01
  0.3182019E+02  0.1808326E+01  0.5793337E+01
  0.2698908E+02  0.9089930E+01  0.1582106E+02
  0.3001271E+02  0.3952276E+01  0.4580197E+01
  0.2628200E+02  0.1579353E+02  0.1560863E+02
  0.3109998E+02  0.5974704E+01  0.1934753E+02
  0.4896066E+02  0.1680451E+02  0.2060243E+02
  0.3850040E+02  0.3229865E+01  0.2043678E+02
  0.3038170E+02  0.1844024E+01  0.7850929E+01
  0.3829075E+02  0.1756468E+02  0.6025327E+01
  0.4995151E+02  0.2164344E+02  0.1943981E+02
  0.3586602E+02  0.1842974E+02  0.1822452E+02
  0.3149141E+02  0.5537763E+01  0.1578642E+02
  0.4204308E+02  0.6094983E+01  0.1053232E+02
  0.1063852E+02  0.4749833E+01  0.2016206E+02
  0.4135663E+02  0.2041263E+02  0.1413855E+02
  0.1632560E+02  0.9617889E+01  0.1443401E+02
  0.1328400E+02  0.2076560E+02  0.1171046E+02
  0.2306056E+02  0.2152944E+02  0.6978203E+01
  0.1635526E+02  0.1266080E+02  0.6472215E+00
  0.3562346E+02  0.1344708E+02  0.1715233E+02
  0.1586678E+02  0.1451824E+02  0.1730187E+02
  0.2032806E+02  0.7083452E+01  0.2002639E+01
  0.3361647E+02  0.1422454E+02  0.1589890E+02
  0.2768478E+02  0.1631921E+02  0.1384641E+02
  0.3889796E+02  0.1123096E+02  0.2079655E+02
  0.1556071E+02  0.2097601E+02  0.2077067E+02
  0.3991960E+02  0.1929248E+02  0.1776970E+02
  0.1623376E+02  0.1467238E+02  0.1339083E+02
  0.2596437E+02  0.1866346E+02  0.5044744E+01
  0.4289606E+02  0.4228081E+01  0.5930484E+01
  0.2857982E+02  0.5311013E+01  0.1390860E+02
  0.2390235E+02  0.1558235E+02  0.6602523E+01
  0.4691758E+02  0.2102233E+02  0.1445721E+02
  0.9251977E+01  0.3929990E+01  0.8812243E+01
  0.2516534E+02  0.1766979E+01  0.1732129E+02
  0.3049893E+02  0.4307146E+01  0.8469100E+01
  0.3672961E+02  0.2137275E+02  0.6006662E+01
  0.4169092E+02  0.2066709E+02  0.8862435E+01
  0.2866383E+02  0.1628031E+02  0.1626380E+02
  0.4837079E+02  0.1722260E+02  0.6438982E+01
  0.5343843E+02  0.3355111E+01  0.1401100E+02
  0.2700156E+02  0.1536977E+02  0.3728979E+01
  0.1767923E+02  0.4250719E+01  0.1762998E+02
  0.3439497E+02  0.1729484E+02  0.1459266E+01
  0.1881186E+02  0.1524208E+02  0.5112766E+01
  0.2213740E+02  0.1720843E+02  0.5733030E+01
  0.3170170E+02  0.1007185E+02  0.6864349E+01
  0.3936027E+02  0.1002628E+02  0.1306021E+02
  0.3962060E+02  0.1396553E+02  0.1687787E+02
  0.3655497E+02  0.1121688E+02  0.1696706E+02
  0.1363603E+02  0.1549548E+02  0.8061494E+00
  0.3835880E+02  0.1795933E+01  0.7257138E+00
  0.2624609E+02  0.1020506E+02  0.8607991E+01
  0.1200677E+02  0.2703331E+01  0.2053150E+02
  0.2992877E+02  0.5379204E+00  0.5971074E+01
  0.2815463E+02  0.2078910E+02  0.1945126E+02
  0.2759710E+02  0.1752494E+02  0.4936105E+01
  0.2540092E+02  0.1269701E+02  0.1903149E+00
  0.2369829E+02  0.1326655E+02  0.4455482E+01
  0.2310548E+02  0.5298515E+01  0.6055749E+01
  0.4849750E+02  0.5549372E+01  0.1201625E+02
  0.1415886E+02  0.1445130E+02  0.1890420E+02
  0.1526390E+02  0.4698882E+01  0.1323093E+02
  0.3727108E+02  0.1734227E+01  0.1807059E+02
  0.3229459E+02  0.6059541E+01  0.6023549E+01
  0.4048748E+02  0.1697623E+02  0.1483211E+02
  0.4019202E+02  0.2116110E+02  0.2014416E+02
  0.2604563E+02  0.2316891E+01  0.1976229E+02
  0.1788094E+02  0.2251286E+00  0.2124715E+02
  0.3375232E+02  0.2071756E+02  0.3421774E+01
  0.4345205E+02  0.2451087E+01  0.1269204E+01
  0.4544997E+02  0.1965155E+02  0.1156285E+02
  0.4616616E+02  0.1191126E+02  0.3352141E+01
  0.3874686E+02  0.6880741E+01  0.9070925E+01
  0.5042651E+02  0.3280130E+01  0.1977835E+02
  0.2762146E+02  0.1081483E+01  0.1862874E+02
  0.4859972E+02  0.2153088E+02  0.1088383E+02
  0.4892355E+02  0.1873197E+02  0.1503331E+02
  0.5025393E+02  0.2063477E+02  0.1435295E+02
  0.5041484E+02  0.2165536E+02  0.2652544E+01
  0.5310538E+02  0.1411004E+02  0.1374600E+02
  0.4033860E+02  0.2169460E+02  0.1770813E+02
  0.3867109E+02  0.1586221E+02  0.1580581E+02
  0.4550626E+02  0.1904691E+02  0.2068494E+02
  0.3602483E+02  0.1123726E+02  0.4863799E+00
  0.3875559E+02  0.1188173E+01  0.1590639E+02
  0.4768614E+02  0.1942361E+02  0.8502157E+01
  0.5414688E+02  0.1569758E+02  0.1903069E+01
  0.5542210E+02  0.1140187E+02  0.1424661E+02
  0.4534309E+02  0.1033618E+01  0.1020418E+01
  0.5047359E+02  0.1397116E+02  0.1389018E+02
  0.5691425E+02  0.2150309E+02  0.2115415E+02
  0.5700471E+02  0.1883691E+02  0.2109255E+01
  0.5160244E+02  0.1859692E+02  0.2098265E+01
  0.5551116E+02  0.2014943E+02  0.8146887E+00
  0.5858363E+02  0.9529541E+00  0.7083278E+00
  0.5852596E+02  0.2010677E+02  0.3359915E+01
  0.5453926E+02  0.1843621E+01  0.5204164E+01
  0.5941416E+02  0.1833308E+02  0.2115008E+02
  0.6228658E+02  0.2061010E+02  0.2103510E+02
  0.6245815E+02  0.1848707E+02  0.2218290E+01
  0.5976985E+02  0.2122351E+02  0.1919959E+01
  0.6102287E+02  0.1960668E+02  0.8626758E+00
  0.6356973E+02  0.4752257E+00  0.4188855E+00
  0.6359687E+02  0.1983788E+02  0.3447486E+01
  0.6118909E+02  0.1004592E+01  0.3383118E+01
  0.4261119E+02  0.6238692E+01  0.7222158E+01
  0.3246797E+02  0.1208925E+02  0.1536262E+02
  0.3901248E+02  0.1054213E+02  0.6775389E+01
  0.3908586E+02  0.5807976E+01  0.1904811E+01
  0.5437257E+02  0.1873576E+02  0.2092912E+02
  0.5145947E+02  0.1192080E+02  0.8457534E+01
  0.4668093E+02  0.6198178E+01  0.3485785E+01
  0.3142984E+02  0.2349064E+01  0.2102277E+02
  0.4651769E+02  0.1351735E+01  0.1946695E+02
  0.4844785E+02  0.4260148E+01  0.6139584E+01
  0.4137722E+02  0.1889496E+02  0.7122453E+01
  0.4159196E+02  0.1877636E+02  0.1043255E+01
  0.4240111E+02  0.2417955E+01  0.8457056E+01
  0.5410489E+02  0.1085588E+02  0.1574645E+01
  0.4820552E+02  0.1440493E+02  0.1670912E+02
  0.5299924E+02  0.1422034E+02  0.1068398E+02
  0.5305612E+02  0.1640959E+01  0.4448308E+00
  0.5732468E+02  0.4918198E+01  0.2095173E+02
  0.5706550E+02  0.2095435E+01  0.2205338E+01
  0.5403851E+02  0.1038739E+02  0.1834799E+02
  0.5613034E+02  0.3852813E+01  0.8409564E+00
  0.5827002E+02  0.6324629E+01  0.7348310E+00
  0.5828133E+02  0.3567299E+01  0.3675112E+01
  0.5533586E+02  0.6353208E+01  0.3258784E+01
  0.5979995E+02  0.2091818E+01  0.2086142E+02
  0.6247280E+02  0.4938796E+01  0.2098026E+02
  0.6245834E+02  0.2170037E+01  0.1795680E+01
  0.5979171E+02  0.4968740E+01  0.1998919E+01
  0.6096032E+02  0.3545242E+01  0.5775813E+00
  0.6357161E+02  0.6322945E+01  0.7683730E+00
  0.6369663E+02  0.3568385E+01  0.3186537E+01
  0.6095635E+02  0.6316268E+01  0.3450063E+01
  0.4976600E+02  0.2071362E+02  0.1751619E+02
  0.4260051E+02  0.1603482E+02  0.7828909E+01
  0.4795262E+02  0.1411094E+02  0.1161239E+02
  0.4663787E+02  0.4986657E+01  0.2062897E+02
  0.4498485E+02  0.1705586E+02  0.8406051E+01
  0.5003669E+02  0.2116138E+02  0.6517884E+01
  0.3889141E+02  0.7762837E+01  0.2046860E+02
  0.2612616E+02  0.1836352E+02  0.1543403E+02
  0.5187690E+02  0.3801848E+01  0.1794907E+02
  0.4983991E+02  0.9628209E+01  0.1010277E+02
  0.5078825E+02  0.8405318E+01  0.1907136E+02
  0.3375261E+02  0.8427902E+01  0.1811560E+02
  0.5102885E+02  0.1096595E+02  0.3619792E+01
  0.4844322E+02  0.1493263E+02  0.2496235E+00
  0.5170819E+02  0.1964261E+02  0.7533911E+01
  0.5137592E+02  0.1359685E+02  0.1759159E+02
  0.5430809E+02  0.7121292E+01  0.2078829E+02
  0.5704895E+02  0.9984904E+01  0.2087709E+02
  0.5670724E+02  0.7646308E+01  0.1740368E+01
  0.4693692E+02  0.1965283E+02  0.1728399E+01
  0.5539477E+02  0.8916140E+01  0.3155370E+00
  0.5838214E+02  0.1163689E+02  0.5297994E+00
  0.5801997E+02  0.8993512E+01  0.3266293E+01
  0.5556913E+02  0.1189963E+02  0.3490006E+01
  0.5963069E+02  0.7354970E+01  0.2094536E+02
  0.6254937E+02  0.1052177E+02  0.2110192E+02
  0.6214819E+02  0.7671850E+01  0.2054364E+01
  0.5964443E+02  0.1031752E+02  0.2093102E+01
  0.6090201E+02  0.9105666E+01  0.6852468E+00
  0.6372112E+02  0.1181424E+02  0.8160447E+00
  0.6369607E+02  0.9157954E+01  0.3490656E+01
  0.6104522E+02  0.1176523E+02  0.3449969E+01
  0.4919726E+02  0.1585732E+02  0.2407384E+01
  0.5063548E+02  0.3396496E+01  0.2501654E+01
  0.3702771E+02  0.2397683E+01  0.9201889E+01
  0.3939387E+02  0.4217666E+01  0.1830107E+02
  0.3711553E+02  0.9168658E+00  0.1109850E+02
  0.3990534E+02  0.1882213E+02  0.2022921E+02
  0.4346517E+02  0.1281882E+02  0.8315335E+01
  0.4401887E+02  0.7441716E+01  0.1021652E+02
  0.5341764E+02  0.7593009E+01  0.7997493E+01
  0.4159724E+02  0.1728062E+02  0.5407600E+01
  0.4796835E+02  0.1557322E+02  0.1876049E+02
  0.4494101E+02  0.2048054E+01  0.7598977E+01
  0.5179928E+02  0.6541332E+01  0.9294557E+01
  0.5419672E+02  0.5121448E+01  0.1402568E+01
  0.3663345E+02  0.5748478E+01  0.8507482E+01
  0.4605708E+02  0.1141613E+02  0.8064868E+01
  0.5405416E+02  0.1288672E+02  0.2058535E+02
  0.5660370E+02  0.1580948E+02  0.2085381E+02
  0.5692040E+02  0.1299368E+02  0.1854659E+01
  0.5427895E+02  0.1591985E+02  0.1818647E+02
  0.5537007E+02  0.1422711E+02  0.3752109E+00
  0.5797320E+02  0.1713702E+02  0.7341759E+00
  0.5839249E+02  0.1429882E+02  0.3176004E+01
  0.4665728E+02  0.1329834E+02  0.9588608E+01
  0.5947349E+02  0.1326127E+02  0.2088071E+02
  0.6247676E+02  0.1571518E+02  0.2127812E+02
  0.6222000E+02  0.1317937E+02  0.2097088E+01
  0.5938238E+02  0.1605121E+02  0.2109986E+01
  0.6086851E+02  0.1462115E+02  0.7241000E+00
  0.6388788E+02  0.1712712E+02  0.8144291E+00
  0.6387653E+02  0.1440395E+02  0.3464337E+01
  0.6098145E+02  0.1703843E+02  0.3650590E+01
  0.4839931E+02  0.8217447E+01  0.1676549E+02
  0.4919376E+02  0.1904644E+02  0.1060692E+02
  0.5328319E+02  0.1315683E+02  0.7909527E+01
  0.4890721E+02  0.3226609E+01  0.6650991E+00
  0.4453978E+02  0.7628580E+01  0.5214327E+01
  0.4164893E+02  0.1866499E+02  0.3522706E+01
  0.4131293E+02  0.4373495E+01  0.1809621E+01
  0.5382077E+02  0.1001825E+02  0.5881307E+01
  0.4411320E+02  0.2115922E+02  0.6166698E+01
  0.3620842E+02  0.1884468E+02  0.6012582E+01
  0.4389478E+02  0.2537963E+01  0.3705030E+01
  0.4681493E+02  0.8889211E+01  0.1832208E+02
  0.4657917E+02  0.2154145E+00  0.1185140E+02
  0.5278609E+02  0.1182051E+02  0.1693809E+02
  0.5597734E+02  0.1191970E+02  0.8655332E+01
  0.5434333E+02  0.2740455E+01  0.1049424E+02
  0.5105294E+02  0.1540516E+02  0.1988676E+02
  0.5726729E+02  0.2146439E+02  0.4894522E+01
  0.5689281E+02  0.1870693E+02  0.7266601E+01
  0.4876849E+02  0.2820905E+01  0.1667939E+02
  0.3969405E+02  0.1766431E+02  0.2180688E+01
  0.5856514E+02  0.1119047E+01  0.6213112E+01
  0.5840454E+02  0.1995831E+02  0.8784479E+01
  0.5540950E+02  0.1743930E+02  0.3246973E+01
  0.5965385E+02  0.1855975E+02  0.4555823E+01
  0.6254272E+02  0.2126613E+02  0.4694760E+01
  0.6267299E+02  0.1836972E+02  0.7287104E+01
  0.5990564E+02  0.2119586E+02  0.7218892E+01
  0.6124877E+02  0.1990996E+02  0.6043314E+01
  0.6406077E+02  0.7424872E+00  0.5973117E+01
  0.6400049E+02  0.1966782E+02  0.8951607E+01
  0.6139156E+02  0.5941515E+00  0.8731132E+01
  0.4237711E+02  0.2156496E+02  0.2098178E+02
  0.5016041E+02  0.1449586E+02  0.3993895E+01
  0.4795653E+02  0.1900974E+02  0.5078165E+01
  0.3566005E+02  0.1720091E+02  0.3514251E+01
  0.4451347E+02  0.4573872E+01  0.1448047E+01
  0.3185444E+02  0.7269326E+01  0.1990458E+01
  0.3503108E+02  0.1863071E+00  0.1328321E+02
  0.4307563E+02  0.5565589E+01  0.2153530E+02
  0.3685835E+02  0.1151206E+02  0.6350743E+01
  0.5559295E+02  0.2021981E+02  0.5927402E+01
  0.5439460E+02  0.3674258E+00  0.7154932E+01
  0.4750130E+02  0.6656013E+01  0.1537819E+02
  0.4473327E+02  0.6632590E+01  0.1306548E+02
  0.4353596E+02  0.4272724E+01  0.9592429E+01
  0.5281679E+02  0.4266466E+01  0.9014806E+01
  0.4865161E+02  0.1864094E+01  0.1889907E+02
  0.5232643E+02  0.2095671E+02  0.1136205E+02
  0.5681150E+02  0.5097192E+01  0.4782301E+01
  0.5701469E+02  0.2440521E+01  0.7575381E+01
  0.5296275E+02  0.6315128E+01  0.3167064E+01
  0.5554249E+02  0.3878315E+01  0.6304410E+01
  0.5825170E+02  0.6335804E+01  0.5980651E+01
  0.5846701E+02  0.3783309E+01  0.8793903E+01
  0.5561997E+02  0.6470673E+01  0.9064214E+01
  0.5995213E+02  0.2296590E+01  0.4846534E+01
  0.6247780E+02  0.4947736E+01  0.4710767E+01
  0.6275952E+02  0.2127336E+01  0.7443270E+01
  0.5987028E+02  0.5125679E+01  0.7196265E+01
  0.6118374E+02  0.3550812E+01  0.6267813E+01
  0.6378794E+02  0.6346459E+01  0.6107714E+01
  0.6397120E+02  0.3575780E+01  0.8592417E+01
  0.6119130E+02  0.6290225E+01  0.8538744E+01
  0.2746752E+02  0.2084438E+02  0.8006024E+01
  0.4846717E+02  0.1058823E+02  0.1174163E+02
  0.4313756E+02  0.8561352E+01  0.1424692E+02
  0.5007518E+02  0.1146672E+02  0.7599918E+00
  0.5347068E+02  0.5578160E+01  0.1558166E+02
  0.4426501E+02  0.1828964E+02  0.1026814E+02
  0.4288349E+02  0.1537655E+02  0.2552520E+01
  0.5407722E+02  0.2163123E+02  0.1988973E+01
  0.4397032E+02  0.7608699E+01  0.3374478E+00
  0.5241284E+02  0.6142231E+01  0.2467454E+00
  0.4515906E+02  0.1509309E+02  0.9838665E+01
  0.5115879E+02  0.1486722E+01  0.6143315E+01
  0.4567868E+02  0.5833365E+01  0.9646432E+01
  0.4142290E+02  0.1395097E+02  0.7341974E+01
  0.3802203E+02  0.1674146E+02  0.1235487E+02
  0.4946391E+02  0.1231882E+02  0.7560488E+01
  0.4763269E+02  0.3601456E+01  0.1322754E+02
  0.5684721E+02  0.1036449E+02  0.4671152E+01
  0.5649875E+02  0.7493291E+01  0.7157642E+01
  0.4852915E+02  0.7626384E+01  0.1356792E+02
  0.5580089E+02  0.9897808E+01  0.6956649E+01
  0.5834292E+02  0.1181792E+02  0.5975055E+01
  0.5823342E+02  0.8532824E+01  0.8401162E+01
  0.5541348E+02  0.1495988E+02  0.6165819E+01
  0.5965845E+02  0.7742179E+01  0.4604882E+01
  0.6250938E+02  0.1068879E+02  0.4760207E+01
  0.6236749E+02  0.8085136E+01  0.7240151E+01
  0.5934918E+02  0.1046985E+02  0.7447787E+01
  0.6088937E+02  0.9270281E+01  0.5918985E+01
  0.6379445E+02  0.1187872E+02  0.6198808E+01
  0.6390932E+02  0.9187380E+01  0.8834939E+01
  0.6092786E+02  0.1167072E+02  0.8694034E+01
  0.4491282E+02  0.1405411E+02  0.1872801E+02
  0.4657537E+02  0.1464321E+01  0.1615368E+02
  0.4330983E+02  0.1655612E+01  0.1541685E+02
  0.4593366E+02  0.2027838E+02  0.1845774E+02
  0.2868660E+02  0.1196783E+02  0.8511167E+01
  0.4620677E+02  0.1324890E+02  0.1684884E+02
  0.3384873E+02  0.1209821E+02  0.4882252E+01
  0.4091454E+02  0.2092480E+02  0.3658872E+01
  0.3379890E+02  0.1590498E+01  0.1734677E+00
  0.5296675E+02  0.1214729E+02  0.5861434E+01
  0.5302092E+02  0.8987203E+01  0.1993005E+02
  0.4577121E+02  0.1431362E+02  0.1469714E+02
  0.4779009E+02  0.1381802E+01  0.4295070E+01
  0.4686095E+02  0.4385793E+01  0.1994368E+01
  0.4980246E+02  0.1829639E+02  0.8045483E+01
  0.3734786E+02  0.1181202E+01  0.2934224E+01
  0.5040494E+02  0.5620314E+01  0.5441422E+01
  0.5695666E+02  0.1574566E+02  0.4420955E+01
  0.5706566E+02  0.1340782E+02  0.7236821E+01
  0.5427477E+02  0.1350694E+02  0.4657602E+01
  0.4910183E+02  0.6724648E+01  0.3571676E+01
  0.5822426E+02  0.1732802E+02  0.5958425E+01
  0.5848232E+02  0.1463240E+02  0.8647567E+01
  0.5562814E+02  0.1744264E+02  0.8817854E+01
  0.5970357E+02  0.1315263E+02  0.4598267E+01
  0.6272242E+02  0.1575292E+02  0.4824016E+01
  0.6228351E+02  0.1319483E+02  0.7387504E+01
  0.5958292E+02  0.1603876E+02  0.7173517E+01
  0.6084810E+02  0.1469758E+02  0.6200969E+01
  0.6410496E+02  0.1707372E+02  0.6077867E+01
  0.6392768E+02  0.1430102E+02  0.8860862E+01
  0.6115053E+02  0.1717623E+02  0.8632801E+01
  0.4468756E+02  0.1540397E+02  0.1336567E+01
  0.3298615E+02  0.4900550E-01  0.1662884E+02
  0.4748178E+02  0.4276971E+01  0.1526844E+02
  0.4030714E+02  0.9302118E+01  0.5032176E+01
  0.4941868E+02  0.1219560E+02  0.1714433E+02
  0.5425911E+02  0.1260820E+02  0.1000155E+02
  0.4253561E+02  0.9846931E+01  0.3940842E+01
  0.5304438E+02  0.2087368E+02  0.9077083E+01
  0.4526362E+02  0.1019799E+02  0.1007056E+02
  0.4428675E+02  0.8880310E+01  0.8372971E+01
  0.4640414E+02  0.1377979E+02  0.2175274E+01
  0.4739041E+02  0.1295270E+02  0.5327956E+01
  0.4866647E+02  0.1479206E+00  0.8335043E+01
  0.5207550E+02  0.1511758E+02  0.8614020E+01
  0.5562736E+02  0.1077962E+01  0.9104453E+01
  0.4182121E+02  0.1789075E+01  0.1077181E+02
  0.5488731E+02  0.1943858E+02  0.9913102E+01
  0.5718432E+02  0.2157948E+02  0.1043841E+02
  0.5732991E+02  0.1856281E+02  0.1257742E+02
  0.5086212E+02  0.7217911E+01  0.1300295E+02
  0.5594044E+02  0.2044160E+02  0.1186204E+02
  0.5845257E+02  0.9865547E+00  0.1143566E+02
  0.5835968E+02  0.1982383E+02  0.1418351E+02
  0.5564168E+02  0.9588692E+00  0.1428568E+02
  0.5975622E+02  0.1860454E+02  0.9826656E+01
  0.6257844E+02  0.2104038E+02  0.1009980E+02
  0.6240341E+02  0.1861899E+02  0.1274116E+02
  0.5980495E+02  0.2116534E+02  0.1282681E+02
  0.6106857E+02  0.2005941E+02  0.1137061E+02
  0.6372596E+02  0.8467169E+00  0.1158942E+02
  0.6391521E+02  0.1973509E+02  0.1432734E+02
  0.6102651E+02  0.7260124E+00  0.1422132E+02
  0.3259365E+02  0.1357141E+02  0.6707056E+01
  0.4373364E+02  0.1960796E+02  0.8096240E+01
  0.4428215E+02  0.8439121E+01  0.2734188E+01
  0.4685838E+02  0.8988949E+01  0.1106842E+02
  0.5111676E+02  0.9264210E+01  0.9047461E+00
  0.5206509E+02  0.9958145E+01  0.1580979E+02
  0.3798481E+02  0.1286424E+02  0.2991862E+00
  0.3480238E+02  0.1591382E+02  0.1972775E+02
  0.5030607E+02  0.3709700E+01  0.9496324E+01
  0.5144023E+02  0.9023902E+01  0.1165344E+02
  0.5290887E+02  0.1681450E+01  0.1224164E+02
  0.3979390E+02  0.1576761E+02  0.8447407E+01
  0.5403567E+02  0.5380021E+01  0.7421665E+01
  0.4651937E+02  0.1132339E+02  0.1494364E+02
  0.5146195E+02  0.2053816E+01  0.1614915E+02
  0.4628036E+02  0.1869326E+02  0.6695851E+01
  0.5195748E+02  0.8946011E+01  0.6749006E+01
  0.5726787E+02  0.4994544E+01  0.1017338E+02
  0.5718325E+02  0.2007825E+01  0.1286551E+02
  0.5363028E+02  0.8754614E+01  0.1069561E+02
  0.5605009E+02  0.3787300E+01  0.1166080E+02
  0.5859925E+02  0.6377288E+01  0.1160644E+02
  0.5841187E+02  0.3444273E+01  0.1422872E+02
  0.5418203E+02  0.4939635E+01  0.1255579E+02
  0.5992893E+02  0.2214465E+01  0.1002886E+02
  0.6246001E+02  0.4881154E+01  0.9737488E+01
  0.6235435E+02  0.1995524E+01  0.1305386E+02
  0.5984476E+02  0.4757219E+01  0.1291293E+02
  0.6114928E+02  0.3617016E+01  0.1150770E+02
  0.6350168E+02  0.6304830E+01  0.1126824E+02
  0.6355852E+02  0.3526763E+01  0.1454009E+02
  0.6098769E+02  0.6484331E+01  0.1406236E+02
  0.5071491E+02  0.1635791E+01  0.6502072E+00
  0.3721547E+02  0.6266252E+01  0.1097566E+02
  0.4934441E+02  0.8235388E+01  0.2120407E+02
  0.4038446E+02  0.1661826E+02  0.1259161E+02
  0.5686322E+02  0.1012957E+02  0.1588019E+02
  0.3281680E+02  0.1590493E+02  0.1445097E+02
  0.4220065E+02  0.5778226E+00  0.7000353E+01
  0.3159848E+02  0.2145891E+02  0.2725157E+01
  0.5131530E+02  0.1709418E+02  0.1001237E+02
  0.2888988E+02  0.1715816E+02  0.9871412E+01
  0.4865814E+02  0.1479884E+02  0.6022840E+01
  0.3749972E+02  0.8773607E+01  0.7688065E+01
  0.4089380E+02  0.1429910E+02  0.1242985E+02
  0.4935306E+02  0.1558270E+02  0.1025872E+02
  0.5572033E+02  0.6364600E+01  0.1400477E+02
  0.5336119E+02  0.1778131E+02  0.1101440E+02
  0.4785617E+02  0.1250463E+02  0.1334400E+02
  0.5750491E+02  0.1050231E+02  0.9709608E+01
  0.5692421E+02  0.7744078E+01  0.1264540E+02
  0.5025336E+02  0.1643115E+02  0.1458760E+02
  0.4954746E+02  0.7550745E+01  0.8990246E+01
  0.5958528E+02  0.1061406E+02  0.1297194E+02
  0.5611629E+02  0.9228317E+01  0.1121416E+02
  0.4970464E+02  0.1195185E+02  0.1473695E+02
  0.5980155E+02  0.7671243E+01  0.9975621E+01
  0.6217016E+02  0.1019314E+02  0.9963628E+01
  0.6225250E+02  0.7634534E+01  0.1255080E+02
  0.5817105E+02  0.9159389E+01  0.1418495E+02
  0.6084834E+02  0.8954788E+01  0.1156563E+02
  0.6351565E+02  0.1195824E+02  0.1119534E+02
  0.6367613E+02  0.8963735E+01  0.1403963E+02
  0.6110439E+02  0.1175848E+02  0.1454979E+02
  0.2958511E+02  0.6189915E+01  0.1697950E+02
  0.4676591E+02  0.5492728E+01  0.5551051E+01
  0.3466461E+02  0.2118069E+02  0.9523944E+01
  0.4257426E+02  0.4496897E+00  0.1705571E+01
  0.4324541E+02  0.9450410E-01  0.1052141E+02
  0.4679802E+02  0.2752371E+01  0.2151830E+02
  0.3769718E+02  0.1393087E+02  0.5419225E+01
  0.4559387E+02  0.1277752E+02  0.2171575E+02
  0.4246071E+02  0.1333568E+02  0.1725260E+01
  0.5303843E+02  0.9875669E+01  0.3466535E+01
  0.4728047E+02  0.1584218E+02  0.1332740E+02
  0.4970123E+02  0.6678878E+01  0.1798836E+02
  0.5371057E+02  0.6271552E+01  0.1074516E+02
  0.3821929E+02  0.1846842E+02  0.2936391E+00
  0.4968238E+02  0.2144674E+01  0.1363470E+02
  0.3686027E+02  0.1892503E+02  0.1217700E+02
  0.4541407E+02  0.1390955E+02  0.7390324E+01
  0.5714345E+02  0.1587437E+02  0.1008389E+02
  0.5688643E+02  0.1277524E+02  0.1309771E+02
  0.4769589E+02  0.6940697E+01  0.1052295E+02
  0.5580410E+02  0.1430544E+02  0.1147783E+02
  0.5889758E+02  0.1699558E+02  0.1142381E+02
  0.5831811E+02  0.1436999E+02  0.1418225E+02
  0.5565365E+02  0.1706545E+02  0.1389330E+02
  0.5968722E+02  0.1328829E+02  0.1000594E+02
  0.6258187E+02  0.1584962E+02  0.1015354E+02
  0.6233813E+02  0.1290741E+02  0.1289748E+02
  0.5972003E+02  0.1581907E+02  0.1309812E+02
  0.6120910E+02  0.1451418E+02  0.1148822E+02
  0.6384694E+02  0.1708568E+02  0.1159460E+02
  0.6377853E+02  0.1435536E+02  0.1426303E+02
  0.6120436E+02  0.1720323E+02  0.1412920E+02
  0.4972947E+02  0.9774398E+01  0.5527985E+01
  0.4408285E+02  0.1731160E+02  0.6136260E+01
  0.4390775E+02  0.1141169E+02  0.2056133E+02
  0.5115278E+02  0.3848555E+01  0.1453583E+02
  0.4516168E+02  0.6086371E+01  0.7298269E+01
  0.5134928E+02  0.1704872E+02  0.2153603E+02
  0.5543137E+02  0.7646101E+00  0.3434957E+01
  0.4574295E+02  0.1069324E+02  0.1730545E+02
  0.4473604E+02  0.1321801E+02  0.5422759E+01
  0.4080347E+02  0.3511581E+01  0.5629128E+01
  0.4724648E+02  0.2169263E+01  0.6457146E+01
  0.5381051E+02  0.1640028E+02  0.7438274E+01
  0.5349795E+02  0.1766986E+02  0.8173721E+00
  0.5405226E+02  0.2139171E+02  0.1289400E+02
  0.5427008E+02  0.1913415E+02  0.4562520E+01
  0.4331161E+02  0.2028702E+02  0.1256985E+02
  0.5419582E+02  0.1859398E+02  0.1513343E+02
  0.5701163E+02  0.2114985E+02  0.1554972E+02
  0.5699603E+02  0.1861261E+02  0.1802303E+02
  0.5376830E+02  0.2125218E+02  0.1699795E+02
  0.5553470E+02  0.1971050E+02  0.1657919E+02
  0.5840007E+02  0.9552621E+00  0.1697013E+02
  0.5833525E+02  0.1998975E+02  0.1975948E+02
  0.5543680E+02  0.1130553E+01  0.1975948E+02
  0.5994460E+02  0.1852835E+02  0.1553226E+02
  0.6234811E+02  0.2081076E+02  0.1539819E+02
  0.6240290E+02  0.1842645E+02  0.1842473E+02
  0.5972134E+02  0.2123058E+02  0.1824709E+02
  0.6093109E+02  0.1976042E+02  0.1686072E+02
  0.6351286E+02  0.4329603E+00  0.1700957E+02
  0.6398745E+02  0.1954163E+02  0.1979805E+02
  0.6137268E+02  0.6500696E+00  0.1964893E+02
  0.1607412E+02  0.1725830E+02  0.5378537E+00
  0.3985802E+02  0.1917250E+02  0.1541976E+02
  0.4572758E+02  0.2097731E+02  0.7860790E+01
  0.5071869E+02  0.1261102E+02  0.5360263E+01
  0.5027026E+02  0.1001847E+02  0.1728478E+02
  0.3721632E+02  0.4978203E+00  0.1347939E+02
  0.4336092E+02  0.1729104E+02  0.1203936E+02
  0.5255698E+02  0.1494453E+02  0.3732118E+01
  0.4176023E+02  0.8669226E+01  0.4400436E+00
  0.4939951E+02  0.1848162E+02  0.1870931E+02
  0.5162837E+02  0.1441499E+01  0.1850961E+02
  0.5261898E+02  0.3202776E+01  0.4623450E+01
  0.4440774E+02  0.1205652E+02  0.1136639E+02
  0.4821258E+02  0.1004527E+02  0.1418540E+02
  0.4150652E+02  0.1263103E+02  0.1399851E+02
  0.5323993E+02  0.3517752E+00  0.1988644E+02
  0.5403511E+02  0.1786993E+01  0.1593357E+02
  0.5687751E+02  0.4729251E+01  0.1535547E+02
  0.5693188E+02  0.2501531E+01  0.1857901E+02
  0.5418001E+02  0.4347009E+01  0.1844800E+02
  0.5532390E+02  0.3595228E+01  0.1672675E+02
  0.5827167E+02  0.5902006E+01  0.1686464E+02
  0.5855888E+02  0.3125135E+01  0.1983463E+02
  0.5568307E+02  0.6026481E+01  0.1963876E+02
  0.5969648E+02  0.2206773E+01  0.1545250E+02
  0.6201174E+02  0.5086554E+01  0.1551370E+02
  0.6245940E+02  0.2290369E+01  0.1833783E+02
  0.5963618E+02  0.4737588E+01  0.1835128E+02
  0.6098736E+02  0.3560098E+01  0.1678384E+02
  0.6338328E+02  0.6317895E+01  0.1714222E+02
  0.6375620E+02  0.3463543E+01  0.1974084E+02
  0.6110169E+02  0.6279949E+01  0.1975553E+02
  0.5095817E+02  0.5678841E+01  0.2175526E+01
  0.3488817E+02  0.1969499E+02  0.1688630E+01
  0.5245204E+02  0.2021255E+02  0.3185857E+01
  0.3669623E+02  0.1309541E+02  0.1162368E+02
  0.4861937E+02  0.1430889E+02  0.8298169E+01
  0.3622403E+02  0.1935683E+02  0.2082719E+02
  0.3934867E+02  0.6558381E+01  0.1813693E+02
  0.3845885E+02  0.2014031E+02  0.1340247E+02
  0.4762257E+02  0.1997340E+02  0.1670836E+02
  0.4826587E+02  0.1719565E+02  0.1161929E+02
  0.3611759E+02  0.9025894E+01  0.1815467E+02
  0.3589793E+02  0.1901652E+02  0.8160331E+01
  0.5082935E+02  0.5212939E+01  0.1143848E+02
  0.4644551E+02  0.1795511E+02  0.3352347E+01
  0.5255364E+02  0.3937971E+01  0.2092850E+02
  0.5176837E+02  0.1921506E+02  0.1680403E+02
  0.5471472E+02  0.3401919E+01  0.2058261E+02
  0.5833135E+02  0.1186927E+02  0.1145883E+02
  0.5704566E+02  0.7369068E+01  0.1841711E+02
  0.4464967E+02  0.1068929E+02  0.1354090E+02
  0.5542375E+02  0.8842395E+01  0.1721972E+02
  0.5838167E+02  0.1172887E+02  0.1681739E+02
  0.5838823E+02  0.8733038E+01  0.1942036E+02
  0.5586176E+02  0.1143162E+02  0.1962955E+02
  0.5940789E+02  0.7421626E+01  0.1551955E+02
  0.6212365E+02  0.1020228E+02  0.1567833E+02
  0.6212138E+02  0.7654134E+01  0.1837121E+02
  0.5977622E+02  0.1059472E+02  0.1835350E+02
  0.6070077E+02  0.8728729E+01  0.1696619E+02
  0.6355831E+02  0.1174514E+02  0.1696931E+02
  0.6355219E+02  0.9097132E+01  0.1955183E+02
  0.6106414E+02  0.1180182E+02  0.1966370E+02
  0.4539916E+02  0.1776701E+02  0.9402590E+00
  0.5214982E+02  0.9852198E+01  0.8958465E+01
  0.5258447E+02  0.1089491E+02  0.2138207E+02
  0.4870200E+02  0.5202673E+01  0.1944001E+02
  0.4024153E+02  0.1022951E+02  0.1651042E+02
  0.5431691E+02  0.1292572E+02  0.1553480E+02
  0.4344922E+02  0.1906583E+02  0.1470378E+02
  0.4890467E+02  0.2119083E+02  0.4406785E+01
  0.4284485E+02  0.1067827E+02  0.7656044E+01
  0.5287171E+02  0.1441584E+02  0.1919962E+02
  0.5419547E+02  0.1043079E+02  0.1250502E+02
  0.3943067E+02  0.9207660E+00  0.1080885E+02
  0.5308802E+02  0.1709679E+02  0.1643526E+02
  0.5139717E+02  0.1044284E+02  0.1354416E+02
  0.5431993E+02  0.7745096E+01  0.1545205E+02
  0.3718582E+02  0.1207426E+02  0.9465042E+01
  0.5711143E+02  0.1318883E+02  0.1818813E+02
  0.5706561E+02  0.1586701E+02  0.1552518E+02
  0.5559005E+02  0.1454666E+02  0.1667962E+02
  0.5165622E+02  0.1234295E+02  0.1072131E+02
  0.5007155E+02  0.1342399E+02  0.2104090E+02
  0.5836672E+02  0.1740994E+02  0.1678510E+02
  0.5828504E+02  0.1468164E+02  0.1956463E+02
  0.5553412E+02  0.1740696E+02  0.1944297E+02
  0.5958647E+02  0.1323343E+02  0.1567230E+02
  0.6249312E+02  0.1592686E+02  0.1543027E+02
  0.6209534E+02  0.1340393E+02  0.1842960E+02
  0.5965472E+02  0.1611155E+02  0.1811355E+02
  0.6088310E+02  0.1459819E+02  0.1678560E+02
  0.6382968E+02  0.1725790E+02  0.1687279E+02
  0.6370644E+02  0.1463578E+02  0.1975129E+02
  0.6092732E+02  0.1697670E+02  0.1997109E+02
