         
  0.6515772E+02  0.0000000E+00  0.2171924E+02
  0.0000000E+00  0.0000000E+00  0.2171924E+02
  0.1274473E+00  0.1826725E+02  0.2070745E+02
  0.2668678E+01  0.2130548E+02  0.2060436E+02
  0.2569867E+01  0.1862226E+02  0.1907254E+01
  0.6487384E+02  0.2133730E+02  0.1748348E+01
  0.1263634E+01  0.2006640E+02  0.4836275E+00
  0.3950635E+01  0.1145261E+01  0.3156971E+00
  0.4199434E+01  0.2002498E+02  0.3041369E+01
  0.1399330E+01  0.7466145E+00  0.2831720E+01
  0.5488707E+01  0.1874619E+02  0.2128424E+02
  0.8443031E+01  0.2152703E+02  0.3695932E+00
  0.8377818E+01  0.1844916E+02  0.2152294E+01
  0.5286432E+01  0.2157955E+02  0.1775415E+01
  0.6960828E+01  0.2002153E+02  0.1186285E+01
  0.1076324E+02  0.5525104E+01  0.2938419E+00
  0.8013164E+01  0.2134846E+02  0.4251256E+01
  0.6799579E+01  0.1352074E+01  0.3186346E+01
  0.1194424E+02  0.4608130E+00  0.1930820E+02
  0.2328984E+02  0.1056163E+02  0.6656448E+01
  0.2217261E+02  0.1894924E+01  0.1181122E+02
  0.1170517E+02  0.7001600E+01  0.2026006E+02
  0.1911029E+02  0.8281601E-01  0.5570543E+01
  0.3531226E+02  0.1807567E+02  0.5907621E+01
  0.9588219E+01  0.5621167E+01  0.4621436E+01
  0.2906610E+02  0.7531608E+01  0.6610031E+01
  0.1715653E+02  0.3471578E+01  0.9483232E+01
  0.1556786E+02  0.9514900E+01  0.4759085E+00
  0.2996385E+02  0.1430198E+02  0.1806723E+02
  0.1128425E+02  0.1793127E+02  0.3471293E+01
  0.2035671E+02  0.2164268E+01  0.1017247E+02
  0.2895911E+02  0.8306778E+01  0.1819534E+02
  0.1352145E+02  0.1995205E+02  0.1913285E+02
  0.3387840E+02  0.4956556E+01  0.7535467E+01
  0.6494996E+02  0.2315483E+01  0.2059842E+02
  0.2610062E+01  0.4907625E+01  0.2051244E+02
  0.2643151E+01  0.2363522E+01  0.1570739E+01
  0.2614827E-01  0.4956783E+01  0.1705738E+01
  0.1177390E+01  0.3825698E+01  0.1661450E+00
  0.4019477E+01  0.6382766E+01  0.2166267E+02
  0.4094330E+01  0.3795715E+01  0.2722816E+01
  0.1544830E+01  0.6138825E+01  0.2943791E+01
  0.5547638E+01  0.2191367E+01  0.2048243E+02
  0.7088625E+01  0.5301211E+01  0.2153035E+02
  0.8422701E+01  0.2501253E+01  0.2352706E+01
  0.5261573E+01  0.5149897E+01  0.1554948E+01
  0.7393142E+01  0.1981023E+01  0.2387931E+00
  0.1225364E+02  0.3537689E+01  0.3785445E+00
  0.9290956E+01  0.7904491E+00  0.5797545E+01
  0.6853265E+01  0.6337185E+01  0.3131154E+01
  0.8852679E+01  0.5324828E+01  0.1629690E+01
  0.2773660E+02  0.1235085E+02  0.1477787E+02
  0.2221148E+02  0.1647029E+02  0.1175615E+02
  0.1323951E+02  0.1103863E+02  0.3163811E+01
  0.1724818E+02  0.1706572E+02  0.3911465E+01
  0.1228746E+02  0.1309800E+01  0.2765291E+01
  0.2190798E+02  0.6558857E+01  0.6504830E+00
  0.9801940E+01  0.1437673E+02  0.3116722E+01
  0.3308349E+02  0.3384490E+01  0.9237428E+01
  0.1998666E+02  0.1119515E+02  0.5053591E+01
  0.1442423E+02  0.8764892E+01  0.1285573E+02
  0.1900551E+02  0.1706275E+02  0.1648589E+02
  0.1726731E+02  0.1764248E+02  0.7487564E+01
  0.1740493E+02  0.1930379E+02  0.1968867E+02
  0.1705929E+02  0.5850548E+01  0.9983409E+01
  0.1338002E+02  0.1816094E+02  0.1609860E+02
  0.1131891E+00  0.7626264E+01  0.2076308E+02
  0.2575758E+01  0.1053779E+02  0.2065776E+02
  0.2815042E+01  0.7595001E+01  0.1521626E+01
  0.3015247E-01  0.1026243E+02  0.1854848E+01
  0.1300815E+01  0.8899463E+01  0.4502151E+00
  0.3813961E+01  0.1177908E+02  0.3301056E+00
  0.4185168E+01  0.9125888E+01  0.2709088E+01
  0.1264615E+01  0.1190791E+02  0.2931306E+01
  0.5601166E+01  0.7825773E+01  0.2066121E+02
  0.1410143E+02  0.1273624E+02  0.1890634E+02
  0.1003686E+02  0.1017940E+02  0.2755234E+01
  0.5657322E+01  0.1050062E+02  0.1354132E+01
  0.7360206E+01  0.9073431E+01  0.1914296E+00
  0.9639297E+01  0.1133182E+02  0.7399648E+00
  0.1119017E+02  0.1667737E+02  0.1050116E+02
  0.6832007E+01  0.1173753E+02  0.3242494E+01
  0.8652426E+01  0.1029212E+02  0.2045740E+02
  0.2074502E+02  0.8713003E+01  0.4774013E+01
  0.3018730E+02  0.5927885E+01  0.1002389E+02
  0.1323611E+02  0.1351756E+02  0.1675106E+02
  0.1580105E+02  0.1274906E+02  0.8815306E+01
  0.2057995E+02  0.1112377E+02  0.1052769E+02
  0.2447149E+02  0.3382477E+01  0.1420552E+02
  0.2773234E+02  0.8511689E+01  0.4705722E+01
  0.1249887E+02  0.5932387E+01  0.1430989E+02
  0.2801719E+02  0.4346506E+01  0.8008600E+01
  0.1974065E+02  0.1930111E+02  0.1443627E+02
  0.1361835E+02  0.1036726E+02  0.1417540E+02
  0.2005155E+02  0.8930095E+01  0.2431055E+01
  0.3001343E+02  0.2048618E+02  0.1674766E+02
  0.4045793E+02  0.1378909E+02  0.1159754E+02
  0.3563840E+02  0.4363537E+01  0.1778305E+02
  0.6514903E+02  0.1269217E+02  0.2071627E+02
  0.2869049E+01  0.1587629E+02  0.2086589E+02
  0.2636098E+01  0.1334225E+02  0.1644670E+01
  0.6486359E+02  0.1550380E+02  0.1790613E+01
  0.1090305E+01  0.1436538E+02  0.3319359E+00
  0.3991695E+01  0.1701689E+02  0.7706668E+00
  0.4060472E+01  0.1432481E+02  0.2906078E+01
  0.1198988E+01  0.1695886E+02  0.3002099E+01
  0.5404269E+01  0.1294310E+02  0.2083371E+02
  0.8114550E+01  0.1583514E+02  0.2068989E+02
  0.8267895E+01  0.1314283E+02  0.1907732E+01
  0.5348487E+01  0.1558361E+02  0.1808959E+01
  0.6696563E+01  0.1439247E+02  0.3446033E+00
  0.9519741E+01  0.1725979E+02  0.4463316E+00
  0.1506079E+02  0.9853065E+00  0.6604446E+01
  0.6509958E+01  0.1696470E+02  0.3164701E+01
  0.1440794E+02  0.1877554E+02  0.6742912E+01
  0.9942089E+01  0.1478756E+02  0.1933350E+02
  0.1414324E+02  0.1390693E+02  0.4539406E+01
  0.2458773E+02  0.1436375E+02  0.1732675E+02
  0.2174943E+02  0.1457941E+01  0.6142377E+01
  0.2414296E+02  0.2012084E+02  0.1190082E+02
  0.1826126E+02  0.3757781E+01  0.7441893E+01
  0.1001460E+02  0.5313687E+00  0.2240984E+01
  0.1940442E+02  0.1676073E+02  0.8715863E+01
  0.1433390E+02  0.5859774E+01  0.1129363E+02
  0.3322061E+02  0.1033906E+02  0.9806010E+01
  0.2633668E+02  0.2161076E+02  0.4942584E+01
  0.1562280E+02  0.1913104E+02  0.1634445E+02
  0.2285765E+02  0.1126416E+02  0.1125105E+02
  0.2446015E+02  0.6068788E+00  0.1625786E+02
  0.1097406E+02  0.2117116E+02  0.2117446E+02
  0.1936250E+00  0.1856113E+02  0.4340286E+01
  0.2566518E+01  0.2122298E+02  0.4479323E+01
  0.2654041E+01  0.1840994E+02  0.7378979E+01
  0.6508286E+02  0.2121329E+02  0.6843851E+01
  0.1510499E+01  0.1964857E+02  0.5813248E+01
  0.4172509E+01  0.6476904E+00  0.5781988E+01
  0.4049537E+01  0.1962282E+02  0.8820516E+01
  0.1379227E+01  0.8922585E+00  0.8213630E+01
  0.5566862E+01  0.1862046E+02  0.4642281E+01
  0.1153048E+02  0.4229204E+01  0.4812371E+01
  0.8388291E+01  0.1845379E+02  0.7240884E+01
  0.5341315E+01  0.2115448E+02  0.7432609E+01
  0.6934369E+01  0.1988923E+02  0.6043571E+01
  0.1651299E+02  0.7561383E+01  0.2091668E+02
  0.9972995E+01  0.1764052E+02  0.5479512E+01
  0.7121692E+01  0.7056311E+00  0.8544932E+01
  0.2410938E+02  0.2143078E+02  0.4118805E+01
  0.2678973E+02  0.1145611E+02  0.1921672E+01
  0.1714767E+02  0.5538262E+01  0.1574246E+02
  0.1205565E+02  0.6880111E+01  0.6833630E+01
  0.1110910E+02  0.1402520E+02  0.1558147E+02
  0.1883382E+02  0.1692218E+02  0.1108971E+02
  0.2130144E+02  0.1764096E+02  0.4709253E+01
  0.1970219E+02  0.2126529E+02  0.1270933E+02
  0.1603672E+02  0.1899718E+02  0.1212540E+02
  0.2106925E+02  0.1136647E+02  0.1822626E+02
  0.1252149E+02  0.2052111E+02  0.1563980E+02
  0.1020020E+02  0.7570573E+01  0.3279147E+01
  0.1561213E+02  0.1392898E+02  0.1588958E+02
  0.2271952E+02  0.3872580E+01  0.1678078E+01
  0.2103397E+02  0.1756121E+02  0.1576330E+02
  0.1269950E+02  0.7591363E+01  0.8999250E+01
  0.2398931E+00  0.2347493E+01  0.4245604E+01
  0.2848571E+01  0.4850759E+01  0.4387245E+01
  0.2821716E+01  0.2414145E+01  0.7006963E+01
  0.6499435E+02  0.4912594E+01  0.7130277E+01
  0.1312937E+01  0.3703502E+01  0.5733696E+01
  0.4100120E+01  0.6240337E+01  0.5659706E+01
  0.4013652E+01  0.3852340E+01  0.8560948E+01
  0.1334859E+01  0.6360184E+01  0.8439751E+01
  0.5232853E+01  0.2468986E+01  0.4494213E+01
  0.8112988E+01  0.3388760E+01  0.2006445E+02
  0.6712608E+01  0.3563454E+01  0.5652046E+01
  0.5582776E+01  0.5141017E+01  0.7143778E+01
  0.8085941E+01  0.2378407E+01  0.7049714E+01
  0.1911277E+02  0.6102687E+01  0.1444225E+02
  0.1006772E+02  0.1959676E+02  0.1124310E+02
  0.6864982E+01  0.6374492E+01  0.8576640E+01
  0.1736357E+02  0.2057809E+02  0.8316905E+01
  0.8305927E+01  0.7713178E+01  0.1789235E+01
  0.1402847E+02  0.6919436E+01  0.2086660E+02
  0.1300136E+02  0.3510042E+01  0.6587506E+01
  0.9794844E+01  0.1994056E+02  0.3406355E+01
  0.1070216E+02  0.8290590E+01  0.1023913E+02
  0.2029521E+02  0.1107966E+02  0.8248069E+01
  0.1874771E+02  0.5216525E+01  0.4352216E+01
  0.1342438E+02  0.2631590E+00  0.1111897E+02
  0.2129849E+02  0.1028069E+01  0.1387649E+02
  0.2175739E+02  0.4625841E+01  0.8480571E+01
  0.3532223E+02  0.2091496E+02  0.9908336E+01
  0.2796333E+02  0.2485576E+01  0.3205431E+01
  0.1320676E+02  0.1555044E+02  0.1055679E+02
  0.2431709E+02  0.1139980E+02  0.4540796E+01
  0.1357224E+02  0.1351970E+02  0.9370452E+01
  0.6511731E+02  0.7432271E+01  0.4466235E+01
  0.2877921E+01  0.1045073E+02  0.3998319E+01
  0.2702752E+01  0.7798206E+01  0.7001581E+01
  0.2785531E+00  0.1025788E+02  0.6890048E+01
  0.1588978E+01  0.9122957E+01  0.5378435E+01
  0.4096572E+01  0.1158207E+02  0.5749188E+01
  0.4106682E+01  0.8810400E+01  0.8538134E+01
  0.1235721E+01  0.1152756E+02  0.8650219E+01
  0.5326784E+01  0.7638172E+01  0.4329069E+01
  0.8083600E+01  0.9986119E+01  0.4393027E+01
  0.8095525E+01  0.4443554E+01  0.3691198E+01
  0.5370126E+01  0.1029228E+02  0.7140812E+01
  0.6662472E+01  0.8791380E+01  0.5806355E+01
  0.7940632E+01  0.1299024E+02  0.6985582E+01
  0.8186900E+01  0.7752990E+01  0.7356849E+01
  0.6506445E+01  0.1191581E+02  0.8470210E+01
  0.1426398E+02  0.8302713E+01  0.4163022E+01
  0.1383723E+02  0.5567322E+01  0.7836248E+01
  0.1766626E+02  0.1363802E+02  0.1699405E+02
  0.2178062E+02  0.4509885E+01  0.1805125E+02
  0.2138063E+02  0.1817728E+02  0.1798216E+02
  0.1332773E+02  0.1515804E+02  0.1302345E+02
  0.2861659E+02  0.4660149E+01  0.5638331E+01
  0.1566452E+02  0.1421605E+02  0.2039604E+02
  0.1753282E+02  0.3399666E+01  0.5153286E+01
  0.2046720E+02  0.1770822E+02  0.1275491E+02
  0.3400735E+02  0.1285574E+02  0.1982605E+01
  0.2343527E+02  0.1719224E+02  0.1811855E+02
  0.2015285E+02  0.1521902E+02  0.1989089E+02
  0.3390513E+02  0.8532092E+01  0.5653806E+00
  0.3391489E+02  0.1019934E+02  0.2046159E+02
  0.3063129E+02  0.1095879E+02  0.1900296E+02
  0.6504884E+02  0.1289799E+02  0.4206293E+01
  0.2785700E+01  0.1567285E+02  0.4534232E+01
  0.2513199E+01  0.1279002E+02  0.7101984E+01
  0.6499761E+02  0.1568089E+02  0.6967729E+01
  0.1342987E+01  0.1416867E+02  0.5712346E+01
  0.4021982E+01  0.1728740E+02  0.5782255E+01
  0.3628301E+01  0.1442105E+02  0.8483277E+01
  0.9922225E+00  0.1690280E+02  0.8373636E+01
  0.5444982E+01  0.1299192E+02  0.4281155E+01
  0.1599556E+02  0.1246875E+02  0.4496238E+01
  0.9668890E+01  0.1445053E+02  0.8074718E+01
  0.5317142E+01  0.1555452E+02  0.7141776E+01
  0.6768865E+01  0.1470556E+02  0.5547549E+01
  0.8451104E+01  0.1592416E+02  0.4191482E+01
  0.8066825E+01  0.1544579E+02  0.9550676E+01
  0.6739987E+01  0.1687583E+02  0.8360899E+01
  0.1920447E+02  0.1421952E+02  0.8092346E+01
  0.1274463E+02  0.1403099E+01  0.7567996E+01
  0.1617970E+02  0.8536854E+01  0.2762134E+01
  0.1485047E+02  0.1653560E+02  0.7135051E+01
  0.9364952E+01  0.1155889E+02  0.1105271E+02
  0.2408233E+02  0.1594702E+02  0.1296023E+02
  0.2464968E+02  0.6421137E+01  0.1017808E+02
  0.1685977E+02  0.2254414E+01  0.1692441E+02
  0.1824364E+02  0.3723998E+01  0.1932835E+02
  0.2521472E+02  0.2171029E+02  0.1905738E+02
  0.1894002E+02  0.3980630E+01  0.1113127E+02
  0.1783383E+02  0.9372493E+01  0.2032302E+02
  0.1209087E+02  0.1813921E+02  0.1986672E+02
  0.9374777E+01  0.9323263E+01  0.8406875E+01
  0.1275658E+02  0.1173604E+02  0.7730605E+01
  0.9679641E+01  0.1977461E+02  0.8612820E+01
  0.6495205E+02  0.1837189E+02  0.9897584E+01
  0.2518316E+01  0.2119666E+02  0.9865368E+01
  0.2746361E+01  0.1855309E+02  0.1269386E+02
  0.6498206E+02  0.2122656E+02  0.1253282E+02
  0.1167812E+01  0.1982631E+02  0.1126409E+02
  0.4272336E+01  0.8563107E+00  0.1096347E+02
  0.4152338E+01  0.2013748E+02  0.1404007E+02
  0.1411893E+01  0.7204510E+00  0.1384518E+02
  0.5483103E+01  0.1810673E+02  0.1004497E+02
  0.8254325E+01  0.2097914E+02  0.1001552E+02
  0.8449499E+01  0.1817785E+02  0.1241086E+02
  0.5747831E+01  0.2131546E+02  0.1250898E+02
  0.6792603E+01  0.1963240E+02  0.1122372E+02
  0.1331087E+02  0.6106185E+01  0.4744436E+01
  0.9235203E+01  0.1490551E+02  0.1370015E+02
  0.6946730E+01  0.8641214E+00  0.1366413E+02
  0.9131562E+01  0.1613196E+02  0.1150935E+02
  0.1827953E+02  0.3868397E+01  0.2167463E+02
  0.1656105E+02  0.1157025E+02  0.7843897E+00
  0.1703891E+02  0.1820085E+02  0.9996610E+01
  0.1332023E+02  0.1676796E+02  0.1229324E+01
  0.2108927E+02  0.8119846E+01  0.1333266E+02
  0.9531386E+01  0.8948487E+00  0.1112044E+02
  0.1544039E+02  0.2124179E+02  0.1227597E+02
  0.3561076E+02  0.2855290E+01  0.8286279E+00
  0.1324298E+02  0.3452157E+01  0.1830035E+02
  0.1796908E+02  0.1187050E+02  0.5784319E+01
  0.1925694E+02  0.9263780E+01  0.1143549E+02
  0.2324820E+02  0.1712229E+02  0.9752783E+01
  0.2464035E+02  0.1539646E+02  0.8772282E+01
  0.2639516E+02  0.7464451E+01  0.8644712E+01
  0.1158607E+02  0.1003907E+02  0.1742489E+02
  0.6498919E+02  0.2138615E+01  0.9688991E+01
  0.2460646E+01  0.5088570E+01  0.9947526E+01
  0.2732773E+01  0.2207234E+01  0.1222682E+02
  0.8089943E-01  0.4829856E+01  0.1273393E+02
  0.1141741E+01  0.3475164E+01  0.1101415E+02
  0.4168077E+01  0.6367865E+01  0.1139530E+02
  0.4267564E+01  0.3383334E+01  0.1355715E+02
  0.1395950E+01  0.6053743E+01  0.1408612E+02
  0.5575111E+01  0.2231730E+01  0.9472756E+01
  0.8268160E+01  0.5044130E+01  0.9809777E+01
  0.8151366E+01  0.2161049E+01  0.1227225E+02
  0.5821372E+01  0.4927331E+01  0.1262594E+02
  0.6824692E+01  0.3650715E+01  0.1091490E+02
  0.9238509E+01  0.6776228E+01  0.1131109E+02
  0.9304485E+01  0.3469780E+01  0.1380634E+02
  0.7083020E+01  0.6123758E+01  0.1439945E+02
  0.1054374E+02  0.2494976E+01  0.9906828E+01
  0.2115506E+02  0.4765515E+01  0.1589215E+02
  0.1480964E+02  0.2060504E+02  0.5274531E+01
  0.1082143E+02  0.4052141E+01  0.1174267E+02
  0.1120412E+02  0.8816489E+01  0.5329216E+01
  0.2085931E+02  0.4552673E+01  0.1767241E-01
  0.1064995E+02  0.7398850E+01  0.1517373E+02
  0.1623895E+02  0.1626054E+02  0.1626615E+01
  0.1044145E+02  0.1852505E+02  0.1823711E+02
  0.1463450E+02  0.1513259E+02  0.2744281E+01
  0.2523404E+02  0.6621080E+01  0.1541969E+02
  0.1164378E+02  0.1432567E+02  0.4705062E+01
  0.2757221E+02  0.2724848E+01  0.9919765E+01
  0.9781410E+01  0.6002238E+01  0.7024438E+01
  0.1461564E+02  0.4112975E+01  0.2106631E+02
  0.2048752E+02  0.6861213E+01  0.8280061E+01
  0.2414284E+00  0.7768704E+01  0.9975652E+01
  0.2752442E+01  0.1034212E+02  0.9807849E+01
  0.2509063E+01  0.7541708E+01  0.1273515E+02
  0.6511443E+02  0.1017317E+02  0.1261080E+02
  0.1405671E+01  0.8924622E+01  0.1119894E+02
  0.3991356E+01  0.1179879E+02  0.1108254E+02
  0.4081977E+01  0.8702516E+01  0.1399960E+02
  0.1310200E+01  0.1177946E+02  0.1395642E+02
  0.5393521E+01  0.7692961E+01  0.9724925E+01
  0.7712112E+01  0.1038739E+02  0.9787006E+01
  0.7844227E+01  0.7763314E+01  0.1267532E+02
  0.5092118E+01  0.1056845E+02  0.1264195E+02
  0.6545311E+01  0.9162804E+01  0.1122748E+02
  0.1070954E+02  0.9886781E+01  0.1221128E+02
  0.9407415E+01  0.8945363E+01  0.1400413E+02
  0.6628348E+01  0.1183254E+02  0.1397559E+02
  0.3015274E+02  0.1120343E+02  0.5380605E+01
  0.1253291E+02  0.1007943E+01  0.5239292E+00
  0.2516705E+02  0.4413160E+01  0.1953576E+02
  0.1531521E+02  0.1340629E+02  0.1219790E+02
  0.2452217E+02  0.1935144E+02  0.1796547E+02
  0.2334413E+02  0.1060907E+02  0.1572816E+01
  0.1029520E+02  0.2223349E+01  0.4168149E+01
  0.1767186E+02  0.2146976E+02  0.2091341E+02
  0.1507985E+02  0.5663272E+01  0.5961887E+01
  0.3690798E+02  0.1942754E+02  0.7091181E+01
  0.3225421E+02  0.1215605E+02  0.2050203E+02
  0.1472411E+02  0.8687641E+01  0.1850847E+02
  0.4079842E+02  0.9993727E+01  0.1994258E+02
  0.3087900E+02  0.6419953E+01  0.5470962E+01
  0.4206891E+02  0.1498650E+02  0.1910130E+02
  0.1437379E+02  0.2913507E+01  0.2527328E+01
  0.2882125E+00  0.1322513E+02  0.1013522E+02
  0.2474732E+01  0.1593014E+02  0.9878473E+01
  0.2716566E+01  0.1316759E+02  0.1262018E+02
  0.6501230E+02  0.1590946E+02  0.1286448E+02
  0.1303007E+01  0.1471835E+02  0.1152915E+02
  0.3873860E+01  0.1696062E+02  0.1133176E+02
  0.4065161E+01  0.1448936E+02  0.1406943E+02
  0.1197972E+01  0.1739276E+02  0.1423314E+02
  0.5260369E+01  0.1318530E+02  0.9779813E+01
  0.1086070E+02  0.2148405E+02  0.7412914E+01
  0.8052784E+01  0.1328632E+02  0.1261900E+02
  0.5365611E+01  0.1600050E+02  0.1291672E+02
  0.6631717E+01  0.1451454E+02  0.1126276E+02
  0.2647713E+02  0.2034616E+02  0.1125041E+01
  0.1341372E+02  0.1731978E+02  0.1395899E+02
  0.6776610E+01  0.1748486E+02  0.1429689E+02
  0.1708357E+02  0.1864844E+02  0.1861036E+01
  0.2731579E+02  0.1719029E+02  0.1752779E+02
  0.1684523E+02  0.7524726E+01  0.6333181E+01
  0.1548399E+02  0.1826303E+02  0.1858361E+02
  0.1529071E+02  0.1638140E+02  0.9524358E+01
  0.2452680E+02  0.1767909E+02  0.2751200E+01
  0.2326289E+02  0.1466069E+02  0.2144315E+02
  0.1143591E+02  0.1389753E+02  0.1309928E+02
  0.1137155E+02  0.1812716E+02  0.8518378E+01
  0.2719366E+02  0.9471399E+01  0.5717879E+00
  0.9286972E+01  0.1911605E+02  0.1442232E+02
  0.2138623E+02  0.1395170E+02  0.1440631E+02
  0.1385655E+02  0.2547673E+01  0.1484748E+02
  0.2360544E+02  0.1324995E+02  0.9991686E+01
  0.2071583E+02  0.2995524E+01  0.4461544E+01
  0.1956636E+02  0.1677733E+01  0.2730304E+01
  0.6502812E+02  0.1878408E+02  0.1543534E+02
  0.2613805E+01  0.2118728E+02  0.1554447E+02
  0.2715626E+01  0.1846612E+02  0.1835018E+02
  0.6477640E+02  0.2116704E+02  0.1800704E+02
  0.1380737E+01  0.2003331E+02  0.1684114E+02
  0.4045710E+01  0.8659760E+00  0.1675205E+02
  0.4317003E+01  0.1977201E+02  0.1959840E+02
  0.1172685E+01  0.8721048E+00  0.1938079E+02
  0.5152117E+01  0.1881951E+02  0.1563158E+02
  0.8023496E+01  0.2112302E+02  0.1512608E+02
  0.8017522E+01  0.1824085E+02  0.1808825E+02
  0.5568605E+01  0.2123315E+02  0.1801292E+02
  0.6950766E+01  0.1976167E+02  0.1682326E+02
  0.2052414E+02  0.6659823E+01  0.2013100E+02
  0.9451151E+01  0.7133700E+00  0.1662820E+02
  0.7349867E+01  0.3857706E+00  0.1979359E+02
  0.1925207E+02  0.3506438E+00  0.1030740E+02
  0.1509432E+02  0.2412664E+01  0.1943903E+02
  0.3249461E+02  0.4857061E+01  0.4799613E+01
  0.2614191E+02  0.5504855E+01  0.1158422E+02
  0.1939189E+02  0.1600498E+02  0.3715103E+01
  0.1679456E+02  0.1967435E+02  0.4056374E+01
  0.1127703E+02  0.1903503E+02  0.1569750E+00
  0.1337345E+02  0.9104742E+00  0.1662283E+02
  0.1902196E+02  0.6189750E+01  0.6675681E+01
  0.1355617E+02  0.1041299E+02  0.1890189E+02
  0.2210941E+02  0.1937285E+02  0.9323545E+01
  0.2533589E+02  0.1342382E+02  0.2426875E+01
  0.1402314E+02  0.1200416E+02  0.1074734E+02
  0.4813163E+02  0.1047103E+02  0.2170605E+02
  0.2028449E+02  0.2399106E+01  0.7888372E+01
  0.1570131E+02  0.4395207E+01  0.4054846E+01
  0.6513953E+02  0.2086244E+01  0.1520344E+02
  0.2938956E+01  0.4643141E+01  0.1512163E+02
  0.2686612E+01  0.2055944E+01  0.1810206E+02
  0.1046399E+00  0.4788236E+01  0.1778588E+02
  0.1459697E+01  0.3542440E+01  0.1646678E+02
  0.4254849E+01  0.6223387E+01  0.1652983E+02
  0.4149267E+01  0.3524598E+01  0.1925887E+02
  0.1263772E+01  0.6134089E+01  0.1927163E+02
  0.5426013E+01  0.2045828E+01  0.1512352E+02
  0.8237214E+01  0.4467525E+01  0.1554669E+02
  0.8120959E+01  0.2036063E+01  0.1821166E+02
  0.5564699E+01  0.4718292E+01  0.1805954E+02
  0.6756951E+01  0.3129337E+01  0.1678376E+02
  0.1648336E+02  0.5282373E+01  0.1572604E+00
  0.1174872E+02  0.5525482E+01  0.1830775E+02
  0.6938547E+01  0.6404036E+01  0.1931477E+02
  0.1762400E+02  0.5495570E+00  0.1296011E+02
  0.2019773E+02  0.1728516E+02  0.2168467E+02
  0.1222676E+02  0.1835398E+02  0.1205578E+02
  0.1153148E+02  0.2734052E+01  0.1372265E+02
  0.2396626E+02  0.9539352E+01  0.1580081E+02
  0.1144727E+02  0.1223896E+02  0.9663476E-01
  0.1558829E+02  0.2144830E+02  0.1669186E+00
  0.9709538E+01  0.5872044E+01  0.1689724E+02
  0.2370253E+02  0.2375728E+01  0.3557369E+01
  0.2384325E+02  0.2010610E+02  0.7814051E+01
  0.1348005E+02  0.9371076E+01  0.2120655E+02
  0.2539405E+02  0.3750301E+01  0.1008551E+02
  0.1878898E+02  0.8812347E+01  0.1603772E+02
  0.1235136E+02  0.9043425E+01  0.1556796E+02
  0.1910083E+02  0.6991210E+01  0.1056656E+02
  0.2981672E+02  0.1896158E+02  0.5143197E+01
  0.6508297E+02  0.7717850E+01  0.1540336E+02
  0.2636886E+01  0.1016153E+02  0.1532720E+02
  0.2897068E+01  0.7663430E+01  0.1795454E+02
  0.2048957E-01  0.1011354E+02  0.1822007E+02
  0.1279839E+01  0.8995831E+01  0.1678259E+02
  0.4149283E+01  0.1152279E+02  0.1664791E+02
  0.4341453E+01  0.9384570E+01  0.1962478E+02
  0.1512521E+01  0.1170076E+02  0.1939490E+02
  0.5543674E+01  0.7654008E+01  0.1533115E+02
  0.8260171E+01  0.1077763E+02  0.1532966E+02
  0.8408070E+01  0.7763239E+01  0.1821989E+02
  0.5803512E+01  0.1055933E+02  0.1806170E+02
  0.7105422E+01  0.9056906E+01  0.1663548E+02
  0.7726339E+01  0.1284474E+02  0.1783157E+02
  0.1039696E+02  0.8844937E+01  0.1924983E+02
  0.7025292E+01  0.1175321E+02  0.1978145E+02
  0.1115294E+02  0.1590071E+02  0.6752189E+01
  0.1467177E+02  0.6347241E+00  0.8999275E+01
  0.2280079E+02  0.2122965E+02  0.1498681E+02
  0.1358617E+02  0.1164564E+02  0.9640248E+00
  0.1616506E+02  0.7735513E+01  0.1509247E+02
  0.1707816E+02  0.9050209E+01  0.1767693E+02
  0.1873977E+02  0.1543269E+02  0.1815772E+02
  0.2646400E+02  0.6845333E+01  0.1762025E+02
  0.1125027E+02  0.6303960E+00  0.1244570E+02
  0.2651402E+02  0.1184943E+02  0.5322151E+01
  0.2906654E+02  0.8275693E+01  0.1486665E+02
  0.2082081E+02  0.1435819E+02  0.1192081E+02
  0.2299959E+02  0.1231749E+02  0.1351778E+02
  0.1183507E+02  0.6238128E+01  0.1095339E+02
  0.2987192E+02  0.4909685E+01  0.1749596E+02
  0.2182560E+02  0.1033505E+02  0.1442575E+02
  0.1462966E+00  0.1304103E+02  0.1529213E+02
  0.2687222E+01  0.1591764E+02  0.1534486E+02
  0.2718253E+01  0.1289999E+02  0.1780983E+02
  0.9967096E-01  0.1567208E+02  0.1825219E+02
  0.1421344E+01  0.1455629E+02  0.1674397E+02
  0.3789351E+01  0.1744694E+02  0.1670250E+02
  0.3929039E+01  0.1418506E+02  0.1962786E+02
  0.1252620E+01  0.1695586E+02  0.1931363E+02
  0.5200482E+01  0.1309671E+02  0.1544842E+02
  0.7671665E+01  0.1556653E+02  0.1546039E+02
  0.1131761E+02  0.1472513E+02  0.2140818E+02
  0.4924106E+01  0.1601260E+02  0.1844764E+02
  0.6187088E+01  0.1453522E+02  0.1711911E+02
  0.9622188E+01  0.1750223E+02  0.1615858E+02
  0.9522043E+01  0.1508435E+02  0.1698645E+02
  0.6694963E+01  0.1739947E+02  0.1974523E+02
  0.1230336E+02  0.1170874E+02  0.1269826E+02
  0.1464495E+02  0.1596367E+02  0.1899399E+02
  0.1636787E+02  0.7454614E+01  0.1188148E+02
  0.1148626E+02  0.1954992E+01  0.1747985E+02
  0.2855827E+02  0.8279446E+01  0.2336266E+01
  0.2338990E+02  0.1310908E+01  0.1821523E+02
  0.2840143E+02  0.4405189E+01  0.1497155E+02
  0.1982254E+02  0.1277323E+02  0.8098035E+00
  0.1000282E+02  0.1152876E+02  0.7430378E+01
  0.1114389E+02  0.2007099E+02  0.1328175E+02
  0.1422892E+02  0.8002117E+01  0.1645114E+02
  0.2009437E+02  0.2857043E+01  0.1816287E+02
  0.1829138E+02  0.7377753E+01  0.3416968E+01
  0.1841262E+02  0.1176571E+02  0.2084591E+02
  0.1944898E+02  0.1324355E+02  0.1025260E+02
  0.2079403E+02  0.1378504E+02  0.1812759E+02
  0.3984112E+02  0.1911162E+02  0.9709085E+01
  0.3858874E+02  0.4255499E+01  0.1311617E+02
  0.2372958E+02  0.1518908E+02  0.1507800E+02
  0.3114425E+02  0.8691620E+01  0.1904982E+02
  0.4435946E+02  0.1297421E+02  0.3389413E+01
  0.4220824E+02  0.4262835E+01  0.2013572E+02
  0.5129854E+02  0.2099643E+02  0.1642798E+02
  0.4113736E+02  0.2016159E+02  0.1919009E+02
  0.4176759E+02  0.5584928E+01  0.4089536E+01
  0.2265038E+02  0.1269374E+02  0.7781761E+01
  0.1758854E+02  0.1148928E+02  0.1838877E+02
  0.3642346E+02  0.1082089E+02  0.1248607E+02
  0.3244178E+02  0.4780470E+01  0.1982502E+02
  0.4649769E+02  0.8964952E+01  0.2094910E+02
  0.3548538E+02  0.3633917E+01  0.1087351E+02
  0.3969395E+02  0.2097247E+02  0.5796351E+01
  0.2870266E+02  0.7955951E+01  0.9064814E+01
  0.4005350E+02  0.1459333E+01  0.1235254E+02
  0.4385709E+02  0.2482121E+01  0.2030357E+02
  0.1217759E+02  0.1819786E+02  0.6318292E+01
  0.3476737E+02  0.1037717E+02  0.1581206E+02
  0.3540121E+02  0.5553197E+01  0.2457808E+01
  0.2887915E+02  0.8120517E+01  0.1247933E+02
  0.2216968E+02  0.1979260E+02  0.1948609E+02
  0.4742257E+02  0.1318153E+02  0.1955637E+02
  0.1429904E+02  0.7533706E-02  0.1439556E+02
  0.2948847E+02  0.1049250E+02  0.1240551E+02
  0.3946326E+02  0.1878769E+02  0.4473786E+01
  0.2520351E+02  0.1563718E+02  0.2098165E+02
  0.3364572E+02  0.1141658E+02  0.5138825E+01
  0.4632157E+02  0.2169582E+02  0.2163878E+02
  0.3403511E+02  0.7343601E+01  0.1668752E+02
  0.3473852E+02  0.4548013E+01  0.5484849E+01
  0.3665170E+02  0.9491889E+01  0.2985366E+00
  0.3762644E+02  0.1603448E+01  0.1587163E+02
  0.2299613E+02  0.2036516E+02  0.2170540E+02
  0.5215993E+02  0.3166168E+01  0.7014896E+01
  0.2476854E+02  0.1871635E+02  0.1362135E+02
  0.3188126E+02  0.1568085E+02  0.1073742E+02
  0.3339063E+02  0.4233360E+01  0.1756380E+02
  0.4449013E+02  0.2107813E+02  0.5093352E+01
  0.5255705E+02  0.7082387E+01  0.2452913E+01
  0.2638826E+02  0.1389804E+02  0.6357979E+01
  0.2964490E+02  0.3771199E+01  0.1105054E+02
  0.3740657E+02  0.8921361E+01  0.1397339E+02
  0.2519907E+02  0.9224131E+01  0.1766725E+02
  0.1981727E+02  0.2020168E+02  0.8916200E+01
  0.3187424E+02  0.2676253E+01  0.4010035E+01
  0.3652844E+02  0.6321074E+01  0.5701934E+01
  0.3921590E+02  0.8305756E+01  0.1101092E+02
  0.4097449E+02  0.1228754E+02  0.7195183E+00
  0.1966504E+02  0.1316214E+02  0.1591948E+02
  0.3484144E+02  0.2114656E+02  0.1332834E+02
  0.1595497E+02  0.1291156E+01  0.1863675E+01
  0.3581753E+02  0.9969340E+00  0.1738243E+02
  0.2699220E+02  0.1491307E+02  0.1483184E+01
  0.2543444E+02  0.4427694E+00  0.1182232E+02
  0.4719970E+02  0.5383224E+01  0.4306689E+00
  0.3591956E+02  0.5225681E+01  0.1554262E+02
  0.3370200E+02  0.1984878E+02  0.5863357E+01
  0.2237977E+02  0.1943360E+02  0.1339711E+02
  0.3384260E+02  0.8929344E+01  0.5959597E+01
  0.1817650E+02  0.7313327E+01  0.1892583E+02
  0.4478530E+02  0.1815300E+02  0.1711598E+02
  0.2617075E+02  0.1055698E+01  0.8322928E+01
  0.2492912E+02  0.9109391E+01  0.1372441E+02
  0.2131575E+02  0.2014987E+02  0.1642375E+02
  0.1582428E+02  0.1540761E+02  0.5376344E+01
  0.2798593E+02  0.1879844E+02  0.1926972E+02
  0.2173926E+02  0.9117555E+01  0.7703469E+00
  0.4181793E+02  0.1861071E+02  0.1159231E+02
  0.2830536E+02  0.4079205E+01  0.3189040E+00
  0.4056142E+02  0.5523200E+01  0.1397425E+02
  0.2332326E+02  0.7284316E+01  0.1391649E+02
  0.2374108E+02  0.3286934E+01  0.8312100E+01
  0.1676248E+02  0.1688780E+02  0.1550796E+02
  0.2170390E+02  0.1446427E+02  0.2966226E+01
  0.3979656E+02  0.3385434E+01  0.7687047E+01
  0.3504779E+02  0.1322873E+02  0.4096761E+01
  0.3621159E+02  0.1344149E+02  0.1076840E+02
  0.3160054E+02  0.1534977E+02  0.1950125E+02
  0.2261750E+02  0.2132933E+02  0.1050895E+02
  0.3081225E+02  0.1134554E+02  0.9320166E+01
  0.3232772E+02  0.1406880E+02  0.2856643E+01
  0.3891540E+02  0.6915467E+01  0.4952251E+01
  0.2853565E+02  0.6490557E+01  0.3048586E+00
  0.2841560E+02  0.1362277E+02  0.7701454E+01
  0.3707562E+02  0.5961264E+01  0.1209692E+02
  0.1031997E+02  0.1112059E+02  0.5258922E+01
  0.4055711E+02  0.5812921E+01  0.8435456E+01
  0.4658480E+02  0.7742499E+01  0.1873985E+02
  0.3254453E+02  0.8875431E+01  0.8146390E+01
  0.3936928E+02  0.1788133E+01  0.1080651E+01
  0.4971415E+02  0.3668329E+01  0.7421885E+01
  0.3819907E+02  0.2162743E+02  0.7454160E+01
  0.1798914E+02  0.8867537E+01  0.1363947E+02
  0.2416884E+02  0.2244829E+01  0.5849749E+01
  0.2223374E+02  0.1969073E+02  0.4144084E+01
  0.1744772E+02  0.2876426E+01  0.1277809E+02
  0.2794067E+02  0.1702891E+02  0.1367326E+02
  0.3303269E+02  0.7749632E+01  0.2554430E+01
  0.2808412E+02  0.4700741E+00  0.1530290E+02
  0.2387355E+02  0.6516781E+00  0.2114713E+02
  0.2519681E+02  0.8569874E+01  0.2143872E+02
  0.3429776E+02  0.8621236E+01  0.1316637E+02
  0.2829616E+02  0.2928241E+01  0.1692014E+02
  0.4489507E+02  0.4280823E+01  0.1361248E+02
  0.3977886E+02  0.1125765E+02  0.2757620E+01
  0.4194434E+02  0.1180050E+02  0.1130649E+02
  0.2644424E+02  0.4891380E+01  0.1387826E+02
  0.2606789E+02  0.6286509E+01  0.2081054E+02
  0.4912025E+02  0.1887701E+02  0.2125518E+02
  0.2154534E+02  0.1743562E+02  0.7875390E+01
  0.3147278E+02  0.9125919E+01  0.2153012E+02
  0.2874187E+02  0.1962199E+02  0.1527044E+02
  0.2706456E+02  0.3657044E+00  0.1055853E+02
  0.3914104E+02  0.1671669E+02  0.9935614E+01
  0.1888898E+02  0.2032797E+02  0.1306792E+01
  0.4732195E+02  0.1991962E+02  0.1181468E+02
  0.4630755E+02  0.1853508E+02  0.2633752E+01
  0.2835077E+02  0.1218351E+02  0.3790286E+01
  0.4193419E+02  0.6685892E+01  0.1584230E+02
  0.2510039E+02  0.1381105E+02  0.1354099E+02
  0.3848713E+02  0.8770497E+01  0.1767335E+02
  0.3633085E+02  0.3838405E+01  0.3751100E+01
  0.2643832E+02  0.1555569E+02  0.1028931E+02
  0.2250453E+02  0.3922885E+01  0.2017391E+02
  0.2077358E+02  0.7254883E+01  0.1584992E+02
  0.1127157E+02  0.2030922E+02  0.5447535E+01
  0.3689390E+02  0.1504250E+02  0.1774110E+02
  0.2538811E+02  0.1826308E+02  0.1045936E+02
  0.1212769E+02  0.8863361E+01  0.3011470E+01
  0.3798772E+02  0.1157763E+02  0.2035073E+02
  0.3206428E+02  0.3595369E+01  0.1339293E+02
  0.5436137E+02  0.1545537E+02  0.1370991E+02
  0.1673832E+02  0.1000498E+02  0.6485807E+01
  0.1496307E+02  0.6140246E+01  0.1865330E+02
  0.3992943E+02  0.1424328E+01  0.3181207E+01
  0.3140928E+02  0.1948136E+02  0.1691219E+00
  0.2764116E+02  0.1853825E+02  0.6368915E+01
  0.1298176E+02  0.2407367E+01  0.9732296E+01
  0.5285478E+02  0.1705888E+02  0.5452787E+01
  0.3735241E+02  0.6648799E+01  0.1724080E+02
  0.2941237E+02  0.2149880E+02  0.7584794E+01
  0.1503591E+02  0.1045743E+02  0.4733316E+01
  0.4207984E+02  0.1540025E+01  0.1893849E+02
  0.3602936E+02  0.7407883E+01  0.1537624E+02
  0.3119894E+02  0.1678029E+02  0.2133633E+02
  0.3267043E+02  0.9098549E+01  0.1156716E+02
  0.2827044E+02  0.2038102E+02  0.2113860E+02
  0.3854821E+02  0.1246644E+02  0.1085374E+02
  0.2511378E+02  0.9759730E+01  0.2728640E+01
  0.1502739E+02  0.1933663E+02  0.8685982E+00
  0.4164014E+02  0.1263693E+00  0.1545595E+02
  0.1578558E+02  0.6928020E+01  0.8549399E+01
  0.2958157E+02  0.1827911E+02  0.2746351E+01
  0.3401769E+02  0.1864058E+02  0.3859169E+01
  0.2928998E+02  0.2074161E+02  0.1066320E+02
  0.4070101E+02  0.1386937E+02  0.1732803E+02
  0.3226632E+02  0.1672528E+02  0.1668195E+02
  0.2572098E+02  0.7825599E+01  0.6258391E+01
  0.1606632E+02  0.1179417E+02  0.2007772E+02
  0.2140837E+02  0.1324947E+02  0.2051768E+02
  0.2654217E+02  0.4020184E+01  0.4363411E+01
  0.5108371E+02  0.1257093E+01  0.1209257E+02
  0.3636570E+02  0.1744298E+02  0.1291495E+02
  0.2450547E+02  0.1185177E+02  0.1541510E+02
  0.3363486E+02  0.1719408E+02  0.6061877E+00
  0.4067949E+02  0.1340019E+02  0.4018339E+01
  0.3664097E+02  0.7286414E+01  0.1448239E+01
  0.3740836E+02  0.1066078E+00  0.1155217E+02
  0.2959248E+02  0.2061747E+02  0.3392020E+01
  0.3532833E+02  0.1570997E+02  0.1137134E+02
  0.2705539E+02  0.9862384E+01  0.6564702E+01
  0.3388256E+02  0.1514038E+02  0.5086939E+01
  0.4106301E+02  0.1938147E+02  0.1689093E+02
  0.2635702E+02  0.1469074E+01  0.1389887E+02
  0.1791637E+02  0.1964684E+02  0.6177595E+01
  0.4143089E+02  0.7770634E+01  0.1976182E+02
  0.4943563E+02  0.8910165E+01  0.3527036E+01
  0.2657948E+02  0.1761529E+02  0.2122373E+02
  0.3582341E+02  0.1169887E+02  0.1983571E+02
  0.2191886E+02  0.1639139E+01  0.2094030E+01
  0.3495213E+02  0.7236339E+01  0.7389283E+01
  0.3914418E+02  0.1707686E+02  0.1842442E+01
  0.1786659E+02  0.1465986E+02  0.2116847E+02
  0.2048192E+02  0.2631269E+01  0.1565579E+02
  0.1707725E+02  0.1379597E+02  0.6812494E+01
  0.4320475E+02  0.1797664E+02  0.3187615E+01
  0.2593541E+02  0.1557725E+02  0.1858175E+02
  0.3115959E+02  0.2166417E+02  0.9598009E+01
  0.2014023E+02  0.5949893E+01  0.1235382E+02
  0.3835160E+02  0.2169577E+01  0.6293564E+01
  0.3323911E+02  0.1753570E+02  0.1008467E+02
  0.4513754E+02  0.1069196E+02  0.6302102E+01
  0.3026586E+02  0.9314304E+00  0.1602322E+02
  0.1298536E+02  0.2077869E+02  0.3890016E+01
  0.2841014E+02  0.1546301E+02  0.9075702E+01
  0.2304603E+02  0.1706864E+02  0.2058377E+02
  0.3174881E+02  0.1303700E+02  0.1105706E+02
  0.3293786E+02  0.1684695E+02  0.6745153E+01
  0.4653703E+02  0.8754524E+01  0.6910658E+01
  0.2327584E+02  0.1598631E+02  0.1934212E+01
  0.3776274E+02  0.3715459E+01  0.1519558E+02
  0.2641657E+02  0.2112153E+02  0.1693131E+02
  0.3066705E+02  0.1238206E+02  0.1684060E+02
  0.2063848E+02  0.1303853E+02  0.6518810E+01
  0.4320070E+02  0.1943337E+02  0.1631840E+02
  0.5161486E+02  0.1558496E+02  0.4147200E+01
  0.4962557E+02  0.1509198E+02  0.1671136E+02
  0.2851074E+02  0.6245585E+01  0.3867028E+01
  0.4171588E+02  0.1086851E+02  0.1494935E+02
  0.4443458E+02  0.2453150E+01  0.1487589E+02
  0.4052118E+02  0.1697879E+02  0.1688835E+02
  0.1986579E+02  0.2114927E+02  0.1789178E+02
  0.4353269E+02  0.2136520E+02  0.1897075E+02
  0.3065768E+02  0.1555722E+02  0.1806471E+01
  0.5051580E+02  0.8824363E+01  0.8360189E+01
  0.3949523E+02  0.3411870E+01  0.1667727E+02
  0.3737583E+02  0.4604224E+01  0.2003975E+02
  0.2502391E+02  0.4194467E+01  0.2455716E+01
  0.2305298E+02  0.6560227E+01  0.8414995E+01
  0.3060753E+02  0.1898033E+02  0.1162093E+02
  0.3071358E+02  0.1531780E+02  0.1632209E+02
  0.2187967E+02  0.8766058E+01  0.1995382E+02
  0.3828859E+02  0.2895381E+01  0.4106690E+01
  0.2022725E+02  0.1905053E+02  0.6870876E+01
  0.1981909E+02  0.1589927E+02  0.1434327E+02
  0.1492916E+02  0.8949580E+01  0.9555609E+01
  0.2336580E+02  0.1210108E+02  0.1998151E+02
  0.4431215E+02  0.1405434E+02  0.1940427E+02
  0.3366242E+02  0.1411421E+02  0.2014309E+02
  0.1831512E+02  0.1512793E+02  0.1273712E+02
  0.3054471E+02  0.1462137E+02  0.4589563E+01
  0.4598037E+02  0.2079732E+02  0.1848225E+02
  0.3727367E+02  0.1421768E+02  0.3973225E+01
  0.1244637E+02  0.1206089E+02  0.5462924E+01
  0.2678770E+02  0.1724257E+02  0.1950040E+01
  0.3568564E+02  0.7455966E+01  0.2108210E+02
  0.2811968E+02  0.1403950E+01  0.5442178E+01
  0.2204540E+02  0.1944933E+01  0.2125724E+02
  0.3473873E+02  0.1039843E+01  0.2536990E+01
  0.4419229E+02  0.1306072E+02  0.1115652E+02
  0.2550135E+02  0.1966699E+02  0.6021940E+01
  0.1285748E+02  0.1906101E+02  0.2120481E+01
  0.2937739E+02  0.1862510E+02  0.9619960E+01
  0.2309686E+02  0.8149263E+01  0.6648526E+01
  0.2450503E+02  0.1885422E+02  0.2035471E+02
  0.1112772E+02  0.1285190E+02  0.9210777E+01
  0.2391041E+02  0.3328043E+01  0.1752611E+02
  0.2657128E+02  0.2703257E+01  0.1293613E+01
  0.3885681E+02  0.1342737E+02  0.2240005E+01
  0.3443408E+02  0.1114519E+02  0.1359015E+02
  0.4640179E+02  0.1955003E+02  0.2053480E+02
  0.3048690E+02  0.1293918E+02  0.6468891E+01
  0.3683221E+02  0.1921627E+02  0.6684725E+00
  0.1686744E+02  0.9967125E+01  0.1064897E+02
  0.4067534E+02  0.3662653E+01  0.4563165E+00
  0.1411257E+02  0.3812629E+00  0.2036747E+02
  0.4973545E+02  0.1818519E+02  0.1539354E+02
  0.3458720E+02  0.6286197E+01  0.9721779E+01
  0.3110436E+02  0.1992033E+01  0.1704715E+01
  0.1505676E+02  0.3797434E+01  0.1647833E+02
  0.1654489E+02  0.1240289E+02  0.1400110E+02
  0.3966581E+02  0.4756146E+01  0.4435628E+01
  0.4319679E+02  0.1367492E+02  0.5551530E+01
  0.2449753E+02  0.2663827E+01  0.1184557E+02
  0.3812099E+02  0.1229869E+02  0.1339436E+02
  0.4280492E+02  0.8874173E+01  0.1596664E+02
  0.3387451E+02  0.1983193E+01  0.1628439E+02
  0.3732092E+02  0.1404738E+02  0.8555385E+01
  0.2660956E+02  0.1452626E+02  0.1523828E+02
  0.3277450E+02  0.2169552E+02  0.1102197E+02
  0.5121555E+02  0.6345712E+01  0.1474865E+02
  0.2376859E+02  0.8778145E+00  0.8654914E+01
  0.4857792E+02  0.1533605E+02  0.3684641E+01
  0.4238964E+02  0.1032355E+02  0.9714202E-01
  0.4107667E+02  0.1084086E+02  0.9004378E+01
  0.2979907E+02  0.1441597E+02  0.1056288E+02
  0.4846985E+02  0.1904138E+02  0.1774856E+01
  0.4132081E+02  0.3691600E+01  0.1248338E+02
  0.4495957E+02  0.1218869E+02  0.1517863E+02
  0.2003125E+02  0.1137929E+02  0.2746062E+01
  0.2972902E+02  0.2250125E+01  0.7221308E+01
  0.1094278E+02  0.2065562E+02  0.1763688E+02
  0.1638181E+02  0.6102677E+01  0.2358379E+01
  0.2515521E+02  0.1028305E+02  0.1181307E+02
  0.4436723E+02  0.2009394E+02  0.2948390E+01
  0.2258506E+02  0.9123648E+01  0.8735860E+01
  0.4035250E+02  0.1606980E+02  0.2047191E+02
  0.2515417E+02  0.1054985E+02  0.8493325E+01
  0.1739046E+02  0.1306353E+02  0.2562319E+01
  0.5267144E+02  0.2395763E+01  0.2167888E+01
  0.3400416E+02  0.1575934E+02  0.2626971E+01
  0.4321251E+02  0.4213826E+01  0.1632827E+02
  0.3206342E+02  0.6874889E+01  0.1130744E+02
  0.2665113E+02  0.1347514E+02  0.1744293E+02
  0.1887008E+02  0.8935914E+00  0.1640392E+02
  0.2644284E+02  0.2880659E+01  0.6611565E+01
  0.2122653E+02  0.9684142E+00  0.1917972E+02
  0.3570736E+02  0.1942943E+02  0.1957149E+02
  0.2081863E+02  0.4895383E+01  0.3004975E+01
  0.4005028E+02  0.1050745E+02  0.1129204E+02
  0.3431821E+02  0.2424647E+01  0.4327162E+01
  0.2762340E+02  0.5141816E-01  0.2817142E+01
  0.1575144E+02  0.2841881E+00  0.1744502E+02
  0.3308855E+02  0.1462399E+02  0.7451989E+01
  0.3214595E+02  0.1759048E+02  0.2520698E+01
  0.3131532E+02  0.1353643E+02  0.8750840E+01
  0.4446653E+02  0.2128609E+02  0.1422541E+02
  0.3785410E+02  0.6718293E+01  0.2103216E+02
  0.1528095E+02  0.1960539E+02  0.8936344E+01
  0.4307937E+02  0.1896552E+02  0.1970967E+02
  0.4428440E+02  0.1099727E+02  0.1832607E+02
  0.3843043E+02  0.9530918E+01  0.2097694E+01
  0.2998855E+02  0.1296252E+02  0.2115611E+02
  0.4743864E+02  0.1155479E+01  0.3762585E+01
  0.3241530E+02  0.1043799E+02  0.1695412E+02
  0.3830372E+02  0.1596372E+02  0.1225186E+02
  0.3495569E+02  0.6289838E+01  0.1330516E+02
  0.2377110E+02  0.7754079E+01  0.1703617E+01
  0.2052789E+02  0.1959780E+02  0.2142363E+02
  0.4358936E+02  0.1443585E+02  0.1498729E+02
  0.2870439E+02  0.1453451E+02  0.3148362E+01
  0.3348587E+02  0.1876380E+02  0.8156228E+01
  0.3381886E+02  0.2136352E+02  0.1549188E+02
  0.4111875E+02  0.1486679E+02  0.6019609E+01
  0.1643238E+02  0.9413079E+00  0.1498595E+02
  0.2716180E+02  0.1973728E+02  0.9751225E+01
  0.4203144E+02  0.1021894E+02  0.1780225E+02
  0.2020113E+02  0.1077573E+02  0.1607505E+02
  0.3045259E+02  0.2041086E+02  0.1967301E+02
  0.3090814E+02  0.6685852E+01  0.2159273E+02
  0.2270128E+02  0.6584397E+01  0.1904398E+02
  0.3446004E+02  0.1607545E+02  0.1600856E+02
  0.3547810E+02  0.2581039E+01  0.8606534E+01
  0.4940502E+02  0.1232569E+02  0.2062427E+02
  0.2951117E+02  0.1525246E+02  0.2063305E+02
  0.3990435E+02  0.2148570E+02  0.9027774E+01
  0.3321578E+02  0.1056226E+02  0.1502052E+01
  0.3612122E+02  0.1278909E+02  0.1798557E+02
  0.1613736E+02  0.1565937E+02  0.1177845E+02
  0.2341484E+02  0.1235949E+02  0.1756354E+02
  0.2602104E+02  0.7631171E+00  0.1461007E+00
  0.2935990E+02  0.4181175E+01  0.1978577E+02
  0.3939601E+02  0.9030871E+01  0.8611900E+01
  0.4023869E+02  0.7678492E+01  0.6678826E+01
  0.3726362E+02  0.3945392E+01  0.7573356E+01
  0.1216147E+02  0.1584582E+02  0.1920879E+02
  0.3898622E+02  0.2058995E+02  0.1774816E+02
  0.1838548E+02  0.1495628E+02  0.1785860E+01
  0.4779134E+02  0.1051667E+02  0.2452876E+01
  0.2653715E+02  0.1101940E+02  0.1640576E+02
  0.2850666E+02  0.1128502E+02  0.2100767E+02
  0.2839908E+02  0.1314010E+02  0.1933188E+02
  0.2105591E+02  0.1660147E+02  0.2306751E+01
  0.1520357E+02  0.3650042E+01  0.1307574E+02
  0.3362142E+02  0.5092994E+01  0.1163647E+02
  0.3188570E+02  0.1368480E+02  0.1498967E+02
  0.1822697E+02  0.1548798E+01  0.7935595E+00
  0.4273664E+02  0.1047063E+02  0.5807476E+01
  0.1105726E+02  0.1590877E+02  0.1891318E+01
  0.2687805E+02  0.1293619E+02  0.2169922E+02
  0.3366456E+02  0.1950651E+02  0.1719057E+02
  0.1762136E+02  0.2035307E+00  0.3473876E+01
  0.4545691E+02  0.1050241E+01  0.8938946E+01
  0.3171522E+02  0.8651500E+01  0.4612397E+01
  0.1997866E+02  0.2113974E+02  0.3340116E+01
  0.3221064E+02  0.1678707E+01  0.1465100E+02
  0.3505417E+02  0.7493401E+01  0.4124996E+01
  0.3995881E+02  0.3749609E+01  0.1994670E+02
  0.1498020E+02  0.1081277E+02  0.8098183E+01
  0.4350217E+02  0.1856313E+02  0.5315036E+00
  0.5226446E+02  0.8265520E+01  0.1369658E+02
  0.5101045E+02  0.1622766E+01  0.4745876E+01
  0.3083409E+02  0.1675341E+02  0.5818228E+01
  0.5354337E+02  0.1017730E+02  0.1434032E+02
  0.3246247E+02  0.2471113E+01  0.2022264E+02
  0.2855513E+02  0.6470124E+01  0.1643783E+02
  0.1494169E+02  0.3533283E+01  0.1064977E+02
  0.3823616E+02  0.1008648E+02  0.1574417E+02
  0.3627777E+02  0.2087484E+02  0.3528749E+01
  0.2830374E+02  0.6331610E+01  0.1111926E+02
  0.2075222E+02  0.9058986E+01  0.7154560E+01
  0.3885136E+02  0.7151713E+01  0.1307057E+02
  0.3433919E+02  0.2128352E+02  0.1869994E+02
  0.2310166E+02  0.4922959E+01  0.1454632E+02
  0.2728374E+02  0.1199396E+02  0.1223509E+02
  0.2307533E+02  0.7203477E+01  0.1634500E+02
  0.2990954E+02  0.1847187E+02  0.1375856E+02
  0.4320522E+02  0.6128862E+01  0.1990079E+02
  0.3006848E+02  0.1141926E+02  0.1462884E+02
  0.4132992E+02  0.6925990E+01  0.2595209E+00
  0.3243917E+02  0.1810582E+02  0.1854117E+02
  0.3114086E+02  0.1972962E+02  0.8212302E+01
  0.5276065E+02  0.1959649E+02  0.2030093E+02
  0.3169721E+02  0.1704262E+02  0.1420102E+02
  0.1193864E+02  0.7653811E+01  0.1293251E+02
  0.3192525E+02  0.2521806E+01  0.1126006E+02
  0.4575573E+02  0.7000091E+01  0.1551762E+02
  0.4392371E+02  0.7793822E+01  0.1249803E+02
  0.1704582E+02  0.1241593E+02  0.1082864E+02
  0.3215524E+02  0.2524454E+00  0.1930315E+02
  0.3947250E+02  0.7671398E+01  0.2565806E+01
  0.3391062E+02  0.1511387E+02  0.9564647E+01
  0.1758724E+02  0.1462572E+01  0.6971140E+01
  0.4329687E+02  0.1568711E+02  0.6916454E+01
  0.5317184E+02  0.1934457E+02  0.1374283E+02
  0.3176788E+02  0.2235631E+01  0.1773806E+02
  0.3106118E+02  0.7111377E+01  0.1346542E+02
  0.3847063E+02  0.1961042E+02  0.2005140E+02
  0.3014263E+02  0.6274214E+01  0.2055007E+01
  0.1395193E+02  0.5790740E+01  0.1641202E+02
  0.2895886E+02  0.1039643E+02  0.7986268E+01
  0.2236662E+02  0.1209798E+02  0.3183424E+01
  0.2682638E+02  0.8468318E+01  0.1954080E+02
  0.2874430E+02  0.1831058E+02  0.5141997E+00
  0.1853302E+02  0.3639865E+01  0.1465755E+02
  0.3877073E+02  0.1318436E+02  0.1865754E+02
  0.4581638E+02  0.3417260E+01  0.1960693E+02
  0.4935590E+02  0.6216725E+01  0.3393497E+00
  0.3674390E+02  0.1550283E+02  0.2079651E+02
  0.4473276E+02  0.5237602E+01  0.3237276E+01
  0.1874809E+02  0.1285642E+02  0.1272371E+02
  0.3571109E+02  0.2119067E+02  0.5815186E+01
  0.3358615E+02  0.4170874E+01  0.3116386E+00
  0.4407920E+02  0.3777271E+01  0.7099145E+00
  0.4286371E+02  0.1690874E+02  0.1801375E+02
  0.1395685E+02  0.1966139E+02  0.1093643E+02
  0.2377255E+02  0.9777470E+01  0.1958850E+02
  0.2448615E+02  0.1732243E+02  0.1585897E+02
  0.1383440E+02  0.2373505E+01  0.4770694E+01
  0.9830659E+01  0.1182426E+02  0.1683897E+02
  0.2430110E+02  0.2005266E+02  0.2146870E+01
  0.2584410E+02  0.1327833E+02  0.1058127E+02
  0.2809210E+02  0.2106615E+02  0.1813774E+02
  0.4520750E+02  0.3478643E+01  0.5936400E+01
  0.2703437E+02  0.1170743E+02  0.8898830E+01
  0.3264068E+02  0.1325111E+01  0.5671543E+01
  0.2722884E+02  0.9818031E+01  0.1426587E+02
  0.2951214E+02  0.3922570E+01  0.2045765E+01
  0.2842497E+02  0.1591325E+02  0.1581970E+02
  0.3057670E+02  0.6261262E+01  0.1924440E+02
  0.4787664E+02  0.1633529E+02  0.1815048E+02
  0.3535749E+02  0.7590593E+00  0.2074053E+02
  0.3181426E+02  0.1698784E+01  0.8018608E+01
  0.3998175E+02  0.1764488E+02  0.7791003E+01
  0.4957490E+02  0.2132354E+02  0.2096060E+02
  0.3572650E+02  0.1825139E+02  0.1658489E+02
  0.3284160E+02  0.7830298E+01  0.1482089E+02
  0.4118431E+02  0.5982733E+01  0.1172593E+02
  0.9936757E+01  0.4994123E+01  0.1992526E+02
  0.4230720E+02  0.2006443E+02  0.1394714E+02
  0.1604575E+02  0.1011921E+02  0.1420484E+02
  0.1716627E+02  0.9894871E+00  0.9407081E+01
  0.2202281E+02  0.2073483E+02  0.6322472E+01
  0.1493192E+02  0.1345499E+02  0.8665247E+00
  0.3465063E+02  0.1274206E+02  0.1555042E+02
  0.1484186E+02  0.1612508E+02  0.1646568E+02
  0.2107002E+02  0.6193428E+01  0.5143935E+01
  0.3453116E+02  0.1431692E+02  0.1768363E+02
  0.2601062E+02  0.1697457E+02  0.1239720E+02
  0.3981635E+02  0.1346525E+02  0.2072881E+02
  0.1725161E+02  0.1356963E+01  0.1917745E+02
  0.3940380E+02  0.2139393E+02  0.1544866E+02
  0.1551977E+02  0.1738780E+02  0.1344933E+02
  0.2501145E+02  0.1753860E+02  0.4964064E+01
  0.4331679E+02  0.4834557E+01  0.6210656E+01
  0.2998962E+02  0.4781438E+01  0.1325012E+02
  0.2388599E+02  0.1445066E+02  0.6522240E+01
  0.4767283E+02  0.3482295E+00  0.1413685E+02
  0.9510961E+01  0.3880096E+01  0.8082847E+01
  0.2583623E+02  0.2609112E+01  0.1596250E+02
  0.3027080E+02  0.4655474E+01  0.8016836E+01
  0.3767726E+02  0.1766920E+02  0.5759801E+01
  0.3962595E+02  0.2234099E+01  0.9796178E+01
  0.3027781E+02  0.1843888E+02  0.1812078E+02
  0.4970204E+02  0.1592220E+02  0.5647885E+01
  0.5309491E+02  0.3903677E+01  0.1443359E+02
  0.2826473E+02  0.1656983E+02  0.3863430E+01
  0.1723886E+02  0.5461801E+01  0.1821595E+02
  0.3589054E+02  0.1701706E+02  0.1060905E+01
  0.2126990E+02  0.1498364E+02  0.5180019E+01
  0.2305271E+02  0.1659502E+02  0.6098375E+01
  0.3085416E+02  0.9356857E+01  0.6648403E+01
  0.3959981E+02  0.1040522E+02  0.1378995E+02
  0.3906674E+02  0.1723243E+02  0.1886374E+02
  0.3633238E+02  0.9762885E+01  0.1712882E+02
  0.1541307E+02  0.1719549E+02  0.2136750E+02
  0.3692640E+02  0.8430128E+00  0.1080470E+01
  0.2465418E+02  0.8874107E+01  0.9966162E+01
  0.1143695E+02  0.2969254E+01  0.1995042E+02
  0.3129986E+02  0.2089555E+02  0.5924232E+01
  0.2745061E+02  0.8387915E+00  0.2007159E+02
  0.2680882E+02  0.1624378E+02  0.5617358E+01
  0.2428347E+02  0.1255681E+02  0.3823080E+00
  0.2402861E+02  0.1472027E+02  0.4006773E+01
  0.2240325E+02  0.3833248E+01  0.6250024E+01
  0.4864691E+02  0.4235063E+01  0.1289123E+02
  0.1225620E+02  0.1587832E+02  0.1669037E+02
  0.1474967E+02  0.6024644E+01  0.1369785E+02
  0.3615661E+02  0.2633146E+01  0.1939537E+02
  0.3193742E+02  0.6476975E+01  0.7487689E+01
  0.3889832E+02  0.1508369E+02  0.1614399E+02
  0.4097033E+02  0.2859214E+00  0.2165173E+02
  0.2383530E+02  0.5812718E+01  0.2126911E+02
  0.1743196E+02  0.2041018E+02  0.1732358E+02
  0.3621206E+02  0.1836238E+02  0.3048802E+01
  0.4282189E+02  0.2546203E+01  0.3684799E+01
  0.4484738E+02  0.9449155E+00  0.1124730E+02
  0.4565272E+02  0.1175031E+02  0.2057734E+01
  0.3906638E+02  0.6000236E+01  0.1022308E+02
  0.5021250E+02  0.3747668E+01  0.1959349E+02
  0.2722815E+02  0.3040700E+01  0.1913009E+02
  0.4935960E+02  0.1658749E+01  0.1020545E+02
  0.4893786E+02  0.1857785E+02  0.1780279E+02
  0.5086985E+02  0.1985967E+02  0.1425843E+02
  0.5054412E+02  0.2069269E+02  0.2677662E+01
  0.5220075E+02  0.1213022E+02  0.1428008E+02
  0.3979027E+02  0.1357695E+01  0.2000002E+02
  0.3467499E+02  0.1470795E+02  0.1414399E+02
  0.4501006E+02  0.1682950E+02  0.3096868E+00
  0.3527480E+02  0.1363037E+02  0.2164754E+02
  0.3794626E+02  0.1317720E+01  0.1831527E+02
  0.4738424E+02  0.1802339E+02  0.1014726E+02
  0.5422765E+02  0.1524329E+02  0.1812597E+01
  0.5534279E+02  0.1181433E+02  0.1416864E+02
  0.4709943E+02  0.2124020E+02  0.2078095E+01
  0.5120295E+02  0.1570087E+02  0.1481030E+02
  0.5698533E+02  0.2121009E+02  0.2085121E+02
  0.5707979E+02  0.1840381E+02  0.2181564E+01
  0.5118579E+02  0.1730999E+02  0.2583630E+01
  0.5595385E+02  0.1972906E+02  0.6739245E+00
  0.5837515E+02  0.6167412E+00  0.5150304E+00
  0.5837709E+02  0.1972747E+02  0.3519605E+01
  0.5411025E+02  0.2011850E+01  0.4383418E+01
  0.5964516E+02  0.1866418E+02  0.2084632E+02
  0.6230646E+02  0.2092808E+02  0.2073544E+02
  0.6269021E+02  0.1833703E+02  0.1981597E+01
  0.5978875E+02  0.2099520E+02  0.1989985E+01
  0.6125434E+02  0.1967406E+02  0.6661829E+00
  0.6341446E+02  0.9084490E+00  0.2736088E+00
  0.6378199E+02  0.1989319E+02  0.3291816E+01
  0.6107770E+02  0.7312487E+00  0.3192394E+01
  0.4300998E+02  0.5312757E+01  0.8603278E+01
  0.3261412E+02  0.1554896E+02  0.1288982E+02
  0.3685692E+02  0.9058457E+01  0.7900817E+01
  0.3929188E+02  0.5737186E+01  0.9653994E+00
  0.5449201E+02  0.1816999E+02  0.2109531E+02
  0.5114847E+02  0.1168480E+02  0.6653778E+01
  0.5149995E+02  0.4287384E+01  0.4907653E+01
  0.3026534E+02  0.2590329E+01  0.2123018E+02
  0.4748098E+02  0.2078698E+01  0.2111972E+02
  0.4929215E+02  0.4971832E+01  0.5504592E+01
  0.4214884E+02  0.1987223E+02  0.8985338E+01
  0.4136266E+02  0.1728379E+02  0.6705788E+00
  0.4319584E+02  0.1772056E+01  0.8908981E+01
  0.5444975E+02  0.9921337E+01  0.1968148E+01
  0.4584569E+02  0.1643537E+02  0.1583717E+02
  0.5226251E+02  0.1558449E+02  0.1267821E+02
  0.5230871E+02  0.2326901E+01  0.2159045E+02
  0.5713050E+02  0.4973648E+01  0.2065049E+02
  0.5687216E+02  0.1936786E+01  0.1935316E+01
  0.5415288E+02  0.1057267E+02  0.1809007E+02
  0.5582863E+02  0.3172742E+01  0.2351367E+00
  0.5822112E+02  0.6107328E+01  0.5407842E+00
  0.5813156E+02  0.3551926E+01  0.3283072E+01
  0.5550755E+02  0.5869673E+01  0.2969382E+01
  0.5952467E+02  0.2085557E+01  0.2087204E+02
  0.6249060E+02  0.4795973E+01  0.2081567E+02
  0.6215197E+02  0.2190172E+01  0.1825204E+01
  0.5959117E+02  0.4923995E+01  0.1698085E+01
  0.6095553E+02  0.3437641E+01  0.4204594E+00
  0.6403633E+02  0.6304696E+01  0.2851672E+00
  0.6395451E+02  0.3536840E+01  0.2852455E+01
  0.6093458E+02  0.6143739E+01  0.3256654E+01
  0.4900212E+02  0.2096591E+02  0.1733378E+02
  0.4236880E+02  0.1545317E+02  0.9401810E+01
  0.4808497E+02  0.1384386E+02  0.1000261E+02
  0.4617517E+02  0.5824591E+01  0.1999820E+02
  0.4494227E+02  0.1790223E+02  0.9799801E+01
  0.4933880E+02  0.2035157E+02  0.5592838E+01
  0.3857541E+02  0.9131956E+01  0.2013258E+02
  0.2643315E+02  0.1886845E+02  0.1600697E+02
  0.5139080E+02  0.3988308E+01  0.1749003E+02
  0.4771852E+02  0.7761164E+01  0.1162949E+02
  0.5237803E+02  0.8574243E+01  0.1805418E+02
  0.3368687E+02  0.8840242E+01  0.1865162E+02
  0.5102359E+02  0.1062708E+02  0.4133567E+01
  0.4757608E+02  0.1537847E+02  0.2041501E+02
  0.5173964E+02  0.1696049E+02  0.7765268E+01
  0.5130486E+02  0.1338452E+02  0.1758404E+02
  0.5422630E+02  0.7090668E+01  0.2100933E+02
  0.5713167E+02  0.9979862E+01  0.2052838E+02
  0.5676653E+02  0.7380230E+01  0.1872751E+01
  0.4715702E+02  0.1749592E+02  0.2152097E+02
  0.5567455E+02  0.8665247E+01  0.2480740E+00
  0.5843644E+02  0.1141752E+02  0.2312777E+00
  0.5824461E+02  0.8703230E+01  0.3130519E+01
  0.5560459E+02  0.1146366E+02  0.3195147E+01
  0.5957862E+02  0.7429970E+01  0.2076717E+02
  0.6227093E+02  0.1029446E+02  0.2070277E+02
  0.6251689E+02  0.7278842E+01  0.1644496E+01
  0.5963082E+02  0.1000481E+02  0.1767337E+01
  0.6100384E+02  0.8750495E+01  0.3511386E+00
  0.6388234E+02  0.1141210E+02  0.3161050E+00
  0.6391227E+02  0.8736530E+01  0.2860161E+01
  0.6082277E+02  0.1159246E+02  0.2797861E+01
  0.4947001E+02  0.1605641E+02  0.1839451E+01
  0.5089408E+02  0.4078421E+01  0.2528870E+01
  0.3587585E+02  0.4391850E+00  0.7947991E+01
  0.3890823E+02  0.4907055E+01  0.1826975E+02
  0.3511564E+02  0.1073556E+01  0.1137322E+02
  0.4051195E+02  0.1959718E+02  0.2153800E+02
  0.4201489E+02  0.1235507E+02  0.7264512E+01
  0.4340489E+02  0.6054268E+01  0.1116951E+02
  0.5200337E+02  0.6072267E+01  0.6255204E+01
  0.4218694E+02  0.1795954E+02  0.7192942E+01
  0.4784365E+02  0.1341922E+02  0.1733889E+02
  0.4625953E+02  0.2887594E+01  0.7861419E+01
  0.4962140E+02  0.5655131E+01  0.1078893E+02
  0.5445976E+02  0.4089968E+01  0.1712690E+01
  0.3680936E+02  0.5182129E+01  0.9318176E+01
  0.4578765E+02  0.1061147E+02  0.8606775E+01
  0.5418828E+02  0.1275759E+02  0.2069637E+02
  0.5676194E+02  0.1599539E+02  0.2093520E+02
  0.5709891E+02  0.1279308E+02  0.1688594E+01
  0.5411336E+02  0.1546676E+02  0.1800327E+02
  0.5565300E+02  0.1412093E+02  0.4074827E+00
  0.5819493E+02  0.1713702E+02  0.3782824E+00
  0.5836106E+02  0.1433667E+02  0.3246209E+01
  0.4783761E+02  0.1171887E+02  0.8475035E+01
  0.5996545E+02  0.1292656E+02  0.2086103E+02
  0.6262292E+02  0.1568702E+02  0.2083729E+02
  0.6232312E+02  0.1265340E+02  0.1498520E+01
  0.5952721E+02  0.1579014E+02  0.1761777E+01
  0.6112000E+02  0.1434717E+02  0.5711994E+00
  0.6376567E+02  0.1701136E+02  0.4068957E+00
  0.6376135E+02  0.1391212E+02  0.2971012E+01
  0.6129435E+02  0.1701192E+02  0.3201512E+01
  0.4846819E+02  0.8414270E+01  0.1730575E+02
  0.4937821E+02  0.2077988E+02  0.1268253E+02
  0.5392289E+02  0.1214463E+02  0.1016139E+02
  0.4952672E+02  0.2224170E+01  0.2876934E+01
  0.4344606E+02  0.7360121E+01  0.4130901E+01
  0.4132766E+02  0.1773140E+02  0.4948471E+01
  0.3725505E+02  0.4553140E+01  0.1383621E+01
  0.5388502E+02  0.8631050E+01  0.5801929E+01
  0.4581317E+02  0.2110363E+02  0.7396271E+01
  0.3801065E+02  0.1622441E+02  0.7373254E+01
  0.4516091E+02  0.1643070E+01  0.4511224E+01
  0.4490676E+02  0.8900524E+01  0.1712727E+02
  0.4587457E+02  0.1283488E+01  0.1351884E+02
  0.5234698E+02  0.1155745E+02  0.1672622E+02
  0.5571770E+02  0.1113718E+02  0.8502484E+01
  0.5391110E+02  0.1719626E+01  0.9875488E+01
  0.5148407E+02  0.1548721E+02  0.2091287E+02
  0.5678346E+02  0.2093421E+02  0.4752878E+01
  0.5691147E+02  0.1802376E+02  0.7449363E+01
  0.4790455E+02  0.1254116E+01  0.1749856E+02
  0.4121923E+02  0.1635612E+02  0.3011448E+01
  0.5804124E+02  0.5723982E+00  0.5723466E+01
  0.5812452E+02  0.1988817E+02  0.8681013E+01
  0.5560470E+02  0.1676642E+02  0.3202317E+01
  0.5978014E+02  0.1814310E+02  0.4726546E+01
  0.6231053E+02  0.2133904E+02  0.4671555E+01
  0.6252630E+02  0.1853177E+02  0.6860219E+01
  0.5946815E+02  0.2117038E+02  0.7112411E+01
  0.6085337E+02  0.1975981E+02  0.5764836E+01
  0.6392994E+02  0.1272719E+01  0.5782435E+01
  0.6381044E+02  0.1998255E+02  0.8314028E+01
  0.6089263E+02  0.7568779E+00  0.8509597E+01
  0.4278620E+02  0.2102003E+02  0.1387621E+01
  0.5102472E+02  0.1317284E+02  0.1313988E+01
  0.4807895E+02  0.1823141E+02  0.5483588E+01
  0.3774242E+02  0.1657730E+02  0.3749625E+01
  0.4246271E+02  0.4378313E+01  0.2164070E+01
  0.3281343E+02  0.5353207E+01  0.2327698E+01
  0.3289464E+02  0.1949040E+02  0.1175909E+02
  0.4367130E+02  0.6473941E+01  0.6835225E+00
  0.3688919E+02  0.1167674E+02  0.7715159E+01
  0.5550021E+02  0.1965233E+02  0.6015546E+01
  0.5409569E+02  0.2087218E+02  0.7714241E+01
  0.4747271E+02  0.6148822E+01  0.1695278E+02
  0.4382763E+02  0.6204791E+01  0.1436325E+02
  0.4480235E+02  0.4272786E+01  0.1129737E+02
  0.5300572E+02  0.4167628E+01  0.9549901E+01
  0.4929194E+02  0.1488526E+01  0.1959760E+02
  0.5135238E+02  0.2001213E+02  0.1060671E+02
  0.5667825E+02  0.4815339E+01  0.4605683E+01
  0.5666573E+02  0.2217393E+01  0.7237250E+01
  0.5355082E+02  0.6597924E+01  0.4471969E+01
  0.5530512E+02  0.3442283E+01  0.5962127E+01
  0.5808708E+02  0.6415440E+01  0.5953107E+01
  0.5818803E+02  0.3513571E+01  0.8597280E+01
  0.5561342E+02  0.6301035E+01  0.8378563E+01
  0.5943188E+02  0.1941125E+01  0.4362566E+01
  0.6244223E+02  0.4788187E+01  0.4259505E+01
  0.6215059E+02  0.2301951E+01  0.7141122E+01
  0.5946851E+02  0.5011154E+01  0.7317151E+01
  0.6086483E+02  0.3529625E+01  0.5586691E+01
  0.6361482E+02  0.6185460E+01  0.5755465E+01
  0.6364791E+02  0.3363364E+01  0.8335389E+01
  0.6100084E+02  0.6236136E+01  0.8853679E+01
  0.2719521E+02  0.2072462E+02  0.7566752E+01
  0.4848037E+02  0.8022471E+01  0.1377432E+02
  0.4366571E+02  0.1032149E+02  0.1411141E+02
  0.5071679E+02  0.1066951E+02  0.1012874E+01
  0.5327854E+02  0.5458491E+01  0.1614231E+02
  0.4473670E+02  0.2036827E+02  0.1189692E+02
  0.4601716E+02  0.1439910E+02  0.2170673E+01
  0.5422098E+02  0.2084627E+02  0.2113582E+01
  0.4602105E+02  0.7414880E+01  0.9081391E+00
  0.5313018E+02  0.5536193E+01  0.6413347E+00
  0.4448199E+02  0.1539514E+02  0.1068340E+02
  0.5264953E+02  0.1005194E+01  0.6398667E+01
  0.4561255E+02  0.4787027E+01  0.9063568E+01
  0.4076187E+02  0.1412532E+02  0.8183326E+01
  0.4016613E+02  0.1408016E+02  0.1402372E+02
  0.4915441E+02  0.1032512E+02  0.7037897E+01
  0.4700439E+02  0.4045320E+01  0.1481716E+02
  0.5702087E+02  0.1022378E+02  0.4623924E+01
  0.5707403E+02  0.7762777E+01  0.7367521E+01
  0.4879329E+02  0.5933177E+01  0.1483283E+02
  0.5587618E+02  0.9462375E+01  0.6696203E+01
  0.5853992E+02  0.1155657E+02  0.5830361E+01
  0.5823902E+02  0.9190870E+01  0.8776786E+01
  0.5564106E+02  0.1390885E+02  0.5924502E+01
  0.5952206E+02  0.7678753E+01  0.4555561E+01
  0.6228178E+02  0.1027676E+02  0.4098574E+01
  0.6229912E+02  0.7560595E+01  0.7260348E+01
  0.5976162E+02  0.1037416E+02  0.7421924E+01
  0.6102161E+02  0.9031011E+01  0.6031061E+01
  0.6364666E+02  0.1145758E+02  0.5595697E+01
  0.6414189E+02  0.8885396E+01  0.8293625E+01
  0.6126957E+02  0.1161206E+02  0.8662259E+01
  0.4436704E+02  0.1511322E+02  0.1706610E+02
  0.4441669E+02  0.5343751E+01  0.1794544E+02
  0.4179700E+02  0.2354290E+01  0.1664805E+02
  0.4412597E+02  0.2671781E+00  0.2131094E+02
  0.2892769E+02  0.1201121E+02  0.1060168E+02
  0.4587712E+02  0.1415864E+02  0.1429440E+02
  0.3186536E+02  0.1088338E+02  0.3454085E+01
  0.4234456E+02  0.2090435E+02  0.5836477E+01
  0.3374418E+02  0.2060513E+02  0.2214391E+01
  0.5299196E+02  0.1092482E+02  0.5429131E+01
  0.5224046E+02  0.9222820E+01  0.2056357E+02
  0.4605766E+02  0.1242846E+02  0.1231486E+02
  0.4905506E+02  0.7254645E+00  0.5438039E+01
  0.4550779E+02  0.2835923E+01  0.2488310E+01
  0.4935856E+02  0.1685233E+02  0.7777665E+01
  0.3871287E+02  0.2108627E+02  0.3675869E+01
  0.4975193E+02  0.7083858E+01  0.6851164E+01
  0.5701452E+02  0.1550042E+02  0.4599558E+01
  0.5709330E+02  0.1275632E+02  0.7396664E+01
  0.5426446E+02  0.1260246E+02  0.4594769E+01
  0.4805419E+02  0.6351616E+01  0.4138745E+01
  0.5837948E+02  0.1675784E+02  0.6133438E+01
  0.5830946E+02  0.1399977E+02  0.8881911E+01
  0.5561596E+02  0.1690192E+02  0.8914086E+01
  0.5990279E+02  0.1297965E+02  0.4537341E+01
  0.6276753E+02  0.1553002E+02  0.4531144E+01
  0.6250691E+02  0.1289730E+02  0.7266637E+01
  0.5980787E+02  0.1512525E+02  0.7497157E+01
  0.6122974E+02  0.1428094E+02  0.5706617E+01
  0.6393828E+02  0.1717783E+02  0.5549975E+01
  0.6390774E+02  0.1416450E+02  0.8570461E+01
  0.6135675E+02  0.1702156E+02  0.8488013E+01
  0.4452271E+02  0.1449144E+02  0.2349654E+00
  0.3273491E+02  0.1959496E+02  0.1410008E+02
  0.4634169E+02  0.4128457E+01  0.1710606E+02
  0.3742225E+02  0.8541697E+01  0.4042722E+01
  0.4958476E+02  0.1188321E+02  0.1837969E+02
  0.5374607E+02  0.1430734E+02  0.1081004E+02
  0.4234972E+02  0.1141273E+02  0.3683433E+01
  0.5253695E+02  0.1936669E+02  0.8646606E+01
  0.4383623E+02  0.9237640E+01  0.9697137E+01
  0.4349445E+02  0.7602324E+01  0.7990818E+01
  0.4782718E+02  0.1311503E+02  0.2740539E+01
  0.4739839E+02  0.1190969E+02  0.6142465E+01
  0.4904465E+02  0.2094708E+02  0.1020584E+02
  0.5316996E+02  0.1533202E+02  0.8564174E+01
  0.5577482E+02  0.6940753E+00  0.8865733E+01
  0.4253338E+02  0.3350370E+01  0.1054266E+02
  0.5404375E+02  0.1815591E+02  0.1035453E+02
  0.5687651E+02  0.2108211E+02  0.1000692E+02
  0.5715726E+02  0.1842156E+02  0.1262600E+02
  0.5161267E+02  0.6011034E+01  0.1219211E+02
  0.5574656E+02  0.1956105E+02  0.1137886E+02
  0.5836032E+02  0.4779002E+00  0.1133783E+02
  0.5825990E+02  0.1967638E+02  0.1417500E+02
  0.5552610E+02  0.1131311E+01  0.1402167E+02
  0.5966186E+02  0.1828794E+02  0.9546563E+01
  0.6250539E+02  0.2139061E+02  0.9893189E+01
  0.6203214E+02  0.1841573E+02  0.1247291E+02
  0.5967441E+02  0.2102109E+02  0.1276122E+02
  0.6094321E+02  0.1994391E+02  0.1092448E+02
  0.6356291E+02  0.1043883E+01  0.1128869E+02
  0.6363613E+02  0.1969234E+02  0.1380328E+02
  0.6081105E+02  0.8627849E+00  0.1411483E+02
  0.3459884E+02  0.1257954E+02  0.7192020E+01
  0.4431730E+02  0.1906645E+02  0.7801719E+01
  0.4413989E+02  0.8517380E+01  0.2091200E+01
  0.4563827E+02  0.9357543E+01  0.1158487E+02
  0.5214621E+02  0.6968423E+01  0.1987778E+02
  0.5036212E+02  0.9459680E+01  0.1442971E+02
  0.3764027E+02  0.1342796E+02  0.2592044E-01
  0.3661767E+02  0.1714552E+02  0.1885829E+02
  0.5078053E+02  0.3728870E+01  0.9718325E+01
  0.5217536E+02  0.8151640E+01  0.1124195E+02
  0.5286036E+02  0.2170731E+02  0.1113745E+02
  0.3903271E+02  0.1215368E+02  0.8428434E+01
  0.5391028E+02  0.4753287E+01  0.7378632E+01
  0.4674424E+02  0.9218801E+01  0.1545116E+02
  0.5203092E+02  0.1690414E+01  0.1679801E+02
  0.4720118E+02  0.1863965E+02  0.7839228E+01
  0.5278182E+02  0.8005252E+01  0.7883424E+01
  0.5677423E+02  0.4953695E+01  0.9874637E+01
  0.5728844E+02  0.2061406E+01  0.1263162E+02
  0.5423175E+02  0.7554681E+01  0.9937105E+01
  0.5569185E+02  0.3185065E+01  0.1116231E+02
  0.5829435E+02  0.6415929E+01  0.1131023E+02
  0.5815870E+02  0.3630582E+01  0.1425071E+02
  0.5493765E+02  0.4587431E+01  0.1290578E+02
  0.5956254E+02  0.2056513E+01  0.9849506E+01
  0.6258936E+02  0.4717463E+01  0.9779063E+01
  0.6201717E+02  0.2171366E+01  0.1264106E+02
  0.5953586E+02  0.4819477E+01  0.1261993E+02
  0.6085224E+02  0.3634163E+01  0.1104423E+02
  0.6370921E+02  0.6176628E+01  0.1135066E+02
  0.6356898E+02  0.3513828E+01  0.1387573E+02
  0.6103235E+02  0.6214867E+01  0.1398267E+02
  0.4929357E+02  0.3868821E+00  0.1342189E+01
  0.3480405E+02  0.8570900E+01  0.1074300E+02
  0.5013315E+02  0.8459191E+01  0.2158368E+02
  0.4118474E+02  0.1619213E+02  0.1130750E+02
  0.5695248E+02  0.1052057E+02  0.1568467E+02
  0.3229618E+02  0.1190195E+02  0.1326140E+02
  0.4201771E+02  0.2542877E+00  0.7945780E+01
  0.3126614E+02  0.2132397E+02  0.1743334E+01
  0.4892504E+02  0.1618878E+02  0.1013038E+02
  0.2936687E+02  0.1730932E+02  0.7566061E+01
  0.4931564E+02  0.1333863E+02  0.6030747E+01
  0.3671800E+02  0.9848838E+01  0.1002657E+02
  0.4030488E+02  0.1640150E+02  0.1370587E+02
  0.4992136E+02  0.1589758E+02  0.1248138E+02
  0.5556570E+02  0.6461099E+01  0.1428248E+02
  0.5228490E+02  0.1804356E+02  0.1201046E+02
  0.4984294E+02  0.1207786E+02  0.1009169E+02
  0.5673457E+02  0.1003080E+02  0.1027745E+02
  0.5705198E+02  0.7766612E+01  0.1267063E+02
  0.4819131E+02  0.1622612E+02  0.1517122E+02
  0.4992788E+02  0.8256640E+01  0.1077354E+02
  0.5982997E+02  0.1024626E+02  0.1275835E+02
  0.5512938E+02  0.8767756E+01  0.1145685E+02
  0.5034293E+02  0.1134592E+02  0.1303762E+02
  0.5958276E+02  0.7517441E+01  0.1009512E+02
  0.6268605E+02  0.1004633E+02  0.9744757E+01
  0.6225487E+02  0.7521471E+01  0.1255153E+02
  0.5829137E+02  0.9198616E+01  0.1420191E+02
  0.6110413E+02  0.8883791E+01  0.1130949E+02
  0.6376764E+02  0.1167428E+02  0.1123801E+02
  0.6372621E+02  0.8963086E+01  0.1414781E+02
  0.6160357E+02  0.1147431E+02  0.1397573E+02
  0.3103383E+02  0.9447630E+01  0.1536592E+02
  0.4597129E+02  0.5924794E+01  0.5157992E+01
  0.3542632E+02  0.1893099E+02  0.8746484E+01
  0.4202923E+02  0.4483379E+00  0.3524976E+01
  0.4247278E+02  0.8313981E+00  0.1117993E+02
  0.4773427E+02  0.3361274E+01  0.1612916E+01
  0.3856903E+02  0.1431328E+02  0.6049437E+01
  0.4555568E+02  0.1250146E+02  0.2140794E+02
  0.4244013E+02  0.1352509E+02  0.2228003E+01
  0.5228377E+02  0.9309781E+01  0.2642838E+01
  0.4436517E+02  0.1790287E+02  0.1465031E+02
  0.4972497E+02  0.7627384E+01  0.1930666E+02
  0.5375802E+02  0.5632043E+01  0.1116233E+02
  0.3908447E+02  0.1961870E+02  0.1699116E+01
  0.4865406E+02  0.2157482E+01  0.1543338E+02
  0.3765793E+02  0.1713292E+02  0.1518735E+02
  0.4410844E+02  0.1215114E+02  0.8869561E+01
  0.5720155E+02  0.1578216E+02  0.1012078E+02
  0.5682039E+02  0.1295202E+02  0.1276002E+02
  0.4716687E+02  0.5451260E+01  0.1098180E+02
  0.5592204E+02  0.1491459E+02  0.1185979E+02
  0.5864690E+02  0.1713017E+02  0.1158584E+02
  0.5848066E+02  0.1426186E+02  0.1414525E+02
  0.5566473E+02  0.1718774E+02  0.1390263E+02
  0.5965406E+02  0.1262391E+02  0.1022468E+02
  0.6258379E+02  0.1569434E+02  0.1004543E+02
  0.6265929E+02  0.1311312E+02  0.1279932E+02
  0.5981606E+02  0.1533494E+02  0.1249947E+02
  0.6146525E+02  0.1382946E+02  0.1131275E+02
  0.6376733E+02  0.1717924E+02  0.1145200E+02
  0.6381567E+02  0.1468773E+02  0.1422026E+02
  0.6065918E+02  0.1698041E+02  0.1397383E+02
  0.4848493E+02  0.8462824E+01  0.5617160E+01
  0.4483847E+02  0.1442600E+02  0.8415482E+01
  0.4452321E+02  0.1034954E+02  0.2079548E+02
  0.5089446E+02  0.3064001E+01  0.1520463E+02
  0.4558091E+02  0.6705149E+01  0.7405807E+01
  0.5144611E+02  0.1787727E+02  0.2084113E+02
  0.5560076E+02  0.4856411E+00  0.3267128E+01
  0.4538993E+02  0.1294430E+02  0.1729366E+02
  0.4538464E+02  0.1360542E+02  0.6010013E+01
  0.4166362E+02  0.3304000E+01  0.5569043E+01
  0.4840678E+02  0.1630060E+01  0.7843468E+01
  0.5461941E+02  0.1601347E+02  0.6647657E+01
  0.5297101E+02  0.1722751E+02  0.9686946E+00
  0.5447955E+02  0.2112780E+02  0.1275614E+02
  0.5422045E+02  0.1850079E+02  0.4280476E+01
  0.4221461E+02  0.1513442E+01  0.1343467E+02
  0.5432483E+02  0.1814872E+02  0.1532743E+02
  0.5689608E+02  0.2128768E+02  0.1532200E+02
  0.5669308E+02  0.1862805E+02  0.1808297E+02
  0.5311287E+02  0.1991122E+02  0.1780354E+02
  0.5551281E+02  0.2006282E+02  0.1664816E+02
  0.5838697E+02  0.7594498E+00  0.1658663E+02
  0.5815143E+02  0.1998613E+02  0.1925184E+02
  0.5582669E+02  0.1494873E+01  0.2026075E+02
  0.5938976E+02  0.1831541E+02  0.1543988E+02
  0.6229084E+02  0.2114583E+02  0.1526968E+02
  0.6194762E+02  0.1840179E+02  0.1785571E+02
  0.5958554E+02  0.2125148E+02  0.1785062E+02
  0.6089794E+02  0.1989417E+02  0.1653494E+02
  0.6359455E+02  0.8353407E+00  0.1660311E+02
  0.6367428E+02  0.1944754E+02  0.1934873E+02
  0.6066323E+02  0.7354012E+00  0.1937397E+02
  0.1776848E+02  0.1713868E+02  0.2082936E+02
  0.4014014E+02  0.1886404E+02  0.1342303E+02
  0.4806710E+02  0.2081515E+02  0.7876885E+01
  0.5051229E+02  0.1290524E+02  0.3815415E+01
  0.5049969E+02  0.9792550E+01  0.1682641E+02
  0.3656303E+02  0.1957531E+02  0.1425103E+02
  0.4389264E+02  0.1745561E+02  0.1196792E+02
  0.5281937E+02  0.1379729E+02  0.3211589E+01
  0.4162219E+02  0.8740978E+01  0.1882398E+01
  0.4662630E+02  0.1825737E+02  0.1848077E+02
  0.5309376E+02  0.4587514E+00  0.1868810E+02
  0.5250624E+02  0.2743509E+00  0.3409424E+01
  0.4292159E+02  0.9867712E+01  0.1195771E+02
  0.4788812E+02  0.1472620E+02  0.1298318E+02
  0.4150129E+02  0.1326421E+02  0.1538235E+02
  0.5185156E+02  0.1057220E+00  0.2067739E+02
  0.5415568E+02  0.2048304E+01  0.1562688E+02
  0.5682624E+02  0.5137883E+01  0.1557486E+02
  0.5722159E+02  0.2208824E+01  0.1812361E+02
  0.5398340E+02  0.4415799E+01  0.1817822E+02
  0.5565719E+02  0.3392825E+01  0.1693380E+02
  0.5840395E+02  0.6213067E+01  0.1668732E+02
  0.5842792E+02  0.3656778E+01  0.1938894E+02
  0.5551546E+02  0.5980805E+01  0.1932168E+02
  0.5965742E+02  0.2474467E+01  0.1571467E+02
  0.6245699E+02  0.4906037E+01  0.1514202E+02
  0.6212389E+02  0.1997745E+01  0.1804290E+02
  0.5990268E+02  0.4929711E+01  0.1826722E+02
  0.6108025E+02  0.3743442E+01  0.1680842E+02
  0.6379457E+02  0.6188467E+01  0.1651650E+02
  0.6370002E+02  0.3725435E+01  0.1907750E+02
  0.6125895E+02  0.6131825E+01  0.1953687E+02
  0.5010317E+02  0.6733092E+01  0.2752180E+01
  0.3353709E+02  0.1896345E+02  0.2060107E+02
  0.5284058E+02  0.1909732E+02  0.2804428E+01
  0.3663738E+02  0.1434101E+02  0.1294639E+02
  0.5049951E+02  0.1418651E+02  0.9743515E+01
  0.3480889E+02  0.2034399E+02  0.2560988E+00
  0.4038548E+02  0.6977274E+01  0.1774782E+02
  0.3852952E+02  0.2050572E+02  0.1336996E+02
  0.4708904E+02  0.2029055E+02  0.1584263E+02
  0.4597300E+02  0.1950240E+02  0.1401158E+02
  0.3573199E+02  0.8078575E+01  0.1863059E+02
  0.3675883E+02  0.1732013E+02  0.1035868E+02
  0.5089543E+02  0.3461692E+01  0.1285730E+02
  0.4680005E+02  0.1669929E+02  0.4044271E+01
  0.5101485E+02  0.4571588E+01  0.7696884E-01
  0.5136496E+02  0.1850303E+02  0.1701854E+02
  0.5369101E+02  0.2691141E+01  0.1968026E+02
  0.5801049E+02  0.1141513E+02  0.1151996E+02
  0.5686737E+02  0.7451963E+01  0.1800384E+02
  0.4592262E+02  0.1050064E+02  0.1357587E+02
  0.5538726E+02  0.9017621E+01  0.1709342E+02
  0.5834186E+02  0.1170989E+02  0.1683140E+02
  0.5847339E+02  0.8772906E+01  0.1935953E+02
  0.5577553E+02  0.1153454E+02  0.1950461E+02
  0.5979280E+02  0.7702133E+01  0.1542427E+02
  0.6265205E+02  0.1032411E+02  0.1573217E+02
  0.6248507E+02  0.7222950E+01  0.1800076E+02
  0.5990588E+02  0.1016316E+02  0.1808958E+02
  0.6140002E+02  0.8862676E+01  0.1678856E+02
  0.6403201E+02  0.1166608E+02  0.1702064E+02
  0.6374623E+02  0.8825565E+01  0.1938880E+02
  0.6106226E+02  0.1173779E+02  0.1922010E+02
  0.4492898E+02  0.1636169E+02  0.2899225E+01
  0.5123865E+02  0.1050776E+02  0.1125694E+02
  0.5314706E+02  0.1102499E+02  0.1495527E+00
  0.4886564E+02  0.5635775E+01  0.1992680E+02
  0.3997871E+02  0.1141638E+02  0.1695288E+02
  0.5428362E+02  0.1381292E+02  0.1504280E+02
  0.4578797E+02  0.6387284E+00  0.1651196E+02
  0.4982634E+02  0.1861458E+02  0.3922115E+01
  0.4225048E+02  0.8288143E+01  0.6019278E+01
  0.5281160E+02  0.1420591E+02  0.1954059E+02
  0.5452404E+02  0.1086698E+02  0.1228431E+02
  0.3779316E+02  0.2509376E+01  0.1155946E+02
  0.5279709E+02  0.1657016E+02  0.1647039E+02
  0.4847158E+02  0.1254634E+02  0.1197742E+02
  0.5386149E+02  0.7752696E+01  0.1563315E+02
  0.3513493E+02  0.1167691E+02  0.9540466E+01
  0.5720729E+02  0.1294511E+02  0.1831591E+02
  0.5720947E+02  0.1570747E+02  0.1540552E+02
  0.5589043E+02  0.1428078E+02  0.1688391E+02
  0.5213552E+02  0.1317016E+02  0.8516015E+01
  0.4944836E+02  0.1462587E+02  0.2166355E+02
  0.5822933E+02  0.1730237E+02  0.1693241E+02
  0.5842737E+02  0.1446322E+02  0.1984119E+02
  0.5551580E+02  0.1706520E+02  0.1921342E+02
  0.5979615E+02  0.1281557E+02  0.1515600E+02
  0.6213153E+02  0.1599952E+02  0.1550263E+02
  0.6239345E+02  0.1312079E+02  0.1815496E+02
  0.5964903E+02  0.1563512E+02  0.1825537E+02
  0.6095957E+02  0.1436475E+02  0.1670843E+02
  0.6379747E+02  0.1726342E+02  0.1674939E+02
  0.6383316E+02  0.1433391E+02  0.1959381E+02
  0.6097904E+02  0.1699066E+02  0.1955363E+02
