         
  0.6515772E+02  0.0000000E+00  0.2171924E+02
  0.0000000E+00  0.0000000E+00  0.2171924E+02
  0.6485933E+02  0.1874767E+02  0.2060426E+02
  0.2647014E+01  0.2146412E+02  0.2122221E+02
  0.2437352E+01  0.1888300E+02  0.1979526E+01
  0.6493611E+02  0.2138963E+02  0.1920669E+01
  0.1099273E+01  0.2002353E+02  0.3424761E+00
  0.4188164E+01  0.9812202E+00  0.6608552E+00
  0.3914169E+01  0.1998397E+02  0.3639240E+01
  0.1326384E+01  0.1108267E+01  0.3145285E+01
  0.5338942E+01  0.1890745E+02  0.2105882E+02
  0.8375466E+01  0.2223703E+00  0.2108578E+02
  0.7973171E+01  0.1902229E+02  0.1717590E+01
  0.5348498E+01  0.2135508E+02  0.2249956E+01
  0.6892238E+01  0.2041427E+02  0.4906426E+00
  0.1291368E+02  0.2335416E+01  0.2157125E+02
  0.8183435E+01  0.1228493E-01  0.5303961E+01
  0.6692462E+01  0.1177972E+01  0.3504356E+01
  0.9940676E+01  0.2075160E+02  0.1737643E+02
  0.2409888E+02  0.1032677E+02  0.4444608E+01
  0.2234087E+02  0.5062542E+00  0.1259983E+02
  0.1260022E+02  0.7333791E+01  0.1900296E+02
  0.1857856E+02  0.2163309E+02  0.2522431E+01
  0.3204554E+02  0.1716567E+02  0.4930996E+01
  0.9085711E+01  0.7010053E+01  0.4935973E+01
  0.3080718E+02  0.6506312E+01  0.9083064E+01
  0.1706737E+02  0.7923260E+01  0.6142542E+01
  0.1450333E+02  0.9517004E+01  0.2117943E+02
  0.2769775E+02  0.8385403E+01  0.1663760E+02
  0.1057583E+02  0.1805257E+02  0.3854125E+01
  0.2020439E+02  0.1822996E+01  0.8588983E+01
  0.2965754E+02  0.7058556E+01  0.1939362E+02
  0.1403103E+02  0.1879516E+02  0.2170924E+02
  0.3378443E+02  0.7636380E+01  0.8285237E+01
  0.2288220E+00  0.2317338E+01  0.2107188E+02
  0.2740612E+01  0.5106004E+01  0.2089590E+02
  0.2706839E+01  0.2300480E+01  0.1852285E+01
  0.6515140E+02  0.4980249E+01  0.2194878E+01
  0.1543291E+01  0.3897816E+01  0.6763697E+00
  0.4179544E+01  0.6665700E+01  0.2448285E+00
  0.4186877E+01  0.3875993E+01  0.3021642E+01
  0.1546646E+01  0.6525920E+01  0.3290034E+01
  0.5498064E+01  0.2436354E+01  0.2079594E+02
  0.8259154E+01  0.5263626E+01  0.2077648E+02
  0.8068577E+01  0.2802467E+01  0.2319793E+01
  0.5450406E+01  0.5166160E+01  0.1741983E+01
  0.6882985E+01  0.3852028E+01  0.3585189E+00
  0.1211001E+02  0.2019410E+01  0.1905031E+02
  0.1032665E+02  0.2831234E+01  0.6537239E+01
  0.6679539E+01  0.6527733E+01  0.3152565E+01
  0.1255013E+02  0.3589407E+01  0.1840620E+01
  0.2763730E+02  0.1154933E+02  0.1610962E+02
  0.2074731E+02  0.1675326E+02  0.9863203E+01
  0.1207887E+02  0.6996810E+01  0.3004493E+01
  0.1306176E+02  0.1682996E+02  0.8293812E+00
  0.1575759E+02  0.1573375E+01  0.5037307E+01
  0.2214665E+02  0.7356954E+01  0.1678067E+01
  0.9509303E+01  0.1533257E+02  0.3656670E+01
  0.3130784E+02  0.3367674E+01  0.7646982E+01
  0.1625118E+02  0.1263173E+02  0.3629135E+01
  0.1542040E+02  0.1128690E+02  0.1213442E+02
  0.2119649E+02  0.1443108E+02  0.1681192E+02
  0.1798028E+02  0.1894266E+02  0.6879285E+01
  0.1842715E+02  0.1871393E+02  0.2035169E+02
  0.1770478E+02  0.9959641E+01  0.9966309E+01
  0.1741983E+02  0.2026785E+02  0.1771174E+02
  0.6511062E+02  0.7594490E+01  0.2095146E+02
  0.2826955E+01  0.1072007E+02  0.2085615E+02
  0.2786418E+01  0.7764324E+01  0.1856338E+01
  0.6513693E+02  0.1052569E+02  0.1963494E+01
  0.1510652E+01  0.9135897E+01  0.5323251E+00
  0.3968642E+01  0.1215079E+02  0.5053311E+00
  0.3971962E+01  0.9354261E+01  0.3251615E+01
  0.1044350E+01  0.1216945E+02  0.3440597E+01
  0.5713369E+01  0.7983491E+01  0.2106751E+02
  0.1658506E+02  0.1563784E+02  0.2885544E+00
  0.1183012E+02  0.1230986E+02  0.9301116E+00
  0.5073614E+01  0.1094146E+02  0.2031575E+01
  0.6554796E+01  0.9167389E+01  0.9421647E+00
  0.9433778E+01  0.1210969E+02  0.1055653E+01
  0.1155503E+02  0.1718629E+02  0.1016862E+02
  0.6661414E+01  0.1239415E+02  0.3325533E+01
  0.7800184E+01  0.1076398E+02  0.2135709E+02
  0.1972892E+02  0.1112652E+02  0.2017879E+02
  0.3026795E+02  0.3672735E+01  0.1134305E+02
  0.1407169E+02  0.1453245E+02  0.1781671E+02
  0.1760792E+02  0.1273837E+02  0.7856630E+01
  0.1823936E+02  0.1082840E+02  0.6460681E+01
  0.2113901E+02  0.5900037E+01  0.1457313E+02
  0.2839003E+02  0.9070700E+01  0.6244936E+01
  0.1386358E+02  0.5785326E+01  0.1379767E+02
  0.2566281E+02  0.4332115E+01  0.1312777E+02
  0.2094728E+02  0.1895450E+02  0.9118671E+01
  0.1423783E+02  0.9803521E+01  0.1372794E+02
  0.1839039E+02  0.8940476E+01  0.3118103E+01
  0.2974155E+02  0.1997419E+02  0.1441735E+02
  0.4029144E+02  0.1395526E+02  0.1134195E+02
  0.3392545E+02  0.8158071E+01  0.1958638E+02
  0.6474430E+02  0.1349272E+02  0.2110493E+02
  0.2685404E+01  0.1589883E+02  0.2097948E+02
  0.2577166E+01  0.1335334E+02  0.2091830E+01
  0.6507941E+02  0.1616955E+02  0.1826429E+01
  0.1299414E+01  0.1457153E+02  0.7374473E+00
  0.3940230E+01  0.1751238E+02  0.5655191E+00
  0.3909342E+01  0.1494080E+02  0.3282051E+01
  0.1070384E+01  0.1745732E+02  0.3090685E+01
  0.5322259E+01  0.1357822E+02  0.2116577E+02
  0.8370996E+01  0.1608740E+02  0.2078181E+02
  0.8236886E+01  0.1388487E+02  0.2307109E+01
  0.5337060E+01  0.1617390E+02  0.1892586E+01
  0.6853584E+01  0.1497115E+02  0.5654930E+00
  0.9272805E+01  0.1771816E+02  0.5645351E+00
  0.1720982E+02  0.1906970E+01  0.8344054E+01
  0.6408415E+01  0.1798693E+02  0.2969537E+01
  0.1450110E+02  0.1704767E+02  0.5436181E+01
  0.1277772E+02  0.1828331E+02  0.1742295E+02
  0.1290220E+02  0.1576636E+02  0.3634213E+01
  0.2393315E+02  0.1379346E+02  0.1346344E+02
  0.2086814E+02  0.5051156E+00  0.3342723E+01
  0.2443670E+02  0.9799385E+00  0.1153356E+02
  0.1735628E+02  0.3534478E+01  0.4357204E+01
  0.9302129E+01  0.7821607E+00  0.1457189E+01
  0.2129874E+02  0.1754103E+02  0.6998266E+01
  0.1425878E+02  0.4221376E+01  0.7670479E+01
  0.3678105E+02  0.1018869E+02  0.7357155E+01
  0.2615804E+02  0.1678212E+01  0.4754355E+01
  0.1894500E+02  0.2090663E+02  0.1951026E+02
  0.2079182E+02  0.1043510E+02  0.7030520E+01
  0.2600177E+02  0.2030542E+02  0.1655332E+02
  0.1172094E+02  0.7602386E+00  0.1277509E+01
  0.6489140E+02  0.1877271E+02  0.4684342E+01
  0.2592931E+01  0.2170709E+02  0.4754636E+01
  0.2584306E+01  0.1880447E+02  0.7325925E+01
  0.6506208E+02  0.2164101E+02  0.7462419E+01
  0.1309775E+01  0.2013466E+02  0.6065869E+01
  0.3944288E+01  0.1582577E+01  0.6001243E+01
  0.3968069E+01  0.2038810E+02  0.8842986E+01
  0.1202059E+01  0.1355728E+01  0.8758573E+01
  0.5096006E+01  0.1852448E+02  0.4876090E+01
  0.1114302E+02  0.3732908E+01  0.3504483E+01
  0.7941748E+01  0.1916095E+02  0.7041717E+01
  0.5346850E+01  0.2157117E+02  0.7307751E+01
  0.6481683E+01  0.2029940E+02  0.5834655E+01
  0.1997057E+02  0.9280255E+01  0.1843072E+02
  0.9184803E+01  0.1758929E+02  0.5782296E+01
  0.6685154E+01  0.1104074E+01  0.8829909E+01
  0.2401993E+02  0.2297753E+01  0.3628715E+01
  0.2425208E+02  0.9619234E+01  0.2037543E+01
  0.1912313E+02  0.4788363E+01  0.1538663E+02
  0.1521847E+02  0.4734667E+01  0.4278081E+01
  0.1405485E+02  0.1630695E+02  0.1621192E+02
  0.1681595E+02  0.1729636E+02  0.1012456E+02
  0.2066571E+02  0.1630277E+02  0.3253054E+01
  0.1580267E+02  0.1979343E+02  0.1200154E+02
  0.1765656E+02  0.2091045E+02  0.1312356E+02
  0.1882292E+02  0.5711547E+01  0.1753275E+02
  0.1379833E+02  0.2027585E+02  0.1610088E+02
  0.9169635E+01  0.6685708E+01  0.5616081E+00
  0.1222706E+02  0.1442898E+02  0.1296650E+02
  0.2040888E+02  0.6389826E+01  0.3381719E+01
  0.1886497E+02  0.1730682E+02  0.1335402E+02
  0.1045504E+02  0.1119203E+02  0.7729743E+01
  0.1555436E+00  0.2511350E+01  0.4564782E+01
  0.2780785E+01  0.5154505E+01  0.4601655E+01
  0.2485729E+01  0.2767438E+01  0.7422517E+01
  0.6496317E+02  0.5342986E+01  0.7462458E+01
  0.1224014E+01  0.3822185E+01  0.5906577E+01
  0.3937217E+01  0.6631093E+01  0.6159548E+01
  0.3891167E+01  0.4127909E+01  0.8904995E+01
  0.1052632E+01  0.6675948E+01  0.8809304E+01
  0.5445465E+01  0.2526956E+01  0.4745285E+01
  0.9628371E+01  0.3819985E+01  0.1948012E+02
  0.6852744E+01  0.4051452E+01  0.5789253E+01
  0.5122036E+01  0.5080884E+01  0.7159907E+01
  0.8036771E+01  0.2381894E+01  0.7330075E+01
  0.2240638E+02  0.4000750E+01  0.1467167E+02
  0.1049216E+02  0.1956869E+02  0.1157487E+02
  0.6469516E+01  0.6695726E+01  0.8557766E+01
  0.1607917E+02  0.2013477E+02  0.6972560E+01
  0.8160049E+01  0.8176161E+01  0.2242129E+01
  0.1243956E+02  0.5744313E+01  0.2160954E+02
  0.1269535E+02  0.4414356E+01  0.5027578E+01
  0.8731260E+01  0.2078768E+02  0.2942025E+01
  0.1062862E+02  0.8013133E+01  0.1000934E+02
  0.1626795E+02  0.1130947E+02  0.5545860E+01
  0.1794667E+02  0.5995169E+01  0.2599722E+01
  0.1459677E+02  0.2057776E+02  0.9972736E+01
  0.2219961E+02  0.7256739E+00  0.9213917E+01
  0.2094536E+02  0.3745280E+01  0.9946727E+01
  0.3289428E+02  0.2648292E+00  0.1174057E+02
  0.2766065E+02  0.4686673E+01  0.1271746E+01
  0.1272567E+02  0.1396970E+02  0.9582028E+01
  0.2433188E+02  0.1482035E+02  0.6505628E+01
  0.1408684E+02  0.1252122E+02  0.8344020E+01
  0.6515659E+02  0.7842872E+01  0.4671514E+01
  0.2740543E+01  0.1073547E+02  0.4500446E+01
  0.2659716E+01  0.8019255E+01  0.7522673E+01
  0.6491032E+02  0.1066802E+02  0.7370634E+01
  0.1476486E+01  0.9638132E+01  0.6062319E+01
  0.3857024E+01  0.1202250E+02  0.5997512E+01
  0.4452541E+01  0.9295088E+01  0.8880933E+01
  0.1225421E+01  0.1201109E+02  0.8958527E+01
  0.5460645E+01  0.7960455E+01  0.4617490E+01
  0.8136787E+01  0.1094662E+02  0.4584113E+01
  0.8090477E+01  0.4938203E+01  0.4020969E+01
  0.5244833E+01  0.1075118E+02  0.7271538E+01
  0.6629359E+01  0.9455866E+01  0.5849942E+01
  0.7849943E+01  0.1365710E+02  0.7162302E+01
  0.7922926E+01  0.8057837E+01  0.6943155E+01
  0.6752769E+01  0.1206650E+02  0.8621846E+01
  0.1128441E+02  0.8823599E+01  0.1392364E+01
  0.1424630E+02  0.1839016E+01  0.6795336E+01
  0.1836024E+02  0.1294822E+02  0.1361399E+02
  0.2481065E+02  0.4171203E+01  0.1546584E+02
  0.1917900E+02  0.1722526E+02  0.1680871E+02
  0.1273510E+02  0.1238881E+02  0.1149161E+02
  0.2762657E+02  0.4502076E+01  0.8072512E+01
  0.1792544E+02  0.1506442E+02  0.1686848E+02
  0.1872660E+02  0.5411332E+01  0.4968010E+01
  0.1664544E+02  0.1755318E+02  0.1256842E+02
  0.3166157E+02  0.1373172E+02  0.4757601E+01
  0.2016443E+02  0.1961221E+02  0.1123684E+02
  0.2225786E+02  0.1486749E+02  0.1783955E+00
  0.3049030E+02  0.8627359E+01  0.2781387E+01
  0.3202716E+02  0.9146623E+01  0.1817555E+02
  0.2617505E+02  0.1366354E+02  0.1855114E+02
  0.6504244E+02  0.1345027E+02  0.4859652E+01
  0.2088661E+01  0.1599749E+02  0.4551892E+01
  0.2344323E+01  0.1338399E+02  0.7533021E+01
  0.6485991E+02  0.1615625E+02  0.7065909E+01
  0.1043094E+01  0.1468154E+02  0.6058009E+01
  0.3540618E+01  0.1722480E+02  0.5905926E+01
  0.3894305E+01  0.1476679E+02  0.8762256E+01
  0.1114145E+01  0.1739457E+02  0.8593699E+01
  0.5145697E+01  0.1361505E+02  0.4724990E+01
  0.1501417E+02  0.1629039E+02  0.2019045E+01
  0.9112224E+01  0.1494569E+02  0.8628192E+01
  0.5096557E+01  0.1617772E+02  0.7287154E+01
  0.6464048E+01  0.1501215E+02  0.5864902E+01
  0.7504065E+01  0.1668272E+02  0.4469066E+01
  0.8043840E+01  0.1670396E+02  0.1003050E+02
  0.6364804E+01  0.1771818E+02  0.8571103E+01
  0.1912353E+02  0.1493144E+02  0.4754585E+01
  0.1215249E+02  0.8186211E+00  0.7764383E+01
  0.1510052E+02  0.7628638E+01  0.1012698E+01
  0.1685426E+02  0.1692956E+02  0.6431577E+01
  0.9410093E+01  0.1220316E+02  0.1108102E+02
  0.2232551E+02  0.1895991E+02  0.1185048E+02
  0.2256043E+02  0.7387068E+01  0.7189724E+01
  0.1456831E+02  0.7679035E+00  0.1697637E+02
  0.1743515E+02  0.3046979E+01  0.1923592E+02
  0.2298794E+02  0.1821906E+02  0.1570771E+02
  0.1857525E+02  0.2677475E+00  0.9599559E+01
  0.1772833E+02  0.9492792E+01  0.1551351E+02
  0.1053561E+02  0.1884640E+02  0.2079307E+02
  0.9216763E+01  0.9293966E+01  0.8512646E+01
  0.1271021E+02  0.1351594E+02  0.4714803E+01
  0.9322706E+01  0.2057636E+02  0.8335613E+01
  0.6504382E+02  0.1867618E+02  0.1020084E+02
  0.2497705E+01  0.9127190E-01  0.1016144E+02
  0.2572552E+01  0.1908816E+02  0.1251495E+02
  0.6482500E+02  0.2121840E+02  0.1276230E+02
  0.1018789E+01  0.2011572E+02  0.1124746E+02
  0.4014928E+01  0.1489056E+01  0.1126420E+02
  0.3828342E+01  0.2056773E+02  0.1382958E+02
  0.1508420E+01  0.8802927E+00  0.1402306E+02
  0.5143771E+01  0.1879428E+02  0.1008259E+02
  0.8070241E+01  0.2151765E+02  0.9966868E+01
  0.7948470E+01  0.1873985E+02  0.1282445E+02
  0.5346878E+01  0.2160275E+02  0.1256800E+02
  0.6744115E+01  0.2013982E+02  0.1132060E+02
  0.1396444E+02  0.2595500E+01  0.3838439E+01
  0.9244649E+01  0.2015407E+02  0.1418057E+02
  0.6686807E+01  0.1236800E+01  0.1371104E+02
  0.9561102E+01  0.1726928E+02  0.1168030E+02
  0.1890979E+02  0.4444334E+01  0.2070460E+02
  0.1634632E+02  0.8982752E+01  0.1758572E+02
  0.1233471E+02  0.1963619E+02  0.1317352E+02
  0.1228302E+02  0.1454383E+02  0.2168814E+02
  0.2027985E+02  0.7623515E+01  0.9694739E+01
  0.9497216E+01  0.1598422E+01  0.1096561E+02
  0.1457374E+02  0.1921599E+02  0.1413955E+02
  0.3310173E+02  0.5493264E+01  0.6988055E+00
  0.1341555E+02  0.2863628E+01  0.1741092E+02
  0.1283299E+02  0.1174646E+02  0.3065117E+01
  0.1677716E+02  0.9266825E+01  0.1212748E+02
  0.2482068E+02  0.1898870E+02  0.6881750E+01
  0.2053637E+02  0.1510794E+02  0.7530205E+01
  0.2658544E+02  0.6198882E+01  0.8804006E+01
  0.1335724E+02  0.8262200E+01  0.1674288E+02
  0.8484403E-01  0.2724279E+01  0.1020579E+02
  0.2642375E+01  0.5503121E+01  0.1043842E+02
  0.2617543E+01  0.2823938E+01  0.1287185E+02
  0.6502792E+02  0.5335697E+01  0.1309604E+02
  0.1400334E+01  0.4198192E+01  0.1155526E+02
  0.4111478E+01  0.6961849E+01  0.1184300E+02
  0.4112905E+01  0.3950852E+01  0.1426240E+02
  0.1505625E+01  0.6556064E+01  0.1435303E+02
  0.5539010E+01  0.2914896E+01  0.1026476E+02
  0.8022995E+01  0.5485529E+01  0.1015405E+02
  0.8182573E+01  0.2880593E+01  0.1265118E+02
  0.5394544E+01  0.5563709E+01  0.1329055E+02
  0.6790762E+01  0.4267446E+01  0.1165815E+02
  0.9413251E+01  0.6975282E+01  0.1172424E+02
  0.9654391E+01  0.4150495E+01  0.1426991E+02
  0.6766099E+01  0.6750027E+01  0.1460344E+02
  0.1094483E+02  0.3477945E+01  0.1052418E+02
  0.2092759E+02  0.3201473E+01  0.1624727E+02
  0.1525420E+02  0.1852920E+02  0.4004297E+01
  0.1074567E+02  0.5045111E+01  0.1242245E+02
  0.1318669E+02  0.8203972E+01  0.6174597E+01
  0.1831956E+02  0.7642734E+01  0.9883977E+00
  0.1046056E+02  0.8047009E+01  0.1549753E+02
  0.1675674E+02  0.1683590E+02  0.2020638E+02
  0.9157237E+01  0.2038257E+02  0.1958575E+02
  0.1176255E+02  0.9535587E+01  0.3613110E+01
  0.2662250E+02  0.5666312E+01  0.1669965E+02
  0.1053669E+02  0.1434315E+02  0.5291765E+01
  0.2681927E+02  0.1717398E+01  0.1120826E+02
  0.9432823E+01  0.9205839E+01  0.3857419E+01
  0.1494454E+02  0.5799447E+01  0.2112039E+02
  0.2061601E+02  0.5896636E+01  0.7868126E+01
  0.6501710E+02  0.8220673E+01  0.1022844E+02
  0.2888973E+01  0.1072123E+02  0.1036813E+02
  0.2695467E+01  0.8304874E+01  0.1318073E+02
  0.6496009E+02  0.1086875E+02  0.1266889E+02
  0.1350562E+01  0.9462097E+01  0.1155014E+02
  0.3960924E+01  0.1214933E+02  0.1181500E+02
  0.4106137E+01  0.9660605E+01  0.1441099E+02
  0.9837109E+00  0.1234511E+02  0.1428701E+02
  0.5364840E+01  0.7825495E+01  0.1036543E+02
  0.7804800E+01  0.1053925E+02  0.1001306E+02
  0.7981841E+01  0.8204377E+01  0.1313234E+02
  0.5621666E+01  0.1073521E+02  0.1284190E+02
  0.6800940E+01  0.9274943E+01  0.1154009E+02
  0.1079941E+02  0.1122965E+02  0.1249650E+02
  0.9539987E+01  0.9638666E+01  0.1390966E+02
  0.6447512E+01  0.1251221E+02  0.1413945E+02
  0.2940873E+02  0.1103282E+02  0.5823908E+01
  0.1359423E+02  0.4691745E-01  0.1904525E+02
  0.2445647E+02  0.1174799E+01  0.1754768E+02
  0.1642816E+02  0.1361429E+02  0.1188680E+02
  0.2521129E+02  0.1922720E+02  0.1382936E+02
  0.2436771E+02  0.1297412E+02  0.3061871E+01
  0.1205088E+02  0.1253674E+01  0.3591085E+01
  0.1884006E+02  0.1291700E+01  0.1810609E+02
  0.1565733E+02  0.5950098E+01  0.6437523E+01
  0.3106482E+02  0.1796418E+02  0.9696961E+01
  0.3066794E+02  0.1081236E+02  0.1972270E+02
  0.1090536E+02  0.1091194E+02  0.1739015E+02
  0.4187411E+02  0.7727416E+01  0.2082046E+02
  0.3049165E+02  0.5478124E+01  0.4595182E+01
  0.4086081E+02  0.1679350E+02  0.1736272E+02
  0.1661784E+02  0.7711619E+00  0.1638542E+01
  0.6500746E+02  0.1341011E+02  0.1014337E+02
  0.2592619E+01  0.1613799E+02  0.1000222E+02
  0.2638955E+01  0.1358742E+02  0.1309352E+02
  0.1598386E+00  0.1594693E+02  0.1278953E+02
  0.1471530E+01  0.1465816E+02  0.1146308E+02
  0.3805052E+01  0.1743705E+02  0.1149430E+02
  0.4089108E+01  0.1493198E+02  0.1436314E+02
  0.1536605E+01  0.1730330E+02  0.1404258E+02
  0.5365197E+01  0.1342418E+02  0.1003936E+02
  0.9646735E+01  0.6782512E+00  0.6843977E+01
  0.7962601E+01  0.1344070E+02  0.1249822E+02
  0.5328426E+01  0.1618548E+02  0.1283135E+02
  0.6631688E+01  0.1508346E+02  0.1135789E+02
  0.2759299E+02  0.5288906E-01  0.2034379E+02
  0.1600724E+02  0.1751991E+02  0.1502266E+02
  0.6780849E+01  0.1746832E+02  0.1428265E+02
  0.1784860E+02  0.9504837E+00  0.2042971E+02
  0.2794588E+02  0.1726143E+02  0.1615189E+02
  0.1442417E+02  0.1024174E+02  0.6724560E+01
  0.1472772E+02  0.1781294E+02  0.1962217E+02
  0.1239290E+02  0.1598125E+02  0.8535762E+01
  0.2314918E+02  0.2380749E+01  0.1043422E+01
  0.2671161E+02  0.7363022E+01  0.2026578E+02
  0.1248176E+02  0.1650296E+02  0.1452109E+02
  0.1092858E+02  0.1956192E+02  0.9442110E+01
  0.2453971E+02  0.7639326E+01  0.1892585E+02
  0.1089396E+02  0.1938101E+02  0.1588083E+02
  0.2102937E+02  0.1461386E+02  0.1130824E+02
  0.1157936E+02  0.6006023E+01  0.1475666E+02
  0.2421685E+02  0.8967297E+01  0.6460539E+01
  0.1965350E+02  0.1206346E+01  0.5484259E+01
  0.2230758E+02  0.2099502E+02  0.1855700E+01
  0.2096328E+00  0.1854261E+02  0.1546844E+02
  0.2826898E+01  0.2153200E+02  0.1539441E+02
  0.2650790E+01  0.1898976E+02  0.1814034E+02
  0.3860172E+00  0.2143720E+02  0.1831950E+02
  0.1300367E+01  0.2002061E+02  0.1653085E+02
  0.4611958E+01  0.1029993E+01  0.1666019E+02
  0.4047050E+01  0.2014998E+02  0.1965287E+02
  0.1607423E+01  0.9865824E+00  0.1966864E+02
  0.5207222E+01  0.1905749E+02  0.1520457E+02
  0.7840549E+01  0.2159124E+02  0.1540594E+02
  0.7872279E+01  0.1874602E+02  0.1790230E+02
  0.5613364E+01  0.2130998E+02  0.1834111E+02
  0.6654325E+01  0.2028094E+02  0.1657586E+02
  0.2144301E+02  0.5913006E+01  0.2127950E+02
  0.9512165E+01  0.1112557E+01  0.1655473E+02
  0.6820181E+01  0.1258773E+01  0.1952825E+02
  0.1786886E+02  0.1965397E+02  0.1046658E+02
  0.1707021E+02  0.4814064E+01  0.3725820E+00
  0.3140431E+02  0.2268965E+01  0.4784336E+01
  0.2692597E+02  0.6484379E+01  0.1323956E+02
  0.1898694E+02  0.1797818E+02  0.9055477E+00
  0.1732644E+02  0.1777109E+02  0.2803855E+01
  0.1202907E+02  0.2026478E+02  0.4736879E+00
  0.1142205E+02  0.2195147E+01  0.1600566E+02
  0.1570572E+02  0.6956903E+01  0.3197567E+01
  0.1076480E+02  0.1118208E+02  0.1968702E+02
  0.2328219E+02  0.3403812E+01  0.7683996E+01
  0.2579692E+02  0.1452428E+02  0.2125848E+02
  0.1044395E+02  0.1494458E+02  0.1467636E+02
  0.4651841E+02  0.7337847E+01  0.9762276E+00
  0.2130778E+02  0.2120128E+02  0.5749623E+01
  0.1639527E+02  0.3251456E+01  0.1918177E+01
  0.6514068E+02  0.2212742E+01  0.1521718E+02
  0.2844700E+01  0.5113935E+01  0.1566663E+02
  0.3003539E+01  0.2177015E+01  0.1787944E+02
  0.4995189E-01  0.4795990E+01  0.1814437E+02
  0.1607349E+01  0.3658834E+01  0.1666189E+02
  0.3958491E+01  0.6788670E+01  0.1694221E+02
  0.4228841E+01  0.3587777E+01  0.1943746E+02
  0.1230736E+01  0.6452354E+01  0.1935579E+02
  0.5529777E+01  0.2362231E+01  0.1544444E+02
  0.8218239E+01  0.5315410E+01  0.1572827E+02
  0.8336162E+01  0.2506011E+01  0.1814650E+02
  0.5463862E+01  0.5136140E+01  0.1810496E+02
  0.6909718E+01  0.3703255E+01  0.1675911E+02
  0.1573906E+02  0.7005840E+01  0.1914359E+02
  0.1101929E+02  0.5265623E+01  0.1820976E+02
  0.6613834E+01  0.6724460E+01  0.1965712E+02
  0.1757093E+02  0.4006222E+01  0.1085016E+02
  0.2567517E+02  0.1724379E+02  0.1618428E+01
  0.1282631E+02  0.1747844E+02  0.1237060E+02
  0.1109924E+02  0.2239754E+01  0.1377782E+02
  0.2270490E+02  0.7518860E+01  0.1297369E+02
  0.1036099E+02  0.1327608E+02  0.2078127E+02
  0.1528624E+02  0.2053705E+02  0.1119107E+01
  0.9354636E+01  0.6554681E+01  0.1754461E+02
  0.2166538E+02  0.2742513E+01  0.2793661E+01
  0.2438098E+02  0.1374067E+01  0.8059363E+01
  0.1644538E+02  0.1214097E+02  0.7265320E-01
  0.2435492E+02  0.5682088E+01  0.7910348E+01
  0.2091982E+02  0.8392478E+01  0.1190419E+02
  0.1289480E+02  0.1041016E+02  0.1578104E+02
  0.1881694E+02  0.5635815E+01  0.9510749E+01
  0.2738893E+02  0.1959545E+02  0.4761306E+01
  0.1573099E+00  0.8214737E+01  0.1571628E+02
  0.2612783E+01  0.1098820E+02  0.1545640E+02
  0.2613683E+01  0.8087924E+01  0.1826577E+02
  0.6505351E+02  0.1048781E+02  0.1858819E+02
  0.1433208E+01  0.9431933E+01  0.1694581E+02
  0.4193249E+01  0.1204682E+02  0.1712721E+02
  0.4061506E+01  0.9214137E+01  0.1969891E+02
  0.1235274E+01  0.1204143E+02  0.1971898E+02
  0.5543563E+01  0.8348220E+01  0.1585252E+02
  0.7916251E+01  0.1098162E+02  0.1541684E+02
  0.8089911E+01  0.8214096E+01  0.1870489E+02
  0.5378718E+01  0.1082285E+02  0.1855102E+02
  0.7045422E+01  0.9640562E+01  0.1718893E+02
  0.1052001E+02  0.1424607E+02  0.1702094E+02
  0.9318403E+01  0.9268730E+01  0.2044563E+02
  0.6657396E+01  0.1211301E+02  0.1991329E+02
  0.1042559E+02  0.1598354E+02  0.7144874E+01
  0.1208594E+02  0.3216793E+01  0.8365076E+01
  0.2070882E+02  0.4304719E-01  0.1092911E+02
  0.1232374E+02  0.1023073E+02  0.2160531E+02
  0.1761641E+02  0.5770667E+01  0.1380155E+02
  0.1437799E+02  0.8959732E+01  0.1894970E+02
  0.2037568E+02  0.1368582E+02  0.1414619E+02
  0.2542278E+02  0.3294699E+01  0.1750163E+02
  0.1112328E+02  0.2161238E+02  0.1169860E+02
  0.2785053E+02  0.1558553E+02  0.6034412E+01
  0.2516080E+02  0.7891127E+01  0.1650242E+02
  0.2004307E+02  0.1004635E+02  0.9405014E+01
  0.2050678E+02  0.1047178E+02  0.1186645E+02
  0.1205704E+02  0.9739527E+01  0.1098312E+02
  0.2840333E+02  0.2200936E+01  0.2124589E+02
  0.1914191E+02  0.1238905E+02  0.1141838E+02
  0.6510885E+02  0.1368517E+02  0.1563663E+02
  0.2855154E+01  0.1612757E+02  0.1580708E+02
  0.2655429E+01  0.1334335E+02  0.1848632E+02
  0.1416212E+00  0.1610349E+02  0.1843162E+02
  0.1488393E+01  0.1486391E+02  0.1712850E+02
  0.4092524E+01  0.1786578E+02  0.1702570E+02
  0.4064568E+01  0.1480520E+02  0.1952739E+02
  0.1468648E+01  0.1740274E+02  0.1976860E+02
  0.5399463E+01  0.1367626E+02  0.1584243E+02
  0.8335987E+01  0.1613034E+02  0.1582607E+02
  0.8196101E+01  0.1342260E+02  0.1847869E+02
  0.5408059E+01  0.1628282E+02  0.1829383E+02
  0.6845122E+01  0.1490774E+02  0.1710795E+02
  0.9765349E+01  0.1748966E+02  0.1698673E+02
  0.9801243E+01  0.1514956E+02  0.1915145E+02
  0.6742287E+01  0.1736301E+02  0.1967963E+02
  0.9747104E+01  0.1506364E+02  0.1267676E+02
  0.1117855E+02  0.1717193E+02  0.1894559E+02
  0.1539365E+02  0.7736146E+01  0.1352160E+02
  0.1130412E+02  0.2148237E+02  0.1977059E+02
  0.2280547E+02  0.9233631E+01  0.2169668E+02
  0.2306653E+02  0.2013070E+02  0.1406500E+02
  0.2941052E+02  0.3503868E+01  0.1357359E+02
  0.2295429E+02  0.1257506E+02  0.9441250E+00
  0.9192768E+01  0.1231657E+02  0.5868404E+01
  0.1095181E+02  0.2140143E+02  0.1412757E+02
  0.1434751E+02  0.5869717E+01  0.1625872E+02
  0.2135956E+02  0.1664240E+01  0.1819091E+02
  0.1747055E+02  0.1071927E+02  0.1982088E+02
  0.1862836E+02  0.1289099E+02  0.3565679E+01
  0.2098705E+02  0.1310654E+02  0.4498642E+01
  0.1956132E+02  0.1069979E+02  0.1644270E+02
  0.4229443E+02  0.2083353E+02  0.8556642E+01
  0.3716374E+02  0.2377667E+01  0.1375025E+02
  0.2224910E+02  0.1687804E+02  0.1168275E+02
  0.2969109E+02  0.8048692E+01  0.8724356E+00
  0.4542685E+02  0.1208479E+02  0.4840066E+01
  0.3859958E+02  0.5829304E+01  0.2316135E+01
  0.5115796E+02  0.1949257E+02  0.1710606E+02
  0.4038528E+02  0.2153027E+02  0.1929729E+02
  0.3950407E+02  0.7567806E+01  0.3887647E+01
  0.2306413E+02  0.1411949E+02  0.4569913E+01
  0.1630117E+02  0.1479681E+02  0.1868605E+02
  0.3957524E+02  0.1043994E+02  0.1347874E+02
  0.3360725E+02  0.7365672E+01  0.1574174E+02
  0.4342821E+02  0.1143185E+02  0.1979184E+02
  0.3523267E+02  0.2311342E+01  0.9307979E+01
  0.3860919E+02  0.2095003E+02  0.7357629E+01
  0.2633719E+02  0.6217248E+01  0.1102247E+02
  0.4034985E+02  0.2184357E+00  0.1224148E+02
  0.4378777E+02  0.3119231E+01  0.1863240E+02
  0.1422965E+02  0.1659513E+02  0.7885783E+01
  0.3358298E+02  0.1226612E+02  0.1685812E+02
  0.3435389E+02  0.1014429E+02  0.4477502E+01
  0.2521796E+02  0.1121926E+02  0.8843321E+01
  0.2000274E+02  0.1757938E+02  0.1894109E+02
  0.4757709E+02  0.1137075E+02  0.2159907E+02
  0.1360874E+02  0.5620284E+01  0.1144225E+02
  0.3190005E+02  0.1326355E+02  0.1319949E+02
  0.3916673E+02  0.2609633E+01  0.5713396E+01
  0.2837183E+02  0.1288467E+02  0.1805750E+02
  0.3311564E+02  0.1194576E+02  0.1543727E+01
  0.4356720E+02  0.2034096E+02  0.2160703E+02
  0.3550335E+02  0.8764409E+01  0.1572917E+02
  0.3248937E+02  0.2142592E+02  0.8139621E+01
  0.3814674E+02  0.8165578E+01  0.2053253E+02
  0.3769493E+02  0.1978864E+01  0.1609367E+02
  0.2544875E+02  0.1938659E+02  0.2033100E+02
  0.5100590E+02  0.1743737E+01  0.6869305E+01
  0.2464345E+02  0.1933913E+02  0.1137568E+02
  0.3088600E+02  0.1651373E+02  0.1209788E+02
  0.3589851E+02  0.5670496E+01  0.1298268E+02
  0.4328666E+02  0.1877935E+02  0.4646108E+01
  0.5087997E+02  0.4776878E+01  0.1411114E+01
  0.2702940E+02  0.1744547E+02  0.3908659E+01
  0.3436772E+02  0.4418983E+01  0.1448253E+02
  0.3876171E+02  0.8067402E+01  0.1592740E+02
  0.2168757E+02  0.7475394E+01  0.1906201E+02
  0.2151307E+02  0.1807729E+01  0.6860261E+01
  0.2976874E+02  0.3898042E+01  0.5869446E+01
  0.3729498E+02  0.5963739E+01  0.6866191E+01
  0.3688743E+02  0.7269787E+01  0.1450919E+02
  0.4198304E+02  0.8741183E+01  0.2634325E+01
  0.1918664E+02  0.1300648E+02  0.1716943E+02
  0.3761156E+02  0.2051740E+02  0.1463463E+02
  0.1896612E+02  0.1792673E+01  0.8204139E+00
  0.3682913E+02  0.2751199E+01  0.1994264E+02
  0.2892927E+02  0.1661278E+02  0.1913871E+02
  0.2713869E+02  0.2827632E+01  0.1345077E+02
  0.4600956E+02  0.3837348E+01  0.2171921E+02
  0.3571795E+02  0.7172541E+01  0.1837607E+02
  0.3354625E+02  0.1891566E+02  0.6767812E+01
  0.2576213E+02  0.1882965E+02  0.9084426E+01
  0.3679629E+02  0.1523452E+02  0.6151684E+01
  0.1819637E+02  0.7647989E+01  0.1862437E+02
  0.3970928E+02  0.4447652E+00  0.1462023E+02
  0.2801224E+02  0.2125779E+02  0.1017675E+02
  0.2375583E+02  0.9402072E+01  0.1147339E+02
  0.2113990E+02  0.1657908E+02  0.1550839E+02
  0.1500717E+02  0.1484172E+02  0.4208707E+01
  0.2955059E+02  0.1846091E+02  0.1757376E+02
  0.2103964E+02  0.1091102E+02  0.4689368E+00
  0.3997388E+02  0.1261260E+02  0.1302618E+02
  0.3158136E+02  0.2519296E+01  0.2100899E+02
  0.3932347E+02  0.5863764E+01  0.1957221E+02
  0.2393419E+02  0.6846767E+01  0.1084551E+02
  0.2554196E+02  0.3734076E+01  0.2403334E+01
  0.1796460E+02  0.1900026E+02  0.1573586E+02
  0.2367867E+02  0.1631217E+02  0.1138101E+01
  0.4065466E+02  0.4215908E+01  0.7698892E+01
  0.3398144E+02  0.1448563E+02  0.4638525E+01
  0.3912826E+02  0.1478066E+02  0.9372804E+01
  0.3145882E+02  0.1579268E+02  0.1507429E+02
  0.2450834E+02  0.2098433E+02  0.9527350E+01
  0.3616828E+02  0.1531471E+02  0.1127085E+02
  0.3083553E+02  0.1274568E+02  0.1434990E+01
  0.3970906E+02  0.9383287E+01  0.2320971E+01
  0.2773714E+02  0.7678915E+01  0.2350126E+01
  0.2820457E+02  0.1386417E+02  0.7911015E+01
  0.3498569E+02  0.1471244E+01  0.1653960E+02
  0.1141208E+02  0.6652554E+01  0.5300248E+01
  0.3943476E+02  0.8510441E+01  0.1096705E+02
  0.4615138E+02  0.2242054E+01  0.1877849E+02
  0.3189034E+02  0.8014289E+01  0.6658135E+01
  0.3853359E+02  0.2772039E+00  0.5340724E+01
  0.4842917E+02  0.5302099E+00  0.6169527E+01
  0.3679170E+02  0.9475436E+00  0.9919062E+01
  0.1876868E+02  0.9760883E+01  0.1321395E+02
  0.2618616E+02  0.5046845E+01  0.4326820E+01
  0.2421415E+02  0.6322139E+00  0.1906250E+01
  0.1966733E+02  0.3290886E+01  0.1204051E+02
  0.2834834E+02  0.1708491E+02  0.1196265E+02
  0.3141551E+02  0.3795803E+01  0.2895384E+01
  0.3141172E+02  0.1949405E+02  0.1281952E+02
  0.2265216E+02  0.2122754E+02  0.2089315E+02
  0.2389296E+02  0.1084965E+02  0.1541106E+02
  0.3458799E+02  0.9945583E+01  0.7929578E+01
  0.2966306E+02  0.2431828E+01  0.1891236E+02
  0.4480565E+02  0.4479667E+01  0.1162445E+02
  0.3876922E+02  0.1310099E+02  0.3018278E+01
  0.4422276E+02  0.1071574E+02  0.1141996E+02
  0.2788616E+02  0.2672948E+01  0.1724495E+02
  0.2884401E+02  0.4521905E+01  0.2083764E+02
  0.4955278E+02  0.2030682E+02  0.2143008E+02
  0.2280895E+02  0.1575981E+02  0.7962291E+01
  0.3011621E+02  0.1113053E+02  0.2770706E+01
  0.2898148E+02  0.1529849E+02  0.1512735E+02
  0.2523482E+02  0.1284184E+01  0.1383425E+02
  0.3934745E+02  0.1941054E+02  0.9185414E+01
  0.2251558E+02  0.2145814E+02  0.1736535E+02
  0.4807456E+02  0.1775073E+02  0.1227070E+02
  0.4481026E+02  0.2082514E+02  0.5861164E+01
  0.2815990E+02  0.1318687E+02  0.5511029E+01
  0.4050967E+02  0.6776504E+01  0.1501663E+02
  0.2338999E+02  0.1350648E+02  0.1107646E+02
  0.3607526E+02  0.5099727E+01  0.1945741E+02
  0.3531122E+02  0.5805374E+01  0.8174974E+01
  0.2541673E+02  0.1420241E+02  0.1000434E+02
  0.2203882E+02  0.3805048E+01  0.1982374E+02
  0.2269309E+02  0.8500814E+01  0.9444147E+01
  0.1084903E+02  0.2070486E+02  0.4163259E+01
  0.4008256E+02  0.1131076E+02  0.1584250E+02
  0.2412393E+02  0.1626062E+02  0.1004731E+02
  0.1091214E+02  0.5503661E+01  0.1860646E+01
  0.3445207E+02  0.1236478E+02  0.3479085E+01
  0.3476754E+02  0.5601703E+01  0.1697402E+02
  0.5407371E+02  0.1557770E+02  0.1257118E+02
  0.1492120E+02  0.1232616E+02  0.1868264E+01
  0.1563458E+02  0.3892711E+01  0.1623486E+02
  0.4053598E+02  0.2071630E+02  0.4697935E+01
  0.3312880E+02  0.1839073E+02  0.4222049E+00
  0.2899396E+02  0.1917933E+02  0.6647719E+01
  0.1265757E+02  0.3555816E+01  0.1240571E+02
  0.5293833E+02  0.1724065E+02  0.5940166E+01
  0.3777751E+02  0.8266005E+01  0.1800449E+02
  0.2986659E+02  0.7068456E+00  0.5176997E+01
  0.1402312E+02  0.8453316E+01  0.3868753E+01
  0.3921922E+02  0.1694225E+01  0.2038873E+02
  0.3275261E+02  0.5825509E+01  0.1379471E+02
  0.3154272E+02  0.1744523E+02  0.2035942E+02
  0.2516735E+02  0.7947502E+01  0.1399754E+02
  0.2769152E+02  0.2003371E+02  0.4056152E+00
  0.3707764E+02  0.1348368E+02  0.9727851E+01
  0.2516594E+02  0.7156568E+01  0.4884393E+01
  0.1230637E+02  0.1928926E+02  0.2697078E+01
  0.4118893E+02  0.2647515E+01  0.1314917E+02
  0.1404951E+02  0.7072263E+01  0.7987512E+01
  0.3093109E+02  0.1760441E+02  0.1153919E+01
  0.3241176E+02  0.1959258E+02  0.4544453E+01
  0.2935276E+02  0.1907957E+02  0.1139869E+02
  0.3977497E+02  0.1253075E+02  0.1920815E+02
  0.3525920E+02  0.1634799E+02  0.1680364E+02
  0.2691861E+02  0.8690848E+01  0.4492842E+01
  0.1730922E+02  0.1122988E+02  0.1733560E+02
  0.2244000E+02  0.1311147E+02  0.1832194E+02
  0.2670537E+02  0.3540506E+01  0.5972924E+01
  0.5163596E+02  0.1528572E-01  0.1030465E+02
  0.3611757E+02  0.2515271E+00  0.1349725E+02
  0.2577851E+02  0.1217641E+02  0.1446295E+02
  0.3439925E+02  0.1680870E+02  0.2155341E+02
  0.4008389E+02  0.1475487E+02  0.4375165E+01
  0.3286823E+02  0.6260083E+01  0.4924225E+01
  0.3973694E+02  0.1619084E+02  0.1218850E+02
  0.2720598E+02  0.1122623E+01  0.2698840E+01
  0.3723996E+02  0.1833756E+02  0.9679671E+01
  0.2584886E+02  0.1211833E+02  0.4664847E+01
  0.3527273E+02  0.1716061E+02  0.6265300E+01
  0.4178552E+02  0.1851317E+02  0.1537378E+02
  0.2971535E+02  0.2223948E+01  0.1558468E+02
  0.1986823E+02  0.1944214E+02  0.5283490E+01
  0.4205872E+02  0.3942958E+01  0.2024693E+00
  0.4758551E+02  0.8065268E+01  0.4400502E+01
  0.2528157E+02  0.1667418E+02  0.2000820E+02
  0.3340723E+02  0.1380616E+02  0.2371916E+00
  0.2026368E+02  0.3946381E+01  0.8674823E+00
  0.3745864E+02  0.8020430E+01  0.5490151E+01
  0.3822967E+02  0.1629122E+02  0.4614803E+01
  0.1771110E+02  0.1395605E+02  0.2064368E+02
  0.1912548E+02  0.2706569E+01  0.1438164E+02
  0.1735084E+02  0.1595436E+02  0.4302307E+01
  0.4314174E+02  0.1556394E+02  0.4979002E+01
  0.2581647E+02  0.1586997E+02  0.1276487E+02
  0.3046647E+02  0.1063954E-01  0.1197317E+02
  0.2305480E+02  0.4642676E+01  0.9813885E+01
  0.4006375E+02  0.2923442E+01  0.9605799E+01
  0.3423931E+02  0.1815418E+02  0.1334533E+02
  0.4359050E+02  0.1034441E+02  0.5068001E+01
  0.3148355E+02  0.1428213E+01  0.1386224E+02
  0.1593714E+02  0.2103043E+02  0.4782586E+01
  0.2580825E+02  0.1364124E+02  0.7900930E+01
  0.2661534E+02  0.1619197E+02  0.1791341E+02
  0.3515183E+02  0.1625751E+02  0.9416368E+01
  0.3152639E+02  0.1407958E+02  0.7126591E+01
  0.4406245E+02  0.8245808E+01  0.4232732E+01
  0.2735126E+02  0.1613872E+02  0.5293028E+00
  0.4007587E+02  0.4614189E+01  0.1405752E+02
  0.2750038E+02  0.1920792E+02  0.1472473E+02
  0.2958398E+02  0.8045627E+01  0.1501077E+02
  0.1986967E+02  0.1097870E+02  0.2790125E+01
  0.4396952E+02  0.1940902E+02  0.1554311E+02
  0.5228379E+02  0.1639178E+02  0.3782683E+01
  0.4873453E+02  0.8222765E+01  0.1829728E+02
  0.2673220E+02  0.1001401E+02  0.2165122E+01
  0.4035282E+02  0.1039802E+02  0.1802688E+02
  0.4563061E+02  0.4747741E+01  0.1557226E+02
  0.3777428E+02  0.1238307E+02  0.1602052E+02
  0.2229493E+02  0.1852499E+02  0.1932587E+02
  0.4114136E+02  0.2052536E+02  0.1599456E+02
  0.3279441E+02  0.1696342E+02  0.1679742E+02
  0.4714887E+02  0.7167061E+01  0.6499840E+01
  0.4162710E+02  0.2361548E+01  0.1673659E+02
  0.3529920E+02  0.5832957E+01  0.2109886E-01
  0.2392233E+02  0.5026399E+01  0.1618848E+01
  0.2021668E+02  0.8055826E+01  0.6657581E+01
  0.3269449E+02  0.1796088E+02  0.1166898E+02
  0.3075199E+02  0.1161586E+02  0.1464020E+02
  0.1927065E+02  0.6811123E+01  0.2059261E+02
  0.3653665E+02  0.1812999E+01  0.6136380E+01
  0.1797104E+02  0.1970782E+02  0.4028162E+01
  0.2060114E+02  0.1598182E+02  0.1329419E+02
  0.1673694E+02  0.9453825E+01  0.7866664E+01
  0.2362907E+02  0.1345296E+02  0.2063328E+02
  0.4543598E+02  0.1412045E+02  0.1607220E+01
  0.3131259E+02  0.1289317E+02  0.2091464E+02
  0.1791759E+02  0.1528037E+02  0.1450186E+02
  0.2997170E+02  0.1550926E+02  0.8095303E+01
  0.4306332E+02  0.7452735E+00  0.2053680E+02
  0.3454198E+02  0.1601192E+02  0.2981498E+01
  0.1246581E+02  0.1164878E+02  0.6574359E+01
  0.2652651E+02  0.1358526E+02  0.2375437E+01
  0.3113283E+02  0.6673094E+01  0.2117726E+02
  0.2700520E+02  0.2168454E+02  0.5952888E+01
  0.2120463E+02  0.2010016E+01  0.2121199E+02
  0.3464298E+02  0.2071341E+02  0.4398232E+01
  0.4803761E+02  0.9640653E+01  0.6636852E+01
  0.2704970E+02  0.4587890E+00  0.8304657E+01
  0.1415575E+02  0.2055002E+02  0.3252124E+01
  0.3041891E+02  0.1491380E+02  0.1030747E+02
  0.2156525E+02  0.1070250E+02  0.4740853E+01
  0.2560395E+02  0.1945121E+02  0.1131461E+01
  0.1045891E+02  0.1295297E+02  0.9180379E+01
  0.2423597E+02  0.2161364E+02  0.1543180E+02
  0.2617130E+02  0.6257521E+01  0.7634605E+00
  0.3640857E+02  0.1307885E+02  0.2357428E+01
  0.3705317E+02  0.1067142E+02  0.1304159E+02
  0.4754425E+02  0.1886396E+02  0.2116279E+02
  0.2977954E+02  0.1218627E+02  0.7930000E+01
  0.3596695E+02  0.2107953E+02  0.2652168E+01
  0.1395259E+02  0.1052336E+02  0.1018340E+02
  0.3847805E+02  0.3942494E+01  0.4006923E+01
  0.1427644E+02  0.4608447E+00  0.2130446E+02
  0.4868412E+02  0.1723652E+02  0.1667882E+02
  0.3716409E+02  0.1142849E+02  0.1075103E+02
  0.3093988E+02  0.6621201E+00  0.5257025E+00
  0.1599091E+02  0.4383519E+01  0.1377340E+02
  0.1885310E+02  0.7417802E+01  0.1256042E+02
  0.4282563E+02  0.4601417E+01  0.8546091E+01
  0.4446569E+02  0.1848083E+02  0.6724148E+01
  0.2413806E+02  0.3326281E+01  0.1141574E+02
  0.3612921E+02  0.1333082E+02  0.1281762E+02
  0.4256926E+02  0.6368884E+01  0.1609215E+02
  0.3342975E+02  0.2441151E+01  0.1520427E+02
  0.3993714E+02  0.1062946E+02  0.6047911E+01
  0.2497315E+02  0.1502728E+02  0.1504214E+02
  0.3285471E+02  0.1673212E+01  0.9606729E+01
  0.5083567E+02  0.7389367E+01  0.1321230E+02
  0.2381900E+02  0.4963197E+01  0.5472841E+01
  0.4792259E+02  0.1558889E+02  0.6511845E+01
  0.4075931E+02  0.1156347E+02  0.1243883E+01
  0.4211648E+02  0.5681944E+01  0.1059833E+02
  0.3287795E+02  0.1535082E+02  0.1019840E+02
  0.4891912E+02  0.1860854E+02  0.1457561E+01
  0.4398716E+02  0.2604855E+01  0.1037399E+02
  0.4559494E+02  0.1086501E+02  0.1848832E+02
  0.2327613E+02  0.1625279E+02  0.3365075E+01
  0.2849102E+02  0.1840892E+01  0.6565331E+01
  0.1516238E+02  0.1920568E+02  0.1741884E+02
  0.1683392E+02  0.9312146E+01  0.8655817E-01
  0.2266293E+02  0.1144971E+02  0.1185135E+02
  0.4297453E+02  0.2123950E+02  0.4321648E+01
  0.1804360E+02  0.6121843E+01  0.7218994E+01
  0.4072933E+02  0.1464077E+02  0.2115178E+02
  0.2628187E+02  0.8386066E+01  0.7607757E+01
  0.1860184E+02  0.1438236E+02  0.1150808E+01
  0.5233021E+02  0.3623419E+01  0.3787424E+01
  0.3200296E+02  0.1629236E+02  0.2723830E+01
  0.4321387E+02  0.4105367E+01  0.1589057E+02
  0.3063182E+02  0.9476139E+01  0.1122966E+02
  0.2474288E+02  0.1312793E+02  0.1643310E+02
  0.1873627E+02  0.1053865E+01  0.1186258E+02
  0.2995625E+02  0.4451819E+01  0.9065802E+01
  0.2401648E+02  0.1919499E+02  0.1781327E+02
  0.4165198E+02  0.1846438E+02  0.2069363E+02
  0.2241672E+02  0.4898750E+01  0.3451532E+01
  0.3854423E+02  0.9901612E+01  0.9161363E+01
  0.3413435E+02  0.6365771E+01  0.2802621E+01
  0.2937390E+02  0.2057350E+01  0.1619720E+01
  0.1957785E+02  0.1942501E+02  0.1378370E+02
  0.3329144E+02  0.1571651E+02  0.6536714E+01
  0.3040571E+02  0.1462918E+02  0.3007277E+01
  0.3243199E+02  0.1309270E+02  0.8938975E+01
  0.4622895E+02  0.3012539E+00  0.1491258E+02
  0.3574339E+02  0.7909323E+01  0.1592354E+01
  0.1614926E+02  0.1487081E+02  0.7594021E+01
  0.4476985E+02  0.1731121E+02  0.2056087E+02
  0.4477780E+02  0.8915141E+01  0.1717370E+02
  0.3651409E+02  0.9329781E+01  0.3714349E+01
  0.2882849E+02  0.1244970E+02  0.2045745E+02
  0.4598943E+02  0.2136710E+02  0.8601534E+01
  0.3542315E+02  0.1075310E+02  0.1454785E+02
  0.3620488E+02  0.1844275E+02  0.1747453E+02
  0.3425240E+02  0.7485824E+01  0.1331072E+02
  0.2424731E+02  0.1117854E+02  0.2095269E+02
  0.2361529E+02  0.1807548E+02  0.2126092E+02
  0.4271415E+02  0.1389155E+02  0.1627021E+02
  0.3135921E+02  0.1582899E+02  0.1852442E+02
  0.3301119E+02  0.1726330E+02  0.8711447E+01
  0.3552354E+02  0.1999837E+02  0.1591575E+02
  0.3973494E+02  0.1308389E+02  0.6201410E+01
  0.1745050E+02  0.1040543E+01  0.1462239E+02
  0.2608146E+02  0.1745135E+02  0.1090469E+02
  0.4017298E+02  0.9558931E+01  0.2046101E+02
  0.2166936E+02  0.1001922E+02  0.1491299E+02
  0.3159142E+02  0.1958834E+02  0.2214643E+01
  0.3077500E+02  0.4412871E+01  0.4318889E+00
  0.2060822E+02  0.4673490E+01  0.1831855E+02
  0.3735796E+02  0.1628653E+02  0.1451230E+02
  0.3302630E+02  0.1997004E+02  0.1021389E+02
  0.4693886E+02  0.1241492E+02  0.1947788E+02
  0.3004620E+02  0.1343282E+02  0.1632116E+02
  0.3888162E+02  0.9385544E+00  0.8847808E+01
  0.3290065E+02  0.9390496E+01  0.2345318E+01
  0.3682572E+02  0.1191479E+02  0.4069666E+00
  0.1727617E+02  0.1490238E+02  0.9907656E+01
  0.2219305E+02  0.1212645E+02  0.1409308E+02
  0.2453374E+02  0.1383381E+01  0.2100032E+02
  0.3291143E+02  0.4771656E+01  0.1808358E+02
  0.4461012E+02  0.2750031E+01  0.8159105E+01
  0.3968321E+02  0.6262663E+01  0.1011727E+02
  0.3410410E+02  0.4932227E+01  0.6294891E+01
  0.1244937E+02  0.1286047E+02  0.1720677E+02
  0.4218457E+02  0.9097111E+00  0.1477776E+02
  0.2024859E+02  0.1586712E+02  0.9940596E+00
  0.4948795E+02  0.1206780E+02  0.1042204E+01
  0.2300842E+02  0.1115840E+02  0.1754212E+02
  0.2917528E+02  0.9168049E+01  0.2045811E+02
  0.2865880E+02  0.1117814E+02  0.1377175E+02
  0.2062897E+02  0.1967841E+02  0.2086637E+02
  0.1645336E+02  0.4141414E+01  0.8648208E+01
  0.3399630E+02  0.7535162E+01  0.1093656E+02
  0.3293693E+02  0.1062866E+02  0.1514739E+02
  0.1594663E+02  0.2140813E+01  0.2147753E+02
  0.4448095E+02  0.1151218E+02  0.1374178E+02
  0.1068797E+02  0.1636409E+02  0.1876140E+01
  0.2643341E+02  0.1221222E+02  0.2039538E+02
  0.3928720E+02  0.2045494E+02  0.1759367E+02
  0.2020776E+02  0.1975018E+02  0.1675550E+01
  0.4532781E+02  0.9653042E+00  0.1152372E+02
  0.3007826E+02  0.7688158E+01  0.4836484E+01
  0.2418339E+02  0.2114594E+02  0.1918918E+02
  0.3361025E+02  0.2038200E+00  0.1407294E+02
  0.3278804E+02  0.1044013E+02  0.6386008E+01
  0.3719380E+02  0.4586774E+01  0.8029461E+00
  0.1714007E+02  0.1219225E+02  0.9863853E+01
  0.4381329E+02  0.1540101E+02  0.1598934E+00
  0.5265439E+02  0.6558762E+01  0.1540789E+02
  0.4656521E+02  0.2024579E+02  0.3625211E+01
  0.2976680E+02  0.1707037E+02  0.6121986E+01
  0.4993494E+02  0.1112802E+02  0.1246283E+02
  0.3351392E+02  0.6851291E+00  0.1827154E+02
  0.3163816E+02  0.8593738E+01  0.1597810E+02
  0.1546081E+02  0.3560101E+00  0.8306723E+01
  0.3800045E+02  0.1078687E+02  0.1753803E+02
  0.3362870E+02  0.1261149E+01  0.4677010E+01
  0.3158108E+02  0.7454432E+01  0.1123621E+02
  0.1629154E+02  0.9128548E+01  0.4237498E+01
  0.3954488E+02  0.5972723E+01  0.1714511E+02
  0.3734716E+02  0.2162132E+02  0.1684724E+02
  0.2210766E+02  0.2921740E+01  0.1247366E+02
  0.2691157E+02  0.8544011E+01  0.1173003E+02
  0.2182572E+02  0.6488174E+01  0.1690880E+02
  0.2806020E+02  0.1499779E+02  0.1297387E+02
  0.4002645E+02  0.2845323E+01  0.7504223E+00
  0.2906273E+02  0.9057547E+01  0.1287531E+02
  0.4195850E+02  0.6661803E+01  0.4050618E+01
  0.3125806E+02  0.1958036E+02  0.1898059E+02
  0.3096018E+02  0.2050689E+02  0.6273647E+01
  0.5295103E+02  0.1976330E+02  0.1847575E+02
  0.3490174E+02  0.1624317E+02  0.1452895E+02
  0.1206463E+02  0.9141382E+01  0.1399678E+02
  0.3238738E+02  0.3591596E+01  0.1060339E+02
  0.4674744E+02  0.6264550E+01  0.1700083E+02
  0.4592152E+02  0.9034232E+01  0.1168065E+02
  0.1959689E+02  0.1333608E+02  0.6566463E+01
  0.3474219E+02  0.2052327E+02  0.5308860E+00
  0.3956917E+02  0.6284860E+01  0.7697204E+01
  0.3772062E+02  0.1683921E+02  0.1243131E+02
  0.1784437E+02  0.2369869E+01  0.6277418E+01
  0.4293054E+02  0.1729635E+02  0.1296745E+02
  0.5333309E+02  0.1953926E+02  0.1404118E+02
  0.3232411E+02  0.2154271E+02  0.2019272E+02
  0.3064784E+02  0.5814095E+01  0.1270928E+02
  0.3870510E+02  0.1806774E+02  0.1711869E+02
  0.2818148E+02  0.5479516E+01  0.3380278E+01
  0.1217890E+02  0.4595516E+01  0.1639081E+02
  0.2941787E+02  0.1025710E+02  0.9066249E+01
  0.2777357E+02  0.1192541E+02  0.3304464E+01
  0.2775610E+02  0.5653651E+01  0.1895606E+02
  0.2958394E+02  0.2062351E+02  0.1575018E+01
  0.1668800E+02  0.2468559E+01  0.1266592E+02
  0.3648002E+02  0.9365400E+01  0.5666515E-01
  0.4504990E+02  0.2389298E+01  0.1578427E+02
  0.4871862E+02  0.5295617E+01  0.3727006E+00
  0.3635462E+02  0.1522160E+02  0.2036260E+02
  0.4360175E+02  0.5002531E+01  0.3095357E+01
  0.1949844E+02  0.1405320E+02  0.9443214E+01
  0.3517059E+02  0.2058690E+02  0.7071397E+01
  0.3346178E+02  0.3254687E+01  0.1582162E+01
  0.4229190E+02  0.2964486E+01  0.3258319E+01
  0.4330872E+02  0.2054974E+02  0.1755493E+02
  0.1249896E+02  0.2132546E+02  0.9876592E+01
  0.2328076E+02  0.5775530E+01  0.1895159E+02
  0.2414243E+02  0.1713723E+02  0.1403801E+02
  0.1143015E+02  0.5108664E+01  0.7232395E+01
  0.9211944E+01  0.1247087E+02  0.1667541E+02
  0.2579114E+02  0.2072660E+02  0.3096577E+01
  0.2585165E+02  0.1199747E+02  0.1121617E+02
  0.2994623E+02  0.2101705E+00  0.1950176E+02
  0.4659437E+02  0.4034373E+01  0.8826435E+01
  0.2718831E+02  0.9852344E+01  0.9583795E+01
  0.3536424E+02  0.4467279E+01  0.3289994E+01
  0.2561307E+02  0.1029257E+02  0.1297125E+02
  0.2876823E+02  0.3059358E+01  0.3703422E+01
  0.2817672E+02  0.1283324E+02  0.1211735E+02
  0.3202200E+02  0.6821382E+01  0.1884883E+02
  0.4635470E+02  0.1647922E+02  0.1625283E+02
  0.3609780E+02  0.3405490E+01  0.1756851E+02
  0.3077231E+02  0.1360482E+01  0.8665074E+01
  0.4291688E+02  0.1715284E+02  0.8216767E+01
  0.5054798E+02  0.9157147E+00  0.1604655E+01
  0.3470042E+02  0.1500617E+02  0.1865091E+02
  0.2920493E+02  0.6610787E+01  0.1727951E+02
  0.3817148E+02  0.4571659E+01  0.1069581E+02
  0.1093439E+02  0.7471408E+01  0.2088388E+02
  0.4392828E+02  0.1940147E+02  0.1216299E+02
  0.1648085E+02  0.7136321E+01  0.1541255E+02
  0.1529563E+02  0.1848736E+02  0.8535739E+01
  0.2122979E+02  0.1856182E+02  0.3423902E+01
  0.1455188E+02  0.1424859E+02  0.6497022E+00
  0.3395916E+02  0.1223636E+02  0.1315064E+02
  0.1496908E+02  0.1388295E+02  0.1532338E+02
  0.2430658E+02  0.7134396E+01  0.2550969E+01
  0.3227270E+02  0.1424742E+02  0.1675326E+02
  0.3056993E+02  0.1264793E+02  0.1121852E+02
  0.3919951E+02  0.1269499E+02  0.2152044E+02
  0.1688924E+02  0.8299015E+00  0.1696833E+02
  0.3946622E+02  0.3622710E+01  0.1619223E+02
  0.1568292E+02  0.1541289E+02  0.1341673E+02
  0.2290557E+02  0.1788715E+02  0.5048436E+01
  0.4390190E+02  0.3533601E+01  0.5097773E+01
  0.2896136E+02  0.5877883E+01  0.1433793E+02
  0.2543998E+02  0.1695871E+02  0.5508832E+01
  0.4981745E+02  0.2228155E+01  0.1249377E+02
  0.9212757E+01  0.4369693E+01  0.8244551E+01
  0.2999800E+02  0.2171669E+02  0.1599030E+02
  0.2649413E+02  0.2521578E+01  0.8845336E+01
  0.3943682E+02  0.1796420E+02  0.5984317E+01
  0.3809578E+02  0.6857743E+00  0.1210723E+02
  0.3466806E+02  0.2999908E+00  0.2041043E+02
  0.5067422E+02  0.1289023E+02  0.5508130E+01
  0.5039186E+02  0.3958230E+01  0.1411543E+02
  0.2897437E+02  0.1784490E+02  0.2134447E+02
  0.1650311E+02  0.5144892E+01  0.1806709E+02
  0.3970526E+02  0.1753393E+02  0.1938942E+02
  0.1881318E+02  0.1819142E+02  0.8945325E+01
  0.2249819E+02  0.1976358E+02  0.7404205E+01
  0.2978267E+02  0.8327163E+01  0.7928996E+01
  0.4147271E+02  0.8621232E+01  0.1344739E+02
  0.4025829E+02  0.1542147E+02  0.1896794E+02
  0.3607228E+02  0.1143038E+02  0.1875640E+02
  0.1309051E+02  0.1587044E+02  0.1968261E+02
  0.3820222E+02  0.4072677E+00  0.3007277E+01
  0.2301114E+02  0.1047406E+02  0.7960041E+01
  0.1188457E+02  0.3986780E+01  0.2020865E+02
  0.2879650E+02  0.2139194E+02  0.3672624E+01
  0.2892191E+02  0.2079344E+02  0.1767270E+02
  0.2790332E+02  0.1539883E+02  0.2663577E+01
  0.2487839E+02  0.1025138E+02  0.1882934E+02
  0.2860397E+02  0.1363967E+02  0.8284786E+00
  0.2032394E+02  0.8666661E+01  0.4380842E+01
  0.4846899E+02  0.4450077E+01  0.1284690E+02
  0.1305833E+02  0.1292001E+02  0.1488589E+02
  0.1307043E+02  0.7533707E+01  0.1007828E+02
  0.3675802E+02  0.2159635E+01  0.6593672E+00
  0.3301406E+02  0.5168591E+01  0.8303142E+01
  0.4186020E+02  0.1226027E+02  0.1450964E+02
  0.3931410E+02  0.1954564E+02  0.8909974E+00
  0.2612262E+02  0.3046091E+01  0.8913655E-01
  0.1996283E+02  0.1555262E+02  0.2017146E+02
  0.3640784E+02  0.1749810E+02  0.3966260E+01
  0.4384917E+02  0.1121672E+01  0.3163083E+01
  0.4326665E+02  0.1897752E+02  0.9829511E+01
  0.4541131E+02  0.1182491E+02  0.9628493E+00
  0.3764741E+02  0.8455894E+01  0.1234627E+02
  0.5015117E+02  0.1842231E+01  0.1821787E+02
  0.2697849E+02  0.3862108E+00  0.1770224E+02
  0.4956009E+02  0.1110315E+01  0.1040937E+02
  0.4680406E+02  0.1499595E+02  0.1454856E+02
  0.5171709E+02  0.2108031E+02  0.1517830E+02
  0.5105100E+02  0.2135310E+02  0.3533714E+01
  0.5114601E+02  0.1540191E+02  0.1747548E+02
  0.3852774E+02  0.4257019E+00  0.6755428E+00
  0.3585158E+02  0.1323885E+02  0.1730239E+02
  0.4479630E+02  0.1730824E+02  0.1371780E+01
  0.3292438E+02  0.1540620E+02  0.2027158E+02
  0.4112741E+02  0.2068529E+02  0.2139106E+02
  0.4830128E+02  0.1614859E+02  0.1066743E+02
  0.5423302E+02  0.1630783E+02  0.2331046E+01
  0.5538726E+02  0.1271370E+02  0.1500633E+02
  0.4646271E+02  0.1915470E+02  0.1495219E+01
  0.5120359E+02  0.1748229E+02  0.1590824E+02
  0.5691682E+02  0.2157033E+02  0.2091922E+02
  0.5687398E+02  0.1872627E+02  0.1869976E+01
  0.5071304E+02  0.1831237E+02  0.3489183E+01
  0.5562529E+02  0.2022846E+02  0.7598629E+00
  0.5820673E+02  0.9994016E+00  0.5693673E+00
  0.5839294E+02  0.2029161E+02  0.3136731E+01
  0.5412695E+02  0.2311622E+01  0.4885658E+01
  0.5953805E+02  0.1855233E+02  0.2084678E+02
  0.6248674E+02  0.2153526E+02  0.2094581E+02
  0.6201686E+02  0.1844054E+02  0.1732589E+01
  0.5987275E+02  0.2163968E+02  0.1809196E+01
  0.6093833E+02  0.2000614E+02  0.3670078E+00
  0.6381317E+02  0.1076477E+01  0.6283200E+00
  0.6341043E+02  0.1989493E+02  0.3021781E+01
  0.6106442E+02  0.9267716E+00  0.3451492E+01
  0.4533579E+02  0.7674010E+01  0.9903690E+01
  0.3294327E+02  0.1519403E+02  0.1316566E+02
  0.3905629E+02  0.8636282E+01  0.7191513E+01
  0.3975856E+02  0.7806165E+01  0.4267516E+00
  0.5302864E+02  0.1824094E+02  0.2045007E+02
  0.5064393E+02  0.1077909E+02  0.4154897E+01
  0.5108794E+02  0.5253017E+01  0.5072437E+01
  0.3216619E+02  0.2647990E+01  0.1864975E+02
  0.4717482E+02  0.5450492E-01  0.1942851E+02
  0.4700216E+02  0.5181360E+01  0.4889912E+01
  0.4717288E+02  0.1696630E+02  0.8410610E+01
  0.4162918E+02  0.1672066E+02  0.5263716E+00
  0.4654027E+02  0.3078955E+01  0.1247994E+02
  0.5382532E+02  0.1082010E+02  0.2256722E+01
  0.4761987E+02  0.1367413E+02  0.1723141E+02
  0.5098399E+02  0.1654923E+02  0.1334997E+02
  0.5433768E+02  0.2083942E+01  0.2137137E+02
  0.5663367E+02  0.5131836E+01  0.2098556E+02
  0.5697281E+02  0.2382585E+01  0.2119111E+01
  0.5409686E+02  0.1062276E+02  0.1828341E+02
  0.5571412E+02  0.3845687E+01  0.8471576E+00
  0.5798553E+02  0.6544278E+01  0.7164905E+00
  0.5823744E+02  0.3717066E+01  0.3469881E+01
  0.5559758E+02  0.6315084E+01  0.3607312E+01
  0.5952658E+02  0.2386564E+01  0.2092464E+02
  0.6231319E+02  0.5127065E+01  0.2130948E+02
  0.6227575E+02  0.2354017E+01  0.1969256E+01
  0.5940377E+02  0.5162330E+01  0.2151026E+01
  0.6085829E+02  0.3726477E+01  0.8106691E+00
  0.6363306E+02  0.6494645E+01  0.9144412E+00
  0.6374371E+02  0.3717448E+01  0.3500309E+01
  0.6098177E+02  0.6283870E+01  0.3603390E+01
  0.4990657E+02  0.1930079E+02  0.1907415E+02
  0.4234589E+02  0.1674795E+02  0.1062354E+02
  0.4785320E+02  0.1222250E+02  0.1112794E+02
  0.4692783E+02  0.4372232E+01  0.1961258E+02
  0.4456461E+02  0.1372990E+02  0.1497070E+02
  0.4618828E+02  0.1710741E+02  0.5977676E+01
  0.4318926E+02  0.5268625E+01  0.1830551E+02
  0.3133888E+02  0.1803157E+02  0.1504600E+02
  0.5145264E+02  0.5220308E+01  0.1678733E+02
  0.4535117E+02  0.8367402E+01  0.7599677E+01
  0.5186873E+02  0.1075794E+02  0.2071079E+02
  0.3438375E+02  0.1002913E+02  0.1762914E+02
  0.4896441E+02  0.7805154E+01  0.6320761E+00
  0.4871308E+02  0.1545321E+02  0.1800784E+02
  0.5003347E+02  0.1839205E+02  0.9174408E+01
  0.5075612E+02  0.1231540E+02  0.1922560E+02
  0.5387612E+02  0.7887203E+01  0.2134194E+02
  0.5651239E+02  0.1048296E+02  0.2086260E+02
  0.5648550E+02  0.7826142E+01  0.2036291E+01
  0.4734199E+02  0.1576842E+02  0.1765431E+01
  0.5511318E+02  0.9328575E+01  0.7756246E+00
  0.5833335E+02  0.1184561E+02  0.5503899E+00
  0.5827835E+02  0.8937526E+01  0.3338798E+01
  0.5550819E+02  0.1186779E+02  0.3085428E+01
  0.5958368E+02  0.7675376E+01  0.2117464E+02
  0.6233264E+02  0.1050653E+02  0.2102551E+02
  0.6230312E+02  0.7845553E+01  0.2285238E+01
  0.5941269E+02  0.1039116E+02  0.1874988E+01
  0.6079567E+02  0.8889556E+01  0.7512627E+00
  0.6356193E+02  0.1182935E+02  0.7896203E+00
  0.6373758E+02  0.9426501E+01  0.3472901E+01
  0.6064483E+02  0.1188041E+02  0.3317419E+01
  0.4937413E+02  0.1446550E+02  0.8706877E+00
  0.4997754E+02  0.3127426E+01  0.2894198E+01
  0.3634128E+02  0.2057529E+02  0.9278175E+01
  0.3891568E+02  0.4100878E+01  0.2096269E+02
  0.3414482E+02  0.4946677E+01  0.1121831E+02
  0.4196993E+02  0.1774405E+02  0.2767976E+01
  0.4316117E+02  0.1257432E+02  0.8056587E+01
  0.4244346E+02  0.9475258E+01  0.1153201E+02
  0.5120429E+02  0.7688031E+01  0.2136775E+01
  0.4576797E+02  0.1855986E+02  0.1259032E+02
  0.4352300E+02  0.8976491E+01  0.1912182E+02
  0.4834321E+02  0.2841656E+01  0.7382474E+01
  0.5195160E+02  0.5245582E+01  0.1102623E+02
  0.5400709E+02  0.4784950E+01  0.2383376E+01
  0.3619205E+02  0.4384442E+01  0.9930041E+01
  0.4269544E+02  0.1492059E+02  0.7381781E+01
  0.5424287E+02  0.1361889E+02  0.2072249E+02
  0.5664361E+02  0.1594160E+02  0.2099497E+02
  0.5680329E+02  0.1320324E+02  0.1495444E+01
  0.5420311E+02  0.1549026E+02  0.1812349E+02
  0.5532727E+02  0.1485531E+02  0.6650269E+00
  0.5812397E+02  0.1724543E+02  0.4938368E+00
  0.5819610E+02  0.1428612E+02  0.3000123E+01
  0.5159750E+02  0.1163364E+02  0.8626398E+01
  0.5962216E+02  0.1327244E+02  0.2105748E+02
  0.6202216E+02  0.1622724E+02  0.2109125E+02
  0.6214203E+02  0.1324877E+02  0.2140731E+01
  0.5934911E+02  0.1617355E+02  0.2009921E+01
  0.6084123E+02  0.1476997E+02  0.7814726E+00
  0.6366314E+02  0.1742743E+02  0.5553073E+00
  0.6363947E+02  0.1485174E+02  0.3396334E+01
  0.6081725E+02  0.1730211E+02  0.3172998E+01
  0.4956907E+02  0.6682041E+01  0.2023083E+02
  0.4955115E+02  0.2070048E+02  0.1405983E+02
  0.5403090E+02  0.1227292E+02  0.1205408E+02
  0.4806078E+02  0.1823794E+01  0.2658690E+01
  0.4473545E+02  0.5716111E+01  0.4899874E+01
  0.4181547E+02  0.1728871E+02  0.6046353E+01
  0.3687774E+02  0.2514554E+01  0.3076886E+01
  0.5372586E+02  0.9962145E+01  0.7204751E+01
  0.4796465E+02  0.1921600E+02  0.9656966E+01
  0.4015492E+02  0.1715499E+02  0.1003816E+02
  0.4551511E+02  0.1875848E+02  0.8919540E+01
  0.4547906E+02  0.6146908E+01  0.1907135E+02
  0.4653608E+02  0.2078128E+02  0.1276948E+02
  0.5179667E+02  0.1100194E+02  0.1712739E+02
  0.5557880E+02  0.1245913E+02  0.9181296E+01
  0.5386637E+02  0.2377290E+01  0.1046019E+02
  0.5161606E+02  0.1613779E+02  0.2125164E+02
  0.5675781E+02  0.2139958E+02  0.4608517E+01
  0.5668214E+02  0.1875240E+02  0.7597104E+01
  0.4613277E+02  0.1960325E+02  0.1906476E+02
  0.4196996E+02  0.1524136E+02  0.2945909E+01
  0.5795508E+02  0.9948585E+00  0.6121071E+01
  0.5783135E+02  0.2018569E+02  0.8629426E+01
  0.5589289E+02  0.1740290E+02  0.3647343E+01
  0.5957233E+02  0.1885022E+02  0.4741884E+01
  0.6247835E+02  0.2133585E+02  0.4738790E+01
  0.6206238E+02  0.1860478E+02  0.7687935E+01
  0.5950841E+02  0.2151309E+02  0.7424066E+01
  0.6095949E+02  0.2004739E+02  0.6084653E+01
  0.6374501E+02  0.1157871E+01  0.6082815E+01
  0.6343094E+02  0.2017328E+02  0.8832084E+01
  0.6062082E+02  0.1188750E+01  0.8841680E+01
  0.4366155E+02  0.1915430E+02  0.1951326E+02
  0.5107387E+02  0.1603864E+02  0.1779562E+01
  0.5017810E+02  0.1602965E+02  0.7320209E+01
  0.3719385E+02  0.1833265E+02  0.7109909E+01
  0.4047638E+02  0.4250533E+01  0.2281607E+01
  0.3642082E+02  0.4331027E+01  0.5375483E+01
  0.3323196E+02  0.1968588E+02  0.1525391E+02
  0.4578066E+02  0.5390103E+01  0.1705293E+01
  0.3856004E+02  0.1082878E+02  0.3879273E+01
  0.5549780E+02  0.2018191E+02  0.6296564E+01
  0.5390466E+02  0.2121240E+02  0.7611578E+01
  0.4891205E+02  0.7883776E+01  0.1556974E+02
  0.4405832E+02  0.5188080E+01  0.1373256E+02
  0.4726670E+02  0.2179239E+01  0.1040872E+02
  0.5246232E+02  0.3773183E+01  0.9253439E+01
  0.4833499E+02  0.8089983E+00  0.2125861E+02
  0.5293095E+02  0.1929212E+02  0.8233289E+01
  0.5681936E+02  0.4912512E+01  0.4979476E+01
  0.5678316E+02  0.2231689E+01  0.7745631E+01
  0.5391073E+02  0.7644496E+01  0.4908606E+01
  0.5524623E+02  0.3670607E+01  0.6445044E+01
  0.5818676E+02  0.6358528E+01  0.6149192E+01
  0.5813339E+02  0.3513772E+01  0.9142561E+01
  0.5539716E+02  0.6361261E+01  0.8815464E+01
  0.5952510E+02  0.2402382E+01  0.4952860E+01
  0.6228292E+02  0.5189339E+01  0.4967256E+01
  0.6229179E+02  0.2255869E+01  0.7529840E+01
  0.5958612E+02  0.4906785E+01  0.7701280E+01
  0.6095520E+02  0.3625930E+01  0.6050469E+01
  0.6366606E+02  0.6612688E+01  0.6144109E+01
  0.6362450E+02  0.3930495E+01  0.8703313E+01
  0.6082914E+02  0.6418637E+01  0.8999467E+01
  0.2930611E+02  0.1721079E+01  0.1067068E+02
  0.4693217E+02  0.8531101E+01  0.1656985E+02
  0.4367757E+02  0.7552161E+01  0.1412935E+02
  0.5166093E+02  0.1295877E+02  0.1658426E+01
  0.5215079E+02  0.5333757E+01  0.1327574E+02
  0.4547554E+02  0.1611675E+02  0.1285294E+02
  0.4518044E+02  0.1449492E+02  0.4056414E+01
  0.5395604E+02  0.2146328E+02  0.1923176E+01
  0.4797507E+02  0.5285137E+01  0.2749133E+01
  0.5271567E+02  0.6458564E+01  0.9163119E+00
  0.4410550E+02  0.1289704E+02  0.1012922E+02
  0.5290659E+02  0.3003699E+00  0.5490820E+01
  0.4957460E+02  0.4713070E+01  0.1079022E+02
  0.4088397E+02  0.1339014E+02  0.8177342E+01
  0.4053405E+02  0.1106000E+02  0.1115582E+02
  0.5032206E+02  0.9758291E+01  0.7806988E+01
  0.4884281E+02  0.5599911E+01  0.1629539E+02
  0.5703919E+02  0.1051320E+02  0.4622884E+01
  0.5667934E+02  0.7741830E+01  0.7345018E+01
  0.4841908E+02  0.6891488E+01  0.1343557E+02
  0.5558105E+02  0.9110379E+01  0.5924003E+01
  0.5809635E+02  0.1189881E+02  0.6191837E+01
  0.5786203E+02  0.9383516E+01  0.8964971E+01
  0.5528526E+02  0.1430964E+02  0.5937537E+01
  0.5956623E+02  0.7659667E+01  0.4770623E+01
  0.6203362E+02  0.1055277E+02  0.4819730E+01
  0.6223435E+02  0.7775246E+01  0.7531309E+01
  0.5941887E+02  0.1056230E+02  0.7385930E+01
  0.6080041E+02  0.9151334E+01  0.6254846E+01
  0.6357740E+02  0.1195273E+02  0.6071513E+01
  0.6346840E+02  0.9267210E+01  0.8686002E+01
  0.6053595E+02  0.1178046E+02  0.9037936E+01
  0.4066092E+02  0.1516476E+02  0.1598991E+02
  0.4384650E+02  0.2775670E+01  0.2101527E+02
  0.4689356E+02  0.2097925E+02  0.1700767E+02
  0.4249227E+02  0.8488489E+00  0.1847249E+02
  0.3295364E+02  0.1216407E+02  0.1112806E+02
  0.4443042E+02  0.1539009E+02  0.1733261E+02
  0.3145090E+02  0.1158774E+02  0.4866290E+01
  0.4398248E+02  0.4073227E+00  0.7557712E+01
  0.3465862E+02  0.1386125E+01  0.2515826E+01
  0.5271688E+02  0.1096932E+02  0.5168223E+01
  0.5273274E+02  0.9013686E+01  0.1948842E+02
  0.4354235E+02  0.9923145E+01  0.1522203E+02
  0.4893197E+02  0.1987466E+02  0.6688346E+01
  0.4520828E+02  0.2147373E+02  0.1803397E+01
  0.5050599E+02  0.1604821E+02  0.9690092E+01
  0.3456929E+02  0.1122220E+01  0.7198567E+01
  0.5256848E+02  0.6485308E+01  0.6450693E+01
  0.5702436E+02  0.1564107E+02  0.4807361E+01
  0.5683847E+02  0.1317303E+02  0.7242710E+01
  0.5392051E+02  0.1296737E+02  0.4438063E+01
  0.4901043E+02  0.5078067E+01  0.6306588E+01
  0.5813609E+02  0.1760341E+02  0.6126919E+01
  0.5810314E+02  0.1466919E+02  0.8902121E+01
  0.5487326E+02  0.1757569E+02  0.8722382E+01
  0.5948443E+02  0.1312591E+02  0.4765375E+01
  0.6195225E+02  0.1607274E+02  0.4661914E+01
  0.6208717E+02  0.1329204E+02  0.7638485E+01
  0.5928662E+02  0.1601009E+02  0.7493025E+01
  0.6069533E+02  0.1464131E+02  0.5946417E+01
  0.6331999E+02  0.1730547E+02  0.5883636E+01
  0.6367845E+02  0.1480817E+02  0.8636870E+01
  0.6061213E+02  0.1723028E+02  0.8949579E+01
  0.4307077E+02  0.1080682E+02  0.3032512E+00
  0.3209650E+02  0.2072708E+02  0.1684939E+02
  0.4699712E+02  0.3260219E+01  0.1680828E+02
  0.3682756E+02  0.1126855E+02  0.5408218E+01
  0.4543681E+02  0.7926224E+01  0.2055238E+02
  0.5081140E+02  0.1447828E+02  0.1255837E+02
  0.4253443E+02  0.1032967E+02  0.7218148E+01
  0.5147163E+02  0.2145652E+02  0.7885007E+01
  0.4300002E+02  0.7792855E+01  0.7487966E+01
  0.4674933E+02  0.5776208E+01  0.1032305E+02
  0.4869200E+02  0.1716928E+02  0.3575109E+01
  0.4800863E+02  0.1272499E+02  0.5593317E+01
  0.4897013E+02  0.1990186E+02  0.1193486E+02
  0.5147571E+02  0.1389966E+02  0.7612415E+01
  0.5509073E+02  0.9548189E+00  0.8971733E+01
  0.4190018E+02  0.3268845E+01  0.1104684E+02
  0.5402918E+02  0.1912900E+02  0.1041317E+02
  0.5664235E+02  0.2145157E+02  0.1023157E+02
  0.5692931E+02  0.1853250E+02  0.1315520E+02
  0.5144320E+02  0.9077452E+01  0.1154313E+02
  0.5576943E+02  0.2002112E+02  0.1201248E+02
  0.5834120E+02  0.7986754E+00  0.1166945E+02
  0.5835581E+02  0.1982609E+02  0.1446976E+02
  0.5581729E+02  0.9813450E+00  0.1458135E+02
  0.5925649E+02  0.1875880E+02  0.1019142E+02
  0.6191823E+02  0.2165027E+02  0.1039431E+02
  0.6225343E+02  0.1857895E+02  0.1272496E+02
  0.5974746E+02  0.2114829E+02  0.1329570E+02
  0.6084413E+02  0.1988189E+02  0.1164678E+02
  0.6356551E+02  0.1210210E+01  0.1149614E+02
  0.6360980E+02  0.1970489E+02  0.1431182E+02
  0.6129121E+02  0.6894318E+00  0.1438074E+02
  0.3440377E+02  0.1421850E+02  0.8304265E+01
  0.4654897E+02  0.1485215E+02  0.9325683E+01
  0.4604974E+02  0.8941650E+01  0.2809196E+01
  0.4609651E+02  0.1011754E+02  0.1466743E+02
  0.5093014E+02  0.3019440E+01  0.2169290E+02
  0.5126756E+02  0.8345424E+01  0.1520645E+02
  0.3558616E+02  0.1478482E+02  0.1127652E+01
  0.3523688E+02  0.1295732E+02  0.2054051E+02
  0.5011055E+02  0.2987358E+01  0.9170305E+01
  0.5369139E+02  0.9866238E+01  0.1151375E+02
  0.5294110E+02  0.9718953E+00  0.1226451E+02
  0.4101556E+02  0.1080382E+02  0.8996673E+01
  0.5385358E+02  0.5052068E+01  0.7601265E+01
  0.4857485E+02  0.1160931E+02  0.1830390E+02
  0.5252653E+02  0.3133901E+01  0.1625043E+02
  0.5113339E+02  0.1952908E+02  0.1100543E+02
  0.5214235E+02  0.8361752E+01  0.7767426E+01
  0.5677970E+02  0.4934969E+01  0.1008230E+02
  0.5713006E+02  0.2533257E+01  0.1300026E+02
  0.5494882E+02  0.8035799E+01  0.1055885E+02
  0.5570296E+02  0.3615258E+01  0.1150180E+02
  0.5788276E+02  0.6391265E+01  0.1154793E+02
  0.5842567E+02  0.3986042E+01  0.1430854E+02
  0.5438722E+02  0.4636404E+01  0.1325669E+02
  0.5939546E+02  0.2329129E+01  0.1051055E+02
  0.6242505E+02  0.5495116E+01  0.1025945E+02
  0.6231884E+02  0.2468694E+01  0.1288438E+02
  0.5951605E+02  0.5279703E+01  0.1294183E+02
  0.6089332E+02  0.3895163E+01  0.1158466E+02
  0.6376569E+02  0.6745410E+01  0.1171609E+02
  0.6366934E+02  0.3744933E+01  0.1444164E+02
  0.6130348E+02  0.6345118E+01  0.1415168E+02
  0.4854424E+02  0.2137176E+02  0.3693579E+01
  0.3590003E+02  0.8874480E+01  0.1061407E+02
  0.5030874E+02  0.9962525E+01  0.7078597E+00
  0.4249133E+02  0.1440698E+02  0.1113902E+02
  0.5675153E+02  0.1068401E+02  0.1537100E+02
  0.3495248E+02  0.1099455E+02  0.1013888E+02
  0.4062722E+02  0.2148236E+02  0.1007152E+02
  0.3283345E+02  0.2151423E+02  0.1691544E+01
  0.4870783E+02  0.1386391E+02  0.1313054E+02
  0.2935143E+02  0.1972187E+02  0.8920946E+01
  0.4657475E+02  0.1131120E+02  0.3080868E+01
  0.3746035E+02  0.1312159E+02  0.7001066E+01
  0.4075313E+02  0.1677164E+02  0.1411744E+02
  0.5234197E+02  0.1492097E+02  0.1093646E+02
  0.5546566E+02  0.6260742E+01  0.1442836E+02
  0.5279224E+02  0.1809198E+02  0.1228799E+02
  0.5110810E+02  0.1248197E+02  0.1078223E+02
  0.5639627E+02  0.1048230E+02  0.1045882E+02
  0.5610417E+02  0.7767494E+01  0.1259087E+02
  0.4906969E+02  0.1290157E+02  0.1549878E+02
  0.4962973E+02  0.9319377E+01  0.9957938E+01
  0.6015983E+02  0.1095673E+02  0.1258841E+02
  0.5725278E+02  0.9742044E+01  0.1329408E+02
  0.5131846E+02  0.1080878E+02  0.1451163E+02
  0.5934380E+02  0.7795944E+01  0.1012409E+02
  0.6218533E+02  0.1054789E+02  0.1008758E+02
  0.6246105E+02  0.7954927E+01  0.1300773E+02
  0.5942916E+02  0.8631700E+01  0.1335086E+02
  0.6107957E+02  0.8925038E+01  0.1156218E+02
  0.6361296E+02  0.1208975E+02  0.1141621E+02
  0.6378054E+02  0.9462582E+01  0.1426328E+02
  0.6132220E+02  0.1198285E+02  0.1455344E+02
  0.2729054E+02  0.9402045E+01  0.1891032E+02
  0.4613262E+02  0.3525777E+01  0.6472317E+01
  0.3495240E+02  0.2066201E+02  0.1141508E+02
  0.4083801E+02  0.1999569E+02  0.6897188E+01
  0.4414144E+02  0.2114634E+02  0.1384399E+02
  0.4659020E+02  0.1515184E+01  0.8825026E+00
  0.4145563E+02  0.1073458E+02  0.4236470E+01
  0.4717090E+02  0.9433891E+01  0.2001632E+02
  0.4101501E+02  0.1294334E+02  0.3155255E+01
  0.5249275E+02  0.9152797E+01  0.3609681E+01
  0.4626300E+02  0.1859426E+02  0.1501474E+02
  0.4964478E+02  0.4851973E+01  0.1859144E+02
  0.5255678E+02  0.7422970E+01  0.1019250E+02
  0.3984321E+02  0.1882772E+02  0.3249492E+01
  0.5169719E+02  0.1752867E+01  0.1423625E+02
  0.3882044E+02  0.1825541E+02  0.1476256E+02
  0.4648719E+02  0.1042614E+02  0.8248996E+01
  0.5647575E+02  0.1610576E+02  0.1009970E+02
  0.5678305E+02  0.1342060E+02  0.1308275E+02
  0.4632533E+02  0.7821507E+01  0.1357510E+02
  0.5540920E+02  0.1422604E+02  0.1109708E+02
  0.5812669E+02  0.1715531E+02  0.1166572E+02
  0.5841895E+02  0.1439020E+02  0.1450524E+02
  0.5579677E+02  0.1680716E+02  0.1416030E+02
  0.5890293E+02  0.1293478E+02  0.1039427E+02
  0.6202627E+02  0.1575140E+02  0.1030700E+02
  0.6230765E+02  0.1329275E+02  0.1289466E+02
  0.5952862E+02  0.1577070E+02  0.1306597E+02
  0.6065362E+02  0.1426741E+02  0.1155843E+02
  0.6372774E+02  0.1711478E+02  0.1156660E+02
  0.6371999E+02  0.1471373E+02  0.1422975E+02
  0.6089840E+02  0.1733083E+02  0.1440282E+02
  0.4946467E+02  0.7156413E+01  0.7429259E+01
  0.4549653E+02  0.1265523E+02  0.7995682E+01
  0.4427695E+02  0.1369774E+02  0.2047597E+02
  0.4927044E+02  0.2803966E+01  0.1615170E+02
  0.4894366E+02  0.6859081E+01  0.9798053E+01
  0.5152183E+02  0.2112829E+02  0.1992816E+02
  0.5545697E+02  0.1071113E+01  0.3438621E+01
  0.4592667E+02  0.1471124E+02  0.1917316E+02
  0.4813080E+02  0.1348790E+02  0.7864298E+01
  0.4169168E+02  0.2838424E+01  0.5715582E+01
  0.4839470E+02  0.2118326E+02  0.8657595E+01
  0.5394170E+02  0.1574839E+02  0.7560707E+01
  0.5380137E+02  0.1841333E+02  0.1217384E+01
  0.5447173E+02  0.2135412E+02  0.1335715E+02
  0.5441682E+02  0.1877094E+02  0.4818993E+01
  0.4443234E+02  0.2338082E+01  0.1342235E+02
  0.5448935E+02  0.1835246E+02  0.1545236E+02
  0.5715565E+02  0.2133448E+02  0.1590673E+02
  0.5665971E+02  0.1848457E+02  0.1869242E+02
  0.5423983E+02  0.1601463E-01  0.1785519E+02
  0.5560584E+02  0.1960195E+02  0.1709923E+02
  0.5864995E+02  0.8399726E+00  0.1704608E+02
  0.5815660E+02  0.1994933E+02  0.1961915E+02
  0.5558924E+02  0.1065087E+01  0.1954383E+02
  0.5970359E+02  0.1865534E+02  0.1601328E+02
  0.6255305E+02  0.2106332E+02  0.1587741E+02
  0.6248819E+02  0.1840148E+02  0.1784017E+02
  0.5988130E+02  0.2143715E+02  0.1850384E+02
  0.6097947E+02  0.2014865E+02  0.1721991E+02
  0.6399599E+02  0.9160861E+00  0.1697006E+02
  0.6352556E+02  0.1998516E+02  0.1900329E+02
  0.6122736E+02  0.1537321E+01  0.1977784E+02
  0.2021223E+02  0.1326861E+02  0.1933052E+02
  0.3898215E+02  0.1403582E+02  0.1733858E+02
  0.5092484E+02  0.1854384E+02  0.6951409E+01
  0.4821828E+02  0.1081758E+02  0.4520692E+01
  0.5104493E+02  0.9063408E+01  0.1770347E+02
  0.3668626E+02  0.1899138E+02  0.2170525E+02
  0.4328033E+02  0.1493988E+02  0.1325082E+02
  0.5205695E+02  0.1410836E+02  0.3805528E+01
  0.4400361E+02  0.8512944E+01  0.1381057E+01
  0.4700450E+02  0.1636853E+02  0.2119476E+02
  0.5258638E+02  0.1856549E+01  0.1813576E+02
  0.5028368E+02  0.1504134E+01  0.4701113E+01
  0.4303236E+02  0.7757846E+01  0.9934827E+01
  0.4864577E+02  0.1666087E+02  0.1441771E+02
  0.4210309E+02  0.1214176E+02  0.1812751E+02
  0.5257259E+02  0.4896177E+00  0.1383671E-01
  0.5466791E+02  0.2930944E+01  0.1506159E+02
  0.5752862E+02  0.5294444E+01  0.1564222E+02
  0.5700203E+02  0.2224219E+01  0.1814500E+02
  0.5428434E+02  0.5325245E+01  0.1806773E+02
  0.5599008E+02  0.3817307E+01  0.1684600E+02
  0.5861696E+02  0.6782207E+01  0.1688558E+02
  0.5827126E+02  0.3765623E+01  0.1957849E+02
  0.5521446E+02  0.6587877E+01  0.1974637E+02
  0.5979386E+02  0.2402986E+01  0.1550674E+02
  0.6265939E+02  0.5449889E+01  0.1563052E+02
  0.6277957E+02  0.2628618E+01  0.1808673E+02
  0.5954564E+02  0.5286470E+01  0.1828005E+02
  0.6111265E+02  0.4008640E+01  0.1697234E+02
  0.6396865E+02  0.6581290E+01  0.1683900E+02
  0.6386054E+02  0.4018819E+01  0.1981930E+02
  0.6122612E+02  0.6539355E+01  0.1964769E+02
  0.4970403E+02  0.6711969E+01  0.3779772E+01
  0.3745909E+02  0.1908829E+02  0.2499446E+01
  0.5275717E+02  0.1972700E+02  0.3020838E+01
  0.3821316E+02  0.1388861E+02  0.1431554E+02
  0.4940333E+02  0.1403416E+02  0.9956630E+01
  0.3463430E+02  0.2684576E+01  0.2117732E+02
  0.4159161E+02  0.5419154E+01  0.2027972E+02
  0.3605463E+02  0.1757440E+02  0.1978991E+02
  0.4853835E+02  0.1935866E+02  0.1559875E+02
  0.4970796E+02  0.1083555E+02  0.1622011E+02
  0.3422078E+02  0.9243653E+01  0.1333658E+00
  0.3620185E+02  0.1877044E+02  0.1193846E+02
  0.4861392E+02  0.1198959E+01  0.1463466E+02
  0.4762756E+02  0.1479158E+02  0.4256804E+01
  0.5276341E+02  0.3268405E+01  0.2002504E+02
  0.5120472E+02  0.1734660E+02  0.1910699E+02
  0.5208965E+02  0.5335134E+01  0.1911609E+02
  0.5777656E+02  0.1158677E+02  0.1205095E+02
  0.5661549E+02  0.7791382E+01  0.1815327E+02
  0.4736925E+02  0.1022890E+02  0.1014673E+02
  0.5535535E+02  0.9532772E+01  0.1690715E+02
  0.5845723E+02  0.1142360E+02  0.1670964E+02
  0.5821141E+02  0.8903423E+01  0.1977615E+02
  0.5537607E+02  0.1198793E+02  0.1951770E+02
  0.6009679E+02  0.8032577E+01  0.1542733E+02
  0.6299131E+02  0.1059980E+02  0.1601668E+02
  0.6229678E+02  0.7800744E+01  0.1827158E+02
  0.5953272E+02  0.1046441E+02  0.1848288E+02
  0.6110896E+02  0.9265291E+01  0.1682222E+02
  0.6379259E+02  0.1223453E+02  0.1731692E+02
  0.6365398E+02  0.8979826E+01  0.1960495E+02
  0.6102920E+02  0.1200964E+02  0.1967806E+02
  0.4490469E+02  0.1710860E+02  0.3877150E+01
  0.5369563E+02  0.1071932E+02  0.9440479E+01
  0.5303681E+02  0.1193397E+02  0.8939796E-01
  0.4904054E+02  0.3008093E+01  0.2013042E+02
  0.4223708E+02  0.1412375E+02  0.1948636E+02
  0.5261892E+02  0.1499596E+02  0.1437080E+02
  0.4906815E+02  0.2141736E+02  0.1788766E+02
  0.4758021E+02  0.1867894E+02  0.5019141E+01
  0.4233444E+02  0.5812614E+01  0.6389973E+01
  0.4925489E+02  0.1555034E+02  0.2044589E+02
  0.5300900E+02  0.1267496E+02  0.1427607E+02
  0.3792034E+02  0.4494972E+01  0.1296974E+02
  0.5330553E+02  0.1648315E+02  0.1613376E+02
  0.4754243E+02  0.1182362E+02  0.1347597E+02
  0.5463218E+02  0.7233593E+01  0.1650054E+02
  0.3733797E+02  0.1622109E+02  0.8269951E+01
  0.5722215E+02  0.1290779E+02  0.1834410E+02
  0.5714992E+02  0.1566311E+02  0.1584559E+02
  0.5561074E+02  0.1423541E+02  0.1690732E+02
  0.5358387E+02  0.1399468E+02  0.8951587E+01
  0.5230161E+02  0.1411240E+02  0.1906945E+02
  0.5829977E+02  0.1729912E+02  0.1715839E+02
  0.5846827E+02  0.1468025E+02  0.1971457E+02
  0.5489959E+02  0.1701870E+02  0.1966591E+02
  0.5982453E+02  0.1315397E+02  0.1576511E+02
  0.6253216E+02  0.1593295E+02  0.1531176E+02
  0.6232248E+02  0.1341006E+02  0.1837064E+02
  0.5962588E+02  0.1579257E+02  0.1825867E+02
  0.6112896E+02  0.1473509E+02  0.1690980E+02
  0.6411566E+02  0.1711718E+02  0.1689663E+02
  0.6362018E+02  0.1493922E+02  0.1979359E+02
  0.6100989E+02  0.1738295E+02  0.1941831E+02
