         
  0.6515772E+02  0.0000000E+00  0.2171924E+02
  0.0000000E+00  0.0000000E+00  0.2171924E+02
  0.6500353E+02  0.1870754E+02  0.2129360E+02
  0.2773050E+01  0.2136337E+02  0.2129611E+02
  0.2801142E+01  0.1838418E+02  0.2406565E+01
  0.8582935E-01  0.2118880E+02  0.1617101E+01
  0.1858533E+01  0.1971026E+02  0.6927040E+00
  0.3770171E+01  0.1245681E+01  0.6785150E+00
  0.3912465E+01  0.2023454E+02  0.3449197E+01
  0.1142614E+01  0.1037465E+01  0.3166380E+01
  0.4992108E+01  0.1870411E+02  0.2096307E+02
  0.7792959E+01  0.2140796E+02  0.2114801E+02
  0.7798280E+01  0.1832909E+02  0.1780162E+01
  0.5259123E+01  0.2159488E+02  0.2052579E+01
  0.6347898E+01  0.1993203E+02  0.7566637E+00
  0.1261607E+02  0.1200341E+01  0.1674000E+00
  0.7842229E+01  0.2115684E+02  0.4663101E+01
  0.6646321E+01  0.1023105E+01  0.3299192E+01
  0.1067039E+02  0.2149866E+02  0.1805458E+02
  0.2349207E+02  0.1195568E+02  0.6342872E+01
  0.2282347E+02  0.1353722E+01  0.1260015E+02
  0.1156021E+02  0.6876452E+01  0.2010997E+02
  0.1984203E+02  0.2133649E+02  0.3945085E+01
  0.3221401E+02  0.1766976E+02  0.4232506E+01
  0.9916157E+01  0.6439221E+01  0.5261026E+01
  0.2964832E+02  0.6851531E+01  0.7822987E+01
  0.1705148E+02  0.5302366E+01  0.6732019E+01
  0.1494264E+02  0.8514397E+01  0.2157292E+02
  0.3051035E+02  0.1281495E+02  0.1701577E+02
  0.1015027E+02  0.1863681E+02  0.4611256E+01
  0.1800122E+02  0.1281378E+01  0.8980941E+01
  0.2967591E+02  0.7880645E+01  0.1907523E+02
  0.1336564E+02  0.2032180E+02  0.2036371E+02
  0.3285137E+02  0.6075183E+01  0.8519973E+01
  0.2934025E-01  0.2397563E+01  0.2110259E+02
  0.2461354E+01  0.4962227E+01  0.2114503E+02
  0.2553938E+01  0.2621594E+01  0.2216749E+01
  0.6504823E+02  0.5252000E+01  0.2037029E+01
  0.1189305E+01  0.3684974E+01  0.8179268E+00
  0.4128952E+01  0.6225850E+01  0.5930269E+00
  0.3900833E+01  0.3874230E+01  0.3488698E+01
  0.1183298E+01  0.6472044E+01  0.3098805E+01
  0.5430008E+01  0.2645838E+01  0.2108916E+02
  0.7920413E+01  0.5175712E+01  0.2091242E+02
  0.8745490E+01  0.4364870E+01  0.2616230E+01
  0.5511533E+01  0.4965265E+01  0.1981032E+01
  0.7141023E+01  0.3590092E+01  0.9340870E+00
  0.1319674E+02  0.2570903E+01  0.1860728E+02
  0.9198976E+01  0.9626271E+00  0.6233840E+01
  0.6578737E+01  0.6706154E+01  0.3094999E+01
  0.1205281E+02  0.3422292E+01  0.9213956E+00
  0.2652501E+02  0.1256335E+02  0.1416919E+02
  0.2011244E+02  0.1538425E+02  0.9788162E+01
  0.1112048E+02  0.9836165E+01  0.4355811E+01
  0.1209497E+02  0.1525303E+02  0.1285336E+01
  0.1435426E+02  0.4022553E+00  0.4856277E+01
  0.2309102E+02  0.6076050E+01  0.2204647E+01
  0.9017289E+01  0.1437410E+02  0.3576321E+01
  0.3249158E+02  0.4269637E+01  0.9981850E+01
  0.1583211E+02  0.1387359E+02  0.3509408E+01
  0.1583251E+02  0.1124196E+02  0.1170870E+02
  0.1984652E+02  0.1536476E+02  0.1744900E+02
  0.1831135E+02  0.1705994E+02  0.7754827E+01
  0.1578212E+02  0.1844801E+02  0.2127207E+02
  0.1752023E+02  0.9837861E+01  0.8186141E+01
  0.1575798E+02  0.1902669E+02  0.1748764E+02
  0.6513614E+02  0.7834180E+01  0.2117253E+02
  0.2650189E+01  0.1049790E+02  0.2095348E+02
  0.2708190E+01  0.7564622E+01  0.1822323E+01
  0.6510313E+02  0.1056151E+02  0.2011442E+01
  0.1494827E+01  0.9326527E+01  0.5458545E+00
  0.3870130E+01  0.1195737E+02  0.6532176E+00
  0.3685887E+01  0.9104805E+01  0.3151772E+01
  0.1228660E+01  0.1206846E+02  0.3141188E+01
  0.5152163E+01  0.7943855E+01  0.2094463E+02
  0.1669789E+02  0.1384163E+02  0.2142342E+02
  0.1087593E+02  0.1032342E+02  0.4637652E+00
  0.5173684E+01  0.1060087E+02  0.1996137E+01
  0.6629515E+01  0.9214770E+01  0.8043267E+00
  0.9478064E+01  0.1234799E+02  0.2165069E+02
  0.1138529E+02  0.1664293E+02  0.9916198E+01
  0.6665609E+01  0.1161286E+02  0.3396657E+01
  0.7557483E+01  0.1070256E+02  0.2097637E+02
  0.1921729E+02  0.8447184E+01  0.1390526E+01
  0.3091664E+02  0.5067805E+01  0.1155782E+02
  0.1428485E+02  0.1484187E+02  0.1769944E+02
  0.1775911E+02  0.1339975E+02  0.8065603E+01
  0.1966568E+02  0.1005089E+02  0.7628751E+01
  0.2436602E+02  0.6077388E+01  0.1378327E+02
  0.2828877E+02  0.9288311E+01  0.5807209E+01
  0.1415808E+02  0.7822346E+01  0.1221446E+02
  0.2606533E+02  0.5239139E+01  0.1080508E+02
  0.2137337E+02  0.1989530E+02  0.9488181E+01
  0.1478367E+02  0.1079990E+02  0.1364203E+02
  0.1970494E+02  0.9824317E+01  0.3270942E+01
  0.2800037E+02  0.2145728E+02  0.1477767E+02
  0.3993946E+02  0.1335179E+02  0.1228598E+02
  0.3563862E+02  0.7452545E+01  0.2005730E+02
  0.6502816E+02  0.1334792E+02  0.2127581E+02
  0.2623605E+01  0.1580327E+02  0.2121410E+02
  0.2728665E+01  0.1334220E+02  0.1989530E+01
  0.6504102E+02  0.1579800E+02  0.2035287E+01
  0.1261226E+01  0.1447442E+02  0.7046651E+00
  0.4100052E+01  0.1702041E+02  0.8106399E+00
  0.4149935E+01  0.1450069E+02  0.3558319E+01
  0.1303205E+01  0.1705492E+02  0.3546287E+01
  0.5460100E+01  0.1336563E+02  0.2086942E+02
  0.7762191E+01  0.1618500E+02  0.2076194E+02
  0.7930789E+01  0.1294925E+02  0.1795362E+01
  0.5182388E+01  0.1583477E+02  0.2409417E+01
  0.6471643E+01  0.1476347E+02  0.7957683E+00
  0.9594884E+01  0.1704567E+02  0.4600871E+00
  0.1419797E+02  0.3060294E+00  0.7355268E+01
  0.6454010E+01  0.1740003E+02  0.3415383E+01
  0.1520220E+02  0.1640852E+02  0.6258622E+01
  0.1183901E+02  0.1789352E+02  0.1666171E+02
  0.1261690E+02  0.1448933E+02  0.3689735E+01
  0.2321943E+02  0.1214700E+02  0.1557962E+02
  0.2085330E+02  0.9982731E+00  0.5441719E+01
  0.2504754E+02  0.1291006E+01  0.1142446E+02
  0.1659673E+02  0.2920510E+01  0.6137405E+01
  0.8279443E+01  0.1271869E+01  0.1337417E+01
  0.2064699E+02  0.1841175E+02  0.6070246E+01
  0.1548522E+02  0.4955206E+01  0.1111285E+02
  0.3527222E+02  0.9756076E+01  0.7503095E+01
  0.2713415E+02  0.1161723E+01  0.2181822E+01
  0.1727316E+02  0.1961755E+02  0.1985611E+02
  0.2178993E+02  0.9155899E+01  0.8596767E+01
  0.2558160E+02  0.2013938E+02  0.1650406E+02
  0.1020936E+02  0.2153076E+02  0.1710323E+01
  0.6503416E+02  0.1843986E+02  0.4863894E+01
  0.2278358E+01  0.2134176E+02  0.4823316E+01
  0.2400909E+01  0.1848975E+02  0.7739595E+01
  0.6502195E+02  0.2149684E+02  0.7605135E+01
  0.1164753E+01  0.1981102E+02  0.6350070E+01
  0.3592342E+01  0.1160279E+01  0.6060053E+01
  0.3981632E+01  0.1996211E+02  0.8739165E+01
  0.1177234E+01  0.1002658E+01  0.8959849E+01
  0.5131403E+01  0.1865418E+02  0.4856968E+01
  0.1109473E+02  0.4291587E+01  0.2935829E+01
  0.7649812E+01  0.1863919E+02  0.7587955E+01
  0.5030234E+01  0.2153372E+02  0.7385318E+01
  0.6424434E+01  0.1981373E+02  0.6129410E+01
  0.1852634E+02  0.9387389E+01  0.2023084E+02
  0.9223903E+01  0.1739122E+02  0.6424578E+01
  0.6512751E+01  0.1220568E+01  0.8590388E+01
  0.2494748E+02  0.1952052E+01  0.1738953E+01
  0.2430818E+02  0.9545619E+01  0.2650521E+01
  0.1897685E+02  0.5919073E+01  0.1742746E+02
  0.1386283E+02  0.4860312E+01  0.5589284E+01
  0.1231521E+02  0.1540988E+02  0.1659176E+02
  0.1782514E+02  0.1591341E+02  0.9694359E+01
  0.2093311E+02  0.1774214E+02  0.3840673E+01
  0.1737667E+02  0.1971653E+02  0.1017044E+02
  0.1645374E+02  0.1938864E+02  0.1257851E+02
  0.1962379E+02  0.7920472E+01  0.1878779E+02
  0.1347991E+02  0.2075710E+02  0.1478595E+02
  0.9156787E+01  0.6337739E+01  0.6958230E+00
  0.1356454E+02  0.1345342E+02  0.1348220E+02
  0.2140651E+02  0.5762230E+01  0.3930041E+01
  0.1915907E+02  0.1712582E+02  0.1292194E+02
  0.1033754E+02  0.1096852E+02  0.7465344E+01
  0.3210887E-01  0.2369939E+01  0.4605359E+01
  0.2795622E+01  0.5141816E+01  0.4734581E+01
  0.2532081E+01  0.2308745E+01  0.7638771E+01
  0.2655892E+00  0.5123241E+01  0.7362824E+01
  0.1392513E+01  0.3784664E+01  0.5944891E+01
  0.4244600E+01  0.6447596E+01  0.5972521E+01
  0.3923926E+01  0.3543585E+01  0.8930480E+01
  0.1319469E+01  0.6859032E+01  0.8697777E+01
  0.5209120E+01  0.2388946E+01  0.4701991E+01
  0.9541716E+01  0.3955769E+01  0.1966205E+02
  0.6608089E+01  0.4025957E+01  0.5918513E+01
  0.5216386E+01  0.5065787E+01  0.7540671E+01
  0.7840364E+01  0.2520811E+01  0.7245255E+01
  0.2264101E+02  0.4196605E+01  0.1410185E+02
  0.1051434E+02  0.1901259E+02  0.1270732E+02
  0.6708127E+01  0.6489721E+01  0.8343404E+01
  0.1471961E+02  0.1958012E+02  0.7622299E+01
  0.8085112E+01  0.7954359E+01  0.2009184E+01
  0.1291827E+02  0.4729820E+01  0.2058394E+02
  0.1164958E+02  0.4623742E+01  0.5216224E+01
  0.8995769E+01  0.1997025E+02  0.3155463E+01
  0.1087378E+02  0.7732611E+01  0.9850525E+01
  0.1680576E+02  0.1099008E+02  0.5031066E+01
  0.1705522E+02  0.5267849E+01  0.4016987E+01
  0.1446865E+02  0.2085472E+02  0.1133779E+02
  0.2197637E+02  0.3067038E+00  0.1055589E+02
  0.2063649E+02  0.4516585E+01  0.9376543E+01
  0.3280547E+02  0.2142947E+02  0.1151384E+02
  0.2773166E+02  0.4731583E+01  0.1294318E+01
  0.1240105E+02  0.1318069E+02  0.9417684E+01
  0.2421991E+02  0.1430581E+02  0.6592112E+01
  0.1414191E+02  0.1178863E+02  0.7852907E+01
  0.6508283E+02  0.7778545E+01  0.4681845E+01
  0.2515481E+01  0.1064473E+02  0.4424371E+01
  0.2783326E+01  0.7977201E+01  0.7298944E+01
  0.6498433E+02  0.1015850E+02  0.7477511E+01
  0.1384672E+01  0.9208779E+01  0.5969552E+01
  0.3919145E+01  0.1175187E+02  0.6003336E+01
  0.4056658E+01  0.9168554E+01  0.9010385E+01
  0.1121669E+01  0.1172920E+02  0.8606332E+01
  0.5116086E+01  0.8137533E+01  0.4534119E+01
  0.8005598E+01  0.1007726E+02  0.4564340E+01
  0.7887367E+01  0.5388144E+01  0.4687218E+01
  0.5144799E+01  0.1056106E+02  0.7475640E+01
  0.6394179E+01  0.9259495E+01  0.5946336E+01
  0.7621213E+01  0.1303942E+02  0.7217830E+01
  0.7983103E+01  0.7624131E+01  0.6662035E+01
  0.6442092E+01  0.1178163E+02  0.8715400E+01
  0.1183234E+02  0.8011213E+01  0.6784221E+00
  0.1342805E+02  0.4582057E+01  0.9842273E+01
  0.1661254E+02  0.1212622E+02  0.1641982E+02
  0.2427990E+02  0.2556850E+01  0.1497519E+02
  0.1962755E+02  0.1771367E+02  0.1714382E+02
  0.1205766E+02  0.1258334E+02  0.1176257E+02
  0.2732519E+02  0.6316838E+01  0.6951777E+01
  0.1760218E+02  0.1564384E+02  0.1812622E+02
  0.1741406E+02  0.2871967E+01  0.3935137E+01
  0.1743843E+02  0.1752148E+02  0.1142143E+02
  0.3164631E+02  0.1409084E+02  0.2733874E+01
  0.2196814E+02  0.1987359E+02  0.1426182E+02
  0.2160246E+02  0.1676182E+02  0.2162476E+02
  0.3112669E+02  0.8659387E+01  0.2725096E+01
  0.3319470E+02  0.8483376E+01  0.1970055E+02
  0.2627961E+02  0.1452152E+02  0.1782139E+02
  0.6500765E+02  0.1296837E+02  0.5061730E+01
  0.2600251E+01  0.1579937E+02  0.4855177E+01
  0.2647419E+01  0.1303931E+02  0.7335559E+01
  0.3167659E-01  0.1579395E+02  0.7886533E+01
  0.1281508E+01  0.1457224E+02  0.6240020E+01
  0.3655780E+01  0.1726063E+02  0.6199439E+01
  0.3934487E+01  0.1450135E+02  0.8813464E+01
  0.1184908E+01  0.1725470E+02  0.9189227E+01
  0.5439637E+01  0.1300529E+02  0.4689929E+01
  0.1423502E+02  0.1451587E+02  0.1872915E+01
  0.8980516E+01  0.1436245E+02  0.8549992E+01
  0.5036662E+01  0.1582547E+02  0.7444148E+01
  0.6425338E+01  0.1466590E+02  0.6160942E+01
  0.7908251E+01  0.1606307E+02  0.4887861E+01
  0.7685301E+01  0.1567461E+02  0.9969211E+01
  0.6201371E+01  0.1730435E+02  0.8877917E+01
  0.2079517E+02  0.1556693E+02  0.5787025E+01
  0.1220793E+02  0.7265379E+00  0.8630326E+01
  0.1469443E+02  0.6673732E+01  0.1591373E+01
  0.1736812E+02  0.1546622E+02  0.6383071E+01
  0.9551551E+01  0.1183883E+02  0.1120573E+02
  0.2303790E+02  0.1630155E+02  0.1242900E+02
  0.2427075E+02  0.7751077E+01  0.7912672E+01
  0.1673187E+02  0.1432915E+01  0.1610330E+02
  0.1708238E+02  0.2902362E+01  0.1925699E+02
  0.2332727E+02  0.1909776E+02  0.1661622E+02
  0.1974223E+02  0.1078297E+01  0.1100586E+02
  0.1777429E+02  0.9056543E+01  0.1708463E+02
  0.1073483E+02  0.1865402E+02  0.2078526E+02
  0.9968192E+01  0.8639823E+01  0.7797231E+01
  0.1286427E+02  0.1206186E+02  0.5084579E+01
  0.9274331E+01  0.1963805E+02  0.8801291E+01
  0.6500677E+02  0.1904889E+02  0.1059517E+02
  0.2659428E+01  0.2138642E+02  0.1019823E+02
  0.2539941E+01  0.1861287E+02  0.1289250E+02
  0.6494173E+02  0.1915342E-02  0.1316196E+02
  0.1347550E+01  0.2039267E+02  0.1181246E+02
  0.4142130E+01  0.8399408E+00  0.1185164E+02
  0.4038830E+01  0.1975020E+02  0.1413908E+02
  0.1410433E+01  0.1098800E+01  0.1443589E+02
  0.5381135E+01  0.1882457E+02  0.1041669E+02
  0.8072373E+01  0.2130070E+02  0.1020621E+02
  0.8180809E+01  0.1836253E+02  0.1289584E+02
  0.5506832E+01  0.2102493E+02  0.1284380E+02
  0.6961245E+01  0.1987005E+02  0.1159623E+02
  0.1327337E+02  0.2037854E+01  0.2352778E+01
  0.8894806E+01  0.1523105E+02  0.1370104E+02
  0.6676837E+01  0.9947743E+00  0.1407553E+02
  0.9441534E+01  0.1643266E+02  0.1149516E+02
  0.1884863E+02  0.3743888E+01  0.6062137E+00
  0.1687580E+02  0.1032687E+02  0.1898532E+02
  0.1314403E+02  0.1795426E+02  0.1129133E+02
  0.1266978E+02  0.1459779E+02  0.2095797E+02
  0.2054953E+02  0.8382771E+01  0.1032028E+02
  0.8863705E+01  0.1206530E+01  0.1170947E+02
  0.1422568E+02  0.1923138E+02  0.1301816E+02
  0.3754265E+02  0.7647939E+01  0.1525576E+01
  0.1471667E+02  0.2651305E+01  0.1670094E+02
  0.1303882E+02  0.1219829E+02  0.2889939E+01
  0.1675267E+02  0.9324696E+01  0.1043166E+02
  0.2323577E+02  0.1885906E+02  0.8241431E+01
  0.2188567E+02  0.1548210E+02  0.8158446E+01
  0.2657820E+02  0.8199057E+01  0.8450640E+01
  0.1187332E+02  0.8491471E+01  0.1845647E+02
  0.1955822E+00  0.2661670E+01  0.1015621E+02
  0.2629009E+01  0.5217856E+01  0.1001720E+02
  0.2668831E+01  0.2471307E+01  0.1272913E+02
  0.6512390E+02  0.5281725E+01  0.1280547E+02
  0.1443921E+01  0.3983003E+01  0.1173037E+02
  0.3988294E+01  0.6533531E+01  0.1145968E+02
  0.3991830E+01  0.3727632E+01  0.1413939E+02
  0.1241073E+01  0.6466227E+01  0.1428796E+02
  0.5227748E+01  0.2326092E+01  0.1030939E+02
  0.7818560E+01  0.5059805E+01  0.9908290E+01
  0.7924632E+01  0.2882979E+01  0.1330780E+02
  0.5196076E+01  0.4976701E+01  0.1278332E+02
  0.6601573E+01  0.3833745E+01  0.1152680E+02
  0.9363590E+01  0.6377312E+01  0.1129894E+02
  0.9841453E+01  0.3701232E+01  0.1449477E+02
  0.6568671E+01  0.6118817E+01  0.1411328E+02
  0.9864553E+01  0.3279500E+01  0.1036681E+02
  0.2103392E+02  0.2630371E+01  0.1534446E+02
  0.1447811E+02  0.1774095E+02  0.4214637E+01
  0.1064147E+02  0.5360252E+01  0.1302403E+02
  0.1444392E+02  0.7059164E+01  0.6586180E+01
  0.1915235E+02  0.5044768E+01  0.2743226E+01
  0.1088378E+02  0.7758889E+01  0.1571219E+02
  0.1695983E+02  0.1633056E+02  0.2147914E+02
  0.9288476E+01  0.2023319E+02  0.1973362E+02
  0.1228508E+02  0.9900627E+01  0.2399687E+01
  0.2705123E+02  0.5985244E+01  0.1774588E+02
  0.1082547E+02  0.1352452E+02  0.5206417E+01
  0.2963343E+02  0.2837336E+01  0.1093294E+02
  0.9462168E+01  0.8235483E+01  0.3897933E+01
  0.1513349E+02  0.5180835E+01  0.2152430E+02
  0.1842964E+02  0.5055925E+01  0.8672920E+01
  0.1181512E+00  0.7698840E+01  0.1053200E+02
  0.2438583E+01  0.1039137E+02  0.1013585E+02
  0.2609500E+01  0.7837523E+01  0.1278850E+02
  0.7684492E-01  0.1078010E+02  0.1307509E+02
  0.1275446E+01  0.9300103E+01  0.1172555E+02
  0.3728623E+01  0.1198225E+02  0.1146721E+02
  0.3878601E+01  0.9144655E+01  0.1418398E+02
  0.1302516E+01  0.1212778E+02  0.1437926E+02
  0.5667245E+01  0.7855973E+01  0.1017252E+02
  0.7754326E+01  0.1040195E+02  0.1026524E+02
  0.8031952E+01  0.7714883E+01  0.1284258E+02
  0.5023659E+01  0.1046994E+02  0.1259573E+02
  0.6682992E+01  0.9171924E+01  0.1179624E+02
  0.1042001E+02  0.9915343E+01  0.1247275E+02
  0.9354438E+01  0.8994258E+01  0.1434003E+02
  0.6756075E+01  0.1172733E+02  0.1387507E+02
  0.2874085E+02  0.1132568E+02  0.4730782E+01
  0.1299302E+02  0.1409449E-01  0.1834994E+02
  0.2442039E+02  0.3069820E+01  0.1745228E+02
  0.1645980E+02  0.1349225E+02  0.1220184E+02
  0.2518726E+02  0.1744969E+02  0.1665823E+02
  0.2300185E+02  0.1308637E+02  0.1063158E+01
  0.1224175E+02  0.2165377E+02  0.3367903E+01
  0.1845649E+02  0.2130750E+00  0.1903236E+02
  0.1486680E+02  0.4537050E+01  0.7962327E+01
  0.2974662E+02  0.1770275E+02  0.1012526E+02
  0.3175901E+02  0.1017795E+02  0.2054335E+02
  0.1276981E+02  0.1168864E+02  0.1721446E+02
  0.4156138E+02  0.7713579E+01  0.8404474E+00
  0.3251491E+02  0.3680002E+01  0.5670518E+01
  0.4029749E+02  0.1695407E+02  0.1708824E+02
  0.1631854E+02  0.2161845E+02  0.3699159E+01
  0.6515476E+02  0.1312740E+02  0.1017699E+02
  0.2615540E+01  0.1573143E+02  0.1014426E+02
  0.2646869E+01  0.1342638E+02  0.1300685E+02
  0.1920651E-01  0.1614037E+02  0.1280286E+02
  0.1202011E+01  0.1450450E+02  0.1172922E+02
  0.4102014E+01  0.1699335E+02  0.1160791E+02
  0.4276546E+01  0.1438798E+02  0.1426848E+02
  0.1346068E+01  0.1720960E+02  0.1418371E+02
  0.5333572E+01  0.1306876E+02  0.1015351E+02
  0.1062693E+02  0.2137459E+02  0.7630393E+01
  0.8252362E+01  0.1308961E+02  0.1257978E+02
  0.5646180E+01  0.1561424E+02  0.1289013E+02
  0.6693040E+01  0.1424741E+02  0.1112358E+02
  0.2629254E+02  0.5596487E+00  0.2027121E+02
  0.1474243E+02  0.1700328E+02  0.1392356E+02
  0.6943325E+01  0.1715908E+02  0.1450153E+02
  0.1711443E+02  0.2054609E+02  0.2333090E+00
  0.2842326E+02  0.1819964E+02  0.1810474E+02
  0.1543753E+02  0.8371833E+01  0.4812628E+01
  0.1448825E+02  0.1847689E+02  0.1944785E+02
  0.1225039E+02  0.1544447E+02  0.8179348E+01
  0.2395637E+02  0.1013694E+01  0.3746049E+01
  0.2595167E+02  0.1093296E+02  0.1939790E+02
  0.1216553E+02  0.1490344E+02  0.1430386E+02
  0.1115327E+02  0.1890638E+02  0.1034627E+02
  0.2649624E+02  0.1024645E+02  0.1718927E+02
  0.1021357E+02  0.2033215E+02  0.1572227E+02
  0.2067684E+02  0.1391934E+02  0.1341940E+02
  0.1235509E+02  0.6797912E+01  0.1439999E+02
  0.2510410E+02  0.1072031E+02  0.7659795E+01
  0.1899385E+02  0.2721224E+01  0.5732570E+01
  0.1915452E+02  0.1269683E+01  0.5505173E+00
  0.6506957E+02  0.1851305E+02  0.1568655E+02
  0.2791809E+01  0.2134919E+02  0.1574713E+02
  0.2531727E+01  0.1855417E+02  0.1840287E+02
  0.6485850E+02  0.2132204E+02  0.1848987E+02
  0.1111605E+01  0.2024061E+02  0.1690415E+02
  0.4304277E+01  0.1146403E+01  0.1698612E+02
  0.4075207E+01  0.2019328E+02  0.1960585E+02
  0.1346181E+01  0.8634393E+00  0.1987286E+02
  0.5375017E+01  0.1853851E+02  0.1561180E+02
  0.8088218E+01  0.2166227E+02  0.1541528E+02
  0.7966918E+01  0.1890037E+02  0.1817321E+02
  0.5585504E+01  0.2166452E+02  0.1829455E+02
  0.6764887E+01  0.2027303E+02  0.1679437E+02
  0.2001749E+02  0.5189379E+01  0.2100948E+02
  0.9350271E+01  0.1880834E+01  0.1613509E+02
  0.6786503E+01  0.1241184E+01  0.1976807E+02
  0.1907444E+02  0.2041015E+02  0.8952008E+01
  0.1643642E+02  0.3344539E+01  0.6627400E-01
  0.3413011E+02  0.1783393E+01  0.5374780E+01
  0.2726899E+02  0.6351797E+01  0.1279183E+02
  0.1890832E+02  0.1731376E+02  0.2905797E+01
  0.1669013E+02  0.1866385E+02  0.3586185E+01
  0.1176208E+02  0.2032120E+02  0.4289608E+00
  0.1320937E+02  0.1424169E+01  0.1505972E+02
  0.1466404E+02  0.4958815E+01  0.3354610E+01
  0.1346879E+02  0.1020814E+02  0.1892380E+02
  0.2321853E+02  0.1569746E+01  0.7950102E+01
  0.2600688E+02  0.1388259E+02  0.3238709E+00
  0.1150892E+02  0.1165493E+02  0.1372003E+02
  0.4695415E+02  0.8093916E+01  0.2054211E+02
  0.1991283E+02  0.6548635E+00  0.7648519E+01
  0.1562838E+02  0.2641376E+01  0.2411953E+01
  0.6511366E+02  0.2633200E+01  0.1583656E+02
  0.2711115E+01  0.4932849E+01  0.1555777E+02
  0.2707776E+01  0.2140861E+01  0.1845629E+02
  0.1107679E+00  0.5189364E+01  0.1858053E+02
  0.1503565E+01  0.3737714E+01  0.1739580E+02
  0.4127088E+01  0.6395219E+01  0.1706181E+02
  0.3814093E+01  0.3855078E+01  0.1967364E+02
  0.1325637E+01  0.6579866E+01  0.1984588E+02
  0.5449708E+01  0.2330693E+01  0.1543655E+02
  0.8028507E+01  0.5159038E+01  0.1569412E+02
  0.8123365E+01  0.2540077E+01  0.1818772E+02
  0.5373274E+01  0.5190376E+01  0.1847345E+02
  0.6653952E+01  0.3735293E+01  0.1708405E+02
  0.1613591E+02  0.6275123E+01  0.1995688E+02
  0.1112766E+02  0.5353712E+01  0.1845057E+02
  0.6586975E+01  0.6538895E+01  0.1983211E+02
  0.1922940E+02  0.1879899E+01  0.1378417E+02
  0.2439125E+02  0.1722702E+02  0.2487742E+01
  0.1144776E+02  0.1674712E+02  0.1280046E+02
  0.1182594E+02  0.2579672E+01  0.1356924E+02
  0.2417357E+02  0.7306620E+01  0.1566033E+02
  0.1111537E+02  0.1341735E+02  0.2009446E+02
  0.1533180E+02  0.2016828E+02  0.2072294E+01
  0.9584404E+01  0.6422931E+01  0.1693738E+02
  0.2206487E+02  0.2452891E+01  0.3853726E+01
  0.2488537E+02  0.2622991E+00  0.9246926E+01
  0.1530175E+02  0.1093338E+02  0.4054314E+00
  0.2279501E+02  0.5222417E+01  0.8318356E+01
  0.2038362E+02  0.7266693E+01  0.1574312E+02
  0.1130501E+02  0.9998577E+01  0.1644470E+02
  0.1900278E+02  0.6420179E+01  0.1041623E+02
  0.2736009E+02  0.2016944E+02  0.4493759E+01
  0.6499180E+02  0.7931336E+01  0.1549932E+02
  0.2814826E+01  0.1048756E+02  0.1570902E+02
  0.2721628E+01  0.7645919E+01  0.1819108E+02
  0.6489647E+02  0.1092499E+02  0.1816903E+02
  0.1077775E+01  0.9275221E+01  0.1695613E+02
  0.3920711E+01  0.1212420E+02  0.1689711E+02
  0.3929941E+01  0.9162384E+01  0.1955420E+02
  0.1358383E+01  0.1201390E+02  0.1985416E+02
  0.5367197E+01  0.7786235E+01  0.1542049E+02
  0.7729998E+01  0.1021407E+02  0.1543832E+02
  0.8124323E+01  0.7809978E+01  0.1850273E+02
  0.5309164E+01  0.1084184E+02  0.1845490E+02
  0.6669184E+01  0.9111550E+01  0.1712948E+02
  0.9186585E+01  0.1330702E+02  0.1672960E+02
  0.9208867E+01  0.9893557E+01  0.1925765E+02
  0.7055982E+01  0.1244317E+02  0.1924202E+02
  0.1030894E+02  0.1510632E+02  0.7009881E+01
  0.1161551E+02  0.2980318E+01  0.8756919E+01
  0.2225480E+02  0.5772722E+00  0.1486213E+02
  0.1288689E+02  0.1134498E+02  0.2083326E+02
  0.1800704E+02  0.6783019E+01  0.1524824E+02
  0.1526634E+02  0.8414307E+01  0.1932628E+02
  0.2021107E+02  0.1347012E+02  0.1587384E+02
  0.2483575E+02  0.5536098E+01  0.1703532E+02
  0.1113816E+02  0.8821155E+00  0.1211576E+02
  0.2631512E+02  0.1467487E+02  0.5145324E+01
  0.2793474E+02  0.8237327E+01  0.1750667E+02
  0.1954977E+02  0.1331212E+02  0.1100365E+02
  0.2055904E+02  0.1097214E+02  0.1102188E+02
  0.1205998E+02  0.9613671E+01  0.1092581E+02
  0.2697014E+02  0.4265501E+01  0.1941565E+02
  0.2032129E+02  0.1055475E+02  0.1360214E+02
  0.6479743E+02  0.1344756E+02  0.1547372E+02
  0.2531738E+01  0.1575192E+02  0.1535092E+02
  0.2450575E+01  0.1341307E+02  0.1835117E+02
  0.1218034E+00  0.1602710E+02  0.1829185E+02
  0.1092149E+01  0.1457211E+02  0.1690678E+02
  0.3676195E+01  0.1723078E+02  0.1680489E+02
  0.4096954E+01  0.1450363E+02  0.1962399E+02
  0.1339668E+01  0.1726374E+02  0.2002415E+02
  0.5582006E+01  0.1290958E+02  0.1539237E+02
  0.8581437E+01  0.1615499E+02  0.1610076E+02
  0.8572980E+01  0.1396666E+02  0.1994636E+02
  0.5565247E+01  0.1573241E+02  0.1813044E+02
  0.6749385E+01  0.1401258E+02  0.1703100E+02
  0.9536469E+01  0.1821029E+02  0.1654266E+02
  0.9468495E+01  0.1546850E+02  0.1829999E+02
  0.6353104E+01  0.1769244E+02  0.1945596E+02
  0.1000494E+02  0.1336375E+02  0.1439523E+02
  0.1112535E+02  0.1713618E+02  0.1892547E+02
  0.1685032E+02  0.7039473E+01  0.1122517E+02
  0.1169952E+02  0.1757181E+01  0.1696213E+02
  0.2486394E+02  0.7375085E+01  0.3473472E+01
  0.2259584E+02  0.1172570E+01  0.1742544E+02
  0.3022841E+02  0.3411847E+01  0.1320762E+02
  0.2080089E+02  0.1240700E+02  0.9574695E+00
  0.9069308E+01  0.1180199E+02  0.5768009E+01
  0.1132263E+02  0.2089958E+02  0.1365990E+02
  0.1394764E+02  0.7950018E+01  0.1754946E+02
  0.1941530E+02  0.2399311E+01  0.1863219E+02
  0.1691713E+02  0.9478344E+01  0.6511003E+00
  0.1809670E+02  0.1364965E+02  0.3236483E+01
  0.2026729E+02  0.1306392E+02  0.6471790E+01
  0.1977084E+02  0.9950210E+01  0.1741846E+02
  0.4162413E+02  0.1953801E+02  0.8559530E+01
  0.3535990E+02  0.1224479E+01  0.1442346E+02
  0.2077145E+02  0.1577497E+02  0.1211144E+02
  0.3073359E+02  0.7430525E+01  0.5022822E+00
  0.4408682E+02  0.1305396E+02  0.4813061E+01
  0.3986320E+02  0.4718686E+01  0.1352322E+01
  0.5120852E+02  0.1992974E+02  0.1825293E+02
  0.3864525E+02  0.1974718E+02  0.1939307E+02
  0.4172553E+02  0.5675382E+01  0.4994602E+01
  0.2244345E+02  0.1391485E+02  0.4972925E+01
  0.1625152E+02  0.1368712E+02  0.1815890E+02
  0.3784552E+02  0.1033048E+02  0.1303418E+02
  0.3433261E+02  0.6362877E+01  0.1628948E+02
  0.4378635E+02  0.1159628E+02  0.1970852E+02
  0.3712946E+02  0.2075467E+01  0.9653223E+01
  0.3864672E+02  0.2129319E+02  0.7748877E+01
  0.2668286E+02  0.7523172E+01  0.1072971E+02
  0.4014737E+02  0.2331743E+00  0.1214107E+02
  0.4160025E+02  0.7787105E+00  0.1813604E+02
  0.1368531E+02  0.1755724E+02  0.7969657E+01
  0.3398607E+02  0.1114990E+02  0.1605754E+02
  0.3481589E+02  0.1023643E+02  0.3497264E+01
  0.2689362E+02  0.1287251E+02  0.1008474E+02
  0.1923275E+02  0.1829010E+02  0.1926034E+02
  0.4834094E+02  0.1213919E+02  0.4247212E+00
  0.1456268E+02  0.5665560E+01  0.1333215E+02
  0.3105701E+02  0.1221296E+02  0.1285453E+02
  0.3931151E+02  0.1977602E+02  0.5584489E+01
  0.2864683E+02  0.1445414E+02  0.1689182E+02
  0.3396413E+02  0.1228970E+02  0.2311880E+01
  0.4535125E+02  0.2024861E+00  0.2018722E+02
  0.3632678E+02  0.7767707E+01  0.1623723E+02
  0.3166016E+02  0.8857101E-01  0.8194321E+01
  0.3917163E+02  0.9208366E+01  0.1792468E+02
  0.3765769E+02  0.1924847E+01  0.1805117E+02
  0.2471074E+02  0.2043410E+02  0.2101006E+02
  0.5121354E+02  0.1621533E+01  0.7389962E+01
  0.2240220E+02  0.1871205E+02  0.1209737E+02
  0.3107928E+02  0.1477149E+02  0.1179909E+02
  0.3470565E+02  0.3389238E+01  0.1435227E+02
  0.4375753E+02  0.1943263E+02  0.5339903E+01
  0.5137544E+02  0.5392981E+01  0.3143347E+00
  0.2523940E+02  0.1757721E+02  0.4802692E+01
  0.3250376E+02  0.3072740E+01  0.1364194E+02
  0.3985318E+02  0.9395399E+01  0.1402680E+02
  0.2355584E+02  0.7288450E+01  0.1823668E+02
  0.2119371E+02  0.1954093E+01  0.9268125E+01
  0.3211845E+02  0.2359630E+01  0.3809223E+01
  0.3703577E+02  0.6811662E+01  0.6201129E+01
  0.3755129E+02  0.8101179E+01  0.1423989E+02
  0.4090597E+02  0.1116784E+02  0.1887730E+01
  0.1901522E+02  0.1216253E+02  0.1745570E+02
  0.3661651E+02  0.2109823E+02  0.1501232E+02
  0.1840825E+02  0.1008408E+01  0.2683485E+01
  0.3780549E+02  0.9792296E+00  0.2045220E+02
  0.2800138E+02  0.1606479E+02  0.2076565E+02
  0.2593642E+02  0.3398254E+01  0.1227950E+02
  0.4683720E+02  0.4796623E+01  0.2168831E+02
  0.3564672E+02  0.5227888E+01  0.1799860E+02
  0.3142932E+02  0.1950532E+02  0.7196237E+01
  0.2423131E+02  0.1863539E+02  0.1040055E+02
  0.3549115E+02  0.1217084E+02  0.7457300E+01
  0.1830964E+02  0.7023416E+01  0.2064204E+02
  0.4060568E+02  0.2068320E+02  0.1415084E+02
  0.2747876E+02  0.2085810E+02  0.9828930E+01
  0.2363180E+02  0.9588022E+01  0.1313850E+02
  0.1947355E+02  0.1882716E+02  0.1460155E+02
  0.1429976E+02  0.1436691E+02  0.5294689E+01
  0.2953057E+02  0.2015744E+02  0.1868928E+02
  0.2080440E+02  0.1023727E+02  0.1131574E+01
  0.4216523E+02  0.1593458E+02  0.1301365E+02
  0.3069827E+02  0.4609995E+01  0.2029433E+02
  0.4085193E+02  0.4901869E+01  0.1753276E+02
  0.2447119E+02  0.7563534E+01  0.1197561E+02
  0.2503429E+02  0.3643729E+01  0.4853832E+01
  0.1723919E+02  0.1754307E+02  0.1641374E+02
  0.2195181E+02  0.1647875E+02  0.2229204E+01
  0.3964169E+02  0.2856223E+01  0.6200320E+01
  0.3390626E+02  0.1378100E+02  0.4146231E+01
  0.3832244E+02  0.1520230E+02  0.9941788E+01
  0.3181105E+02  0.1737537E+02  0.1631117E+02
  0.2539251E+02  0.2075414E+02  0.1109055E+02
  0.3446054E+02  0.1164902E+02  0.9663455E+01
  0.3110847E+02  0.1323918E+02  0.4793271E+00
  0.3991375E+02  0.4867395E+01  0.3673940E+01
  0.3049591E+02  0.6352986E+01  0.2723135E+01
  0.2842283E+02  0.1513257E+02  0.6801320E+01
  0.3582439E+02  0.2890785E+01  0.1652562E+02
  0.1241067E+02  0.8042214E+01  0.5756497E+01
  0.4058498E+02  0.6465271E+01  0.1097757E+02
  0.4522847E+02  0.4018649E+01  0.1790861E+02
  0.3249689E+02  0.8195194E+01  0.7573087E+01
  0.3903076E+02  0.3206831E+00  0.4514561E+01
  0.4906802E+02  0.2841423E+01  0.6465213E+01
  0.3695450E+02  0.2113549E+02  0.9632920E+01
  0.1658445E+02  0.9942023E+01  0.1498376E+02
  0.2733672E+02  0.4020230E+01  0.5828858E+01
  0.2333277E+02  0.2046892E+02  0.3038981E+01
  0.1868761E+02  0.3117959E+01  0.1174392E+02
  0.2710220E+02  0.1729820E+02  0.1371817E+02
  0.3237500E+02  0.5607878E+01  0.4086519E+01
  0.2975165E+02  0.2049449E+02  0.1317413E+02
  0.2323028E+02  0.2238300E+00  0.1968885E+02
  0.2424370E+02  0.9851466E+01  0.1769741E+02
  0.3338595E+02  0.9589756E+01  0.9500825E+01
  0.2812257E+02  0.3798457E+01  0.1728058E+02
  0.4416067E+02  0.5882283E+01  0.1212909E+02
  0.3932957E+02  0.9655657E+01  0.3255533E+01
  0.4147228E+02  0.1018450E+02  0.1109177E+02
  0.2591840E+02  0.4470608E+01  0.1451970E+02
  0.2831532E+02  0.5527819E+01  0.2089145E+02
  0.4967460E+02  0.1992821E+02  0.2147629E+02
  0.2368997E+02  0.1684375E+02  0.7162413E+01
  0.2910387E+02  0.1266349E+02  0.1666168E+01
  0.3005927E+02  0.1630204E+02  0.1769044E+02
  0.2701854E+02  0.1381467E+01  0.1319401E+02
  0.3929978E+02  0.1902424E+02  0.8593007E+01
  0.2038370E+02  0.3312691E+00  0.1730336E+02
  0.4736829E+02  0.1822170E+02  0.1178121E+02
  0.4579508E+02  0.2019478E+02  0.4127987E+01
  0.2686648E+02  0.1257204E+02  0.3882993E+01
  0.4176746E+02  0.5681653E+01  0.1432575E+02
  0.2220576E+02  0.1211855E+02  0.1327047E+02
  0.3901182E+02  0.6963882E+01  0.1876855E+02
  0.3474667E+02  0.4307700E+01  0.6629500E+01
  0.2548920E+02  0.1505801E+02  0.1032784E+02
  0.2127344E+02  0.3419342E+01  0.1968635E+02
  0.2181063E+02  0.6880616E+01  0.1166341E+02
  0.1135852E+02  0.2061885E+02  0.5510365E+01
  0.3829022E+02  0.1364686E+02  0.1548050E+02
  0.2344904E+02  0.1637861E+02  0.1005796E+02
  0.1116428E+02  0.6838757E+01  0.2727406E+01
  0.3621188E+02  0.1199427E+02  0.1496407E+01
  0.3026971E+02  0.4331425E+01  0.1770515E+02
  0.5426773E+02  0.1559509E+02  0.1387907E+02
  0.1537116E+02  0.1149818E+02  0.2918770E+01
  0.1526428E+02  0.4995551E+01  0.1639645E+02
  0.4122331E+02  0.2036144E+02  0.4328442E+01
  0.3281004E+02  0.1982234E+02  0.2004384E+00
  0.2875695E+02  0.1825227E+02  0.4378111E+01
  0.1278204E+02  0.4434416E+01  0.1230002E+02
  0.5208287E+02  0.1697548E+02  0.6837236E+01
  0.3762412E+02  0.5929084E+01  0.1697217E+02
  0.2976161E+02  0.6437059E+00  0.6472002E+01
  0.1343254E+02  0.7032312E+01  0.3671831E+01
  0.4086893E+02  0.1830619E+01  0.2016368E+02
  0.3351731E+02  0.6853540E+01  0.1416236E+02
  0.3415437E+02  0.1875585E+02  0.2147965E+01
  0.2672278E+02  0.8558595E+01  0.1414041E+02
  0.2837353E+02  0.2149123E+02  0.2045842E+02
  0.3859605E+02  0.1264584E+02  0.1034102E+02
  0.2481211E+02  0.9164842E+01  0.5949869E+01
  0.1193688E+02  0.1777269E+02  0.3401737E+01
  0.4040087E+02  0.2378793E+01  0.1270323E+02
  0.1544570E+02  0.6763515E+01  0.9347574E+01
  0.2933329E+02  0.1808145E+02  0.2049968E+01
  0.3214893E+02  0.1990586E+02  0.3520009E+01
  0.2846811E+02  0.1923160E+02  0.1141460E+02
  0.4056108E+02  0.1210138E+02  0.1777021E+02
  0.3283784E+02  0.1733298E+02  0.1847992E+02
  0.2659082E+02  0.7802415E+01  0.4960752E+01
  0.1789413E+02  0.1265641E+02  0.1966541E+02
  0.2336986E+02  0.1279829E+02  0.1948017E+02
  0.2700589E+02  0.1885554E+01  0.4489648E+01
  0.5069335E+02  0.2167690E+02  0.1112992E+02
  0.3569809E+02  0.2052542E+02  0.1270272E+02
  0.2328405E+02  0.9611483E+01  0.1551036E+02
  0.3363929E+02  0.1578125E+02  0.2090688E+02
  0.3911145E+02  0.1523845E+02  0.3499704E+01
  0.3436529E+02  0.8056371E+01  0.3068758E+01
  0.3848178E+02  0.1778174E+02  0.1254626E+02
  0.2881779E+02  0.2603744E+01  0.7897097E+00
  0.3680266E+02  0.1819411E+02  0.9191045E+01
  0.2477111E+02  0.1131626E+02  0.4019792E+01
  0.3434848E+02  0.1719056E+02  0.5327123E+01
  0.4059455E+02  0.1807572E+02  0.1403472E+02
  0.2803029E+02  0.3195342E+01  0.1411028E+02
  0.1841596E+02  0.1925283E+02  0.6896279E+01
  0.4283135E+02  0.5678234E+01  0.5740513E-01
  0.4975045E+02  0.8089223E+01  0.3505340E+01
  0.2613916E+02  0.1834888E+02  0.2056981E+02
  0.3531403E+02  0.1118021E+02  0.2119100E+02
  0.2059311E+02  0.2795991E+01  0.1821786E+01
  0.3791977E+02  0.8442452E+01  0.8101268E+01
  0.3834798E+02  0.1704402E+02  0.4696207E+01
  0.2004576E+02  0.1318663E+02  0.2030608E+02
  0.1976050E+02  0.3895523E+01  0.1692012E+02
  0.1866301E+02  0.1538332E+02  0.4394876E+01
  0.4327394E+02  0.1591458E+02  0.4375538E+01
  0.2522543E+02  0.1594975E+02  0.1453645E+02
  0.3087792E+02  0.7702557E+00  0.1269163E+02
  0.2036570E+02  0.5008259E+01  0.1192178E+02
  0.3700452E+02  0.2350547E+01  0.7256780E+01
  0.3344011E+02  0.1765188E+02  0.1280830E+02
  0.4334377E+02  0.1066731E+02  0.2247711E+01
  0.3184619E+02  0.1411396E+01  0.1493703E+02
  0.1378484E+02  0.1987188E+02  0.5327922E+01
  0.2616683E+02  0.1429566E+02  0.8096422E+01
  0.2640602E+02  0.1674566E+02  0.1886129E+02
  0.3507179E+02  0.1445000E+02  0.9608248E+01
  0.3313620E+02  0.1530834E+02  0.6912275E+01
  0.4533803E+02  0.9394185E+01  0.2993823E+01
  0.2615581E+02  0.1586343E+02  0.1889613E+01
  0.3888589E+02  0.2976289E+01  0.1452627E+02
  0.2717878E+02  0.1848463E+02  0.1592322E+02
  0.3089085E+02  0.1077056E+02  0.1859876E+02
  0.1894618E+02  0.1208438E+02  0.4719282E+01
  0.4394674E+02  0.1806194E+02  0.1716384E+02
  0.5311106E+02  0.1640266E+02  0.4587306E+01
  0.4816597E+02  0.1021155E+02  0.1729272E+02
  0.2705662E+02  0.6750440E+01  0.2622523E+01
  0.4266884E+02  0.1107861E+02  0.1744987E+02
  0.4558725E+02  0.4067431E+01  0.1310865E+02
  0.3809710E+02  0.1583381E+02  0.1669465E+02
  0.2098199E+02  0.1936804E+02  0.2014333E+02
  0.4033658E+02  0.2057310E+02  0.1769955E+02
  0.3160399E+02  0.1695431E+02  0.2048323E+02
  0.4613870E+02  0.8550565E+01  0.6532724E+01
  0.4152485E+02  0.2861253E+01  0.1671913E+02
  0.3797488E+02  0.6965618E+01  0.2084687E+02
  0.2387078E+02  0.3830859E+01  0.2733688E+01
  0.2211290E+02  0.7239650E+01  0.7197596E+01
  0.3125281E+02  0.1717950E+02  0.1180904E+02
  0.3166506E+02  0.1152345E+02  0.1522968E+02
  0.2076584E+02  0.6324487E+01  0.1150395E+01
  0.3684699E+02  0.3608785E+01  0.5222463E+01
  0.1785664E+02  0.2033373E+02  0.4961549E+01
  0.1784813E+02  0.1374139E+02  0.1508838E+02
  0.1683166E+02  0.7698821E+01  0.7069244E+01
  0.2308516E+02  0.1481010E+02  0.2094444E+02
  0.4564870E+02  0.1439423E+02  0.2080309E+02
  0.3348487E+02  0.1161071E+02  0.1978677E+02
  0.1742872E+02  0.1620343E+02  0.1447887E+02
  0.3093276E+02  0.1500700E+02  0.5775601E+01
  0.4470025E+02  0.2055110E+02  0.1693684E+02
  0.3528809E+02  0.1504334E+02  0.2668204E+01
  0.1237193E+02  0.1030056E+02  0.6389567E+01
  0.2935305E+02  0.1490343E+02  0.2919042E+01
  0.3309465E+02  0.7890353E+01  0.1190088E+01
  0.2734859E+02  0.1492801E+00  0.6116785E+01
  0.2223860E+02  0.2229733E+01  0.2169528E+02
  0.3410266E+02  0.2124723E+02  0.2696082E+01
  0.4781694E+02  0.1005977E+02  0.6237935E+01
  0.2711809E+02  0.9343414E+00  0.8436895E+01
  0.1307397E+02  0.1943635E+02  0.2266652E+01
  0.2940147E+02  0.1533211E+02  0.1025225E+02
  0.2135056E+02  0.1073550E+02  0.6044997E+01
  0.2538408E+02  0.1893437E+02  0.1373051E+01
  0.1052852E+02  0.1258145E+02  0.8976015E+01
  0.2571612E+02  0.3847820E+00  0.1522840E+02
  0.2527074E+02  0.5536094E+01  0.8359259E+00
  0.3793959E+02  0.1343642E+02  0.4698977E+01
  0.3559104E+02  0.1093575E+02  0.1242717E+02
  0.4737274E+02  0.1888139E+02  0.2083082E+02
  0.2965688E+02  0.1299540E+02  0.6534768E+01
  0.3614831E+02  0.2105850E+02  0.7907041E+00
  0.1385608E+02  0.1136783E+02  0.1038195E+02
  0.3891555E+02  0.2703485E+01  0.3928477E+01
  0.1467069E+02  0.2157939E+02  0.2038132E+00
  0.5057944E+02  0.1847989E+02  0.1529174E+02
  0.3728670E+02  0.8524726E+01  0.1026049E+02
  0.3015001E+02  0.1464597E+01  0.1856123E+02
  0.1675751E+02  0.4924669E+01  0.1452979E+02
  0.1768931E+02  0.1042009E+02  0.1269499E+02
  0.4160296E+02  0.3758062E+01  0.6663420E+01
  0.4314838E+02  0.1505851E+02  0.6828167E+01
  0.2359493E+02  0.5661647E+01  0.1054446E+02
  0.3616765E+02  0.1287357E+02  0.1111321E+02
  0.4298760E+02  0.7055152E+01  0.1614261E+02
  0.3304093E+02  0.3192607E+01  0.1628731E+02
  0.3910686E+02  0.1133968E+02  0.4938434E+01
  0.2554077E+02  0.1414547E+02  0.1272557E+02
  0.3402134E+02  0.1197298E+01  0.1026849E+02
  0.4984941E+02  0.7279350E+01  0.1196233E+02
  0.2309060E+02  0.3641223E+01  0.6479514E+01
  0.4803040E+02  0.1614938E+02  0.5472880E+01
  0.4192083E+02  0.1115278E+02  0.2135254E+02
  0.4095482E+02  0.6237609E+01  0.7067340E+01
  0.3109883E+02  0.1474935E+02  0.8402636E+01
  0.4819022E+02  0.2025818E+02  0.1616944E+01
  0.4270258E+02  0.3449208E+01  0.1011746E+02
  0.4529880E+02  0.1244883E+02  0.1798479E+02
  0.2250216E+02  0.1444400E+02  0.2683345E+01
  0.2927060E+02  0.3016053E+01  0.6506221E+01
  0.1340046E+02  0.1982697E+02  0.1701249E+02
  0.1713871E+02  0.7120773E+01  0.2304547E+01
  0.2289473E+02  0.1126565E+02  0.1130937E+02
  0.4361774E+02  0.2026497E+02  0.2958864E+01
  0.1883442E+02  0.8582236E+01  0.5891926E+01
  0.4082295E+02  0.1495734E+02  0.2030851E+02
  0.2740845E+02  0.1027085E+02  0.7879276E+01
  0.1884915E+02  0.1395127E+02  0.8767349E+00
  0.5153408E+02  0.2722886E+01  0.3589893E+01
  0.3359488E+02  0.1647141E+02  0.1498009E+01
  0.4184146E+02  0.3333254E+01  0.1430736E+02
  0.3073739E+02  0.8121922E+01  0.1156676E+02
  0.2429715E+02  0.1458452E+02  0.1662364E+02
  0.1983402E+02  0.2121006E+02  0.1409694E+02
  0.2804463E+02  0.5202654E+01  0.9203070E+01
  0.2202997E+02  0.2057594E+02  0.1815995E+02
  0.3898225E+02  0.1775512E+02  0.4897343E+00
  0.2077304E+02  0.4276118E+01  0.5495449E+01
  0.3905776E+02  0.1016807E+02  0.1096069E+02
  0.3590173E+02  0.6455501E+01  0.2758696E+01
  0.2847124E+02  0.1984301E+01  0.2010661E+02
  0.1739531E+02  0.1967796E+02  0.1492341E+02
  0.3535023E+02  0.1486512E+02  0.5959677E+01
  0.3124920E+02  0.1661511E+02  0.2306309E+01
  0.3280820E+02  0.1322914E+02  0.8122403E+01
  0.4533105E+02  0.2085346E+02  0.1368279E+02
  0.3901927E+02  0.8908698E+01  0.6273110E-02
  0.1474066E+02  0.1537666E+02  0.8467143E+01
  0.4412213E+02  0.1659591E+02  0.1912567E+02
  0.4570140E+02  0.1007965E+02  0.1717745E+02
  0.3706815E+02  0.9922306E+01  0.2463576E+01
  0.2927037E+02  0.1221388E+02  0.2089749E+02
  0.4606741E+02  0.3228245E+00  0.5831609E+01
  0.3341230E+02  0.9007477E+01  0.1509616E+02
  0.3614428E+02  0.1859410E+02  0.1889394E+02
  0.3441445E+02  0.7017489E+01  0.1191205E+02
  0.2330781E+02  0.1057361E+02  0.8713072E+00
  0.2268785E+02  0.1882354E+02  0.2151722E+02
  0.4280996E+02  0.1472872E+02  0.1505678E+02
  0.3006786E+02  0.1524079E+02  0.1985394E+02
  0.3110518E+02  0.1725523E+02  0.8055955E+01
  0.3353682E+02  0.2041568E+02  0.1722290E+02
  0.3880834E+02  0.1531301E+02  0.6365089E+01
  0.1846001E+02  0.2155440E+02  0.1595842E+02
  0.2625185E+02  0.1873080E+02  0.1224153E+02
  0.4097913E+02  0.9271801E+01  0.2014545E+02
  0.2099591E+02  0.9568885E+01  0.1551554E+02
  0.3084786E+02  0.2004008E+02  0.1552010E+01
  0.3099154E+02  0.4732517E+01  0.1005398E+01
  0.2224069E+02  0.4471872E+01  0.1764066E+02
  0.3558467E+02  0.1563119E+02  0.1534865E+02
  0.3399784E+02  0.2689418E+00  0.7976768E+01
  0.4886635E+02  0.1205352E+02  0.1843250E+02
  0.3194152E+02  0.1449878E+02  0.1770658E+02
  0.4085677E+02  0.7388198E+00  0.7935698E+01
  0.3213950E+02  0.1135001E+02  0.1193899E+01
  0.3670695E+02  0.1125326E+02  0.1930226E+02
  0.1635102E+02  0.1422578E+02  0.9861146E+01
  0.2246223E+02  0.1311542E+02  0.1740113E+02
  0.2468981E+02  0.2360694E+01  0.2104027E+02
  0.3193144E+02  0.6285659E+01  0.1746894E+02
  0.4374378E+02  0.3937915E+01  0.7795970E+01
  0.3984592E+02  0.4917436E+01  0.9046687E+01
  0.3502779E+02  0.2492732E+01  0.8424001E+01
  0.1137373E+02  0.1370158E+02  0.1778636E+02
  0.3895263E+02  0.2116365E+02  0.1585307E+02
  0.1933320E+02  0.1619286E+02  0.8378029E+00
  0.5012410E+02  0.1073711E+02  0.1104198E+01
  0.2532229E+02  0.1253673E+02  0.1646060E+02
  0.2830224E+02  0.1132963E+02  0.1865285E+02
  0.2882667E+02  0.1306852E+02  0.1488534E+02
  0.2208608E+02  0.2069066E+02  0.1127026E+01
  0.1717770E+02  0.3546854E+01  0.9824780E+01
  0.3262594E+02  0.7453351E+01  0.1050776E+02
  0.3123278E+02  0.9269645E+01  0.1475776E+02
  0.1652652E+02  0.8661351E+00  0.2051766E+02
  0.4358991E+02  0.1148542E+02  0.1152706E+02
  0.1026355E+02  0.1634162E+02  0.2587278E+01
  0.2562176E+02  0.1332417E+02  0.1967435E+02
  0.3589859E+02  0.2012378E+02  0.1679260E+02
  0.2043108E+02  0.1946902E+02  0.2466661E+01
  0.4570613E+02  0.2813862E+00  0.8274362E+01
  0.3295758E+02  0.7728170E+01  0.5215556E+01
  0.2111494E+02  0.2415417E+00  0.2088311E+02
  0.3354654E+02  0.2152214E+02  0.1383272E+02
  0.3280474E+02  0.1022553E+02  0.4737822E+01
  0.3871418E+02  0.4610181E+01  0.2106780E+02
  0.1637334E+02  0.1180162E+02  0.7159511E+01
  0.4334740E+02  0.1779285E+02  0.2066203E+02
  0.5314135E+02  0.7851248E+01  0.1493353E+02
  0.4851966E+02  0.6326415E+00  0.5383808E+01
  0.3053715E+02  0.1742262E+02  0.5850167E+01
  0.5050647E+02  0.1108044E+02  0.1187645E+02
  0.3393140E+02  0.1978436E+01  0.1797851E+02
  0.3364154E+02  0.8244570E+01  0.1745397E+02
  0.1577123E+02  0.2168417E+01  0.8267594E+01
  0.3937445E+02  0.1076489E+02  0.1624936E+02
  0.3508844E+02  0.2140686E+02  0.5063562E+01
  0.2986727E+02  0.6561014E+01  0.1011380E+02
  0.1751495E+02  0.8655002E+01  0.3885943E+01
  0.3931244E+02  0.5300179E+01  0.1508107E+02
  0.3700061E+02  0.2143613E+02  0.1841775E+02
  0.2247516E+02  0.3606846E+01  0.1176631E+02
  0.2768931E+02  0.9605743E+01  0.1184748E+02
  0.2217177E+02  0.5728008E+01  0.1583075E+02
  0.2945698E+02  0.1696816E+02  0.1373933E+02
  0.4288113E+02  0.2931192E+01  0.2084558E+02
  0.2905944E+02  0.9775141E+01  0.1393224E+02
  0.4167997E+02  0.9662494E+01  0.3909647E+01
  0.3167233E+02  0.1933606E+02  0.1963483E+02
  0.3106737E+02  0.1927507E+00  0.4693533E+01
  0.5299485E+02  0.2054555E+02  0.1971001E+02
  0.3333326E+02  0.1612863E+02  0.1476552E+02
  0.1293964E+02  0.9606411E+01  0.1325988E+02
  0.3395461E+02  0.2979190E+01  0.1159513E+02
  0.4613712E+02  0.5842201E+01  0.1553433E+02
  0.4500522E+02  0.8885637E+01  0.1041075E+02
  0.1983796E+02  0.1209325E+02  0.8901867E+01
  0.3402759E+02  0.1633133E+00  0.2098409E+02
  0.3871377E+02  0.5200022E+01  0.5828542E+01
  0.3409661E+02  0.1545200E+02  0.1218101E+02
  0.1760800E+02  0.6155254E+00  0.6453738E+01
  0.4405917E+02  0.1731344E+02  0.1013551E+02
  0.5291660E+02  0.2010022E+02  0.1420824E+02
  0.3294452E+02  0.2165675E+02  0.1912074E+02
  0.3110820E+02  0.7154629E+01  0.1339072E+02
  0.3787150E+02  0.1760174E+02  0.2012529E+02
  0.2849355E+02  0.4994961E+01  0.3776140E+01
  0.1306533E+02  0.5997920E+01  0.1677661E+02
  0.3014781E+02  0.1168620E+02  0.8647158E+01
  0.2520564E+02  0.1255330E+02  0.1888834E+01
  0.2691329E+02  0.7402791E+01  0.1982719E+02
  0.2935517E+02  0.1450686E+00  0.8770575E+00
  0.1810202E+02  0.3134714E+01  0.1517013E+02
  0.3876374E+02  0.1070679E+02  0.1995040E+02
  0.4413478E+02  0.2521081E+01  0.1429246E+02
  0.4900309E+02  0.5894480E+01  0.2164961E+02
  0.3595769E+02  0.1465533E+02  0.2067966E+02
  0.4555233E+02  0.5583148E+01  0.3383839E+01
  0.1848767E+02  0.1268710E+02  0.1309719E+02
  0.3374617E+02  0.1985915E+02  0.6687456E+01
  0.3324568E+02  0.5485443E+01  0.1829111E+01
  0.4420084E+02  0.3356746E+01  0.2806692E+01
  0.4170123E+02  0.1867915E+02  0.1771089E+02
  0.1234949E+02  0.2095613E+02  0.1070123E+02
  0.2292270E+02  0.5489923E+01  0.1982059E+02
  0.2423502E+02  0.1795905E+02  0.1345953E+02
  0.1076056E+02  0.2846835E+01  0.6549692E+01
  0.9296219E+01  0.1112005E+02  0.1714482E+02
  0.2572865E+02  0.2085420E+02  0.2921016E+01
  0.2505857E+02  0.1221451E+02  0.1152865E+02
  0.2911353E+02  0.2167117E+02  0.1715618E+02
  0.4615806E+02  0.4115356E+01  0.7784985E+01
  0.2830295E+02  0.1098723E+02  0.9911859E+01
  0.3524460E+02  0.4037427E+01  0.2251665E+01
  0.2589651E+02  0.1057241E+02  0.1312420E+02
  0.3036166E+02  0.3341820E+01  0.2689003E+01
  0.2919529E+02  0.1474975E+02  0.1329339E+02
  0.3147686E+02  0.6729224E+01  0.1991879E+02
  0.4901690E+02  0.1772072E+02  0.1707510E+02
  0.3527808E+02  0.3514426E+01  0.1987533E+02
  0.3162188E+02  0.1961256E+01  0.9681989E+01
  0.4118313E+02  0.1600689E+02  0.7789740E+01
  0.5069467E+02  0.1684554E+01  0.1736439E+00
  0.3533947E+02  0.1444483E+02  0.1757081E+02
  0.3083257E+02  0.8616620E+01  0.1702599E+02
  0.3945836E+02  0.2417051E+01  0.9477590E+01
  0.9918852E+01  0.8302317E+01  0.2105923E+02
  0.4271274E+02  0.1962371E+02  0.1071131E+02
  0.1586343E+02  0.7878333E+01  0.1588855E+02
  0.1498911E+02  0.1876645E+02  0.9876660E+01
  0.2329021E+02  0.1348085E+00  0.5911343E+01
  0.1450504E+02  0.1310240E+02  0.2161029E+02
  0.3459061E+02  0.1225812E+02  0.1400365E+02
  0.1454697E+02  0.1496235E+02  0.1528488E+02
  0.2280234E+02  0.9067910E+01  0.4682569E+01
  0.3370094E+02  0.1283148E+02  0.1784625E+02
  0.2753937E+02  0.1459158E+02  0.1165744E+02
  0.4038741E+02  0.1241217E+02  0.2035872E+02
  0.1648365E+02  0.2113898E+02  0.1755516E+02
  0.3933310E+02  0.1817295E+01  0.1631344E+02
  0.1617613E+02  0.1591577E+02  0.1258504E+02
  0.2369502E+02  0.1943456E+02  0.5137563E+01
  0.4402245E+02  0.1493883E+01  0.5284077E+01
  0.2883515E+02  0.7242765E+01  0.1438821E+02
  0.2628844E+02  0.1653213E+02  0.6877930E+01
  0.4944789E+02  0.4264780E+00  0.1344152E+02
  0.9278199E+01  0.3919658E+01  0.8142227E+01
  0.2961384E+02  0.1655286E+01  0.1551645E+02
  0.2869720E+02  0.2831395E+01  0.8737606E+01
  0.4065172E+02  0.1811862E+02  0.6727271E+01
  0.3763704E+02  0.2001643E-01  0.1201216E+02
  0.3141272E+02  0.1142941E+01  0.2056097E+02
  0.5002428E+02  0.1263637E+02  0.4721995E+01
  0.5073003E+02  0.5340852E+01  0.1200755E+02
  0.2719129E+02  0.1781366E+02  0.8327528E+00
  0.1693273E+02  0.4900810E+01  0.1825020E+02
  0.3781171E+02  0.1542556E+02  0.5635956E+00
  0.2071004E+02  0.1762926E+02  0.8561998E+01
  0.2195552E+02  0.2024867E+02  0.6883607E+01
  0.3014410E+02  0.9382089E+01  0.7575148E+01
  0.4136769E+02  0.7498733E+01  0.1294081E+02
  0.3866452E+02  0.1542874E+02  0.1990017E+02
  0.3726637E+02  0.1197834E+02  0.1671944E+02
  0.1336454E+02  0.1639469E+02  0.1955394E+02
  0.3786751E+02  0.4793057E+00  0.2323161E+01
  0.2393911E+02  0.9732400E+01  0.9559819E+01
  0.1137474E+02  0.2695222E+01  0.2040633E+02
  0.2932824E+02  0.2096786E+02  0.3241499E+01
  0.2673450E+02  0.2170839E+02  0.1802583E+02
  0.2717054E+02  0.1639388E+02  0.3961482E+01
  0.2363668E+02  0.1045341E+02  0.2002114E+02
  0.2820916E+02  0.1480123E+02  0.1003957E+01
  0.2080775E+02  0.7894082E+01  0.4818057E+01
  0.4897449E+02  0.4605800E+01  0.1319381E+02
  0.1438023E+02  0.1238165E+02  0.1553331E+02
  0.1328892E+02  0.7150309E+01  0.1015041E+02
  0.3710788E+02  0.3055290E+01  0.2106845E+02
  0.3099363E+02  0.4771441E+01  0.7718115E+01
  0.4078463E+02  0.1275849E+02  0.1550912E+02
  0.4023609E+02  0.2016478E+02  0.2000988E+01
  0.2479895E+02  0.4544659E+01  0.2033643E+02
  0.1885761E+02  0.1626416E+02  0.2013779E+02
  0.3606896E+02  0.1699644E+02  0.3654341E+01
  0.4467585E+02  0.9465759E+00  0.2788022E+01
  0.4501899E+02  0.2084617E+02  0.1009808E+02
  0.4642159E+02  0.1271567E+02  0.1698436E+01
  0.3832239E+02  0.7038921E+01  0.1187872E+02
  0.4943084E+02  0.2190552E+01  0.1726177E+02
  0.2655450E+02  0.2109736E+01  0.1670930E+02
  0.4919258E+02  0.1549339E+01  0.9712167E+01
  0.4750852E+02  0.1617881E+02  0.1557946E+02
  0.5147599E+02  0.2065050E+02  0.1602910E+02
  0.5162631E+02  0.2097065E+02  0.4313212E+01
  0.5135953E+02  0.1311967E+02  0.1728490E+02
  0.3958086E+02  0.3402879E+00  0.4732693E+00
  0.3620699E+02  0.1396666E+02  0.1407517E+02
  0.4424939E+02  0.1812312E+02  0.1199287E+01
  0.3212614E+02  0.1390670E+02  0.2015303E+02
  0.4018181E+02  0.1975098E+02  0.2135794E+02
  0.4841762E+02  0.1597940E+02  0.1090903E+02
  0.5406301E+02  0.1640391E+02  0.2317515E+01
  0.5490151E+02  0.1109955E+02  0.1426353E+02
  0.4605289E+02  0.1961673E+02  0.7251134E+00
  0.5262188E+02  0.1480443E+02  0.1581529E+02
  0.5704336E+02  0.2152844E+02  0.2115248E+02
  0.5695096E+02  0.1890732E+02  0.2337807E+01
  0.5129103E+02  0.1649933E+02  0.2794633E+01
  0.5569315E+02  0.2016506E+02  0.7918357E+00
  0.5846434E+02  0.1261385E+01  0.1017887E+01
  0.5844205E+02  0.2014664E+02  0.3710555E+01
  0.5389143E+02  0.2560924E+01  0.4277983E+01
  0.5985968E+02  0.1866495E+02  0.2149476E+02
  0.6235315E+02  0.2145566E+02  0.2109580E+02
  0.6241880E+02  0.1868785E+02  0.2390720E+01
  0.5983428E+02  0.2135515E+02  0.2300077E+01
  0.6090913E+02  0.2001166E+02  0.9345750E+00
  0.6391256E+02  0.9738193E+00  0.6098530E+00
  0.6396761E+02  0.2021907E+02  0.3462365E+01
  0.6110381E+02  0.9816479E+00  0.3608429E+01
  0.4354465E+02  0.5666818E+01  0.9652728E+01
  0.3263133E+02  0.1389749E+02  0.1355112E+02
  0.3956000E+02  0.9860762E+01  0.8509602E+01
  0.3992892E+02  0.6952299E+01  0.2354930E+01
  0.5386856E+02  0.1907935E+02  0.2125176E+02
  0.5093238E+02  0.1050477E+02  0.5036064E+01
  0.5072718E+02  0.4075316E+01  0.5375491E+01
  0.3209588E+02  0.3089715E+01  0.1916504E+02
  0.4722335E+02  0.1785997E+01  0.2025163E+02
  0.4713389E+02  0.3939354E+01  0.3913840E+01
  0.4798946E+02  0.1855114E+02  0.8035464E+01
  0.4105857E+02  0.1643805E+02  0.4657777E+00
  0.4632362E+02  0.2589161E+01  0.1139694E+02
  0.5424754E+02  0.1047456E+02  0.2387598E+01
  0.4678820E+02  0.1273904E+02  0.1515519E+02
  0.5231193E+02  0.1594210E+02  0.1256161E+02
  0.5411522E+02  0.2436726E+01  0.2119292E+02
  0.5705516E+02  0.5157776E+01  0.2094999E+02
  0.5691563E+02  0.2767516E+01  0.2155651E+01
  0.5454788E+02  0.1054772E+02  0.1910053E+02
  0.5553718E+02  0.3829326E+01  0.5927685E+00
  0.5829616E+02  0.6500088E+01  0.6574635E+00
  0.5867772E+02  0.3922271E+01  0.3287979E+01
  0.5586900E+02  0.6346236E+01  0.3839630E+01
  0.5964950E+02  0.2321371E+01  0.2103468E+02
  0.6240597E+02  0.5157476E+01  0.2111887E+02
  0.6268067E+02  0.2056605E+01  0.2265422E+01
  0.5988497E+02  0.5065238E+01  0.1674434E+01
  0.6134714E+02  0.3463476E+01  0.7507230E+00
  0.6363969E+02  0.6453714E+01  0.7402074E+00
  0.6394664E+02  0.3941396E+01  0.3487320E+01
  0.6098209E+02  0.6484639E+01  0.3438773E+01
  0.4933521E+02  0.2085915E+02  0.1922287E+02
  0.4175410E+02  0.1652872E+02  0.1017387E+02
  0.4852000E+02  0.1270123E+02  0.1139905E+02
  0.4706096E+02  0.4032072E+01  0.1938008E+02
  0.4496765E+02  0.1460930E+02  0.1243123E+02
  0.4669346E+02  0.1791668E+02  0.4215029E+01
  0.4209867E+02  0.8691926E+01  0.1785133E+02
  0.3095354E+02  0.1875217E+02  0.1429483E+02
  0.5202074E+02  0.5457502E+01  0.1602327E+02
  0.4535027E+02  0.9996473E+01  0.8248051E+01
  0.5133439E+02  0.1026835E+02  0.1913650E+02
  0.3675622E+02  0.8980253E+01  0.1826754E+02
  0.4995519E+02  0.8324805E+01  0.4676452E+00
  0.4770675E+02  0.1590474E+02  0.1838479E+02
  0.5062999E+02  0.1835980E+02  0.9531220E+01
  0.5073887E+02  0.1252963E+02  0.1974997E+02
  0.5441504E+02  0.8197658E+01  0.2093295E+02
  0.5725310E+02  0.1075362E+02  0.2115258E+02
  0.5692998E+02  0.7708608E+01  0.2142276E+01
  0.4753173E+02  0.1551225E+02  0.6026808E+00
  0.5580272E+02  0.9268180E+01  0.8875595E+00
  0.5876501E+02  0.1221802E+02  0.7025799E+00
  0.5822458E+02  0.9316067E+01  0.3197539E+01
  0.5560306E+02  0.1187481E+02  0.3458087E+01
  0.5974481E+02  0.7867221E+01  0.2093691E+02
  0.6265916E+02  0.1034024E+02  0.2110476E+02
  0.6247343E+02  0.7819369E+01  0.2020463E+01
  0.5979936E+02  0.1047057E+02  0.1917402E+01
  0.6112459E+02  0.9147087E+01  0.5726234E+00
  0.6377583E+02  0.1185939E+02  0.8023655E+00
  0.6377482E+02  0.9245946E+01  0.3533882E+01
  0.6093873E+02  0.1188306E+02  0.3461271E+01
  0.4929391E+02  0.1406696E+02  0.2112755E+02
  0.5009168E+02  0.3548266E+01  0.1618381E+01
  0.3509289E+02  0.1991694E+02  0.8840016E+01
  0.3933039E+02  0.3560044E+01  0.1917651E+02
  0.3639190E+02  0.3619975E+01  0.1143898E+02
  0.4189371E+02  0.1854721E+02  0.2047210E+01
  0.4444569E+02  0.1351033E+02  0.8056308E+01
  0.4255188E+02  0.7753384E+01  0.1053939E+02
  0.5226036E+02  0.6400047E+01  0.3053337E+01
  0.4623674E+02  0.1849840E+02  0.9745870E+01
  0.4394068E+02  0.9433818E+01  0.1895861E+02
  0.4834936E+02  0.4978991E+01  0.7373649E+01
  0.5144203E+02  0.4945532E+01  0.9660591E+01
  0.5438069E+02  0.5329364E+01  0.2156000E+01
  0.3629491E+02  0.5952642E+01  0.1212614E+02
  0.4303391E+02  0.1163661E+02  0.7541735E+01
  0.5467458E+02  0.1324830E+02  0.2134921E+02
  0.5679954E+02  0.1600477E+02  0.2164902E+02
  0.5716099E+02  0.1330174E+02  0.2304384E+01
  0.5427731E+02  0.1553615E+02  0.1788094E+02
  0.5559239E+02  0.1459142E+02  0.1065961E+01
  0.5839002E+02  0.1748196E+02  0.1202084E+01
  0.5869863E+02  0.1454859E+02  0.3769609E+01
  0.5107003E+02  0.1166000E+02  0.7637530E+01
  0.5949111E+02  0.1342719E+02  0.2073638E+02
  0.6234524E+02  0.1584607E+02  0.2109395E+02
  0.6231859E+02  0.1321614E+02  0.2016937E+01
  0.5985486E+02  0.1594951E+02  0.2106785E+01
  0.6090853E+02  0.1462844E+02  0.4630411E+00
  0.6363190E+02  0.1719962E+02  0.8020671E+00
  0.6357234E+02  0.1434910E+02  0.3691802E+01
  0.6108768E+02  0.1728949E+02  0.3686729E+01
  0.4980138E+02  0.8455993E+01  0.1715045E+02
  0.4908380E+02  0.2036311E+02  0.1501634E+02
  0.5472026E+02  0.1354576E+02  0.1104638E+02
  0.4809219E+02  0.2484291E+01  0.2454208E+01
  0.4511863E+02  0.7660975E+01  0.4506280E+01
  0.4181259E+02  0.1804816E+02  0.4477911E+01
  0.3741402E+02  0.2943324E+01  0.1985029E+01
  0.5354913E+02  0.9687334E+01  0.7038662E+01
  0.4835670E+02  0.1974779E+02  0.9985208E+01
  0.3944488E+02  0.1728024E+02  0.1032099E+02
  0.4839959E+02  0.1987671E+02  0.6077636E+01
  0.4467038E+02  0.6215723E+01  0.1753191E+02
  0.4516785E+02  0.6497918E+00  0.1200379E+02
  0.5284024E+02  0.1111733E+02  0.1734395E+02
  0.5561887E+02  0.1202857E+02  0.9211004E+01
  0.5414020E+02  0.2643627E+01  0.9868875E+01
  0.5172419E+02  0.1595576E+02  0.2042781E+02
  0.5685787E+02  0.2137213E+02  0.4911483E+01
  0.5704054E+02  0.1867635E+02  0.7911979E+01
  0.4686448E+02  0.2031411E+02  0.1902090E+02
  0.4145190E+02  0.1529564E+02  0.2545229E+01
  0.5826938E+02  0.8463931E+00  0.6211962E+01
  0.5838925E+02  0.2004108E+02  0.9253635E+01
  0.5594364E+02  0.1730889E+02  0.3669476E+01
  0.5993042E+02  0.1887337E+02  0.5087029E+01
  0.6240651E+02  0.2132047E+02  0.4939985E+01
  0.6244647E+02  0.1856968E+02  0.7722351E+01
  0.5970678E+02  0.2133752E+02  0.7906332E+01
  0.6113977E+02  0.2012091E+02  0.6390030E+01
  0.6379479E+02  0.1090477E+01  0.6115594E+01
  0.6372536E+02  0.2012987E+02  0.8881561E+01
  0.6105704E+02  0.1168755E+01  0.9223321E+01
  0.4218124E+02  0.1970338E+02  0.2022711E+02
  0.5088539E+02  0.1520108E+02  0.7133159E+00
  0.5047831E+02  0.1552245E+02  0.5669379E+01
  0.3717694E+02  0.1688635E+02  0.7342783E+01
  0.4225152E+02  0.3721481E+01  0.1479559E+01
  0.3553488E+02  0.5772923E+01  0.4957234E+01
  0.3325463E+02  0.1965010E+02  0.1502806E+02
  0.4506478E+02  0.6030416E+01  0.1155482E+01
  0.3815038E+02  0.9035248E+01  0.5634464E+01
  0.5577592E+02  0.1994685E+02  0.6365131E+01
  0.5395880E+02  0.2124415E+02  0.7200861E+01
  0.4818014E+02  0.7061156E+01  0.1561825E+02
  0.4465794E+02  0.6891675E+01  0.1428239E+02
  0.4690973E+02  0.2087728E+01  0.9135392E+01
  0.5265128E+02  0.3314710E+01  0.8242510E+01
  0.4877171E+02  0.4316295E+00  0.2133354E+02
  0.5326825E+02  0.2089433E+02  0.9536292E+01
  0.5746107E+02  0.5134847E+01  0.4982553E+01
  0.5709840E+02  0.2537567E+01  0.7596332E+01
  0.5365795E+02  0.7353128E+01  0.4862066E+01
  0.5582145E+02  0.3612705E+01  0.6126605E+01
  0.5844534E+02  0.6613566E+01  0.6634593E+01
  0.5843900E+02  0.4154406E+01  0.8848001E+01
  0.5516892E+02  0.6286816E+01  0.8863652E+01
  0.5975208E+02  0.2514410E+01  0.5055269E+01
  0.6246781E+02  0.5216603E+01  0.4772768E+01
  0.6239254E+02  0.2371980E+01  0.7809443E+01
  0.6023748E+02  0.5380113E+01  0.7554597E+01
  0.6137389E+02  0.3799902E+01  0.6185718E+01
  0.6386641E+02  0.6487472E+01  0.6102957E+01
  0.6392041E+02  0.3910575E+01  0.8990542E+01
  0.6139260E+02  0.6828603E+01  0.9004406E+01
  0.2958389E+02  0.4299766E+00  0.1047437E+02
  0.4702360E+02  0.9044605E+01  0.1469332E+02
  0.4471111E+02  0.9047444E+01  0.1519196E+02
  0.5137377E+02  0.1291493E+02  0.1635692E+01
  0.5251818E+02  0.5510779E+01  0.1378322E+02
  0.4588141E+02  0.1823458E+02  0.1388798E+02
  0.4658775E+02  0.1499658E+02  0.2755165E+01
  0.5446597E+02  0.2141306E+02  0.2384326E+01
  0.4823697E+02  0.7095527E+01  0.1707105E+01
  0.5326448E+02  0.6723987E+01  0.8118071E+00
  0.4419031E+02  0.1362963E+02  0.1058135E+02
  0.5271836E+02  0.8934623E+00  0.5558111E+01
  0.4782228E+02  0.4448094E+01  0.1104046E+02
  0.4043171E+02  0.1391869E+02  0.9312716E+01
  0.4097522E+02  0.1149587E+02  0.1318844E+02
  0.4985896E+02  0.9510997E+01  0.7926180E+01
  0.4958184E+02  0.5167676E+01  0.1614363E+02
  0.5684149E+02  0.1051474E+02  0.4676185E+01
  0.5674432E+02  0.7844248E+01  0.7639228E+01
  0.4778111E+02  0.7288649E+01  0.1324414E+02
  0.5545243E+02  0.8836358E+01  0.5884451E+01
  0.5813338E+02  0.1186653E+02  0.6166689E+01
  0.5810109E+02  0.9124135E+01  0.8805640E+01
  0.5568258E+02  0.1495513E+02  0.6384354E+01
  0.5921531E+02  0.7796810E+01  0.4537005E+01
  0.6221697E+02  0.1040727E+02  0.5157514E+01
  0.6238396E+02  0.7973951E+01  0.7421249E+01
  0.5945577E+02  0.1056425E+02  0.7515845E+01
  0.6047453E+02  0.9095381E+01  0.6135444E+01
  0.6362156E+02  0.1158136E+02  0.6320504E+01
  0.6393200E+02  0.8839902E+01  0.9040194E+01
  0.6107692E+02  0.1187238E+02  0.8649391E+01
  0.4214335E+02  0.1698628E+02  0.1580399E+02
  0.4351935E+02  0.4889797E+01  0.1958497E+02
  0.4358628E+02  0.1792537E+00  0.1510129E+02
  0.4332414E+02  0.2123227E+02  0.1906442E+02
  0.3198360E+02  0.1244564E+02  0.1027024E+02
  0.4452885E+02  0.1321926E+02  0.1435988E+02
  0.3086784E+02  0.1097322E+02  0.3515394E+01
  0.4376135E+02  0.1455881E+01  0.7562456E+01
  0.3432101E+02  0.1909502E+01  0.2884550E+01
  0.5324077E+02  0.1157576E+02  0.5314632E+01
  0.5305978E+02  0.1012202E+02  0.2099276E+02
  0.4471361E+02  0.1071854E+02  0.1347056E+02
  0.5028005E+02  0.1888164E+02  0.4293748E+01
  0.4556082E+02  0.1648670E+00  0.6119440E+00
  0.5073581E+02  0.1609210E+02  0.1029773E+02
  0.3723817E+02  0.1304563E+00  0.6065909E+01
  0.5293788E+02  0.5021449E+01  0.4995322E+01
  0.5735035E+02  0.1593081E+02  0.5086080E+01
  0.5706801E+02  0.1349470E+02  0.7696687E+01
  0.5442669E+02  0.1375942E+02  0.4534902E+01
  0.4874640E+02  0.5464986E+01  0.4975073E+01
  0.5856580E+02  0.1728008E+02  0.6496861E+01
  0.5867914E+02  0.1456278E+02  0.9187389E+01
  0.5547460E+02  0.1728964E+02  0.9171072E+01
  0.6000597E+02  0.1312572E+02  0.5247808E+01
  0.6237534E+02  0.1584932E+02  0.4995857E+01
  0.6239354E+02  0.1319523E+02  0.7372688E+01
  0.5977287E+02  0.1597168E+02  0.7799773E+01
  0.6100424E+02  0.1470558E+02  0.6339217E+01
  0.6369189E+02  0.1718102E+02  0.6493686E+01
  0.6369279E+02  0.1437318E+02  0.9021338E+01
  0.6114814E+02  0.1740878E+02  0.8941230E+01
  0.4560407E+02  0.1200602E+02  0.2130000E+02
  0.3123265E+02  0.1944890E+02  0.1663100E+02
  0.4599771E+02  0.3438566E+01  0.1559552E+02
  0.3572772E+02  0.8807139E+01  0.5394845E+01
  0.4575448E+02  0.7890033E+01  0.1844524E+02
  0.5267941E+02  0.1357309E+02  0.1233984E+02
  0.4121097E+02  0.1168656E+02  0.5631510E+01
  0.5072945E+02  0.2077392E+02  0.8958384E+01
  0.4302300E+02  0.9354636E+01  0.7303404E+01
  0.4615253E+02  0.5812827E+01  0.9692826E+01
  0.4919634E+02  0.1680350E+02  0.1458579E+01
  0.4695681E+02  0.1231125E+02  0.5312936E+01
  0.4929243E+02  0.1893071E+02  0.1310490E+02
  0.5192383E+02  0.1360582E+02  0.6202455E+01
  0.5555812E+02  0.1009160E+01  0.8704967E+01
  0.4066689E+02  0.3796588E+01  0.1105733E+02
  0.5404354E+02  0.1887280E+02  0.1046489E+02
  0.5694596E+02  0.2145753E+02  0.1021210E+02
  0.5686122E+02  0.1894294E+02  0.1305046E+02
  0.5087986E+02  0.8479002E+01  0.1005049E+02
  0.5565591E+02  0.2029024E+02  0.1166664E+02
  0.5831684E+02  0.1210384E+01  0.1164219E+02
  0.5815378E+02  0.2011984E+02  0.1443746E+02
  0.5573761E+02  0.1182163E+01  0.1449890E+02
  0.5983651E+02  0.1868608E+02  0.1038800E+02
  0.6251548E+02  0.2145773E+02  0.1046051E+02
  0.6231910E+02  0.1870169E+02  0.1311709E+02
  0.5955048E+02  0.2148525E+02  0.1293003E+02
  0.6105526E+02  0.2001822E+02  0.1179332E+02
  0.6401504E+02  0.1278762E+01  0.1144941E+02
  0.6359526E+02  0.2015562E+02  0.1442356E+02
  0.6111351E+02  0.8793018E+00  0.1425423E+02
  0.3352792E+02  0.1218280E+02  0.5999059E+01
  0.4809994E+02  0.1625521E+02  0.8424489E+01
  0.4556725E+02  0.8447337E+01  0.8926418E+00
  0.4629582E+02  0.1010823E+02  0.1184678E+02
  0.5106425E+02  0.4548898E+01  0.1980232E+02
  0.5091749E+02  0.8112501E+01  0.1389294E+02
  0.3737107E+02  0.1393321E+02  0.2347244E+01
  0.3721578E+02  0.1365148E+02  0.1874255E+02
  0.4935244E+02  0.4101627E+01  0.9369323E+01
  0.5268272E+02  0.1016157E+02  0.1036925E+02
  0.5307256E+02  0.9566253E+00  0.1124459E+02
  0.4132677E+02  0.1155941E+02  0.9053749E+01
  0.5408145E+02  0.4728374E+01  0.7104458E+01
  0.4839868E+02  0.1082176E+02  0.1517015E+02
  0.5235293E+02  0.2932080E+01  0.1599088E+02
  0.5104658E+02  0.1933336E+02  0.1159476E+02
  0.5187977E+02  0.8066079E+01  0.6861574E+01
  0.5689471E+02  0.5349831E+01  0.1016545E+02
  0.5692592E+02  0.2405140E+01  0.1303310E+02
  0.5452214E+02  0.8517945E+01  0.9820426E+01
  0.5573128E+02  0.3798737E+01  0.1147072E+02
  0.5838607E+02  0.6535053E+01  0.1162212E+02
  0.5868664E+02  0.3735854E+01  0.1430644E+02
  0.5473678E+02  0.4738030E+01  0.1351338E+02
  0.5975598E+02  0.2675364E+01  0.1026229E+02
  0.6266683E+02  0.5129301E+01  0.1036281E+02
  0.6265665E+02  0.2340396E+01  0.1294612E+02
  0.5981846E+02  0.5293323E+01  0.1303028E+02
  0.6146434E+02  0.4010996E+01  0.1165810E+02
  0.6359127E+02  0.6523423E+01  0.1170077E+02
  0.6383149E+02  0.3956618E+01  0.1422302E+02
  0.6115420E+02  0.6678994E+01  0.1429177E+02
  0.4893782E+02  0.2677671E+00  0.2955498E+01
  0.3515237E+02  0.8984326E+01  0.1098787E+02
  0.4931267E+02  0.9275988E+01  0.2014122E+02
  0.4174778E+02  0.1423476E+02  0.1106447E+02
  0.5695556E+02  0.1061661E+02  0.1570848E+02
  0.3194082E+02  0.1035860E+02  0.1132362E+02
  0.4080176E+02  0.2123631E+02  0.1011102E+02
  0.3279427E+02  0.1734142E+01  0.7862870E+00
  0.4745621E+02  0.1449634E+02  0.1249532E+02
  0.3040860E+02  0.2001098E+02  0.9338604E+01
  0.4695854E+02  0.1105435E+02  0.3309414E+01
  0.3744289E+02  0.1075056E+02  0.7590162E+01
  0.3967112E+02  0.1566362E+02  0.1261845E+02
  0.5139340E+02  0.1361757E+02  0.1042819E+02
  0.5592111E+02  0.6576466E+01  0.1441242E+02
  0.5290818E+02  0.1830928E+02  0.1249575E+02
  0.4947308E+02  0.1289946E+02  0.8986621E+01
  0.5653444E+02  0.1000125E+02  0.1017651E+02
  0.5752922E+02  0.7935018E+01  0.1322430E+02
  0.4922412E+02  0.1479572E+02  0.1432987E+02
  0.4837279E+02  0.9572651E+01  0.9955240E+01
  0.5960269E+02  0.1104664E+02  0.1320002E+02
  0.5626738E+02  0.1003511E+02  0.1256083E+02
  0.5051799E+02  0.1041008E+02  0.1393007E+02
  0.5970042E+02  0.8125897E+01  0.1007952E+02
  0.6258017E+02  0.1045832E+02  0.1023972E+02
  0.6221650E+02  0.8035182E+01  0.1286445E+02
  0.5863032E+02  0.9421425E+01  0.1445759E+02
  0.6076348E+02  0.9514531E+01  0.1165999E+02
  0.6381383E+02  0.1201764E+02  0.1159898E+02
  0.6356418E+02  0.9429692E+01  0.1434487E+02
  0.6089375E+02  0.1221299E+02  0.1466434E+02
  0.2936057E+02  0.9961153E+01  0.2034366E+02
  0.4546678E+02  0.3338708E+01  0.5532813E+01
  0.3381602E+02  0.1945971E+02  0.1117664E+02
  0.4254304E+02  0.2103185E+02  0.6935728E+01
  0.4277163E+02  0.2036014E+02  0.1327150E+02
  0.4632742E+02  0.2545244E+01  0.8034682E+00
  0.4187164E+02  0.1395060E+02  0.5258799E+01
  0.4740728E+02  0.1081857E+02  0.2036650E+02
  0.4224653E+02  0.1291425E+02  0.3050790E+01
  0.5302760E+02  0.9546995E+01  0.4075291E+01
  0.4625758E+02  0.1804899E+02  0.1639217E+02
  0.4976070E+02  0.6737680E+01  0.1877047E+02
  0.5246688E+02  0.7036442E+01  0.8994271E+01
  0.3871070E+02  0.1855647E+02  0.2617278E+01
  0.5057917E+02  0.1132707E+01  0.1540772E+02
  0.3621732E+02  0.1781533E+02  0.1651686E+02
  0.4757920E+02  0.1201171E+02  0.7564410E+01
  0.5708876E+02  0.1598547E+02  0.1044552E+02
  0.5642261E+02  0.1297163E+02  0.1352615E+02
  0.4615985E+02  0.7306616E+01  0.1167393E+02
  0.5601713E+02  0.1523589E+02  0.1240017E+02
  0.5836657E+02  0.1749158E+02  0.1202972E+02
  0.5833783E+02  0.1447635E+02  0.1443233E+02
  0.5558237E+02  0.1754965E+02  0.1455578E+02
  0.5977212E+02  0.1296864E+02  0.1042602E+02
  0.6223907E+02  0.1584338E+02  0.1031228E+02
  0.6227791E+02  0.1321956E+02  0.1310293E+02
  0.5980214E+02  0.1576442E+02  0.1276702E+02
  0.6112406E+02  0.1437997E+02  0.1149632E+02
  0.6360427E+02  0.1729658E+02  0.1162662E+02
  0.6359303E+02  0.1479029E+02  0.1407491E+02
  0.6077490E+02  0.1730800E+02  0.1431455E+02
  0.4828635E+02  0.7877800E+01  0.5463617E+01
  0.4664596E+02  0.1429364E+02  0.7867925E+01
  0.4709674E+02  0.1354444E+02  0.1898323E+02
  0.4819800E+02  0.3181485E+01  0.1532187E+02
  0.4693512E+02  0.7920307E+01  0.8808900E+01
  0.5159962E+02  0.2044741E+02  0.1036119E+01
  0.5569633E+02  0.1301069E+01  0.3597043E+01
  0.4629761E+02  0.1446063E+02  0.1681309E+02
  0.4594168E+02  0.1457185E+02  0.5304911E+01
  0.4267645E+02  0.3261871E+01  0.4587655E+01
  0.4908049E+02  0.5367697E+00  0.7835782E+01
  0.5407352E+02  0.1602032E+02  0.7688448E+01
  0.5232262E+02  0.1830131E+02  0.1367723E+01
  0.5418231E+02  0.2156402E+02  0.1307197E+02
  0.5425677E+02  0.1829252E+02  0.5305598E+01
  0.4325962E+02  0.2218972E+01  0.1197656E+02
  0.5405346E+02  0.1892013E+02  0.1588950E+02
  0.5693915E+02  0.2144458E+02  0.1579731E+02
  0.5672839E+02  0.1863449E+02  0.1860476E+02
  0.5452555E+02  0.2168022E+00  0.1847720E+02
  0.5548428E+02  0.2011391E+02  0.1731776E+02
  0.5820754E+02  0.1086407E+01  0.1695415E+02
  0.5803001E+02  0.1979059E+02  0.2026185E+02
  0.5578874E+02  0.1534228E+01  0.1993491E+02
  0.5946547E+02  0.1865381E+02  0.1603296E+02
  0.6231862E+02  0.2122269E+02  0.1585879E+02
  0.6213536E+02  0.1867838E+02  0.1872742E+02
  0.5942724E+02  0.2135568E+02  0.1861723E+02
  0.6091715E+02  0.2001277E+02  0.1720768E+02
  0.6363883E+02  0.1032097E+01  0.1702891E+02
  0.6360722E+02  0.1995615E+02  0.1993158E+02
  0.6106169E+02  0.9445128E+00  0.1983059E+02
  0.2103996E+02  0.1506003E+02  0.1961889E+02
  0.3868087E+02  0.1788112E+02  0.1534441E+02
  0.5016639E+02  0.1850348E+02  0.6883721E+01
  0.4922578E+02  0.1049025E+02  0.3270759E+01
  0.5219626E+02  0.9074296E+01  0.1679657E+02
  0.3519137E+02  0.1900135E+02  0.2154366E+02
  0.4446093E+02  0.1672106E+02  0.1246081E+02
  0.5215356E+02  0.1414990E+02  0.3693764E+01
  0.4328772E+02  0.9224947E+01  0.2316412E+00
  0.4632256E+02  0.1666025E+02  0.2045280E+02
  0.5298959E+02  0.1944141E+01  0.1805906E+02
  0.5118608E+02  0.5235089E+00  0.2552798E+01
  0.4126607E+02  0.8214733E+01  0.8512613E+01
  0.5109428E+02  0.1616033E+02  0.1460033E+02
  0.4260650E+02  0.1364267E+02  0.1716313E+02
  0.5266733E+02  0.5139963E+00  0.2157770E+02
  0.5472028E+02  0.3211892E+01  0.1523443E+02
  0.5741775E+02  0.5193041E+01  0.1582549E+02
  0.5690027E+02  0.2585941E+01  0.1841739E+02
  0.5439282E+02  0.5515234E+01  0.1807763E+02
  0.5575000E+02  0.3975555E+01  0.1701993E+02
  0.5830521E+02  0.6787139E+01  0.1715149E+02
  0.5847225E+02  0.3806105E+01  0.1979042E+02
  0.5582512E+02  0.6739009E+01  0.1979532E+02
  0.5994142E+02  0.2324245E+01  0.1583589E+02
  0.6246966E+02  0.4997427E+01  0.1559143E+02
  0.6249421E+02  0.2302934E+01  0.1861281E+02
  0.5974408E+02  0.5100363E+01  0.1842258E+02
  0.6118313E+02  0.3566678E+01  0.1719166E+02
  0.6396422E+02  0.6496873E+01  0.1682188E+02
  0.6382805E+02  0.3851004E+01  0.1982132E+02
  0.6096185E+02  0.6375974E+01  0.1964424E+02
  0.4999601E+02  0.5680698E+01  0.2898845E+01
  0.3644177E+02  0.1871358E+02  0.2036292E+01
  0.5328919E+02  0.1952250E+02  0.3352552E+01
  0.3658596E+02  0.1508372E+02  0.1179886E+02
  0.4988079E+02  0.1524528E+02  0.8103384E+01
  0.3373199E+02  0.3695917E+01  0.2655088E+00
  0.4150373E+02  0.6576133E+01  0.1902618E+02
  0.3515327E+02  0.1627681E+02  0.1882087E+02
  0.4678370E+02  0.2050069E+02  0.1577607E+02
  0.4894811E+02  0.1317710E+02  0.1614446E+02
  0.3455687E+02  0.9096316E+01  0.2147111E+02
  0.3606380E+02  0.1841484E+02  0.1166110E+02
  0.4788729E+02  0.2330529E+01  0.1324791E+02
  0.4837168E+02  0.1428050E+02  0.4072651E+01
  0.5313585E+02  0.3797493E+01  0.1929486E+02
  0.5103013E+02  0.1755276E+02  0.1839537E+02
  0.5225593E+02  0.6606511E+01  0.1851645E+02
  0.5782336E+02  0.1182090E+02  0.1183840E+02
  0.5712243E+02  0.8204565E+01  0.1854625E+02
  0.4707451E+02  0.1149107E+02  0.9854277E+01
  0.5559403E+02  0.9449603E+01  0.1713100E+02
  0.5838408E+02  0.1171843E+02  0.1711170E+02
  0.5846454E+02  0.9469187E+01  0.1979322E+02
  0.5596442E+02  0.1200656E+02  0.1989484E+02
  0.5985141E+02  0.7860196E+01  0.1571405E+02
  0.6222311E+02  0.1072488E+02  0.1577166E+02
  0.6226655E+02  0.7523786E+01  0.1818144E+02
  0.6004949E+02  0.1082426E+02  0.1861572E+02
  0.6104265E+02  0.9200852E+01  0.1716343E+02
  0.6367421E+02  0.1227774E+02  0.1689585E+02
  0.6398744E+02  0.9071490E+01  0.1938561E+02
  0.6133444E+02  0.1216688E+02  0.2011264E+02
  0.4513110E+02  0.1685358E+02  0.2923242E+01
  0.5330226E+02  0.1169882E+02  0.8752461E+01
  0.5315388E+02  0.1182916E+02  0.7347237E+00
  0.4909800E+02  0.4499232E+01  0.1834355E+02
  0.4210899E+02  0.1547017E+02  0.1839204E+02
  0.5457890E+02  0.1341139E+02  0.1501841E+02
  0.4804272E+02  0.8793123E+00  0.1805284E+02
  0.4839573E+02  0.1837063E+02  0.2951258E+01
  0.4277110E+02  0.7830871E+01  0.5345613E+01
  0.5053200E+02  0.1499057E+02  0.1867192E+02
  0.5288952E+02  0.1136580E+02  0.1268258E+02
  0.3713060E+02  0.2032484E+01  0.1305383E+02
  0.5282299E+02  0.1711296E+02  0.1663445E+02
  0.5040624E+02  0.1315429E+02  0.1302905E+02
  0.5491410E+02  0.7225529E+01  0.1646300E+02
  0.3663439E+02  0.1450565E+02  0.8108638E+01
  0.5714731E+02  0.1316260E+02  0.1830805E+02
  0.5701185E+02  0.1590213E+02  0.1565712E+02
  0.5597593E+02  0.1437394E+02  0.1674025E+02
  0.5348654E+02  0.1416935E+02  0.9010915E+01
  0.5392366E+02  0.1543982E+02  0.2032931E+02
  0.5832518E+02  0.1739997E+02  0.1727785E+02
  0.5776548E+02  0.1483823E+02  0.1985462E+02
  0.5537594E+02  0.1744675E+02  0.2032098E+02
  0.5964032E+02  0.1338913E+02  0.1593084E+02
  0.6242556E+02  0.1616997E+02  0.1570536E+02
  0.6240729E+02  0.1346613E+02  0.1827224E+02
  0.5974799E+02  0.1596054E+02  0.1870893E+02
  0.6093442E+02  0.1471457E+02  0.1698386E+02
  0.6357873E+02  0.1746103E+02  0.1726319E+02
  0.6400138E+02  0.1468082E+02  0.1957893E+02
  0.6084700E+02  0.1719976E+02  0.2013767E+02
