         
  0.6515772E+02  0.0000000E+00  0.2171924E+02
  0.0000000E+00  0.0000000E+00  0.2171924E+02
  0.6487086E+02  0.2098302E+02  0.1150351E+01
  0.2380207E+01  0.1861850E+01  0.1690183E+01
  0.2781272E+01  0.2119007E+02  0.4141665E+01
  0.6504643E+02  0.2138093E+01  0.4395562E+01
  0.1043121E+01  0.6312477E+00  0.2897676E+01
  0.4120585E+01  0.3516884E+01  0.2745836E+01
  0.4010423E+01  0.9603021E+00  0.5676294E+01
  0.1264720E+01  0.3550482E+01  0.5729774E+01
  0.5518951E+01  0.2124928E+02  0.1353717E+01
  0.9015553E+01  0.4016562E+01  0.3502406E+01
  0.9344799E+01  0.1714864E+02  0.6398556E+01
  0.5278730E+01  0.2421538E+01  0.4415425E+01
  0.6468390E+01  0.1129074E+01  0.2863487E+01
  0.7177491E+01  0.1017636E+02  0.2044380E+02
  0.8268474E+01  0.2439749E+01  0.7261008E+01
  0.6717115E+01  0.3774139E+01  0.5655871E+01
  0.1889790E+02  0.7989328E+01  0.9406629E+01
  0.2791493E+02  0.1889453E+01  0.1410501E+02
  0.8524209E+01  0.2106045E+02  0.2046741E+02
  0.1779467E+02  0.1184397E+02  0.1991560E+02
  0.1251288E+02  0.8021887E+00  0.1139699E+02
  0.3858807E+02  0.1861325E+02  0.1975733E+02
  0.9311819E+01  0.9762966E+01  0.7254403E+01
  0.3992994E+02  0.2091677E+02  0.6957666E+01
  0.1587275E+02  0.9568706E+00  0.1254654E+02
  0.1345685E+02  0.1170683E+02  0.1825307E+02
  0.3078583E+02  0.1839907E+02  0.1381486E+02
  0.1357107E+02  0.1853907E+02  0.1437134E+02
  0.1675695E+02  0.7969602E+00  0.1582524E+02
  0.3252003E+02  0.9735862E+01  0.8127844E+01
  0.1105255E+02  0.2137188E+02  0.6842798E+01
  0.3112088E+02  0.4542890E+01  0.6454194E+01
  0.7784033E-01  0.4842207E+01  0.1438476E+01
  0.2918330E+01  0.7237236E+01  0.1574461E+01
  0.2713930E+01  0.4583863E+01  0.4169190E+01
  0.8771245E-01  0.7696870E+01  0.4286590E+01
  0.1432986E+01  0.6103481E+01  0.2821094E+01
  0.4124595E+01  0.8600558E+01  0.2687724E+01
  0.4068581E+01  0.6126511E+01  0.5706274E+01
  0.1421879E+01  0.8818232E+01  0.5806962E+01
  0.5654060E+01  0.4766431E+01  0.1360636E+01
  0.6959818E+01  0.6077705E+01  0.2989767E+01
  0.1103462E+02  0.1064047E+02  0.2762219E+01
  0.5446463E+01  0.7411259E+01  0.4167861E+01
  0.1064212E+02  0.6714428E+01  0.5458001E+01
  0.9368961E+01  0.8888650E+01  0.3375250E+01
  0.8448046E+01  0.4896566E+01  0.9827108E+01
  0.7915099E+01  0.1050854E+02  0.4382608E+01
  0.1360205E+02  0.8668529E+01  0.5613583E+01
  0.3574561E+02  0.5519642E+01  0.1700932E+02
  0.3170742E+02  0.6612597E+01  0.7318606E+01
  0.2120306E+02  0.6223949E+01  0.1349436E+01
  0.2431662E+02  0.1147024E+02  0.4341198E+01
  0.1148195E+02  0.1044179E+02  0.1003972E+02
  0.1967578E+02  0.7538378E+01  0.2033470E+02
  0.1208965E+02  0.1265799E+02  0.1454376E+01
  0.3071523E+02  0.8352164E+01  0.9227194E+01
  0.1304276E+02  0.2105445E+02  0.1770454E+02
  0.1601099E+02  0.1445729E+02  0.1112568E+02
  0.2947338E+02  0.1422401E+02  0.8816634E+01
  0.1775999E+02  0.2161617E+02  0.1932569E+00
  0.1138841E+02  0.1813875E+01  0.5340556E+01
  0.9060112E+01  0.1166165E+02  0.5864292E+01
  0.1200036E+02  0.2037916E+02  0.2135586E+02
  0.5593711E+00  0.1031119E+02  0.1837179E+01
  0.3012677E+01  0.1316574E+02  0.1530191E+01
  0.3225157E+01  0.1012894E+02  0.4202352E+01
  0.1185953E+00  0.1307544E+02  0.4036431E+01
  0.1778834E+01  0.1174480E+02  0.3000290E+01
  0.4173275E+01  0.1460094E+02  0.2963968E+01
  0.4400821E+01  0.1168101E+02  0.5603946E+01
  0.1139865E+01  0.1435129E+02  0.5618916E+01
  0.5522181E+01  0.1020029E+02  0.1624067E+01
  0.1335653E+02  0.8316407E+01  0.1297289E+02
  0.1238760E+02  0.1245616E+02  0.6930383E+01
  0.5488276E+01  0.1339015E+02  0.4246461E+01
  0.6749724E+01  0.1188031E+02  0.2870889E+01
  0.9648959E+01  0.1526630E+02  0.2329691E+01
  0.1690664E+02  0.9598815E+01  0.1938163E+02
  0.7027571E+01  0.1472405E+02  0.5550930E+01
  0.1008075E+02  0.1699784E+02  0.7730118E+00
  0.2688495E+02  0.1343821E+02  0.2570718E+01
  0.2251778E+02  0.3471761E+01  0.4477316E+01
  0.1107067E+02  0.1348592E+02  0.2017793E+02
  0.1108276E+02  0.1160945E+02  0.1860639E+02
  0.2558950E+02  0.5208024E+01  0.8746248E+01
  0.3300243E+02  0.1741342E+02  0.5681298E-01
  0.2936406E+02  0.1275051E+01  0.1052750E+02
  0.2033513E+02  0.3541181E+01  0.1654079E+02
  0.2143374E+02  0.1776732E+02  0.5697228E+01
  0.1724041E+02  0.1940357E+02  0.2193639E+01
  0.2013613E+02  0.1605403E+02  0.3292086E+01
  0.2597643E+02  0.9164068E+00  0.3558794E+01
  0.3160963E+02  0.7186537E+01  0.1810980E+02
  0.3455781E+02  0.8283415E+01  0.7809687E+01
  0.3251054E+02  0.1103840E+00  0.6715856E+00
  0.6485444E+02  0.1578147E+02  0.1377113E+01
  0.2754222E+01  0.1864880E+02  0.1558726E+01
  0.2386931E+01  0.1569264E+02  0.4275932E+01
  0.6504979E+02  0.1832115E+02  0.4165269E+01
  0.1144305E+01  0.1704750E+02  0.2701828E+01
  0.4320773E+01  0.1986039E+02  0.2834868E+01
  0.3841239E+01  0.1695866E+02  0.5675044E+01
  0.1122789E+01  0.1996278E+02  0.5337977E+01
  0.5462905E+01  0.1619074E+02  0.1796201E+01
  0.1494897E+02  0.6305408E+00  0.1852378E+02
  0.2010051E+02  0.1149106E+02  0.7057543E+01
  0.5405153E+01  0.1855361E+02  0.4273243E+01
  0.7087256E+01  0.1766885E+02  0.3163019E+01
  0.1516519E+02  0.1844550E+02  0.3069469E+01
  0.2816839E+02  0.1346342E+02  0.6872740E+01
  0.6928102E+01  0.1998221E+02  0.5576920E+01
  0.2468331E+02  0.1459434E+02  0.3330774E+01
  0.8497783E+01  0.1874404E+02  0.1744027E+01
  0.1166658E+02  0.1583193E+02  0.9739956E+01
  0.2146294E+02  0.1259679E+02  0.3535748E+01
  0.2257509E+02  0.5453145E+01  0.2131390E+02
  0.1193994E+02  0.1140644E+02  0.1619358E+02
  0.1686274E+02  0.1602142E+02  0.9289502E+01
  0.8158642E+01  0.2148375E+02  0.4096089E+01
  0.2228975E+02  0.8204272E+01  0.2061852E+02
  0.7994069E+01  0.2118320E+02  0.9560833E+01
  0.3202398E+02  0.1160004E+02  0.2047222E+02
  0.1822913E+02  0.1762670E+02  0.3525126E+01
  0.1876611E+02  0.7138921E+00  0.1977137E+02
  0.2077575E+02  0.1016571E+02  0.2112419E+02
  0.1952083E+02  0.1776812E+02  0.1742465E+01
  0.1539088E+02  0.8123234E+01  0.3969816E+01
  0.6503672E+02  0.2126692E+02  0.6961085E+01
  0.2709932E+01  0.2192457E+01  0.7010950E+01
  0.2580666E+01  0.2127248E+02  0.9817244E+01
  0.8317016E-01  0.2353624E+01  0.9626026E+01
  0.1307348E+01  0.8722306E+00  0.8395541E+01
  0.4060750E+01  0.3377871E+01  0.8672879E+01
  0.4241415E+01  0.5526415E+00  0.1142641E+02
  0.1280613E+01  0.3454208E+01  0.1090744E+02
  0.5348441E+01  0.2120467E+02  0.6926220E+01
  0.9637276E+01  0.6937185E+01  0.1025465E+02
  0.1058228E+02  0.3067624E+01  0.1358706E+02
  0.5557710E+01  0.2106270E+01  0.1018400E+02
  0.6598567E+01  0.8325742E+00  0.8379269E+01
  0.2493263E+02  0.7139194E+01  0.1842236E+02
  0.1430004E+02  0.1423165E+02  0.1262553E+02
  0.7019932E+01  0.3667164E+01  0.1128076E+02
  0.3561870E+02  0.1300281E+00  0.1633281E+02
  0.1785736E+02  0.1914441E+02  0.5904118E+01
  0.1914126E+02  0.5379098E+01  0.1364313E+02
  0.2274645E+02  0.1791395E+01  0.1659552E+02
  0.1123225E+02  0.8948373E+01  0.1196901E+02
  0.2333608E+02  0.1463739E+02  0.1175166E+01
  0.1527898E+02  0.1643112E+02  0.4263297E+01
  0.2361141E+02  0.1181843E+02  0.2083736E+02
  0.1470508E+02  0.1761221E+02  0.1101443E+02
  0.2580870E+02  0.9438786E+01  0.1804124E+02
  0.1315226E+02  0.1537875E+02  0.4413967E+01
  0.1159886E+02  0.8699212E+01  0.4278164E+01
  0.1514542E+02  0.9076518E+01  0.1869311E+01
  0.2768007E+02  0.4205983E+01  0.9216062E+00
  0.1734871E+02  0.1712262E+02  0.1764536E+02
  0.1329185E+02  0.2399467E+01  0.9714701E+01
  0.7738922E-01  0.5017706E+01  0.7034730E+01
  0.2764600E+01  0.7533166E+01  0.7146756E+01
  0.2964065E+01  0.4683263E+01  0.1010615E+02
  0.1601007E+00  0.7511967E+01  0.9713458E+01
  0.1727309E+01  0.5946665E+01  0.8640531E+01
  0.4409930E+01  0.9102025E+01  0.8228786E+01
  0.4302449E+01  0.6200415E+01  0.1118659E+02
  0.1482861E+01  0.9056647E+01  0.1098120E+02
  0.5455690E+01  0.5054257E+01  0.7352038E+01
  0.1756418E+02  0.1044802E+01  0.8195681E+01
  0.6870410E+01  0.6418272E+01  0.8531235E+01
  0.5572970E+01  0.7634052E+01  0.9880088E+01
  0.1076738E+02  0.8537579E+01  0.8798568E+01
  0.1488446E+02  0.1761216E+02  0.6132146E+00
  0.1915276E+02  0.1920470E+02  0.1905502E+02
  0.6936772E+01  0.8982446E+01  0.1111346E+02
  0.2981687E+02  0.1219860E+02  0.5405922E+01
  0.8147592E+01  0.1346132E+02  0.1540315E+01
  0.1362455E+02  0.4094894E+01  0.6561844E+00
  0.1179169E+02  0.3832287E+01  0.1722411E+02
  0.1564401E+02  0.2022195E+02  0.6130413E+01
  0.1135471E+02  0.5284969E+01  0.1402650E+02
  0.1953090E+02  0.1082312E+02  0.1098489E+02
  0.2622743E+02  0.1679107E+02  0.1638543E+02
  0.1656720E+02  0.1942323E+02  0.1549448E+02
  0.1869593E+02  0.1845150E+02  0.2134465E+02
  0.1352568E+02  0.2116133E+02  0.6494478E+01
  0.4522301E+02  0.6651432E+01  0.6592716E+01
  0.2375096E+02  0.5454315E+01  0.3341528E+01
  0.1423420E+02  0.1954620E+02  0.1219424E+02
  0.2478316E+02  0.1875028E+02  0.2839819E+01
  0.1137640E+02  0.1326414E+02  0.1457424E+02
  0.1619645E+00  0.1035282E+02  0.7076011E+01
  0.2833174E+01  0.1315609E+02  0.6706486E+01
  0.2978679E+01  0.1038390E+02  0.9424438E+01
  0.6256117E-01  0.1253377E+02  0.9424538E+01
  0.1895172E+01  0.1158123E+02  0.8044964E+01
  0.4170232E+01  0.1446136E+02  0.8055455E+01
  0.4120020E+01  0.1172720E+02  0.1088450E+02
  0.1576136E+01  0.1415375E+02  0.1041535E+02
  0.5779329E+01  0.1038919E+02  0.6824144E+01
  0.1646494E+02  0.7695889E+01  0.8896927E+01
  0.6830877E+01  0.8834055E+01  0.5316777E+01
  0.5405326E+01  0.1329439E+02  0.9514858E+01
  0.6784133E+01  0.1176975E+02  0.8402365E+01
  0.8105894E+01  0.1612988E+02  0.9573355E+01
  0.8133206E+01  0.1030579E+02  0.9532795E+01
  0.6988087E+01  0.1447002E+02  0.1101788E+02
  0.1322342E+02  0.2154394E+02  0.2760988E+01
  0.1657188E+02  0.8191508E+01  0.1138035E+02
  0.1432486E+02  0.3910317E+01  0.2004733E+02
  0.1922970E+02  0.6481188E+01  0.1137431E+02
  0.1831413E+02  0.4049081E+01  0.3752082E+00
  0.1719789E+02  0.1549640E+00  0.1809559E+02
  0.2382498E+02  0.7225876E+01  0.1632294E+02
  0.8532099E+01  0.1618656E+02  0.4392717E+01
  0.1500716E+02  0.1114653E+02  0.6502269E+00
  0.2446349E+02  0.1071218E+02  0.1669005E+02
  0.2803395E+02  0.8513859E+01  0.3780296E+01
  0.3273815E+02  0.1293013E+02  0.1043528E+02
  0.2478327E+02  0.1457311E+02  0.6428425E+01
  0.3467605E+02  0.1582045E+02  0.8477740E+00
  0.3294233E+02  0.1066988E+02  0.6868067E+00
  0.3338441E+02  0.1159533E+02  0.1366462E+02
  0.6480777E+02  0.1576618E+02  0.6694884E+01
  0.2431474E+01  0.1875641E+02  0.6804730E+01
  0.2610987E+01  0.1589737E+02  0.9281550E+01
  0.6512203E+02  0.1847216E+02  0.9402396E+01
  0.1058935E+01  0.1718327E+02  0.7971837E+01
  0.3957957E+01  0.2001056E+02  0.8391249E+01
  0.4009766E+01  0.1676678E+02  0.1110741E+02
  0.1285292E+01  0.1979035E+02  0.1095992E+02
  0.5309924E+01  0.1588481E+02  0.6712910E+01
  0.2089798E+02  0.2161926E+02  0.1667245E+02
  0.1063286E+02  0.1585381E+02  0.1244495E+02
  0.5147309E+01  0.1822564E+02  0.9629616E+01
  0.6707294E+01  0.1731116E+02  0.8202457E+01
  0.8224511E+01  0.1883638E+02  0.7159625E+01
  0.7828335E+01  0.1834366E+02  0.1256049E+02
  0.6709644E+01  0.1953972E+02  0.1088056E+02
  0.2085148E+02  0.1756354E+02  0.2110794E+02
  0.1380139E+02  0.6490561E+01  0.1117722E+02
  0.1753199E+02  0.7689736E+01  0.2072664E+02
  0.2152644E+02  0.2006772E+02  0.6764454E+01
  0.9476122E+01  0.1413175E+02  0.1380232E+02
  0.2554596E+02  0.1453882E+02  0.1557071E+02
  0.2310406E+02  0.1305368E+01  0.1240266E+02
  0.1338680E+02  0.1969964E+02  0.4225478E+01
  0.1179107E+02  0.2135294E+02  0.1454546E+02
  0.2106575E+02  0.1055470E+02  0.1420943E+02
  0.1482008E+02  0.2899715E+01  0.1176261E+02
  0.1656028E+02  0.4521875E+00  0.4981205E+01
  0.1117870E+02  0.1995983E+02  0.4952117E+01
  0.9670776E+01  0.1207503E+02  0.1049236E+02
  0.9898201E+01  0.1514924E+02  0.8151317E+01
  0.2271259E+02  0.1219100E+02  0.1383431E+02
  0.9160708E-01  0.2119595E+02  0.1254108E+02
  0.2749859E+01  0.2192868E+01  0.1235410E+02
  0.2795592E+01  0.2150527E+02  0.1484166E+02
  0.6475498E+02  0.2287290E+01  0.1490605E+02
  0.1226757E+01  0.1216838E+01  0.1380579E+02
  0.4201394E+01  0.3419352E+01  0.1357461E+02
  0.4211947E+01  0.9610891E+00  0.1645973E+02
  0.1292878E+01  0.3564624E+01  0.1607870E+02
  0.5601445E+01  0.2086239E+02  0.1273540E+02
  0.1011584E+02  0.5970152E+00  0.1061560E+02
  0.8038148E+01  0.2144790E+02  0.1509346E+02
  0.5620964E+01  0.2143797E+01  0.1524643E+02
  0.6766483E+01  0.1062853E+01  0.1363679E+02
  0.1141016E+02  0.3923377E+01  0.2322159E+00
  0.1303957E+02  0.1609848E+02  0.1195786E+02
  0.7142376E+01  0.3598853E+01  0.1656551E+02
  0.8808249E+01  0.1964359E+02  0.1401351E+02
  0.2317108E+02  0.2051585E+02  0.2100029E+01
  0.2910431E+02  0.1307945E+02  0.1856289E+02
  0.2094959E+02  0.1465220E+02  0.8836426E+01
  0.1411186E+02  0.1491854E+02  0.9417820E+01
  0.2166962E+02  0.9540041E+00  0.9441239E+01
  0.8231501E+01  0.1742193E+01  0.1197003E+02
  0.1659343E+02  0.4087905E+01  0.1104382E+02
  0.3961874E+02  0.6127733E+01  0.7505533E+00
  0.1595782E+02  0.1255148E+02  0.1629499E+02
  0.2080802E+02  0.1032272E+02  0.9148456E+01
  0.1753659E+02  0.1355764E+02  0.1180884E+01
  0.2352285E+02  0.3772977E+01  0.1333397E+01
  0.3626745E+02  0.1588899E+02  0.3538277E+01
  0.2914392E+02  0.3132145E+01  0.2108421E+02
  0.1707726E+02  0.1951182E+02  0.1761319E+02
  0.6506164E+02  0.4938588E+01  0.1214465E+02
  0.2963415E+01  0.7640270E+01  0.1238126E+02
  0.2980035E+01  0.4856259E+01  0.1485887E+02
  0.4513409E+00  0.7772420E+01  0.1490453E+02
  0.1260472E+01  0.6004609E+01  0.1357374E+02
  0.4108947E+01  0.9034294E+01  0.1398873E+02
  0.4366225E+01  0.6033162E+01  0.1617876E+02
  0.1688535E+01  0.8956078E+01  0.1654806E+02
  0.5624720E+01  0.5045275E+01  0.1259953E+02
  0.8822697E+01  0.8189653E+01  0.1237063E+02
  0.8331102E+01  0.4812461E+01  0.1492937E+02
  0.5674630E+01  0.7623038E+01  0.1496571E+02
  0.7292738E+01  0.6600951E+01  0.1368374E+02
  0.9886542E+01  0.9163258E+01  0.1448654E+02
  0.9083580E+01  0.1023028E+02  0.8577537E-01
  0.6882461E+01  0.9082821E+01  0.1646973E+02
  0.1023334E+02  0.5566314E+01  0.1614059E+02
  0.2396461E+02  0.9731893E+00  0.2211904E+01
  0.2162856E+02  0.1041292E+02  0.3017550E+01
  0.9293235E+01  0.6801622E+01  0.2135822E+02
  0.1767834E+02  0.1126351E+02  0.3737987E+01
  0.2705451E+02  0.2128771E+01  0.9903966E+01
  0.1282430E+02  0.1235870E+02  0.1280320E+02
  0.1779594E+02  0.1199425E+02  0.6085913E+01
  0.8506448E+01  0.5886978E+01  0.5137885E+01
  0.1533520E+02  0.1942657E+02  0.1937553E+02
  0.2276504E+02  0.7276013E+01  0.9936911E+01
  0.1102632E+02  0.1219927E+02  0.4933013E+01
  0.1821212E+02  0.2841281E+01  0.9774798E+01
  0.9059069E+01  0.1867891E+01  0.4988743E+01
  0.1381022E+02  0.2133260E+02  0.2188364E+00
  0.2507042E+02  0.2441113E+01  0.1162078E+02
  0.5467749E-01  0.1028719E+02  0.1231584E+02
  0.2731942E+01  0.1302183E+02  0.1215845E+02
  0.2612407E+01  0.1057939E+02  0.1492207E+02
  0.3465299E-01  0.1289735E+02  0.1495536E+02
  0.1246469E+01  0.1188120E+02  0.1344134E+02
  0.4086289E+01  0.1424435E+02  0.1386181E+02
  0.4023052E+01  0.1165521E+02  0.1654778E+02
  0.1434702E+01  0.1422173E+02  0.1639529E+02
  0.5313970E+01  0.1047312E+02  0.1232385E+02
  0.8218512E+01  0.1294818E+02  0.1226244E+02
  0.8047249E+01  0.1051555E+02  0.1527147E+02
  0.5599788E+01  0.1313947E+02  0.1526152E+02
  0.6525296E+01  0.1175090E+02  0.1375849E+02
  0.1275147E+02  0.1300898E+02  0.1018968E+02
  0.9542047E+01  0.1178024E+02  0.1639621E+02
  0.6757369E+01  0.1476694E+02  0.1623659E+02
  0.1848887E+02  0.1074790E+02  0.1413446E+02
  0.2016279E+02  0.8281973E+01  0.7132883E+00
  0.2002402E+02  0.2123603E+01  0.3835277E+01
  0.9882824E+01  0.1233263E+02  0.3031759E+00
  0.1914334E+02  0.3584541E+01  0.7026401E+01
  0.2809806E+02  0.1105452E+02  0.1317835E+02
  0.1277343E+02  0.7646754E+01  0.7824180E+01
  0.1125286E+02  0.1696380E+02  0.2035234E+02
  0.2684893E+02  0.1364302E+02  0.1150198E+00
  0.3970011E+02  0.1742969E+02  0.1551712E+01
  0.3214102E+02  0.3482063E+01  0.4581103E+01
  0.1908071E+02  0.1262595E+02  0.1260425E+02
  0.4306348E+02  0.1213871E+02  0.1245531E+02
  0.4376557E+02  0.1921907E+02  0.2406015E+01
  0.5164772E+02  0.8840991E+01  0.2120823E+02
  0.1410654E+02  0.2197457E+01  0.1989128E+01
  0.1299296E+00  0.1542026E+02  0.1170768E+02
  0.2737770E+01  0.1845478E+02  0.1222017E+02
  0.2596638E+01  0.1568510E+02  0.1516742E+02
  0.6179172E-01  0.1836946E+02  0.1508704E+02
  0.1250292E+01  0.1692165E+02  0.1358156E+02
  0.3815676E+01  0.1964576E+02  0.1394200E+02
  0.3837173E+01  0.1709328E+02  0.1660365E+02
  0.1619269E+01  0.1981767E+02  0.1616134E+02
  0.5340268E+01  0.1559501E+02  0.1255508E+02
  0.1065609E+02  0.1884764E+02  0.9612340E+01
  0.8164458E+01  0.1611771E+02  0.1490443E+02
  0.5149788E+01  0.1838063E+02  0.1528523E+02
  0.6464665E+01  0.1709182E+02  0.1370266E+02
  0.2709643E+02  0.1685695E+02  0.1417086E+02
  0.2000800E+02  0.1639487E+02  0.7344754E+01
  0.6601152E+01  0.2006333E+02  0.1642015E+02
  0.1403448E+02  0.1044480E+02  0.7324370E+01
  0.2070274E+02  0.1525984E+02  0.1133766E+02
  0.1598248E+02  0.5890256E+01  0.2039248E+02
  0.1968763E+02  0.1691601E+02  0.1899747E+02
  0.1802176E+02  0.1044752E+02  0.8926770E+01
  0.2028777E+02  0.1998197E+02  0.1503739E+02
  0.2528122E+02  0.1839508E+02  0.7378818E+01
  0.9571819E+01  0.1489906E+02  0.1923539E+02
  0.9803323E+01  0.1782766E+02  0.1560468E+02
  0.3440300E+02  0.2030083E+02  0.1522213E+02
  0.1781258E+02  0.3197910E+01  0.3772713E+01
  0.1547054E+02  0.3491814E+01  0.3702993E+01
  0.1105203E+02  0.1895739E+02  0.1802252E+02
  0.2466377E+02  0.8304697E+01  0.9224241E+01
  0.1893342E+02  0.7703664E+01  0.4349904E+01
  0.2140498E+02  0.2108942E+02  0.1139286E+02
  0.2247479E+00  0.2117198E+02  0.1762779E+02
  0.2760913E+01  0.2293238E+01  0.1771425E+02
  0.2436879E+01  0.2124665E+02  0.2064263E+02
  0.6493554E+02  0.2164459E+01  0.2039829E+02
  0.1404628E+01  0.9134015E+00  0.1901963E+02
  0.4194571E+01  0.3457842E+01  0.1910001E+02
  0.3846147E+01  0.6546682E+00  0.1971459E+00
  0.1409495E+01  0.3580475E+01  0.5885041E-01
  0.5233385E+01  0.2126509E+02  0.1781608E+02
  0.1250745E+02  0.1707105E+01  0.1339432E+02
  0.1029943E+02  0.1798023E+01  0.1041500E+01
  0.5290414E+01  0.2112620E+01  0.2062076E+02
  0.6828713E+01  0.6957849E+00  0.1925270E+02
  0.3037116E+02  0.1647274E+02  0.8036606E+01
  0.9790429E+01  0.8911768E+00  0.1374929E+02
  0.6840933E+01  0.3517199E+01  0.2170310E+02
  0.1552231E+02  0.2084018E+02  0.1116748E+02
  0.1102640E+02  0.1890701E+02  0.1660495E+01
  0.4409482E+02  0.2135733E+02  0.1569138E+02
  0.2256315E+02  0.6002941E+01  0.1327346E+02
  0.2240193E+02  0.5381293E+01  0.1118417E+02
  0.1894291E+02  0.2092046E+02  0.1077346E+02
  0.1165668E+02  0.1790860E+02  0.5968162E+01
  0.1207483E+02  0.1029059E+02  0.1387706E+02
  0.2287775E+02  0.6775140E+01  0.6060317E+01
  0.1627552E+02  0.4627007E+01  0.1531788E+02
  0.2562003E+02  0.1590422E+02  0.2009629E+02
  0.3179309E+02  0.1211579E+01  0.4379273E+01
  0.1644764E+02  0.1962448E+02  0.2151131E+02
  0.5138386E+02  0.5824476E+01  0.1570911E+02
  0.1581557E+02  0.2065705E+02  0.8569231E+01
  0.1238511E+02  0.1763972E+02  0.3565550E+01
  0.1423736E+00  0.5017027E+01  0.1744079E+02
  0.3064078E+01  0.7618585E+01  0.1762647E+02
  0.2721272E+01  0.4819120E+01  0.2023296E+02
  0.2305053E+00  0.7684317E+01  0.2083746E+02
  0.1282474E+01  0.6341870E+01  0.1885864E+02
  0.4495351E+01  0.9043884E+01  0.1918505E+02
  0.4123515E+01  0.6269015E+01  0.2166151E+02
  0.1776912E+01  0.8921236E+01  0.5284597E+00
  0.5648545E+01  0.4714101E+01  0.1767473E+02
  0.8120222E+01  0.7696424E+01  0.1769655E+02
  0.8356111E+01  0.4888991E+01  0.2023935E+02
  0.5728212E+01  0.7624959E+01  0.2051843E+02
  0.6773253E+01  0.6208361E+01  0.1911379E+02
  0.7965858E+01  0.7612761E+01  0.7039847E+01
  0.1481192E+02  0.6771233E+01  0.1843210E+02
  0.7062738E+01  0.8649920E+01  0.6344332E+00
  0.2174836E+02  0.1607729E+02  0.1594330E+02
  0.2424029E+02  0.8790576E+01  0.3947956E+01
  0.9438963E+01  0.6149157E+00  0.1688282E+02
  0.1544301E+02  0.1319486E+02  0.2166520E+02
  0.3262006E+02  0.1606561E+02  0.8917012E+01
  0.1138135E+02  0.1382938E+02  0.3239003E+01
  0.1165172E+02  0.5786734E+01  0.2018250E+02
  0.1151093E+02  0.7453061E+01  0.4504562E+00
  0.2741827E+02  0.7583170E+00  0.1765337E+02
  0.2897264E+02  0.8209741E+01  0.2068516E+02
  0.1547842E+02  0.1212631E+02  0.3562432E+01
  0.3649399E+02  0.2666569E+01  0.7540839E+01
  0.1766945E+02  0.1734714E+02  0.7311495E+01
  0.1091213E+02  0.5231787E+00  0.2939635E+01
  0.1582197E+02  0.2558721E+01  0.9177930E+01
  0.2465819E+02  0.1394048E+02  0.2104870E+02
  0.1507368E+00  0.1003082E+02  0.1779217E+02
  0.2699523E+01  0.1310579E+02  0.1817468E+02
  0.3025274E+01  0.1024831E+02  0.2065935E+02
  0.1269659E+00  0.1287443E+02  0.2073029E+02
  0.1569033E+01  0.1142217E+02  0.1941318E+02
  0.4124766E+01  0.1454301E+02  0.1943218E+02
  0.4421794E+01  0.1183817E+02  0.9443043E-01
  0.1448525E+01  0.1449905E+02  0.1962020E+00
  0.5498841E+01  0.1027002E+02  0.1782409E+02
  0.8384091E+01  0.1349488E+02  0.1751140E+02
  0.1112350E+02  0.9938332E+01  0.2024586E+02
  0.5693232E+01  0.1321048E+02  0.2049887E+02
  0.6986245E+01  0.1196908E+02  0.1883435E+02
  0.8387722E+01  0.1639197E+02  0.2095449E+02
  0.1697842E+02  0.9255353E+01  0.5198251E+01
  0.6772668E+01  0.1490079E+02  0.2260597E+00
  0.1613478E+02  0.2833050E+01  0.1673269E+02
  0.2723972E+02  0.1006123E+02  0.1823270E+01
  0.2074141E+02  0.1803916E+01  0.2062189E+02
  0.1257405E+02  0.9201365E+01  0.1693410E+02
  0.1459838E+02  0.8169157E+00  0.1456932E+02
  0.2636094E+02  0.1948554E+02  0.4768074E+01
  0.2497887E+02  0.6963245E+01  0.4927135E+01
  0.2407756E+02  0.9919369E+01  0.7588631E+01
  0.1025137E+02  0.3992885E+01  0.1896483E+02
  0.2384591E+02  0.1114203E+02  0.9571662E+01
  0.2435793E+02  0.1514849E+02  0.1337158E+02
  0.1460119E+02  0.1162536E+02  0.1117266E+02
  0.2443896E+02  0.4972843E+00  0.9890504E+01
  0.1440567E+02  0.9778298E+01  0.1969572E+02
  0.2604344E+02  0.1919897E+02  0.1648236E+02
  0.1956311E+02  0.1682144E+02  0.1654540E+02
  0.6490480E+02  0.1547678E+02  0.1776758E+02
  0.2647436E+01  0.1857297E+02  0.1789244E+02
  0.2828981E+01  0.1585693E+02  0.2055405E+02
  0.6491295E+02  0.1864815E+02  0.2042898E+02
  0.1325384E+01  0.1691702E+02  0.1901795E+02
  0.3985751E+01  0.1988570E+02  0.1928890E+02
  0.4077642E+01  0.1742850E+02  0.1644184E+00
  0.1240971E+01  0.1969601E+02  0.1431505E+00
  0.5395511E+01  0.1601610E+02  0.1794966E+02
  0.9270379E+01  0.2029462E+02  0.1828213E+02
  0.8145400E+01  0.1843513E+02  0.1741537E+02
  0.5551397E+01  0.1875476E+02  0.2081293E+02
  0.6965802E+01  0.1736754E+02  0.1937300E+02
  0.8155806E+01  0.2515160E+01  0.1610634E+01
  0.1214070E+02  0.1780036E+02  0.8281189E+01
  0.7014229E+01  0.1997074E+02  0.3409560E+00
  0.9941780E+01  0.3505517E+01  0.1133340E+02
  0.2542311E+02  0.9783714E+01  0.1078705E+02
  0.1857093E+02  0.1529876E+02  0.1261003E+02
  0.1853355E+02  0.2056014E+02  0.8274780E+01
  0.2887057E+02  0.4803250E+01  0.1913228E+02
  0.3219829E+02  0.1774125E+02  0.1742648E+02
  0.2717466E+02  0.1325384E+02  0.1279750E+02
  0.2454018E+02  0.1619318E+02  0.1807075E+02
  0.1598728E+02  0.1405114E+02  0.8043848E+01
  0.1319701E+02  0.1512683E+02  0.1484276E+02
  0.1415602E+02  0.1525759E+02  0.8992033E+00
  0.2166197E+02  0.1331582E+02  0.6680591E+01
  0.1745799E+02  0.1110417E+02  0.6587815E+00
  0.1311719E+02  0.4467188E+01  0.1234553E+02
  0.2474383E+02  0.4790017E+01  0.1082542E+02
  0.3616894E+02  0.1633578E+02  0.1326771E+02
  0.3967164E+02  0.1241705E+02  0.1134789E+02
  0.3986403E+02  0.1704614E+02  0.2105891E+02
  0.2247160E+02  0.1886907E+02  0.2013454E+00
  0.3196072E+02  0.8688903E+01  0.1456970E+02
  0.4059167E+02  0.1025617E+02  0.1543683E+02
  0.4851022E+02  0.1490924E+02  0.7895216E+01
  0.4676977E+02  0.1959923E+02  0.9021149E+01
  0.2995088E+02  0.1626826E+02  0.1793748E+02
  0.4695218E+02  0.1833023E+02  0.1676889E+02
  0.2586701E+02  0.1078449E+02  0.2019701E+02
  0.2198001E+02  0.3099703E+01  0.1019226E+02
  0.4476613E+02  0.1439830E+02  0.1346315E+01
  0.2583900E+02  0.4051131E+01  0.1580229E+02
  0.5311936E+02  0.1249720E+02  0.1156059E+02
  0.3188878E+02  0.1894837E+02  0.1004014E+02
  0.4193447E+02  0.1179029E+02  0.7767564E+01
  0.2830931E+02  0.1201738E+02  0.1146994E+01
  0.3025804E+02  0.1207686E+02  0.2903557E+01
  0.4648002E+02  0.1614084E+02  0.1736965E+02
  0.1354743E+02  0.1032345E+02  0.9579899E+01
  0.2946282E+02  0.5638059E+01  0.1566053E+02
  0.2378335E+02  0.8134447E+00  0.1481954E+02
  0.2569288E+02  0.1093943E+02  0.6254591E+01
  0.2921937E+02  0.2037108E+00  0.2773850E+01
  0.5102846E+02  0.1423643E+02  0.1708497E+02
  0.1731661E+02  0.8561473E+01  0.1353587E+01
  0.3528560E+02  0.1045193E+02  0.2686949E+00
  0.3652616E+02  0.8634879E+01  0.1783606E+02
  0.2063363E+02  0.3425332E+01  0.7314838E+00
  0.3513364E+02  0.1398822E+02  0.2121006E+02
  0.5200180E+02  0.1814146E+02  0.8979022E+01
  0.3395734E+02  0.1903267E+02  0.1152878E+02
  0.2746009E+02  0.1841728E+01  0.1789116E+01
  0.3280398E+02  0.9585309E+01  0.1257527E+02
  0.3451457E+02  0.7032929E+00  0.2161316E+01
  0.2555109E+02  0.2081304E+02  0.2120919E+02
  0.5441653E+02  0.7747739E+01  0.8815890E+01
  0.3777051E+02  0.1089471E+02  0.1083916E+02
  0.3407137E+02  0.1228877E+02  0.2267463E+01
  0.2786107E+02  0.1707379E+02  0.9996315E+00
  0.4116317E+02  0.1093924E+01  0.1949630E+01
  0.4937960E+02  0.3044652E+01  0.5707890E+01
  0.4162131E+02  0.1812366E+02  0.5024292E+01
  0.2958998E+02  0.3444923E+01  0.7905862E+01
  0.4453239E+02  0.1087631E+02  0.1043265E+02
  0.3332647E+02  0.1507752E+02  0.1534064E+02
  0.1896727E+02  0.1480167E+01  0.1145887E+02
  0.2104171E+02  0.7917749E+01  0.8546034E+01
  0.3538102E+02  0.7148528E+01  0.2707347E+01
  0.4612467E+02  0.9394796E+01  0.1338572E+02
  0.4739426E+02  0.1652261E+02  0.1965065E+02
  0.2567652E+02  0.5064924E+01  0.1946993E+02
  0.2763132E+02  0.1655201E+02  0.1057320E+02
  0.2588840E+02  0.1153240E+01  0.1968150E+02
  0.2957007E+02  0.1912729E+02  0.1741252E+02
  0.3869296E+02  0.4767788E+01  0.9769493E+01
  0.2548437E+02  0.1737138E+02  0.1547405E+00
  0.3942372E+02  0.9877678E+01  0.6809994E+01
  0.3637733E+02  0.1855176E+02  0.1909451E+02
  0.4357361E+02  0.2011428E+01  0.5885749E+01
  0.1590965E+02  0.2291965E+01  0.1992126E+02
  0.3563948E+02  0.6851606E+01  0.1476503E+02
  0.1924509E+02  0.5238235E+01  0.2020476E+02
  0.5174421E+02  0.1923622E+02  0.2016342E+02
  0.3061787E+02  0.1451374E+02  0.1986304E+01
  0.2803663E+02  0.1038310E+02  0.6598556E+01
  0.1530186E+02  0.1477601E+02  0.1613327E+02
  0.1736750E+02  0.1412748E+02  0.1883134E+02
  0.3691117E+02  0.1635431E+02  0.1816560E+02
  0.1580040E+02  0.5878621E+01  0.3397191E+01
  0.4628934E+02  0.2019346E+02  0.1540563E+02
  0.3638599E+02  0.1897163E+02  0.2267180E+01
  0.3993741E+02  0.1000866E+02  0.1228519E+02
  0.2364256E+02  0.2304802E+01  0.6458384E+01
  0.2954163E+02  0.1794203E+02  0.2335730E+01
  0.2339819E+02  0.1706932E+02  0.1296935E+01
  0.2769572E+02  0.8800685E+01  0.1683497E+02
  0.4230246E+02  0.1913851E+02  0.1974711E+02
  0.4014774E+02  0.2816202E+01  0.3715652E+00
  0.4247990E+02  0.1608009E+02  0.8947520E+01
  0.2875349E+02  0.1394855E+02  0.3683814E+01
  0.1716632E+02  0.6025220E+01  0.1435130E+01
  0.3600589E+02  0.1445900E+02  0.1899747E+02
  0.3020967E+02  0.5942754E+01  0.9936264E+00
  0.3932864E+02  0.1493328E+02  0.1426579E+02
  0.3765666E+02  0.1009164E+02  0.5013089E+01
  0.2672674E+02  0.1284950E+02  0.8904291E+01
  0.3118431E+02  0.3290194E+01  0.1870267E+02
  0.9463716E+01  0.1737692E+02  0.1096629E+02
  0.3813040E+02  0.1044760E+02  0.1779969E+02
  0.4304386E+02  0.3564144E+01  0.2516093E+01
  0.4102160E+02  0.5373123E+01  0.5373985E+01
  0.4179515E+02  0.3434240E+01  0.2055599E+02
  0.4965647E+02  0.5772690E+01  0.1970188E+02
  0.4880972E+02  0.5093113E+01  0.9034039E+01
  0.2256739E+02  0.4031038E+01  0.1767190E+02
  0.2257463E+02  0.1219457E+02  0.1735405E+02
  0.2632924E+02  0.1701209E+02  0.5529691E+01
  0.2121369E+02  0.4065381E+01  0.1970509E+02
  0.2353555E+02  0.2015488E+02  0.9341845E+01
  0.3159769E+02  0.1001149E+02  0.2637332E+01
  0.1925668E+02  0.1777759E+02  0.1433413E+02
  0.2355603E+02  0.1687303E+02  0.6604869E+01
  0.2868116E+02  0.3498743E+01  0.2930381E+01
  0.3226431E+02  0.7788829E+01  0.1119056E+02
  0.4115257E+02  0.1722508E+02  0.1229819E+02
  0.5069374E+02  0.5832430E+01  0.1317074E+02
  0.4004585E+02  0.1386211E+02  0.1747843E+02
  0.4946387E+02  0.1616519E+02  0.6321192E+01
  0.2457533E+02  0.1866275E+02  0.1134919E+02
  0.1859802E+02  0.5383934E+01  0.1622476E+02
  0.5213195E+02  0.1744712E+01  0.1469803E+02
  0.1787859E+02  0.1425803E+01  0.1366305E+02
  0.2644839E+02  0.6886968E+01  0.2996993E+01
  0.3366997E+02  0.1946723E+02  0.4781603E+01
  0.3430884E+02  0.1301809E+02  0.5713739E+01
  0.5070058E+02  0.8083278E+01  0.1594081E+02
  0.1215095E+02  0.2004719E+02  0.1093214E+02
  0.5447526E+02  0.1814345E+02  0.1461080E+02
  0.4442334E+02  0.2316171E+01  0.1917656E+02
  0.2586985E+02  0.7791690E+01  0.1539583E+02
  0.4709896E+02  0.2848809E+00  0.2094329E+02
  0.3641689E+02  0.1380754E+02  0.5116708E+01
  0.3861109E+02  0.4032830E+01  0.1826697E+02
  0.3902786E+02  0.1552169E+00  0.4840008E+01
  0.3089670E+02  0.4966878E+01  0.2054136E+02
  0.1430797E+02  0.2059933E+02  0.1579827E+02
  0.2543216E+02  0.2066009E+02  0.1482104E+02
  0.1599578E+02  0.1612275E+02  0.6454782E+01
  0.2746592E+02  0.2008529E+02  0.1819309E+02
  0.1641504E+02  0.1650040E+02  0.1237806E+02
  0.1353220E+02  0.1088399E+02  0.2680810E+01
  0.3081498E+02  0.2102420E+02  0.1678818E+02
  0.2995796E+02  0.1743717E+02  0.1009522E+02
  0.5259213E+02  0.2013060E+02  0.1805322E+02
  0.9096849E+01  0.8628250E+01  0.1982603E+02
  0.8207997E+01  0.1322998E+02  0.7377792E+01
  0.4815163E+02  0.1566048E+02  0.4251953E+01
  0.4578543E+02  0.1478919E+02  0.2084127E+02
  0.3873755E+02  0.1401301E+02  0.4604431E+01
  0.1168270E+02  0.1696529E+02  0.1435205E+02
  0.4959957E+02  0.1917831E+02  0.4162863E+01
  0.3944026E+02  0.7624097E+01  0.1214707E+02
  0.2587267E+02  0.1303134E+02  0.1919249E+02
  0.1281429E+02  0.8183812E+01  0.2022513E+02
  0.4329527E+02  0.1583182E+02  0.1536226E+02
  0.3806019E+02  0.1924663E+02  0.1008071E+02
  0.3800107E+02  0.2038227E+02  0.2141818E+02
  0.3761656E+02  0.3772176E+01  0.2068911E+02
  0.2882444E+02  0.1666242E+02  0.2068759E+02
  0.3229830E+02  0.5005005E+01  0.2915091E+01
  0.2530009E+02  0.2967774E+01  0.1799808E+02
  0.1781108E+02  0.2035893E+01  0.6020422E+01
  0.2836587E+02  0.2077426E+02  0.8189618E+01
  0.1290894E+02  0.5760416E+01  0.4894414E+01
  0.3507488E+02  0.1087384E+02  0.1535832E+02
  0.3294406E+02  0.2536807E+00  0.1446894E+02
  0.3288404E+02  0.1433428E+02  0.1478105E+01
  0.4051759E+02  0.1843496E+02  0.1632175E+02
  0.3586906E+02  0.1341738E+02  0.9256293E+01
  0.1576556E+02  0.8700958E+01  0.1735870E+02
  0.2091805E+02  0.1986407E+02  0.2767307E+01
  0.1981432E+02  0.1177933E+02  0.1594757E+02
  0.3094563E+02  0.1024261E+02  0.1771969E+02
  0.4958689E+02  0.1656067E+02  0.9316009E+01
  0.3766009E+02  0.6878020E+01  0.1631382E+02
  0.2120664E+02  0.1320128E+02  0.1228278E+02
  0.2386393E+02  0.1986049E+02  0.1987574E+02
  0.4089633E+02  0.1254617E+02  0.1498047E+02
  0.4509965E+02  0.5024496E+01  0.4834962E+01
  0.3130262E+02  0.2120482E+02  0.1064369E+02
  0.2114625E+02  0.1851175E+02  0.1133604E+02
  0.3667848E+02  0.2112060E+02  0.5135596E+01
  0.2555107E+02  0.2378203E+01  0.1417438E+02
  0.2708856E+02  0.6432329E+01  0.1789792E+02
  0.4043127E+02  0.2368391E+01  0.8777107E+01
  0.3121595E+02  0.1605158E+02  0.1369756E+02
  0.1522357E+02  0.1661311E+02  0.1447909E+02
  0.3341158E+02  0.9236969E+00  0.1229638E+02
  0.5098788E+02  0.6049947E+01  0.5049200E+01
  0.1736175E+02  0.2054932E+01  0.1572566E+01
  0.4287620E+02  0.5226142E+01  0.1911689E+02
  0.2266722E+02  0.1655436E+02  0.1105015E+02
  0.4043836E+02  0.9692401E+01  0.1854538E+02
  0.3849591E+02  0.1615035E+02  0.5657064E+01
  0.2213780E+02  0.1689574E+02  0.8610900E+01
  0.1062137E+02  0.4226762E+00  0.2073938E+02
  0.2001454E+02  0.4759714E+01  0.1004952E+02
  0.5001132E+02  0.1702053E+02  0.3433111E+01
  0.1481377E+02  0.1013984E+02  0.1610936E+02
  0.3666086E+02  0.1713995E+02  0.1585714E+02
  0.1380011E+02  0.5146003E+01  0.1451044E+02
  0.3989404E+02  0.4512178E+01  0.7704558E+01
  0.3827968E+02  0.9694358E+00  0.1134649E+02
  0.4594568E+02  0.2317658E+01  0.1054947E+02
  0.2583314E+02  0.1959577E+02  0.9493026E+01
  0.2146135E+02  0.7860287E+01  0.4596776E+01
  0.3097510E+02  0.5903928E+01  0.1014644E+02
  0.2133927E+02  0.1352158E+02  0.1330480E+01
  0.3469824E+02  0.5072802E+01  0.1027595E+02
  0.2799578E+02  0.1415551E+02  0.1085997E+02
  0.4288502E+02  0.1215063E+02  0.2039753E+02
  0.2171567E+02  0.1359666E+02  0.1552050E+02
  0.3708422E+02  0.8016651E+01  0.7680619E+01
  0.3322401E+02  0.1501652E+02  0.1297611E+02
  0.3414178E+02  0.1062263E+02  0.6215630E+01
  0.3475184E+02  0.1193658E+02  0.2019871E+02
  0.4188364E+02  0.4425629E+00  0.1209565E+02
  0.4078248E+02  0.1359117E+02  0.2066184E+02
  0.5595650E+02  0.1941581E+02  0.1626397E+02
  0.2071002E+02  0.1508474E+02  0.2045173E+02
  0.3848779E+02  0.1440009E+02  0.1193911E+02
  0.4466717E+02  0.1330429E+02  0.1719862E+02
  0.4130430E+02  0.1524506E+01  0.1764580E+02
  0.1166090E+02  0.3829349E+01  0.3962191E+01
  0.4267715E+02  0.6529493E+01  0.1443792E+02
  0.3537611E+02  0.5393074E+01  0.1266688E+02
  0.3223702E+02  0.2803041E+01  0.2143489E+02
  0.3460547E+02  0.1917328E+01  0.1501749E+02
  0.4503458E+02  0.4341053E+01  0.1135208E+02
  0.1462318E+02  0.1716184E+02  0.8529273E+01
  0.2570150E+02  0.6584746E+01  0.1200631E+02
  0.2758499E+02  0.1879359E+02  0.6724594E+01
  0.3112349E+02  0.1554945E+01  0.1590933E+02
  0.2715096E+02  0.5639540E+01  0.1522146E+02
  0.3155520E+02  0.2978508E+01  0.1310027E+02
  0.1629723E+02  0.9396465E+01  0.7462668E+01
  0.1851387E+02  0.5250371E+01  0.5030751E+01
  0.1793012E+02  0.1200210E+02  0.1741794E+02
  0.2301576E+02  0.8312397E+01  0.1338936E+02
  0.5312850E+02  0.8606883E+01  0.1324595E+02
  0.3419630E+02  0.1673007E+02  0.1170962E+02
  0.1780138E+02  0.2620371E+01  0.1855922E+02
  0.2852419E+02  0.1966554E+02  0.3634837E+01
  0.4165893E+02  0.1090286E+01  0.7166152E+01
  0.3931065E+02  0.8813160E+01  0.8972108E+01
  0.1071931E+02  0.1301385E+02  0.8502294E+01
  0.3077368E+02  0.1080369E+02  0.1529671E+02
  0.4616565E+02  0.9471100E+01  0.1120454E+02
  0.2833461E+02  0.9035340E+01  0.8643348E+01
  0.3135900E+02  0.1487512E+02  0.1027729E+02
  0.3606356E+02  0.1038948E+02  0.3065621E+01
  0.3788046E+02  0.6976507E+01  0.9900929E+01
  0.2334000E+02  0.1071139E+02  0.1186454E+02
  0.1285898E+02  0.1934537E+02  0.1941726E+02
  0.3427202E+02  0.1322451E+02  0.1203122E+02
  0.2406007E+02  0.8469969E+00  0.2155314E+02
  0.1484979E+02  0.1707513E+02  0.2007626E+02
  0.1190237E+02  0.3168830E+01  0.7113776E+01
  0.2883803E+02  0.8990401E+01  0.1237419E+02
  0.3180398E+02  0.2159541E+02  0.7821993E+01
  0.3275536E+02  0.1627063E+02  0.1944978E+02
  0.3014687E+02  0.1456801E+02  0.1494670E+02
  0.4827084E+02  0.1965399E+02  0.1406125E+02
  0.2299182E+02  0.1309696E+02  0.9098070E+01
  0.3258221E+02  0.1924114E+02  0.1918846E+02
  0.2240467E+02  0.5423909E+00  0.7393453E+01
  0.2999342E+02  0.5332423E+01  0.1307860E+02
  0.1067563E+02  0.5131836E+01  0.2191156E+01
  0.5383875E+02  0.1814464E+00  0.1176931E+02
  0.3035078E+02  0.8211635E+01  0.3650340E+01
  0.3194986E+02  0.8182229E+01  0.5454512E+01
  0.1140946E+02  0.2025460E+01  0.1903870E+02
  0.2090018E+02  0.2893987E+01  0.1258383E+02
  0.3902892E+02  0.7802725E+01  0.2309776E+01
  0.4426778E+02  0.1020312E+02  0.1854554E+02
  0.2983526E+02  0.7520907E+01  0.1417269E+02
  0.3634676E+02  0.1295753E+02  0.1593170E+02
  0.3533931E+02  0.7534470E+01  0.1007742E+02
  0.3566773E+02  0.2091267E+02  0.6285203E+00
  0.4456922E+02  0.1820294E+02  0.1716225E+02
  0.1446276E+02  0.1358154E+02  0.1940701E+02
  0.4474901E+02  0.1331553E+02  0.1938593E+02
  0.4635615E+02  0.8141793E+00  0.1843673E+02
  0.2211007E+02  0.9061842E+01  0.6588497E+01
  0.4892335E+02  0.1778442E+02  0.1333655E+01
  0.3960937E+02  0.2070687E+02  0.1707351E+02
  0.3963650E+02  0.1188887E+02  0.1912537E+02
  0.3829706E+02  0.7857180E+01  0.5741227E+01
  0.5043222E+02  0.6212169E+01  0.2713164E+01
  0.3817476E+02  0.1781877E+02  0.1391824E+02
  0.4228324E+02  0.1396095E+02  0.1648207E+02
  0.1739580E+02  0.6889725E+01  0.1448242E+02
  0.9604164E+01  0.2028868E+02  0.8209991E+01
  0.8521874E+01  0.2326112E+01  0.1830531E+02
  0.1730854E+02  0.3767428E+01  0.1321739E+02
  0.3001582E+02  0.1469869E+02  0.1210472E+02
  0.4551918E+02  0.1504778E+02  0.1574718E+02
  0.2327262E+02  0.1421490E+02  0.1137735E+02
  0.3629100E+02  0.9242110E+01  0.1412916E+02
  0.2679482E+02  0.8557171E+01  0.5922539E+01
  0.2354081E+02  0.1710521E+02  0.1438804E+02
  0.4932919E+02  0.4298653E+01  0.1540248E+01
  0.2774530E+02  0.1464726E+02  0.1986859E+02
  0.4670977E+02  0.1718246E+02  0.5478937E+01
  0.4177980E+02  0.7399791E+01  0.1072504E+02
  0.3301648E+02  0.1056860E+02  0.1029243E+02
  0.2535717E+02  0.1651361E+02  0.1033364E+02
  0.2431863E+02  0.6853037E+01  0.2075643E+02
  0.2132179E+02  0.4349407E+01  0.7766548E+01
  0.3265933E+02  0.1942396E+02  0.7818625E+01
  0.1868178E+02  0.8774678E+01  0.1229688E+02
  0.3616137E+02  0.9392526E+01  0.1169746E+02
  0.3420863E+02  0.3310467E+01  0.5778206E+01
  0.3989829E+02  0.1385410E+02  0.9251382E+01
  0.1846877E+02  0.1288477E+02  0.8058177E+01
  0.2117533E+02  0.9463414E+01  0.1219195E+02
  0.2509306E+02  0.1297364E+02  0.1374437E+02
  0.3305450E+02  0.1138554E+02  0.4170425E+01
  0.4726335E+02  0.9367789E+01  0.8414682E+01
  0.3049243E+02  0.1263167E+01  0.2736226E+00
  0.9601250E+01  0.2019024E+02  0.3045657E+01
  0.4478928E+02  0.5591799E+01  0.2065042E+02
  0.5535911E+02  0.6188939E+01  0.1929991E+02
  0.3280353E+02  0.3242126E+01  0.1519780E+02
  0.4336937E+02  0.1251267E+01  0.1666529E+01
  0.4036133E+02  0.1732259E+02  0.6678167E+01
  0.2816653E+02  0.1095558E+02  0.1553878E+02
  0.3930840E+02  0.1198794E+02  0.7903955E+01
  0.3270676E+02  0.6651487E+01  0.1373522E+01
  0.2768354E+02  0.7615591E+01  0.1060676E+02
  0.1434295E+02  0.7960741E+01  0.9543073E+01
  0.5287247E+02  0.1709692E+02  0.1076935E+02
  0.2668339E+02  0.7158080E+01  0.8296825E+01
  0.3238474E+02  0.1301699E+02  0.1759509E+02
  0.2891706E+02  0.2900978E+01  0.1782660E+02
  0.3341938E+02  0.2904613E+01  0.1892812E+01
  0.1561474E+02  0.1554318E+02  0.1848272E+02
  0.2820134E+02  0.1330328E+02  0.1624799E+02
  0.4371413E+02  0.1009276E+02  0.2106586E+02
  0.2226070E+02  0.1111480E+02  0.8854445E+00
  0.2911273E+02  0.5257645E+00  0.1967416E+02
  0.1519928E+02  0.9820992E+01  0.1257892E+02
  0.2051951E+02  0.1490117E+02  0.5319014E+01
  0.3728606E+02  0.1272530E+02  0.7259288E+01
  0.1878323E+02  0.1774669E+02  0.1176944E+02
  0.4832522E+02  0.1229206E+02  0.1380068E+02
  0.3451343E+02  0.5377204E+01  0.1884401E+02
  0.3513943E+02  0.2080072E+01  0.1871710E+02
  0.3453422E+02  0.1971937E+02  0.2037934E+02
  0.3377300E+02  0.4704093E+01  0.2444701E+00
  0.2270164E+02  0.9515900E+01  0.1551932E+02
  0.1833368E+02  0.1355383E+02  0.1052562E+02
  0.2437115E+02  0.2064984E+02  0.7199182E+01
  0.2782100E+02  0.4394307E+01  0.8949513E+01
  0.4152285E+02  0.1665645E+02  0.2934171E+01
  0.4289746E+02  0.6825298E+01  0.7119966E+01
  0.3911166E+02  0.1399992E+02  0.2119196E+01
  0.1448364E+02  0.1312469E+01  0.4378000E+01
  0.4619569E+02  0.1012778E+02  0.2011094E+02
  0.1379890E+02  0.7492024E+01  0.1533279E+02
  0.3531839E+02  0.8629483E+01  0.2001905E+02
  0.2842596E+02  0.1577417E+02  0.1625795E+02
  0.3186253E+02  0.1839727E+02  0.5650942E+01
  0.3936282E+02  0.1871888E+02  0.1208283E+02
  0.2080458E+02  0.5005873E+01  0.5538269E+01
  0.3420227E+02  0.9518803E+01  0.1699060E+02
  0.3690232E+02  0.8839121E+01  0.1498615E+01
  0.3606822E+02  0.1631154E+02  0.1031902E+02
  0.1228928E+02  0.7078456E+01  0.2676853E+01
  0.4998621E+02  0.1311389E+02  0.7942379E+01
  0.1035292E+02  0.1634579E+01  0.8247893E+01
  0.2399848E+02  0.9228849E+01  0.6694032E+00
  0.3858532E+02  0.1322074E+02  0.1571308E+02
  0.1411208E+02  0.1430952E+02  0.6483928E+01
  0.4713753E+02  0.3584830E+01  0.4754309E+01
  0.2017992E+02  0.1145446E+02  0.1933416E+02
  0.1719096E+02  0.1727745E+02  0.1525842E+02
  0.3554815E+02  0.5229565E+01  0.1679651E+01
  0.3771372E+02  0.1133450E+02  0.2047123E+02
  0.4333428E+02  0.2138742E+02  0.1805887E+02
  0.1388156E+02  0.3602127E+01  0.5532765E+01
  0.3671823E+02  0.1448526E+01  0.2217480E+01
  0.5230227E+02  0.6938817E+01  0.1171733E+02
  0.5366210E+02  0.1667636E+02  0.8141792E+01
  0.3228682E+02  0.1609681E+02  0.6445065E+01
  0.5005659E+02  0.1088397E+02  0.1283774E+02
  0.3706609E+02  0.3229357E+00  0.1348839E+02
  0.2540262E+02  0.8817716E+01  0.1320274E+02
  0.2232894E+02  0.2166474E+02  0.2010482E+02
  0.4316703E+02  0.9573343E+01  0.7728742E+01
  0.3092439E+02  0.2090947E+02  0.1298578E+02
  0.2340790E+02  0.5038840E+01  0.1557122E+02
  0.2114545E+02  0.4514835E+01  0.1441704E+02
  0.4107973E+02  0.3685782E+01  0.1834851E+02
  0.2402825E+02  0.1860596E+02  0.1780932E+02
  0.1599581E+02  0.6216947E+01  0.1247478E+02
  0.2680663E+02  0.6783485E+01  0.2066392E+02
  0.2518588E+02  0.1464994E+02  0.8776461E+01
  0.2961341E+02  0.9786365E+00  0.7318673E+01
  0.5064947E+02  0.2139626E+02  0.1752210E+02
  0.3016163E+02  0.5872522E+01  0.3536584E+01
  0.4243605E+02  0.8780078E+01  0.1030816E+01
  0.3448644E+02  0.2922555E+01  0.1124330E+02
  0.3226353E+02  0.1917810E+02  0.1569086E+02
  0.4729791E+02  0.3638005E+01  0.7208846E+01
  0.4122472E+02  0.1352935E+02  0.1311779E+02
  0.1453577E+02  0.7411611E+01  0.2146543E+02
  0.3507007E+02  0.1860655E+02  0.1375404E+02
  0.5259584E+02  0.4330276E+01  0.5402870E+01
  0.4602202E+02  0.1831644E+02  0.2055477E+02
  0.1521239E+02  0.1216896E+02  0.5908316E+01
  0.1925137E+02  0.9237953E+01  0.1849946E+02
  0.3347291E+02  0.7123206E+01  0.1997490E+02
  0.3035690E+02  0.1818448E+02  0.1957916E+02
  0.1706797E+02  0.1023969E-01  0.2753164E+01
  0.4914067E+02  0.1641371E+02  0.2095128E+02
  0.5580933E+02  0.3553344E+01  0.1664508E+02
  0.2951329E+02  0.1901509E+02  0.5660833E+01
  0.1954444E+02  0.9358610E+01  0.2589722E+01
  0.3851234E+02  0.1861333E+02  0.7618494E+01
  0.3272284E+02  0.2100047E+02  0.2965463E+01
  0.1273027E+02  0.1126004E+02  0.2122790E+02
  0.2139883E+02  0.1919146E+02  0.8886883E+01
  0.1821824E+02  0.1499064E+02  0.2103196E+02
  0.1811881E+02  0.2072163E+02  0.1417997E+02
  0.3138438E+02  0.7521905E+01  0.2129099E+02
  0.1406423E+02  0.8112427E+00  0.8245610E+01
  0.4995964E+02  0.1396460E+02  0.1250660E+02
  0.3577427E+02  0.3008923E+01  0.1317527E+02
  0.4068009E+02  0.7885210E+01  0.1520851E+02
  0.3143104E+02  0.5147958E+01  0.1706279E+02
  0.3786872E+02  0.4633314E+01  0.1588321E+02
  0.2802435E+02  0.1035123E+02  0.2102867E+02
  0.3773867E+02  0.4321373E+01  0.3971095E+01
  0.2371526E+02  0.4647638E+01  0.7227753E+01
  0.4536067E+02  0.4982461E+01  0.1659008E+02
  0.4929355E+02  0.5542652E+00  0.1972800E+02
  0.2053288E+02  0.2102598E+02  0.1889701E+02
  0.2399304E+02  0.5371182E+00  0.1855336E+02
  0.1683797E+02  0.1666278E+02  0.1097648E+00
  0.9828111E+01  0.4097185E+01  0.8042243E+01
  0.1403109E+02  0.6116412E+01  0.1854966E+01
  0.3133442E+02  0.1548352E+02  0.4258278E+01
  0.3207535E+02  0.1757216E+02  0.2320602E+01
  0.3238561E+02  0.4046862E+01  0.1094993E+02
  0.4699312E+02  0.4965361E+01  0.1946571E+01
  0.1625652E+02  0.1103082E+02  0.1449692E+02
  0.2723356E+02  0.1101057E+01  0.7590352E+01
  0.3558702E+02  0.1506148E+02  0.1515479E+02
  0.3543390E+02  0.3348947E+01  0.3032125E+01
  0.2158527E+02  0.2151110E+02  0.1373449E+02
  0.1915084E+02  0.2166232E+02  0.3703955E+01
  0.5075982E+02  0.1434997E+02  0.1608040E+01
  0.3062397E+02  0.2078602E+01  0.2466580E+01
  0.3005723E+02  0.1316910E+01  0.1293690E+02
  0.3106829E+02  0.1440090E+02  0.1892701E+02
  0.4452835E+02  0.6568124E+01  0.3118316E+01
  0.4101209E+02  0.1509139E+02  0.7252881E+01
  0.3684845E+02  0.1720328E+02  0.7098959E+01
  0.3767294E+02  0.3768975E+01  0.1179628E+02
  0.8365725E+01  0.7310444E+01  0.1903077E+01
  0.3868552E+02  0.9128028E+01  0.1428629E+02
  0.1409915E+02  0.2815340E+01  0.1785493E+02
  0.1295967E+02  0.1520587E+02  0.2041323E+02
  0.1736357E+02  0.1972985E+02  0.1222140E+02
  0.1163961E+02  0.5676011E+01  0.7152554E+01
  0.4195248E+02  0.1829439E+02  0.2208303E+00
  0.1793962E+02  0.1503638E+02  0.3094931E+01
  0.1112942E+02  0.5462352E+01  0.1150115E+02
  0.4050135E+02  0.1305127E+02  0.5939281E+01
  0.2928428E+02  0.2014060E+02  0.1495581E+02
  0.3690222E+02  0.6756222E+01  0.2052795E+02
  0.1947050E+02  0.2110102E+02  0.5814487E+01
  0.4987413E+02  0.1222149E+01  0.1394346E+02
  0.1038097E+02  0.1680850E+02  0.1799752E+02
  0.2567407E+02  0.4545134E+01  0.2255189E+01
  0.5026632E+02  0.3133938E+01  0.9830096E+01
  0.2749335E+02  0.1426154E+00  0.1527953E+02
  0.2539846E+02  0.1847937E+02  0.1366912E+02
  0.4388388E+02  0.1398249E+02  0.9046928E+01
  0.1034464E+02  0.7961180E+01  0.1654978E+02
  0.1792822E+02  0.7966763E+01  0.1672017E+02
  0.3490240E+02  0.1564209E+02  0.8213819E+01
  0.2954716E+02  0.2005371E+02  0.1233257E+01
  0.4279214E+02  0.2034276E+02  0.1079558E+02
  0.2967803E+02  0.8518460E+01  0.1830423E+02
  0.5218138E+02  0.1486160E+02  0.8518261E+01
  0.5259521E+02  0.1127334E+02  0.1582017E+02
  0.2679606E+02  0.1469113E+02  0.5500807E+01
  0.1557673E+02  0.1185138E+01  0.2512355E+00
  0.2593129E+02  0.1079886E+02  0.1460312E+02
  0.1754786E+02  0.5130231E+01  0.1849556E+02
  0.1918633E+02  0.1338122E+02  0.4455960E+01
  0.3148201E+02  0.2146432E+02  0.1916885E+02
  0.3522917E+02  0.3696901E+01  0.2038757E+02
  0.3294680E+02  0.1024713E+01  0.9636051E+01
  0.3514883E+02  0.2153938E+02  0.1873249E+02
  0.2328200E+02  0.1350258E+02  0.4905538E+01
  0.4099133E+02  0.1494897E+02  0.1099001E+01
  0.1167321E+02  0.1134026E+01  0.1667581E+02
  0.1926807E+02  0.5812473E+01  0.2799530E+01
  0.3369902E+02  0.1578357E+02  0.3276764E+01
  0.2202084E+02  0.1316021E+02  0.1975560E+02
  0.2672418E+02  0.1911045E+02  0.1125109E+01
  0.2781224E+02  0.6767133E+01  0.1116234E+01
  0.2684643E+02  0.1130725E+02  0.1111192E+02
  0.2676514E+02  0.2156270E+02  0.9880398E+01
  0.4338661E+02  0.1882551E+02  0.6274227E+01
  0.1553894E+02  0.1454742E+02  0.2719645E+01
  0.1257330E+02  0.6672624E+01  0.1734184E+02
  0.4601928E+02  0.1139606E+02  0.1437536E+02
  0.2109347E+02  0.1031471E+02  0.1736416E+02
  0.3360909E+02  0.1381059E+02  0.7964012E+01
  0.4728272E+02  0.2133970E+02  0.1554178E+01
  0.2894446E+02  0.1694833E+02  0.1267128E+02
  0.1055671E+02  0.2066434E+02  0.1259847E+02
  0.4816176E+02  0.1911921E+02  0.5966398E+01
  0.4145793E+02  0.7031348E+01  0.1971592E+02
  0.3355463E+02  0.5487485E+01  0.1582109E+02
  0.4043049E+02  0.7340315E+01  0.4393720E+01
  0.4054799E+02  0.1708777E+02  0.9708242E+01
  0.5237316E+02  0.1674933E+02  0.3577809E+01
  0.3079671E+02  0.1668132E+02  0.5786425E+00
  0.5291976E+02  0.2044957E+01  0.1070373E+02
  0.4675123E+02  0.1786675E+02  0.1076757E+02
  0.5015695E+02  0.1723667E+02  0.1774492E+02
  0.5236531E+02  0.1309871E+02  0.2044426E+02
  0.4666296E+02  0.2124662E+02  0.1259655E+02
  0.4428666E+02  0.1773460E+02  0.6675339E+00
  0.4821850E+02  0.2677984E+01  0.1114228E+02
  0.3593581E+02  0.3229699E+01  0.1660557E+02
  0.3642217E+02  0.1268036E+02  0.2969404E+01
  0.4659284E+02  0.1876730E+02  0.1186435E+01
  0.5177852E+02  0.1960795E+02  0.4946352E+01
  0.5365770E+02  0.1774496E+02  0.1526936E-01
  0.5563044E+02  0.1417997E+02  0.1645465E+02
  0.4415209E+02  0.1500702E+02  0.6709963E+01
  0.4667490E+02  0.1778263E+02  0.1325418E+02
  0.5700659E+02  0.2364726E+01  0.1646965E+01
  0.5699370E+02  0.2083745E+02  0.4250911E+01
  0.5293696E+02  0.1479577E+02  0.2327763E+01
  0.5380979E+02  0.8608294E+00  0.6903164E+00
  0.5844585E+02  0.3717793E+01  0.2935685E+01
  0.5801876E+02  0.9636490E+00  0.5445765E+01
  0.4623114E+02  0.2166627E+02  0.1034875E+02
  0.5972471E+02  0.2130318E+02  0.1628305E+01
  0.6225288E+02  0.2058604E+01  0.1546665E+01
  0.6231487E+02  0.2116102E+02  0.4560513E+01
  0.5950252E+02  0.2390769E+01  0.4234999E+01
  0.6105121E+02  0.1004252E+01  0.3178813E+01
  0.6395370E+02  0.3409745E+01  0.2766862E+01
  0.6345667E+02  0.9395191E+00  0.5690708E+01
  0.6109594E+02  0.3654493E+01  0.5730725E+01
  0.5089152E+02  0.1233196E+02  0.1884134E+02
  0.3187379E+02  0.1295062E+02  0.1534957E+02
  0.3821301E+02  0.8970917E+01  0.2118177E+02
  0.4487768E+02  0.1301147E+01  0.1329847E+02
  0.5699426E+02  0.1817402E+02  0.1398311E+01
  0.4400191E+02  0.1655709E+02  0.2583825E+01
  0.4923698E+02  0.2012838E+02  0.2102587E+01
  0.2232838E+02  0.1854277E+02  0.1608869E+02
  0.5133700E+02  0.2570868E+01  0.4330518E+01
  0.5387164E+02  0.5649289E+01  0.3935494E+00
  0.3669073E+02  0.1295938E+02  0.1140123E+02
  0.3708760E+02  0.1795827E+02  0.4420846E+01
  0.5093484E+02  0.7585103E-01  0.4940054E+01
  0.5369107E+02  0.1298904E+02  0.3493008E+01
  0.4221265E+02  0.7184847E+01  0.3056120E+01
  0.5316851E+02  0.1430306E+02  0.1335331E+02
  0.5454211E+02  0.1933669E+01  0.1504450E+02
  0.5676927E+02  0.7776624E+01  0.1424606E+01
  0.5678852E+02  0.5274800E+01  0.3626652E+01
  0.5457968E+02  0.1222961E+02  0.2084180E+02
  0.5380220E+02  0.7624666E+01  0.2051677E+02
  0.5809692E+02  0.8812845E+01  0.3178751E+01
  0.5821849E+02  0.6633254E+01  0.5317479E+01
  0.4953911E+02  0.1279559E+02  0.3111573E+01
  0.5958992E+02  0.4857091E+01  0.1334489E+01
  0.6278152E+02  0.7809338E+01  0.1409014E+01
  0.6260697E+02  0.4891317E+01  0.4193237E+01
  0.5998537E+02  0.7481702E+01  0.4067928E+01
  0.6110613E+02  0.6064535E+01  0.2616536E+01
  0.6430446E+02  0.8993364E+01  0.2889801E+01
  0.6395505E+02  0.6438305E+01  0.5496126E+01
  0.6119462E+02  0.8994564E+01  0.5516100E+01
  0.4517871E+02  0.1268254E+02  0.7246804E+01
  0.4006492E+02  0.1208881E+02  0.9235338E+00
  0.4626353E+02  0.1591482E+02  0.7541535E+01
  0.5132960E+02  0.1781539E+01  0.2024572E+02
  0.3826953E+02  0.3767103E+01  0.6323063E+01
  0.5486548E+02  0.1231382E+01  0.4755343E+01
  0.3813231E+02  0.1699348E+01  0.1145466E-01
  0.2436456E+02  0.1366139E+02  0.1755541E+02
  0.4712535E+02  0.6445553E+01  0.1946620E+02
  0.5421847E+02  0.1293969E+02  0.1493759E+02
  0.4908865E+02  0.1955071E+02  0.9686460E+01
  0.3511506E+02  0.2037524E+02  0.8167989E+01
  0.5025470E+02  0.8866878E+01  0.6287609E+01
  0.5340069E+02  0.1264372E+02  0.6083221E+01
  0.5044795E+02  0.1928356E+02  0.1309480E+02
  0.4983782E+02  0.2087996E+02  0.1537721E+02
  0.5446799E+02  0.1085817E+02  0.6933992E+00
  0.5701920E+02  0.1305274E+02  0.1546333E+01
  0.5643129E+02  0.1032145E+02  0.4200082E+01
  0.4291646E+02  0.4105098E+01  0.4798605E+01
  0.5548123E+02  0.1164126E+02  0.2567586E+01
  0.5821453E+02  0.1426656E+02  0.3182118E+01
  0.5778596E+02  0.1137220E+02  0.5836765E+01
  0.5500973E+02  0.1442967E+02  0.5408847E+01
  0.5963111E+02  0.1007235E+02  0.1556274E+01
  0.6229585E+02  0.1277438E+02  0.1442429E+01
  0.6262898E+02  0.1040912E+02  0.4160850E+01
  0.5954117E+02  0.1263151E+02  0.4574859E+01
  0.6080346E+02  0.1141014E+02  0.2871025E+01
  0.6373371E+02  0.1417903E+02  0.2680348E+01
  0.6404005E+02  0.1181456E+02  0.5585954E+01
  0.6069930E+02  0.1397657E+02  0.5888135E+01
  0.3690341E+02  0.7141702E+01  0.1201750E+02
  0.4880459E+02  0.1356405E+02  0.1927002E+02
  0.4396077E+02  0.1173715E+02  0.4144355E+01
  0.4513794E+02  0.1093617E+02  0.1651077E+02
  0.4617734E+02  0.2078776E+01  0.8262672E+01
  0.2984316E+02  0.1124062E+02  0.1973872E+02
  0.3154761E+02  0.1059767E+02  0.6033336E+01
  0.4838196E+02  0.2103784E+02  0.7574652E+01
  0.4831114E+02  0.1036837E+02  0.5954764E+01
  0.4302951E+02  0.1288412E+02  0.5959139E+01
  0.4661430E+02  0.1416047E+02  0.1148151E+02
  0.4499508E+02  0.8516983E+01  0.1519943E+01
  0.3555337E+02  0.1382757E+01  0.5514515E+01
  0.5076726E+02  0.8739878E+01  0.2881653E+01
  0.2203081E+02  0.1773042E+02  0.3321117E+01
  0.4043531E+02  0.1685111E+02  0.1451316E+02
  0.5234076E+02  0.1011884E+02  0.1420539E+01
  0.5611720E+02  0.2015043E+02  0.3714518E+00
  0.5649031E+02  0.1573007E+02  0.4126846E+01
  0.4917193E+02  0.1925834E+02  0.1732234E+02
  0.5533148E+02  0.1699764E+02  0.2567073E+01
  0.5831662E+02  0.1951136E+02  0.2837925E+01
  0.5800771E+02  0.1691966E+02  0.5471117E+01
  0.5388107E+02  0.1318004E+02  0.9583217E+01
  0.5951386E+02  0.1562934E+02  0.1691604E+01
  0.6199878E+02  0.1846324E+02  0.1426155E+01
  0.6211452E+02  0.1513151E+02  0.4225194E+01
  0.5969830E+02  0.1833738E+02  0.4210732E+01
  0.6116734E+02  0.1680049E+02  0.2885766E+01
  0.6363405E+02  0.1979666E+02  0.2907185E+01
  0.6336866E+02  0.1692649E+02  0.5336804E+01
  0.6080297E+02  0.1981086E+02  0.5713778E+01
  0.5420069E+02  0.1034773E+02  0.1214613E+02
  0.5071593E+02  0.1274869E+02  0.5650068E+01
  0.4790430E+02  0.4203212E+01  0.1296773E+02
  0.4494395E+02  0.2117893E+02  0.2286831E+01
  0.3927385E+02  0.1589045E+02  0.1861434E+02
  0.4299852E+02  0.1888720E+02  0.1272956E+02
  0.3664463E+02  0.1229122E+02  0.1834531E+02
  0.4955411E+02  0.1399370E+02  0.2127340E+02
  0.4113208E+02  0.5830474E+01  0.1259895E+02
  0.4257523E+02  0.1714856E+01  0.1003073E+02
  0.5000475E+02  0.1826021E+02  0.7470455E+01
  0.5299271E+02  0.2014481E+02  0.2834347E+01
  0.4790599E+02  0.2600577E+01  0.1920301E+02
  0.5303388E+02  0.1041989E+02  0.5497148E+01
  0.5457965E+02  0.1567757E+02  0.1196268E+02
  0.5393293E+02  0.4956963E+01  0.1201815E+02
  0.5122999E+02  0.1700619E+02  0.1993406E+02
  0.5705326E+02  0.2449317E+01  0.6865858E+01
  0.5708788E+02  0.2119700E+02  0.9206500E+01
  0.4684435E+02  0.1208649E+02  0.1916438E+02
  0.3300524E+02  0.8227217E+01  0.3101805E+01
  0.5854973E+02  0.3716943E+01  0.8262258E+01
  0.5840433E+02  0.6474300E+00  0.1101873E+02
  0.5528976E+02  0.1996998E+02  0.5394270E+01
  0.5950128E+02  0.2152832E+02  0.6832379E+01
  0.6249058E+02  0.2433946E+01  0.7130809E+01
  0.6263224E+02  0.2154608E+02  0.9088759E+01
  0.5964179E+02  0.2293319E+01  0.9857810E+01
  0.6070341E+02  0.1053586E+01  0.8237334E+01
  0.6385946E+02  0.3780766E+01  0.8357186E+01
  0.6427664E+02  0.8367721E+00  0.1067532E+02
  0.6098448E+02  0.3558152E+01  0.1111289E+02
  0.5167642E+02  0.4001819E+01  0.1156431E+02
  0.4797504E+02  0.1810578E+01  0.2336225E+01
  0.5007324E+02  0.1082477E+02  0.4230849E+01
  0.3390385E+02  0.1492107E+02  0.1780152E+02
  0.4504088E+02  0.1120727E+02  0.1140708E+01
  0.3340162E+02  0.3589788E-01  0.5787587E+01
  0.3127854E+02  0.2622401E+01  0.9394502E+01
  0.5412872E+02  0.1733875E+02  0.1688684E+02
  0.3773074E+02  0.2098935E+02  0.2974336E+01
  0.5570450E+02  0.1080737E+01  0.8131873E+01
  0.5459077E+02  0.2945688E+01  0.9186422E+01
  0.4426231E+02  0.1720506E+02  0.7748381E+01
  0.4462193E+02  0.7035363E+01  0.1750404E+02
  0.4111535E+02  0.9873978E+01  0.1012524E+02
  0.5163810E+02  0.8493745E+00  0.6906638E+00
  0.3742912E+02  0.1787808E+00  0.1978631E+02
  0.4247446E+02  0.1202770E+02  0.1002313E+02
  0.5661591E+02  0.7743370E+01  0.6706304E+01
  0.5731459E+02  0.4868303E+01  0.9804114E+01
  0.5575701E+02  0.9254427E+01  0.1026344E+02
  0.4840524E+02  0.6587098E+01  0.1267207E+02
  0.5781475E+02  0.9158628E+01  0.8172233E+01
  0.5830773E+02  0.6598297E+01  0.1106598E+02
  0.5335416E+02  0.9809157E+01  0.7717121E+01
  0.5959990E+02  0.5171507E+01  0.6724759E+01
  0.6256154E+02  0.7772944E+01  0.6769408E+01
  0.6211656E+02  0.5110663E+01  0.9407359E+01
  0.5964927E+02  0.7995429E+01  0.9569693E+01
  0.6093869E+02  0.6818364E+01  0.8112134E+01
  0.6400416E+02  0.8780564E+01  0.8138993E+01
  0.6383071E+02  0.6136544E+01  0.1082718E+02
  0.6107117E+02  0.8977336E+01  0.1114702E+02
  0.2924428E+02  0.2002544E+02  0.2063203E+02
  0.4498854E+02  0.8322508E+01  0.4683178E+01
  0.4884440E+02  0.1521298E+02  0.1746882E+02
  0.4643691E+02  0.8907540E+01  0.1675700E+02
  0.4377611E+02  0.8214040E+01  0.1961224E+02
  0.4181023E+02  0.1070358E+02  0.2265132E+01
  0.4222411E+02  0.9804131E+01  0.1716670E+02
  0.4718648E+02  0.5311943E+00  0.1607749E+02
  0.3702575E+02  0.1543272E+02  0.1309909E+01
  0.5521875E+02  0.6598036E+01  0.2349331E+01
  0.4371704E+02  0.2418982E+01  0.8295522E+01
  0.5413405E+02  0.1849826E+02  0.4114722E+01
  0.4007785E+02  0.3876776E+01  0.3787651E+01
  0.3089239E+02  0.9637794E+01  0.1119377E+02
  0.3727296E+02  0.2046608E+02  0.1777855E+02
  0.5433279E+02  0.6860120E+01  0.4546948E+01
  0.4724687E+02  0.1339701E+02  0.4228660E+01
  0.5649008E+02  0.1312149E+02  0.6926692E+01
  0.5678424E+02  0.1098958E+02  0.9310321E+01
  0.4135069E+02  0.8589408E+01  0.6199847E+01
  0.5495915E+02  0.1176621E+02  0.8050628E+01
  0.5795215E+02  0.1430368E+02  0.8130656E+01
  0.5815400E+02  0.1182009E+02  0.1105752E+02
  0.5575640E+02  0.1767096E+02  0.8788521E+01
  0.5958055E+02  0.1010255E+02  0.6968716E+01
  0.6224055E+02  0.1269648E+02  0.6856811E+01
  0.6254877E+02  0.1004860E+02  0.9669515E+01
  0.5947857E+02  0.1279204E+02  0.9334485E+01
  0.6097596E+02  0.1122625E+02  0.8337899E+01
  0.6383077E+02  0.1405727E+02  0.7994484E+01
  0.6380240E+02  0.1151732E+02  0.1106531E+02
  0.6091579E+02  0.1420460E+02  0.1076165E+02
  0.3875453E+02  0.2046764E+02  0.1376446E+02
  0.4522925E+02  0.1855772E+02  0.4250435E+01
  0.3511790E+02  0.2084591E+02  0.1268448E+02
  0.4604294E+02  0.3587010E+01  0.2013493E+02
  0.2058117E+02  0.1706965E+01  0.6339011E+01
  0.4738594E+02  0.7076159E+01  0.7732819E+01
  0.2936774E+02  0.3366089E+01  0.1553653E+02
  0.3961943E+02  0.2617732E+00  0.1890013E+02
  0.3510235E+02  0.5339452E+01  0.4617821E+01
  0.5230661E+02  0.6893925E+01  0.9472301E+01
  0.4726504E+02  0.4380111E+01  0.1782624E+02
  0.5077809E+02  0.1216304E+02  0.1132386E+02
  0.4789101E+02  0.8656452E+01  0.1885830E+02
  0.4165527E+02  0.2028237E+02  0.1951366E+01
  0.4856995E+02  0.7435184E+00  0.5326991E+01
  0.4347383E+02  0.3675818E+01  0.1735915E+02
  0.5478886E+02  0.5191832E+01  0.6111582E+01
  0.5682540E+02  0.1857385E+02  0.6819017E+01
  0.5694515E+02  0.1562801E+02  0.9747790E+01
  0.4223578E+02  0.2066138E+02  0.1419003E+02
  0.3825817E+02  0.6507166E+01  0.1873222E+02
  0.5855369E+02  0.1977092E+02  0.8145822E+01
  0.5849352E+02  0.1691225E+02  0.1109233E+02
  0.5582688E+02  0.1944427E+02  0.1027846E+02
  0.5935062E+02  0.1562643E+02  0.6984757E+01
  0.6206887E+02  0.1838882E+02  0.6966158E+01
  0.6230449E+02  0.1551484E+02  0.9533693E+01
  0.5980577E+02  0.1845725E+02  0.9559753E+01
  0.6093032E+02  0.1673245E+02  0.8342274E+01
  0.6379571E+02  0.1975277E+02  0.7997000E+01
  0.6387096E+02  0.1716576E+02  0.1053580E+02
  0.6141693E+02  0.2011018E+02  0.1081821E+02
  0.4954219E+02  0.1283114E+02  0.1556048E+02
  0.2201520E+02  0.2224747E+01  0.2610985E+01
  0.4271794E+02  0.2473684E+01  0.1371524E+02
  0.4098036E+02  0.4391616E+01  0.1612557E+01
  0.5494375E+02  0.1892574E+02  0.2000592E+02
  0.4738222E+02  0.1260805E+02  0.6549820E+01
  0.4031034E+02  0.7432172E+01  0.1762521E+02
  0.5278963E+02  0.1857665E+02  0.1270600E+02
  0.4286304E+02  0.9395520E+01  0.4013149E+01
  0.4554334E+02  0.1569268E+02  0.9883146E+01
  0.4056314E+02  0.8248883E+01  0.2130329E+02
  0.5231441E+02  0.7923427E+01  0.4611100E+01
  0.4903557E+02  0.7134758E+01  0.6002754E+01
  0.5374373E+02  0.1990545E+02  0.1085850E+02
  0.5578499E+02  0.3723354E+01  0.1101526E+02
  0.4074384E+02  0.1646416E+01  0.4273356E+01
  0.5565713E+02  0.5628246E+00  0.1336729E+02
  0.5705908E+02  0.2130512E+01  0.1234789E+02
  0.5704936E+02  0.2109510E+02  0.1486276E+02
  0.4863469E+02  0.9664777E+01  0.1049904E+02
  0.5062479E+02  0.1599127E+02  0.1137140E+02
  0.5842238E+02  0.3171407E+01  0.1388313E+02
  0.5851988E+02  0.8800135E+00  0.1626540E+02
  0.5183012E+02  0.2158683E+02  0.1312218E+02
  0.5992323E+02  0.2121120E+02  0.1243137E+02
  0.6282146E+02  0.2235259E+01  0.1198181E+02
  0.6255717E+02  0.2087055E+02  0.1488375E+02
  0.6027816E+02  0.2193492E+01  0.1490775E+02
  0.6182806E+02  0.7544939E+00  0.1348787E+02
  0.6362292E+02  0.3656488E+01  0.1341058E+02
  0.6381155E+02  0.6068413E+00  0.1632969E+02
  0.6120186E+02  0.3628099E+01  0.1643708E+02
  0.3562563E+02  0.1928908E+02  0.6230493E+01
  0.4652765E+02  0.4086747E+00  0.6567802E+01
  0.5222061E+02  0.1703766E+02  0.1474062E+02
  0.4264375E+02  0.1521185E+01  0.1572505E+02
  0.4478423E+02  0.4773566E+01  0.1194950E+01
  0.4564235E+02  0.6474073E+01  0.1012414E+02
  0.4076486E+02  0.1765729E+02  0.1871336E+02
  0.3465792E+02  0.3890120E+01  0.8118804E+01
  0.4159460E+02  0.5681084E+01  0.8935334E+01
  0.4299479E+02  0.4136407E+01  0.1005160E+02
  0.4868769E+02  0.2393501E+00  0.1177683E+02
  0.3437616E+02  0.6058477E+01  0.7085465E+01
  0.5607008E+02  0.6126318E+01  0.7928629E+01
  0.5166128E+02  0.4780045E+00  0.9532108E+01
  0.4478880E+02  0.3851043E+01  0.1385151E+02
  0.4313726E+02  0.1257086E+02  0.1146802E+01
  0.4696608E+02  0.9355276E+01  0.4073631E+01
  0.5669726E+02  0.7944701E+01  0.1214110E+02
  0.5692742E+02  0.4805829E+01  0.1482461E+02
  0.4555192E+02  0.1224048E+02  0.1210543E+02
  0.5559591E+02  0.6118764E+01  0.1320677E+02
  0.5812993E+02  0.8888300E+01  0.1371776E+02
  0.5836891E+02  0.6273007E+01  0.1627625E+02
  0.5436362E+02  0.7587684E+01  0.1495143E+02
  0.5955198E+02  0.4760792E+01  0.1254931E+02
  0.6261641E+02  0.7570916E+01  0.1230926E+02
  0.6259263E+02  0.4997947E+01  0.1524788E+02
  0.5991638E+02  0.7914410E+01  0.1506444E+02
  0.6097268E+02  0.6451981E+01  0.1362563E+02
  0.6393316E+02  0.8939535E+01  0.1368692E+02
  0.6401223E+02  0.6463107E+01  0.1629447E+02
  0.6126191E+02  0.9195220E+01  0.1664505E+02
  0.3937984E+02  0.1989643E+02  0.1594641E+01
  0.3817917E+02  0.2157983E+01  0.9379522E+01
  0.4831363E+02  0.8471441E+01  0.1520439E+02
  0.4280543E+02  0.1465482E+02  0.2138787E+02
  0.5705525E+02  0.1274462E+02  0.1770939E+02
  0.3314155E+02  0.1088412E+02  0.1858154E+02
  0.4512931E+02  0.6272987E+01  0.1440097E+02
  0.2799600E+02  0.5389568E+01  0.4245077E+01
  0.4276341E+02  0.2171028E+02  0.4773390E+01
  0.2492532E+02  0.1042063E+02  0.2159316E+01
  0.3837617E+02  0.1572331E+02  0.9801226E+01
  0.4365284E+02  0.7602297E+01  0.9232089E+01
  0.4212480E+02  0.1022081E+02  0.1363352E+02
  0.3248457E+02  0.1406453E+02  0.2062942E+02
  0.5546196E+02  0.8668326E+01  0.1655639E+02
  0.5597180E+02  0.1705263E+02  0.1341448E+02
  0.5078154E+02  0.2065850E+02  0.1119659E+02
  0.5690633E+02  0.1291160E+02  0.1248558E+02
  0.5688895E+02  0.1013666E+02  0.1535886E+02
  0.4475665E+02  0.1574447E+02  0.1213557E+02
  0.3879590E+02  0.1597752E+01  0.1499843E+02
  0.5996219E+02  0.1297345E+02  0.1489855E+02
  0.5559481E+02  0.1145741E+02  0.1371666E+02
  0.5111694E+02  0.1214030E+02  0.4278624E+00
  0.5937242E+02  0.1017950E+02  0.1205731E+02
  0.6238718E+02  0.1304957E+02  0.1233142E+02
  0.6251509E+02  0.1036257E+02  0.1525484E+02
  0.5868620E+02  0.1179132E+02  0.1635567E+02
  0.6106236E+02  0.1130110E+02  0.1347676E+02
  0.6378225E+02  0.1457970E+02  0.1359230E+02
  0.6390330E+02  0.1154673E+02  0.1644486E+02
  0.6174527E+02  0.1440776E+02  0.1597501E+02
  0.2876991E+02  0.5398746E+01  0.1101336E+02
  0.5362924E+02  0.2023224E+02  0.6381896E+00
  0.3640717E+02  0.1049158E+02  0.6901492E+01
  0.4278576E+02  0.1957893E+02  0.1625854E+02
  0.4291857E+02  0.7799756E+01  0.1643116E+02
  0.5033552E+02  0.2285152E+01  0.2040373E+01
  0.3951161E+02  0.2561141E+01  0.1306922E+02
  0.5349597E+02  0.1610449E+02  0.5686405E+01
  0.3287096E+02  0.7641820E+01  0.1618101E+02
  0.5498400E+02  0.9040919E+01  0.5395201E+01
  0.5084338E+02  0.1486427E+02  0.1456990E+02
  0.4691930E+02  0.1650208E+02  0.2378614E+01
  0.5155447E+02  0.9809075E+01  0.1445006E+02
  0.3458790E+02  0.9673907E+00  0.7691305E+01
  0.4874745E+02  0.2367785E+01  0.1573076E+02
  0.3397602E+02  0.1941662E+02  0.1495202E+01
  0.4916788E+02  0.1777163E+02  0.1148354E+02
  0.5720970E+02  0.1867096E+02  0.1201310E+02
  0.5701524E+02  0.1566767E+02  0.1516592E+02
  0.4840388E+02  0.6880532E+01  0.1428566E+01
  0.5563552E+02  0.1410199E+02  0.1100599E+02
  0.5851532E+02  0.1969945E+02  0.1376806E+02
  0.5864506E+02  0.1680943E+02  0.1658595E+02
  0.5491935E+02  0.2055277E+02  0.1823819E+02
  0.5979387E+02  0.1560332E+02  0.1235485E+02
  0.6274637E+02  0.1850551E+02  0.1197682E+02
  0.6276036E+02  0.1640436E+02  0.1444040E+02
  0.5971918E+02  0.1802050E+02  0.1492846E+02
  0.6095713E+02  0.1736633E+02  0.1317120E+02
  0.6394822E+02  0.1949919E+02  0.1364080E+02
  0.6362939E+02  0.1714213E+02  0.1655665E+02
  0.6106317E+02  0.1977059E+02  0.1632606E+02
  0.4171656E+02  0.2135871E+02  0.1996501E+02
  0.3860839E+02  0.1047863E+02  0.2745004E+01
  0.5019617E+02  0.8773778E+01  0.1815572E+02
  0.5164301E+02  0.3427794E+01  0.7476177E+01
  0.5018640E+02  0.1093032E+02  0.9155516E+01
  0.4575431E+02  0.7859180E+01  0.2103408E+02
  0.5577741E+02  0.3468463E+01  0.4992511E+01
  0.5022872E+02  0.1033414E+02  0.1988694E+02
  0.4904757E+02  0.1112259E+02  0.1045201E+01
  0.3997151E+02  0.2148979E+02  0.1065105E+02
  0.5184799E+02  0.1088714E+01  0.7079279E+01
  0.5303180E+02  0.2023717E+02  0.8516614E+01
  0.4716348E+02  0.1235933E+02  0.1258821E+01
  0.5444123E+02  0.4545338E+01  0.1777824E+02
  0.5402700E+02  0.2152911E+02  0.6786211E+01
  0.4512080E+02  0.1949961E+02  0.1146737E+02
  0.4957506E+02  0.1990972E+02  0.1957940E+02
  0.5759432E+02  0.2520220E+01  0.1771121E+02
  0.5754382E+02  0.2113657E+02  0.2039320E+02
  0.4925762E+02  0.4444968E+01  0.1653848E+02
  0.5614708E+02  0.9019101E+00  0.1904961E+02
  0.5853242E+02  0.3834662E+01  0.1930686E+02
  0.5847226E+02  0.9400891E+00  0.8623481E-01
  0.5548111E+02  0.3881978E+01  0.2539612E+00
  0.5977235E+02  0.2126112E+02  0.1779976E+02
  0.6251650E+02  0.1899452E+01  0.1759844E+02
  0.6240170E+02  0.2128846E+02  0.2016291E+02
  0.5950835E+02  0.2167394E+01  0.2039886E+02
  0.6088866E+02  0.9943517E+00  0.1914090E+02
  0.6383130E+02  0.3565332E+01  0.1862922E+02
  0.6368568E+02  0.8099027E+00  0.2168447E+02
  0.6110741E+02  0.3483022E+01  0.2882223E-01
  0.2260552E+02  0.8096473E+01  0.2466659E+01
  0.4673498E+02  0.2401419E+01  0.1438145E+02
  0.4083160E+02  0.2020359E+02  0.4441980E+01
  0.4865913E+02  0.7568240E+01  0.3652367E+01
  0.5201089E+02  0.5062307E+01  0.2061671E+02
  0.2447836E+02  0.1672114E+02  0.4134794E+01
  0.4210499E+02  0.2025880E+02  0.7776226E+01
  0.4452673E+02  0.1794303E+02  0.1459421E+02
  0.4492737E+02  0.7446688E+01  0.1225768E+02
  0.5366143E+02  0.5499539E+01  0.1564910E+02
  0.5298352E+02  0.3321476E+01  0.1932822E+02
  0.5237968E+02  0.4608069E+01  0.9240359E+01
  0.3749802E+02  0.5330743E+01  0.6022874E+00
  0.5110266E+02  0.8932456E+01  0.8425642E+01
  0.4268715E+02  0.1545563E+02  0.1317213E+02
  0.5239896E+02  0.1492030E+02  0.1889108E+02
  0.5359049E+02  0.3718827E+01  0.1407665E+02
  0.5682425E+02  0.7314629E+01  0.1784200E+02
  0.5683206E+02  0.5052393E+01  0.2051364E+02
  0.4658725E+02  0.1276738E+01  0.4133430E+01
  0.5169304E+02  0.7090182E+01  0.1930754E+02
  0.5841726E+02  0.8625877E+01  0.1894174E+02
  0.5818250E+02  0.6428544E+01  0.1279133E+00
  0.5566507E+02  0.9028394E+01  0.2148348E+02
  0.5995073E+02  0.4941710E+01  0.1772968E+02
  0.6264924E+02  0.7632259E+01  0.1772444E+02
  0.6265250E+02  0.4805340E+01  0.2039135E+02
  0.5967007E+02  0.7335454E+01  0.2047000E+02
  0.6136277E+02  0.6269022E+01  0.1921301E+02
  0.6396252E+02  0.8699248E+01  0.1909333E+02
  0.6379082E+02  0.6139703E+01  0.1975036E+00
  0.6093621E+02  0.8857242E+01  0.1242377E+00
  0.4636685E+02  0.2784277E+01  0.8772964E+00
  0.3288837E+02  0.1682377E+01  0.1929422E+02
  0.5126534E+02  0.2012793E+02  0.8547192E+00
  0.4837430E+02  0.9194344E+01  0.1295182E+02
  0.4517049E+02  0.1044814E+02  0.8097366E+01
  0.3760383E+02  0.6797236E+01  0.3646679E+01
  0.2605661E+02  0.2157850E+02  0.5741384E+01
  0.4453361E+02  0.1972557E+02  0.1903386E+02
  0.4769442E+02  0.5965882E+01  0.1505178E+02
  0.4505593E+02  0.2101268E+02  0.4548758E+01
  0.2740043E+02  0.5070914E+01  0.1280176E+02
  0.2699768E+02  0.1888461E+02  0.2040345E+02
  0.4785393E+02  0.6958241E+01  0.1014446E+02
  0.4281479E+02  0.8150063E+01  0.1285131E+02
  0.5289757E+02  0.8173311E+00  0.3538863E+01
  0.4725433E+02  0.1473277E+02  0.9209750E+00
  0.3730859E+02  0.1300953E+02  0.6922929E+00
  0.5856235E+02  0.1439926E+02  0.1386714E+02
  0.5722597E+02  0.1032880E+02  0.2034473E+02
  0.4618548E+02  0.1148627E+02  0.3267557E+01
  0.5562600E+02  0.1160818E+02  0.1907224E+02
  0.5880082E+02  0.1390361E+02  0.1869924E+02
  0.5823619E+02  0.1156337E+02  0.3608400E+00
  0.5602802E+02  0.1407746E+02  0.2121745E+02
  0.5980867E+02  0.1033933E+02  0.1799490E+02
  0.6236681E+02  0.1286160E+02  0.1788812E+02
  0.6262266E+02  0.1005003E+02  0.2050329E+02
  0.5957082E+02  0.1274924E+02  0.2065599E+02
  0.6131266E+02  0.1160184E+02  0.1938747E+02
  0.6353949E+02  0.1410075E+02  0.1939064E+02
  0.6395057E+02  0.1128744E+02  0.3672070E+00
  0.6094250E+02  0.1430317E+02  0.1814672E+00
  0.5202877E+02  0.1834472E+02  0.1674653E+02
  0.5003820E+02  0.3502365E+01  0.1899312E+02
  0.4934510E+02  0.8864056E+01  0.2888616E+00
  0.4679797E+02  0.2037716E+02  0.1922888E+02
  0.2666621E+02  0.3258570E+01  0.3998148E+01
  0.5439877E+02  0.1534073E+02  0.1783736E+02
  0.4041253E+02  0.2166774E+02  0.1503154E+02
  0.4307978E+02  0.1364839E+01  0.2089925E+02
  0.5028687E+02  0.1096373E+02  0.1684377E+02
  0.5442347E+02  0.1569763E+02  0.5287577E+00
  0.5408054E+02  0.1036338E+02  0.1749475E+02
  0.4161071E+02  0.3492850E+01  0.1184947E+02
  0.5466653E+02  0.2006625E+01  0.2055737E+02
  0.4649637E+02  0.1546876E+02  0.1373248E+02
  0.4096680E+02  0.1950497E+02  0.9684474E+01
  0.3563855E+02  0.1861903E+02  0.1000074E+02
  0.5746948E+02  0.1553201E+02  0.2013491E+02
  0.5721596E+02  0.1817361E+02  0.1777713E+02
  0.5606549E+02  0.1694355E+02  0.1923100E+02
  0.5153215E+02  0.1503829E+02  0.6250091E+01
  0.4803837E+02  0.1080928E+02  0.1752114E+02
  0.5847217E+02  0.1952285E+02  0.1908072E+02
  0.5833247E+02  0.1693143E+02  0.1874644E+00
  0.5582661E+02  0.7985376E+00  0.2651137E+01
  0.6029033E+02  0.1537177E+02  0.1749298E+02
  0.6226227E+02  0.1841837E+02  0.1798252E+02
  0.6234271E+02  0.1570853E+02  0.2051962E+02
  0.5969502E+02  0.1831185E+02  0.2063774E+02
  0.6097303E+02  0.1685833E+02  0.1912682E+02
  0.6382720E+02  0.1999840E+02  0.1882871E+02
  0.6345773E+02  0.1718793E+02  0.2166278E+02
  0.6100748E+02  0.1988707E+02  0.1057162E+00
