         
  0.6515772E+02  0.0000000E+00  0.2171924E+02
  0.0000000E+00  0.0000000E+00  0.2171924E+02
  0.9085257E-01  0.2104075E+02  0.1430728E+01
  0.2559373E+01  0.1892979E+01  0.1444735E+01
  0.2831062E+01  0.2098780E+02  0.4113550E+01
  0.6503503E+02  0.1954242E+01  0.4147120E+01
  0.1412674E+01  0.5886303E+00  0.2742572E+01
  0.4126562E+01  0.3241138E+01  0.2634864E+01
  0.4046915E+01  0.4388646E+00  0.5351165E+01
  0.1259269E+01  0.3430452E+01  0.5350789E+01
  0.5718873E+01  0.2102685E+02  0.1016598E+01
  0.9501220E+01  0.2917291E+01  0.3031013E+01
  0.9534561E+01  0.1656157E+02  0.5884369E+01
  0.5313924E+01  0.1906471E+01  0.4075891E+01
  0.6684752E+01  0.4940543E+00  0.2884364E+01
  0.8117488E+01  0.9517947E+01  0.2050752E+02
  0.7896336E+01  0.1899263E+01  0.6708692E+01
  0.6561844E+01  0.3342437E+01  0.5361453E+01
  0.1801151E+02  0.5566772E+01  0.9431941E+01
  0.2837297E+02  0.2170409E+01  0.1460419E+02
  0.8341188E+01  0.2097327E+02  0.1984627E+02
  0.1861177E+02  0.1017859E+02  0.1956297E+02
  0.1146469E+02  0.1960939E+02  0.1140819E+02
  0.3766907E+02  0.1809333E+02  0.2040525E+02
  0.9233448E+01  0.9155355E+01  0.7544052E+01
  0.4022271E+02  0.2168951E+02  0.8839645E+01
  0.1483317E+02  0.2167254E+02  0.1371494E+02
  0.1740436E+02  0.1183359E+02  0.1837884E+02
  0.3361724E+02  0.1737547E+02  0.1571817E+02
  0.1337909E+02  0.1644581E+02  0.1405946E+02
  0.1492597E+02  0.9211617E+00  0.1602234E+02
  0.3343373E+02  0.1050113E+02  0.8196886E+01
  0.1089188E+02  0.2029805E+02  0.6325273E+01
  0.3025615E+02  0.5145378E+01  0.4732228E+01
  0.6503464E+02  0.4804192E+01  0.1421700E+01
  0.2739840E+01  0.7395891E+01  0.1235587E+01
  0.2692732E+01  0.4563964E+01  0.3737965E+01
  0.6480662E+02  0.7328171E+01  0.4112525E+01
  0.1083017E+01  0.6220677E+01  0.2699583E+01
  0.3845367E+01  0.8653404E+01  0.2583426E+01
  0.3891115E+01  0.5813746E+01  0.5334341E+01
  0.1423921E+01  0.8650446E+01  0.5258060E+01
  0.5361541E+01  0.4544188E+01  0.1339021E+01
  0.6300989E+01  0.5855057E+01  0.2740816E+01
  0.1172251E+02  0.9309738E+01  0.4881676E+01
  0.4964221E+01  0.7199282E+01  0.3911969E+01
  0.9337850E+01  0.6518590E+01  0.5157894E+01
  0.9104771E+01  0.8137522E+01  0.3362729E+01
  0.8484134E+01  0.4996747E+01  0.8881345E+01
  0.8404745E+01  0.1021291E+02  0.4183723E+01
  0.1347948E+02  0.8340493E+01  0.6013746E+01
  0.3479201E+02  0.4190977E+01  0.1686171E+02
  0.3218232E+02  0.6352870E+01  0.5309072E+01
  0.1992143E+02  0.7298375E+01  0.1366420E+01
  0.2455689E+02  0.1186667E+02  0.3067921E+01
  0.1113573E+02  0.9913289E+01  0.1051554E+02
  0.1874444E+02  0.7766658E+01  0.1818714E+02
  0.1076100E+02  0.1224459E+02  0.2453764E+01
  0.3044317E+02  0.8598689E+01  0.7686000E+01
  0.1303870E+02  0.1962888E+02  0.1840904E+02
  0.1716672E+02  0.1360227E+02  0.1100326E+02
  0.2837903E+02  0.1365859E+02  0.7503790E+01
  0.1944906E+02  0.2037832E+02  0.3375786E+00
  0.1116667E+02  0.9199551E+00  0.5710378E+01
  0.1012867E+02  0.1062042E+02  0.5858362E+01
  0.1336114E+02  0.2014405E+02  0.7257333E+00
  0.3734416E-01  0.9747975E+01  0.1251566E+01
  0.2464581E+01  0.1293155E+02  0.1314011E+01
  0.2793091E+01  0.1008012E+02  0.3938995E+01
  0.6501483E+02  0.1272448E+02  0.4057376E+01
  0.1200446E+01  0.1132119E+02  0.2495929E+01
  0.4072800E+01  0.1398921E+02  0.2715411E+01
  0.4189573E+01  0.1112414E+02  0.5447474E+01
  0.1314019E+01  0.1391325E+02  0.5307841E+01
  0.5305884E+01  0.1013726E+02  0.1305764E+01
  0.1431000E+02  0.8003123E+01  0.1400378E+02
  0.1213238E+02  0.1171359E+02  0.7912347E+01
  0.5435907E+01  0.1270265E+02  0.4050751E+01
  0.6868280E+01  0.1142969E+02  0.2584556E+01
  0.9996708E+01  0.1427132E+02  0.1177353E+01
  0.1549176E+02  0.1021949E+02  0.1954908E+02
  0.7007131E+01  0.1385124E+02  0.5491443E+01
  0.9493184E+01  0.1640415E+02  0.1532832E+00
  0.2595422E+02  0.1369055E+02  0.1777889E+01
  0.2175406E+02  0.1819057E+01  0.4106100E+01
  0.1135975E+02  0.1377987E+02  0.2000212E+02
  0.1136527E+02  0.1113754E+02  0.1995594E+02
  0.2568680E+02  0.5569576E+01  0.7604188E+01
  0.3013427E+02  0.1638219E+02  0.2009289E+02
  0.2899466E+02  0.4344540E+01  0.1092620E+02
  0.1993640E+02  0.2642717E+01  0.1684606E+02
  0.2154732E+02  0.1874873E+02  0.4551722E+01
  0.1651885E+02  0.1924701E+02  0.2735177E+01
  0.1874514E+02  0.1728124E+02  0.4348267E+01
  0.2529378E+02  0.1803463E+01  0.2201277E+01
  0.3172549E+02  0.9004810E+01  0.1862752E+02
  0.3488126E+02  0.6429231E+01  0.7221182E+01
  0.3061783E+02  0.2025859E+02  0.1144032E+01
  0.2821683E+00  0.1559089E+02  0.1127350E+01
  0.2550075E+01  0.1822866E+02  0.1280715E+01
  0.2973427E+01  0.1519001E+02  0.4197720E+01
  0.1104610E+00  0.1825470E+02  0.4084916E+01
  0.1601520E+01  0.1652905E+02  0.3011495E+01
  0.4287873E+01  0.1971332E+02  0.2438548E+01
  0.4270056E+01  0.1665088E+02  0.5491952E+01
  0.1322292E+01  0.1953179E+02  0.5442758E+01
  0.5541583E+01  0.1551299E+02  0.1554087E+01
  0.1400793E+02  0.2105761E+02  0.2019821E+02
  0.2085373E+02  0.1016296E+02  0.7082969E+01
  0.5352220E+01  0.1820364E+02  0.4121419E+01
  0.6910527E+01  0.1696446E+02  0.2990594E+01
  0.1639587E+02  0.1693778E+02  0.3521544E+01
  0.2717689E+02  0.1202219E+02  0.6234446E+01
  0.7215550E+01  0.1944290E+02  0.5165884E+01
  0.2372583E+02  0.1490584E+02  0.2538412E+01
  0.8253347E+01  0.1801607E+02  0.1104316E+01
  0.1126529E+02  0.1560543E+02  0.8794776E+01
  0.2181858E+02  0.1403956E+02  0.1703969E+01
  0.2159951E+02  0.6020605E+01  0.2127573E+02
  0.1068641E+02  0.1337866E+02  0.1703461E+02
  0.1643240E+02  0.1669235E+02  0.7561860E+01
  0.8088076E+01  0.2074779E+02  0.3649276E+01
  0.2506494E+02  0.9541667E+01  0.7205821E+00
  0.7760745E+01  0.2124401E+02  0.9539756E+01
  0.3350366E+02  0.1554300E+02  0.2062825E+02
  0.1702027E+02  0.2043973E+02  0.4925421E+01
  0.1942456E+02  0.5603815E+00  0.2056937E+02
  0.2105575E+02  0.1056947E+02  0.2158842E+02
  0.1940316E+02  0.1991681E+02  0.4255457E+01
  0.1452913E+02  0.7585810E+01  0.3897118E+01
  0.6481539E+02  0.2070178E+02  0.6788472E+01
  0.2718703E+01  0.1925333E+01  0.6767513E+01
  0.2355510E+01  0.2096022E+02  0.9441540E+01
  0.6479280E+02  0.1933859E+01  0.9501805E+01
  0.1037335E+01  0.6408789E+00  0.7906433E+01
  0.3771672E+01  0.3125980E+01  0.8021686E+01
  0.3953524E+01  0.6298490E+00  0.1101665E+02
  0.1105560E+01  0.3305396E+01  0.1064924E+02
  0.5553840E+01  0.2069378E+02  0.6619580E+01
  0.9964903E+01  0.6143781E+01  0.1038129E+02
  0.9903422E+01  0.3163073E+01  0.1311165E+02
  0.5239914E+01  0.2038457E+01  0.9526535E+01
  0.6349723E+01  0.7490652E+00  0.7992903E+01
  0.2556198E+02  0.6635528E+01  0.1868615E+02
  0.1340656E+02  0.1330150E+02  0.1268069E+02
  0.6867450E+01  0.2601592E+01  0.1123075E+02
  0.3589359E+02  0.2010804E+02  0.1689148E+02
  0.1753681E+02  0.2046126E+02  0.7231819E+01
  0.1880825E+02  0.3647712E+01  0.1433353E+02
  0.2069962E+02  0.3679733E+00  0.1648883E+02
  0.1143423E+02  0.8828215E+01  0.1259639E+02
  0.2404572E+02  0.1570957E+02  0.3211203E+00
  0.1418689E+02  0.1581448E+02  0.3662993E+01
  0.2470808E+02  0.1176748E+02  0.2156595E+02
  0.1448953E+02  0.1653272E+02  0.1122276E+02
  0.2587876E+02  0.1100770E+02  0.1743494E+02
  0.1183736E+02  0.1623134E+02  0.4107063E+01
  0.1135392E+02  0.8283993E+01  0.2776124E+01
  0.1445963E+02  0.9526303E+01  0.2565746E+01
  0.2802327E+02  0.3054874E+01  0.6970990E+00
  0.1862818E+02  0.1641389E+02  0.1699139E+02
  0.1375011E+02  0.1444533E+01  0.9684393E+01
  0.6512244E+02  0.4552013E+01  0.6873940E+01
  0.2741608E+01  0.7524773E+01  0.6567627E+01
  0.2515908E+01  0.4375223E+01  0.9457384E+01
  0.1838388E+00  0.7349182E+01  0.9483597E+01
  0.1300456E+01  0.6056991E+01  0.7879076E+01
  0.4046933E+01  0.8913947E+01  0.8143745E+01
  0.4082282E+01  0.5568839E+01  0.1077279E+02
  0.1689927E+01  0.8785049E+01  0.1102377E+02
  0.5147310E+01  0.4520242E+01  0.6777708E+01
  0.1605868E+02  0.1420398E+01  0.9273469E+01
  0.6390589E+01  0.6075906E+01  0.8181433E+01
  0.5034111E+01  0.7354537E+01  0.9443908E+01
  0.1079749E+02  0.7968672E+01  0.8977628E+01
  0.1604052E+02  0.1567683E+02  0.3882495E+00
  0.1932932E+02  0.1905830E+02  0.1839620E+02
  0.6702645E+01  0.8715819E+01  0.1060416E+02
  0.2856150E+02  0.1020362E+02  0.5536903E+01
  0.8234265E+01  0.1267332E+02  0.1086983E+01
  0.1364121E+02  0.4242769E+01  0.2149482E+02
  0.1348129E+02  0.3700112E+01  0.1838268E+02
  0.1649756E+02  0.8672995E+00  0.6897319E+01
  0.1032605E+02  0.5185451E+01  0.1451420E+02
  0.1898565E+02  0.1133193E+02  0.1001283E+02
  0.2809780E+02  0.1779094E+02  0.1658074E+02
  0.1582956E+02  0.1812846E+02  0.1487455E+02
  0.1965582E+02  0.1840273E+02  0.2054594E+02
  0.1408870E+02  0.7574266E+00  0.5930773E+01
  0.4545541E+02  0.7419746E+01  0.5881618E+01
  0.2510505E+02  0.4380919E+01  0.2071021E+01
  0.1453419E+02  0.1830343E+02  0.1291978E+02
  0.2343025E+02  0.2036712E+02  0.4233049E+01
  0.1072266E+02  0.1523967E+02  0.1528011E+02
  0.1120137E+00  0.1018111E+02  0.6610151E+01
  0.2990454E+01  0.1255129E+02  0.6790864E+01
  0.2716155E+01  0.1020729E+02  0.9358923E+01
  0.1058765E+00  0.1273129E+02  0.9474529E+01
  0.1458562E+01  0.1139238E+02  0.8052409E+01
  0.4104739E+01  0.1409665E+02  0.8067819E+01
  0.4206261E+01  0.1143213E+02  0.1071648E+02
  0.1421784E+01  0.1419917E+02  0.1073962E+02
  0.5544722E+01  0.1003359E+02  0.6925476E+01
  0.1595242E+02  0.7074116E+01  0.8919279E+01
  0.6400612E+01  0.9044896E+01  0.5029334E+01
  0.5610064E+01  0.1290232E+02  0.9382733E+01
  0.7072068E+01  0.1160550E+02  0.8069905E+01
  0.8245199E+01  0.1538100E+02  0.9558391E+01
  0.8283570E+01  0.1011127E+02  0.9500064E+01
  0.6626791E+01  0.1430686E+02  0.1083230E+02
  0.1356636E+02  0.6088968E+00  0.2978680E+01
  0.1748569E+02  0.1035214E+02  0.1186810E+02
  0.1537384E+02  0.4489401E+01  0.2001778E+02
  0.2122133E+02  0.6878442E+01  0.1306347E+02
  0.1786172E+02  0.5391717E+01  0.9491000E+00
  0.1741015E+02  0.2145280E+02  0.1949755E+02
  0.2337033E+02  0.6260304E+01  0.1768486E+02
  0.8155885E+01  0.1534135E+02  0.4285239E+01
  0.1544899E+02  0.1113219E+02  0.3204309E-01
  0.2351532E+02  0.1065771E+02  0.1652590E+02
  0.2975663E+02  0.8017951E+01  0.3436569E+01
  0.3059833E+02  0.1381893E+02  0.6736367E+01
  0.2425142E+02  0.1373998E+02  0.6621134E+01
  0.3544525E+02  0.1546211E+02  0.3123200E+01
  0.3298524E+02  0.1439944E+02  0.1686370E+01
  0.3322610E+02  0.1145896E+02  0.1288416E+02
  0.1260423E+00  0.1548691E+02  0.6929991E+01
  0.2729500E+01  0.1810824E+02  0.6749098E+01
  0.2745623E+01  0.1550061E+02  0.9313722E+01
  0.6509214E+02  0.1832750E+02  0.9809069E+01
  0.1209330E+01  0.1708502E+02  0.8182519E+01
  0.3932602E+01  0.1961478E+02  0.8068962E+01
  0.3842345E+01  0.1694472E+02  0.1079490E+02
  0.1046509E+01  0.1989654E+02  0.1098713E+02
  0.5752630E+01  0.1519867E+02  0.6852271E+01
  0.1853053E+02  0.2108616E+02  0.1734038E+02
  0.1134874E+02  0.1620817E+02  0.1221572E+02
  0.5174034E+01  0.1820083E+02  0.9291694E+01
  0.6784947E+01  0.1679865E+02  0.8234401E+01
  0.8272568E+01  0.1813023E+02  0.7143424E+01
  0.8026238E+01  0.1822327E+02  0.1137111E+02
  0.6202126E+01  0.1964928E+02  0.1060030E+02
  0.2123438E+02  0.1739944E+02  0.1905394E+02
  0.1614793E+02  0.6851773E+01  0.1139539E+02
  0.1702794E+02  0.8261294E+01  0.1999016E+02
  0.2354933E+02  0.1916068E+02  0.8058174E+01
  0.9760372E+01  0.1443513E+02  0.1293999E+02
  0.2627255E+02  0.1435969E+02  0.1491351E+02
  0.2415569E+02  0.5553022E+00  0.1313258E+02
  0.1293980E+02  0.2031581E+02  0.4814332E+01
  0.1218798E+02  0.6002513E+00  0.1506295E+02
  0.2135896E+02  0.1170931E+02  0.1604740E+02
  0.1349378E+02  0.2804701E+01  0.1164055E+02
  0.1819986E+02  0.1815484E+01  0.5413420E+01
  0.1139827E+02  0.1845173E+02  0.3536039E+01
  0.9560923E+01  0.1185447E+02  0.1083951E+02
  0.9363690E+01  0.1466171E+02  0.7540363E+01
  0.2309585E+02  0.1419543E+02  0.1346710E+02
  0.6466156E+02  0.2096508E+02  0.1245741E+02
  0.2454269E+01  0.2006713E+01  0.1216744E+02
  0.2702563E+01  0.2102350E+02  0.1494876E+02
  0.6493591E+02  0.1777155E+01  0.1493595E+02
  0.1149086E+01  0.5262905E+00  0.1366183E+02
  0.4123647E+01  0.3268923E+01  0.1341601E+02
  0.3978287E+01  0.7494891E+00  0.1651851E+02
  0.1165137E+01  0.3270316E+01  0.1627699E+02
  0.5401638E+01  0.2106597E+02  0.1244601E+02
  0.1131719E+02  0.3444553E+00  0.1127778E+02
  0.8470642E+01  0.2086345E+02  0.1598086E+02
  0.5317188E+01  0.2018751E+01  0.1509835E+02
  0.6579833E+01  0.4912080E-01  0.1434903E+02
  0.1147055E+02  0.3294395E+01  0.7555910E+00
  0.1267919E+02  0.1496525E+02  0.1081247E+02
  0.7014821E+01  0.3270668E+01  0.1629452E+02
  0.9271812E+01  0.2010872E+02  0.1237074E+02
  0.2278876E+02  0.2149680E+02  0.2039615E+01
  0.2891867E+02  0.1299809E+02  0.1787648E+02
  0.2036761E+02  0.1598521E+02  0.7532834E+01
  0.1588017E+02  0.1314627E+02  0.8667170E+01
  0.2211491E+02  0.2534596E+01  0.9582717E+01
  0.8937286E+01  0.1153617E+01  0.1087918E+02
  0.1558647E+02  0.4452769E+01  0.1132224E+02
  0.4043755E+02  0.6039798E+01  0.9861439E+00
  0.1602706E+02  0.1196287E+02  0.1643801E+02
  0.2128222E+02  0.1153667E+02  0.9250536E+01
  0.1713248E+02  0.1278795E+02  0.8228806E+00
  0.2327849E+02  0.4588184E+01  0.5763446E+00
  0.3563964E+02  0.1547202E+02  0.6266699E+01
  0.2981288E+02  0.2751409E+01  0.2080834E+02
  0.1686203E+02  0.1934920E+02  0.1850586E+02
  0.6495310E+02  0.4637705E+01  0.1212097E+02
  0.2829581E+01  0.7065719E+01  0.1226505E+02
  0.2785178E+01  0.4386159E+01  0.1485145E+02
  0.6514573E+02  0.7244857E+01  0.1491867E+02
  0.1153010E+01  0.5943448E+01  0.1347890E+02
  0.4052544E+01  0.8548391E+01  0.1361079E+02
  0.3944058E+01  0.5975858E+01  0.1595879E+02
  0.1323446E+01  0.8637129E+01  0.1620846E+02
  0.5542888E+01  0.4203101E+01  0.1205382E+02
  0.8310272E+01  0.7266780E+01  0.1158467E+02
  0.7891534E+01  0.5461471E+01  0.1522527E+02
  0.5553137E+01  0.7009833E+01  0.1454207E+02
  0.7148690E+01  0.5575516E+01  0.1290976E+02
  0.9282844E+01  0.8429615E+01  0.1354231E+02
  0.9525382E+01  0.1112272E+02  0.2154646E+02
  0.6315329E+01  0.8405328E+01  0.1625110E+02
  0.1026479E+02  0.5732810E+01  0.1678154E+02
  0.2353994E+02  0.1622177E+01  0.5676920E+00
  0.2117393E+02  0.1026288E+02  0.3324488E+01
  0.8995386E+01  0.6246891E+01  0.1275272E+00
  0.1578624E+02  0.1088488E+02  0.4200287E+01
  0.2758409E+02  0.2106818E+01  0.1127877E+02
  0.1131254E+02  0.1256723E+02  0.1270741E+02
  0.1615961E+02  0.1108551E+02  0.7362809E+01
  0.8017416E+01  0.4717745E+01  0.4062818E+01
  0.1605803E+02  0.1887406E+02  0.2078024E+02
  0.2207459E+02  0.1014325E+02  0.1106472E+02
  0.1078319E+02  0.1294898E+02  0.5438811E+01
  0.2043845E+02  0.4496294E+01  0.9502576E+01
  0.9133282E+01  0.1043120E+01  0.4502671E+01
  0.1439473E+02  0.2009094E+02  0.2890631E+01
  0.2584650E+02  0.3724328E+01  0.1199163E+02
  0.6507543E+02  0.9886521E+01  0.1215449E+02
  0.2820962E+01  0.1259718E+02  0.1207210E+02
  0.2900879E+01  0.9989424E+01  0.1515701E+02
  0.6511669E+02  0.1251414E+02  0.1483646E+02
  0.1533607E+01  0.1129337E+02  0.1356489E+02
  0.3879051E+01  0.1388737E+02  0.1365028E+02
  0.4149132E+01  0.1146140E+02  0.1641712E+02
  0.1417349E+01  0.1404667E+02  0.1608572E+02
  0.5548916E+01  0.1002691E+02  0.1218264E+02
  0.8100436E+01  0.1332003E+02  0.1218244E+02
  0.8090345E+01  0.9731353E+01  0.1506221E+02
  0.5439296E+01  0.1257894E+02  0.1486315E+02
  0.7086452E+01  0.1138363E+02  0.1360322E+02
  0.1366560E+02  0.1290073E+02  0.9548845E+01
  0.9748266E+01  0.1130958E+02  0.1796738E+02
  0.6660991E+01  0.1431018E+02  0.1595299E+02
  0.1913392E+02  0.1179894E+02  0.1305963E+02
  0.2170289E+02  0.8477461E+01  0.2202240E+00
  0.1990248E+02  0.6245585E+00  0.4115701E+01
  0.1221678E+02  0.1300628E+02  0.4970005E+00
  0.2077653E+02  0.3000302E+01  0.7690738E+01
  0.3028751E+02  0.1118803E+02  0.1297076E+02
  0.1270846E+02  0.7213489E+01  0.8133874E+01
  0.1139692E+02  0.1723100E+02  0.2114618E+02
  0.2811690E+02  0.1425119E+02  0.1168989E+01
  0.4113459E+02  0.1782774E+02  0.1252673E+01
  0.3256119E+02  0.2822306E+01  0.5706437E+01
  0.1957598E+02  0.1348523E+02  0.1132959E+02
  0.4219822E+02  0.1135459E+02  0.1062436E+02
  0.4285740E+02  0.1957123E+02  0.3028264E+01
  0.5147096E+02  0.8610583E+01  0.2131045E+02
  0.1364426E+02  0.2449894E+01  0.1461232E+01
  0.6509771E+02  0.1545816E+02  0.1210504E+02
  0.2653545E+01  0.1836183E+02  0.1219586E+02
  0.2657519E+01  0.1542766E+02  0.1472776E+02
  0.6508377E+02  0.1829579E+02  0.1504449E+02
  0.1318922E+01  0.1696880E+02  0.1344828E+02
  0.3980864E+01  0.1962688E+02  0.1366517E+02
  0.3959052E+01  0.1661519E+02  0.1625744E+02
  0.1258666E+01  0.1967279E+02  0.1645492E+02
  0.5149248E+01  0.1565223E+02  0.1236289E+02
  0.1092501E+02  0.1904998E+02  0.9372928E+01
  0.7923867E+01  0.1637743E+02  0.1544208E+02
  0.5228400E+01  0.1786572E+02  0.1471625E+02
  0.6943187E+01  0.1702696E+02  0.1312634E+02
  0.2795616E+02  0.1638346E+02  0.1278077E+02
  0.1745350E+02  0.1826670E+02  0.6065600E+01
  0.6434484E+01  0.1963069E+02  0.1573774E+02
  0.1393171E+02  0.1025415E+02  0.7275076E+01
  0.1919197E+02  0.1525135E+02  0.9371703E+01
  0.1552976E+02  0.6683072E+01  0.1917845E+02
  0.2218205E+02  0.1577139E+02  0.1762984E+02
  0.1915984E+02  0.9313282E+01  0.8694832E+01
  0.1935456E+02  0.1855484E+02  0.1588737E+02
  0.2743743E+02  0.2039296E+02  0.9464846E+01
  0.9612624E+01  0.1481807E+02  0.1896886E+02
  0.1009037E+02  0.1751911E+02  0.1550042E+02
  0.3334553E+02  0.2035287E+02  0.1648435E+02
  0.1937861E+02  0.4328012E+01  0.3995998E+01
  0.1608558E+02  0.5098668E+01  0.6755417E+01
  0.1108713E+02  0.1872605E+02  0.1714429E+02
  0.2444512E+02  0.1028802E+02  0.1017886E+02
  0.1790614E+02  0.1000281E+02  0.4209606E+01
  0.2153467E+02  0.1910550E+02  0.1197481E+02
  0.6493963E+02  0.2094248E+02  0.1783265E+02
  0.2488539E+01  0.2021455E+01  0.1792099E+02
  0.2703535E+01  0.2072818E+02  0.2007825E+02
  0.6502154E+02  0.1987232E+01  0.2059567E+02
  0.1079919E+01  0.5800479E+00  0.1923870E+02
  0.4052103E+01  0.3510561E+01  0.1907882E+02
  0.4013461E+01  0.4069362E+00  0.2168544E+02
  0.1215026E+01  0.3315141E+01  0.2239828E+00
  0.5273676E+01  0.2078329E+02  0.1745105E+02
  0.1199653E+02  0.2004027E+01  0.1294139E+02
  0.1025148E+02  0.1195027E+01  0.7222518E+00
  0.5300395E+01  0.1863939E+01  0.2010638E+02
  0.6610267E+01  0.5027939E+00  0.1887046E+02
  0.3409314E+02  0.1536860E+02  0.9479810E+01
  0.8656098E+01  0.9709893E+00  0.1338275E+02
  0.6564148E+01  0.3390990E+01  0.2162674E+02
  0.1589469E+02  0.2023006E+02  0.1214563E+02
  0.1253302E+02  0.1807316E+02  0.1527177E+01
  0.4247549E+02  0.1933829E+01  0.1869045E+02
  0.2225814E+02  0.4662478E+01  0.1386936E+02
  0.2178847E+02  0.7717695E+01  0.1061912E+02
  0.1930092E+02  0.2008894E+02  0.1217559E+02
  0.1144799E+02  0.1796151E+02  0.6362084E+01
  0.1203814E+02  0.1203944E+02  0.1511233E+02
  0.2307758E+02  0.7350444E+01  0.4497419E+01
  0.1565277E+02  0.4853514E+01  0.1361265E+02
  0.2639356E+02  0.1689834E+02  0.1989124E+02
  0.3245380E+02  0.6034138E+00  0.4545062E+01
  0.1710259E+02  0.2017567E+02  0.7713811E+00
  0.5099965E+02  0.5794381E+01  0.1592840E+02
  0.1716571E+02  0.4769752E+00  0.1106392E+02
  0.1465304E+02  0.1708780E+02  0.1648535E+01
  0.6487485E+02  0.4480953E+01  0.1751454E+02
  0.2479684E+01  0.7043887E+01  0.1750387E+02
  0.2638917E+01  0.4545195E+01  0.2054666E+02
  0.6504576E+02  0.7471038E+01  0.2014886E+02
  0.1190274E+01  0.5831577E+01  0.1894914E+02
  0.4017834E+01  0.8425813E+01  0.1877033E+02
  0.3851992E+01  0.5845903E+01  0.6263991E-01
  0.1581940E+01  0.8718715E+01  0.2142690E+02
  0.5416250E+01  0.4713351E+01  0.1739298E+02
  0.8239537E+01  0.7166540E+01  0.1721505E+02
  0.8187457E+01  0.4548572E+01  0.2038363E+02
  0.5094233E+01  0.7101320E+01  0.2042319E+02
  0.6703692E+01  0.6025796E+01  0.1913877E+02
  0.8053537E+01  0.7249091E+01  0.6780406E+01
  0.1625382E+02  0.6521981E+01  0.1702779E+02
  0.6476226E+01  0.8404272E+01  0.2167627E+02
  0.1974605E+02  0.1449439E+02  0.1599051E+02
  0.2459138E+02  0.9307719E+01  0.4990121E+01
  0.1018644E+02  0.4215784E+00  0.1721454E+02
  0.1665128E+02  0.1364490E+02  0.1956132E+02
  0.3483597E+02  0.1315332E+02  0.9005597E+01
  0.1052625E+02  0.1439817E+02  0.3469220E+01
  0.1125635E+02  0.5435572E+01  0.2109622E+02
  0.1319856E+02  0.7663520E+01  0.7946023E+00
  0.2667741E+02  0.2111825E+02  0.1671086E+02
  0.2887499E+02  0.1013172E+02  0.7339066E+00
  0.1420383E+02  0.1278435E+02  0.4136817E+01
  0.3616007E+02  0.2264473E+01  0.9972909E+01
  0.1924624E+02  0.1823910E+02  0.7632889E+01
  0.1154967E+02  0.2134306E+02  0.1818185E+01
  0.1643236E+02  0.3731639E+01  0.8782596E+01
  0.2637008E+02  0.1537194E+02  0.2159844E+02
  0.6505505E+02  0.9983896E+01  0.1774299E+02
  0.2940380E+01  0.1285442E+02  0.1755423E+02
  0.2768929E+01  0.1005325E+02  0.1979417E+02
  0.6511018E+02  0.1256969E+02  0.2019331E+02
  0.1430412E+01  0.1163050E+02  0.1867852E+02
  0.4197561E+01  0.1421049E+02  0.1894694E+02
  0.3856413E+01  0.1134419E+02  0.2154752E+02
  0.1297249E+01  0.1425708E+02  0.2130514E+02
  0.5503529E+01  0.9766216E+01  0.1766676E+02
  0.8207576E+01  0.1306622E+02  0.1765519E+02
  0.1213634E+02  0.8911312E+01  0.1940511E+02
  0.5351184E+01  0.1259854E+02  0.2019899E+02
  0.7038560E+01  0.1100957E+02  0.1887362E+02
  0.7944545E+01  0.1548470E+02  0.2039188E+02
  0.1574408E+02  0.8784506E+01  0.5502264E+01
  0.6401053E+01  0.1408575E+02  0.2417874E-01
  0.1525494E+02  0.3424260E+01  0.1558231E+02
  0.2824023E+02  0.9853610E+01  0.3003910E+01
  0.1999626E+02  0.2631617E+01  0.1931488E+02
  0.1199503E+02  0.8556999E+01  0.1631486E+02
  0.1371817E+02  0.2043059E+02  0.1542399E+02
  0.2538433E+02  0.1943099E+02  0.4932012E+01
  0.2485106E+02  0.5847593E+01  0.3996182E+01
  0.2408496E+02  0.8418592E+01  0.8352884E+01
  0.1116371E+02  0.4697140E+01  0.1881390E+02
  0.2381973E+02  0.1379033E+02  0.9200251E+01
  0.2451315E+02  0.1599021E+02  0.1401327E+02
  0.1557435E+02  0.1232146E+02  0.1243869E+02
  0.2445329E+02  0.2393588E+01  0.8967775E+01
  0.1390076E+02  0.9265320E+01  0.1793589E+02
  0.2558996E+02  0.1803186E+02  0.1643482E+02
  0.2322243E+02  0.1712904E+02  0.1599581E+02
  0.3461090E+00  0.1528948E+02  0.1778760E+02
  0.2571078E+01  0.1799647E+02  0.1720117E+02
  0.2912703E+01  0.1550483E+02  0.2027218E+02
  0.6504160E+02  0.1836209E+02  0.2004891E+02
  0.1482718E+01  0.1693519E+02  0.1896962E+02
  0.3950747E+01  0.1912121E+02  0.1866852E+02
  0.3998557E+01  0.1657377E+02  0.2802755E+00
  0.1261551E+01  0.1942042E+02  0.2160720E+02
  0.5403398E+01  0.1549390E+02  0.1766257E+02
  0.9118872E+01  0.1977471E+02  0.1802317E+02
  0.7655001E+01  0.1818082E+02  0.1728967E+02
  0.5203252E+01  0.1814742E+02  0.2061859E+02
  0.6621039E+01  0.1710250E+02  0.1911450E+02
  0.7839415E+01  0.1799612E+01  0.1210851E+01
  0.1257214E+02  0.1771448E+02  0.8474000E+01
  0.6928062E+01  0.1973315E+02  0.2141050E+02
  0.8793252E+01  0.4213225E+01  0.1143308E+02
  0.2545302E+02  0.1235153E+02  0.1046278E+02
  0.1773479E+02  0.1734653E+02  0.9562898E+01
  0.1759427E+02  0.1970178E+02  0.1036654E+02
  0.3014553E+02  0.4580342E+01  0.1941600E+02
  0.3268497E+02  0.1848603E+02  0.2019928E+02
  0.2849480E+02  0.1087332E+02  0.1153050E+02
  0.2639882E+02  0.1607297E+02  0.1738232E+02
  0.1653142E+02  0.1287010E+02  0.5587207E+01
  0.1306616E+02  0.1440013E+02  0.1509096E+02
  0.1465508E+02  0.1467095E+02  0.2015240E+02
  0.2053592E+02  0.1353289E+02  0.8047964E+01
  0.1859214E+02  0.1076359E+02  0.1853503E+00
  0.1364394E+02  0.6918564E+01  0.1204595E+02
  0.2390667E+02  0.6535938E+01  0.9969701E+01
  0.3549768E+02  0.1368400E+02  0.1290966E+02
  0.4053030E+02  0.1288840E+02  0.1271437E+02
  0.4016390E+02  0.1759938E+02  0.2091173E+02
  0.2324135E+02  0.1859407E+02  0.1985009E+02
  0.2588262E+02  0.8551775E+01  0.1111234E+02
  0.4147226E+02  0.1041794E+02  0.1447910E+02
  0.4737232E+02  0.1363883E+02  0.8560967E+01
  0.4671351E+02  0.2047327E+02  0.7773861E+01
  0.3064931E+02  0.1849986E+02  0.1608629E+02
  0.4789206E+02  0.2022131E+02  0.1722326E+02
  0.2611630E+02  0.1102711E+02  0.1990125E+02
  0.2327072E+02  0.5131389E+01  0.8469353E+01
  0.4189329E+02  0.1270354E+02  0.1417255E+01
  0.2409758E+02  0.4925915E+01  0.1531126E+02
  0.5311806E+02  0.1207356E+02  0.1156886E+02
  0.3213417E+02  0.2077540E+02  0.1152294E+02
  0.4034048E+02  0.1264290E+02  0.7539187E+01
  0.2975012E+02  0.1234033E+02  0.9003414E+00
  0.3010169E+02  0.1320452E+02  0.3209593E+01
  0.4742984E+02  0.1756946E+02  0.1737588E+02
  0.1337927E+02  0.1047278E+02  0.9793156E+01
  0.2842882E+02  0.6313285E+01  0.1453211E+02
  0.2262104E+02  0.9446107E+00  0.1505770E+02
  0.2474804E+02  0.1170695E+02  0.5634082E+01
  0.2685901E+02  0.2094403E+02  0.3889197E+01
  0.5145204E+02  0.1719343E+02  0.1735266E+02
  0.1672537E+02  0.9687764E+01  0.1382601E+01
  0.3450891E+02  0.1158006E+02  0.2143955E+02
  0.3561130E+02  0.9637626E+01  0.1716539E+02
  0.2019599E+02  0.4901777E+01  0.1601638E+01
  0.3519746E+02  0.1476332E+02  0.7216732E+00
  0.4959251E+02  0.1794568E+02  0.8152326E+01
  0.3334958E+02  0.1870626E+02  0.1379417E+02
  0.2624807E+02  0.1749849E+01  0.1443615E+00
  0.3185575E+02  0.9378922E+01  0.1294126E+02
  0.3339040E+02  0.9261270E-01  0.2575465E+01
  0.2532940E+02  0.9704958E+00  0.1989977E+02
  0.5446961E+02  0.8094785E+01  0.8662175E+01
  0.3757990E+02  0.1161540E+02  0.1117882E+02
  0.3265185E+02  0.1416292E+02  0.5146612E+01
  0.2656798E+02  0.1799412E+02  0.1023008E+01
  0.4036879E+02  0.6580545E+00  0.2350172E+01
  0.4827481E+02  0.3381883E+01  0.7034453E+01
  0.4264980E+02  0.1767209E+02  0.6214785E+01
  0.3038667E+02  0.3439311E+01  0.6677479E+01
  0.4436299E+02  0.1111033E+02  0.9225438E+01
  0.3703998E+02  0.1598378E+02  0.1486886E+02
  0.1889095E+02  0.6316859E+00  0.1297820E+02
  0.1958700E+02  0.7381856E+01  0.9767946E+01
  0.3467306E+02  0.5452470E+01  0.3597274E+01
  0.4720637E+02  0.7367065E+01  0.1293441E+02
  0.4738059E+02  0.1785444E+02  0.1972807E+02
  0.2691622E+02  0.4776611E+01  0.1927581E+02
  0.2972109E+02  0.1600946E+02  0.7529935E+01
  0.2708549E+02  0.1172341E+01  0.1811869E+02
  0.2900073E+02  0.1993343E+02  0.1725796E+02
  0.3800329E+02  0.4958686E+01  0.1076234E+02
  0.2409564E+02  0.1951114E+02  0.2151776E+01
  0.3982137E+02  0.8097810E+01  0.6466067E+01
  0.3758253E+02  0.1678954E+02  0.1732782E+02
  0.4252613E+02  0.2528985E+01  0.6027105E+01
  0.1500214E+02  0.1426342E+01  0.2122939E+02
  0.3505158E+02  0.7280660E+01  0.1477872E+02
  0.1787371E+02  0.4481472E+01  0.2016119E+02
  0.5290200E+02  0.1922168E+02  0.1964943E+02
  0.2884615E+02  0.1494922E+02  0.4423213E+01
  0.2922461E+02  0.7791866E+01  0.5649420E+01
  0.1544476E+02  0.1425016E+02  0.1592367E+02
  0.1992934E+02  0.1469738E+02  0.1832929E+02
  0.3836909E+02  0.1582940E+02  0.1940924E+02
  0.1540999E+02  0.5357076E+01  0.4438510E+01
  0.4453411E+02  0.1439329E+01  0.1590605E+02
  0.3919320E+02  0.2015869E+02  0.4496962E+01
  0.3942272E+02  0.1068452E+02  0.1221631E+02
  0.2124175E+02  0.6556113E+00  0.8019946E+01
  0.2767375E+02  0.1846954E+02  0.3185505E+01
  0.2442873E+02  0.1803899E+02  0.2562939E+00
  0.2731225E+02  0.9341413E+01  0.1693383E+02
  0.4221564E+02  0.1787299E+02  0.1784724E+02
  0.3966507E+02  0.2163095E+01  0.7394673E+00
  0.4341246E+02  0.1633490E+02  0.9136454E+01
  0.2688488E+02  0.1334042E+02  0.4178999E+01
  0.1658774E+02  0.7252494E+01  0.6218257E+00
  0.3635189E+02  0.1440549E+02  0.1851316E+02
  0.3041019E+02  0.6370395E+01  0.2121030E+02
  0.4114450E+02  0.1736507E+02  0.1481112E+02
  0.3900271E+02  0.9552585E+01  0.5208577E+01
  0.2703450E+02  0.1427007E+02  0.9535495E+01
  0.3159855E+02  0.3207423E+01  0.1779469E+02
  0.9959721E+01  0.1672255E+02  0.1037766E+02
  0.3794045E+02  0.9720403E+01  0.1621644E+02
  0.4190588E+02  0.3223593E+01  0.3026437E+01
  0.4048365E+02  0.4317063E+01  0.5656019E+01
  0.4062782E+02  0.1686969E+01  0.2033954E+02
  0.5087753E+02  0.3380641E+01  0.2079044E+02
  0.4890947E+02  0.5769363E+01  0.9186341E+01
  0.2505487E+02  0.2783424E+01  0.1597059E+02
  0.2372715E+02  0.1313227E+02  0.1752227E+02
  0.2548855E+02  0.1721539E+02  0.5039121E+01
  0.2020946E+02  0.5226253E+01  0.1957351E+02
  0.2173040E+02  0.1941269E+02  0.9703606E+01
  0.3215970E+02  0.1201617E+02  0.2073506E+01
  0.1937083E+02  0.1645384E+02  0.1479647E+02
  0.2449611E+02  0.1695610E+02  0.7321843E+01
  0.2903730E+02  0.2096232E+01  0.2822127E+01
  0.3185385E+02  0.8465341E+01  0.1043180E+02
  0.4451674E+02  0.1906139E+02  0.1308763E+02
  0.5101264E+02  0.5631722E+01  0.1374924E+02
  0.4035788E+02  0.1490733E+02  0.1829133E+02
  0.4926158E+02  0.1504523E+02  0.4836443E+01
  0.2430106E+02  0.1755529E+02  0.1205250E+02
  0.1754258E+02  0.2566309E+01  0.1621384E+02
  0.5257638E+02  0.1359215E+01  0.1511954E+02
  0.1694870E+02  0.5650269E+00  0.1469602E+02
  0.2945667E+02  0.6149093E+01  0.1954130E+01
  0.3427537E+02  0.1942237E+02  0.6654481E+01
  0.3449886E+02  0.1302038E+02  0.6423286E+01
  0.5007736E+02  0.7960258E+01  0.1613357E+02
  0.1275231E+02  0.1949133E+02  0.1347687E+02
  0.5460042E+02  0.1910179E+02  0.1449281E+02
  0.4424422E+02  0.1251932E+01  0.2010806E+02
  0.2759976E+02  0.9299444E+01  0.1265515E+02
  0.4749969E+02  0.1670187E+01  0.7194179E+00
  0.3897211E+02  0.1487601E+02  0.4333666E+01
  0.3900356E+02  0.5646997E+01  0.2072996E+02
  0.3989538E+02  0.2170943E+02  0.6254465E+01
  0.3196570E+02  0.5085954E+01  0.7661071E+00
  0.1502804E+02  0.1913391E+02  0.1705223E+02
  0.2595692E+02  0.2074867E+02  0.1287113E+02
  0.1532883E+02  0.1535435E+02  0.5790718E+01
  0.2478829E+02  0.2050063E+02  0.1788602E+02
  0.1686979E+02  0.1587178E+02  0.1131464E+02
  0.1259544E+02  0.1104555E+02  0.3431880E+01
  0.3142265E+02  0.1583316E+00  0.1671559E+02
  0.3182576E+02  0.1868252E+02  0.1027691E+02
  0.5263502E+02  0.5210270E-01  0.1697053E+02
  0.1023880E+02  0.8177978E+01  0.2083281E+02
  0.8539670E+01  0.1248266E+02  0.6519675E+01
  0.5002712E+02  0.1332546E+02  0.3672704E+01
  0.4699473E+02  0.1568544E+02  0.2048113E+02
  0.4015786E+02  0.1293025E+02  0.3280868E+01
  0.1072282E+02  0.1819983E+02  0.1329695E+02
  0.5028175E+02  0.2013126E+02  0.3372813E+01
  0.3983151E+02  0.6767330E+01  0.1405929E+02
  0.2705667E+02  0.1329791E+02  0.1948931E+02
  0.1138191E+02  0.9355911E+01  0.6248414E+00
  0.4494797E+02  0.1587482E+02  0.1451043E+02
  0.3909941E+02  0.2003404E+02  0.1181500E+02
  0.3708377E+02  0.1984790E+02  0.1032845E+00
  0.3680295E+02  0.4422123E+01  0.2170706E+02
  0.2915146E+02  0.1604394E+02  0.2351982E+01
  0.3292344E+02  0.3727513E+01  0.3437361E+01
  0.2678760E+02  0.3435050E+01  0.1728823E+02
  0.1827164E+02  0.4235318E+01  0.6074176E+01
  0.2640918E+02  0.1117858E+01  0.9388752E+01
  0.1253542E+02  0.4969072E+01  0.7151711E+01
  0.3410082E+02  0.1271773E+02  0.1466733E+02
  0.3272493E+02  0.1570649E+01  0.1540435E+02
  0.3116708E+02  0.1552190E+02  0.3596635E+01
  0.4168382E+02  0.2034458E+02  0.1709132E+02
  0.3693898E+02  0.1425690E+02  0.9380442E+01
  0.1554124E+02  0.8722253E+01  0.1616420E+02
  0.2043504E+02  0.5504980E+00  0.1734887E+01
  0.2046862E+02  0.9712212E+01  0.1548192E+02
  0.3244213E+02  0.1224656E+02  0.1992554E+02
  0.4670837E+02  0.1583005E+02  0.7852799E+01
  0.3613308E+02  0.6349412E+01  0.1659742E+02
  0.2104274E+02  0.1499814E+02  0.1248470E+02
  0.2358956E+02  0.2106964E+02  0.1993247E+02
  0.4207986E+02  0.1280641E+02  0.1472743E+02
  0.4510128E+02  0.5301916E+01  0.4708197E+01
  0.3094962E+02  0.1090722E+01  0.1138827E+02
  0.2072834E+02  0.1702868E+02  0.1123982E+02
  0.3757086E+02  0.2143270E+02  0.6402411E+01
  0.2580318E+02  0.2065308E+01  0.1401417E+02
  0.2728212E+02  0.6847780E+01  0.1671575E+02
  0.3985967E+02  0.2446559E+01  0.9439723E+01
  0.3254945E+02  0.1466081E+02  0.1147878E+02
  0.1520049E+02  0.1490233E+02  0.1283427E+02
  0.3282285E+02  0.1043376E+01  0.1300669E+02
  0.5058563E+02  0.5282983E+01  0.4156395E+01
  0.1718712E+02  0.4244841E+01  0.3003172E+01
  0.4211066E+02  0.5788138E+01  0.1989106E+02
  0.2278977E+02  0.1704847E+02  0.1012046E+02
  0.3868326E+02  0.7781326E+01  0.1965163E+02
  0.3694673E+02  0.1744858E+02  0.6687939E+01
  0.2282016E+02  0.1572678E+02  0.8144725E+01
  0.9935937E+01  0.9656171E+00  0.2031757E+02
  0.1851651E+02  0.3347362E+01  0.1029220E+02
  0.5091965E+02  0.1685072E+02  0.2722689E+01
  0.1384249E+02  0.1080316E+02  0.1621869E+02
  0.3950963E+02  0.1551839E+02  0.1519288E+02
  0.1224094E+02  0.6501634E+01  0.1536490E+02
  0.3933037E+02  0.4637705E+01  0.8678034E+01
  0.3848159E+02  0.2299793E+00  0.1273923E+02
  0.4720375E+02  0.1732629E+01  0.9517298E+01
  0.2312381E+02  0.2139058E+02  0.9242900E+01
  0.2101790E+02  0.1172767E+02  0.5217379E+01
  0.3243425E+02  0.6221838E+01  0.9776179E+01
  0.2148530E+02  0.1558493E+02  0.1078606E+00
  0.3468306E+02  0.5877536E+01  0.1043021E+02
  0.3211720E+02  0.1529343E+02  0.8150212E+01
  0.4276562E+02  0.1562784E+02  0.2053277E+02
  0.2213521E+02  0.1394173E+02  0.1588932E+02
  0.3737323E+02  0.7001004E+01  0.7115521E+01
  0.3408228E+02  0.1563460E+02  0.1321577E+02
  0.3522642E+02  0.1070235E+02  0.6406957E+01
  0.3470994E+02  0.1359249E+02  0.2024153E+02
  0.4287642E+02  0.1372394E+01  0.1207392E+02
  0.3995363E+02  0.1333716E+02  0.1681972E+00
  0.5588099E+02  0.1922419E+02  0.1652626E+02
  0.2124945E+02  0.1346705E+02  0.2082024E+02
  0.3917062E+02  0.1506780E+02  0.1294975E+02
  0.4457774E+02  0.1422997E+02  0.1757928E+02
  0.4001403E+02  0.4046416E+01  0.1942233E+02
  0.1262696E+02  0.2348642E+01  0.4414661E+01
  0.4378800E+02  0.6600328E+01  0.1554706E+02
  0.3552234E+02  0.5589792E+01  0.1309724E+02
  0.3225452E+02  0.2372298E+01  0.8243700E-01
  0.3504211E+02  0.1936602E+01  0.1615815E+02
  0.4476280E+02  0.4012367E+01  0.9878121E+01
  0.1438632E+02  0.1684384E+02  0.8807381E+01
  0.2488495E+02  0.6984374E+01  0.1230818E+02
  0.2800078E+02  0.1881775E+02  0.7600405E+01
  0.3189212E+02  0.3952438E+01  0.1553946E+02
  0.2513211E+02  0.7102035E+01  0.1570033E+02
  0.3160508E+02  0.3960044E+01  0.1325048E+02
  0.1700562E+02  0.8751195E+01  0.7644086E+01
  0.1772374E+02  0.6249790E+01  0.4398978E+01
  0.1982879E+02  0.1238433E+02  0.1782401E+02
  0.2212349E+02  0.8387352E+01  0.1453041E+02
  0.5306051E+02  0.8612161E+01  0.1380579E+02
  0.3354166E+02  0.1757320E+02  0.1152372E+02
  0.1719458E+02  0.2000424E+01  0.2006793E+02
  0.3055063E+02  0.2022338E+02  0.4790031E+01
  0.4235949E+02  0.1095438E+01  0.7946256E+01
  0.3974093E+02  0.8689158E+01  0.8873674E+01
  0.1044172E+02  0.1318195E+02  0.8896739E+01
  0.2908863E+02  0.1188899E+02  0.1507001E+02
  0.4402561E+02  0.1006355E+02  0.1140351E+02
  0.2951324E+02  0.6451134E+01  0.8977846E+01
  0.3267277E+02  0.1331248E+02  0.9422700E+01
  0.3709202E+02  0.1111969E+02  0.2514541E+01
  0.3794186E+02  0.7055025E+01  0.9572833E+01
  0.2433770E+02  0.1246055E+02  0.1233664E+02
  0.1360575E+02  0.1861795E+02  0.2046448E+02
  0.3494713E+02  0.1218031E+02  0.1125816E+02
  0.2441021E+02  0.3103942E+01  0.2076181E+02
  0.1751289E+02  0.1704529E+02  0.2080839E+02
  0.1187612E+02  0.3364531E+01  0.9812392E+01
  0.2773226E+02  0.8228061E+01  0.9697753E+01
  0.3128216E+02  0.9594593E-01  0.8289226E+01
  0.3210908E+02  0.1631752E+02  0.1907694E+02
  0.2991113E+02  0.1268626E+02  0.1095113E+02
  0.4754823E+02  0.2132148E+02  0.1513270E+02
  0.2454609E+02  0.1539112E+02  0.1059663E+02
  0.3071072E+02  0.2008319E+02  0.2039381E+02
  0.2527875E+02  0.4396567E+01  0.9791047E+01
  0.2840691E+02  0.6634398E+01  0.1134110E+02
  0.1160805E+02  0.4011320E+01  0.3015961E+01
  0.5422351E+02  0.2048947E+02  0.1223644E+02
  0.3236707E+02  0.8113215E+01  0.3704581E+01
  0.3434667E+02  0.7487335E+01  0.5035717E+01
  0.9632767E+01  0.3071200E+01  0.1937861E+02
  0.2025845E+02  0.2265475E+01  0.1155359E+02
  0.3710577E+02  0.9036734E+01  0.1256835E+01
  0.4262227E+02  0.1183124E+02  0.1835463E+02
  0.2948727E+02  0.7982877E+01  0.1316206E+02
  0.3794397E+02  0.1215387E+02  0.1634990E+02
  0.3576398E+02  0.8117590E+01  0.9645767E+01
  0.3471013E+02  0.1983559E+02  0.2067342E+02
  0.4540056E+02  0.1828808E+02  0.1677384E+02
  0.1468419E+02  0.1552409E+02  0.1775049E+02
  0.4496638E+02  0.1411732E+02  0.2003375E+02
  0.4625616E+02  0.1480121E+01  0.1859646E+02
  0.2240305E+02  0.8303084E+01  0.6714169E+01
  0.4893126E+02  0.1769453E+02  0.1489434E+01
  0.3986173E+02  0.1899207E+00  0.1757976E+02
  0.4030907E+02  0.1252457E+02  0.1881242E+02
  0.3752014E+02  0.6938458E+01  0.4737504E+01
  0.5003773E+02  0.6782060E+01  0.2143704E+01
  0.3943711E+02  0.1792135E+02  0.1623436E+02
  0.4267013E+02  0.1527281E+02  0.1819953E+02
  0.1681891E+02  0.6391662E+01  0.1468145E+02
  0.9064133E+01  0.1991039E+02  0.8206548E+01
  0.8275699E+01  0.1894321E+01  0.1778319E+02
  0.1728765E+02  0.3444231E+01  0.1255481E+02
  0.3107629E+02  0.1635858E+02  0.1028241E+02
  0.4633977E+02  0.1541561E+02  0.1646352E+02
  0.2822958E+02  0.1436762E+02  0.1148472E+02
  0.3674333E+02  0.8671794E+01  0.1356878E+02
  0.2568335E+02  0.4531877E+01  0.5428145E+01
  0.2325423E+02  0.1880012E+02  0.1381054E+02
  0.4912900E+02  0.4946597E+01  0.1119816E+01
  0.2937410E+02  0.1423435E+02  0.2007553E+02
  0.4704287E+02  0.1759816E+02  0.4521212E+01
  0.4147773E+02  0.7076197E+01  0.9572495E+01
  0.3369210E+02  0.8200151E+01  0.8564726E+01
  0.2720225E+02  0.1787169E+02  0.9825923E+01
  0.2586622E+02  0.7991678E+01  0.2078984E+02
  0.2134446E+02  0.6643324E+01  0.8262274E+01
  0.3297670E+02  0.2017339E+02  0.8762858E+01
  0.1930919E+02  0.8612674E+01  0.1325332E+02
  0.3574382E+02  0.9708513E+01  0.1153477E+02
  0.3440150E+02  0.3317714E+01  0.6975505E+01
  0.3913381E+02  0.1631834E+02  0.6425456E+01
  0.1858719E+02  0.1223248E+02  0.4682294E+01
  0.2093704E+02  0.1032217E+02  0.1315175E+02
  0.2622848E+02  0.1214452E+02  0.1390109E+02
  0.3179414E+02  0.1188547E+02  0.4432277E+01
  0.4743333E+02  0.9782946E+01  0.9387695E+01
  0.3042289E+02  0.1072852E+01  0.1020869E+01
  0.9765734E+01  0.1958756E+02  0.2328649E+01
  0.4460487E+02  0.5541177E+01  0.1968474E+02
  0.5602702E+02  0.5659639E+01  0.1941675E+02
  0.3094692E+02  0.6261400E+01  0.1415597E+02
  0.4283578E+02  0.9174699E+00  0.2428227E+01
  0.4128069E+02  0.1635687E+02  0.7498954E+01
  0.2725363E+02  0.1030777E+02  0.1484526E+02
  0.3880057E+02  0.1432347E+02  0.7576767E+01
  0.3234715E+02  0.7343048E+01  0.1470546E+01
  0.2768738E+02  0.8615129E+01  0.7284826E+01
  0.1395533E+02  0.8101539E+01  0.9963187E+01
  0.5034217E+02  0.1649114E+02  0.1073579E+02
  0.2560286E+02  0.7785304E+01  0.6555508E+01
  0.3259809E+02  0.1458446E+02  0.1480776E+02
  0.2866344E+02  0.5006110E+01  0.1756695E+02
  0.3398782E+02  0.2286045E+01  0.1803530E+01
  0.1652188E+02  0.1611304E+02  0.1906299E+02
  0.2986998E+02  0.1413429E+02  0.1567735E+02
  0.4301609E+02  0.1129065E+02  0.2144235E+02
  0.2268721E+02  0.1181874E+02  0.1405888E+01
  0.2848209E+02  0.8648222E+00  0.1987202E+02
  0.1680749E+02  0.1163415E+02  0.1417187E+02
  0.2045930E+02  0.1575869E+02  0.5114727E+01
  0.3799830E+02  0.1209635E+02  0.8705760E+01
  0.1881041E+02  0.1661817E+02  0.1256016E+02
  0.4753240E+02  0.1343960E+02  0.1549031E+02
  0.3371412E+02  0.5392119E+01  0.1872323E+02
  0.3518905E+02  0.1443697E+01  0.1965174E+02
  0.3284112E+02  0.2078225E+02  0.1858339E+00
  0.3439594E+02  0.4450643E+01  0.5410411E+00
  0.2284563E+02  0.8256792E+01  0.1671857E+02
  0.1837028E+02  0.1322596E+02  0.8303052E+01
  0.2580148E+02  0.1973765E+02  0.7174122E+01
  0.2809706E+02  0.2717638E+01  0.6961659E+01
  0.4270929E+02  0.1623182E+02  0.4130125E+01
  0.4341553E+02  0.6643024E+01  0.6911419E+01
  0.3850529E+02  0.1571078E+02  0.2231146E+01
  0.1409828E+02  0.3307423E+01  0.6403992E+01
  0.4692239E+02  0.1124819E+02  0.2047301E+02
  0.1265343E+02  0.9705546E+01  0.1452961E+02
  0.3494334E+02  0.9960692E+01  0.1961575E+02
  0.2847233E+02  0.1580599E+02  0.1507077E+02
  0.3183799E+02  0.1847543E+02  0.6073541E+01
  0.4091027E+02  0.1921340E+02  0.1288676E+02
  0.2137406E+02  0.3852216E+01  0.5475959E+01
  0.3382110E+02  0.1105192E+02  0.1627310E+02
  0.3905775E+02  0.8906244E+01  0.2874994E+01
  0.3735327E+02  0.1820862E+02  0.1141480E+02
  0.1269900E+02  0.6170949E+01  0.3005203E+01
  0.4951589E+02  0.1344374E+02  0.7668249E+01
  0.1082198E+02  0.1456558E+01  0.9089120E+01
  0.2286085E+02  0.9266422E+01  0.1785235E+01
  0.4018173E+02  0.1315273E+02  0.1661854E+02
  0.1438107E+02  0.1450146E+02  0.7772479E+01
  0.4495148E+02  0.2658663E+01  0.5791942E+01
  0.2131573E+02  0.1061091E+02  0.1929099E+02
  0.1695625E+02  0.1606058E+02  0.1524574E+02
  0.3454145E+02  0.6679851E+01  0.1617978E+01
  0.3875578E+02  0.1188654E+02  0.2040119E+02
  0.4131258E+02  0.2122786E+02  0.2073256E+02
  0.1397006E+02  0.3623533E+01  0.8814704E+01
  0.3561668E+02  0.2108818E+02  0.1967345E+01
  0.5194863E+02  0.7301681E+01  0.1209017E+02
  0.5350028E+02  0.1667620E+02  0.7601227E+01
  0.3039062E+02  0.1834053E+02  0.8047906E+01
  0.5029865E+02  0.1079511E+02  0.1386320E+02
  0.3678337E+02  0.2132293E+02  0.1419704E+02
  0.2441415E+02  0.8522252E+01  0.1406230E+02
  0.2259126E+02  0.2657050E+01  0.1896491E+02
  0.4331852E+02  0.1007845E+02  0.7248088E+01
  0.3121528E+02  0.1972755E+02  0.1352495E+02
  0.2150858E+02  0.4438544E+01  0.1742670E+02
  0.2105642E+02  0.2695085E+01  0.1389253E+02
  0.3934484E+02  0.4241702E+01  0.1730144E+02
  0.2433526E+02  0.1699627E+02  0.1839575E+02
  0.1692870E+02  0.8226260E+01  0.1333100E+02
  0.2793307E+02  0.9324654E+01  0.2039367E+02
  0.2588303E+02  0.1628752E+02  0.9011369E+01
  0.2909332E+02  0.2103497E+02  0.7545314E+01
  0.5092866E+02  0.6409004E+00  0.1900583E+02
  0.3051459E+02  0.3992495E+01  0.2537069E+01
  0.4028797E+02  0.9730473E+01  0.8057600E+00
  0.3494445E+02  0.2354704E+01  0.1230528E+02
  0.3233434E+02  0.1837230E+02  0.1761533E+02
  0.4638716E+02  0.5790245E+01  0.9424078E+01
  0.4304144E+02  0.1307891E+02  0.1239066E+02
  0.1321838E+02  0.6866105E+01  0.2012615E+02
  0.3595441E+02  0.1824041E+02  0.1505593E+02
  0.5251486E+02  0.5474864E+01  0.5372472E+01
  0.4587205E+02  0.1956468E+02  0.2001478E+02
  0.1303991E+02  0.1336387E+02  0.6275705E+01
  0.1948602E+02  0.6076735E+01  0.1692735E+02
  0.3277580E+02  0.9831566E+01  0.2063487E+02
  0.2946506E+02  0.1857275E+02  0.1923537E+02
  0.1808417E+02  0.6714131E+00  0.9158117E+00
  0.4951224E+02  0.1793582E+02  0.2072545E+02
  0.5534957E+02  0.3003331E+01  0.1651505E+02
  0.2870419E+02  0.1857157E+02  0.5330617E+01
  0.1923862E+02  0.1126823E+02  0.2546712E+01
  0.3941610E+02  0.1958796E+02  0.9486849E+01
  0.3504995E+02  0.2027536E+02  0.4356675E+01
  0.1308627E+02  0.1087977E+02  0.2126811E+02
  0.2128010E+02  0.1927515E+02  0.7004632E+01
  0.1895787E+02  0.1363710E+02  0.2049797E+02
  0.1746446E+02  0.2008619E+02  0.1525446E+02
  0.3092951E+02  0.8787596E+01  0.2284444E+00
  0.1262426E+02  0.1190065E+00  0.7721855E+01
  0.4814141E+02  0.1358612E+02  0.1083932E+02
  0.3595593E+02  0.3521473E+01  0.1437446E+02
  0.3806604E+02  0.7447842E+01  0.1721653E+02
  0.3253390E+02  0.7206233E+01  0.1712742E+02
  0.3722672E+02  0.4182405E+01  0.1760921E+02
  0.3046552E+02  0.1114734E+02  0.1698969E+02
  0.3739025E+02  0.2108514E+01  0.6654653E+01
  0.2377331E+02  0.3630631E+01  0.6123225E+01
  0.4545254E+02  0.3806612E+01  0.1846576E+02
  0.4995805E+02  0.2787886E+01  0.1864905E+02
  0.2183592E+02  0.4399677E+00  0.1879372E+02
  0.2359013E+02  0.1429451E+01  0.1725143E+02
  0.1927951E+02  0.1651363E+02  0.6788954E+00
  0.9436075E+01  0.2978929E+01  0.7984358E+01
  0.1456541E+02  0.5596347E+01  0.1397770E+01
  0.3011878E+02  0.1647910E+02  0.5206000E+01
  0.3329495E+02  0.1849697E+02  0.4021901E+01
  0.3376211E+02  0.4372258E+01  0.1198769E+02
  0.4752255E+02  0.6755508E+01  0.2149884E+02
  0.1880126E+02  0.1158763E+02  0.1530596E+02
  0.2588012E+02  0.4497546E+00  0.7358541E+01
  0.3651446E+02  0.1362589E+02  0.1498781E+02
  0.3628828E+02  0.1876149E+01  0.2660777E+01
  0.2137940E+02  0.1988395E+02  0.1582350E+02
  0.2372604E+02  0.1100481E+01  0.3868114E+01
  0.4991787E+02  0.1396647E+02  0.1016812E+01
  0.2910894E+02  0.2020323E+02  0.3096804E+01
  0.2954902E+02  0.2792929E+01  0.1264548E+02
  0.3180254E+02  0.1448609E+02  0.1704803E+02
  0.4382748E+02  0.6702321E+01  0.1001971E+01
  0.4285450E+02  0.1433278E+02  0.5375366E+01
  0.3709225E+02  0.1862720E+02  0.8904427E+01
  0.3800521E+02  0.3636425E+01  0.1283623E+02
  0.7744888E+01  0.7233815E+01  0.1714645E+01
  0.3917608E+02  0.9192911E+01  0.1397425E+02
  0.1301850E+02  0.2448121E+01  0.1632289E+02
  0.1256578E+02  0.1571786E+02  0.1930799E+02
  0.1767844E+02  0.1877368E+02  0.1325732E+02
  0.1004233E+02  0.5060497E+01  0.7178044E+01
  0.4323436E+02  0.1780648E+02  0.1683649E+00
  0.1783407E+02  0.1489621E+02  0.1817060E+01
  0.1120314E+02  0.6446167E+01  0.1248228E+02
  0.4121429E+02  0.1223806E+02  0.5269148E+01
  0.2988035E+02  0.2083173E+02  0.1512476E+02
  0.3621264E+02  0.7918691E+01  0.2011735E+02
  0.1937693E+02  0.1180930E+00  0.6638987E+01
  0.5031791E+02  0.2650549E+01  0.1434606E+02
  0.1062683E+02  0.1694866E+02  0.1887658E+02
  0.2722951E+02  0.5355644E+01  0.1276055E+01
  0.5027923E+02  0.3641010E+01  0.8692101E+01
  0.2751240E+02  0.2153701E+02  0.1449168E+02
  0.2676106E+02  0.1854994E+02  0.1209890E+02
  0.4255840E+02  0.1418951E+02  0.7867323E+01
  0.9699976E+01  0.9149333E+01  0.1677458E+02
  0.1925675E+02  0.6088699E+01  0.1440585E+02
  0.3558870E+02  0.1654746E+02  0.1113227E+02
  0.2812701E+02  0.1879681E+02  0.2114723E+02
  0.4600109E+02  0.1006764E+01  0.1202768E+02
  0.2924260E+02  0.9704083E+01  0.1850150E+02
  0.5345596E+02  0.1422041E+02  0.8079219E+01
  0.5238901E+02  0.1135037E+02  0.1667222E+02
  0.2506896E+02  0.1482157E+02  0.4745988E+01
  0.1625638E+02  0.2331934E+01  0.1461659E+01
  0.2384898E+02  0.1100975E+02  0.1432039E+02
  0.1765308E+02  0.4603792E+01  0.1778821E+02
  0.1993636E+02  0.1410382E+02  0.3151051E+01
  0.3071123E+02  0.3363152E+00  0.1898482E+02
  0.3493184E+02  0.3985494E+01  0.2009422E+02
  0.3150272E+02  0.1863557E+01  0.9506203E+01
  0.3460354E+02  0.2110801E+02  0.1852561E+02
  0.2189832E+02  0.1378228E+02  0.5995781E+01
  0.4062791E+02  0.1650614E+02  0.3360157E+01
  0.1187354E+02  0.2273803E-01  0.1912868E+02
  0.1793798E+02  0.8024417E+01  0.2642625E+01
  0.3366775E+02  0.1630181E+02  0.5053260E+01
  0.2299858E+02  0.1230899E+02  0.1970114E+02
  0.2632447E+02  0.2051327E+02  0.1533372E+01
  0.2788299E+02  0.6581642E+01  0.2104370E+02
  0.2927035E+02  0.1191047E+02  0.8763485E+01
  0.2501499E+02  0.2138241E+02  0.1069555E+02
  0.4546779E+02  0.1849514E+02  0.8345583E+01
  0.1534836E+02  0.1383539E+02  0.2042507E+01
  0.1386012E+02  0.5392646E+01  0.1661600E+02
  0.4598496E+02  0.1006676E+02  0.1505520E+02
  0.2080098E+02  0.8757460E+01  0.1774775E+02
  0.3145661E+02  0.1186579E+02  0.7874843E+01
  0.4754154E+02  0.2111492E+02  0.5814783E+00
  0.2889996E+02  0.1647101E+02  0.1050077E+02
  0.1020291E+02  0.2121413E+02  0.1442346E+02
  0.4918787E+02  0.1870702E+02  0.4711533E+01
  0.4208877E+02  0.6219525E+01  0.1748009E+02
  0.3258945E+02  0.7874250E+01  0.1474205E+02
  0.3986594E+02  0.6448082E+01  0.4933509E+01
  0.4122646E+02  0.1688696E+02  0.1076891E+02
  0.5334610E+02  0.1651209E+02  0.5395502E+01
  0.3038981E+02  0.1693370E+02  0.7396485E+00
  0.5289928E+02  0.2190210E+01  0.9553985E+01
  0.4473421E+02  0.1679152E+02  0.1121003E+02
  0.5141356E+02  0.2025976E+02  0.1565286E+02
  0.5250982E+02  0.1316459E+02  0.2030844E+02
  0.5012191E+02  0.2119716E+02  0.1225158E+02
  0.4460320E+02  0.1974577E+02  0.2233698E+00
  0.4943891E+02  0.1653648E+01  0.9762091E+01
  0.3685539E+02  0.1680851E+01  0.1774605E+02
  0.3647799E+02  0.1228757E+02  0.4516953E+01
  0.4596849E+02  0.1979617E+02  0.1997519E+01
  0.5282876E+02  0.1998774E+02  0.3647808E+01
  0.5301361E+02  0.1743691E+02  0.1296853E+01
  0.5633978E+02  0.1409808E+02  0.1642874E+02
  0.4514988E+02  0.1416888E+02  0.4722825E+01
  0.4746161E+02  0.1914656E+02  0.1377754E+02
  0.5704786E+02  0.1594002E+01  0.1506019E+01
  0.5684224E+02  0.2090297E+02  0.4569249E+01
  0.5205381E+02  0.1472501E+02  0.1915646E+01
  0.5230869E+02  0.3647044E+01  0.1249491E+01
  0.5817101E+02  0.3099688E+01  0.3005122E+01
  0.5852170E+02  0.3133232E+00  0.5618308E+01
  0.4454009E+02  0.1569961E+01  0.1014006E+02
  0.5944701E+02  0.2090959E+02  0.1468005E+01
  0.6230303E+02  0.1816941E+01  0.1434554E+01
  0.6227855E+02  0.2090615E+02  0.4355581E+01
  0.5946996E+02  0.1947087E+01  0.4106023E+01
  0.6086850E+02  0.5092590E+00  0.2868599E+01
  0.6385807E+02  0.3140848E+01  0.2639472E+01
  0.6354814E+02  0.7064922E+00  0.5681886E+01
  0.6081884E+02  0.3445816E+01  0.5681201E+01
  0.5185187E+02  0.1523745E+02  0.1898368E+02
  0.3150042E+02  0.1322885E+02  0.1312426E+02
  0.3828996E+02  0.9629544E+01  0.2103043E+02
  0.4388624E+02  0.2722682E+01  0.1348240E+02
  0.5741611E+02  0.1806598E+02  0.1633175E+01
  0.4398397E+02  0.1745132E+02  0.2523518E+01
  0.4957706E+02  0.2001333E+02  0.1171203E+01
  0.2382140E+02  0.1945684E+02  0.1595209E+02
  0.4765672E+02  0.2670629E+01  0.4195440E+01
  0.5447981E+02  0.4748484E+01  0.1228996E+01
  0.3748412E+02  0.1407202E+02  0.1153164E+02
  0.3703428E+02  0.1877191E+02  0.4778516E+01
  0.5043018E+02  0.2169107E+02  0.5172189E+01
  0.5432288E+02  0.1245413E+02  0.3727748E+01
  0.4053552E+02  0.7312978E+01  0.2754664E+01
  0.5297988E+02  0.1412041E+02  0.1334122E+02
  0.5440227E+02  0.2053183E+01  0.1445879E+02
  0.5693377E+02  0.7262907E+01  0.9800723E+00
  0.5677267E+02  0.4686323E+01  0.4203990E+01
  0.5454461E+02  0.1203238E+02  0.2095500E+02
  0.5439922E+02  0.7172124E+01  0.2053233E+02
  0.5834785E+02  0.8447454E+01  0.2488288E+01
  0.5829766E+02  0.6079333E+01  0.5346611E+01
  0.5208090E+02  0.1236231E+02  0.2745725E+01
  0.5961474E+02  0.4283226E+01  0.1615502E+01
  0.6234346E+02  0.7191456E+01  0.1487826E+01
  0.6229071E+02  0.4384898E+01  0.4219525E+01
  0.5967361E+02  0.7312301E+01  0.3920325E+01
  0.6115455E+02  0.5945056E+01  0.2901442E+01
  0.6366301E+02  0.8761769E+01  0.2610598E+01
  0.6377790E+02  0.5736843E+01  0.5387017E+01
  0.6101280E+02  0.8726840E+01  0.5178821E+01
  0.4571322E+02  0.1205563E+02  0.5718452E+01
  0.3820561E+02  0.1322812E+02  0.1622283E+01
  0.4708231E+02  0.1551570E+02  0.5551856E+01
  0.5203523E+02  0.1166418E+01  0.2130104E+02
  0.3718470E+02  0.4607280E+01  0.7077832E+01
  0.5395469E+02  0.9695968E+00  0.4862797E+01
  0.3741408E+02  0.1993696E+01  0.6125331E+00
  0.2600075E+02  0.1351190E+02  0.1737963E+02
  0.4809093E+02  0.7334406E+01  0.1917871E+02
  0.5356800E+02  0.1240666E+02  0.1476562E+02
  0.4865080E+02  0.4135448E-01  0.8199782E+01
  0.3494620E+02  0.2111600E+02  0.1000902E+02
  0.4787012E+02  0.7133665E+01  0.5845318E+01
  0.5294211E+02  0.1188682E+02  0.6480454E+01
  0.4887849E+02  0.1844305E+02  0.1040933E+02
  0.4993729E+02  0.1520128E+00  0.1446145E+02
  0.5417276E+02  0.1038678E+02  0.7863161E+00
  0.5711351E+02  0.1245780E+02  0.1253239E+01
  0.5704603E+02  0.9660796E+01  0.4033263E+01
  0.4266288E+02  0.4657198E+01  0.4741922E+01
  0.5575084E+02  0.1102576E+02  0.2591112E+01
  0.5865126E+02  0.1374043E+02  0.2491871E+01
  0.5864648E+02  0.1135181E+02  0.5262536E+01
  0.5597821E+02  0.1384959E+02  0.5090356E+01
  0.5997003E+02  0.9766433E+01  0.1287625E+01
  0.6244695E+02  0.1254071E+02  0.8815994E+00
  0.6252125E+02  0.1008777E+02  0.3867259E+01
  0.6014596E+02  0.1279319E+02  0.3984497E+01
  0.6129722E+02  0.1137243E+02  0.2456136E+01
  0.6379226E+02  0.1391309E+02  0.2313409E+01
  0.6368961E+02  0.1145874E+02  0.5241045E+01
  0.6121038E+02  0.1437352E+02  0.5485437E+01
  0.3772367E+02  0.6214107E+01  0.1298973E+02
  0.4876379E+02  0.1446165E+02  0.1935897E+02
  0.4422348E+02  0.1103083E+02  0.2824340E+01
  0.4390011E+02  0.1237282E+02  0.1621154E+02
  0.4612253E+02  0.2944351E+01  0.8007993E+01
  0.3156103E+02  0.1389341E+02  0.2155460E+02
  0.3190055E+02  0.9869796E+01  0.6439310E+01
  0.4993684E+02  0.1994962E+02  0.6772905E+01
  0.4999552E+02  0.9322389E+01  0.7185297E+01
  0.4330443E+02  0.1122944E+02  0.5082944E+01
  0.4747550E+02  0.1264221E+02  0.1319629E+02
  0.4338481E+02  0.8753496E+01  0.2126321E+02
  0.3490605E+02  0.1054516E+01  0.7654797E+01
  0.5167893E+02  0.8195055E+01  0.4487036E+01
  0.2256067E+02  0.1687368E+02  0.5500185E+01
  0.4344480E+02  0.1714237E+02  0.1573983E+02
  0.5196668E+02  0.7875556E+01  0.1943381E+01
  0.5581672E+02  0.1908993E+02  0.2087537E+00
  0.5729263E+02  0.1535932E+02  0.3603120E+01
  0.4995442E+02  0.2067106E+02  0.1766821E+02
  0.5581933E+02  0.1669997E+02  0.2440994E+01
  0.5826493E+02  0.1960576E+02  0.3086551E+01
  0.5830237E+02  0.1671044E+02  0.5217293E+01
  0.5447381E+02  0.1282477E+02  0.9584277E+01
  0.5981246E+02  0.1533514E+02  0.1298039E+01
  0.6267084E+02  0.1817600E+02  0.1684011E+01
  0.6288749E+02  0.1535925E+02  0.4044168E+01
  0.5997103E+02  0.1792253E+02  0.4018665E+01
  0.6127704E+02  0.1664061E+02  0.2702161E+01
  0.6393333E+02  0.1983720E+02  0.2906387E+01
  0.6389930E+02  0.1685522E+02  0.5572289E+01
  0.6104285E+02  0.1943078E+02  0.5519564E+01
  0.5423253E+02  0.1001745E+02  0.1204852E+02
  0.5278923E+02  0.1060220E+02  0.4546614E+01
  0.4869738E+02  0.5610831E+01  0.1314029E+02
  0.4461036E+02  0.2124108E+02  0.3485596E+01
  0.4046346E+02  0.1525267E+02  0.2079583E+02
  0.4456434E+02  0.2085194E+02  0.1150043E+02
  0.3722069E+02  0.1227914E+02  0.1865798E+02
  0.4908543E+02  0.1580826E+02  0.2143547E+02
  0.4145519E+02  0.5591946E+01  0.1246346E+02
  0.4164591E+02  0.2896669E+01  0.1087336E+02
  0.5085039E+02  0.1692107E+02  0.5131675E+01
  0.5104332E+02  0.3273292E+01  0.3126726E+01
  0.4799363E+02  0.2356696E+01  0.2008263E+02
  0.5461243E+02  0.1010333E+02  0.6636112E+01
  0.5423489E+02  0.1558915E+02  0.1174354E+02
  0.5448388E+02  0.3881666E+01  0.1264657E+02
  0.5069221E+02  0.1897279E+02  0.1885116E+02
  0.5696382E+02  0.1851209E+01  0.6897381E+01
  0.5697368E+02  0.2065676E+02  0.9418295E+01
  0.4689418E+02  0.1297964E+02  0.1899271E+02
  0.3376781E+02  0.1002968E+02  0.4764226E+01
  0.5823874E+02  0.3478894E+01  0.7976424E+01
  0.5850755E+02  0.3861354E+00  0.1038756E+02
  0.5527572E+02  0.1911696E+02  0.5333396E+01
  0.5966803E+02  0.2055691E+02  0.6740608E+01
  0.6200438E+02  0.1972755E+01  0.7011663E+01
  0.6249576E+02  0.2115025E+02  0.9257862E+01
  0.5959758E+02  0.2161216E+01  0.9293248E+01
  0.6070974E+02  0.3094083E+00  0.8107332E+01
  0.6357829E+02  0.3368220E+01  0.8240773E+01
  0.6361931E+02  0.7067655E+00  0.1091794E+02
  0.6095399E+02  0.3327138E+01  0.1083552E+02
  0.5200556E+02  0.4319493E+01  0.1016394E+02
  0.4538964E+02  0.2884807E+01  0.1507352E+01
  0.4927113E+02  0.8710262E+01  0.4905220E+01
  0.3540544E+02  0.1572376E+02  0.1655865E+02
  0.4507064E+02  0.1221316E+02  0.2166391E+02
  0.3310707E+02  0.2144327E+02  0.6593870E+01
  0.3069181E+02  0.4172746E+01  0.9133095E+01
  0.5203963E+02  0.1567890E+02  0.1545940E+02
  0.3523271E+02  0.1867113E+02  0.1175049E+01
  0.5563108E+02  0.9421118E-01  0.7775284E+01
  0.5518895E+02  0.2643407E+01  0.8573435E+01
  0.4314743E+02  0.1830913E+02  0.1052550E+02
  0.4449291E+02  0.9569920E+01  0.1692462E+02
  0.4104058E+02  0.9161831E+01  0.1112651E+02
  0.5261909E+02  0.2139858E+02  0.1511492E+01
  0.3696858E+02  0.2499666E+00  0.2087218E+02
  0.4134523E+02  0.1060986E+02  0.8360758E+01
  0.5701557E+02  0.7470892E+01  0.6883318E+01
  0.5723777E+02  0.4639992E+01  0.9466482E+01
  0.5559999E+02  0.8869840E+01  0.1046276E+02
  0.4964041E+02  0.7560719E+01  0.1172863E+02
  0.5857701E+02  0.8796536E+01  0.8205463E+01
  0.5838349E+02  0.5970201E+01  0.1057384E+02
  0.5135257E+02  0.1108852E+02  0.8120078E+01
  0.5938297E+02  0.4902174E+01  0.6609679E+01
  0.6218613E+02  0.7037305E+01  0.6877790E+01
  0.6215996E+02  0.4813459E+01  0.9491129E+01
  0.5978143E+02  0.7434353E+01  0.9552128E+01
  0.6089480E+02  0.5825784E+01  0.8106762E+01
  0.6384651E+02  0.8607062E+01  0.7873241E+01
  0.6372648E+02  0.6038230E+01  0.1072913E+02
  0.6126415E+02  0.8733665E+01  0.1067121E+02
  0.2713056E+02  0.2082919E+02  0.2105297E+02
  0.4463842E+02  0.7342207E+01  0.3438218E+01
  0.4946951E+02  0.1615944E+02  0.1787953E+02
  0.4654181E+02  0.9479768E+01  0.1821335E+02
  0.4316659E+02  0.9578098E+01  0.1887662E+02
  0.4246992E+02  0.9681630E+01  0.1679394E+01
  0.4083163E+02  0.1091882E+02  0.1681625E+02
  0.4689254E+02  0.1605052E+01  0.1625336E+02
  0.3665827E+02  0.1455389E+02  0.4592025E+01
  0.5571228E+02  0.6181913E+01  0.2538481E+01
  0.4549118E+02  0.5341224E+01  0.7220780E+01
  0.5394658E+02  0.1786920E+02  0.3546350E+01
  0.3857712E+02  0.2904480E+01  0.4743903E+01
  0.2985743E+02  0.9558126E+01  0.9780345E+01
  0.3764484E+02  0.1909565E+02  0.1843456E+02
  0.5386540E+02  0.7064777E+01  0.4242969E+01
  0.4909598E+02  0.1103089E+02  0.4120830E+01
  0.5707079E+02  0.1245364E+02  0.6787233E+01
  0.5719065E+02  0.9941295E+01  0.9352025E+01
  0.4209147E+02  0.8246578E+01  0.6015946E+01
  0.5577645E+02  0.1130825E+02  0.8148798E+01
  0.5838808E+02  0.1395096E+02  0.8117497E+01
  0.5860072E+02  0.1111920E+02  0.1090073E+02
  0.5571559E+02  0.1725254E+02  0.8244845E+01
  0.5997017E+02  0.9997110E+01  0.6740268E+01
  0.6236880E+02  0.1284381E+02  0.6872222E+01
  0.6260035E+02  0.9811588E+01  0.9360049E+01
  0.5981602E+02  0.1272475E+02  0.9663227E+01
  0.6128803E+02  0.1130419E+02  0.8249501E+01
  0.6391895E+02  0.1412376E+02  0.8105725E+01
  0.6391725E+02  0.1124338E+02  0.1065917E+02
  0.6127902E+02  0.1403896E+02  0.1089162E+02
  0.3812121E+02  0.1953855E+02  0.1482462E+02
  0.4537230E+02  0.1846499E+02  0.5889607E+01
  0.3412753E+02  0.2082557E+02  0.1396365E+02
  0.4399054E+02  0.3312048E+01  0.2148879E+02
  0.2352713E+02  0.1409119E+01  0.7149125E+01
  0.4815036E+02  0.7801597E+01  0.8116489E+01
  0.2964452E+02  0.3440079E+01  0.1589341E+02
  0.3868573E+02  0.1272916E+01  0.1942825E+02
  0.3564369E+02  0.2517631E+01  0.4889906E+01
  0.5097403E+02  0.7202237E+01  0.9209372E+01
  0.4762851E+02  0.5145229E+01  0.1781842E+02
  0.5096760E+02  0.1284257E+02  0.1222712E+02
  0.4863839E+02  0.9623943E+01  0.1933370E+02
  0.4051491E+02  0.2001691E+02  0.2102293E+01
  0.4864202E+02  0.1386378E+01  0.5912331E+01
  0.4331565E+02  0.4087570E+01  0.1741979E+02
  0.5402276E+02  0.4499686E+01  0.6979045E+01
  0.5699874E+02  0.1817973E+02  0.6715396E+01
  0.5692593E+02  0.1534947E+02  0.9365831E+01
  0.4335161E+02  0.2097652E+02  0.1534720E+02
  0.3472458E+02  0.7503882E+01  0.1805669E+02
  0.5843302E+02  0.1948164E+02  0.8174640E+01
  0.5836090E+02  0.1640366E+02  0.1089689E+02
  0.5585979E+02  0.1861270E+02  0.1020753E+02
  0.5956438E+02  0.1550494E+02  0.6866267E+01
  0.6239041E+02  0.1816018E+02  0.7045624E+01
  0.6238611E+02  0.1535368E+02  0.9529205E+01
  0.5960951E+02  0.1813178E+02  0.9658390E+01
  0.6081065E+02  0.1681135E+02  0.8356435E+01
  0.6350679E+02  0.1954213E+02  0.8302805E+01
  0.6366994E+02  0.1675783E+02  0.1109075E+02
  0.6097241E+02  0.1977151E+02  0.1067070E+02
  0.4938527E+02  0.1376551E+02  0.1701660E+02
  0.2176874E+02  0.3006853E+01  0.1516001E+01
  0.4322042E+02  0.5078300E+01  0.1368704E+02
  0.3960130E+02  0.3830135E+01  0.2538102E+01
  0.5409002E+02  0.1760866E+02  0.2090802E+02
  0.4825985E+02  0.1221370E+02  0.6315797E+01
  0.3997991E+02  0.6186931E+01  0.1627086E+02
  0.5238700E+02  0.1723330E+02  0.1197408E+02
  0.4248931E+02  0.8295015E+01  0.3715698E+01
  0.4434919E+02  0.1553051E+02  0.7133896E+01
  0.4127099E+02  0.7884686E+01  0.2136977E+02
  0.5159101E+02  0.7506453E+01  0.7006565E+01
  0.4853312E+02  0.4886537E+01  0.5136086E+01
  0.5352691E+02  0.1911513E+02  0.1059043E+02
  0.5579582E+02  0.3196633E+01  0.1065803E+02
  0.4057541E+02  0.1508932E+01  0.4402242E+01
  0.5571358E+02  0.2132602E+00  0.1360525E+02
  0.5693223E+02  0.1511503E+01  0.1185947E+02
  0.5713723E+02  0.2056085E+02  0.1499505E+02
  0.4832809E+02  0.1116724E+02  0.1115229E+02
  0.4671582E+02  0.1714969E+02  0.9942312E+01
  0.5823915E+02  0.2976804E+01  0.1348149E+02
  0.5822062E+02  0.3447900E+00  0.1639751E+02
  0.5230796E+02  0.2147345E+02  0.1323131E+02
  0.5976065E+02  0.2105233E+02  0.1213897E+02
  0.6224922E+02  0.1810533E+01  0.1215444E+02
  0.6212479E+02  0.2088966E+02  0.1487690E+02
  0.5942006E+02  0.1695596E+01  0.1501504E+02
  0.6101010E+02  0.7084856E+00  0.1358806E+02
  0.6363098E+02  0.3097757E+01  0.1340263E+02
  0.6364881E+02  0.3147125E+00  0.1613984E+02
  0.6095107E+02  0.3153454E+01  0.1606303E+02
  0.3596755E+02  0.2067118E+02  0.8029407E+01
  0.4488130E+02  0.2205140E+00  0.8192971E+01
  0.5087308E+02  0.1633507E+02  0.1350880E+02
  0.4241126E+02  0.2745212E+01  0.1547381E+02
  0.4240955E+02  0.4748226E+01  0.9894632E+00
  0.4579947E+02  0.7962918E+01  0.9996177E+01
  0.4004508E+02  0.1838853E+02  0.1865653E+02
  0.3624264E+02  0.4550546E+01  0.9102203E+01
  0.4161434E+02  0.5174926E+01  0.7885637E+01
  0.4249905E+02  0.4948517E+01  0.1042284E+02
  0.5027197E+02  0.2836900E+01  0.1173892E+02
  0.3263641E+02  0.5115396E+01  0.7500210E+01
  0.5555526E+02  0.6065001E+01  0.8180966E+01
  0.5170286E+02  0.2197358E+00  0.9152968E+01
  0.4512245E+02  0.4409230E+01  0.1214898E+02
  0.4388630E+02  0.1348761E+02  0.2627753E+01
  0.4591426E+02  0.9453651E+01  0.2920970E+01
  0.5664199E+02  0.7175905E+01  0.1182231E+02
  0.5681734E+02  0.4284072E+01  0.1488559E+02
  0.4542371E+02  0.1138148E+02  0.1299468E+02
  0.5557120E+02  0.5725924E+01  0.1342010E+02
  0.5830137E+02  0.8581444E+01  0.1334120E+02
  0.5818757E+02  0.5792455E+01  0.1608301E+02
  0.5437162E+02  0.7162762E+01  0.1492445E+02
  0.5966864E+02  0.4603949E+01  0.1211900E+02
  0.6243410E+02  0.7261126E+01  0.1224434E+02
  0.6235042E+02  0.4672279E+01  0.1460573E+02
  0.5965098E+02  0.7241291E+01  0.1485862E+02
  0.6094660E+02  0.5978310E+01  0.1342639E+02
  0.6394533E+02  0.8611234E+01  0.1369694E+02
  0.6363603E+02  0.6048113E+01  0.1602118E+02
  0.6122243E+02  0.8726129E+01  0.1614287E+02
  0.3665502E+02  0.1734177E+02  0.2628691E+01
  0.3815606E+02  0.1882100E+01  0.1098550E+02
  0.4800747E+02  0.8422407E+01  0.1502224E+02
  0.4349790E+02  0.1546639E+02  0.1172804E+01
  0.5729765E+02  0.1257806E+02  0.1772342E+02
  0.3259101E+02  0.1238301E+02  0.1765470E+02
  0.4521437E+02  0.4544624E+01  0.1595977E+02
  0.2800585E+02  0.4251047E+01  0.5080255E+01
  0.4211814E+02  0.2079042E+02  0.6574301E+01
  0.2585566E+02  0.9532074E+01  0.3005266E+01
  0.3941320E+02  0.1736191E+02  0.1227501E+02
  0.4373897E+02  0.8151417E+01  0.8809157E+01
  0.4187832E+02  0.8016504E+01  0.1465081E+02
  0.3279795E+02  0.1668526E+02  0.1166066E+01
  0.5559265E+02  0.8585952E+01  0.1622916E+02
  0.5578898E+02  0.1703230E+02  0.1334611E+02
  0.5075962E+02  0.2004666E+02  0.1044517E+02
  0.5714362E+02  0.1265339E+02  0.1202365E+02
  0.5688512E+02  0.1002130E+02  0.1476141E+02
  0.4532936E+02  0.1378306E+02  0.1337132E+02
  0.3781338E+02  0.2154474E+02  0.1630696E+02
  0.5986793E+02  0.1264056E+02  0.1473773E+02
  0.5546023E+02  0.1156879E+02  0.1353630E+02
  0.5193597E+02  0.1033710E+02  0.9780072E+00
  0.5972831E+02  0.1000484E+02  0.1230276E+02
  0.6256578E+02  0.1266285E+02  0.1220745E+02
  0.6247566E+02  0.1019082E+02  0.1481148E+02
  0.5830151E+02  0.1120703E+02  0.1618042E+02
  0.6130599E+02  0.1144190E+02  0.1338185E+02
  0.6379098E+02  0.1403287E+02  0.1351094E+02
  0.6385451E+02  0.1125103E+02  0.1613864E+02
  0.6140328E+02  0.1407469E+02  0.1617570E+02
  0.2811451E+02  0.5162688E+01  0.7383909E+01
  0.5471180E+02  0.2040614E+02  0.1884422E+01
  0.3765919E+02  0.1118798E+02  0.6361803E+01
  0.4290272E+02  0.2120836E+02  0.1883282E+02
  0.4138019E+02  0.8623811E+01  0.1713201E+02
  0.4879749E+02  0.2723649E+01  0.2090603E+01
  0.4044604E+02  0.1174468E+01  0.1384302E+02
  0.5380183E+02  0.1399600E+02  0.5560275E+01
  0.3209331E+02  0.9510451E+01  0.1644305E+02
  0.5551455E+02  0.8343316E+01  0.5164690E+01
  0.4946401E+02  0.1474969E+02  0.1218609E+02
  0.4643063E+02  0.1780069E+02  0.2337959E+01
  0.5155295E+02  0.9527496E+01  0.1527620E+02
  0.3394249E+02  0.1626977E+01  0.1011843E+02
  0.4731355E+02  0.3499328E+01  0.1491973E+02
  0.3147617E+02  0.1840449E+02  0.2429330E+01
  0.4642412E+02  0.1954884E+02  0.1062795E+02
  0.5742667E+02  0.1815633E+02  0.1203593E+02
  0.5687332E+02  0.1544928E+02  0.1450544E+02
  0.4906920E+02  0.8761024E+01  0.5373491E-02
  0.5582981E+02  0.1422324E+02  0.1061537E+02
  0.5852581E+02  0.1949331E+02  0.1353978E+02
  0.5829648E+02  0.1642978E+02  0.1635933E+02
  0.5422505E+02  0.2030462E+02  0.1779986E+02
  0.6006649E+02  0.1555407E+02  0.1225373E+02
  0.6207529E+02  0.1839678E+02  0.1232735E+02
  0.6273027E+02  0.1544616E+02  0.1483016E+02
  0.5958227E+02  0.1787063E+02  0.1491120E+02
  0.6113747E+02  0.1683248E+02  0.1389568E+02
  0.6359517E+02  0.1945033E+02  0.1370283E+02
  0.6397853E+02  0.1666766E+02  0.1645525E+02
  0.6088188E+02  0.1944618E+02  0.1634824E+02
  0.3919937E+02  0.2059682E+02  0.1934528E+02
  0.3691656E+02  0.9121253E+01  0.4182628E+01
  0.5081057E+02  0.8729629E+01  0.1836192E+02
  0.5192723E+02  0.3731728E+01  0.7001485E+01
  0.5030879E+02  0.1260271E+02  0.9722948E+01
  0.4478336E+02  0.7646718E+01  0.1862990E+02
  0.5536554E+02  0.3069953E+01  0.5410685E+01
  0.5153759E+02  0.1092756E+02  0.1910603E+02
  0.4864646E+02  0.1100925E+02  0.3544190E+00
  0.4204038E+02  0.2133707E+02  0.1351951E+02
  0.5213210E+02  0.2004242E+02  0.7670707E+01
  0.5188428E+02  0.1812778E+02  0.8997767E+01
  0.4608090E+02  0.1332552E+02  0.1700016E+01
  0.5454683E+02  0.4673342E+01  0.1788538E+02
  0.5405198E+02  0.2077795E+02  0.6339705E+01
  0.4764045E+02  0.2070959E+02  0.1201293E+02
  0.4907326E+02  0.4771784E+00  0.2066210E+02
  0.5671953E+02  0.1752994E+01  0.1766376E+02
  0.5687156E+02  0.2047309E+02  0.2035063E+02
  0.4958992E+02  0.3751697E+01  0.1651037E+02
  0.5546525E+02  0.2712765E+00  0.1920785E+02
  0.5837928E+02  0.3136261E+01  0.1884156E+02
  0.5815655E+02  0.3737889E+00  0.2162322E+02
  0.5587215E+02  0.2868571E+01  0.2867424E-02
  0.5969473E+02  0.2091532E+02  0.1753499E+02
  0.6228368E+02  0.1759110E+01  0.1750092E+02
  0.6238718E+02  0.2111321E+02  0.2050926E+02
  0.5954238E+02  0.1898199E+01  0.2026212E+02
  0.6105085E+02  0.4094108E+00  0.1902495E+02
  0.6365450E+02  0.3155502E+01  0.1893955E+02
  0.6367003E+02  0.5737350E+00  0.2460236E+00
  0.6107732E+02  0.3063635E+01  0.9574665E-01
  0.2101142E+02  0.7983350E+01  0.3421256E+01
  0.4726756E+02  0.3153706E+01  0.1244998E+02
  0.4114493E+02  0.1922293E+02  0.4918491E+01
  0.4822791E+02  0.8465308E+01  0.2280538E+01
  0.5278518E+02  0.5382185E+01  0.2137842E+02
  0.2428734E+02  0.1718829E+02  0.2883850E+01
  0.4306890E+02  0.1912306E+02  0.8067267E+01
  0.4542283E+02  0.1982324E+02  0.1499985E+02
  0.4474592E+02  0.7963101E+01  0.1206372E+02
  0.5307911E+02  0.6271821E+01  0.1687609E+02
  0.5285697E+02  0.3948940E+01  0.1957933E+02
  0.5305668E+02  0.6602129E+01  0.1003841E+02
  0.3633806E+02  0.6805320E+01  0.7282941E+00
  0.5243491E+02  0.9064326E+01  0.8652688E+01
  0.4150374E+02  0.1526722E+02  0.1270549E+02
  0.5400186E+02  0.1436833E+02  0.1858939E+02
  0.5212924E+02  0.4001031E+01  0.1263923E+02
  0.5680823E+02  0.7055011E+01  0.1781734E+02
  0.5741240E+02  0.4386115E+01  0.2061228E+02
  0.4523726E+02  0.2094937E+01  0.3645961E+01
  0.5293773E+02  0.9211139E+01  0.1960973E+02
  0.5854656E+02  0.8175555E+01  0.1904604E+02
  0.5843768E+02  0.5817237E+01  0.2493621E+00
  0.5573462E+02  0.8838027E+01  0.2155126E+02
  0.5968807E+02  0.4537864E+01  0.1753526E+02
  0.6225042E+02  0.7066158E+01  0.1759766E+02
  0.6236218E+02  0.4533173E+01  0.2034964E+02
  0.5991834E+02  0.6995790E+01  0.2053322E+02
  0.6104996E+02  0.5651982E+01  0.1888828E+02
  0.6353945E+02  0.8541047E+01  0.1891116E+02
  0.6356143E+02  0.6084168E+01  0.2152691E+02
  0.6111202E+02  0.8530674E+01  0.4522524E-01
  0.4564815E+02  0.5161027E+01  0.2022274E+00
  0.3267358E+02  0.1712197E+01  0.1945112E+02
  0.5153847E+02  0.2033668E+02  0.2137158E+02
  0.4868378E+02  0.9520178E+01  0.1281062E+02
  0.4645093E+02  0.1147320E+02  0.7962062E+01
  0.3690828E+02  0.4543987E+01  0.4604151E+01
  0.2775958E+02  0.6919597E+00  0.5781094E+01
  0.4409043E+02  0.1898304E+02  0.1870645E+02
  0.4670367E+02  0.6457649E+01  0.1599272E+02
  0.4541694E+02  0.2083773E+02  0.5988506E+01
  0.2668193E+02  0.5706021E+01  0.1296332E+02
  0.2671423E+02  0.1929301E+02  0.1912409E+02
  0.4877948E+02  0.4434913E+01  0.1127129E+02
  0.4258033E+02  0.7679643E+01  0.1246490E+02
  0.5192604E+02  0.2232037E+01  0.5076951E+01
  0.4581407E+02  0.1551930E+02  0.9207284E+00
  0.3578711E+02  0.1260844E+02  0.1606640E+01
  0.5845990E+02  0.1407182E+02  0.1346993E+02
  0.5719742E+02  0.9751198E+01  0.2029440E+02
  0.4747672E+02  0.1145619E+02  0.2508017E+01
  0.5561320E+02  0.1130975E+02  0.1892186E+02
  0.5856916E+02  0.1386327E+02  0.1908219E+02
  0.5864984E+02  0.1126236E+02  0.2158458E+02
  0.5573925E+02  0.1398412E+02  0.2154073E+02
  0.5961365E+02  0.9735837E+01  0.1757799E+02
  0.6270214E+02  0.1267518E+02  0.1742797E+02
  0.6241563E+02  0.9923457E+01  0.2038415E+02
  0.5993738E+02  0.1270865E+02  0.2033161E+02
  0.6117027E+02  0.1128797E+02  0.1887766E+02
  0.6396422E+02  0.1402850E+02  0.1908197E+02
  0.6394366E+02  0.1086354E+02  0.2150221E+02
  0.6117885E+02  0.1419835E+02  0.2142424E+02
  0.5232448E+02  0.1909983E+02  0.1347623E+02
  0.4835841E+02  0.4974939E+01  0.2022553E+02
  0.5066583E+02  0.1209307E+02  0.2157996E+02
  0.4733168E+02  0.2123555E+02  0.1914568E+02
  0.2698367E+02  0.2196173E+01  0.4016454E+01
  0.5394422E+02  0.1425991E+02  0.1620798E+02
  0.4002620E+02  0.2359810E+01  0.1606229E+02
  0.4331315E+02  0.5592957E-01  0.1659790E+00
  0.5158294E+02  0.1364478E+02  0.1693829E+02
  0.5420696E+02  0.1557080E+02  0.9772445E+00
  0.5430071E+02  0.9907184E+01  0.1755575E+02
  0.4035237E+02  0.3389053E+01  0.1291648E+02
  0.5403168E+02  0.1999869E+01  0.2022094E+02
  0.4604070E+02  0.1735426E+02  0.1307366E+02
  0.4099097E+02  0.1829541E+02  0.8851174E+01
  0.3586017E+02  0.2032305E+02  0.1230014E+02
  0.5733302E+02  0.1524436E+02  0.2030375E+02
  0.5678173E+02  0.1767128E+02  0.1783115E+02
  0.5535171E+02  0.1618092E+02  0.1927109E+02
  0.4977287E+02  0.1584165E+02  0.7078840E+01
  0.4634696E+02  0.1178521E+02  0.1677752E+02
  0.5836765E+02  0.1908428E+02  0.1903184E+02
  0.5856953E+02  0.1686068E+02  0.2166398E+02
  0.5549686E+02  0.2836511E+00  0.3068636E+01
  0.5980559E+02  0.1532195E+02  0.1779031E+02
  0.6246925E+02  0.1820103E+02  0.1756610E+02
  0.6276824E+02  0.1560332E+02  0.2039153E+02
  0.6011469E+02  0.1846036E+02  0.2049807E+02
  0.6117568E+02  0.1700704E+02  0.1910653E+02
  0.6347174E+02  0.1967904E+02  0.1902341E+02
  0.6408055E+02  0.1712075E+02  0.1328892E+00
  0.6131442E+02  0.1975387E+02  0.4052941E+00
