         
  0.6515772E+02  0.0000000E+00  0.2171924E+02
  0.0000000E+00  0.0000000E+00  0.2171924E+02
  0.6487799E+02  0.1942251E+02  0.2108911E+02
  0.2980124E+01  0.2059420E+00  0.2059748E+02
  0.2750094E+01  0.1936548E+02  0.1573851E+01
  0.6511411E+02  0.4297607E+00  0.1876412E+01
  0.1401673E+01  0.2083645E+02  0.3114232E+00
  0.3898299E+01  0.1741598E+01  0.3077457E+00
  0.3932684E+01  0.2062334E+02  0.3272932E+01
  0.1387623E+01  0.1982610E+01  0.3035690E+01
  0.5604197E+01  0.1957510E+02  0.2077713E+02
  0.8473298E+01  0.9149433E+00  0.2093040E+02
  0.8199389E+01  0.1904581E+02  0.1645663E+01
  0.5076288E+01  0.1047740E+01  0.2359181E+01
  0.7203717E+01  0.2081106E+02  0.2733132E+00
  0.9271805E+01  0.4694600E+01  0.3358901E+01
  0.8875453E+01  0.2154696E+02  0.4204095E+01
  0.7626825E+01  0.5028193E+00  0.2197821E+01
  0.1050759E+02  0.2143795E+02  0.1817403E+02
  0.2247553E+02  0.1404703E+02  0.5920895E+01
  0.2384170E+02  0.9198320E+00  0.9322882E+01
  0.1236194E+02  0.7237534E+01  0.1957576E+02
  0.1964280E+02  0.1497932E+01  0.2022417E+01
  0.3077466E+02  0.1535951E+02  0.6068135E+01
  0.9620457E+01  0.7615056E+01  0.5658646E+01
  0.2747407E+02  0.5217019E+01  0.1141482E+02
  0.2061358E+02  0.1097191E+02  0.6198111E+01
  0.1540849E+02  0.1049023E+02  0.1912242E+02
  0.2614223E+02  0.7357097E+01  0.1891383E+02
  0.1113550E+02  0.1833132E+02  0.4238531E+01
  0.1972195E+02  0.4312803E+01  0.4732980E+01
  0.2798070E+02  0.7728417E+01  0.2277872E+00
  0.1191032E+02  0.1704069E+02  0.2138975E+02
  0.3215617E+02  0.5137353E+01  0.9444667E+01
  0.6494733E+02  0.2707501E+01  0.2066919E+02
  0.2638081E+01  0.5514001E+01  0.2084800E+02
  0.2571840E+01  0.3330647E+01  0.1422757E+01
  0.1247176E-01  0.5765052E+01  0.1721197E+01
  0.1034361E+01  0.4395164E+01  0.1776523E+00
  0.4139439E+01  0.7043491E+01  0.3293752E+00
  0.4224117E+01  0.4373036E+01  0.2946884E+01
  0.1393097E+01  0.7239003E+01  0.3044493E+01
  0.5430411E+01  0.3182359E+01  0.2099706E+02
  0.8681258E+01  0.5905692E+01  0.2105415E+02
  0.7650179E+01  0.3145057E+01  0.2198990E+01
  0.5657691E+01  0.5920117E+01  0.1757490E+01
  0.6983082E+01  0.4520915E+01  0.5242378E+00
  0.1425639E+02  0.1847330E+01  0.1995853E+02
  0.1057102E+02  0.1276518E+01  0.5272031E+01
  0.6929543E+01  0.7379464E+01  0.2994683E+01
  0.1343533E+02  0.2918918E+01  0.1758315E+01
  0.2711672E+02  0.1267983E+02  0.1418832E+02
  0.2250532E+02  0.1655445E+02  0.1039728E+02
  0.1389474E+02  0.6012402E+01  0.5226622E+01
  0.1278019E+02  0.1622837E+02  0.1813705E+01
  0.1580793E+02  0.1780590E+01  0.6378500E+01
  0.1999795E+02  0.9387678E+01  0.2207731E+01
  0.9373371E+01  0.1506520E+02  0.3367415E+01
  0.2807808E+02  0.1282646E+01  0.8550809E+01
  0.1674686E+02  0.1216067E+02  0.5684351E+01
  0.1651859E+02  0.1079676E+02  0.1067867E+02
  0.2097129E+02  0.1596500E+02  0.1580692E+02
  0.1738351E+02  0.1974492E+02  0.7045448E+01
  0.2153335E+02  0.1913323E+02  0.2023348E+02
  0.1894399E+02  0.1026866E+02  0.1105033E+02
  0.1884683E+02  0.2060832E+01  0.1663312E+02
  0.6493920E+02  0.8394484E+01  0.2109986E+02
  0.2465111E+01  0.1110707E+02  0.2070270E+02
  0.2531705E+01  0.8619410E+01  0.1610606E+01
  0.6502344E+02  0.1120292E+02  0.2127764E+01
  0.1096432E+01  0.9856348E+01  0.6897305E+00
  0.3835720E+01  0.1260684E+02  0.3100980E+00
  0.3845612E+01  0.9805195E+01  0.3333090E+01
  0.1097659E+01  0.1242338E+02  0.3083635E+01
  0.5363707E+01  0.8286266E+01  0.2066183E+02
  0.1466127E+02  0.1296581E+02  0.1834560E+02
  0.1146484E+02  0.9783329E+01  0.3383447E+01
  0.5293498E+01  0.1141645E+02  0.1873877E+01
  0.6329238E+01  0.9888126E+01  0.3495335E+00
  0.9200053E+01  0.1221912E+02  0.6112184E+00
  0.1278883E+02  0.1890471E+02  0.9385046E+01
  0.6783407E+01  0.1237546E+02  0.3293062E+01
  0.7725986E+01  0.1133145E+02  0.2074793E+02
  0.1985815E+02  0.1269783E+02  0.2034290E+02
  0.2465198E+02  0.2821757E-01  0.1147598E+02
  0.1581260E+02  0.1557917E+02  0.1479928E+02
  0.1460719E+02  0.1549339E+02  0.6392683E+01
  0.1840401E+02  0.1375511E+02  0.5028951E+01
  0.2279148E+02  0.2016796E+01  0.1650596E+02
  0.2918969E+02  0.5093464E+01  0.6844997E+01
  0.1330445E+02  0.7696390E+01  0.1268570E+02
  0.2657298E+02  0.4930821E+00  0.1385527E+02
  0.2088490E+02  0.1521957E+02  0.1014235E+02
  0.1331669E+02  0.1088123E+02  0.1232441E+02
  0.1884727E+02  0.1130795E+02  0.4437950E+01
  0.3204329E+02  0.1495352E+02  0.1339841E+02
  0.4167051E+02  0.1184658E+02  0.1143337E+02
  0.3452616E+02  0.7408696E+01  0.2079851E+02
  0.8519803E-02  0.1398238E+02  0.2086494E+02
  0.2540189E+01  0.1665876E+02  0.2086599E+02
  0.2683345E+01  0.1379178E+02  0.1889523E+01
  0.6503222E+02  0.1639653E+02  0.1950900E+01
  0.1296003E+01  0.1514869E+02  0.4975515E+00
  0.4223399E+01  0.1804994E+02  0.2723478E+00
  0.3953954E+01  0.1526151E+02  0.3471376E+01
  0.1392094E+01  0.1806756E+02  0.3081033E+01
  0.5259725E+01  0.1391304E+02  0.2081422E+02
  0.8058104E+01  0.1631399E+02  0.2086205E+02
  0.8080147E+01  0.1370700E+02  0.2020377E+01
  0.5570991E+01  0.1654045E+02  0.1914725E+01
  0.6639462E+01  0.1500802E+02  0.7510739E+00
  0.9633957E+01  0.1780498E+02  0.1608044E+00
  0.1752103E+02  0.4489589E+01  0.8851792E+01
  0.6769459E+01  0.1794733E+02  0.3330359E+01
  0.1477645E+02  0.1758250E+02  0.2294820E+01
  0.1366786E+02  0.1809558E+02  0.1671157E+02
  0.1595156E+02  0.1448708E+02  0.1523425E+01
  0.2388909E+02  0.1298896E+02  0.1314552E+02
  0.2030312E+02  0.2102880E+02  0.6425713E+00
  0.2460856E+02  0.1047120E+01  0.7051955E+01
  0.2031886E+02  0.6987068E+01  0.3178361E+01
  0.9590181E+01  0.1708323E+01  0.1249837E+01
  0.2015535E+02  0.1717687E+02  0.5561578E+01
  0.1324548E+02  0.6534487E+01  0.8952253E+01
  0.3672147E+02  0.7265432E+01  0.7497944E+01
  0.2364591E+02  0.2225237E+01  0.4301673E+01
  0.1916429E+02  0.2152713E+02  0.1656155E+02
  0.2358600E+02  0.1102898E+02  0.8541698E+01
  0.2561425E+02  0.1838509E+02  0.1735674E+02
  0.1125691E+02  0.4183842E-01  0.1620559E+01
  0.8431135E-01  0.1926542E+02  0.4684893E+01
  0.2805471E+01  0.5640450E+00  0.4359406E+01
  0.2553511E+01  0.1942246E+02  0.7147870E+01
  0.2671535E+00  0.4408193E+00  0.7291731E+01
  0.1497467E+01  0.2084573E+02  0.5749133E+01
  0.4184160E+01  0.1871549E+01  0.5746727E+01
  0.3935838E+01  0.2079341E+02  0.8333260E+01
  0.1448628E+01  0.1794192E+01  0.8682570E+01
  0.5322016E+01  0.1949200E+02  0.4700789E+01
  0.9716181E+01  0.3515985E+01  0.5165762E+01
  0.8209287E+01  0.1945168E+02  0.7133028E+01
  0.5274592E+01  0.4531542E+00  0.6994737E+01
  0.6897907E+01  0.2089460E+02  0.5774102E+01
  0.1760629E+02  0.1023419E+02  0.1830314E+02
  0.9417363E+01  0.1786783E+02  0.6029476E+01
  0.6651370E+01  0.1862791E+01  0.8329630E+01
  0.2613138E+02  0.2886771E+01  0.6449252E+01
  0.2499000E+02  0.8925572E+01  0.3108307E+01
  0.1980015E+02  0.9843315E+01  0.1666205E+02
  0.1668165E+02  0.5639794E+01  0.5345252E+01
  0.1383252E+02  0.1563367E+02  0.1609286E+02
  0.1750985E+02  0.1662337E+02  0.8194829E+01
  0.1768472E+02  0.1745459E+02  0.6213435E+00
  0.1412380E+02  0.2705301E+01  0.1344365E+02
  0.1718725E+02  0.2161324E+02  0.1207794E+02
  0.1546923E+02  0.3894545E+01  0.1790105E+02
  0.1291158E+02  0.2000167E+02  0.1560695E+02
  0.9869018E+01  0.7233866E+01  0.6143257E+00
  0.1238778E+02  0.1531009E+02  0.1327056E+02
  0.2231088E+02  0.6151509E+01  0.2173819E+01
  0.1733224E+02  0.1852746E+02  0.1105169E+02
  0.1120398E+02  0.1167916E+02  0.8059276E+01
  0.1037453E+00  0.3205691E+01  0.4421327E+01
  0.2750676E+01  0.5796100E+01  0.4371327E+01
  0.2940619E+01  0.3244740E+01  0.7415132E+01
  0.1176983E+00  0.5653172E+01  0.7156403E+01
  0.1559295E+01  0.4430896E+01  0.6005223E+01
  0.4223468E+01  0.7121622E+01  0.5400229E+01
  0.4248969E+01  0.4785733E+01  0.8607938E+01
  0.1365315E+01  0.7156898E+01  0.8628509E+01
  0.5769967E+01  0.2715330E+01  0.3864759E+01
  0.9994326E+01  0.4405826E+01  0.1962838E+02
  0.6873878E+01  0.4353646E+01  0.5571964E+01
  0.5589851E+01  0.5874985E+01  0.6942526E+01
  0.8299801E+01  0.2867123E+01  0.6935085E+01
  0.1953896E+02  0.2160153E+01  0.1426345E+02
  0.1205084E+02  0.2112976E+02  0.1117865E+02
  0.6829604E+01  0.6911138E+01  0.8835919E+01
  0.1504274E+02  0.2051841E+02  0.8967359E+01
  0.8225130E+01  0.8781399E+01  0.1461958E+01
  0.1201531E+02  0.6889171E+01  0.2131236E+01
  0.1199010E+02  0.4322816E+01  0.5996091E+01
  0.9833530E+01  0.2013945E+02  0.2845828E+01
  0.1051613E+02  0.9515152E+01  0.1022230E+02
  0.1507625E+02  0.1138177E+02  0.4400674E+01
  0.2024760E+02  0.7001010E+01  0.5927308E-01
  0.1553863E+02  0.3139893E+01  0.9471250E+01
  0.2330564E+02  0.1829819E+02  0.9123376E+01
  0.2229133E+02  0.2984521E+01  0.8831113E+01
  0.3254876E+02  0.2109888E+02  0.1108698E+02
  0.3001284E+02  0.3517519E+01  0.8774899E+00
  0.1274568E+02  0.1546836E+02  0.9831199E+01
  0.2534697E+02  0.1582040E+02  0.7939790E+01
  0.1610634E+02  0.1243732E+02  0.8086610E+01
  0.6494367E-01  0.8601397E+01  0.4510889E+01
  0.2673341E+01  0.1132970E+02  0.4508338E+01
  0.3017983E+01  0.8042518E+01  0.6985127E+01
  0.2137368E+00  0.1124395E+02  0.7033200E+01
  0.1661035E+01  0.9644893E+01  0.5640022E+01
  0.3977517E+01  0.1249922E+02  0.6062655E+01
  0.3885571E+01  0.9724005E+01  0.8678632E+01
  0.1252339E+01  0.1282288E+02  0.8539991E+01
  0.5522815E+01  0.8643466E+01  0.4357113E+01
  0.8074132E+01  0.1106982E+02  0.4832529E+01
  0.8086817E+01  0.6212838E+01  0.4765703E+01
  0.5160803E+01  0.1076956E+02  0.7172124E+01
  0.6913101E+01  0.9766175E+01  0.6106993E+01
  0.7897000E+01  0.1424793E+02  0.7607413E+01
  0.8354055E+01  0.8480575E+01  0.7479098E+01
  0.6328641E+01  0.1263767E+02  0.8451902E+01
  0.1181780E+02  0.8987179E+01  0.9710883E+00
  0.1407316E+02  0.3038228E+01  0.7320649E+01
  0.2202476E+02  0.1482794E+02  0.1282820E+02
  0.2584237E+02  0.2170490E+02  0.1606852E+02
  0.1855628E+02  0.1913599E+02  0.1654309E+02
  0.1453891E+02  0.1218885E+02  0.1070901E+02
  0.2433004E+02  0.4268010E+01  0.9407217E+01
  0.1909760E+02  0.1740658E+02  0.1532533E+02
  0.2026823E+02  0.9272835E+01  0.7984694E+01
  0.1442830E+02  0.1823687E+02  0.1233194E+02
  0.3099789E+02  0.1067329E+02  0.5052027E+01
  0.2090668E+02  0.1841705E+02  0.1079552E+02
  0.2127553E+02  0.1689318E+02  0.2119193E+02
  0.3024219E+02  0.8790773E+01  0.3679642E+01
  0.3059156E+02  0.7579286E+01  0.1914725E+02
  0.2474313E+02  0.1344827E+02  0.1836855E+02
  0.6509304E+02  0.1400130E+02  0.4466441E+01
  0.2514412E+01  0.1677191E+02  0.4813464E+01
  0.2735146E+01  0.1412004E+02  0.7294087E+01
  0.6498381E+02  0.1651793E+02  0.7506616E+01
  0.1186401E+01  0.1528841E+02  0.5990692E+01
  0.4057702E+01  0.1810076E+02  0.5964101E+01
  0.3960464E+01  0.1550519E+02  0.8546539E+01
  0.1107832E+01  0.1831688E+02  0.8660870E+01
  0.5372423E+01  0.1374309E+02  0.4714938E+01
  0.1390582E+02  0.1426305E+02  0.2828743E+01
  0.9051665E+01  0.1547116E+02  0.9061173E+01
  0.5462701E+01  0.1713756E+02  0.7256235E+01
  0.6352458E+01  0.1533587E+02  0.6017724E+01
  0.7915632E+01  0.1656280E+02  0.4772105E+01
  0.7843409E+01  0.1717462E+02  0.1042297E+02
  0.6951167E+01  0.1858897E+02  0.8735663E+01
  0.1713917E+02  0.1646914E+02  0.2774027E+01
  0.1401509E+02  0.4432275E+00  0.1035341E+02
  0.1521809E+02  0.9927100E+01  0.1413817E+01
  0.1788078E+02  0.1763075E+02  0.6021017E+01
  0.8529968E+01  0.1336994E+02  0.1120604E+02
  0.2045822E+02  0.1895155E+02  0.1410375E+02
  0.2261232E+02  0.8894550E+01  0.8192569E+01
  0.1538800E+02  0.1409640E+01  0.1485390E+02
  0.1389148E+02  0.5928631E+01  0.2109686E+02
  0.2343285E+02  0.1853192E+02  0.1642728E+02
  0.1953751E+02  0.1785405E+01  0.8410039E+01
  0.2121057E+02  0.1370693E+02  0.1487975E+02
  0.1197707E+02  0.1951312E+02  0.1991895E+02
  0.9023077E+01  0.1050909E+02  0.8671857E+01
  0.1296351E+02  0.1393453E+02  0.5115379E+01
  0.9519570E+01  0.2095458E+02  0.8129001E+01
  0.6484855E+02  0.1982157E+02  0.1015517E+02
  0.2787979E+01  0.3537214E+00  0.9961167E+01
  0.2711447E+01  0.1944484E+02  0.1269591E+02
  0.1910659E-01  0.2012955E+00  0.1289318E+02
  0.1446902E+01  0.2079378E+02  0.1148762E+02
  0.4037681E+01  0.1829264E+01  0.1116065E+02
  0.4533016E+01  0.2083817E+02  0.1415614E+02
  0.1664966E+01  0.1393098E+01  0.1424905E+02
  0.5172508E+01  0.1959855E+02  0.9789891E+01
  0.7676805E+01  0.3925851E+00  0.9762664E+01
  0.8104332E+01  0.1980267E+02  0.1288999E+02
  0.5383749E+01  0.5122738E+00  0.1263035E+02
  0.6581194E+01  0.2071950E+02  0.1117292E+02
  0.1353202E+02  0.1573986E+01  0.5567694E+01
  0.9288032E+01  0.2113664E+02  0.1426307E+02
  0.6702198E+01  0.1701059E+01  0.1431884E+02
  0.9442443E+01  0.1835415E+02  0.1181644E+02
  0.1655214E+02  0.3487304E+01  0.7120819E+00
  0.1903077E+02  0.1212138E+02  0.1727157E+02
  0.1293701E+02  0.1981897E+02  0.1307561E+02
  0.1112071E+02  0.1609083E+02  0.1854546E+02
  0.1938850E+02  0.7692817E+01  0.1388462E+02
  0.9221011E+01  0.1833862E+01  0.1120269E+02
  0.1490097E+02  0.2091423E+02  0.1439174E+02
  0.3228638E+02  0.4276892E+01  0.2702113E+00
  0.1390181E+02  0.2416652E+01  0.1640339E+02
  0.1363329E+02  0.9590041E+01  0.4902133E+01
  0.1802690E+02  0.8472805E+01  0.1235988E+02
  0.2388035E+02  0.1737284E+02  0.7259571E+01
  0.2028186E+02  0.1335798E+02  0.6432028E+01
  0.2566313E+02  0.6886344E+01  0.1154778E+02
  0.1445921E+02  0.1144386E+02  0.1543485E+02
  0.6407131E-01  0.2963822E+01  0.1008127E+02
  0.2722192E+01  0.5861349E+01  0.1004829E+02
  0.2624960E+01  0.2871657E+01  0.1285990E+02
  0.6496203E+02  0.5706269E+01  0.1266703E+02
  0.1288072E+01  0.4451647E+01  0.1119580E+02
  0.4003960E+01  0.7296224E+01  0.1142474E+02
  0.4103555E+01  0.4485845E+01  0.1405518E+02
  0.1205977E+01  0.6970984E+01  0.1387634E+02
  0.5430894E+01  0.3190174E+01  0.9809535E+01
  0.7931918E+01  0.5894952E+01  0.1015031E+02
  0.7821684E+01  0.3186329E+01  0.1263563E+02
  0.5421777E+01  0.6000814E+01  0.1277144E+02
  0.6629159E+01  0.4604159E+01  0.1131113E+02
  0.9619643E+01  0.7228430E+01  0.1104239E+02
  0.9489550E+01  0.4592421E+01  0.1374026E+02
  0.6762340E+01  0.7400439E+01  0.1396769E+02
  0.1076255E+02  0.2901747E+01  0.9788194E+01
  0.2104769E+02  0.3855912E+01  0.1365643E+02
  0.1328645E+02  0.1970249E+02  0.5368397E+01
  0.1101461E+02  0.6063142E+01  0.1277431E+02
  0.1705670E+02  0.9789580E+01  0.4041094E+01
  0.1832744E+02  0.9795554E+01  0.3723841E+00
  0.1081761E+02  0.8659842E+01  0.1591074E+02
  0.1640424E+02  0.1660202E+02  0.1773313E+02
  0.9542084E+01  0.2041471E+02  0.2012014E+02
  0.1375553E+02  0.7534186E+01  0.3531160E+01
  0.2947212E+02  0.3075094E+01  0.1858150E+02
  0.1047760E+02  0.1426712E+02  0.5402016E+01
  0.2693770E+02  0.2085643E+02  0.1092156E+02
  0.9289903E+01  0.9045301E+01  0.3864719E+01
  0.1545726E+02  0.7789871E+01  0.3715867E+00
  0.1792331E+02  0.8859447E+01  0.7693764E+01
  0.6505611E+02  0.8700857E+01  0.9793475E+01
  0.2704386E+01  0.1145547E+02  0.9815182E+01
  0.2469866E+01  0.8655878E+01  0.1272141E+02
  0.6505592E+02  0.1117203E+02  0.1275266E+02
  0.1159217E+01  0.9965221E+01  0.1126123E+02
  0.3842506E+01  0.1260943E+02  0.1145377E+02
  0.3747186E+01  0.9943203E+01  0.1415699E+02
  0.1277967E+01  0.1252053E+02  0.1417337E+02
  0.5735824E+01  0.8492442E+01  0.9887540E+01
  0.7618145E+01  0.1154036E+02  0.1020562E+02
  0.8299724E+01  0.8443294E+01  0.1263551E+02
  0.5329198E+01  0.1105548E+02  0.1295507E+02
  0.6638497E+01  0.1002833E+02  0.1160198E+02
  0.1094213E+02  0.1289742E+02  0.1156009E+02
  0.9632231E+01  0.9549178E+01  0.1398199E+02
  0.6587231E+01  0.1243153E+02  0.1434795E+02
  0.3078267E+02  0.4988534E+01  0.4786009E+01
  0.1562571E+02  0.2052639E+02  0.1372036E+00
  0.2405385E+02  0.2042041E+02  0.1481444E+02
  0.1497688E+02  0.1456587E+02  0.1022028E+02
  0.2636583E+02  0.1821964E+02  0.1508924E+02
  0.2397399E+02  0.1509975E+02  0.1466222E+01
  0.1230741E+02  0.1434548E+01  0.3379532E+01
  0.1669658E+02  0.3016679E+01  0.1601663E+02
  0.1562649E+02  0.6828779E+01  0.7055603E+01
  0.3271693E+02  0.1992796E+02  0.6993790E+01
  0.3009019E+02  0.8540122E+01  0.2132331E+02
  0.1092631E+02  0.1124807E+02  0.1760532E+02
  0.4229570E+02  0.5747401E+01  0.1968011E+02
  0.3196885E+02  0.3119658E+01  0.5513027E+01
  0.4321957E+02  0.1786769E+02  0.1881683E+02
  0.1820104E+02  0.1852730E+01  0.1801544E+00
  0.6515549E+02  0.1430601E+02  0.1011779E+02
  0.2617899E+01  0.1690786E+02  0.1007772E+02
  0.2413658E+01  0.1408888E+02  0.1277407E+02
  0.6491631E+02  0.1695836E+02  0.1293462E+02
  0.1318634E+01  0.1569319E+02  0.1148479E+02
  0.4122785E+01  0.1819236E+02  0.1135496E+02
  0.3877926E+01  0.1530755E+02  0.1419282E+02
  0.9626445E+00  0.1820163E+02  0.1416488E+02
  0.5285145E+01  0.1397760E+02  0.1011551E+02
  0.1186933E+02  0.5041122E+00  0.6762776E+01
  0.7920491E+01  0.1389113E+02  0.1341015E+02
  0.5212665E+01  0.1683524E+02  0.1276534E+02
  0.6776361E+01  0.1530833E+02  0.1170278E+02
  0.3012687E+02  0.1949463E+02  0.1625655E+02
  0.1680037E+02  0.1751600E+02  0.1317629E+02
  0.6860951E+01  0.1809543E+02  0.1401754E+02
  0.1619116E+02  0.9213710E+00  0.2105133E+02
  0.2778582E+02  0.1518561E+02  0.1683719E+02
  0.1449458E+02  0.8971121E+01  0.7180501E+01
  0.1445452E+02  0.1519618E+02  0.1851839E+02
  0.1260868E+02  0.1696013E+02  0.7845369E+01
  0.2032069E+02  0.3048934E+01  0.2154825E+02
  0.2413400E+02  0.7511041E+01  0.2033482E+02
  0.1030597E+02  0.1635657E+02  0.1260079E+02
  0.1176116E+02  0.2002611E+02  0.7500788E+01
  0.2272671E+02  0.9974189E+01  0.2089146E+02
  0.1044745E+02  0.2022292E+02  0.1609724E+02
  0.2146408E+02  0.1200897E+02  0.9405434E+01
  0.1318996E+02  0.9375190E+01  0.1555773E+02
  0.2535503E+02  0.1052021E+02  0.5120213E+01
  0.2000508E+02  0.2168564E+02  0.6763892E+01
  0.2371285E+02  0.9026677E+00  0.2047405E+02
  0.6498678E+02  0.1963463E+02  0.1578430E+02
  0.3008386E+01  0.1684817E+00  0.1582812E+02
  0.2539382E+01  0.1914407E+02  0.1829637E+02
  0.9171603E-01  0.4164118E-01  0.1813691E+02
  0.1506009E+01  0.2048062E+02  0.1700470E+02
  0.4375319E+01  0.1679147E+01  0.1696580E+02
  0.4359206E+01  0.2072368E+02  0.1915551E+02
  0.1381281E+01  0.1453294E+01  0.1944722E+02
  0.5557785E+01  0.1940107E+02  0.1569361E+02
  0.8060245E+01  0.5087690E+00  0.1603374E+02
  0.8427816E+01  0.1916536E+02  0.1832175E+02
  0.5979038E+01  0.5286610E+00  0.1843768E+02
  0.6936666E+01  0.2053962E+02  0.1704790E+02
  0.1839661E+02  0.8546911E+01  0.1993774E+02
  0.9596419E+01  0.1987446E+01  0.1722229E+02
  0.7049456E+01  0.2034338E+01  0.1967503E+02
  0.2152699E+02  0.5207255E+00  0.8834942E+01
  0.1506297E+02  0.3964900E+01  0.2048005E+02
  0.2812224E+02  0.7346019E+00  0.2297332E+01
  0.2500428E+02  0.4008725E+01  0.1394638E+02
  0.1399439E+02  0.1842927E+02  0.1311688E+00
  0.1627171E+02  0.1949157E+02  0.2111645E+01
  0.1343705E+02  0.2129144E+02  0.1913125E+02
  0.1204269E+02  0.7060047E+01  0.1489947E+02
  0.1609927E+02  0.6655005E+01  0.3153978E+01
  0.1231207E+02  0.9883626E+01  0.1934001E+02
  0.2232543E+02  0.4565014E+01  0.6677974E+01
  0.2336321E+02  0.1379920E+02  0.2140255E+02
  0.9744785E+01  0.1666146E+02  0.1498286E+02
  0.4623580E+02  0.7623010E+01  0.6950486E+00
  0.2161390E+02  0.2101325E+02  0.5077932E+01
  0.1736118E+02  0.4597283E+01  0.2458664E+01
  0.1949803E+00  0.2882943E+01  0.1540675E+02
  0.2666295E+01  0.5796489E+01  0.1538324E+02
  0.2885096E+01  0.2944998E+01  0.1802670E+02
  0.6507408E+02  0.5636856E+01  0.1820337E+02
  0.1424097E+01  0.4270316E+01  0.1675413E+02
  0.4011929E+01  0.7150534E+01  0.1691564E+02
  0.4229231E+01  0.4344036E+01  0.1956938E+02
  0.1172888E+01  0.7024543E+01  0.1974674E+02
  0.5516258E+01  0.3335115E+01  0.1558767E+02
  0.8042408E+01  0.5738015E+01  0.1520027E+02
  0.8386291E+01  0.3526678E+01  0.1829637E+02
  0.5410277E+01  0.5842388E+01  0.1844749E+02
  0.6907637E+01  0.4802422E+01  0.1703188E+02
  0.1542068E+02  0.6411645E+01  0.1741402E+02
  0.1114378E+02  0.5573638E+01  0.1793592E+02
  0.7261611E+01  0.7134049E+01  0.1972945E+02
  0.1699330E+02  0.6654573E+01  0.1136420E+02
  0.2241400E+02  0.2052603E+02  0.2077414E+01
  0.1052596E+02  0.1955387E+02  0.1015100E+02
  0.1178925E+02  0.2745408E+01  0.1312678E+02
  0.2240158E+02  0.6608930E+01  0.1187230E+02
  0.1079791E+02  0.1318615E+02  0.2095833E+02
  0.1426397E+02  0.2111403E+02  0.1835729E+01
  0.9611491E+01  0.6996332E+01  0.1698299E+02
  0.2141533E+02  0.3981060E+01  0.1879736E+01
  0.2584782E+02  0.2048875E+02  0.7319900E+01
  0.1651121E+02  0.1259070E+02  0.2015710E+02
  0.2434585E+02  0.6388101E+01  0.7979796E+01
  0.2034831E+02  0.5793156E+01  0.1289703E+02
  0.1358514E+02  0.1277879E+02  0.1367819E+02
  0.1919287E+02  0.7746457E+01  0.9511266E+01
  0.2642735E+02  0.1746788E+02  0.4783652E+01
  0.6512925E+02  0.8329077E+01  0.1541488E+02
  0.2285263E+01  0.1109965E+02  0.1583175E+02
  0.2384800E+01  0.8320884E+01  0.1811037E+02
  0.6477113E+02  0.1095364E+02  0.1809523E+02
  0.1179837E+01  0.9641014E+01  0.1683607E+02
  0.3880989E+01  0.1248198E+02  0.1683623E+02
  0.3834761E+01  0.9776440E+01  0.1929710E+02
  0.1096212E+01  0.1260630E+02  0.1929169E+02
  0.5297093E+01  0.8564328E+01  0.1546738E+02
  0.8397890E+01  0.1116183E+02  0.1552670E+02
  0.8178748E+01  0.8431004E+01  0.1814330E+02
  0.5283694E+01  0.1129050E+02  0.1818250E+02
  0.6917397E+01  0.9868398E+01  0.1696256E+02
  0.1067464E+02  0.1501570E+02  0.1654414E+02
  0.9229470E+01  0.1034787E+02  0.1935606E+02
  0.6637105E+01  0.1271976E+02  0.1922858E+02
  0.1047932E+02  0.1604646E+02  0.7218546E+01
  0.1252894E+02  0.1663315E+01  0.8800024E+01
  0.2129765E+02  0.1961480E+02  0.8581012E+01
  0.1126832E+02  0.1170847E+02  0.1964180E+01
  0.1740566E+02  0.9200037E+01  0.1607653E+02
  0.1459929E+02  0.7778160E+01  0.1932289E+02
  0.2333415E+02  0.1299309E+02  0.1556422E+02
  0.2496601E+02  0.1951089E+01  0.1748114E+02
  0.1052448E+02  0.6551397E+00  0.1275844E+02
  0.2507306E+02  0.1598879E+02  0.3340306E+01
  0.2383856E+02  0.6216457E+01  0.1679366E+02
  0.2093266E+02  0.1176485E+02  0.1178202E+02
  0.2073018E+02  0.9552856E+01  0.1442875E+02
  0.1369678E+02  0.1150677E+02  0.8074883E+01
  0.2670311E+02  0.2153123E+02  0.3144933E+00
  0.1995817E+02  0.1169005E+02  0.1400832E+02
  0.6508802E+02  0.1401729E+02  0.1545246E+02
  0.2378170E+01  0.1673481E+02  0.1533445E+02
  0.2607574E+01  0.1391434E+02  0.1811130E+02
  0.6501687E+02  0.1674556E+02  0.1796454E+02
  0.1339135E+01  0.1552402E+02  0.1675314E+02
  0.3809692E+01  0.1790699E+02  0.1680840E+02
  0.3883745E+01  0.1543274E+02  0.1959141E+02
  0.1002894E+01  0.1787120E+02  0.1975475E+02
  0.4890805E+01  0.1391467E+02  0.1564319E+02
  0.7491764E+01  0.1570506E+02  0.1472132E+02
  0.8083020E+01  0.1415149E+02  0.1810982E+02
  0.5312489E+01  0.1683147E+02  0.1819083E+02
  0.6531884E+01  0.1517202E+02  0.1677332E+02
  0.9790271E+01  0.1802102E+02  0.1682857E+02
  0.9407992E+01  0.1472866E+02  0.1979296E+02
  0.6740470E+01  0.1793419E+02  0.1960055E+02
  0.1067617E+02  0.1388100E+02  0.1363079E+02
  0.1169926E+02  0.1822101E+02  0.1809655E+02
  0.1462257E+02  0.9709969E+01  0.1368580E+02
  0.1258989E+02  0.3979788E+00  0.1692470E+02
  0.2272302E+02  0.1165715E+02  0.9310541E+00
  0.2111291E+02  0.2035733E+02  0.1212148E+02
  0.3114468E+02  0.6054630E+01  0.1522396E+02
  0.2055103E+02  0.1452685E+02  0.2161040E+02
  0.9360023E+01  0.1253553E+02  0.6660297E+01
  0.1057882E+02  0.3212689E+01  0.1523923E+02
  0.1427318E+02  0.9657213E+01  0.2087454E+02
  0.2042146E+02  0.2146852E+02  0.1447830E+02
  0.1820500E+02  0.1199159E+02  0.9881031E-01
  0.1505566E+02  0.1498481E+02  0.2086526E+02
  0.2253316E+02  0.1635192E+02  0.5354705E+01
  0.2064396E+02  0.8976693E+01  0.1891299E+02
  0.4109085E+02  0.1978214E+02  0.1197680E+02
  0.3792745E+02  0.3301507E+01  0.1556974E+02
  0.2312561E+02  0.1353344E+02  0.8138353E+01
  0.2780621E+02  0.9466381E+01  0.3521807E+01
  0.4461323E+02  0.1215486E+02  0.4378807E+01
  0.4156171E+02  0.3761470E+01  0.4056590E+01
  0.5291179E+02  0.1536798E+01  0.1699384E+02
  0.3910817E+02  0.1052020E+01  0.2036228E+02
  0.3998284E+02  0.7106737E+01  0.2872392E+01
  0.2074159E+02  0.1617080E+02  0.3404228E+01
  0.1801228E+02  0.1554063E+02  0.1604919E+02
  0.4029998E+02  0.1096744E+02  0.1301540E+02
  0.3249603E+02  0.9115600E+01  0.1516901E+02
  0.4360734E+02  0.1200137E+02  0.1920489E+02
  0.3504168E+02  0.3522839E+01  0.9339323E+01
  0.3889751E+02  0.1864137E+02  0.5359928E+01
  0.2427575E+02  0.5134153E+01  0.1174180E+02
  0.3722794E+02  0.1891182E+02  0.1141664E+02
  0.4101130E+02  0.5724446E+00  0.1906529E+02
  0.1483107E+02  0.1783771E+02  0.6876442E+01
  0.3305812E+02  0.9218011E+01  0.1970354E+02
  0.3733053E+02  0.9713464E+01  0.4285242E+01
  0.2600226E+02  0.1202079E+02  0.7750923E+01
  0.2018292E+02  0.1859391E+02  0.1823399E+02
  0.4849059E+02  0.1170127E+02  0.1333191E+00
  0.1375938E+02  0.4566351E+01  0.1039022E+02
  0.3254288E+02  0.1273284E+02  0.1313010E+02
  0.4090707E+02  0.2469952E+01  0.7142895E+01
  0.3132496E+02  0.1286029E+02  0.1649594E+02
  0.3342431E+02  0.8823460E+01  0.2984388E+01
  0.3976726E+02  0.1882414E+02  0.2002928E+02
  0.3398990E+02  0.7318995E+01  0.1557046E+02
  0.2998595E+02  0.2160263E+02  0.5717014E+01
  0.3668239E+02  0.9562496E+01  0.1800924E+02
  0.3668759E+02  0.6415556E+00  0.1479767E+02
  0.2651002E+02  0.1685962E+02  0.1899576E+02
  0.5059501E+02  0.2416639E+01  0.7983606E+01
  0.2401924E+02  0.1785310E+02  0.1411544E+02
  0.2946836E+02  0.1287007E+02  0.1138213E+02
  0.3587375E+02  0.6284297E+01  0.1215637E+02
  0.4320277E+02  0.1783246E+02  0.4115100E+01
  0.4989841E+02  0.5171404E+01  0.1349190E+01
  0.2469852E+02  0.1831227E+02  0.2700583E+01
  0.3526404E+02  0.1886735E+01  0.1298935E+02
  0.3742174E+02  0.7399409E+01  0.1873116E+02
  0.2106229E+02  0.6511992E+01  0.1936836E+02
  0.2029681E+02  0.2504309E+01  0.6329450E+01
  0.3018196E+02  0.1729348E+01  0.7002092E+01
  0.3797115E+02  0.5017631E+01  0.7254368E+01
  0.3585088E+02  0.9614253E+01  0.1577921E+02
  0.4200001E+02  0.6196731E+01  0.3881543E+01
  0.1981776E+02  0.1453511E+02  0.1733489E+02
  0.3851653E+02  0.1684225E+02  0.1516778E+02
  0.2119517E+02  0.9718444E+00  0.2081600E+02
  0.3596182E+02  0.4805933E+00  0.1713810E+02
  0.2967358E+02  0.1630815E+02  0.2153488E+02
  0.2817508E+02  0.1882288E+01  0.1502449E+02
  0.4377361E+02  0.8261041E+00  0.3765010E+01
  0.3154048E+02  0.5346960E+01  0.1876792E+02
  0.3223024E+02  0.1637195E+02  0.8948748E+01
  0.2887311E+02  0.1673986E+02  0.1255722E+02
  0.3779786E+02  0.1360769E+02  0.8841467E+01
  0.1764675E+02  0.7081654E+01  0.1808340E+02
  0.3991403E+02  0.1904743E+02  0.1513654E+02
  0.2790033E+02  0.1906797E+02  0.9583033E+01
  0.2409880E+02  0.7905322E+01  0.1294785E+02
  0.2111690E+02  0.1707250E+02  0.1288686E+02
  0.1287606E+02  0.1305167E+02  0.7731945E+00
  0.2853789E+02  0.1192799E+02  0.1943076E+02
  0.2098008E+02  0.1318864E+02  0.1857824E+01
  0.3927717E+02  0.1299826E+02  0.1524130E+02
  0.3060333E+02  0.2128280E+02  0.1225663E+01
  0.3719999E+02  0.2652040E+01  0.1953601E+02
  0.2266348E+02  0.6783737E+01  0.9604868E+01
  0.2578981E+02  0.3406943E+01  0.3950935E+01
  0.1654198E+02  0.1925920E+02  0.1480361E+02
  0.2268607E+02  0.1718708E+02  0.1669366E+01
  0.4119309E+02  0.4175597E+01  0.9174865E+01
  0.3324211E+02  0.1148393E+02  0.5296436E+01
  0.4082469E+02  0.1248552E+02  0.7181133E+01
  0.3274086E+02  0.1464127E+02  0.1565034E+02
  0.2539029E+02  0.1980148E+02  0.9470929E+01
  0.3638573E+02  0.1365724E+02  0.1118259E+02
  0.3231426E+02  0.1237386E+02  0.1197710E+01
  0.3913678E+02  0.6272884E+01  0.7347152E+00
  0.2746919E+02  0.5861127E+01  0.1519529E+01
  0.2904605E+02  0.1559634E+02  0.7289736E+01
  0.3615866E+02  0.2816629E+01  0.1729084E+02
  0.1192478E+02  0.6859240E+01  0.5901831E+01
  0.3884121E+02  0.8361039E+01  0.8371913E+01
  0.4431512E+02  0.1195060E+01  0.4671615E-01
  0.3378739E+02  0.4326226E+01  0.6486965E+01
  0.4002390E+02  0.5547431E+00  0.3746231E+01
  0.4963319E+02  0.2062884E+02  0.8139720E+01
  0.3451432E+02  0.4382088E+00  0.9988423E+01
  0.1792874E+02  0.1230056E+02  0.1352900E+02
  0.2484083E+02  0.4916303E+01  0.6440323E+01
  0.2390595E+02  0.7446570E+00  0.2055784E+01
  0.1942299E+02  0.3677719E+01  0.9963869E+01
  0.2667723E+02  0.1659338E+02  0.1149324E+02
  0.3370727E+02  0.1475054E+01  0.4260124E+01
  0.3009869E+02  0.1810643E+02  0.1118248E+02
  0.2370744E+02  0.2167055E+02  0.1829359E+02
  0.2706399E+02  0.1097386E+02  0.1604332E+02
  0.3357510E+02  0.8518882E+01  0.7915620E+01
  0.2857579E+02  0.1285890E+01  0.1711202E+02
  0.4432282E+02  0.4088538E+01  0.1310946E+02
  0.3873959E+02  0.1187048E+02  0.1948175E+01
  0.4371758E+02  0.1256740E+02  0.1217298E+02
  0.2990247E+02  0.1309117E+00  0.1514909E+02
  0.2850909E+02  0.4978469E+01  0.2126174E+02
  0.4835290E+02  0.2001901E+02  0.2032875E+02
  0.2542413E+02  0.1386963E+02  0.9355404E+01
  0.3167939E+02  0.1060466E+02  0.2731399E+01
  0.2897552E+02  0.1376791E+02  0.1526869E+02
  0.2351044E+02  0.1997851E+02  0.1268152E+02
  0.3992421E+02  0.1933976E+02  0.8917586E+01
  0.2595874E+02  0.2032494E+02  0.1866308E+02
  0.4854068E+02  0.1803108E+02  0.1241401E+02
  0.4664543E+02  0.1857703E+02  0.5723359E+01
  0.2943496E+02  0.1490220E+02  0.1678541E+01
  0.3906006E+02  0.7407351E+01  0.1451200E+02
  0.2315700E+02  0.1091289E+02  0.1245532E+02
  0.3358757E+02  0.1207173E+00  0.1958522E+02
  0.3390152E+02  0.5970554E+01  0.8040841E+01
  0.2542746E+02  0.1045195E+02  0.1164884E+02
  0.2047381E+02  0.5193864E+01  0.1747293E+02
  0.2580816E+02  0.1004445E+02  0.9295752E+01
  0.1457205E+02  0.2148962E+02  0.4308267E+01
  0.3779620E+02  0.1126389E+02  0.1642701E+02
  0.2448441E+02  0.1518716E+02  0.1097676E+02
  0.1168632E+02  0.4655560E+01  0.2396891E+01
  0.3547475E+02  0.1035995E+02  0.5432321E+01
  0.3347194E+02  0.6361830E+01  0.1776945E+02
  0.5408005E+02  0.1635675E+02  0.1348691E+02
  0.1470954E+02  0.1229151E+02  0.2177348E+01
  0.1511793E+02  0.4837332E+01  0.1407252E+02
  0.4149473E+02  0.2072935E+02  0.7866732E+01
  0.3533894E+02  0.1858982E+02  0.2046840E+02
  0.3098948E+02  0.1914467E+02  0.5536769E+01
  0.1182163E+02  0.4184416E+01  0.1148442E+02
  0.5321393E+02  0.1811604E+02  0.6053427E+01
  0.3552753E+02  0.5963625E+01  0.1904592E+02
  0.2736797E+02  0.2103965E+02  0.4255768E+01
  0.1891069E+02  0.6465315E+01  0.4978232E+01
  0.3565862E+02  0.2592443E+01  0.2145374E+02
  0.2984205E+02  0.2022444E+02  0.1231673E+02
  0.3289270E+02  0.1873925E+02  0.2107503E+02
  0.2627456E+02  0.5735753E+01  0.1689798E+02
  0.2644102E+02  0.1756861E+02  0.2117833E+02
  0.3811023E+02  0.1178495E+02  0.1073465E+02
  0.2631871E+02  0.8385778E+01  0.5918195E+01
  0.1329959E+02  0.1942809E+02  0.3089608E+01
  0.4104838E+02  0.5096426E+01  0.1577351E+02
  0.1221014E+02  0.8327592E+01  0.7891403E+01
  0.3192053E+02  0.1679265E+02  0.2157718E+02
  0.3510714E+02  0.1810119E+02  0.1930376E+01
  0.2982385E+02  0.1389396E+02  0.9188267E+01
  0.3959438E+02  0.1066367E+02  0.1890275E+02
  0.3625946E+02  0.1375376E+02  0.1911833E+02
  0.2696841E+02  0.7436946E+01  0.3716638E+01
  0.1816518E+02  0.1371719E+02  0.1896392E+02
  0.2304166E+02  0.1202104E+02  0.1778668E+02
  0.2247448E+02  0.2248377E+01  0.6527578E+01
  0.4919077E+02  0.5807123E+00  0.1256728E+02
  0.3531801E+02  0.1912357E+02  0.1288764E+02
  0.2576901E+02  0.1438696E+02  0.1297191E+02
  0.3565502E+02  0.1444790E+02  0.4024174E+00
  0.3803872E+02  0.1414933E+02  0.2941243E+01
  0.3381346E+02  0.6389409E+01  0.4961726E+01
  0.4042837E+02  0.1410945E+02  0.1097956E+02
  0.2506627E+02  0.2099018E+02  0.3499939E+01
  0.3407322E+02  0.1930543E+02  0.1090471E+02
  0.2618222E+02  0.1401587E+02  0.6446030E+01
  0.3374971E+02  0.1797647E+02  0.7912764E+01
  0.4112173E+02  0.1776437E+02  0.1679990E+02
  0.2956797E+02  0.3982153E+01  0.1490336E+02
  0.1834178E+02  0.2135495E+02  0.4924543E+01
  0.3896258E+02  0.3997558E+01  0.1072751E+01
  0.4798045E+02  0.8880384E+01  0.5489709E+01
  0.2841483E+02  0.1568495E+02  0.1979501E+02
  0.3213875E+02  0.1193819E+02  0.1953121E+02
  0.1935872E+02  0.3998291E+01  0.1950276E+02
  0.3829981E+02  0.7482095E+01  0.4475533E+01
  0.3542660E+02  0.1459606E+02  0.5590252E+01
  0.1757509E+02  0.1590026E+02  0.1943329E+02
  0.1856448E+02  0.4868861E+01  0.1177921E+02
  0.1648463E+02  0.1987069E+02  0.4573172E+01
  0.4371849E+02  0.1467571E+02  0.4865265E+01
  0.2615311E+02  0.1571865E+02  0.1508878E+02
  0.3231364E+02  0.1743038E+02  0.1447346E+02
  0.2057789E+02  0.5804662E+01  0.9465910E+01
  0.3953266E+02  0.2755460E+01  0.1055122E+02
  0.3350038E+02  0.2115833E+02  0.1509408E+02
  0.4303413E+02  0.1037385E+02  0.4123405E+01
  0.2968328E+02  0.4887128E+01  0.1706402E+02
  0.1669478E+02  0.1816172E+00  0.7767868E+01
  0.2658174E+02  0.1394117E+02  0.3925075E+01
  0.2711271E+02  0.1303535E+02  0.1776876E+02
  0.3436699E+02  0.1421831E+02  0.9936441E+01
  0.2997008E+02  0.1263549E+02  0.6299280E+01
  0.4440543E+02  0.8560199E+01  0.5215024E+01
  0.2636264E+02  0.1602491E+02  0.1231975E+01
  0.4145718E+02  0.7684190E+01  0.1504827E+02
  0.2846274E+02  0.1674533E+02  0.1506337E+02
  0.2944013E+02  0.7592519E+01  0.1527915E+02
  0.1858509E+02  0.1263662E+02  0.2468849E+01
  0.4190600E+02  0.2123502E+02  0.1654175E+02
  0.5087598E+02  0.1525496E+02  0.1372965E+01
  0.4899708E+02  0.7266695E+01  0.1991928E+02
  0.2881007E+02  0.1142826E+02  0.4404123E+01
  0.3909640E+02  0.9172242E+01  0.1700477E+02
  0.4231318E+02  0.2491946E+01  0.1820674E+02
  0.3561667E+02  0.1276016E+02  0.1690036E+02
  0.2227881E+02  0.1546691E+02  0.1952399E+02
  0.3884281E+02  0.1930523E+02  0.1791955E+02
  0.3050827E+02  0.1326805E+02  0.1863744E+02
  0.4593522E+02  0.9771249E+01  0.6612564E+01
  0.3978807E+02  0.1788885E+01  0.1581118E+02
  0.3458058E+02  0.4900978E+01  0.2124621E+02
  0.2510411E+02  0.5683627E+01  0.3941107E+01
  0.2405937E+02  0.7855835E+01  0.6270374E+01
  0.3238553E+02  0.1776776E+02  0.1112816E+02
  0.3051224E+02  0.1207362E+02  0.1444277E+02
  0.1727925E+02  0.5068513E+01  0.1926583E+02
  0.3807409E+02  0.2166373E+02  0.6588832E+01
  0.1640181E+02  0.1296199E+01  0.4047647E+01
  0.2004743E+02  0.1398292E+02  0.1208492E+02
  0.1809026E+02  0.1118200E+02  0.8785566E+01
  0.2459120E+02  0.1542304E+02  0.1988134E+02
  0.4812238E+02  0.1086614E+02  0.2300948E+01
  0.3029356E+02  0.1091012E+02  0.2074731E+02
  0.1894528E+02  0.1655155E+02  0.1257833E+02
  0.2784158E+02  0.1553623E+02  0.5379533E+01
  0.4262903E+02  0.4480509E+00  0.1620901E+01
  0.3287690E+02  0.1585875E+02  0.4683747E+01
  0.1261827E+02  0.1167959E+02  0.5881567E+01
  0.2997803E+02  0.1257425E+02  0.2122243E+01
  0.3282303E+02  0.7971784E+01  0.7821886E+00
  0.2497074E+02  0.1910945E+02  0.5741805E+01
  0.2099376E+02  0.2678284E+01  0.1807329E+02
  0.3526155E+02  0.1791006E+02  0.4103294E+01
  0.4770149E+02  0.1074440E+02  0.7761083E+01
  0.2780803E+02  0.6778181E-01  0.6503427E+01
  0.1544998E+02  0.1612083E+01  0.1724355E+01
  0.3104075E+02  0.1188814E+02  0.8346579E+01
  0.2279660E+02  0.1093342E+02  0.4928643E+01
  0.2518375E+02  0.1974751E+02  0.2091140E+02
  0.1099158E+02  0.1371990E+02  0.9203120E+01
  0.2791004E+02  0.2014767E+02  0.1563295E+02
  0.2443592E+02  0.8117035E+01  0.8640301E+00
  0.3573366E+02  0.1316336E+02  0.3689107E+01
  0.3593710E+02  0.1027933E+02  0.1334092E+02
  0.4634620E+02  0.2098591E+02  0.2062403E+02
  0.2939201E+02  0.1000845E+02  0.8319738E+01
  0.3689707E+02  0.1959338E+02  0.4354226E+01
  0.1684207E+02  0.1044082E+02  0.1296508E+02
  0.3758596E+02  0.8454331E+00  0.2730085E+01
  0.1177117E+02  0.2152542E+02  0.2097530E+02
  0.4853607E+02  0.1467635E+02  0.1691615E+02
  0.3553480E+02  0.1157998E+02  0.8671203E+01
  0.3169966E+02  0.2106891E+02  0.2081279E+02
  0.1733463E+02  0.4710130E+01  0.1478211E+02
  0.1799658E+02  0.7030717E+01  0.1557656E+02
  0.4358257E+02  0.4803394E+01  0.1086646E+02
  0.4363746E+02  0.2116952E+02  0.7864772E+01
  0.2460813E+02  0.1871717E+01  0.1331853E+02
  0.3707734E+02  0.1546063E+02  0.1298850E+02
  0.3770349E+02  0.6596875E+01  0.1648848E+02
  0.3420166E+02  0.3969047E+01  0.1683095E+02
  0.3997614E+02  0.7715573E+01  0.6249836E+01
  0.2428211E+02  0.1495298E+02  0.1654045E+02
  0.3326946E+02  0.6394578E+00  0.1304917E+02
  0.4915103E+02  0.5469178E+01  0.1263559E+02
  0.2188945E+02  0.4697126E+01  0.4191743E+01
  0.4891107E+02  0.1475588E+02  0.8104117E+01
  0.3977656E+02  0.7510780E+01  0.2058247E+02
  0.4178309E+02  0.6043667E+01  0.1176730E+02
  0.3397071E+02  0.1188293E+02  0.1071830E+02
  0.4972875E+02  0.1959010E+02  0.3101568E+01
  0.4259725E+02  0.2746061E+01  0.1185236E+02
  0.4470980E+02  0.1025247E+02  0.1809731E+02
  0.1955489E+02  0.1880958E+02  0.2168044E+02
  0.2571979E+02  0.2214653E+01  0.8964335E+01
  0.1577172E+02  0.1876211E+02  0.1698294E+02
  0.1706775E+02  0.8568114E+01  0.1984316E+01
  0.2306674E+02  0.9489431E+01  0.1438484E+02
  0.4182150E+02  0.1582321E+01  0.5218003E+01
  0.1966772E+02  0.5291428E+01  0.1553140E+01
  0.4506903E+02  0.1455913E+02  0.1711853E-02
  0.2774600E+02  0.6942513E+01  0.7315026E+01
  0.1586771E+02  0.1716040E+02  0.2071836E+02
  0.5303821E+02  0.4269970E+01  0.2896420E+01
  0.3254697E+02  0.1620074E+02  0.1882591E+01
  0.4182266E+02  0.2842912E+01  0.1600379E+02
  0.3099062E+02  0.5948326E+01  0.1267580E+02
  0.2704884E+02  0.9455619E+01  0.1793544E+02
  0.1806666E+02  0.1286893E+00  0.9750575E+01
  0.2819510E+02  0.2544459E+01  0.1062788E+02
  0.2182410E+02  0.2029038E+02  0.1794192E+02
  0.4100310E+02  0.1953462E+02  0.1828125E+01
  0.2390157E+02  0.3218282E+01  0.2105684E+01
  0.4013698E+02  0.8679892E+01  0.1058447E+02
  0.3624112E+02  0.6021687E+01  0.4100105E+01
  0.2883636E+02  0.2006645E+02  0.2495508E+01
  0.1870605E+02  0.1997421E+02  0.1254495E+02
  0.3344364E+02  0.1359616E+02  0.4274286E+01
  0.3371895E+02  0.1408384E+02  0.1855809E+01
  0.2870986E+02  0.7938245E+01  0.9312003E+01
  0.4388492E+02  0.4497928E+00  0.1769675E+02
  0.3730246E+02  0.7703941E+01  0.1445088E+01
  0.1611112E+02  0.1698748E+02  0.4986169E+01
  0.4375875E+02  0.1766328E+02  0.1750958E+01
  0.4251491E+02  0.9603508E+01  0.1855197E+02
  0.3509759E+02  0.7947397E+01  0.6056012E+01
  0.2754335E+02  0.1350249E+02  0.2082342E+02
  0.4479841E+02  0.1716611E+02  0.6685229E+01
  0.3801336E+02  0.1195171E+02  0.1326023E+02
  0.3711972E+02  0.1588737E+02  0.1913531E+02
  0.3463113E+02  0.8537545E+01  0.1218253E+02
  0.2566959E+02  0.1024130E+02  0.8064400E+00
  0.2839900E+02  0.1494145E+01  0.2031721E+02
  0.4465258E+02  0.1772882E+02  0.1690160E+02
  0.3325032E+02  0.1592431E+02  0.1983934E+02
  0.3488059E+02  0.1226494E+02  0.1271973E+02
  0.3592852E+02  0.1672100E+02  0.1746360E+02
  0.3953173E+02  0.1077364E+02  0.4404969E+01
  0.1760666E+02  0.2941539E+01  0.1301412E+02
  0.2513323E+02  0.1846016E+02  0.1163971E+02
  0.4132389E+02  0.9495896E+01  0.1648515E+02
  0.2302093E+02  0.8261507E+01  0.1833705E+02
  0.3333231E+02  0.1917515E+02  0.3614426E+01
  0.3077723E+02  0.1561414E+01  0.2032707E+02
  0.2167364E+02  0.5853627E+01  0.1526286E+02
  0.3651818E+02  0.1541414E+02  0.1547852E+02
  0.3229739E+02  0.7606093E-01  0.8674932E+01
  0.4703216E+02  0.9633880E+01  0.1745604E+02
  0.2946008E+02  0.9002494E+01  0.1711457E+02
  0.3867202E+02  0.2146817E+02  0.8988144E+01
  0.3246791E+02  0.5977943E+01  0.2118725E+01
  0.3557902E+02  0.1026500E+02  0.6440886E+00
  0.1623899E+02  0.1470812E+02  0.8046494E+01
  0.2478742E+02  0.1087368E+02  0.1523575E+02
  0.2564245E+02  0.1855022E+01  0.2127452E+02
  0.3184676E+02  0.2909629E+01  0.1843241E+02
  0.4290864E+02  0.6686647E+00  0.1066375E+02
  0.4037826E+02  0.6604294E+01  0.9803561E+01
  0.3618220E+02  0.4129197E+01  0.5872291E+01
  0.1245596E+02  0.1401736E+02  0.1542994E+02
  0.3888772E+02  0.2149059E+02  0.1475928E+02
  0.1815747E+02  0.1523684E+02  0.2021196E+00
  0.5089643E+02  0.9002496E+01  0.2149160E+02
  0.2463767E+02  0.1000543E+02  0.1775608E+02
  0.2802282E+02  0.9654781E+01  0.1453022E+01
  0.2977559E+02  0.1463903E+02  0.1328247E+02
  0.2052381E+02  0.3065144E+00  0.1857355E+02
  0.1705346E+02  0.6849691E+01  0.8877297E+01
  0.3226683E+02  0.4235259E+01  0.1182170E+02
  0.3224068E+02  0.8095850E+01  0.1294696E+02
  0.1242301E+02  0.2302308E+01  0.2130845E+02
  0.4380742E+02  0.1463405E+02  0.1295786E+02
  0.1059730E+02  0.1678600E+02  0.2432913E+01
  0.2526480E+02  0.1222347E+02  0.2096580E+02
  0.3944517E+02  0.1641121E+02  0.1934450E+02
  0.2308428E+02  0.2049266E+02  0.2143986E+02
  0.4537084E+02  0.2074806E+02  0.1221681E+02
  0.2927702E+02  0.4695638E+01  0.2975716E+01
  0.2661636E+02  0.1003806E+01  0.1882647E+02
  0.3377631E+02  0.1435682E+01  0.1656462E+02
  0.3323196E+02  0.1093898E+02  0.7733401E+01
  0.3712511E+02  0.5306369E+01  0.1724413E+00
  0.1774805E+02  0.1337775E+02  0.9620701E+01
  0.4762377E+02  0.1651760E+02  0.1904531E+02
  0.5276526E+02  0.6167927E+01  0.1227955E+02
  0.4822997E+02  0.2080155E+02  0.6129427E+01
  0.3100503E+02  0.1733644E+02  0.7143145E+01
  0.5316018E+02  0.8236142E+01  0.1150964E+02
  0.3092784E+02  0.1081112E+01  0.1669901E+02
  0.3005064E+02  0.9880869E+01  0.1487245E+02
  0.1732732E+02  0.3692870E+01  0.6721336E+01
  0.3885283E+02  0.9709774E+01  0.2107436E+02
  0.3354504E+02  0.2102284E+02  0.5079033E+01
  0.3316159E+02  0.5007025E+01  0.1471856E+02
  0.1702326E+02  0.8037249E+01  0.5653189E+01
  0.3624760E+02  0.7040658E+01  0.1462249E+02
  0.3669465E+02  0.1907144E+02  0.1706051E+02
  0.2314480E+02  0.8400909E+00  0.1475927E+02
  0.2605835E+02  0.7679652E+01  0.9448122E+01
  0.2331806E+02  0.4194693E+01  0.1534309E+02
  0.2746508E+02  0.1531737E+02  0.9260072E+01
  0.3929376E+02  0.4852311E+01  0.3535175E+01
  0.2761339E+02  0.4601731E+01  0.1372321E+02
  0.4325013E+02  0.6651783E+01  0.5979030E+01
  0.3150081E+02  0.1754067E+02  0.1829206E+02
  0.3138083E+02  0.1746825E+02  0.3792531E+01
  0.5434621E+02  0.2011506E+02  0.2032205E+02
  0.3488339E+02  0.1355243E+02  0.1468885E+02
  0.1106039E+02  0.1069745E+02  0.1226134E+02
  0.3153673E+02  0.1923553E+01  0.1146010E+02
  0.4746796E+02  0.4734617E+01  0.1935921E+02
  0.4420213E+02  0.8927506E+01  0.1290641E+02
  0.1871948E+02  0.1495445E+02  0.3348568E+01
  0.3728554E+02  0.1931358E+02  0.2155034E+02
  0.4004539E+02  0.4567354E+01  0.6011085E+01
  0.3583494E+02  0.1692478E+02  0.1179963E+02
  0.1846015E+02  0.2707389E+01  0.3624729E+01
  0.4422406E+02  0.1716360E+02  0.1360387E+02
  0.5281603E+02  0.2075295E+02  0.1378975E+02
  0.3257351E+02  0.2111713E+02  0.1746612E+02
  0.2954575E+02  0.8570424E+00  0.1178260E+02
  0.3844664E+02  0.1276990E+02  0.1935672E+02
  0.2808719E+02  0.2774096E+01  0.3788745E+01
  0.1236045E+02  0.4338841E+01  0.1664659E+02
  0.3021800E+02  0.6381435E+01  0.1019230E+02
  0.2809575E+02  0.1123850E+02  0.6799075E+01
  0.2657579E+02  0.3756570E+01  0.1578820E+02
  0.2762309E+02  0.1931347E+02  0.6319552E+00
  0.1494874E+02  0.5868036E+01  0.1214483E+02
  0.3668444E+02  0.8723092E+01  0.2103988E+02
  0.4439793E+02  0.4117511E+01  0.1565658E+02
  0.4606297E+02  0.5120815E+01  0.1337960E+01
  0.3980489E+02  0.1401336E+02  0.1266943E+01
  0.4502754E+02  0.5148059E+01  0.5421874E+01
  0.1989554E+02  0.1355608E+02  0.8698572E+01
  0.3573910E+02  0.1946809E+02  0.7360450E+01
  0.3283665E+02  0.2067894E+01  0.4995819E+00
  0.4652932E+02  0.8322520E+00  0.5691718E+01
  0.4150601E+02  0.1949946E+02  0.1841084E+02
  0.1526628E+02  0.2024387E+02  0.1145994E+02
  0.2187574E+02  0.8613205E+01  0.9526974E+00
  0.2260810E+02  0.1647058E+02  0.1726626E+02
  0.1109385E+02  0.5787216E+01  0.7868578E+01
  0.9457040E+01  0.1300523E+02  0.1678098E+02
  0.2317349E+02  0.1948041E+02  0.4169508E+01
  0.2769479E+02  0.1108925E+02  0.1247123E+02
  0.3098834E+02  0.1983215E+02  0.1885138E+02
  0.4649783E+02  0.2362487E+01  0.7953000E+01
  0.3000825E+02  0.9386084E+01  0.1077060E+02
  0.3705832E+02  0.3779975E+01  0.3555681E+01
  0.2584537E+02  0.9270302E+01  0.1389515E+02
  0.2835229E+02  0.2960162E+01  0.5954021E+01
  0.2827897E+02  0.1095748E+02  0.1004122E+02
  0.3064485E+02  0.6065344E+01  0.2141696E+00
  0.4632944E+02  0.1495462E+02  0.1582900E+02
  0.3563228E+02  0.4698918E+01  0.1483709E+02
  0.2936772E+02  0.2118465E+02  0.9525405E+01
  0.4145511E+02  0.1495019E+02  0.7642069E+01
  0.4627780E+02  0.2704250E+01  0.2219307E+01
  0.3338519E+02  0.1372194E+02  0.2063826E+02
  0.2740945E+02  0.6686605E+01  0.1487260E+02
  0.3772811E+02  0.4140555E+01  0.9571583E+01
  0.1060308E+02  0.8820330E+01  0.2054860E+02
  0.4214813E+02  0.1874470E+02  0.1413877E+02
  0.1701478E+02  0.1167097E+02  0.1579929E+02
  0.1611761E+02  0.1849376E+02  0.8745817E+01
  0.2177773E+02  0.9842639E+00  0.3239140E+01
  0.1259170E+02  0.1211993E+02  0.1920232E+02
  0.3392395E+02  0.1116553E+02  0.1553314E+02
  0.1780689E+02  0.1421652E+02  0.1179558E+02
  0.2332388E+02  0.7203880E+01  0.4102330E+01
  0.3319748E+02  0.1035985E+02  0.1840148E-01
  0.3152787E+02  0.1154018E+02  0.1135123E+02
  0.4038100E+02  0.1040928E+02  0.1298073E+01
  0.1588009E+02  0.2081312E+01  0.1171925E+02
  0.3937008E+02  0.4654459E+01  0.1702916E+02
  0.1232177E+02  0.1709702E+02  0.1162848E+02
  0.1992364E+02  0.1949943E+02  0.4254852E+01
  0.4085047E+02  0.9338004E+00  0.9094468E+01
  0.2518594E+02  0.7421817E+01  0.1523278E+02
  0.2038325E+02  0.1816073E+02  0.2108360E+01
  0.4926569E+02  0.3015194E+01  0.1192050E+02
  0.9419465E+01  0.4448345E+01  0.8604470E+01
  0.3134918E+02  0.1984761E+02  0.1435935E+02
  0.2580348E+02  0.3299370E+01  0.1100246E+02
  0.4287525E+02  0.1886419E+02  0.8718822E+01
  0.3752431E+02  0.2161984E+02  0.1098366E+02
  0.3538017E+02  0.2023876E+02  0.1872451E+02
  0.4934029E+02  0.1418128E+02  0.3057893E+01
  0.5175021E+02  0.2617012E+01  0.1275300E+02
  0.2923506E+02  0.1642289E+02  0.3437944E+01
  0.1396716E+02  0.5852382E+01  0.1570296E+02
  0.4174946E+02  0.1833105E+02  0.2137488E+02
  0.1902977E+02  0.1697501E+02  0.1025086E+02
  0.2100990E+02  0.1891337E+02  0.6330323E+01
  0.2882764E+02  0.4690955E+01  0.9219292E+01
  0.3858218E+02  0.9208039E+01  0.1229601E+02
  0.4394164E+02  0.1573979E+02  0.2002282E+02
  0.3486894E+02  0.1059534E+02  0.1935099E+02
  0.1265764E+02  0.1501715E+02  0.2017995E+02
  0.4016649E+02  0.2065324E+02  0.5657870E+01
  0.2439223E+02  0.1299735E+02  0.4922627E+01
  0.1174797E+02  0.4416260E+01  0.2161389E+02
  0.2765007E+02  0.1802732E+02  0.2836473E+01
  0.2996971E+02  0.1545200E+02  0.1791242E+02
  0.2731618E+02  0.1380196E+02  0.1659245E+01
  0.2498189E+02  0.9745731E+01  0.2016546E+02
  0.2853513E+02  0.1178975E+02  0.7243985E+00
  0.2156647E+02  0.1102324E+02  0.2997892E+01
  0.4648548E+02  0.3057257E+01  0.1413883E+02
  0.1562414E+02  0.1382764E+02  0.1271971E+02
  0.1285757E+02  0.8665545E+01  0.1025935E+02
  0.3735614E+02  0.2565873E+01  0.1385788E+01
  0.3158774E+02  0.2755441E+01  0.9129930E+01
  0.4103011E+02  0.1366425E+02  0.1681228E+02
  0.4027513E+02  0.8939050E-01  0.1373585E+01
  0.2762306E+02  0.2822808E+01  0.8511889E+00
  0.1994956E+02  0.1625002E+02  0.1915610E+02
  0.3458571E+02  0.1670997E+02  0.6051609E+01
  0.4350349E+02  0.1904570E+02  0.6363943E+01
  0.4420444E+02  0.1585414E+02  0.1027734E+02
  0.4411573E+02  0.1081587E+02  0.2110926E+02
  0.3826255E+02  0.6471847E+01  0.1199725E+02
  0.5113530E+02  0.2488026E+00  0.1835928E+02
  0.3050493E+02  0.1716237E+02  0.1620164E+02
  0.5094791E+02  0.2133512E+02  0.1132977E+02
  0.4729172E+02  0.1513446E+02  0.1369646E+02
  0.5044447E+02  0.2170974E+02  0.1450959E+02
  0.4986249E+02  0.2129979E+01  0.3537642E+01
  0.4954240E+02  0.1691701E+02  0.1772564E+02
  0.3913612E+02  0.2062362E+02  0.2133758E+02
  0.3345008E+02  0.1205262E+02  0.1773909E+02
  0.4728976E+02  0.1654228E+02  0.3135819E+01
  0.3533514E+02  0.1623979E+02  0.2044533E+02
  0.4045800E+02  0.2205377E+01  0.1905588E+00
  0.4976728E+02  0.1251723E+02  0.9257381E+01
  0.5374812E+02  0.1634676E+02  0.1859159E+01
  0.5322319E+02  0.1469345E+02  0.1602438E+02
  0.4754084E+02  0.1880566E+02  0.3693911E+01
  0.5123296E+02  0.1986680E+02  0.1680963E+02
  0.5703719E+02  0.3355722E+00  0.2080530E+02
  0.5688227E+02  0.1930744E+02  0.1504782E+01
  0.5044122E+02  0.1739392E+02  0.7814156E+00
  0.5552970E+02  0.2100552E+02  0.3985261E+00
  0.5856346E+02  0.1591366E+01  0.4146690E+00
  0.5828869E+02  0.2056457E+02  0.3050359E+01
  0.5457449E+02  0.3364078E+01  0.4372922E+01
  0.5985775E+02  0.1926975E+02  0.2103019E+02
  0.6254003E+02  0.3189928E+00  0.2073622E+02
  0.6281044E+02  0.1921616E+02  0.2104647E+01
  0.6000078E+02  0.1823191E+00  0.2052509E+01
  0.6134204E+02  0.2061563E+02  0.5128714E+00
  0.6379235E+02  0.1723310E+01  0.3664751E+00
  0.6383793E+02  0.2084243E+02  0.3369805E+01
  0.6106546E+02  0.1674580E+01  0.3447168E+01
  0.4594780E+02  0.7097371E+01  0.1337618E+02
  0.3198198E+02  0.1431009E+02  0.7954590E+01
  0.4154238E+02  0.6017353E+01  0.7453496E+01
  0.3989901E+02  0.5705953E+01  0.1941600E+02
  0.5208355E+02  0.1972005E+02  0.2072765E+02
  0.5099358E+02  0.1096865E+02  0.2686028E+01
  0.5152464E+02  0.5613235E+01  0.4081561E+01
  0.3371411E+02  0.2449936E+01  0.1993952E+02
  0.4394553E+02  0.2099222E+02  0.2004450E+02
  0.4840858E+02  0.5953937E+01  0.6384062E+01
  0.4777150E+02  0.1546143E+02  0.9847162E+01
  0.4172443E+02  0.1591789E+02  0.2107735E+02
  0.4754608E+02  0.6907603E+01  0.1149606E+02
  0.5423270E+02  0.1067180E+02  0.2022629E+01
  0.4952942E+02  0.1315325E+02  0.1513904E+02
  0.5186943E+02  0.1935271E+02  0.1246564E+02
  0.5463103E+02  0.2500528E+01  0.2100028E+02
  0.5714186E+02  0.5635599E+01  0.2086070E+02
  0.5713889E+02  0.3051669E+01  0.1637564E+01
  0.5424948E+02  0.1131195E+02  0.1814567E+02
  0.5595174E+02  0.4287603E+01  0.4100159E+00
  0.5838369E+02  0.7123787E+01  0.5795912E+00
  0.5849326E+02  0.4190285E+01  0.3531346E+01
  0.5574869E+02  0.6989028E+01  0.3375568E+01
  0.5987196E+02  0.3153814E+01  0.2086888E+02
  0.6231873E+02  0.5566836E+01  0.2077425E+02
  0.6260876E+02  0.2941667E+01  0.1867885E+01
  0.5949791E+02  0.5646342E+01  0.2126384E+01
  0.6110049E+02  0.4296655E+01  0.8284417E+00
  0.6370842E+02  0.7038560E+01  0.6214158E+00
  0.6387132E+02  0.4487497E+01  0.3096241E+01
  0.6081395E+02  0.7182486E+01  0.3337690E+01
  0.5112984E+02  0.2204460E+01  0.5798205E-01
  0.4215151E+02  0.1659636E+02  0.9389602E+01
  0.4615974E+02  0.8775705E+01  0.1533563E+02
  0.4611416E+02  0.3991952E+01  0.2098027E+02
  0.4566683E+02  0.1102733E+02  0.1443919E+02
  0.4387142E+02  0.1488524E+02  0.7259560E+01
  0.4336135E+02  0.7461837E+01  0.1821780E+02
  0.3357507E+02  0.1690421E+02  0.1737704E+02
  0.5067462E+02  0.6125743E+01  0.1772256E+02
  0.4705096E+02  0.1037794E+02  0.9892676E+01
  0.4859628E+02  0.9341307E+01  0.2079396E+02
  0.3196636E+02  0.8906419E+01  0.1751315E+02
  0.4804774E+02  0.6319899E+01  0.1695210E+00
  0.4777455E+02  0.1281277E+02  0.1844360E+02
  0.4869298E+02  0.1799642E+02  0.6993269E+01
  0.5129759E+02  0.1233128E+02  0.1961243E+02
  0.5425269E+02  0.8288767E+01  0.2086355E+02
  0.5693033E+02  0.1107777E+02  0.2111007E+02
  0.5691607E+02  0.8302434E+01  0.1929967E+01
  0.4809718E+02  0.1687899E+02  0.8207241E+00
  0.5556224E+02  0.9689115E+01  0.5084273E+00
  0.5809405E+02  0.1251143E+02  0.7274472E+00
  0.5820263E+02  0.9629574E+01  0.3203200E+01
  0.5554008E+02  0.1229436E+02  0.3166151E+01
  0.5969525E+02  0.8604280E+01  0.2104892E+02
  0.6239757E+02  0.1094746E+02  0.2109867E+02
  0.6241848E+02  0.8435664E+01  0.2082758E+01
  0.5970922E+02  0.1125526E+02  0.2009320E+01
  0.6114891E+02  0.9710990E+01  0.8407222E+00
  0.6367550E+02  0.1246453E+02  0.6392482E+00
  0.6349875E+02  0.9860954E+01  0.3498696E+01
  0.6087114E+02  0.1278622E+02  0.3373316E+01
  0.5094096E+02  0.1454829E+02  0.2063456E+02
  0.4756486E+02  0.2680970E+01  0.4277526E+01
  0.3589025E+02  0.2019933E+02  0.9703866E+01
  0.3743004E+02  0.4972022E+01  0.1964902E+02
  0.3453524E+02  0.4459290E+01  0.1285401E+02
  0.4032243E+02  0.1381180E+02  0.2067139E+02
  0.4111212E+02  0.9494932E+01  0.5675916E+01
  0.4305752E+02  0.6885559E+01  0.1390911E+02
  0.5176562E+02  0.8025565E+01  0.1858831E+01
  0.4448329E+02  0.1958137E+02  0.1432348E+02
  0.4283061E+02  0.6859791E+01  0.2164984E+02
  0.4811555E+02  0.3607871E+01  0.9456867E+01
  0.5151219E+02  0.5851031E+01  0.9115136E+01
  0.5455780E+02  0.5578868E+01  0.1704290E+01
  0.3560855E+02  0.5916537E+01  0.9323152E+01
  0.4113721E+02  0.1662522E+02  0.3791064E+01
  0.5437831E+02  0.1374473E+02  0.2098328E+02
  0.5714094E+02  0.1654307E+02  0.2096935E+02
  0.5690928E+02  0.1378906E+02  0.2068152E+01
  0.5413630E+02  0.1699266E+02  0.1880013E+02
  0.5574455E+02  0.1526094E+02  0.4938128E+00
  0.5846359E+02  0.1786317E+02  0.3079546E+00
  0.5809747E+02  0.1550711E+02  0.3442637E+01
  0.5089270E+02  0.1138694E+02  0.5681526E+01
  0.5972646E+02  0.1376308E+02  0.2109104E+02
  0.6223022E+02  0.1655627E+02  0.2104891E+02
  0.6203669E+02  0.1395936E+02  0.2107164E+01
  0.5962656E+02  0.1672781E+02  0.2101791E+01
  0.6074574E+02  0.1532720E+02  0.6044447E+00
  0.6368163E+02  0.1784372E+02  0.6379624E+00
  0.6375335E+02  0.1505141E+02  0.3337171E+01
  0.6108319E+02  0.1831069E+02  0.3212325E+01
  0.5160499E+02  0.4495745E+01  0.2146884E+02
  0.4987589E+02  0.1935196E+02  0.1512255E+02
  0.5393378E+02  0.1235324E+02  0.1229946E+02
  0.4932336E+02  0.2169099E+02  0.4044156E+01
  0.4659291E+02  0.4774790E+01  0.7204488E+01
  0.4201602E+02  0.1516302E+02  0.1819670E+01
  0.3673055E+02  0.2040465E+02  0.2042024E+01
  0.5401394E+02  0.1068229E+02  0.6879078E+01
  0.4934813E+02  0.1728970E+02  0.1026492E+02
  0.3989695E+02  0.1594292E+02  0.9726820E+01
  0.4609886E+02  0.1657502E+02  0.8822746E+01
  0.4401695E+02  0.4453502E+01  0.2077157E+02
  0.4454832E+02  0.2162918E+02  0.1527425E+02
  0.5282984E+02  0.1302135E+02  0.1767139E+02
  0.5535314E+02  0.1317985E+02  0.9324700E+01
  0.5425050E+02  0.2884593E+01  0.9734558E+01
  0.5257416E+02  0.1825043E+02  0.9891991E+00
  0.5695930E+02  0.5218550E+00  0.4404474E+01
  0.5690972E+02  0.1954960E+02  0.7326361E+01
  0.4326539E+02  0.2003053E+02  0.1718481E+01
  0.4405644E+02  0.1421017E+02  0.2214798E+01
  0.5838057E+02  0.1669422E+01  0.5790045E+01
  0.5832015E+02  0.2079974E+02  0.8721964E+01
  0.5549305E+02  0.1777721E+02  0.2742111E+01
  0.5940107E+02  0.1917896E+02  0.4516862E+01
  0.6238950E+02  0.1389679E+00  0.4630462E+01
  0.6224316E+02  0.1919585E+02  0.7380729E+01
  0.5972297E+02  0.2674165E+00  0.7263210E+01
  0.6111317E+02  0.2044546E+02  0.5856565E+01
  0.6397715E+02  0.1788442E+01  0.5849717E+01
  0.6360970E+02  0.2082689E+02  0.8454982E+01
  0.6100314E+02  0.1733460E+01  0.8600890E+01
  0.4402119E+02  0.1884197E+02  0.2102332E+02
  0.4890436E+02  0.1930127E+02  0.9016217E+00
  0.5045857E+02  0.1661978E+02  0.8022928E+01
  0.3806169E+02  0.1836560E+02  0.7490004E+01
  0.4430368E+02  0.1428693E+01  0.6279783E+01
  0.3605515E+02  0.1697187E+01  0.4203284E+01
  0.3448711E+02  0.1654940E+02  0.1520987E+02
  0.4599935E+02  0.6146030E+01  0.3469228E+01
  0.3525555E+02  0.1034825E+02  0.2995414E+01
  0.5572129E+02  0.2055166E+02  0.5449479E+01
  0.5414818E+02  0.2171848E+02  0.6869868E+01
  0.4918500E+02  0.7912866E+01  0.1500815E+02
  0.4328376E+02  0.6362230E+01  0.1628488E+02
  0.4579092E+02  0.3537270E+01  0.9936912E+01
  0.5278055E+02  0.4018663E+01  0.8169570E+01
  0.4644847E+02  0.1730597E+01  0.2072522E+02
  0.5277689E+02  0.2014554E+02  0.7911962E+01
  0.5712144E+02  0.5755485E+01  0.4605876E+01
  0.5688513E+02  0.2986275E+01  0.7200648E+01
  0.5437799E+02  0.8160129E+01  0.4843337E+01
  0.5559721E+02  0.4461042E+01  0.5893295E+01
  0.5828374E+02  0.6916160E+01  0.5936669E+01
  0.5832980E+02  0.4379762E+01  0.8580071E+01
  0.5533497E+02  0.7020031E+01  0.8601194E+01
  0.5980893E+02  0.3223506E+01  0.4784033E+01
  0.6251847E+02  0.5802276E+01  0.4361196E+01
  0.6256123E+02  0.2990295E+01  0.7478315E+01
  0.5983554E+02  0.5764929E+01  0.7281770E+01
  0.6132449E+02  0.4595581E+01  0.6012571E+01
  0.6391016E+02  0.6934425E+01  0.5954827E+01
  0.6400322E+02  0.4253982E+01  0.8659114E+01
  0.6122866E+02  0.7225931E+01  0.8381434E+01
  0.2776691E+02  0.2036361E+02  0.1316433E+02
  0.4714115E+02  0.6295818E+01  0.1757304E+02
  0.4557360E+02  0.8133552E+01  0.1843051E+02
  0.5097623E+02  0.1127335E+02  0.1241305E+00
  0.5100278E+02  0.4683091E+01  0.1114168E+02
  0.4714998E+02  0.1385159E+02  0.1154962E+02
  0.4726506E+02  0.1521808E+02  0.2119540E+02
  0.5433194E+02  0.9133735E+00  0.1079623E+01
  0.4826773E+02  0.6764837E+01  0.4208977E+01
  0.5305519E+02  0.6546307E+01  0.3741500E+00
  0.4582804E+02  0.8418833E+01  0.8570397E+01
  0.5336916E+02  0.1422341E+01  0.4980079E+01
  0.4666951E+02  0.5783060E+01  0.9660259E+01
  0.3994138E+02  0.1563136E+02  0.5873114E+01
  0.4205242E+02  0.1000413E+02  0.9674776E+01
  0.4951142E+02  0.9520892E+01  0.7208449E+01
  0.4791451E+02  0.3710514E+01  0.1724122E+02
  0.5706088E+02  0.1115433E+02  0.4447306E+01
  0.5684548E+02  0.8394039E+01  0.7246775E+01
  0.4838734E+02  0.4460291E+01  0.1492020E+02
  0.5593432E+02  0.9675365E+01  0.5870599E+01
  0.5807853E+02  0.1253272E+02  0.5913280E+01
  0.5823044E+02  0.9869191E+01  0.8483341E+01
  0.5556777E+02  0.1532598E+02  0.6072446E+01
  0.5950924E+02  0.8341216E+01  0.4864377E+01
  0.6223490E+02  0.1154962E+02  0.4637833E+01
  0.6261911E+02  0.8669307E+01  0.6992028E+01
  0.5971825E+02  0.1103511E+02  0.7150647E+01
  0.6107875E+02  0.9843299E+01  0.5900656E+01
  0.6378726E+02  0.1280139E+02  0.6006017E+01
  0.6391785E+02  0.9938488E+01  0.8437827E+01
  0.6096144E+02  0.1243951E+02  0.8703555E+01
  0.4240983E+02  0.1486979E+02  0.1496708E+02
  0.4368173E+02  0.2005004E+02  0.4157935E+01
  0.4503091E+02  0.1995597E+02  0.1816947E+02
  0.3961640E+02  0.2160009E+02  0.1712991E+02
  0.3087291E+02  0.9630177E+01  0.1276217E+02
  0.4639090E+02  0.1244534E+02  0.1629230E+02
  0.3175181E+02  0.7137951E+01  0.4080345E+01
  0.4323028E+02  0.1990533E+02  0.1109885E+02
  0.3369641E+02  0.2050976E+01  0.8076023E+01
  0.5298760E+02  0.1281236E+02  0.6214090E+01
  0.5270886E+02  0.9976567E+01  0.2003801E+02
  0.4126964E+02  0.1169997E+02  0.1502466E+02
  0.5116566E+02  0.2162414E+02  0.5599187E+01
  0.4558288E+02  0.2043410E+02  0.2650796E+01
  0.5150159E+02  0.1610823E+02  0.1057691E+02
  0.3570916E+02  0.2146932E+02  0.5825457E+01
  0.5253641E+02  0.7146149E+01  0.5851085E+01
  0.5662699E+02  0.1686606E+02  0.4732016E+01
  0.5665530E+02  0.1385086E+02  0.7307408E+01
  0.5435324E+02  0.1386215E+02  0.4496670E+01
  0.5019030E+02  0.4496221E+01  0.5578142E+01
  0.5830563E+02  0.1786677E+02  0.6027873E+01
  0.5820062E+02  0.1513914E+02  0.8520441E+01
  0.5563496E+02  0.1818166E+02  0.8594111E+01
  0.5946033E+02  0.1410614E+02  0.4546330E+01
  0.6237149E+02  0.1675089E+02  0.4700903E+01
  0.6227236E+02  0.1393315E+02  0.7431279E+01
  0.5980306E+02  0.1642186E+02  0.7209724E+01
  0.6105734E+02  0.1515891E+02  0.5781034E+01
  0.6385509E+02  0.1812398E+02  0.6119854E+01
  0.6364480E+02  0.1527014E+02  0.8725155E+01
  0.6103596E+02  0.1780552E+02  0.8803015E+01
  0.4137181E+02  0.9499410E+01  0.2088161E+02
  0.3584525E+02  0.2023050E+02  0.1508847E+02
  0.4258205E+02  0.2541330E+01  0.2070719E+02
  0.3739799E+02  0.1203584E+02  0.5116129E+01
  0.4463925E+02  0.8404445E+01  0.2077815E+02
  0.5162886E+02  0.1420668E+02  0.1409147E+02
  0.4197308E+02  0.1062028E+02  0.7414949E+01
  0.5161739E+02  0.3009507E+00  0.8925335E+01
  0.4424264E+02  0.9199641E+01  0.1048248E+02
  0.4529476E+02  0.1093269E+02  0.1185000E+02
  0.4824523E+02  0.1555945E+02  0.4885955E+01
  0.4634755E+02  0.1366696E+02  0.4898200E+01
  0.4820748E+02  0.1853794E+02  0.1682720E+02
  0.5128131E+02  0.1290045E+02  0.3701171E+01
  0.5541112E+02  0.1344590E+01  0.8339209E+01
  0.4068896E+02  0.4077707E+01  0.1242067E+02
  0.5446439E+02  0.2006749E+02  0.9600866E+01
  0.5697799E+02  0.5170295E+00  0.9890872E+01
  0.5710481E+02  0.1917789E+02  0.1320519E+02
  0.5115183E+02  0.8853056E+01  0.1185303E+02
  0.5591913E+02  0.2077349E+02  0.1157819E+02
  0.5857756E+02  0.1656560E+01  0.1116702E+02
  0.5825950E+02  0.2085500E+02  0.1417262E+02
  0.5549787E+02  0.1707048E+01  0.1392174E+02
  0.5968642E+02  0.1917544E+02  0.1005156E+02
  0.6246934E+02  0.4306869E+00  0.9901670E+01
  0.6223789E+02  0.1935917E+02  0.1289244E+02
  0.5986816E+02  0.4694712E+00  0.1259477E+02
  0.6110728E+02  0.2055341E+02  0.1115158E+02
  0.6409095E+02  0.1577540E+01  0.1145903E+02
  0.6369956E+02  0.2082870E+02  0.1411853E+02
  0.6125456E+02  0.1632674E+01  0.1412461E+02
  0.3566929E+02  0.1399976E+02  0.8004134E+01
  0.4502173E+02  0.1371341E+02  0.1044483E+02
  0.4533227E+02  0.8495728E+01  0.2958133E+01
  0.4350509E+02  0.1047688E+02  0.1570889E+02
  0.4869153E+02  0.3163474E+01  0.1563847E+01
  0.5081811E+02  0.7074446E+01  0.1347610E+02
  0.3683892E+02  0.1617514E+02  0.2128893E+01
  0.3549181E+02  0.1229843E+02  0.2084700E+02
  0.4969424E+02  0.4670562E+01  0.8069312E+01
  0.5459363E+02  0.1087833E+02  0.9192153E+01
  0.5271300E+02  0.1349444E+01  0.1097202E+02
  0.3756184E+02  0.1036706E+02  0.8579877E+01
  0.5416839E+02  0.5817594E+01  0.7144315E+01
  0.5162046E+02  0.1086269E+02  0.1744919E+02
  0.5041546E+02  0.3999145E+01  0.1625851E+02
  0.4862424E+02  0.2013623E+02  0.1134277E+02
  0.5199631E+02  0.9174191E+01  0.6914453E+01
  0.5655909E+02  0.5641959E+01  0.9927501E+01
  0.5678951E+02  0.2910169E+01  0.1261311E+02
  0.5570048E+02  0.8774374E+01  0.1023943E+02
  0.5516754E+02  0.4513210E+01  0.1144752E+02
  0.5860102E+02  0.6881872E+01  0.1111399E+02
  0.5827157E+02  0.4315266E+01  0.1372620E+02
  0.5433460E+02  0.5080480E+01  0.1364562E+02
  0.5974719E+02  0.3210377E+01  0.9989591E+01
  0.6265054E+02  0.5971024E+01  0.9986135E+01
  0.6255726E+02  0.2886977E+01  0.1262277E+02
  0.5978833E+02  0.5687188E+01  0.1255383E+02
  0.6153769E+02  0.4291897E+01  0.1127627E+02
  0.6378005E+02  0.7317840E+01  0.1129085E+02
  0.6387482E+02  0.4164824E+01  0.1405234E+02
  0.6109371E+02  0.7019228E+01  0.1392576E+02
  0.4749258E+02  0.7971541E-01  0.8317421E+01
  0.3677624E+02  0.9931279E+01  0.1096538E+02
  0.4896386E+02  0.8563895E+01  0.1245503E+01
  0.4202086E+02  0.1571360E+02  0.1190166E+02
  0.5529721E+02  0.1064895E+02  0.1497540E+02
  0.3468177E+02  0.9315707E+01  0.9892577E+01
  0.3950828E+02  0.1826226E+02  0.1095014E+02
  0.3423768E+02  0.2055517E+02  0.1775108E+01
  0.4955809E+02  0.1561434E+02  0.1471339E+02
  0.2916996E+02  0.1975985E+02  0.7387729E+01
  0.4566503E+02  0.1090317E+02  0.2504645E+01
  0.3843385E+02  0.1209010E+02  0.7155940E+01
  0.4306903E+02  0.1680691E+02  0.1572871E+02
  0.5402439E+02  0.1607437E+02  0.1111523E+02
  0.5554937E+02  0.6876758E+01  0.1427560E+02
  0.5338909E+02  0.1847865E+02  0.1087089E+02
  0.5161528E+02  0.1377218E+02  0.9997675E+01
  0.5718851E+02  0.1124693E+02  0.1002363E+02
  0.5668069E+02  0.7821793E+01  0.1210213E+02
  0.5171680E+02  0.1054156E+02  0.1345857E+02
  0.5049936E+02  0.9977340E+01  0.9983072E+01
  0.5954051E+02  0.1128966E+02  0.1112390E+02
  0.5724633E+02  0.9806014E+01  0.1364831E+02
  0.5410700E+02  0.1018319E+02  0.1276289E+02
  0.5964671E+02  0.8506295E+01  0.9887240E+01
  0.6264679E+02  0.1135459E+02  0.9876109E+01
  0.6257779E+02  0.8550633E+01  0.1279614E+02
  0.5959572E+02  0.1032892E+02  0.1340382E+02
  0.6121733E+02  0.9704502E+01  0.1125260E+02
  0.6383847E+02  0.1282436E+02  0.1141572E+02
  0.6370960E+02  0.1000831E+02  0.1418232E+02
  0.6077633E+02  0.1241427E+02  0.1409721E+02
  0.2841471E+02  0.6711127E+01  0.1969441E+02
  0.4533656E+02  0.1235817E+01  0.1119527E+02
  0.3639042E+02  0.1994836E+01  0.1088485E+02
  0.4537195E+02  0.2110071E+02  0.9638146E+01
  0.4117620E+02  0.2102609E+02  0.1418294E+02
  0.4678842E+02  0.5098351E+00  0.3111815E+01
  0.4263688E+02  0.9825033E+01  0.2058641E+01
  0.4888922E+02  0.7944903E+01  0.1747559E+02
  0.4386355E+02  0.1192986E+02  0.1606244E+01
  0.5290502E+02  0.9615826E+01  0.3391687E+01
  0.4676279E+02  0.1745362E+02  0.1577189E+02
  0.4602925E+02  0.2552618E+01  0.1647209E+02
  0.5211365E+02  0.8379222E+01  0.9115917E+01
  0.3824067E+02  0.1637443E+02  0.4259672E+01
  0.5163586E+02  0.2111614E+01  0.1512007E+02
  0.4055111E+02  0.1607335E+02  0.1385568E+02
  0.4837774E+02  0.1205068E+02  0.1107524E+02
  0.5686601E+02  0.1657669E+02  0.9800020E+01
  0.5664331E+02  0.1363131E+02  0.1327222E+02
  0.4734666E+02  0.6492548E+01  0.1519412E+02
  0.5607166E+02  0.1460896E+02  0.1102692E+02
  0.5823078E+02  0.1813374E+02  0.1121342E+02
  0.5795193E+02  0.1532509E+02  0.1413665E+02
  0.5556944E+02  0.1787896E+02  0.1435186E+02
  0.5953345E+02  0.1368765E+02  0.9782738E+01
  0.6223856E+02  0.1644447E+02  0.1008607E+02
  0.6228839E+02  0.1403399E+02  0.1261571E+02
  0.5913292E+02  0.1668030E+02  0.1275225E+02
  0.6067205E+02  0.1531501E+02  0.1130138E+02
  0.6355865E+02  0.1809415E+02  0.1133818E+02
  0.6367130E+02  0.1527905E+02  0.1381647E+02
  0.6104180E+02  0.1793381E+02  0.1406261E+02
  0.4976306E+02  0.7752490E+01  0.8901315E+01
  0.4514045E+02  0.1338159E+02  0.8243816E+01
  0.4579642E+02  0.1304509E+02  0.1996504E+02
  0.4679112E+02  0.4805516E+00  0.1577696E+02
  0.4849009E+02  0.8898510E+01  0.1069233E+02
  0.5033611E+02  0.2138015E+02  0.2073254E+02
  0.5574819E+02  0.1733934E+01  0.2930364E+01
  0.4869231E+02  0.1144726E+02  0.1651749E+02
  0.4714969E+02  0.1303855E+02  0.7182279E+01
  0.4461461E+02  0.3074876E+01  0.4177407E+01
  0.4763412E+02  0.1869569E+02  0.9292904E+01
  0.5455657E+02  0.1685573E+02  0.7248915E+01
  0.5308728E+02  0.1133812E+00  0.3031343E+01
  0.5423328E+02  0.3201743E+00  0.1240496E+02
  0.5426927E+02  0.1904471E+02  0.4191005E+01
  0.4355876E+02  0.2207440E+01  0.1468543E+02
  0.5451838E+02  0.1964347E+02  0.1535839E+02
  0.5695683E+02  0.5747326E+00  0.1545034E+02
  0.5723243E+02  0.1943715E+02  0.1828219E+02
  0.5407674E+02  0.2168991E+02  0.1840763E+02
  0.5574426E+02  0.2073524E+02  0.1696577E+02
  0.5841114E+02  0.1643218E+01  0.1657770E+02
  0.5862037E+02  0.2062154E+02  0.1990085E+02
  0.5577667E+02  0.1511175E+01  0.1915568E+02
  0.5988204E+02  0.1951025E+02  0.1558639E+02
  0.6263759E+02  0.3537474E+00  0.1558468E+02
  0.6217081E+02  0.1931941E+02  0.1808753E+02
  0.5972074E+02  0.4353875E+00  0.1832597E+02
  0.6107395E+02  0.2097485E+02  0.1699090E+02
  0.6404830E+02  0.1703170E+01  0.1673097E+02
  0.6366567E+02  0.2053978E+02  0.1944438E+02
  0.6130915E+02  0.1784265E+01  0.1944757E+02
  0.2152464E+02  0.1113780E+02  0.1941125E+02
  0.3988385E+02  0.1569644E+02  0.1706163E+02
  0.5108378E+02  0.1940973E+02  0.6549917E+01
  0.4938272E+02  0.1003053E+02  0.4245892E+01
  0.5297720E+02  0.6500692E+01  0.1747920E+02
  0.3834113E+02  0.1753917E+02  0.7708328E+00
  0.4648093E+02  0.1728151E+02  0.1341645E+02
  0.5294116E+02  0.1412648E+02  0.2552299E+01
  0.4322246E+02  0.7477924E+01  0.2459959E+01
  0.4979727E+02  0.1676301E+02  0.2018662E+02
  0.5104720E+02  0.2894647E+01  0.1834108E+02
  0.5099621E+02  0.2259525E+01  0.5760323E+01
  0.4437751E+02  0.6820776E+01  0.9767394E+01
  0.5067178E+02  0.1767725E+02  0.1368403E+02
  0.4138513E+02  0.1246153E+02  0.1895952E+02
  0.5186248E+02  0.2148879E+01  0.2354776E+01
  0.5398286E+02  0.3102563E+01  0.1538308E+02
  0.5696829E+02  0.5402493E+01  0.1525093E+02
  0.5726327E+02  0.2692393E+01  0.1812323E+02
  0.5445316E+02  0.5131229E+01  0.1840801E+02
  0.5578120E+02  0.4014149E+01  0.1663791E+02
  0.5803681E+02  0.7106563E+01  0.1660411E+02
  0.5841380E+02  0.4385161E+01  0.1934007E+02
  0.5546087E+02  0.7047376E+01  0.1955157E+02
  0.5967861E+02  0.2998649E+01  0.1527757E+02
  0.6248386E+02  0.5512126E+01  0.1519745E+02
  0.6251420E+02  0.3198555E+01  0.1805052E+02
  0.5963357E+02  0.5758451E+01  0.1793154E+02
  0.6099170E+02  0.4423018E+01  0.1646366E+02
  0.6374304E+02  0.6821120E+01  0.1677490E+02
  0.6400075E+02  0.4367619E+01  0.1948932E+02
  0.6085933E+02  0.6765896E+01  0.1969027E+02
  0.5009701E+02  0.7066265E+01  0.2832570E+01
  0.3848178E+02  0.1545364E+02  0.2134525E+02
  0.5203668E+02  0.1974427E+02  0.3006183E+01
  0.3930785E+02  0.1410013E+02  0.1319970E+02
  0.5147216E+02  0.1264783E+02  0.1226062E+02
  0.3254259E+02  0.5260903E+00  0.2347239E+01
  0.3973874E+02  0.2820313E+01  0.1859862E+02
  0.3940388E+02  0.1806775E+02  0.3040997E+01
  0.4725025E+02  0.2078453E+02  0.1768111E+02
  0.5284716E+02  0.1023925E+02  0.1539903E+02
  0.3482602E+02  0.6774405E+01  0.2066844E+01
  0.3349358E+02  0.1591740E+02  0.1165727E+02
  0.4686315E+02  0.7748513E+00  0.1321674E+02
  0.4858329E+02  0.1232863E+02  0.4641497E+01
  0.5308852E+02  0.3640424E+01  0.1957568E+02
  0.5135667E+02  0.1827630E+02  0.1882129E+02
  0.4991074E+02  0.4592561E+01  0.1955842E+02
  0.5624027E+02  0.1140545E+02  0.1208216E+02
  0.5700609E+02  0.8310060E+01  0.1832791E+02
  0.4933567E+02  0.1153481E+02  0.1310471E+02
  0.5535505E+02  0.9560461E+01  0.1703322E+02
  0.5847576E+02  0.1252428E+02  0.1700811E+02
  0.5824858E+02  0.9831738E+01  0.1968821E+02
  0.5557208E+02  0.1237208E+02  0.1962677E+02
  0.5974697E+02  0.8412278E+01  0.1516786E+02
  0.6215861E+02  0.1131689E+02  0.1560905E+02
  0.6203806E+02  0.8031894E+01  0.1820057E+02
  0.5969924E+02  0.1097079E+02  0.1836605E+02
  0.6102297E+02  0.9575913E+01  0.1686367E+02
  0.6344401E+02  0.1270957E+02  0.1687916E+02
  0.6327747E+02  0.9643468E+01  0.1942516E+02
  0.6099182E+02  0.1244291E+02  0.1973670E+02
  0.4494105E+02  0.1627726E+02  0.3482433E+01
  0.5321852E+02  0.1362613E+02  0.8343115E+01
  0.5318729E+02  0.1236923E+02  0.8291848E+00
  0.4880375E+02  0.1739536E+01  0.2144088E+02
  0.4551417E+02  0.1575916E+02  0.1806888E+02
  0.5248885E+02  0.1681859E+02  0.1524148E+02
  0.4864898E+02  0.3005088E+00  0.1914506E+02
  0.4743484E+02  0.1605587E+02  0.6933514E+01
  0.4420489E+02  0.1165012E+02  0.6697989E+01
  0.4881269E+02  0.1363335E+02  0.2067545E+02
  0.5420499E+02  0.1415313E+02  0.1394668E+02
  0.3915430E+02  0.4967817E+01  0.1402314E+02
  0.5313803E+02  0.1842686E+02  0.1703749E+02
  0.4819016E+02  0.1003643E+02  0.1453532E+02
  0.5387197E+02  0.8144949E+01  0.1584616E+02
  0.3844235E+02  0.1585770E+02  0.7765850E+01
  0.5668549E+02  0.1373702E+02  0.1812855E+02
  0.5699060E+02  0.1661888E+02  0.1563561E+02
  0.5535361E+02  0.1556418E+02  0.1702476E+02
  0.5271976E+02  0.1578146E+02  0.8283944E+01
  0.5300063E+02  0.1484782E+02  0.1931035E+02
  0.5852095E+02  0.1806909E+02  0.1677463E+02
  0.5831951E+02  0.1518117E+02  0.1952114E+02
  0.5594035E+02  0.1814459E+02  0.1973797E+02
  0.5940850E+02  0.1408156E+02  0.1542723E+02
  0.6219876E+02  0.1647937E+02  0.1548751E+02
  0.6220157E+02  0.1390755E+02  0.1830628E+02
  0.5956150E+02  0.1682250E+02  0.1844865E+02
  0.6083174E+02  0.1530115E+02  0.1694166E+02
  0.6347721E+02  0.1807285E+02  0.1659464E+02
  0.6370922E+02  0.1542002E+02  0.1951480E+02
  0.6100428E+02  0.1786628E+02  0.1959209E+02
