         
  0.6515772E+02  0.0000000E+00  0.2171924E+02
  0.0000000E+00  0.0000000E+00  0.2171924E+02
  0.1574827E+00  0.1978577E+02  0.2134737E+02
  0.2888007E+01  0.1980295E+00  0.2125401E+02
  0.2800730E+01  0.1964384E+02  0.2476531E+01
  0.6507304E+02  0.7027063E+00  0.2435312E+01
  0.1369225E+01  0.2091503E+02  0.9852246E+00
  0.3841875E+01  0.1803521E+01  0.6288984E+00
  0.4015970E+01  0.2097053E+02  0.3713929E+01
  0.1192523E+01  0.1884565E+01  0.3836173E+01
  0.5552581E+01  0.1944280E+02  0.2145155E+02
  0.7897275E+01  0.3120670E+00  0.2110333E+02
  0.8268442E+01  0.1976161E+02  0.2606975E+01
  0.5263644E+01  0.5470718E+00  0.2335959E+01
  0.6737543E+01  0.2083376E+02  0.1073017E+01
  0.9488714E+01  0.5069095E+01  0.2947484E+01
  0.8320808E+01  0.7458812E+00  0.5076368E+01
  0.6661000E+01  0.1794805E+01  0.3606027E+01
  0.1106592E+02  0.7977301E+00  0.1899202E+02
  0.2639664E+02  0.1267160E+02  0.6298884E+01
  0.2238575E+02  0.3205667E+01  0.1213065E+02
  0.1360549E+02  0.7518755E+01  0.1988634E+02
  0.1584194E+02  0.3249331E+01  0.4987494E+01
  0.3196787E+02  0.1190460E+02  0.3398659E+01
  0.1037430E+02  0.7796680E+01  0.6636870E+01
  0.2498662E+02  0.1853281E+01  0.7715677E+01
  0.1928487E+02  0.9379683E+01  0.2853189E+01
  0.1711336E+02  0.1194178E+02  0.1788604E+02
  0.2605480E+02  0.6201758E+01  0.1675605E+02
  0.1433882E+02  0.2001557E+02  0.2664933E+01
  0.2010551E+02  0.5150667E+01  0.7099122E+01
  0.2436162E+02  0.5101640E+01  0.5170037E+00
  0.1142757E+02  0.1939291E+02  0.8765628E+00
  0.2507388E+02  0.4482380E+01  0.8886502E+01
  0.6507666E+02  0.3380339E+01  0.2154758E+02
  0.2573960E+01  0.6143630E+01  0.2122604E+02
  0.2586652E+01  0.3132790E+01  0.2182744E+01
  0.3269698E+00  0.6491113E+01  0.2520795E+01
  0.1395051E+01  0.4951110E+01  0.1076296E+01
  0.4111302E+01  0.7452263E+01  0.1143493E+01
  0.3921840E+01  0.4490820E+01  0.3816427E+01
  0.1562267E+01  0.7619156E+01  0.4166823E+01
  0.5347719E+01  0.3347807E+01  0.2114811E+02
  0.8267825E+01  0.5736429E+01  0.1657336E+00
  0.7949468E+01  0.3119367E+01  0.2376237E+01
  0.5301305E+01  0.5952444E+01  0.2552282E+01
  0.6504476E+01  0.4346126E+01  0.1089850E+01
  0.1402228E+02  0.5342836E+01  0.2099336E+02
  0.9873415E+01  0.2138328E+01  0.6455980E+01
  0.6608160E+01  0.7370324E+01  0.3809171E+01
  0.1213628E+02  0.2080816E+01  0.2722364E+01
  0.2789910E+02  0.1159066E+02  0.1207143E+02
  0.2403488E+02  0.1566239E+02  0.5618041E+01
  0.1184007E+02  0.6204329E+01  0.5274213E+01
  0.1313785E+02  0.1754212E+02  0.5089234E+00
  0.1801431E+02  0.2987726E+01  0.3902133E+01
  0.2056950E+02  0.6546004E+01  0.1578716E+01
  0.9473733E+01  0.1545049E+02  0.4421506E+01
  0.3005840E+02  0.1960310E+02  0.4865444E+01
  0.1641257E+02  0.1241046E+02  0.5670177E+01
  0.1589206E+02  0.1143320E+02  0.1119181E+02
  0.2154355E+02  0.1480257E+02  0.1672683E+02
  0.1818147E+02  0.1729956E+02  0.8811632E+01
  0.2107423E+02  0.1841939E+02  0.2133091E+02
  0.2063885E+02  0.8956803E+01  0.1226671E+02
  0.1651708E+02  0.1464930E+01  0.1597481E+02
  0.3867051E-01  0.8939616E+01  0.2148269E+02
  0.2682601E+01  0.1134356E+02  0.2161913E+02
  0.2501196E+01  0.8692797E+01  0.2348002E+01
  0.3102540E-01  0.1136683E+02  0.2489075E+01
  0.1189445E+01  0.1017595E+02  0.1076635E+01
  0.4079574E+01  0.1296396E+02  0.1158738E+01
  0.3719397E+01  0.1010088E+02  0.3968165E+01
  0.1148891E+01  0.1283372E+02  0.3975915E+01
  0.5626857E+01  0.8745769E+01  0.2162735E+02
  0.1053505E+02  0.1366416E+02  0.1923452E+02
  0.1192705E+02  0.1293516E+02  0.3337929E+01
  0.5410570E+01  0.1123271E+02  0.2384723E+01
  0.6964308E+01  0.1047149E+02  0.5893131E+00
  0.9310942E+01  0.1327705E+02  0.9976582E+00
  0.1189644E+02  0.2027545E+02  0.6676969E+01
  0.6899520E+01  0.1249482E+02  0.3888285E+01
  0.9137727E+01  0.9622459E+01  0.1201520E+01
  0.1978158E+02  0.1309303E+02  0.1957910E+02
  0.2514012E+02  0.1594510E+02  0.9875345E+01
  0.1701004E+02  0.1972176E+02  0.1273530E+02
  0.1624968E+02  0.1452965E+02  0.7238652E+01
  0.1974569E+02  0.1211625E+02  0.5366540E+01
  0.2146110E+02  0.2160255E+02  0.1718247E+02
  0.2836745E+02  0.7431385E+01  0.3171235E+01
  0.1400402E+02  0.8090993E+01  0.1283460E+02
  0.2435279E+02  0.2133129E+02  0.9982851E+01
  0.2261713E+02  0.1156355E+02  0.7631747E+01
  0.1186214E+02  0.1243011E+02  0.1302308E+02
  0.1821544E+02  0.1221786E+02  0.7218025E+01
  0.3388130E+02  0.1239055E+02  0.1053666E+02
  0.4158137E+02  0.1443955E+02  0.1075258E+02
  0.3511945E+02  0.3898305E+01  0.2109120E+02
  0.6511211E+02  0.1387992E+02  0.2138371E+02
  0.2600733E+01  0.1668209E+02  0.2130237E+02
  0.2503327E+01  0.1410795E+02  0.2299511E+01
  0.6493442E+02  0.1741550E+02  0.2237786E+01
  0.1039995E+01  0.1551664E+02  0.1068664E+01
  0.3956583E+01  0.1799833E+02  0.9372317E+00
  0.3801253E+01  0.1565034E+02  0.3815267E+01
  0.1251243E+01  0.1846061E+02  0.3813923E+01
  0.5722222E+01  0.1423094E+02  0.2167225E+02
  0.7872766E+01  0.1691571E+02  0.2171639E+02
  0.8050242E+01  0.1435333E+02  0.2756506E+01
  0.5220016E+01  0.1702104E+02  0.2762347E+01
  0.6614757E+01  0.1569276E+02  0.1346910E+01
  0.9301453E+01  0.1817696E+02  0.1121824E+01
  0.1812545E+02  0.2069510E+01  0.8920071E+01
  0.6925873E+01  0.1821706E+02  0.3903516E+01
  0.1420257E+02  0.1850330E+02  0.1878639E+02
  0.1497620E+02  0.1979196E+02  0.1571587E+02
  0.1567972E+02  0.1645940E+02  0.3763684E+01
  0.2352922E+02  0.1170293E+02  0.1354280E+02
  0.1609432E+02  0.3516951E+00  0.8999007E+00
  0.2222085E+02  0.5032804E+01  0.6006306E+01
  0.1984536E+02  0.7141619E+01  0.3814995E+01
  0.8769774E+01  0.2550893E+01  0.9490981E-01
  0.2230059E+02  0.1739209E+02  0.1670643E+01
  0.1395322E+02  0.7037852E+01  0.8425435E+01
  0.3527202E+02  0.7021259E+01  0.5894660E+01
  0.2070735E+02  0.2764857E+01  0.7013918E+00
  0.1826750E+02  0.1923335E+02  0.1589599E+02
  0.2421643E+02  0.7178962E+01  0.1114903E+02
  0.2538651E+02  0.1547877E+02  0.1211857E+02
  0.1195631E+02  0.2003876E+02  0.3029632E+01
  0.6512649E+02  0.1981100E+02  0.5152544E+01
  0.2827752E+01  0.5901090E+00  0.5029003E+01
  0.2899864E+01  0.1957634E+02  0.7881203E+01
  0.1114468E+00  0.5474241E+00  0.7838632E+01
  0.1601813E+01  0.2089470E+02  0.6537461E+01
  0.4212542E+01  0.1869126E+01  0.6397932E+01
  0.4277590E+01  0.2086585E+02  0.9168706E+01
  0.1519513E+01  0.1782916E+01  0.9303383E+01
  0.5469717E+01  0.1977760E+02  0.5022922E+01
  0.9885323E+01  0.4876726E+01  0.5801310E+01
  0.8001678E+01  0.1939404E+02  0.7794652E+01
  0.5653523E+01  0.5507459E+00  0.7792927E+01
  0.7017072E+01  0.2092868E+02  0.6290106E+01
  0.1953559E+02  0.8273657E+01  0.1949672E+02
  0.9410925E+01  0.1802299E+02  0.6503407E+01
  0.6751693E+01  0.1968450E+01  0.9369800E+01
  0.2686152E+02  0.4148789E+01  0.3237549E+01
  0.2578366E+02  0.6786459E+01  0.1304226E+01
  0.1969960E+02  0.1085921E+02  0.1546193E+02
  0.1683669E+02  0.6751257E+01  0.5743898E+01
  0.1349142E+02  0.1471685E+02  0.1879935E+02
  0.1965722E+02  0.1525598E+02  0.8448401E+01
  0.1731118E+02  0.1944961E+02  0.3566700E+01
  0.1367960E+02  0.3231433E+01  0.1350318E+02
  0.1750592E+02  0.2601668E+01  0.1137313E+02
  0.1471207E+02  0.2747549E+01  0.1788101E+02
  0.1297397E+02  0.1857550E+02  0.1482958E+02
  0.9630618E+01  0.7809296E+01  0.2152830E+02
  0.1108808E+02  0.1778697E+02  0.1354712E+02
  0.2136279E+02  0.2691803E+01  0.5572171E+01
  0.1944954E+02  0.1756092E+02  0.1072667E+02
  0.1018340E+02  0.1180207E+02  0.8730348E+01
  0.8911362E-01  0.3234474E+01  0.4923624E+01
  0.2636989E+01  0.5788594E+01  0.5413207E+01
  0.2793288E+01  0.3154981E+01  0.8006738E+01
  0.1480442E+00  0.6022498E+01  0.8146659E+01
  0.1284499E+01  0.4339847E+01  0.6772077E+01
  0.4168427E+01  0.7173259E+01  0.6496198E+01
  0.4473073E+01  0.4525658E+01  0.9343991E+01
  0.1424083E+01  0.7394735E+01  0.9568010E+01
  0.5500722E+01  0.3234578E+01  0.4877968E+01
  0.9490626E+01  0.4510369E+01  0.2031573E+02
  0.6751998E+01  0.4381166E+01  0.6529285E+01
  0.5758228E+01  0.6175606E+01  0.8020743E+01
  0.8249708E+01  0.3215076E+01  0.7862951E+01
  0.1552213E+02  0.4151295E+01  0.1240783E+02
  0.1172629E+02  0.2053670E+02  0.1163307E+02
  0.7073070E+01  0.7583138E+01  0.9413818E+01
  0.1825057E+02  0.2045292E+02  0.8398125E+01
  0.8321443E+01  0.9200778E+01  0.3281390E+01
  0.1163971E+02  0.7410103E+01  0.1322747E+01
  0.1084413E+02  0.5686355E+01  0.7990777E+01
  0.9825143E+01  0.2124286E+02  0.3562965E+01
  0.1055664E+02  0.8948190E+01  0.1080196E+02
  0.1549653E+02  0.1002405E+02  0.5736317E+01
  0.2312775E+02  0.4624512E+01  0.1870607E+02
  0.1631432E+02  0.5217469E+00  0.8192161E+01
  0.2184969E+02  0.1889011E+02  0.7459135E+01
  0.2175597E+02  0.5215755E+01  0.9867788E+01
  0.2865803E+02  0.4427583E+01  0.1140419E+02
  0.3307450E+02  0.2514006E+01  0.2135837E+02
  0.1239545E+02  0.1734996E+02  0.1024541E+02
  0.2506482E+02  0.1830642E+02  0.1018196E+02
  0.1437001E+02  0.1448220E+02  0.8718706E+01
  0.2703063E-01  0.8914192E+01  0.5403343E+01
  0.2485642E+01  0.1153895E+02  0.5335300E+01
  0.2429861E+01  0.8547608E+01  0.7918683E+01
  0.4120383E-01  0.1190818E+02  0.7580236E+01
  0.1255178E+01  0.1029554E+02  0.6612079E+01
  0.3800397E+01  0.1298276E+02  0.6346490E+01
  0.4223698E+01  0.9953290E+01  0.9259270E+01
  0.1191492E+01  0.1293202E+02  0.9383514E+01
  0.5188004E+01  0.8828064E+01  0.5137338E+01
  0.7995510E+01  0.1083333E+02  0.5297110E+01
  0.7759949E+01  0.5620781E+01  0.4555280E+01
  0.4986188E+01  0.1141421E+02  0.7849484E+01
  0.6382429E+01  0.9867866E+01  0.6767614E+01
  0.8290572E+01  0.1394540E+02  0.8048805E+01
  0.8181228E+01  0.8713505E+01  0.7605598E+01
  0.6549743E+01  0.1305000E+02  0.8972593E+01
  0.1236744E+02  0.1167650E+02  0.2167479E+02
  0.1587291E+02  0.8502447E+00  0.5897548E+01
  0.2312833E+02  0.1370094E+02  0.1087772E+02
  0.2290452E+02  0.2095121E+02  0.1201962E+02
  0.1497775E+02  0.1649980E+02  0.1740913E+02
  0.1403312E+02  0.1669296E+02  0.8572587E+01
  0.2419420E+02  0.1958071E+02  0.8249866E+01
  0.1624228E+02  0.1761414E+02  0.1550251E+02
  0.2081301E+02  0.1121395E+02  0.3225923E+01
  0.1589977E+02  0.1777703E+02  0.1195649E+02
  0.3075419E+02  0.7012575E+01  0.2982923E+01
  0.2171984E+02  0.1759011E+02  0.1090725E+02
  0.1946280E+02  0.1573359E+02  0.1497745E+01
  0.3137352E+02  0.9757927E+01  0.2852622E+01
  0.2761677E+02  0.9819307E+01  0.1615528E+02
  0.2373345E+02  0.1523088E+02  0.1796936E+02
  0.6485805E+02  0.1429857E+02  0.5070433E+01
  0.2550973E+01  0.1711687E+02  0.5366079E+01
  0.2642299E+01  0.1421452E+02  0.8015806E+01
  0.6512066E+02  0.1675543E+02  0.7791507E+01
  0.1154812E+01  0.1553986E+02  0.6464603E+01
  0.4175743E+01  0.1828240E+02  0.6293955E+01
  0.4025447E+01  0.1557431E+02  0.9099829E+01
  0.1744857E+01  0.1802431E+02  0.8968974E+01
  0.5266734E+01  0.1405546E+02  0.5061338E+01
  0.1065584E+02  0.1686638E+02  0.2804064E+01
  0.9709420E+01  0.1529131E+02  0.9132404E+01
  0.5391640E+01  0.1685169E+02  0.7681081E+01
  0.6719047E+01  0.1507003E+02  0.6623159E+01
  0.7804988E+01  0.1680619E+02  0.5411563E+01
  0.8033765E+01  0.1665751E+02  0.1040817E+02
  0.6772935E+01  0.1830352E+02  0.9334253E+01
  0.1921078E+02  0.1672886E+02  0.6561332E+01
  0.1419450E+02  0.2053663E+02  0.1117652E+02
  0.1594015E+02  0.7546741E+01  0.3740223E+01
  0.1741740E+02  0.1577270E+02  0.5314083E+01
  0.1119023E+02  0.1355203E+02  0.1033599E+02
  0.1691127E+02  0.2093726E+02  0.1494607E+02
  0.2652928E+02  0.9106800E+01  0.3929598E+01
  0.1407339E+02  0.1065434E+01  0.1651701E+02
  0.1353530E+02  0.4580399E+01  0.1722447E+01
  0.1825490E+02  0.1761269E+02  0.1783311E+02
  0.1980841E+02  0.3816100E+01  0.9065710E+01
  0.2057257E+02  0.1474752E+02  0.1431744E+02
  0.1096008E+02  0.2677784E+01  0.6162013E+00
  0.8770653E+01  0.9876917E+01  0.9515038E+01
  0.1307306E+02  0.1687740E+02  0.6362210E+01
  0.9000691E+01  0.2147942E+02  0.8745675E+01
  0.3728531E+00  0.1958998E+02  0.1031350E+02
  0.2960940E+01  0.3270398E+00  0.1044336E+02
  0.2645442E+01  0.1946287E+02  0.1346973E+02
  0.6512791E+02  0.7906161E+00  0.1325133E+02
  0.1455838E+01  0.2088665E+02  0.1209842E+02
  0.4079415E+01  0.1670821E+01  0.1203928E+02
  0.3992452E+01  0.2073990E+02  0.1472722E+02
  0.1289577E+01  0.1945195E+01  0.1463778E+02
  0.5561719E+01  0.1967081E+02  0.1058127E+02
  0.8174926E+01  0.6693660E+00  0.1094819E+02
  0.8202632E+01  0.1956753E+02  0.1344451E+02
  0.5337321E+01  0.4234673E+00  0.1347457E+02
  0.6867141E+01  0.2086260E+02  0.1207072E+02
  0.1343624E+02  0.2161992E+02  0.5111789E+01
  0.9733857E+01  0.2098019E+02  0.1460163E+02
  0.6529791E+01  0.1824603E+01  0.1477270E+02
  0.9417148E+01  0.1828709E+02  0.1163122E+02
  0.1918849E+02  0.4648792E+01  0.7137308E+00
  0.1936125E+02  0.1147387E+02  0.1778864E+02
  0.1293016E+02  0.1862227E+02  0.1212649E+02
  0.1077756E+02  0.1772059E+02  0.1932879E+02
  0.1887012E+02  0.7976213E+01  0.1336458E+02
  0.9416235E+01  0.1755390E+01  0.1230690E+02
  0.1528411E+02  0.2142292E+02  0.1315149E+02
  0.2853526E+02  0.1447221E+01  0.2848765E+01
  0.1335101E+02  0.3754502E+01  0.1945836E+02
  0.1166972E+02  0.1123514E+02  0.5088981E+01
  0.1856078E+02  0.7987911E+01  0.1069711E+02
  0.2308604E+02  0.1796921E+02  0.5661020E+01
  0.2307757E+02  0.1202346E+02  0.3598392E+01
  0.2382645E+02  0.2704431E+01  0.1000010E+02
  0.1395829E+02  0.1043927E+02  0.1839854E+02
  0.9485066E-01  0.3352723E+01  0.1038133E+02
  0.2866609E+01  0.5761230E+01  0.1058153E+02
  0.2823368E+01  0.3244886E+01  0.1331015E+02
  0.4244239E-01  0.6078975E+01  0.1331725E+02
  0.1533893E+01  0.4566449E+01  0.1188342E+02
  0.4073385E+01  0.7341262E+01  0.1207221E+02
  0.3855979E+01  0.4576792E+01  0.1487010E+02
  0.1148807E+01  0.7415747E+01  0.1475573E+02
  0.5503844E+01  0.3182504E+01  0.1102779E+02
  0.8224930E+01  0.5894617E+01  0.1073100E+02
  0.7995896E+01  0.3172179E+01  0.1371537E+02
  0.5279855E+01  0.5965769E+01  0.1360444E+02
  0.6763909E+01  0.4658797E+01  0.1219473E+02
  0.9501640E+01  0.7242898E+01  0.1199516E+02
  0.9327547E+01  0.4540360E+01  0.1475832E+02
  0.6899401E+01  0.7573584E+01  0.1475767E+02
  0.1053709E+02  0.3063767E+01  0.1064317E+02
  0.1922643E+02  0.5756822E+01  0.1328868E+02
  0.1604419E+02  0.1966340E+02  0.8168130E+01
  0.1070985E+02  0.5659182E+01  0.1325315E+02
  0.1809984E+02  0.8684950E+01  0.4780530E+01
  0.1810284E+02  0.9129890E+01  0.8687912E+00
  0.1109228E+02  0.8530495E+01  0.1622684E+02
  0.1636619E+02  0.1367566E+02  0.2138389E+02
  0.9431077E+01  0.2083702E+02  0.1975417E+02
  0.1062796E+02  0.7340807E+01  0.3405740E+01
  0.2977850E+02  0.4200566E+01  0.1900117E+02
  0.1297355E+02  0.1381865E+02  0.6837597E+01
  0.2629613E+02  0.2061186E+02  0.6996348E+01
  0.1020286E+02  0.9385788E+01  0.4886315E+01
  0.1373923E+02  0.7061904E+01  0.2449509E+01
  0.1869730E+02  0.8984611E+01  0.7124343E+01
  0.2967692E+00  0.8943867E+01  0.1037753E+02
  0.2781059E+01  0.1145803E+02  0.1048963E+02
  0.2652537E+01  0.8671515E+01  0.1338052E+02
  0.6493044E+02  0.1156594E+02  0.1344170E+02
  0.1263958E+01  0.1016619E+02  0.1199249E+02
  0.4048527E+01  0.1283021E+02  0.1172798E+02
  0.3832777E+01  0.1018883E+02  0.1459355E+02
  0.1362384E+01  0.1283995E+02  0.1486687E+02
  0.5482223E+01  0.8738234E+01  0.1098526E+02
  0.7636531E+01  0.1165953E+02  0.1044148E+02
  0.8315812E+01  0.8789077E+01  0.1347114E+02
  0.5321149E+01  0.1136720E+02  0.1333210E+02
  0.6982851E+01  0.1022374E+02  0.1200861E+02
  0.9592736E+01  0.1239158E+02  0.1186566E+02
  0.9681401E+01  0.9904793E+01  0.1484298E+02
  0.6614048E+01  0.1276989E+02  0.1473271E+02
  0.3164441E+02  0.2098174E+02  0.3914095E+01
  0.1697601E+02  0.1986842E+02  0.1188978E+01
  0.2327844E+02  0.1879914E+02  0.1249969E+02
  0.1579967E+02  0.1402273E+02  0.1064506E+02
  0.2547116E+02  0.1714167E+02  0.1417690E+02
  0.2679364E+02  0.1279917E+02  0.2115966E+02
  0.1146412E+02  0.9441570E+00  0.4866264E+01
  0.1831389E+02  0.2239446E+01  0.1736336E+02
  0.1561495E+02  0.8262186E+01  0.7317724E+01
  0.3204323E+02  0.1698563E+02  0.7701672E+01
  0.2948747E+02  0.6413151E+01  0.3217553E+00
  0.1194687E+02  0.1163728E+02  0.1926773E+02
  0.4393358E+02  0.3103090E+01  0.1527053E+02
  0.3178045E+02  0.2422441E+01  0.7199297E+01
  0.4269660E+02  0.1910754E+02  0.2043053E+02
  0.1730045E+02  0.3886232E+01  0.1852697E+01
  0.6493476E+02  0.1432105E+02  0.1072619E+02
  0.2701407E+01  0.1687915E+02  0.1045843E+02
  0.2711134E+01  0.1410604E+02  0.1336346E+02
  0.6515611E+02  0.1694356E+02  0.1314472E+02
  0.1536708E+01  0.1541012E+02  0.1175501E+02
  0.3843520E+01  0.1831067E+02  0.1174120E+02
  0.3827635E+01  0.1531109E+02  0.1476399E+02
  0.1211033E+01  0.1811099E+02  0.1471075E+02
  0.5209637E+01  0.1410144E+02  0.1034370E+02
  0.1092912E+02  0.3857787E+00  0.7779627E+01
  0.8160402E+01  0.1391614E+02  0.1321714E+02
  0.5115746E+01  0.1671047E+02  0.1308632E+02
  0.6821714E+01  0.1530369E+02  0.1183082E+02
  0.3004252E+02  0.1582024E+02  0.1439284E+02
  0.1483675E+02  0.1557415E+02  0.1205286E+02
  0.6539508E+01  0.1785386E+02  0.1442028E+02
  0.1437768E+02  0.8328800E+00  0.2589537E+01
  0.2696732E+02  0.1441258E+02  0.9602686E+01
  0.1395566E+02  0.1176794E+02  0.6125373E+01
  0.1276923E+02  0.1709412E+02  0.1991755E+02
  0.1137560E+02  0.1884835E+02  0.8657415E+01
  0.1570381E+02  0.2145062E+02  0.2044648E+02
  0.2608102E+02  0.9729919E+01  0.1788688E+02
  0.1347148E+02  0.1637026E+02  0.1552035E+02
  0.1040891E+02  0.1940531E+02  0.5109983E+01
  0.2269331E+02  0.1105787E+02  0.2140371E+02
  0.1110522E+02  0.1992100E+02  0.1615617E+02
  0.2421268E+02  0.1150726E+02  0.5713770E+01
  0.1255613E+02  0.1023346E+02  0.1644421E+02
  0.2647490E+02  0.1084900E+02  0.2310248E+01
  0.2165268E+02  0.7101822E+00  0.6961976E+01
  0.2656258E+02  0.2917555E+00  0.1935234E+02
  0.6498997E+02  0.1972929E+02  0.1603557E+02
  0.2631817E+01  0.5314262E+00  0.1591673E+02
  0.2517177E+01  0.1964379E+02  0.1873700E+02
  0.6509087E+02  0.3032303E+00  0.1866884E+02
  0.1203954E+01  0.2086637E+02  0.1736645E+02
  0.3785163E+01  0.1938347E+01  0.1728010E+02
  0.4343087E+01  0.2080495E+02  0.1976456E+02
  0.1008004E+01  0.1800328E+01  0.2012324E+02
  0.5405823E+01  0.1939735E+02  0.1609172E+02
  0.8234039E+01  0.6542233E+00  0.1592128E+02
  0.8289687E+01  0.1943015E+02  0.1863675E+02
  0.5444932E+01  0.3977410E+00  0.1852940E+02
  0.6707987E+01  0.2087142E+02  0.1731704E+02
  0.1779378E+02  0.6460333E+01  0.2002413E+02
  0.9497596E+01  0.1791150E+01  0.1742040E+02
  0.6574827E+01  0.1800629E+01  0.1990684E+02
  0.2196587E+02  0.1607988E+00  0.9355494E+01
  0.1877672E+02  0.4334688E+01  0.1993902E+02
  0.2640268E+02  0.3921471E+00  0.2369934E+01
  0.2079167E+02  0.7575182E+00  0.1251724E+02
  0.1232403E+02  0.2061694E+02  0.1812327E+02
  0.1504389E+02  0.1849639E+02  0.9543271E+00
  0.1370718E+02  0.7286552E+00  0.1568494E+00
  0.1218738E+02  0.7286267E+01  0.1436581E+02
  0.1438173E+02  0.6297444E+01  0.6145826E+01
  0.1460512E+02  0.1120618E+02  0.1150818E+01
  0.2717521E+02  0.5907575E+01  0.5000828E+01
  0.2067401E+02  0.1408804E+02  0.2164037E+02
  0.1064285E+02  0.1417863E+02  0.1644917E+02
  0.4264769E+02  0.8396229E+01  0.2019289E+02
  0.2113883E+02  0.1950652E+02  0.1872010E+01
  0.1563020E+02  0.5525027E+01  0.2319976E+01
  0.6504413E+02  0.3381748E+01  0.1602187E+02
  0.2553975E+01  0.6217736E+01  0.1604877E+02
  0.2480924E+01  0.3000983E+01  0.1879563E+02
  0.6500150E+02  0.6286968E+01  0.1880759E+02
  0.1155774E+01  0.4721492E+01  0.1757569E+02
  0.4194067E+01  0.7502537E+01  0.1747483E+02
  0.3984665E+01  0.4662844E+01  0.1974541E+02
  0.1329336E+01  0.7430182E+01  0.2009944E+02
  0.5083871E+01  0.3228525E+01  0.1605495E+02
  0.7923543E+01  0.5973970E+01  0.1613151E+02
  0.8176942E+01  0.3219692E+01  0.1879259E+02
  0.5687505E+01  0.6161044E+01  0.1894937E+02
  0.6715567E+01  0.4483487E+01  0.1752484E+02
  0.1475412E+02  0.6978315E+01  0.1799565E+02
  0.1051931E+02  0.6039059E+01  0.1890313E+02
  0.6976493E+01  0.7294399E+01  0.2040989E+02
  0.1716324E+02  0.6184401E+01  0.1011190E+02
  0.2341729E+02  0.1950236E+02  0.2106985E+02
  0.1025017E+02  0.1996522E+02  0.1020088E+02
  0.1240005E+02  0.1881260E+01  0.1499951E+02
  0.2261642E+02  0.9239703E+01  0.1403094E+02
  0.1090557E+02  0.1365178E+02  0.5517679E+01
  0.1361976E+02  0.4243711E+01  0.5864959E+01
  0.9514743E+01  0.7463500E+01  0.1744786E+02
  0.2062615E+02  0.4964918E+01  0.1844733E+02
  0.2929796E+02  0.2105963E+02  0.9377542E+01
  0.1827086E+02  0.9904233E+01  0.2039837E+02
  0.2567088E+02  0.9003675E+01  0.7987224E+01
  0.2266989E+02  0.6971435E+01  0.1473224E+02
  0.1178415E+02  0.1223666E+02  0.1549091E+02
  0.2030002E+02  0.7231790E+01  0.9553025E+01
  0.2637285E+02  0.1510645E+02  0.6227515E+01
  0.6513085E+02  0.9005140E+01  0.1619607E+02
  0.2591991E+01  0.1157249E+02  0.1613726E+02
  0.2637505E+01  0.8763607E+01  0.1860673E+02
  0.6508620E+02  0.1159154E+02  0.1881571E+02
  0.1256075E+01  0.1027474E+02  0.1756955E+02
  0.4217601E+01  0.1253486E+02  0.1742010E+02
  0.3912496E+01  0.9872880E+01  0.2024229E+02
  0.1405505E+01  0.1248236E+02  0.2012161E+02
  0.5206277E+01  0.8811247E+01  0.1593468E+02
  0.8292730E+01  0.1131898E+02  0.1599756E+02
  0.8205543E+01  0.8573496E+01  0.1903475E+02
  0.5541199E+01  0.1101520E+02  0.1880964E+02
  0.7136296E+01  0.9786575E+01  0.1734970E+02
  0.9139096E+01  0.1276909E+02  0.1762468E+02
  0.9061424E+01  0.1227907E+02  0.2086766E+02
  0.6688434E+01  0.1232627E+02  0.2067852E+02
  0.1098764E+02  0.1678289E+02  0.7614866E+01
  0.1206333E+02  0.2029727E+01  0.9144471E+01
  0.2431096E+02  0.2148775E+02  0.6565626E+01
  0.1073277E+02  0.1148997E+02  0.1658784E+01
  0.1537776E+02  0.9028621E+01  0.1702305E+02
  0.1588100E+02  0.6432660E+01  0.1216387E+00
  0.2334890E+02  0.1417957E+02  0.1311772E+02
  0.2369314E+02  0.2027517E+02  0.1724200E+02
  0.1117843E+02  0.5757531E+00  0.1340388E+02
  0.2454206E+02  0.1376475E+02  0.1377735E+00
  0.2731283E+02  0.2830133E+01  0.1742865E+02
  0.2204561E+02  0.1166114E+02  0.9973045E+01
  0.1793670E+02  0.9215699E+01  0.1527486E+02
  0.1312003E+02  0.1229433E+02  0.9036640E+01
  0.2723037E+02  0.2005396E+02  0.2053897E+02
  0.1736967E+02  0.1150451E+02  0.1323759E+02
  0.6495198E+02  0.1417400E+02  0.1588223E+02
  0.2634118E+01  0.1669858E+02  0.1601857E+02
  0.2861915E+01  0.1400790E+02  0.1862913E+02
  0.1587937E-01  0.1704987E+02  0.1837979E+02
  0.1461348E+01  0.1536839E+02  0.1727751E+02
  0.3844892E+01  0.1813267E+02  0.1751198E+02
  0.4029007E+01  0.1528738E+02  0.2017461E+02
  0.1299138E+01  0.1827002E+02  0.2018867E+02
  0.5419787E+01  0.1415428E+02  0.1609680E+02
  0.8131558E+01  0.1669401E+02  0.1583996E+02
  0.7591096E+01  0.1387752E+02  0.1879555E+02
  0.5330816E+01  0.1691470E+02  0.1893608E+02
  0.6644216E+01  0.1560824E+02  0.1741911E+02
  0.9630874E+01  0.1811230E+02  0.1717371E+02
  0.9150090E+01  0.1562613E+02  0.1995740E+02
  0.6837096E+01  0.1811240E+02  0.2002636E+02
  0.9566887E+01  0.1521004E+02  0.1453417E+02
  0.1147891E+02  0.1972879E+02  0.2038487E+02
  0.1426947E+02  0.9254706E+01  0.1498312E+02
  0.1210960E+02  0.1999605E+01  0.2043082E+02
  0.2275244E+02  0.1304722E+02  0.2032489E+02
  0.1981425E+02  0.1461297E+02  0.1166184E+02
  0.2923169E+02  0.6073869E+01  0.1327075E+02
  0.1748844E+02  0.1390495E+02  0.1920065E+02
  0.9356920E+01  0.1233656E+02  0.6692338E+01
  0.1090274E+02  0.3390335E+01  0.1619618E+02
  0.1495160E+02  0.8880402E+01  0.7565209E+00
  0.2102283E+02  0.1976674E+02  0.9700089E+01
  0.2001575E+02  0.1217825E+02  0.1286521E+01
  0.1376306E+02  0.1522201E+02  0.5804617E+00
  0.2414761E+02  0.1569686E+02  0.1598512E+01
  0.2190384E+02  0.8931028E+01  0.1908292E+02
  0.3810849E+02  0.2056520E+02  0.1075540E+02
  0.3687138E+02  0.3315655E+01  0.1485175E+02
  0.2793459E+02  0.1174504E+02  0.4756056E+01
  0.2865017E+02  0.1140225E+02  0.2365220E+01
  0.4603731E+02  0.1414007E+02  0.4408853E+01
  0.3611167E+02  0.7026494E+01  0.3489293E+01
  0.4974983E+02  0.3887156E+01  0.1562294E+02
  0.3768594E+02  0.2157857E+02  0.1761158E+02
  0.3929008E+02  0.6482052E+01  0.4945284E+01
  0.2091560E+02  0.1729466E+02  0.4786354E+01
  0.1746373E+02  0.1371656E+02  0.1227000E+02
  0.4289503E+02  0.1311763E+02  0.1420435E+02
  0.3163825E+02  0.6584785E+01  0.1388852E+02
  0.4337655E+02  0.1393157E+02  0.2081986E+02
  0.3603458E+02  0.3460029E+01  0.8944910E+01
  0.3726492E+02  0.1542369E+02  0.4063017E+01
  0.2460204E+02  0.5208145E+01  0.1274614E+02
  0.3772767E+02  0.1610004E+02  0.9775718E+01
  0.3808346E+02  0.1144608E+01  0.1567493E+02
  0.1606378E+02  0.1769326E+02  0.9601756E+01
  0.2988361E+02  0.6741232E+01  0.1815361E+02
  0.3854926E+02  0.8710349E+01  0.5878776E+01
  0.2885645E+02  0.8197913E+01  0.6909576E+01
  0.1723712E+02  0.1549712E+02  0.1739150E+02
  0.4780896E+02  0.1228338E+02  0.1967980E+02
  0.1343231E+02  0.5366372E+01  0.1035950E+02
  0.3654487E+02  0.1211512E+02  0.8100634E+01
  0.3802148E+02  0.3690979E+01  0.7586051E+01
  0.3272283E+02  0.9553930E+01  0.1718262E+02
  0.3386141E+02  0.9868488E+01  0.5355150E+01
  0.3883492E+02  0.1715013E+02  0.2692147E+01
  0.3170349E+02  0.4331155E+01  0.1386328E+02
  0.3403428E+02  0.2019169E+02  0.7267084E+01
  0.3604619E+02  0.6521566E+01  0.1655929E+02
  0.3469867E+02  0.9860051E+00  0.1191928E+02
  0.2744179E+02  0.1938021E+02  0.1513751E+02
  0.4962872E+02  0.1604898E+01  0.9372655E+01
  0.2562866E+02  0.1911459E+02  0.1248998E+02
  0.2904459E+02  0.9745620E+01  0.8776078E+01
  0.3895478E+02  0.4250815E+01  0.1360175E+02
  0.4666146E+02  0.1980794E+02  0.6265967E+01
  0.4957015E+02  0.5314256E+01  0.2136523E+02
  0.2498429E+02  0.1630389E+02  0.2110718E+02
  0.3625503E+02  0.1316352E+01  0.1021430E+02
  0.3600044E+02  0.5086603E+01  0.1206351E+01
  0.2395030E+02  0.6711625E+01  0.1802438E+02
  0.2329766E+02  0.5688839E+01  0.8157334E+01
  0.2920682E+02  0.3505029E+01  0.3992685E+01
  0.3401608E+02  0.4938220E+01  0.5150305E+01
  0.3459776E+02  0.8436670E+01  0.1602710E+02
  0.4442245E+02  0.6081157E+01  0.2417080E+01
  0.1903589E+02  0.1420438E+02  0.1625317E+02
  0.3818582E+02  0.1480027E+02  0.1777891E+02
  0.2202013E+02  0.1979501E+02  0.1890159E+02
  0.3884845E+02  0.1098276E+01  0.1191371E+02
  0.2892688E+02  0.1446770E+02  0.1889117E+02
  0.3232924E+02  0.2170190E+02  0.1441418E+02
  0.4077588E+02  0.3249801E+01  0.2062309E+02
  0.2914880E+02  0.3926794E+01  0.1635018E+02
  0.3012707E+02  0.1333801E+02  0.8186601E+01
  0.2865949E+02  0.1508216E+02  0.1182724E+02
  0.3529324E+02  0.1094176E+02  0.9766966E+01
  0.1791003E+02  0.8119958E+01  0.1766794E+02
  0.3721543E+02  0.1710344E+02  0.1201584E+02
  0.3129947E+02  0.1019681E+02  0.8144185E+01
  0.2627139E+02  0.6665660E+01  0.9223435E+01
  0.1843135E+02  0.1600862E+02  0.1474547E+02
  0.1492915E+02  0.9735072E+01  0.3334950E+01
  0.2910603E+02  0.1273272E+02  0.1621136E+02
  0.2329732E+02  0.1442339E+02  0.3477976E+01
  0.4004135E+02  0.1352556E+02  0.1659590E+02
  0.2958836E+02  0.1804895E+02  0.2848426E+00
  0.3760687E+02  0.4939993E+01  0.1739389E+02
  0.2189843E+02  0.6988882E+01  0.1138997E+02
  0.2457529E+02  0.4489473E+01  0.2949270E+01
  0.1649370E+02  0.3496260E+01  0.1430374E+02
  0.2117958E+02  0.1562191E+02  0.3024502E+01
  0.4229232E+02  0.4681679E+01  0.5494336E+01
  0.3804420E+02  0.1082635E+02  0.4594662E+01
  0.4205496E+02  0.1059568E+02  0.9643304E+01
  0.3423872E+02  0.1153742E+02  0.1750324E+02
  0.2354216E+02  0.1595886E+01  0.4833284E+01
  0.3525122E+02  0.1100464E+02  0.1382674E+02
  0.3027718E+02  0.1055572E+02  0.1896081E+02
  0.4102606E+02  0.6796585E+01  0.4891262E+00
  0.3300653E+02  0.1913730E+00  0.1850891E+00
  0.2942880E+02  0.1580214E+02  0.5139208E+01
  0.3608991E+02  0.1130215E+01  0.1402309E+02
  0.1215211E+02  0.8641239E+01  0.8329564E+01
  0.3920115E+02  0.9128810E+01  0.8117922E+01
  0.4500934E+02  0.3104788E+01  0.4377959E+00
  0.3419914E+02  0.3527528E+01  0.7178455E+01
  0.3701152E+02  0.2440496E+01  0.3770567E+01
  0.4771929E+02  0.2168079E+02  0.8698324E+01
  0.3515675E+02  0.1928773E+02  0.8914622E+01
  0.1568009E+02  0.1279331E+02  0.1603128E+02
  0.2733687E+02  0.9901929E+00  0.7452018E+01
  0.2596506E+02  0.6213718E+00  0.2161449E+02
  0.1912319E+02  0.1446636E+01  0.7096812E+01
  0.2789721E+02  0.1612778E+02  0.7990785E+01
  0.3268066E+02  0.1369464E+01  0.4987479E+01
  0.2703966E+02  0.1758300E+02  0.9455662E+01
  0.2038237E+02  0.1646845E+02  0.1789363E+02
  0.2726499E+02  0.1374920E+02  0.1312709E+02
  0.3400639E+02  0.8803736E+01  0.9633490E+01
  0.2771535E+02  0.1671277E+02  0.1473935E+02
  0.4727608E+02  0.5701430E+01  0.1432780E+02
  0.4366975E+02  0.1317283E+02  0.6704884E+01
  0.4342397E+02  0.1164752E+02  0.1123287E+02
  0.2864843E+02  0.1905608E+02  0.1055950E+02
  0.2752937E+02  0.5138612E+01  0.1248981E+01
  0.4937160E+02  0.9920916E+00  0.1442618E+01
  0.2359296E+02  0.1065871E+02  0.1140866E+02
  0.3160702E+02  0.6712849E+01  0.7287562E+00
  0.2988548E+02  0.1093379E+02  0.1082204E+02
  0.2359999E+02  0.1580144E+02  0.7940033E+01
  0.3977373E+02  0.1657934E+02  0.9730711E+01
  0.2267303E+02  0.1927206E+02  0.1492076E+02
  0.4790324E+02  0.1833723E+02  0.1517856E+02
  0.4850916E+02  0.2007890E+02  0.1040753E+02
  0.3490911E+02  0.1433774E+02  0.2160709E+01
  0.4017214E+02  0.8580175E+01  0.1535270E+02
  0.1959280E+02  0.1113462E+02  0.1298298E+02
  0.3512912E+02  0.2066298E+02  0.2140261E+02
  0.2639013E+02  0.4016061E+01  0.6121922E+01
  0.2774535E+02  0.9276383E+01  0.1249545E+02
  0.2202024E+02  0.7677449E+01  0.1694761E+02
  0.2472190E+02  0.9366898E+01  0.5678341E+01
  0.1438050E+02  0.1979152E+02  0.6456539E+01
  0.3832169E+02  0.8058673E+01  0.1295149E+02
  0.2375898E+02  0.1354997E+02  0.8600050E+01
  0.1051252E+02  0.5104749E+01  0.8295003E+00
  0.3973207E+02  0.1370904E+02  0.6687690E+01
  0.3339622E+02  0.4054834E+01  0.1762097E+02
  0.5433320E+02  0.1616855E+02  0.1380136E+02
  0.1457824E+02  0.1523348E+02  0.5566436E+01
  0.1450551E+02  0.4037856E+01  0.1564482E+02
  0.3882668E+02  0.2151277E+02  0.1625326E+01
  0.3248411E+02  0.1654565E+02  0.1480594E+02
  0.3276700E+02  0.1882483E+02  0.3942196E+01
  0.1219533E+02  0.4335366E+01  0.1176226E+02
  0.5193107E+02  0.1844735E+02  0.5812954E+01
  0.3565792E+02  0.3289744E+01  0.1765319E+02
  0.2455221E+02  0.1774699E+02  0.2682617E+01
  0.2221127E+02  0.7025380E+01  0.4664269E+01
  0.3904627E+02  0.8248539E+01  0.7095471E+00
  0.2801842E+02  0.1942538E+02  0.8169522E+01
  0.3031033E+02  0.1841169E+02  0.1768984E+02
  0.2530638E+02  0.3791685E+01  0.1460616E+02
  0.3117328E+02  0.2007538E+02  0.2171591E+02
  0.3860183E+02  0.1265135E+02  0.9652124E+01
  0.2884603E+02  0.9480429E+01  0.4789163E+01
  0.1461856E+02  0.1835578E+02  0.4265627E+01
  0.4133269E+02  0.2676980E+01  0.1609487E+02
  0.1337782E+02  0.1153998E+02  0.1144809E+02
  0.3118181E+02  0.1778359E+02  0.1986327E+02
  0.3271974E+02  0.1893339E+02  0.1844184E+02
  0.2682844E+02  0.9046454E+01  0.1010778E+02
  0.3990843E+02  0.1113614E+02  0.2009961E+02
  0.3610523E+02  0.1076393E+02  0.2124755E+02
  0.2946432E+02  0.9716363E+00  0.4159149E+00
  0.1699394E+02  0.1128718E+02  0.3820205E-01
  0.2322129E+02  0.1287032E+02  0.1802281E+02
  0.2445022E+02  0.2034415E+01  0.2613124E+01
  0.4832080E+02  0.2092886E+01  0.1506233E+02
  0.3440368E+02  0.1971861E+02  0.1123193E+02
  0.2595292E+02  0.1128424E+02  0.1050372E+02
  0.3476493E+02  0.1213805E+02  0.1980260E+02
  0.4128309E+02  0.1360875E+02  0.3338260E+01
  0.3039174E+02  0.4085617E+01  0.6085412E+01
  0.3971631E+02  0.1377531E+02  0.1170763E+02
  0.2944593E+02  0.2092663E+02  0.2042207E+02
  0.3497310E+02  0.1737019E+02  0.1156197E+02
  0.2559231E+02  0.1720054E+02  0.4812179E+01
  0.3578421E+02  0.1112471E+02  0.6198047E+01
  0.4166242E+02  0.1606587E+02  0.1852472E+02
  0.2691833E+02  0.1196890E+01  0.1543219E+02
  0.1786789E+02  0.2171111E+02  0.5558165E+01
  0.3811592E+02  0.3781212E+01  0.1754292E+01
  0.4750818E+02  0.7486783E+01  0.4431651E+01
  0.2708596E+02  0.1638017E+02  0.1901438E+02
  0.2776770E+02  0.1077227E+02  0.1910984E+02
  0.1964422E+02  0.3046721E+01  0.1590968E+02
  0.3447774E+02  0.9105699E+01  0.2999052E+01
  0.4007371E+02  0.1993710E+02  0.9477599E+01
  0.1599176E+02  0.1467559E+02  0.1889267E+01
  0.2148345E+02  0.5433491E+01  0.1318259E+02
  0.1730360E+02  0.1946484E+02  0.5971332E+01
  0.4634035E+02  0.1669755E+02  0.4173874E+01
  0.2733701E+02  0.1453465E+02  0.1548541E+02
  0.3314921E+02  0.1567782E+02  0.1124056E+02
  0.1868292E+02  0.4664651E+01  0.1104755E+02
  0.4188343E+02  0.4003560E+01  0.7834290E+01
  0.3226405E+02  0.2006002E+02  0.1044084E+02
  0.4371123E+02  0.1098779E+02  0.5644236E+01
  0.2914095E+02  0.1642642E+01  0.1499470E+02
  0.1938607E+02  0.1878125E+02  0.6983527E+01
  0.2879748E+02  0.1345639E+02  0.1031954E+01
  0.2597315E+02  0.1467600E+02  0.1746100E+02
  0.3531608E+02  0.1428326E+02  0.7567101E+01
  0.3284834E+02  0.1187563E+02  0.5532462E+01
  0.4439698E+02  0.8309389E+01  0.3553809E+01
  0.2736504E+02  0.1686701E+02  0.2135894E+02
  0.4229841E+02  0.9323010E+01  0.1437093E+02
  0.3030335E+02  0.1346493E+02  0.1411963E+02
  0.3141780E+02  0.2951041E+01  0.1686794E+02
  0.2037141E+02  0.1112300E+02  0.2084629E+02
  0.3826927E+02  0.1740574E+02  0.1781368E+02
  0.5037456E+02  0.1702044E+02  0.2161306E+02
  0.4727803E+02  0.7777021E+01  0.2165494E+02
  0.2996308E+02  0.9948781E+01  0.1065342E+01
  0.4154990E+02  0.1001535E+02  0.1685579E+02
  0.3902891E+02  0.3015742E+01  0.1702890E+02
  0.3536767E+02  0.1293995E+02  0.1628982E+02
  0.2122854E+02  0.1605419E+02  0.2025237E+02
  0.3594910E+02  0.1737386E+02  0.1804208E+02
  0.3252899E+02  0.1412490E+02  0.1475519E+02
  0.4531578E+02  0.9779335E+01  0.6738471E+01
  0.3911274E+02  0.2153698E+02  0.1387730E+02
  0.3315707E+02  0.5275291E+01  0.2031458E+01
  0.2237731E+02  0.8660027E+01  0.6422185E+01
  0.2360174E+02  0.7943362E+01  0.8642753E+01
  0.3078764E+02  0.1834471E+02  0.1145324E+02
  0.3161710E+02  0.8990169E+01  0.1514392E+02
  0.1692232E+02  0.3778477E+01  0.1829865E+02
  0.3801993E+02  0.2127940E+02  0.6820556E+01
  0.1949730E+02  0.1680968E+01  0.2317607E+01
  0.2078773E+02  0.1268174E+02  0.1179712E+02
  0.1787592E+02  0.1033575E+02  0.1014865E+02
  0.2266993E+02  0.1741120E+02  0.1843672E+02
  0.4740141E+02  0.1197304E+02  0.1021354E+01
  0.2609358E+02  0.7548103E+01  0.1882137E+02
  0.1777321E+02  0.1620013E+02  0.1235647E+02
  0.2882280E+02  0.1510844E+02  0.2559700E+01
  0.4199418E+02  0.1535772E+01  0.1802025E+01
  0.3040346E+02  0.1391429E+02  0.3777991E+01
  0.1184967E+02  0.1062524E+02  0.7494419E+01
  0.2827979E+02  0.8314560E+01  0.7460812E+00
  0.3300259E+02  0.7285728E+01  0.2044859E+02
  0.2654994E+02  0.2013037E+02  0.4786187E+01
  0.2178061E+02  0.4027222E+01  0.1672092E+02
  0.3400052E+02  0.1794562E+02  0.2067127E+01
  0.4901391E+02  0.1211042E+02  0.1073230E+02
  0.3122218E+02  0.1737473E+02  0.5301316E+01
  0.1369663E+02  0.3552224E+01  0.3696663E+01
  0.3155995E+02  0.8188120E+01  0.5068969E+01
  0.2536394E+02  0.7088964E+01  0.4901049E+01
  0.2465398E+02  0.1823470E+02  0.1970398E+02
  0.1229654E+02  0.1551039E+02  0.1157138E+02
  0.2933693E+02  0.1998329E+02  0.1347846E+02
  0.2810099E+02  0.6259648E+01  0.1976956E+02
  0.3965159E+02  0.1475674E+02  0.4375074E+01
  0.3404578E+02  0.7112127E+01  0.1426961E+02
  0.4704199E+02  0.2019873E+01  0.1123324E+01
  0.3052957E+02  0.6455772E+01  0.6627516E+01
  0.3651273E+02  0.1730032E+02  0.2140788E+02
  0.1616395E+02  0.1075352E+02  0.1497257E+02
  0.3530167E+02  0.1179152E+01  0.2574953E+01
  0.1561110E+02  0.1904495E+02  0.2038183E+02
  0.4762472E+02  0.1655294E+02  0.1748548E+02
  0.3739065E+02  0.1408471E+02  0.1131437E+02
  0.2675223E+02  0.1865246E+02  0.1886983E+02
  0.1684439E+02  0.5995962E+01  0.1713065E+02
  0.1994320E+02  0.6880804E+01  0.1751254E+02
  0.4521462E+02  0.5210255E+01  0.1279513E+02
  0.4491227E+02  0.2144560E+02  0.5297262E+01
  0.1948206E+02  0.2052413E+02  0.1292241E+02
  0.3577648E+02  0.1326633E+02  0.1275847E+02
  0.3822400E+02  0.7875719E+01  0.1664342E+02
  0.3038892E+02  0.2143171E+02  0.1503131E+02
  0.3638899E+02  0.8880144E+01  0.6878736E+01
  0.2438001E+02  0.1540110E+02  0.1541091E+02
  0.3260000E+02  0.3209132E+00  0.1203966E+02
  0.4921200E+02  0.5094125E+01  0.1131786E+02
  0.2136030E+02  0.8651029E+00  0.3745288E+01
  0.5021498E+02  0.1551638E+02  0.8334798E+01
  0.3985796E+02  0.7815673E+01  0.3160356E+01
  0.4448967E+02  0.5817593E+01  0.8851231E+01
  0.3730226E+02  0.1119992E+02  0.1125569E+02
  0.4870041E+02  0.2028324E+02  0.4150868E+01
  0.4239079E+02  0.3450289E+01  0.1248011E+02
  0.4474095E+02  0.1146655E+02  0.1819088E+02
  0.1771512E+02  0.2079225E+02  0.1947943E+02
  0.2837894E+02  0.1913889E+02  0.3181603E+01
  0.1465913E+02  0.2074449E+02  0.1775221E+02
  0.1864211E+02  0.6933073E+01  0.3565822E+00
  0.2571935E+02  0.1217939E+02  0.1450815E+02
  0.3590618E+02  0.4479594E+01  0.3699216E+01
  0.1956983E+02  0.2141131E+01  0.2032593E+02
  0.4539339E+02  0.1446033E+02  0.6120164E+00
  0.2419709E+02  0.3836491E+01  0.5274817E+01
  0.1867422E+02  0.1798877E+02  0.7277008E+00
  0.5289769E+02  0.5329574E+01  0.4466579E+01
  0.3184846E+02  0.1547306E+02  0.2107679E+02
  0.4004930E+02  0.1926954E+02  0.1348358E+02
  0.3184930E+02  0.6093132E+01  0.1057932E+02
  0.2778713E+02  0.7541205E+01  0.1605889E+02
  0.2076900E+02  0.2020552E+01  0.1052914E+02
  0.2712495E+02  0.3307962E+01  0.8376517E+01
  0.1780116E+02  0.1846458E+02  0.1982839E+02
  0.3715710E+02  0.1851456E+02  0.1514211E+01
  0.2567706E+02  0.3128060E+01  0.2139591E+02
  0.4063354E+02  0.7235000E+01  0.8638242E+01
  0.3587864E+02  0.7434947E+01  0.8979488E+01
  0.2571286E+02  0.1981043E+02  0.2507191E+01
  0.1861195E+02  0.2001202E+02  0.1065553E+02
  0.3809475E+02  0.1524448E+02  0.1591488E+01
  0.3352348E+02  0.1048864E+02  0.2121924E+02
  0.2450170E+02  0.2808220E+01  0.1235167E+02
  0.4298912E+02  0.2167155E+02  0.1733384E+02
  0.3684547E+02  0.9335363E+01  0.2944976E+01
  0.1218793E+02  0.1784823E+02  0.4129712E+01
  0.4363257E+02  0.1962548E+02  0.7626032E+00
  0.4386881E+02  0.9276753E+01  0.1738572E+02
  0.3316745E+02  0.6413741E+01  0.6974855E+01
  0.2722630E+02  0.1298459E+02  0.1867196E+02
  0.5228847E+02  0.1659664E+02  0.7567668E+01
  0.4182787E+02  0.1140680E+02  0.1292861E+02
  0.3640558E+02  0.1313405E+02  0.1837966E+02
  0.3515536E+02  0.5006550E+01  0.1471107E+02
  0.2559221E+02  0.8399151E+01  0.2116762E+02
  0.3073866E+02  0.4710329E+00  0.1886002E+02
  0.4560057E+02  0.1906020E+02  0.1925772E+02
  0.3289841E+02  0.1530900E+02  0.1873512E+02
  0.3313275E+02  0.9723730E+01  0.1361853E+02
  0.3524051E+02  0.1514848E+02  0.1871306E+02
  0.4008483E+02  0.1150754E+02  0.5751845E+01
  0.1827568E+02  0.4915289E+01  0.1522696E+02
  0.2589161E+02  0.1272124E+02  0.8678415E+01
  0.4083472E+02  0.1275467E+02  0.1876491E+02
  0.2338566E+02  0.7693008E+01  0.2020761E+02
  0.3103610E+02  0.2166726E+02  0.1759736E+01
  0.3070071E+02  0.1819742E+02  0.1392398E+02
  0.2298765E+02  0.2000359E+01  0.1541004E+02
  0.3698255E+02  0.1353439E+02  0.1483762E+02
  0.3140226E+02  0.2199351E+01  0.1114210E+02
  0.4633886E+02  0.1290003E+02  0.1746987E+02
  0.3073377E+02  0.1154892E+02  0.1309961E+02
  0.4038457E+02  0.1767229E+01  0.4347937E+01
  0.3417944E+02  0.5473850E+01  0.1940427E+02
  0.3620586E+02  0.1256739E+02  0.1162289E+01
  0.2044707E+02  0.1332306E+02  0.7801958E+01
  0.2165312E+02  0.9884906E+01  0.1602327E+02
  0.2710173E+02  0.1720676E+02  0.1244776E+02
  0.3241341E+02  0.2238105E+01  0.1898853E+02
  0.4118711E+02  0.1653635E+01  0.1119196E+02
  0.4285294E+02  0.7198020E+01  0.7683503E+01
  0.3662907E+02  0.1428308E+01  0.6236475E+01
  0.1356197E+02  0.1389446E+02  0.1611325E+02
  0.3619675E+02  0.2068501E+02  0.1255422E+02
  0.1821389E+02  0.1377052E+02  0.2034203E+01
  0.5148949E+02  0.1159463E+02  0.1896026E+02
  0.2625849E+02  0.1004328E+02  0.1440364E+02
  0.2708585E+02  0.1041800E+02  0.2144199E+02
  0.2893508E+02  0.1298298E+02  0.1036375E+02
  0.1934928E+02  0.5175737E+00  0.1843181E+02
  0.1833555E+02  0.6674934E+01  0.7956404E+01
  0.3550812E+02  0.5500763E+01  0.1049294E+02
  0.3279226E+02  0.4109209E+01  0.1170263E+02
  0.1513368E+02  0.2763658E+01  0.9975693E+00
  0.4389665E+02  0.1841794E+02  0.1123980E+02
  0.1063394E+02  0.1516640E+02  0.5786844E-01
  0.2417385E+02  0.9827710E+01  0.1972772E+02
  0.3978452E+02  0.1488518E+02  0.1955310E+02
  0.2740249E+02  0.1894841E+02  0.1032454E+01
  0.4411212E+02  0.1005142E+01  0.9116169E+01
  0.2499587E+02  0.3916097E+01  0.1698959E+02
  0.2623536E+02  0.2108699E+02  0.1391986E+02
  0.3035304E+02  0.2066003E+02  0.1694230E+02
  0.3491317E+02  0.1323264E+02  0.5489985E+01
  0.3607901E+02  0.2168336E+01  0.1984452E+02
  0.1953168E+02  0.1218254E+02  0.9671102E+01
  0.4423698E+02  0.1714544E+02  0.1977634E+02
  0.5221120E+02  0.5602127E+01  0.1322319E+02
  0.4872325E+02  0.2087818E+02  0.6355136E+01
  0.3142692E+02  0.1611284E+02  0.3356469E+01
  0.5199944E+02  0.9206862E+01  0.1599919E+02
  0.2807544E+02  0.1966364E+02  0.1717528E+02
  0.2972461E+02  0.6296753E+01  0.1556462E+02
  0.1926019E+02  0.3410798E+01  0.5900825E+01
  0.4030509E+02  0.9873028E+01  0.3751492E+01
  0.3665647E+02  0.2032973E+02  0.4944318E+01
  0.3325264E+02  0.9236097E+00  0.1610046E+02
  0.1694448E+02  0.1033792E+02  0.7980720E+01
  0.3322373E+02  0.3298864E+01  0.1528564E+02
  0.3226873E+02  0.1866212E+02  0.1603030E+02
  0.2049656E+02  0.2033981E+02  0.1514416E+02
  0.2458474E+02  0.9129342E+01  0.1269215E+02
  0.2060215E+02  0.1012536E+01  0.1502185E+02
  0.2996850E+02  0.1267833E+02  0.5803576E+01
  0.3867841E+02  0.1898111E+01  0.3589430E+00
  0.2363026E+02  0.8334269E+00  0.1350905E+02
  0.4163010E+02  0.7169406E+01  0.5514410E+01
  0.3176429E+02  0.1399191E+02  0.1708301E+02
  0.3340859E+02  0.1873641E+02  0.2160557E+02
  0.5496550E+02  0.2034728E+02  0.2066707E+02
  0.3605273E+02  0.1046525E+02  0.1591122E+02
  0.1058869E+02  0.1047540E+02  0.1264985E+02
  0.2896610E+02  0.2541474E+01  0.1010135E+02
  0.4642182E+02  0.5729639E+01  0.2091096E+02
  0.4479771E+02  0.8607440E+01  0.1425761E+02
  0.1812950E+02  0.1368978E+02  0.4389170E+01
  0.3616928E+02  0.1943643E+02  0.1990492E+02
  0.3726124E+02  0.5220123E+01  0.5855987E+01
  0.3765066E+02  0.1529188E+02  0.1353335E+02
  0.2171505E+02  0.2159382E+02  0.1728679E+01
  0.4299297E+02  0.2050402E+02  0.1203753E+02
  0.5298372E+02  0.2124829E+02  0.1449384E+02
  0.3447164E+02  0.1066300E+01  0.1804733E+02
  0.3024208E+02  0.2069060E+02  0.6960790E+01
  0.3852508E+02  0.1094699E+02  0.3887059E+00
  0.2509082E+02  0.2521541E+01  0.1898312E+02
  0.1221867E+02  0.4844757E+01  0.1766466E+02
  0.3097041E+02  0.1027024E+01  0.9224794E+01
  0.3072776E+02  0.1070135E+02  0.5749448E+01
  0.2465415E+02  0.1345393E+00  0.1552608E+02
  0.2432358E+02  0.2117211E+02  0.1928048E+02
  0.1523691E+02  0.6349710E+01  0.1154512E+02
  0.3474347E+02  0.7176817E+01  0.1518859E+01
  0.4570927E+02  0.5893007E+01  0.1617171E+02
  0.4650301E+02  0.4408259E+01  0.1446901E+01
  0.4227744E+02  0.1562031E+02  0.2278738E+01
  0.4860932E+02  0.4970031E+01  0.5834496E+01
  0.2061994E+02  0.1029421E+02  0.7007572E+01
  0.3587001E+02  0.1735783E+02  0.3823770E+01
  0.3367817E+02  0.2826143E+01  0.1962607E+01
  0.4512246E+02  0.1547211E+01  0.7014759E+01
  0.4086824E+02  0.1785872E+02  0.2146959E+02
  0.1531432E+02  0.1527516E+01  0.1151236E+02
  0.2210514E+02  0.5077117E+01  0.2154063E+02
  0.2254195E+02  0.1671087E+02  0.1538760E+02
  0.1284587E+02  0.4199609E+01  0.8276106E+01
  0.1002299E+02  0.1032356E+02  0.1932405E+02
  0.2336361E+02  0.7499077E-01  0.2152455E+02
  0.2666045E+02  0.5692705E+01  0.1150775E+02
  0.2948066E+02  0.1511304E+02  0.1672652E+02
  0.4437129E+02  0.3766783E+01  0.6090660E+01
  0.2789547E+02  0.2214462E+01  0.5450441E+01
  0.3193528E+02  0.4831042E+01  0.4183097E+01
  0.2990178E+02  0.1058290E+02  0.1512217E+02
  0.3142737E+02  0.2748885E+01  0.3101627E+01
  0.2700697E+02  0.7357441E+01  0.6995519E+01
  0.3015398E+02  0.3045680E+01  0.2126386E+02
  0.4262822E+02  0.1603019E+02  0.1499410E+02
  0.3498454E+02  0.4218470E+01  0.1247259E+02
  0.3208241E+02  0.1959356E+02  0.8010108E+01
  0.4525399E+02  0.1674703E+02  0.6689270E+01
  0.4940924E+02  0.2800656E+01  0.5513389E+01
  0.3504407E+02  0.8469843E+01  0.2114225E+02
  0.2717760E+02  0.7161724E+01  0.1318960E+02
  0.3969267E+02  0.4868011E+01  0.8813394E+01
  0.1274735E+02  0.8985148E+01  0.2160537E+02
  0.3700582E+02  0.2735435E+01  0.1245783E+02
  0.1590967E+02  0.1104578E+02  0.1962119E+02
  0.2166141E+02  0.1659591E+02  0.8587897E+01
  0.2295666E+02  0.2293714E+01  0.1050972E+01
  0.1405877E+02  0.1333120E+02  0.2070101E+02
  0.3542600E+02  0.7348190E+01  0.1888963E+02
  0.1707784E+02  0.1422664E+02  0.1461645E+02
  0.2402420E+02  0.7074456E+01  0.2836190E+01
  0.3371492E+02  0.1215734E+02  0.1429022E+01
  0.3184902E+02  0.1215526E+02  0.9425348E+01
  0.4132235E+02  0.9381809E+01  0.2152717E+00
  0.1415667E+02  0.5687742E+00  0.9466326E+01
  0.3914590E+02  0.6524103E+01  0.1472300E+02
  0.1182285E+02  0.1541037E+02  0.1375109E+02
  0.1840953E+02  0.2167798E+02  0.3329109E+01
  0.4159316E+02  0.1071798E+01  0.6588996E+01
  0.2487702E+02  0.6409627E+01  0.1455230E+02
  0.1946567E+02  0.1875696E+02  0.3510587E+01
  0.4777276E+02  0.2330771E+01  0.1070097E+02
  0.9570608E+01  0.4538847E+01  0.9265872E+01
  0.3362856E+02  0.1979823E+02  0.1368969E+02
  0.2846322E+02  0.2121389E+02  0.1177714E+02
  0.4282806E+02  0.2072345E+02  0.6423393E+01
  0.3529958E+02  0.1685293E+02  0.9211373E+01
  0.3476971E+02  0.1888847E+02  0.1658407E+02
  0.4877728E+02  0.1603944E+02  0.6574778E+01
  0.5111004E+02  0.3497994E+01  0.1355196E+02
  0.3051510E+02  0.1602916E+02  0.1166436E+01
  0.1354095E+02  0.6086124E+01  0.1610576E+02
  0.3908281E+02  0.1966912E+02  0.1523673E+00
  0.2200211E+02  0.1650201E+02  0.1294873E+02
  0.2024505E+02  0.2093458E+02  0.4889859E+01
  0.2962204E+02  0.3510879E+01  0.1344907E+02
  0.3636803E+02  0.9228104E+01  0.1227825E+02
  0.4226147E+02  0.1613084E+02  0.2081006E+02
  0.3805829E+02  0.9822168E+01  0.1496576E+02
  0.1193245E+02  0.1496069E+02  0.2234099E+01
  0.3936227E+02  0.1726818E+01  0.6597721E+01
  0.2429660E+02  0.1180928E+02  0.1426949E+01
  0.1132830E+02  0.8379182E+01  0.1990196E+02
  0.2772440E+02  0.1697191E+02  0.3733724E+01
  0.3114538E+02  0.1153575E+02  0.1684495E+02
  0.3017618E+02  0.1356632E+02  0.2099489E+02
  0.2492957E+02  0.1158181E+02  0.1658769E+02
  0.3116238E+02  0.1130803E+02  0.2098062E+02
  0.2260395E+02  0.7458717E+01  0.8526466E+00
  0.4880627E+02  0.3200785E+01  0.1260342E+02
  0.1545616E+02  0.1564023E+02  0.1437689E+02
  0.1290415E+02  0.9196623E+01  0.1084070E+02
  0.3682134E+02  0.3411905E+00  0.2103185E+02
  0.2856779E+02  0.1624746E-02  0.4786498E+01
  0.4316744E+02  0.1337272E+02  0.1833867E+02
  0.3881581E+02  0.1959059E+02  0.1694952E+02
  0.2876267E+02  0.1452112E+01  0.1962017E+02
  0.1732778E+02  0.1596262E+02  0.3822318E+00
  0.3463887E+02  0.1537617E+02  0.4445931E+01
  0.4727170E+02  0.1779929E+02  0.7441730E+01
  0.4534239E+02  0.1924046E+02  0.9490475E+01
  0.4655307E+02  0.1081875E+02  0.2942766E+01
  0.3899867E+02  0.7123339E+01  0.1070317E+02
  0.5207465E+02  0.3673550E-01  0.2036228E+02
  0.3073519E+02  0.1601199E+02  0.1088696E+02
  0.4938977E+02  0.2143237E+02  0.1225638E+02
  0.4518690E+02  0.1816365E+02  0.1343573E+02
  0.5217264E+02  0.1019475E+01  0.1593210E+02
  0.5171513E+02  0.6077993E+01  0.6145873E+01
  0.4873062E+02  0.1852820E+02  0.1855458E+02
  0.4011491E+02  0.1740509E+02  0.1932297E+02
  0.3964488E+02  0.7151391E+01  0.1853895E+02
  0.4547281E+02  0.1839572E+02  0.1554380E+01
  0.3536044E+02  0.1438627E+02  0.2080626E+02
  0.4270984E+02  0.2807215E+01  0.1824269E+02
  0.4861544E+02  0.1098369E+02  0.8543448E+01
  0.5416621E+02  0.1701345E+02  0.2466033E+01
  0.5394895E+02  0.1463406E+02  0.1567520E+02
  0.4739861E+02  0.2153026E+02  0.2351946E+01
  0.5162717E+02  0.9468585E+00  0.1842825E+02
  0.5667808E+02  0.1146564E+01  0.2121575E+02
  0.5671533E+02  0.1976351E+02  0.2320054E+01
  0.5285633E+02  0.1969242E+02  0.5953083E-01
  0.5552252E+02  0.2137505E+02  0.9725654E+00
  0.5812380E+02  0.2320553E+01  0.8700067E+00
  0.5832490E+02  0.2089465E+02  0.3428039E+01
  0.5432803E+02  0.3602633E+01  0.5272961E+01
  0.5970992E+02  0.1974612E+02  0.2097232E+02
  0.6214472E+02  0.1100558E+01  0.2148036E+02
  0.6240901E+02  0.1968776E+02  0.2093114E+01
  0.5932471E+02  0.9223316E+00  0.2278861E+01
  0.6083379E+02  0.2132959E+02  0.9323568E+00
  0.6382674E+02  0.2154771E+01  0.1033945E+01
  0.6372245E+02  0.2109726E+02  0.3558019E+01
  0.6101453E+02  0.2132708E+01  0.3753144E+01
  0.4578858E+02  0.8579117E+01  0.1625034E+02
  0.3313445E+02  0.8904899E+01  0.7308118E+01
  0.4171624E+02  0.9678472E+01  0.5602445E+01
  0.4151273E+02  0.6334443E+01  0.2001072E+02
  0.5103804E+02  0.1846079E+01  0.2163990E+02
  0.4930699E+02  0.1568052E+02  0.1706536E+01
  0.5103102E+02  0.4765217E+01  0.8034839E+01
  0.3568578E+02  0.2090531E+02  0.1793895E+02
  0.4425333E+02  0.1300963E+01  0.1910126E+02
  0.4930719E+02  0.7735170E+01  0.8494871E+01
  0.4841807E+02  0.1515231E+02  0.1209894E+02
  0.4099238E+02  0.1781124E+02  0.2146481E+01
  0.4840974E+02  0.9453904E+01  0.1337535E+02
  0.5430801E+02  0.1143962E+02  0.2057024E+01
  0.4953863E+02  0.1642925E+02  0.1571072E+02
  0.5093570E+02  0.2040598E+02  0.1338534E+02
  0.5472016E+02  0.3770966E+01  0.2171567E+02
  0.5680113E+02  0.5903854E+01  0.2161211E+02
  0.5727108E+02  0.3070803E+01  0.2855480E+01
  0.5120132E+02  0.8166866E+01  0.6600570E+00
  0.5568815E+02  0.5078385E+01  0.1789472E+01
  0.5823064E+02  0.7341752E+01  0.9243876E+00
  0.5841373E+02  0.4907933E+01  0.3921476E+01
  0.5528322E+02  0.7617295E+01  0.4125143E+01
  0.5972140E+02  0.3639325E+01  0.2135602E+02
  0.6225751E+02  0.6154215E+01  0.2145796E+02
  0.6241220E+02  0.3531233E+01  0.2485881E+01
  0.5961960E+02  0.6231257E+01  0.2543933E+01
  0.6088594E+02  0.4758376E+01  0.1221900E+01
  0.6391224E+02  0.7414652E+01  0.8958783E+00
  0.6418925E+02  0.4942875E+01  0.3695861E+01
  0.6137423E+02  0.7480706E+01  0.3819666E+01
  0.5287372E+02  0.3077772E+01  0.1088077E+01
  0.4405655E+02  0.1870686E+02  0.7461582E+01
  0.4699711E+02  0.1067583E+02  0.1611289E+02
  0.4298545E+02  0.5136620E+01  0.6841937E+00
  0.4453548E+02  0.1419730E+02  0.1286265E+02
  0.4721748E+02  0.1792486E+02  0.1024249E+02
  0.4303576E+02  0.7439935E+01  0.1259249E+02
  0.3401011E+02  0.1496215E+02  0.1640367E+02
  0.5093498E+02  0.6958502E+01  0.1895944E+02
  0.4630824E+02  0.1250083E+02  0.1238043E+02
  0.4838356E+02  0.1054325E+02  0.1804277E+02
  0.3133502E+02  0.8398408E+01  0.1908994E+02
  0.4669466E+02  0.8504902E+01  0.2284736E+01
  0.4801507E+02  0.1570623E+02  0.1984503E+02
  0.5174617E+02  0.1852731E+02  0.1255843E+02
  0.5083711E+02  0.1275616E+02  0.4051114E+00
  0.5500450E+02  0.8839938E+01  0.2099862E+02
  0.5720439E+02  0.1172130E+02  0.2148956E+02
  0.5697736E+02  0.8443944E+01  0.2686000E+01
  0.4995890E+02  0.1910063E+02  0.2597657E+00
  0.5601106E+02  0.1003655E+02  0.1081594E+01
  0.5845678E+02  0.1291306E+02  0.1126702E+01
  0.5860283E+02  0.9957266E+01  0.3676985E+01
  0.5571310E+02  0.1277904E+02  0.3711447E+01
  0.5927024E+02  0.9220539E+01  0.2133533E+02
  0.6228981E+02  0.1142485E+02  0.2142423E+02
  0.6249645E+02  0.8826450E+01  0.2508057E+01
  0.5981118E+02  0.1155490E+02  0.2408822E+01
  0.6081836E+02  0.1014846E+02  0.1105492E+01
  0.6372238E+02  0.1269422E+02  0.1259289E+01
  0.6383151E+02  0.1012955E+02  0.4006556E+01
  0.6105583E+02  0.1277384E+02  0.3847579E+01
  0.5105120E+02  0.1784175E+02  0.1938370E+02
  0.4077638E+02  0.1032834E+01  0.2155711E+02
  0.3413911E+02  0.1623558E+02  0.6902430E+01
  0.3776823E+02  0.6236114E+01  0.6953358E-01
  0.3959742E+02  0.4641413E+01  0.1104851E+02
  0.4104820E+02  0.1328157E+02  0.8801247E+00
  0.4421753E+02  0.1056687E+02  0.3312711E+01
  0.4383734E+02  0.6273853E+01  0.1442098E+02
  0.5052844E+02  0.9623789E+01  0.2320504E+01
  0.4415639E+02  0.3564108E+00  0.1332482E+02
  0.3978730E+02  0.4657419E+01  0.4018754E+00
  0.4765556E+02  0.3669152E+01  0.7859531E+01
  0.5015076E+02  0.8153571E+01  0.6398813E+01
  0.5390184E+02  0.6447587E+01  0.2687867E+01
  0.3487913E+02  0.7372286E+01  0.1204677E+02
  0.4033677E+02  0.1802073E+02  0.7984555E+01
  0.5441258E+02  0.1426187E+02  0.2147168E+02
  0.5687044E+02  0.1710580E+02  0.2153337E+02
  0.5703205E+02  0.1425433E+02  0.2365287E+01
  0.5453529E+02  0.1711088E+02  0.1843720E+02
  0.5575322E+02  0.1571774E+02  0.1203166E+01
  0.5836548E+02  0.1860530E+02  0.8299676E+00
  0.5836845E+02  0.1574702E+02  0.3530393E+01
  0.5285461E+02  0.1260155E+02  0.4922453E+01
  0.5955722E+02  0.1415740E+02  0.2109131E+02
  0.6256140E+02  0.1666012E+02  0.2134810E+02
  0.6232118E+02  0.1417596E+02  0.2363500E+01
  0.5966252E+02  0.1716790E+02  0.2248613E+01
  0.6088361E+02  0.1551393E+02  0.8687802E+00
  0.6377878E+02  0.1845891E+02  0.6844019E+00
  0.6361095E+02  0.1564280E+02  0.3470528E+01
  0.6115271E+02  0.1841273E+02  0.3595350E+01
  0.5141316E+02  0.4651472E+01  0.1975747E+02
  0.4979167E+02  0.4173164E+00  0.1566939E+02
  0.5195313E+02  0.1295405E+02  0.1381626E+02
  0.5112950E+02  0.2011552E+02  0.6934876E+01
  0.4653253E+02  0.5138000E+01  0.4518205E+01
  0.4471488E+02  0.1624869E+02  0.2573163E+01
  0.3823226E+02  0.2054066E+02  0.1971210E+02
  0.5082302E+02  0.8234341E+01  0.1023147E+02
  0.4736854E+02  0.1826992E+02  0.1269178E+02
  0.4204508E+02  0.2144279E+02  0.1023491E+02
  0.4586065E+02  0.2143085E+02  0.1046910E+02
  0.4469685E+02  0.5757963E+01  0.1936697E+02
  0.4232011E+02  0.1992950E+02  0.1425957E+02
  0.5245810E+02  0.1315234E+02  0.1730648E+02
  0.5575550E+02  0.1368141E+02  0.9014447E+01
  0.5436503E+02  0.3263799E+01  0.1073825E+02
  0.5267540E+02  0.1736056E+02  0.5013314E+00
  0.5663709E+02  0.6690778E+00  0.4748592E+01
  0.5719252E+02  0.1947657E+02  0.7854962E+01
  0.4652216E+02  0.1802316E+02  0.2117968E+02
  0.4834027E+02  0.1771034E+02  0.2939592E+01
  0.5820054E+02  0.1906604E+01  0.6371049E+01
  0.5863514E+02  0.2112871E+02  0.9064804E+01
  0.5520457E+02  0.1869634E+02  0.3779774E+01
  0.5959922E+02  0.1956491E+02  0.4836474E+01
  0.6238576E+02  0.6034241E+00  0.5010898E+01
  0.6236109E+02  0.1978634E+02  0.7548772E+01
  0.5972884E+02  0.5879341E+00  0.7479422E+01
  0.6093980E+02  0.2084719E+02  0.6147012E+01
  0.6403121E+02  0.1701219E+01  0.6330072E+01
  0.6383770E+02  0.2094189E+02  0.9081870E+01
  0.6122308E+02  0.1898649E+01  0.9103710E+01
  0.4330425E+02  0.2525271E+00  0.1004188E+00
  0.5040044E+02  0.2103586E+02  0.2595726E+01
  0.5435200E+02  0.1641796E+02  0.8257547E+01
  0.4041920E+02  0.2059400E+02  0.7098138E+01
  0.4088002E+02  0.2149396E+02  0.2976225E+01
  0.3500820E+02  0.5734210E+00  0.4867510E+01
  0.3346662E+02  0.1402705E+02  0.1244420E+02
  0.4849508E+02  0.6192227E+01  0.1629610E+01
  0.4080069E+02  0.1099991E+02  0.1616347E+01
  0.5571208E+02  0.2101775E+02  0.6547218E+01
  0.5423272E+02  0.4179678E+00  0.8099795E+01
  0.4626870E+02  0.1015089E+02  0.1964001E+02
  0.4449367E+02  0.4126189E+01  0.1751586E+02
  0.4607182E+02  0.5090001E+01  0.6857481E+01
  0.5274371E+02  0.4725948E+01  0.9506056E+01
  0.4291455E+02  0.4171331E+01  0.2028661E+02
  0.5221027E+02  0.1984767E+02  0.1053026E+02
  0.5687075E+02  0.6324862E+01  0.5416592E+01
  0.5712140E+02  0.3032776E+01  0.7799493E+01
  0.5396183E+02  0.9330689E+01  0.5225143E+01
  0.5579271E+02  0.4616543E+01  0.6678327E+01
  0.5854030E+02  0.7599987E+01  0.6564741E+01
  0.5843637E+02  0.4725353E+01  0.8964653E+01
  0.5576332E+02  0.7616460E+01  0.9171224E+01
  0.5970363E+02  0.3404898E+01  0.5257267E+01
  0.6265783E+02  0.6114087E+01  0.5181962E+01
  0.6279929E+02  0.3155857E+01  0.7796123E+01
  0.5993167E+02  0.5856131E+01  0.7668451E+01
  0.6145418E+02  0.4655089E+01  0.6544989E+01
  0.6402594E+02  0.7334100E+01  0.6825606E+01
  0.6377575E+02  0.4819508E+01  0.9178026E+01
  0.6103109E+02  0.7532882E+01  0.9134640E+01
  0.2599821E+02  0.2033282E+00  0.1167058E+02
  0.4701698E+02  0.6934286E+01  0.1817995E+02
  0.4504975E+02  0.8200283E+01  0.1933972E+02
  0.5077546E+02  0.1025343E+02  0.2150715E+02
  0.5160582E+02  0.5950084E+01  0.1104279E+02
  0.4867840E+02  0.1272546E+02  0.1302005E+02
  0.4717571E+02  0.1583199E+02  0.4910328E+00
  0.5408647E+02  0.1330633E+01  0.1959865E+01
  0.4969271E+02  0.6727526E+01  0.4702281E+01
  0.5340597E+02  0.7543020E+01  0.4789092E+00
  0.4554299E+02  0.1078979E+02  0.1059829E+02
  0.5329926E+02  0.2084685E+01  0.6739961E+01
  0.4604766E+02  0.7522137E+01  0.9804142E+01
  0.4310096E+02  0.1604895E+02  0.4576704E+01
  0.4146626E+02  0.8199501E+01  0.1065783E+02
  0.4611831E+02  0.1150727E+02  0.8330789E+01
  0.4789871E+02  0.1301074E+01  0.1923939E+02
  0.5734498E+02  0.1159413E+02  0.4982729E+01
  0.5715037E+02  0.8963041E+01  0.7829391E+01
  0.4823061E+02  0.2999258E+01  0.1735413E+02
  0.5586667E+02  0.1040396E+02  0.6459695E+01
  0.5854274E+02  0.1295504E+02  0.6347419E+01
  0.5848653E+02  0.1030797E+02  0.9014383E+01
  0.5598116E+02  0.1586578E+02  0.6633736E+01
  0.6003524E+02  0.8737393E+01  0.5202987E+01
  0.6235222E+02  0.1168703E+02  0.5166020E+01
  0.6239604E+02  0.8853788E+01  0.7888674E+01
  0.5981381E+02  0.1161152E+02  0.7704344E+01
  0.6105147E+02  0.1021261E+02  0.6477305E+01
  0.6360535E+02  0.1298292E+02  0.6485842E+01
  0.6382388E+02  0.1049188E+02  0.9061793E+01
  0.6087912E+02  0.1310500E+02  0.9244183E+01
  0.4240949E+02  0.1771728E+02  0.1677725E+02
  0.4324299E+02  0.1862843E+02  0.4739713E+01
  0.4336342E+02  0.1955984E+02  0.1821235E+02
  0.3787271E+02  0.1959640E+02  0.1472085E+02
  0.3098336E+02  0.8475974E+01  0.9581108E+01
  0.4499098E+02  0.1595163E+02  0.1445270E+02
  0.3105511E+02  0.4322273E+01  0.1268057E+01
  0.4179556E+02  0.1817977E+01  0.8861314E+01
  0.3338850E+02  0.5025865E+01  0.9014695E+01
  0.5085239E+02  0.1143937E+02  0.8162466E+01
  0.5305763E+02  0.9903575E+01  0.1988127E+02
  0.3885530E+02  0.1213688E+02  0.1490381E+02
  0.5037213E+02  0.1925951E+02  0.9173256E+01
  0.4394539E+02  0.1305333E+01  0.3581777E+01
  0.5396918E+02  0.1493299E+02  0.1025577E+02
  0.3467773E+02  0.1889316E+02  0.5414039E+01
  0.5321233E+02  0.7828439E+01  0.6776248E+01
  0.5686940E+02  0.1730468E+02  0.4741663E+01
  0.5740339E+02  0.1465509E+02  0.7816544E+01
  0.5471391E+02  0.1392370E+02  0.5588550E+01
  0.4911361E+02  0.5204012E+01  0.8946013E+01
  0.5831770E+02  0.1822837E+02  0.6108034E+01
  0.5833051E+02  0.1576848E+02  0.9507573E+01
  0.5556947E+02  0.1828851E+02  0.9050527E+01
  0.5988107E+02  0.1436194E+02  0.4930756E+01
  0.6235709E+02  0.1711794E+02  0.5033519E+01
  0.6231429E+02  0.1446301E+02  0.7857681E+01
  0.5978701E+02  0.1717018E+02  0.7757778E+01
  0.6109315E+02  0.1591672E+02  0.6348340E+01
  0.6385343E+02  0.1835827E+02  0.6394921E+01
  0.6385346E+02  0.1561394E+02  0.9202129E+01
  0.6101696E+02  0.1841177E+02  0.9021972E+01
  0.4069775E+02  0.9346051E+01  0.1875553E+02
  0.3555396E+02  0.1860709E+02  0.1420645E+02
  0.4603862E+02  0.5949249E+00  0.1772050E+02
  0.4186495E+02  0.1477907E+02  0.6921051E+01
  0.4838553E+02  0.1035961E+02  0.2109999E+02
  0.5084652E+02  0.1575520E+02  0.1790169E+02
  0.4362165E+02  0.9285580E+01  0.8181101E+01
  0.5148734E+02  0.5797989E+00  0.1070545E+02
  0.4404654E+02  0.8565636E+01  0.1060128E+02
  0.4388457E+02  0.1379947E+02  0.1027156E+02
  0.4780876E+02  0.1941598E+02  0.1269473E+01
  0.4734768E+02  0.1417597E+02  0.6329191E+01
  0.4919692E+02  0.1859213E-01  0.1791868E+02
  0.4976270E+02  0.1364648E+02  0.3481734E+01
  0.5563773E+02  0.1906686E+01  0.9190898E+01
  0.4319639E+02  0.4494016E+01  0.9897074E+01
  0.5444322E+02  0.2013203E+02  0.9694037E+01
  0.5708420E+02  0.5433489E+00  0.1047944E+02
  0.5687589E+02  0.2020276E+02  0.1349165E+02
  0.5389248E+02  0.1126034E+02  0.1405405E+02
  0.5553352E+02  0.2090462E+02  0.1143628E+02
  0.5857016E+02  0.1954048E+01  0.1194138E+02
  0.5838605E+02  0.2139945E+02  0.1503101E+02
  0.5546952E+02  0.2177133E+01  0.1464635E+02
  0.5981627E+02  0.1977576E+02  0.1077774E+02
  0.6254797E+02  0.7624932E+00  0.1032075E+02
  0.6239153E+02  0.1965748E+02  0.1311920E+02
  0.5976425E+02  0.8427852E+00  0.1331050E+02
  0.6137619E+02  0.2126686E+02  0.1183368E+02
  0.6389792E+02  0.2120902E+01  0.1172081E+02
  0.6362587E+02  0.2088755E+02  0.1452047E+02
  0.6090785E+02  0.2410509E+01  0.1463146E+02
  0.3781444E+02  0.1430127E+02  0.7973385E+01
  0.4663431E+02  0.1556742E+02  0.1035259E+02
  0.4297210E+02  0.9086689E+01  0.1792922E+01
  0.4276604E+02  0.1214576E+02  0.1636091E+02
  0.5044433E+02  0.2135323E+01  0.3506953E+01
  0.5137692E+02  0.7396728E+01  0.1465084E+02
  0.3442798E+02  0.1617164E+02  0.5644175E+00
  0.3770667E+02  0.6461760E+01  0.1935024E+02
  0.4751807E+02  0.1509028E+01  0.6216968E+01
  0.5285831E+02  0.8660739E+01  0.9177523E+01
  0.5262061E+02  0.2055196E+01  0.1208912E+02
  0.3756535E+02  0.8860228E+01  0.9866707E+01
  0.5437671E+02  0.5927184E+01  0.8065773E+01
  0.5189080E+02  0.1423316E+02  0.1937207E+02
  0.5094769E+02  0.5875264E+01  0.1665569E+02
  0.4704305E+02  0.2081730E+02  0.1258660E+02
  0.4920965E+02  0.1047447E+02  0.6044543E+01
  0.5698517E+02  0.6066460E+01  0.1027751E+02
  0.5730582E+02  0.3256051E+01  0.1327957E+02
  0.5474244E+02  0.9243045E+01  0.1069170E+02
  0.5584591E+02  0.4575651E+01  0.1183400E+02
  0.5805306E+02  0.7657795E+01  0.1171171E+02
  0.5810450E+02  0.5198326E+01  0.1443892E+02
  0.5468572E+02  0.5476157E+01  0.1362058E+02
  0.5965516E+02  0.3243029E+01  0.1035333E+02
  0.6235811E+02  0.6100020E+01  0.1058664E+02
  0.6240056E+02  0.3371664E+01  0.1316103E+02
  0.5958847E+02  0.6034847E+01  0.1303688E+02
  0.6091629E+02  0.4691073E+01  0.1188702E+02
  0.6381196E+02  0.7623042E+01  0.1192149E+02
  0.6374992E+02  0.4782583E+01  0.1477116E+02
  0.6108045E+02  0.7278612E+01  0.1447670E+02
  0.4435032E+02  0.2610160E+01  0.1075242E+02
  0.3946044E+02  0.1159093E+02  0.1278805E+02
  0.4939472E+02  0.1169491E+02  0.2001232E+01
  0.4188427E+02  0.1690854E+02  0.1097670E+02
  0.5429655E+02  0.9415963E+01  0.1551190E+02
  0.3260393E+02  0.8055573E+01  0.1145549E+02
  0.3666062E+02  0.2126945E+02  0.8762802E+01
  0.3661901E+02  0.2082394E+02  0.2569468E+01
  0.4983821E+02  0.1718886E+02  0.1280068E+02
  0.3016737E+02  0.1575821E+02  0.8653515E+01
  0.4517940E+02  0.1288041E+02  0.2328791E+01
  0.4004937E+02  0.1107921E+02  0.8413221E+01
  0.4412697E+02  0.1909894E+02  0.1550649E+02
  0.5332491E+02  0.1670474E+02  0.1163621E+02
  0.5548633E+02  0.7748288E+01  0.1446149E+02
  0.5105986E+02  0.1683757E+02  0.1002398E+02
  0.5317221E+02  0.1102869E+02  0.8908633E+01
  0.5698722E+02  0.1192113E+02  0.1017455E+02
  0.5637222E+02  0.9050241E+01  0.1251632E+02
  0.5079928E+02  0.1304806E+02  0.1576168E+02
  0.4913945E+02  0.1442318E+02  0.1467778E+02
  0.5819326E+02  0.1275552E+02  0.1196430E+02
  0.5773110E+02  0.1106561E+02  0.1367076E+02
  0.5529946E+02  0.1120828E+02  0.1197929E+02
  0.5964035E+02  0.8950914E+01  0.1042660E+02
  0.6239718E+02  0.1177897E+02  0.1049914E+02
  0.6253018E+02  0.8781051E+01  0.1337238E+02
  0.6009141E+02  0.1055652E+02  0.1369996E+02
  0.6110292E+02  0.1017174E+02  0.1188982E+02
  0.6364104E+02  0.1308551E+02  0.1219185E+02
  0.6360999E+02  0.1016561E+02  0.1490438E+02
  0.6089291E+02  0.1247868E+02  0.1471135E+02
  0.2763712E+02  0.4217336E+01  0.2059631E+02
  0.4615265E+02  0.3976822E+01  0.9773802E+01
  0.3503387E+02  0.8469253E+00  0.8013615E+01
  0.4211473E+02  0.3157161E+01  0.3480362E+01
  0.3929894E+02  0.1846883E+02  0.1137522E+02
  0.4459578E+02  0.3634329E+01  0.3739933E+01
  0.4220857E+02  0.6941195E+01  0.3237918E+01
  0.4895762E+02  0.7274010E+01  0.1711786E+02
  0.4374003E+02  0.1371314E+02  0.4303919E+01
  0.5270370E+02  0.1060323E+02  0.3581196E+01
  0.4707680E+02  0.2015614E+02  0.1766430E+02
  0.4763329E+02  0.4634216E+01  0.1911394E+02
  0.4947432E+02  0.9904177E+01  0.1147378E+02
  0.4099513E+02  0.1664509E+02  0.5554296E+01
  0.5217428E+02  0.3224905E+01  0.1558119E+02
  0.4136979E+02  0.1723601E+02  0.1325524E+02
  0.5166508E+02  0.1159021E+02  0.1063393E+02
  0.5705961E+02  0.1735512E+02  0.1088745E+02
  0.5696684E+02  0.1432427E+02  0.1317134E+02
  0.4900914E+02  0.7431136E+01  0.1459436E+02
  0.5565502E+02  0.1588947E+02  0.1181955E+02
  0.5833838E+02  0.1885541E+02  0.1232714E+02
  0.5838515E+02  0.1550382E+02  0.1456468E+02
  0.5551042E+02  0.1835370E+02  0.1437212E+02
  0.5985105E+02  0.1428202E+02  0.1081713E+02
  0.6257576E+02  0.1717890E+02  0.1051380E+02
  0.6209131E+02  0.1397523E+02  0.1358300E+02
  0.5974265E+02  0.1699921E+02  0.1332908E+02
  0.6134337E+02  0.1585720E+02  0.1188798E+02
  0.6406214E+02  0.1863121E+02  0.1175383E+02
  0.6361522E+02  0.1567477E+02  0.1441091E+02
  0.6090614E+02  0.1849839E+02  0.1462021E+02
  0.4785623E+02  0.8965885E+01  0.9937929E+01
  0.4491022E+02  0.1556216E+02  0.8629601E+01
  0.4619657E+02  0.1399836E+02  0.1985622E+02
  0.4464718E+02  0.9526471E+00  0.1574635E+02
  0.4614798E+02  0.9915935E+01  0.1272564E+02
  0.4909474E+02  0.2989179E+01  0.2063733E+02
  0.5541154E+02  0.2269602E+01  0.3866907E+01
  0.4588678E+02  0.1519309E+02  0.1645040E+02
  0.4871812E+02  0.1432698E+02  0.9901872E+01
  0.4490121E+02  0.7864895E+00  0.1447251E+01
  0.4592259E+02  0.1404443E+01  0.1224080E+02
  0.5239761E+02  0.1488654E+02  0.5550577E+01
  0.5249186E+02  0.2171215E+02  0.5779295E+01
  0.5470353E+02  0.9304153E+00  0.1304568E+02
  0.5411797E+02  0.1979572E+02  0.5579322E+01
  0.4143682E+02  0.4483546E+01  0.1459974E+02
  0.5426637E+02  0.1971420E+02  0.1572066E+02
  0.5664730E+02  0.1013769E+01  0.1626732E+02
  0.5701416E+02  0.2007943E+02  0.1864751E+02
  0.5423194E+02  0.3383272E+00  0.1897399E+02
  0.5549921E+02  0.2115896E+02  0.1735417E+02
  0.5824726E+02  0.2535103E+01  0.1738283E+02
  0.5823674E+02  0.2145208E+02  0.2006247E+02
  0.5527696E+02  0.2457467E+01  0.1969982E+02
  0.5956154E+02  0.1979975E+02  0.1614671E+02
  0.6243482E+02  0.8249721E+00  0.1584160E+02
  0.6211598E+02  0.1981192E+02  0.1888949E+02
  0.5962818E+02  0.1019827E+01  0.1854140E+02
  0.6110598E+02  0.2135913E+02  0.1725307E+02
  0.6388532E+02  0.1965043E+01  0.1745748E+02
  0.6369270E+02  0.2097852E+02  0.2030883E+02
  0.6099258E+02  0.2415152E+01  0.1979465E+02
  0.2179146E+02  0.1098902E+02  0.1802529E+02
  0.4112088E+02  0.1427377E+02  0.1472826E+02
  0.5037723E+02  0.1817375E+02  0.3978596E+01
  0.4919799E+02  0.1294009E+02  0.5604371E+01
  0.5279601E+02  0.8315856E+01  0.1804647E+02
  0.3895598E+02  0.1339523E+02  0.3309883E+00
  0.4585204E+02  0.1817255E+02  0.1681210E+02
  0.5206906E+02  0.1419624E+02  0.3207976E+01
  0.4401669E+02  0.7380705E+01  0.9651046E-01
  0.4979407E+02  0.2043617E+02  0.1997063E+02
  0.5029731E+02  0.2899686E+01  0.1874382E+02
  0.5093168E+02  0.2372222E+01  0.7295483E+01
  0.4690813E+02  0.6050927E+01  0.1110202E+02
  0.4963672E+02  0.1989026E+02  0.1549313E+02
  0.4209098E+02  0.1203985E+02  0.2076918E+02
  0.5221988E+02  0.4301042E+00  0.3330576E+01
  0.5447310E+02  0.4004343E+01  0.1529736E+02
  0.5689616E+02  0.6466623E+01  0.1589873E+02
  0.5685907E+02  0.4048459E+01  0.1856678E+02
  0.5399595E+02  0.6108680E+01  0.1838659E+02
  0.5559307E+02  0.5119881E+01  0.1704835E+02
  0.5838157E+02  0.7785827E+01  0.1711415E+02
  0.5838532E+02  0.4848252E+01  0.2014491E+02
  0.5575369E+02  0.7137841E+01  0.1974570E+02
  0.5956787E+02  0.3799775E+01  0.1594192E+02
  0.6235192E+02  0.6240777E+01  0.1594477E+02
  0.6255533E+02  0.3677918E+01  0.1848801E+02
  0.5960183E+02  0.6464500E+01  0.1871931E+02
  0.6100267E+02  0.5142574E+01  0.1730367E+02
  0.6358534E+02  0.7517172E+01  0.1743496E+02
  0.6390105E+02  0.4705594E+01  0.2013334E+02
  0.6086886E+02  0.7612874E+01  0.2041890E+02
  0.5067145E+02  0.6371155E+01  0.2127238E+01
  0.3772190E+02  0.1530014E+02  0.2081022E+02
  0.5166429E+02  0.1931556E+02  0.2051219E+01
  0.3998589E+02  0.1542479E+02  0.1346107E+02
  0.5212914E+02  0.1379519E+02  0.1150820E+02
  0.3433247E+02  0.2023717E+02  0.1902578E+01
  0.4002059E+02  0.5389786E+01  0.1679525E+02
  0.4224958E+02  0.1950111E+02  0.2847838E+01
  0.4224163E+02  0.7045304E+00  0.1502896E+02
  0.5048121E+02  0.1077119E+02  0.1685511E+02
  0.3529434E+02  0.1130762E+02  0.3108412E+01
  0.3381601E+02  0.1473477E+02  0.9276828E+01
  0.4613855E+02  0.3473000E+01  0.1444354E+02
  0.4705484E+02  0.9794414E+01  0.5052801E+01
  0.5332197E+02  0.5618115E+01  0.2076118E+02
  0.5072417E+02  0.1948484E+02  0.1759309E+02
  0.4934769E+02  0.7646617E+01  0.2065789E+02
  0.5695847E+02  0.1164512E+02  0.1594444E+02
  0.5700986E+02  0.9031662E+01  0.1862035E+02
  0.4901302E+02  0.1126980E+02  0.1489580E+02
  0.5556537E+02  0.1022831E+02  0.1738542E+02
  0.5830263E+02  0.1312060E+02  0.1721460E+02
  0.5818218E+02  0.1071154E+02  0.1990413E+02
  0.5546169E+02  0.1270001E+02  0.2012242E+02
  0.5981595E+02  0.8945152E+01  0.1577602E+02
  0.6219859E+02  0.1156189E+02  0.1627998E+02
  0.6232476E+02  0.8902155E+01  0.1903935E+02
  0.5961735E+02  0.1168747E+02  0.1861187E+02
  0.6100255E+02  0.1015672E+02  0.1750619E+02
  0.6370644E+02  0.1294807E+02  0.1732850E+02
  0.6388279E+02  0.1029069E+02  0.2017756E+02
  0.6106923E+02  0.1306404E+02  0.1986207E+02
  0.4566725E+02  0.1913583E+02  0.4167749E+01
  0.5463794E+02  0.1222631E+02  0.7511716E+01
  0.5288202E+02  0.1313491E+02  0.1117988E+01
  0.5171038E+02  0.4156307E+01  0.2850664E+01
  0.4390003E+02  0.1563569E+02  0.1767595E+02
  0.5213793E+02  0.1629162E+02  0.1618159E+02
  0.4601256E+02  0.2822686E+01  0.1978410E+02
  0.4984983E+02  0.1584149E+02  0.4477064E+01
  0.4559840E+02  0.1362963E+02  0.7736201E+01
  0.5005675E+02  0.1462156E+02  0.2082064E+02
  0.5557144E+02  0.1293896E+02  0.1442462E+02
  0.4197135E+02  0.5507174E+01  0.1133661E+02
  0.5280663E+02  0.1842062E+02  0.1697690E+02
  0.5087756E+02  0.1511474E+02  0.1315308E+02
  0.5394863E+02  0.1162487E+02  0.1854261E+02
  0.4248591E+02  0.1681737E+02  0.7660195E+01
  0.5652540E+02  0.1418213E+02  0.1865444E+02
  0.5688485E+02  0.1704391E+02  0.1585891E+02
  0.5551353E+02  0.1549650E+02  0.1704182E+02
  0.5137156E+02  0.1322472E+02  0.6735953E+01
  0.5328937E+02  0.1604276E+02  0.2006289E+02
  0.5829621E+02  0.1838702E+02  0.1730812E+02
  0.5799763E+02  0.1556885E+02  0.1987386E+02
  0.5589823E+02  0.1836702E+02  0.1995689E+02
  0.5997016E+02  0.1427970E+02  0.1594735E+02
  0.6240055E+02  0.1727332E+02  0.1593596E+02
  0.6233225E+02  0.1442629E+02  0.1858463E+02
  0.5962735E+02  0.1689117E+02  0.1855325E+02
  0.6106794E+02  0.1583396E+02  0.1727975E+02
  0.6356080E+02  0.1850650E+02  0.1754088E+02
  0.6415230E+02  0.1554217E+02  0.1987054E+02
  0.6114010E+02  0.1794932E+02  0.2000585E+02
