         
  0.6515772E+02  0.0000000E+00  0.2171924E+02
  0.0000000E+00  0.0000000E+00  0.2171924E+02
  0.4535205E-01  0.1933439E+02  0.2076938E+02
  0.2919973E+01  0.5679837E+00  0.2053929E+02
  0.2940011E+01  0.1967307E+02  0.1363357E+01
  0.1625332E+00  0.6839982E+00  0.1878536E+01
  0.1409386E+01  0.2088353E+02  0.9109995E-01
  0.4093332E+01  0.1868965E+01  0.3006853E+00
  0.3963923E+01  0.2106582E+02  0.2831063E+01
  0.1477255E+01  0.2190415E+01  0.2901608E+01
  0.5804390E+01  0.1991593E+02  0.2040801E+02
  0.9322122E+01  0.8453302E+00  0.2022095E+02
  0.8427157E+01  0.1986283E+02  0.2256681E+01
  0.5600045E+01  0.5779799E+00  0.1730155E+01
  0.7102223E+01  0.2117142E+02  0.5746921E+00
  0.8890603E+01  0.6905922E+01  0.1922011E+02
  0.8190471E+01  0.6841984E+00  0.5010497E+01
  0.6752628E+01  0.1871808E+01  0.3364996E+01
  0.1175554E+02  0.3241782E+00  0.8797062E+00
  0.2570591E+02  0.7741292E+01  0.4226436E+01
  0.1698706E+02  0.1190004E+01  0.1488544E+02
  0.1541398E+02  0.1033394E+02  0.1889162E+02
  0.2101544E+02  0.2173463E+00  0.6708198E+01
  0.3627791E+02  0.1557492E+01  0.3337222E+01
  0.9671914E+01  0.6993712E+01  0.5931608E+01
  0.3192944E+02  0.8317318E+00  0.7439989E+01
  0.1890934E+02  0.2157692E+02  0.1397680E+02
  0.1256163E+02  0.1120588E+02  0.2075817E+02
  0.3199216E+02  0.1321117E+02  0.1964958E+02
  0.1302711E+02  0.1853489E+02  0.6150570E+01
  0.2282213E+02  0.9266666E+00  0.1316788E+02
  0.3001726E+02  0.6268368E+01  0.1690430E+02
  0.1326893E+02  0.1992797E+02  0.9141292E+00
  0.3255985E+02  0.7917511E+01  0.7774657E+01
  0.3624646E-01  0.3234820E+01  0.2058322E+02
  0.2789038E+01  0.6398212E+01  0.2062407E+02
  0.2764886E+01  0.3656162E+01  0.1523079E+01
  0.6500744E+02  0.6093314E+01  0.1675776E+01
  0.1273883E+01  0.4887841E+01  0.9851542E-01
  0.4347742E+01  0.7386848E+01  0.5077303E+00
  0.3973786E+01  0.4779562E+01  0.3241291E+01
  0.1478824E+01  0.7528170E+01  0.3019410E+01
  0.5635967E+01  0.3444442E+01  0.2088568E+02
  0.6551629E+01  0.5407307E+01  0.2169172E+02
  0.8761530E+01  0.4551703E+01  0.4665744E+00
  0.5403790E+01  0.6023010E+01  0.2046402E+01
  0.8958788E+01  0.2504321E+01  0.2074504E+01
  0.9119018E+01  0.6071387E+01  0.1851851E+01
  0.9621366E+01  0.2569622E+01  0.5646795E+01
  0.6813662E+01  0.7348730E+01  0.3301665E+01
  0.9395444E+01  0.8462348E+01  0.1260192E+01
  0.3000500E+02  0.1275185E+02  0.1774293E+02
  0.2652511E+02  0.1342566E+02  0.1239253E+02
  0.1057161E+02  0.9101049E+01  0.4790100E+01
  0.1977581E+02  0.1829419E+02  0.5267316E+01
  0.1223555E+02  0.4051034E+01  0.5453417E+01
  0.1924078E+02  0.6562744E+01  0.4590672E+00
  0.1171822E+02  0.1571514E+02  0.4303970E+01
  0.3404852E+02  0.5118045E+01  0.6553863E+01
  0.1922956E+02  0.1074231E+02  0.5336937E+01
  0.1476671E+02  0.1372842E+02  0.1190702E+02
  0.1836961E+02  0.1435222E+02  0.1544898E+02
  0.1868727E+02  0.4843754E+00  0.7517961E+01
  0.1584964E+02  0.1857535E+02  0.1543188E-01
  0.1449459E+02  0.7013419E+01  0.4554524E+01
  0.1131358E+02  0.1669382E+02  0.1701967E+02
  0.6486333E+02  0.8743770E+01  0.2087137E+02
  0.2678682E+01  0.1144271E+02  0.2075972E+02
  0.2707464E+01  0.8704453E+01  0.1673832E+01
  0.1865493E+00  0.1167576E+02  0.1808527E+01
  0.1359750E+01  0.1007730E+02  0.3892865E+00
  0.4129570E+01  0.1296609E+02  0.4036151E+00
  0.4307827E+01  0.1012493E+02  0.2992532E+01
  0.1441968E+01  0.1293665E+02  0.3251027E+01
  0.5781136E+01  0.8755621E+01  0.2090663E+02
  0.1461644E+02  0.8004701E+01  0.1898910E+02
  0.9182885E+01  0.1332207E+02  0.2521574E+01
  0.5654290E+01  0.1155301E+02  0.1765993E+01
  0.7071304E+01  0.1025058E+02  0.4507392E+00
  0.8836301E+01  0.1410245E+02  0.1711672E+00
  0.1219905E+02  0.1882717E+02  0.1427066E+02
  0.7184869E+01  0.1264304E+02  0.3404879E+01
  0.7494340E+01  0.1227838E+02  0.2107401E+02
  0.2146176E+02  0.1112686E+02  0.6009811E+01
  0.3100103E+02  0.2417708E+01  0.1180657E+02
  0.1323286E+02  0.1116779E+02  0.1850814E+02
  0.1364795E+02  0.1084228E+02  0.1535887E+02
  0.2046519E+02  0.9022846E+01  0.6912735E+01
  0.2702313E+02  0.2372126E+00  0.1904877E+02
  0.2693932E+02  0.8598841E+01  0.6195087E+01
  0.1549698E+02  0.2648363E+01  0.1638381E+02
  0.2352963E+02  0.3217665E+01  0.1304172E+02
  0.1924400E+02  0.1656817E+02  0.1866176E+02
  0.1237184E+02  0.9588784E+01  0.1336303E+02
  0.2190968E+02  0.7633322E+01  0.5772343E+01
  0.2899808E+02  0.3088026E+00  0.1543108E+02
  0.3941442E+02  0.1083873E+02  0.1340434E+02
  0.3373933E+02  0.9307219E+00  0.1809594E+02
  0.1998542E+00  0.1434628E+02  0.2074301E+02
  0.3025650E+01  0.1703448E+02  0.2109900E+02
  0.2955085E+01  0.1428649E+02  0.1875126E+01
  0.4468720E-01  0.1721215E+02  0.1920606E+01
  0.1514402E+01  0.1569809E+02  0.5989890E+00
  0.4695337E+01  0.1832175E+02  0.4663723E+00
  0.4519572E+01  0.1548300E+02  0.3303307E+01
  0.1927480E+01  0.1821500E+02  0.3109175E+01
  0.5094611E+01  0.1429411E+02  0.2063424E+02
  0.9526521E+01  0.1524793E+02  0.1980508E+02
  0.9661831E+01  0.1476590E+02  0.4437200E+01
  0.5829457E+01  0.1684414E+02  0.1982480E+01
  0.6732075E+01  0.1557779E+02  0.9514305E-01
  0.1104705E+02  0.1917894E+02  0.2063522E+02
  0.1665897E+02  0.2069248E+02  0.1107509E+02
  0.6878192E+01  0.1849988E+02  0.3486000E+01
  0.2102713E+02  0.1640160E+02  0.8407709E+01
  0.8516449E+01  0.1707561E+02  0.2102714E+02
  0.1426684E+02  0.1729071E+02  0.4317924E+01
  0.2204063E+02  0.1856322E+02  0.1606090E+02
  0.2178064E+02  0.8693715E+00  0.8998063E+01
  0.1945285E+02  0.1884851E+02  0.1577567E+02
  0.1722443E+02  0.2222392E+01  0.7508293E+01
  0.1166478E+02  0.2122243E+02  0.3218533E+01
  0.2330884E+02  0.1055807E+02  0.9159916E+01
  0.1370462E+02  0.5000319E+01  0.8250863E+01
  0.3089941E+02  0.7291355E+01  0.1125472E+02
  0.2515988E+02  0.2616850E+01  0.7295923E+01
  0.1685687E+02  0.1618333E+02  0.1919278E+02
  0.2417112E+02  0.8609795E+01  0.8722978E+01
  0.2285076E+02  0.1912482E+02  0.2132744E+02
  0.9456982E+01  0.4502963E+00  0.7959554E+00
  0.6511707E+02  0.1931058E+02  0.4328709E+01
  0.2703613E+01  0.6445433E+00  0.4365526E+01
  0.2677322E+01  0.1962399E+02  0.7248400E+01
  0.6482661E+02  0.1584963E+00  0.6992704E+01
  0.1344503E+01  0.2098982E+02  0.5637019E+01
  0.4011773E+01  0.1891077E+01  0.5890015E+01
  0.3856022E+01  0.2099487E+02  0.8634659E+01
  0.1058527E+01  0.1950624E+01  0.8239424E+01
  0.4867147E+01  0.1959185E+02  0.4440025E+01
  0.1108329E+02  0.2937428E+01  0.9695689E+01
  0.7938621E+01  0.1881372E+02  0.6877340E+01
  0.5166164E+01  0.3975497E+00  0.7245829E+01
  0.6511817E+01  0.2067144E+02  0.5879324E+01
  0.1868808E+02  0.6805994E+01  0.1915875E+02
  0.1010082E+02  0.1830586E+02  0.7785463E+01
  0.6658900E+01  0.1743646E+01  0.8469657E+01
  0.2765539E+02  0.4337007E+00  0.3012655E+01
  0.2561863E+02  0.1118176E+02  0.1973411E+02
  0.1905032E+02  0.2490683E+01  0.1750974E+02
  0.1828740E+02  0.5445479E+01  0.6075784E+01
  0.1091389E+02  0.1140417E+02  0.1238164E+02
  0.1782649E+02  0.1657254E+02  0.1174477E+02
  0.2120722E+02  0.1955778E+02  0.6745195E+01
  0.2338538E+02  0.1902426E+02  0.7814620E+01
  0.1452039E+02  0.1875353E+02  0.1331464E+02
  0.2189752E+02  0.1162683E+02  0.1909911E+02
  0.1047156E+02  0.1986510E+02  0.1544621E+02
  0.1208929E+02  0.7415590E+01  0.5102799E+01
  0.1615163E+02  0.1535099E+02  0.1535754E+02
  0.2245458E+02  0.3014915E+01  0.1402893E+00
  0.1729316E+02  0.2008048E+02  0.1342135E+02
  0.1228737E+02  0.6642859E+01  0.9498274E+01
  0.1642577E+00  0.3431245E+01  0.4483682E+01
  0.2592574E+01  0.6066008E+01  0.4677350E+01
  0.2591981E+01  0.3195700E+01  0.7362632E+01
  0.9809601E-01  0.5844877E+01  0.7184008E+01
  0.1396820E+01  0.4645274E+01  0.5927866E+01
  0.3926210E+01  0.7417497E+01  0.5910259E+01
  0.4308425E+01  0.4565127E+01  0.8429462E+01
  0.1392638E+01  0.7365480E+01  0.8406183E+01
  0.5352567E+01  0.3386039E+01  0.4562584E+01
  0.1080346E+02  0.2724868E+01  0.2054250E+02
  0.6973341E+01  0.4752614E+01  0.5707460E+01
  0.5558458E+01  0.5940771E+01  0.7124899E+01
  0.8095149E+01  0.3212694E+01  0.7151962E+01
  0.1791681E+02  0.6951465E+01  0.1562133E+02
  0.1255942E+02  0.2001668E+02  0.1064826E+02
  0.6761283E+01  0.7338878E+01  0.8568890E+01
  0.2293964E+02  0.1689198E+02  0.1125887E+02
  0.7598880E+01  0.9444682E+01  0.2662090E+01
  0.8761622E+01  0.8929360E+01  0.2080802E+02
  0.1528770E+02  0.3758527E+01  0.9494626E+01
  0.9507607E+01  0.2055555E+02  0.4098584E+01
  0.1084461E+02  0.8366215E+01  0.1002752E+02
  0.1428417E+02  0.1095410E+02  0.7620103E+01
  0.2307276E+02  0.4558169E+01  0.4067743E+01
  0.1431018E+02  0.2063163E+02  0.1213268E+02
  0.1847442E+02  0.8048833E-01  0.1796528E+02
  0.2213903E+02  0.2901067E+01  0.7912193E+01
  0.3701886E+02  0.3638192E+00  0.1028978E+02
  0.2760897E+02  0.6294358E+01  0.5119468E+00
  0.1285158E+02  0.1658964E+02  0.1196208E+02
  0.2957586E+02  0.4352832E+01  0.4267182E+01
  0.1085021E+02  0.1401685E+02  0.1217705E+02
  0.6508596E+02  0.8656093E+01  0.4400392E+01
  0.2782487E+01  0.1128661E+02  0.4396330E+01
  0.2591667E+01  0.8655127E+01  0.7105606E+01
  0.6500981E+02  0.1131490E+02  0.7283922E+01
  0.1289896E+01  0.9956592E+01  0.5632497E+01
  0.4045848E+01  0.1277504E+02  0.5682929E+01
  0.3944848E+01  0.9968624E+01  0.8534307E+01
  0.1322880E+01  0.1281532E+02  0.8426995E+01
  0.5294005E+01  0.8778689E+01  0.4686012E+01
  0.8747810E+01  0.1088531E+02  0.4378235E+01
  0.8523782E+01  0.5916184E+01  0.4184321E+01
  0.5412510E+01  0.1155851E+02  0.7236235E+01
  0.6829270E+01  0.1000473E+02  0.5795603E+01
  0.8427439E+01  0.1423006E+02  0.7514184E+01
  0.8301720E+01  0.8643276E+01  0.7340407E+01
  0.6923487E+01  0.1284776E+02  0.8615157E+01
  0.1306945E+02  0.1222428E+02  0.3023642E+01
  0.1453097E+02  0.4742284E+01  0.5929004E+01
  0.1307748E+02  0.1502713E+02  0.3757569E+00
  0.2089888E+02  0.5377256E+01  0.1582075E+02
  0.1919245E+02  0.1816510E+02  0.2508702E+00
  0.1260699E+02  0.1286817E+02  0.1585024E+02
  0.2536871E+02  0.8220953E+01  0.1077258E+02
  0.1496783E+02  0.1186267E+02  0.1781869E+01
  0.1847520E+02  0.7496306E+01  0.7299763E+01
  0.2282869E+02  0.1656713E+02  0.1359883E+02
  0.3449090E+02  0.1339601E+02  0.4083750E+01
  0.2386818E+02  0.2025968E+02  0.1615684E+02
  0.1864291E+02  0.9071198E+01  0.2000280E+02
  0.3668042E+02  0.1162681E+02  0.1900319E+02
  0.3549689E+02  0.1010705E+02  0.1585375E+02
  0.3230438E+02  0.4935231E+01  0.2137431E+02
  0.2216413E-01  0.1432088E+02  0.4402215E+01
  0.3113497E+01  0.1685600E+02  0.4679187E+01
  0.2622631E+01  0.1427782E+02  0.7227494E+01
  0.1655488E-01  0.1664036E+02  0.7349134E+01
  0.1429189E+01  0.1560236E+02  0.5900161E+01
  0.4068908E+01  0.1817245E+02  0.6236077E+01
  0.3903669E+01  0.1543040E+02  0.8567211E+01
  0.1387087E+01  0.1813356E+02  0.8513473E+01
  0.5750320E+01  0.1399512E+02  0.4662205E+01
  0.1698625E+02  0.1145831E+02  0.3018315E+01
  0.1101767E+02  0.1533781E+02  0.1009881E+02
  0.5412211E+01  0.1670540E+02  0.7315714E+01
  0.6746932E+01  0.1550275E+02  0.6066047E+01
  0.7949820E+01  0.1713214E+02  0.4951272E+01
  0.7777052E+01  0.1714356E+02  0.9940078E+01
  0.6465092E+01  0.1806850E+02  0.8369541E+01
  0.2124555E+02  0.1153022E+02  0.8482559E+01
  0.1564568E+02  0.1295852E+01  0.9043139E+01
  0.1790415E+02  0.1275114E+02  0.6232844E+01
  0.1207424E+02  0.1327640E+02  0.8842620E+01
  0.8708672E+01  0.1253430E+02  0.1200301E+02
  0.2676138E+02  0.1452473E+02  0.1681693E+02
  0.2423917E+02  0.5994816E+01  0.1094912E+02
  0.1451058E+02  0.1945439E+02  0.1876478E+02
  0.1675800E+02  0.2010795E+02  0.1824209E+02
  0.2153254E+02  0.1658693E+02  0.1785872E+02
  0.1510059E+02  0.7323476E+01  0.1271808E+02
  0.2505302E+02  0.5481975E+01  0.1161843E+01
  0.1345456E+02  0.1838511E+02  0.2083713E+02
  0.9528872E+01  0.9908770E+01  0.8749911E+01
  0.9709213E+01  0.1282618E+02  0.5783016E+01
  0.1086156E+02  0.2066242E+02  0.7379995E+01
  0.1770261E+00  0.1950581E+02  0.9818165E+01
  0.2354242E+01  0.8831256E+00  0.9706908E+01
  0.2617850E+01  0.1971572E+02  0.1266247E+02
  0.6487063E+02  0.6362205E+00  0.1242731E+02
  0.1333482E+01  0.2098882E+02  0.1129736E+02
  0.3812580E+01  0.2170879E+01  0.1123840E+02
  0.3989496E+01  0.2106803E+02  0.1387583E+02
  0.1165451E+01  0.1997940E+01  0.1401695E+02
  0.5351000E+01  0.1965605E+02  0.9878376E+01
  0.8105171E+01  0.3932710E+00  0.1003938E+02
  0.8013842E+01  0.1943568E+02  0.1268279E+02
  0.5139357E+01  0.8702365E+00  0.1238367E+02
  0.6655871E+01  0.2101681E+02  0.1118801E+02
  0.1293304E+02  0.4813609E+01  0.1768046E+01
  0.1079460E+02  0.1764050E+02  0.1275913E+02
  0.6475530E+01  0.2163135E+01  0.1373383E+02
  0.9661381E+01  0.1869339E+02  0.1087297E+02
  0.2135948E+02  0.2180737E+01  0.1826814E+02
  0.1735106E+02  0.8095841E+01  0.3040860E+00
  0.1904516E+02  0.1584083E+02  0.9936040E+01
  0.1334113E+02  0.1969998E+02  0.4087457E+01
  0.2214381E+02  0.7268081E+01  0.9288514E+01
  0.8827933E+01  0.2590762E+01  0.1028811E+02
  0.1650203E+02  0.2061721E+02  0.1561659E+02
  0.4170551E+02  0.2495227E+01  0.4773518E+00
  0.1568724E+02  0.2732095E+01  0.2007414E+02
  0.1744126E+02  0.1583109E+02  0.8028933E+01
  0.1715537E+02  0.4659220E+01  0.1375864E+02
  0.2610664E+02  0.1751777E+02  0.1159932E+02
  0.2458757E+02  0.1500344E+02  0.1400557E+02
  0.2684750E+02  0.7090602E+01  0.1390170E+02
  0.1080625E+02  0.1441863E+02  0.1586965E+02
  0.6506028E+02  0.3181694E+01  0.9987700E+01
  0.2921659E+01  0.5844384E+01  0.9698199E+01
  0.2650238E+01  0.3374596E+01  0.1269824E+02
  0.2675018E+00  0.5899603E+01  0.1253892E+02
  0.1488653E+01  0.4619591E+01  0.1102445E+02
  0.4008225E+01  0.7235493E+01  0.1142362E+02
  0.4069466E+01  0.4773154E+01  0.1394276E+02
  0.1208663E+01  0.7362721E+01  0.1387388E+02
  0.5428261E+01  0.3107613E+01  0.9916077E+01
  0.8031620E+01  0.5914160E+01  0.1000970E+02
  0.8294630E+01  0.3349521E+01  0.1265327E+02
  0.5576607E+01  0.6219857E+01  0.1270107E+02
  0.6651362E+01  0.4688168E+01  0.1126855E+02
  0.9416134E+01  0.7287556E+01  0.1145051E+02
  0.1068781E+02  0.6494856E+01  0.1499216E+02
  0.6916241E+01  0.7830977E+01  0.1408119E+02
  0.1103025E+02  0.3566342E+01  0.1222157E+02
  0.1928457E+02  0.3358375E+01  0.1301028E+02
  0.1371816E+02  0.2550019E+01  0.2288929E+01
  0.1168928E+02  0.7551270E+01  0.1290265E+02
  0.1349726E+02  0.1133704E+02  0.5045480E+01
  0.2441945E+02  0.4049780E+01  0.1946233E+02
  0.1000863E+02  0.8564943E+01  0.1592501E+02
  0.1906242E+02  0.1737205E+02  0.7277908E+01
  0.9916699E+01  0.2056535E+02  0.1920208E+02
  0.1221072E+02  0.1740938E+02  0.8836327E+00
  0.2228706E+02  0.4279706E+01  0.1726788E+02
  0.1319191E+02  0.1467503E+02  0.2745292E+01
  0.2466692E+02  0.3693285E+01  0.1539352E+02
  0.1091078E+02  0.5557562E+01  0.7735397E+01
  0.1100224E+02  0.3550775E+01  0.1079858E+01
  0.1712741E+02  0.9350969E+01  0.6195054E+01
  0.6487627E+02  0.8692977E+01  0.9811483E+01
  0.2493205E+01  0.1143190E+02  0.9804633E+01
  0.2728025E+01  0.8850731E+01  0.1258362E+02
  0.6510143E+02  0.1131765E+02  0.1255449E+02
  0.1166338E+01  0.9914655E+01  0.1101907E+02
  0.3957044E+01  0.1258530E+02  0.1129319E+02
  0.4031529E+01  0.1021054E+02  0.1384679E+02
  0.1165176E+01  0.1279551E+02  0.1401042E+02
  0.5036503E+01  0.8673892E+01  0.9904749E+01
  0.8235580E+01  0.1155538E+02  0.1000997E+02
  0.8156691E+01  0.8863376E+01  0.1260842E+02
  0.5409130E+01  0.1156362E+02  0.1253947E+02
  0.6746311E+01  0.1010738E+02  0.1118929E+02
  0.1213012E+02  0.1035286E+02  0.1032708E+02
  0.9509015E+01  0.1023563E+02  0.1407465E+02
  0.6420533E+01  0.1324034E+02  0.1411402E+02
  0.2730863E+02  0.1051310E+02  0.7605573E+01
  0.1234694E+02  0.2451637E+01  0.1877706E+02
  0.3198534E+02  0.1933786E+02  0.2604790E+01
  0.1549573E+02  0.1208148E+02  0.1422598E+02
  0.2260820E+02  0.2079868E+02  0.3125527E+01
  0.2253953E+02  0.1018960E+02  0.2466498E+01
  0.9592750E+01  0.3984182E+01  0.3798168E+01
  0.1403876E+02  0.4170759E+01  0.1906049E+02
  0.1324455E+02  0.8563020E+01  0.1247510E+01
  0.2963140E+02  0.1933789E+02  0.7679360E+01
  0.3137589E+02  0.9791736E+01  0.1785199E+02
  0.1691105E+02  0.8647890E+01  0.1341224E+02
  0.4307892E+02  0.7285955E+01  0.1738281E+02
  0.3452197E+02  0.7766569E+01  0.2107874E+02
  0.4353941E+02  0.1234282E+02  0.1957061E+02
  0.1580082E+02  0.3849588E+01  0.2152643E+01
  0.6499253E+02  0.1413356E+02  0.9814932E+01
  0.2748112E+01  0.1681247E+02  0.9878806E+01
  0.2344879E+01  0.1394414E+02  0.1251027E+02
  0.2432878E-01  0.1676589E+02  0.1246564E+02
  0.1495686E+01  0.1542244E+02  0.1106304E+02
  0.4112983E+01  0.1820769E+02  0.1127153E+02
  0.3636746E+01  0.1583264E+02  0.1368005E+02
  0.1370866E+01  0.1817129E+02  0.1389601E+02
  0.5193492E+01  0.1393341E+02  0.9885570E+01
  0.1172799E+02  0.1443944E+01  0.6582322E+01
  0.7901380E+01  0.1444746E+02  0.1303421E+02
  0.5363795E+01  0.1698795E+02  0.1261868E+02
  0.6676648E+01  0.1538999E+02  0.1119406E+02
  0.2900663E+02  0.1768856E+02  0.1219274E+01
  0.1485281E+02  0.1886788E+02  0.1590126E+02
  0.6701522E+01  0.1824182E+02  0.1417984E+02
  0.1540509E+02  0.2086278E+02  0.3961559E+01
  0.2283161E+02  0.1226642E+02  0.2131916E+02
  0.1502161E+02  0.9356495E+01  0.5202960E+01
  0.1337485E+02  0.1789864E+02  0.1767782E+02
  0.2075205E+02  0.1390903E+02  0.1268802E+02
  0.2372078E+02  0.1916856E+02  0.4388066E+01
  0.2214362E+02  0.1253619E+02  0.1769708E+01
  0.9948129E+01  0.1564723E+02  0.1373827E+02
  0.1290007E+02  0.2139502E+02  0.8419407E+01
  0.2921949E+02  0.7616747E+01  0.2645289E+01
  0.9309780E+01  0.2081094E+02  0.1388315E+02
  0.2165716E+02  0.1275745E+02  0.1609176E+02
  0.1494995E+02  0.2950333E+01  0.1182719E+02
  0.2398687E+02  0.1413157E+02  0.6546804E+01
  0.1920478E+02  0.6152997E+01  0.3931472E+01
  0.2060773E+02  0.4522682E+01  0.5858289E+00
  0.8694559E-01  0.1963217E+02  0.1550829E+02
  0.2730625E+01  0.5801015E+00  0.1524367E+02
  0.2659051E+01  0.1980639E+02  0.1795203E+02
  0.9957679E-01  0.5644015E+00  0.1802537E+02
  0.1325908E+01  0.2094992E+02  0.1647292E+02
  0.4235025E+01  0.1699810E+01  0.1670992E+02
  0.4151073E+01  0.2122139E+02  0.1923737E+02
  0.1629804E+01  0.1928886E+01  0.1922776E+02
  0.5244940E+01  0.1960016E+02  0.1512966E+02
  0.7939483E+01  0.5362200E+00  0.1504262E+02
  0.8083152E+01  0.1947041E+02  0.1799494E+02
  0.5876815E+01  0.7303637E+00  0.1806572E+02
  0.6664618E+01  0.2093348E+02  0.1641787E+02
  0.2034119E+02  0.1091431E+02  0.1737902E+02
  0.9680809E+01  0.1508764E+01  0.1639758E+02
  0.7303329E+01  0.2174550E+01  0.1957428E+02
  0.1747716E+02  0.1136370E+01  0.1075078E+02
  0.1403369E+02  0.9252612E+00  0.1985851E+02
  0.3755783E+02  0.1916301E+02  0.8641637E+01
  0.2473300E+02  0.6285190E+01  0.1495205E+02
  0.2179676E+02  0.1348884E+02  0.6064392E+01
  0.1477366E+02  0.2157771E+02  0.7230239E+01
  0.9812144E+01  0.1839367E+02  0.7456587E+00
  0.1432929E+02  0.4723274E+01  0.1492131E+02
  0.1985997E+02  0.4059962E+01  0.3021190E+01
  0.1462986E+02  0.6253058E+01  0.2032916E+02
  0.2385246E+02  0.1637267E+02  0.6046866E+01
  0.2717511E+02  0.9239949E+01  0.2071298E+02
  0.1293708E+02  0.1355736E+02  0.1354636E+02
  0.4793135E+02  0.1040440E+02  0.1973179E+02
  0.1675694E+02  0.5728218E+01  0.9995955E+01
  0.1502828E+02  0.6204476E+01  0.2410498E+01
  0.6514425E+02  0.3388790E+01  0.1533289E+02
  0.2638885E+01  0.6052049E+01  0.1529678E+02
  0.2852242E+01  0.3251570E+01  0.1808655E+02
  0.6480756E+02  0.6061202E+01  0.1777769E+02
  0.1418718E+01  0.4624069E+01  0.1690463E+02
  0.3845584E+01  0.7492316E+01  0.1646267E+02
  0.4276947E+01  0.4819900E+01  0.1947009E+02
  0.1090392E+01  0.7340441E+01  0.1946817E+02
  0.5524742E+01  0.3486950E+01  0.1543338E+02
  0.8254397E+01  0.6470776E+01  0.1528099E+02
  0.8738480E+01  0.3391571E+01  0.1785261E+02
  0.5260964E+01  0.6155697E+01  0.1774066E+02
  0.7160917E+01  0.4751294E+01  0.1674127E+02
  0.1161475E+02  0.5405627E+01  0.3491647E+01
  0.1135606E+02  0.6314829E+01  0.1965734E+02
  0.6532526E+01  0.6873272E+01  0.1957536E+02
  0.2033909E+02  0.2113352E+02  0.1634891E+02
  0.2028717E+02  0.1754165E+01  0.3641906E+01
  0.1062726E+02  0.2152938E+02  0.1209819E+02
  0.1242362E+02  0.3119513E+01  0.1528250E+02
  0.2527165E+02  0.1172856E+02  0.1519883E+02
  0.1164798E+02  0.1463655E+02  0.2003858E+02
  0.1696264E+02  0.1703170E+01  0.1208754E+01
  0.1318204E+02  0.6752080E+01  0.1558092E+02
  0.2622715E+02  0.2363896E+01  0.3319407E+01
  0.2779642E+02  0.1722533E+02  0.9883573E+01
  0.9590524E+01  0.1111119E+02  0.2049333E+02
  0.2829796E+02  0.1969359E+02  0.1009549E+02
  0.2075864E+02  0.6424536E+01  0.1371509E+02
  0.1606522E+02  0.9841119E+01  0.1657339E+02
  0.1446809E+02  0.9048231E+01  0.9107299E+01
  0.2536838E+02  0.1747402E+02  0.7583151E+01
  0.6503611E+02  0.8676740E+01  0.1507931E+02
  0.2530113E+01  0.1134249E+02  0.1528197E+02
  0.2545872E+01  0.8635426E+01  0.1820683E+02
  0.6502080E+02  0.1129657E+02  0.1807527E+02
  0.1133619E+01  0.9840244E+01  0.1658143E+02
  0.4135733E+01  0.1284676E+02  0.1633905E+02
  0.3974684E+01  0.9957191E+01  0.1954204E+02
  0.1305588E+01  0.1264116E+02  0.1943269E+02
  0.5249387E+01  0.9155594E+01  0.1546088E+02
  0.7916142E+01  0.1166270E+02  0.1516599E+02
  0.8266597E+01  0.8119113E+01  0.1730023E+02
  0.5093428E+01  0.1126612E+02  0.1793062E+02
  0.6716429E+01  0.1024336E+02  0.1676259E+02
  0.7891864E+01  0.1423994E+02  0.1821179E+02
  0.1084252E+02  0.1280215E+02  0.2136747E+02
  0.6324482E+01  0.1295600E+02  0.1915514E+02
  0.1604330E+02  0.1552593E+02  0.1303435E+02
  0.2188774E+02  0.1853505E+02  0.9724920E+01
  0.2049789E+02  0.1814568E+02  0.1991463E+02
  0.1111386E+02  0.1178761E+02  0.2049789E+01
  0.1694291E+02  0.4680998E+01  0.1632249E+02
  0.1818863E+02  0.1096228E+02  0.1633949E+02
  0.1596809E+02  0.1251211E+02  0.1855939E+02
  0.2796272E+02  0.9346322E+01  0.1425294E+02
  0.1037793E+02  0.2255888E+01  0.1417726E+02
  0.1894093E+02  0.1169459E+02  0.9151983E+01
  0.2817818E+02  0.5571206E+01  0.1526480E+02
  0.1979022E+02  0.9924624E+01  0.1063610E+02
  0.2338117E+02  0.1108243E+02  0.1155485E+02
  0.1209060E+02  0.5564264E+01  0.1172994E+02
  0.3099541E+02  0.4875241E+00  0.1986684E+02
  0.1991711E+02  0.8023025E+01  0.9151183E+01
  0.6504191E+02  0.1404412E+02  0.1539479E+02
  0.2549219E+01  0.1701129E+02  0.1548875E+02
  0.2632128E+01  0.1399291E+02  0.1791575E+02
  0.6387100E-01  0.1697991E+02  0.1814930E+02
  0.1258344E+01  0.1548308E+02  0.1660911E+02
  0.3883273E+01  0.1845913E+02  0.1657069E+02
  0.3846232E+01  0.1557488E+02  0.1921703E+02
  0.1612373E+01  0.1845102E+02  0.1942987E+02
  0.5062783E+01  0.1452703E+02  0.1513021E+02
  0.8133218E+01  0.1642869E+02  0.1517998E+02
  0.9175118E+01  0.1286164E+02  0.1671590E+02
  0.5334028E+01  0.1706979E+02  0.1817228E+02
  0.6479959E+01  0.1567376E+02  0.1669258E+02
  0.9331776E+01  0.1819664E+02  0.1642437E+02
  0.1187701E+02  0.1324119E+02  0.1807167E+02
  0.6930026E+01  0.1798301E+02  0.1950816E+02
  0.1360761E+02  0.8683585E+01  0.1137165E+02
  0.1804250E+02  0.1721007E+02  0.4095486E+01
  0.1389311E+02  0.1207661E+02  0.1017942E+02
  0.1105425E+02  0.3239687E+01  0.1709087E+02
  0.3183973E+02  0.5628290E+01  0.2981716E+01
  0.2153544E+02  0.1130867E+01  0.2054101E+02
  0.2837362E+02  0.1806771E+01  0.1729357E+02
  0.2326242E+02  0.1528499E+02  0.1909437E+02
  0.1129320E+02  0.1015459E+02  0.6913402E+01
  0.1010593E+02  0.2085778E+02  0.9721295E+01
  0.1139688E+02  0.9631397E+01  0.1769820E+02
  0.2260497E+02  0.2352115E+01  0.4354527E+01
  0.1811244E+02  0.9292075E+01  0.2348131E+01
  0.1898554E+02  0.4838752E+01  0.2031616E+02
  0.1919873E+02  0.1447697E+02  0.6934188E+01
  0.1810441E+02  0.1490499E+02  0.3738299E+01
  0.4005693E+02  0.1642517E+02  0.1407157E+02
  0.4073745E+02  0.1155798E+01  0.2039336E+02
  0.1790020E+02  0.1220852E+02  0.1459056E+02
  0.2595144E+02  0.8574606E+01  0.1753777E+02
  0.4225954E+02  0.9306172E+01  0.2006481E+00
  0.4592228E+02  0.2284758E+01  0.3825600E+00
  0.4735368E+02  0.2037101E+01  0.1593423E+02
  0.4018282E+02  0.1851405E+02  0.1987076E+02
  0.4491917E+02  0.3971455E+01  0.1808857E+01
  0.2153270E+02  0.1661315E+02  0.5416859E+01
  0.1827826E+02  0.1301165E+02  0.1759788E+02
  0.3539166E+02  0.6900964E+01  0.6210744E+01
  0.3051876E+02  0.5939017E+01  0.1994252E+02
  0.4722205E+02  0.8960275E+01  0.1785171E+02
  0.3528683E+02  0.3348685E+01  0.7212837E+01
  0.3979940E+02  0.1860404E+02  0.5772084E+01
  0.2728123E+02  0.5843924E+01  0.1180204E+02
  0.3442846E+02  0.1435276E+02  0.1434713E+02
  0.4393781E+02  0.7222910E+00  0.1794088E+02
  0.1455994E+02  0.1849789E+02  0.7813443E+01
  0.3653140E+02  0.1231541E+02  0.1668292E+02
  0.3443164E+02  0.4728571E+01  0.9705353E+00
  0.2968612E+02  0.5654988E+01  0.1282368E+02
  0.1946947E+02  0.2129959E+02  0.4791320E+01
  0.5335988E+02  0.1591440E+02  0.2011180E+02
  0.1360004E+02  0.1227499E+01  0.1616558E+02
  0.3291513E+02  0.1450475E+01  0.1095049E+02
  0.3858907E+02  0.1330930E+01  0.4211240E+01
  0.2453225E+02  0.1383746E+02  0.2052648E+02
  0.3387290E+02  0.1088861E+02  0.6871538E+01
  0.4603806E+02  0.1330167E+02  0.1777241E+02
  0.2866488E+02  0.7469807E+01  0.2031727E+02
  0.3688485E+02  0.6739076E+01  0.4221261E+01
  0.3905315E+02  0.7631339E+01  0.2040850E+02
  0.3770838E+02  0.2765008E+01  0.1620197E+02
  0.2408681E+02  0.2130301E+02  0.1388404E+01
  0.5283703E+02  0.4960090E+01  0.3787890E+01
  0.2884177E+02  0.1493525E+02  0.1433671E+02
  0.3021104E+02  0.1066465E+02  0.1358821E+02
  0.3606873E+02  0.4673093E+01  0.1875956E+02
  0.4236358E+02  0.1271575E+01  0.2198666E+01
  0.4536497E+02  0.7953727E+01  0.3491946E+01
  0.2744349E+02  0.1491676E+02  0.1069740E+02
  0.3013498E+02  0.2527268E+01  0.1890051E+02
  0.3683851E+02  0.7713829E+01  0.1217809E+02
  0.2893725E+02  0.1066194E+02  0.1963884E+02
  0.1982230E+02  0.1421017E+01  0.1024693E+02
  0.3247514E+02  0.9991244E+01  0.3624052E+01
  0.4082253E+02  0.7129438E+01  0.4437899E+01
  0.3805478E+02  0.4208687E+01  0.1340050E+02
  0.4064698E+02  0.9480707E+01  0.1965999E+02
  0.2078935E+02  0.8087713E+01  0.2120617E+02
  0.3359269E+02  0.1836650E+02  0.1448910E+02
  0.2429776E+02  0.3319711E+01  0.2017896E+01
  0.3588430E+02  0.2004704E+02  0.1692224E+02
  0.3270928E+02  0.1788696E+02  0.2133407E+02
  0.2041898E+02  0.1377128E+01  0.1275789E+02
  0.4675460E+02  0.7594721E+01  0.4919968E+00
  0.3738559E+02  0.5154560E+01  0.1549037E+02
  0.3132836E+02  0.1584591E+00  0.4474978E+00
  0.2065381E+02  0.1486880E+02  0.1646068E+02
  0.3564031E+02  0.8186828E+01  0.2841689E+01
  0.1652668E+02  0.7575289E+01  0.1757787E+02
  0.5275309E+02  0.1728567E+02  0.1311783E+02
  0.2434488E+02  0.2148559E+02  0.1174621E+02
  0.2167141E+02  0.8591192E+01  0.1406457E+02
  0.1584565E+02  0.1550247E+02  0.7548122E+00
  0.1626840E+02  0.1983011E+02  0.7157369E+01
  0.2973439E+02  0.2019317E+02  0.2020360E+02
  0.1724462E+02  0.3817670E+01  0.1225391E+00
  0.3834329E+02  0.1571861E+02  0.1553059E+02
  0.3554632E+02  0.2140628E+02  0.1890436E+02
  0.3986377E+02  0.2723324E+01  0.1236713E+02
  0.2623969E+02  0.6361777E+01  0.1662978E+02
  0.2418615E+02  0.1826761E+02  0.1469288E+02
  0.1798513E+02  0.1203598E+02  0.1131053E+02
  0.1795377E+02  0.1180597E+02  0.6182255E+00
  0.3957182E+02  0.3694107E+01  0.4474084E+01
  0.3439858E+02  0.1657107E+02  0.6445448E+01
  0.3338115E+02  0.1457085E+02  0.7397210E+01
  0.3156162E+02  0.1679513E+02  0.2860495E+01
  0.1988821E+02  0.1912049E+02  0.8570705E+01
  0.3028458E+02  0.9719877E+01  0.7062476E+01
  0.3007165E+02  0.1274181E+02  0.4705017E+01
  0.4345355E+02  0.7151608E+01  0.1250182E+00
  0.2834679E+02  0.4045425E+01  0.6325746E+01
  0.2781456E+02  0.7782346E+01  0.1028074E+02
  0.3990158E+02  0.7335511E+01  0.1414133E+02
  0.9166685E+01  0.1609159E+02  0.8663153E+01
  0.3622410E+02  0.7791080E+01  0.8271550E+01
  0.5030279E+02  0.9845102E+01  0.9706489E+00
  0.3541677E+02  0.8443064E+01  0.1047931E+02
  0.3478181E+02  0.2560008E+01  0.1967128E+02
  0.5172810E+02  0.4412755E+01  0.1622090E+01
  0.3894597E+02  0.8802004E+01  0.4873304E+01
  0.2214573E+02  0.5997502E+01  0.2036480E-01
  0.2105841E+02  0.5166320E+01  0.5626149E+01
  0.2247179E+02  0.1745968E+02  0.3202897E+01
  0.1905927E+02  0.6080253E+00  0.2022559E+02
  0.2665233E+02  0.1684939E+02  0.1664958E+02
  0.3441073E+02  0.1011896E+02  0.2462412E+01
  0.2777569E+02  0.1906684E+02  0.1411908E+02
  0.2934492E+02  0.1219939E+01  0.1683600E+01
  0.2766449E+02  0.9273244E+01  0.1517272E+01
  0.3346441E+02  0.7036443E+01  0.1417245E+02
  0.2985432E+02  0.1985381E+02  0.1472479E+02
  0.4696286E+02  0.1977149E+01  0.9881721E+01
  0.4231305E+02  0.1395970E+02  0.1682996E+02
  0.4530258E+02  0.1355909E+02  0.1270288E+02
  0.2238057E+02  0.4494799E+00  0.1540044E+02
  0.2201156E+02  0.7372474E+01  0.1800125E+02
  0.5414554E+02  0.1814154E+02  0.1659475E+02
  0.2440521E+02  0.1413743E+02  0.9170397E+01
  0.2890456E+02  0.7820467E+01  0.6752545E+01
  0.2571537E+02  0.2704439E+01  0.1326486E+02
  0.2945826E+02  0.1799956E+02  0.1197491E+02
  0.4425802E+02  0.1702887E+02  0.1070701E+02
  0.1758398E+02  0.3626758E+01  0.3960729E+01
  0.4644830E+02  0.2007523E+02  0.7440512E+01
  0.4749393E+02  0.2011113E+02  0.2627678E+01
  0.2793482E+02  0.9178305E+01  0.3987685E+01
  0.4785643E+02  0.2380113E+01  0.1336706E+02
  0.2881572E+02  0.1260316E+02  0.1339286E+02
  0.4023565E+02  0.4186517E+01  0.1774072E+02
  0.3422277E+02  0.2571609E+01  0.4306410E+01
  0.3068903E+02  0.1853307E+02  0.1645081E+02
  0.2451724E+02  0.2560115E+01  0.1750775E+02
  0.2238521E+02  0.5324835E+01  0.1947431E+02
  0.1009753E+02  0.1836360E+02  0.5321175E+01
  0.3388535E+02  0.1462346E+02  0.9594653E+01
  0.2051577E+02  0.1559928E+02  0.1433091E+02
  0.1178697E+02  0.1231408E+02  0.6571565E+01
  0.3239745E+02  0.8557131E+01  0.2042082E+02
  0.2653261E+02  0.7352691E+00  0.1188368E+02
  0.5411302E+02  0.1329320E+02  0.9823562E+01
  0.1573156E+02  0.8971377E+01  0.2143093E+01
  0.1248937E+02  0.6592395E+01  0.2332683E-01
  0.4189736E+02  0.2133989E+02  0.6495876E+01
  0.3917468E+02  0.2050715E+02  0.1883857E+02
  0.2685360E+02  0.1590247E+02  0.1312335E+02
  0.1346092E+02  0.1386559E+01  0.1030123E+02
  0.5329066E+02  0.1836119E+02  0.6061147E+01
  0.3801577E+02  0.7417002E+01  0.1675576E+02
  0.3054518E+02  0.1576924E+02  0.8865436E+00
  0.1677923E+02  0.1314893E+02  0.4373050E+01
  0.4445393E+02  0.2008450E+02  0.1767999E+02
  0.3489447E+02  0.3994798E+01  0.1401360E+02
  0.3443112E+02  0.1344977E+02  0.1197761E+00
  0.3434329E+02  0.2459379E+01  0.9418821E+01
  0.3090294E+02  0.1915774E+02  0.4849892E+00
  0.3746128E+02  0.1011735E+02  0.1047594E+02
  0.2583672E+02  0.9814664E+01  0.2980502E+01
  0.1492112E+02  0.7265853E+00  0.2160051E+01
  0.3754746E+02  0.1956011E+02  0.1331767E+02
  0.1687542E+02  0.8057554E+01  0.9180678E+01
  0.2846355E+02  0.1630606E+02  0.5873871E+01
  0.3498278E+02  0.7702898E+00  0.2132408E+02
  0.3393345E+02  0.1808321E+02  0.8353013E+01
  0.4159543E+02  0.1174910E+02  0.1623561E+02
  0.3425315E+02  0.1653886E+02  0.1302366E+02
  0.2760141E+02  0.6761692E+01  0.8386818E+01
  0.1515918E+02  0.1505716E+02  0.4304790E+01
  0.1678981E+02  0.1028522E+02  0.2087948E+02
  0.3043828E+02  0.2930987E+01  0.6822593E+01
  0.5201642E+02  0.5098093E+01  0.9817290E+01
  0.3410179E+02  0.1053028E+02  0.9411660E+01
  0.2399694E+02  0.1131084E+02  0.1815074E+02
  0.2942372E+02  0.1419245E+02  0.6513671E+01
  0.3946133E+02  0.1531506E+02  0.2164055E+01
  0.3853547E+02  0.4060193E+01  0.2067726E+01
  0.3699660E+02  0.1794762E+02  0.1089317E+02
  0.2706814E+02  0.1943185E+01  0.5491417E+01
  0.3513049E+02  0.1987340E+02  0.9078738E+01
  0.3213866E+02  0.1089535E+02  0.1207188E+02
  0.3124537E+02  0.1373127E+02  0.8140059E+01
  0.4385062E+02  0.1354674E+02  0.1516968E+02
  0.2264847E+02  0.8270455E-01  0.1789750E+02
  0.2257220E+02  0.1439137E+02  0.1077767E+02
  0.4103129E+02  0.2815872E+01  0.1576491E+02
  0.4887859E+02  0.8272762E+01  0.4999377E+01
  0.2226587E+02  0.1664720E+02  0.2108683E+02
  0.3892149E+02  0.1292651E+02  0.1470479E+01
  0.2656697E+02  0.5951982E+01  0.3019041E+01
  0.3731517E+02  0.9718013E+01  0.3371652E+01
  0.3737666E+02  0.2109480E+02  0.4153316E+01
  0.1510654E+02  0.1602049E+02  0.7677819E+01
  0.1908321E+02  0.3741189E+01  0.1528470E+02
  0.1685492E+02  0.1126488E+02  0.7617715E+01
  0.4260199E+02  0.1905208E+02  0.6845493E+01
  0.2353907E+02  0.1298647E+02  0.1449578E+02
  0.3295736E+02  0.1918098E+02  0.1225228E+02
  0.1832019E+02  0.6766579E+01  0.1316912E+02
  0.3764826E+02  0.3206942E+01  0.7913111E+01
  0.3668700E+02  0.2286899E+01  0.1338011E+02
  0.4776001E+02  0.1252579E+02  0.5754620E+01
  0.3252267E+02  0.3558865E+01  0.1513887E+02
  0.1611736E+02  0.3096222E+01  0.5632816E+01
  0.3357745E+02  0.1319705E+02  0.1224401E+02
  0.1998833E+02  0.1459575E+02  0.1117249E+01
  0.3172710E+02  0.1367479E+02  0.1053000E+02
  0.3074453E+02  0.1119626E+02  0.1027882E+02
  0.4457663E+02  0.7215346E+01  0.5570892E+01
  0.1787302E+02  0.1413938E+02  0.2155935E+02
  0.3992711E+02  0.6103278E+00  0.1320102E+02
  0.2508252E+02  0.1843707E+02  0.2054844E+02
  0.3210426E+02  0.1397213E+02  0.1740086E+02
  0.2027681E+02  0.1472582E+02  0.4659542E+01
  0.4013288E+02  0.1370432E+02  0.7225026E+01
  0.4960378E+02  0.1866211E+02  0.4708351E+01
  0.5380346E+02  0.1539126E+02  0.1373070E+02
  0.2580866E+02  0.4343657E+01  0.1143474E+02
  0.3880015E+02  0.9281671E+01  0.1537017E+02
  0.4339649E+02  0.1865807E+02  0.1557693E+02
  0.4019957E+02  0.1276535E+02  0.1205654E+02
  0.1789176E+02  0.1819535E+02  0.1730509E+02
  0.4515601E+02  0.3587066E+01  0.1620294E+02
  0.3093606E+02  0.1078292E+02  0.2107269E+02
  0.4453428E+02  0.4166323E+01  0.8010601E+01
  0.3968920E+02  0.5798031E+01  0.1588228E+02
  0.3555150E+02  0.2175110E+01  0.1536736E+02
  0.2780453E+02  0.4289279E+01  0.8689123E+01
  0.2139391E+02  0.4429991E+01  0.1251382E+02
  0.3158885E+02  0.1766651E+02  0.1086550E+02
  0.3283694E+02  0.1092145E+02  0.1970061E+02
  0.2280379E+02  0.8722656E+01  0.1965084E+02
  0.3882351E+02  0.1672847E+01  0.6823606E+01
  0.1770872E+02  0.2038130E+02  0.8932449E+01
  0.1969682E+02  0.1374787E+02  0.1032239E+02
  0.1344968E+02  0.1785314E+02  0.9830772E+01
  0.1909904E+02  0.1298099E+02  0.1979492E+02
  0.4993485E+02  0.1306024E+02  0.1591368E+02
  0.4008605E+02  0.1621154E+02  0.2053366E+02
  0.1978799E+02  0.1090521E+02  0.2078744E+02
  0.2805902E+02  0.1216868E+02  0.6139577E+01
  0.4656372E+02  0.1661483E+02  0.1070099E+02
  0.3703903E+02  0.1582101E+02  0.2053228E+01
  0.1406166E+02  0.1569065E+02  0.1402103E+02
  0.2427465E+02  0.1728638E+02  0.1325696E+01
  0.3173452E+02  0.7422543E+01  0.1833647E+02
  0.2767925E+02  0.2120876E+02  0.5361002E+01
  0.2460953E+02  0.6345444E+00  0.1916197E+02
  0.3165894E+02  0.5087002E+01  0.6957421E+01
  0.4026330E+02  0.1796894E+02  0.1218551E+02
  0.2414129E+02  0.2109123E+02  0.6331606E+01
  0.1488797E+02  0.1228563E+01  0.5194071E+01
  0.2927359E+02  0.1321194E+02  0.1083996E+02
  0.2548750E+02  0.4357266E+01  0.4591964E+01
  0.2123611E+02  0.1404613E+02  0.2089196E+02
  0.1276833E+02  0.1576498E+02  0.8943229E+01
  0.2537102E+02  0.3312314E+01  0.2161894E+02
  0.2892974E+02  0.3583661E+01  0.1914087E+01
  0.3888937E+02  0.9857602E+01  0.1476765E+01
  0.3273197E+02  0.8524723E+01  0.1232065E+02
  0.4518710E+02  0.1721683E+02  0.1566029E+02
  0.2888821E+02  0.9781188E+01  0.9254429E+01
  0.3475403E+02  0.1553706E+02  0.2890298E+01
  0.1872276E+02  0.6746570E+01  0.1073481E+02
  0.4525441E+02  0.3000675E+01  0.1988175E+02
  0.1254587E+02  0.1765677E+01  0.4266518E+01
  0.5125225E+02  0.1788796E+02  0.9426894E+01
  0.3163835E+02  0.7121075E+01  0.5497728E+01
  0.3366932E+02  0.2025290E+02  0.1599478E+02
  0.1336267E+02  0.2138229E+02  0.1796435E+02
  0.2145439E+02  0.1015612E+02  0.1234771E+02
  0.3894281E+02  0.5903617E+01  0.5091698E+01
  0.4490858E+02  0.1690309E+02  0.2176627E+01
  0.2197784E+02  0.4967923E+01  0.1023086E+02
  0.3945040E+02  0.1150813E+02  0.1585099E+02
  0.4525362E+02  0.5783027E+01  0.1714055E+02
  0.3697542E+02  0.1838633E+02  0.1841044E+02
  0.3629996E+02  0.1503806E+02  0.9624717E+01
  0.2376443E+02  0.1346040E+02  0.1753878E+02
  0.3879943E+02  0.4575987E+01  0.1101001E+02
  0.5180298E+02  0.7220152E+01  0.1449126E+02
  0.2487509E+02  0.1630881E+02  0.9808136E+01
  0.4490318E+02  0.1467549E+02  0.6335522E+00
  0.4547096E+02  0.6708851E+01  0.2060299E+02
  0.4347151E+02  0.8950053E+01  0.2602862E+01
  0.3109649E+02  0.4736225E+01  0.1100078E+02
  0.4820105E+02  0.1575343E+02  0.2025346E+02
  0.3924328E+02  0.2040050E+02  0.1484251E+02
  0.4534389E+02  0.8377052E+01  0.1442281E+02
  0.2210707E+02  0.7859219E+01  0.3354657E+01
  0.2507766E+02  0.2085738E+02  0.8725751E+01
  0.1107127E+02  0.2134050E+02  0.1721545E+02
  0.1625027E+02  0.6158281E+01  0.4074512E+00
  0.2503648E+02  0.1039911E+02  0.1322414E+02
  0.4443430E+02  0.2062151E+02  0.2133334E+02
  0.2306883E+02  0.5969458E+01  0.7280621E+01
  0.3741861E+02  0.1360479E+02  0.2018506E+02
  0.2382569E+02  0.4141843E+01  0.8878567E+01
  0.1993574E+02  0.1298547E+02  0.3037681E+01
  0.5266663E+02  0.5303271E+01  0.2151977E+02
  0.3338936E+02  0.1628108E+02  0.1218288E+01
  0.4851360E+02  0.1812735E+02  0.1390094E+02
  0.3559979E+02  0.3388954E+01  0.1149409E+02
  0.2899058E+02  0.1451007E+02  0.1686198E+02
  0.1910429E+02  0.2075490E+02  0.7354496E+00
  0.2957669E+02  0.6598025E+01  0.4750245E+01
  0.1691818E+02  0.1930322E+01  0.1820714E+02
  0.3606779E+02  0.1747179E+02  0.2062645E+02
  0.2286427E+02  0.6081323E+01  0.2298373E+01
  0.4218686E+02  0.1030226E+02  0.1211433E+02
  0.3089437E+02  0.4132840E+01  0.1436090E+01
  0.2918712E+02  0.1653869E+02  0.3424475E+01
  0.1724526E+02  0.1704079E+02  0.2118817E+02
  0.2706336E+02  0.1179967E+02  0.1052543E+02
  0.3495494E+02  0.1990124E+02  0.2088875E+02
  0.3231050E+02  0.9325133E+01  0.5722816E+01
  0.4229078E+02  0.1512532E+02  0.1410764E+02
  0.3636535E+02  0.4919330E+01  0.2117243E+02
  0.1542867E+02  0.1726778E+02  0.1133120E+02
  0.4845854E+02  0.1346740E+02  0.2070707E+02
  0.4847313E+02  0.9159831E+01  0.1419106E+02
  0.4226935E+02  0.5291736E+01  0.1857897E+02
  0.3425980E+02  0.1096382E+02  0.1628269E+00
  0.4982904E+02  0.2036962E+02  0.6317834E+01
  0.2988512E+02  0.8078589E+01  0.1536559E+02
  0.3808253E+02  0.1335522E+02  0.1522646E+02
  0.3587815E+02  0.6397333E+01  0.1388200E+02
  0.2419438E+02  0.8281956E+01  0.2081455E+01
  0.2428450E+02  0.1078273E+01  0.4354998E+01
  0.4468332E+02  0.1564568E+02  0.1384663E+02
  0.2559763E+02  0.1266393E+02  0.5637355E+01
  0.3273873E+02  0.2138821E+02  0.3549301E+01
  0.2903259E+02  0.1899547E+02  0.1835422E+02
  0.3822789E+02  0.1480478E+02  0.4029287E+01
  0.1684747E+02  0.1759768E+02  0.1507431E+02
  0.2529926E+02  0.1932349E+02  0.1277158E+02
  0.4315408E+02  0.9713834E+01  0.1677771E+02
  0.1961180E+02  0.1182005E+02  0.1314012E+02
  0.3475473E+02  0.1830184E+02  0.1121572E+01
  0.2639918E+02  0.6396339E+01  0.2034019E+02
  0.2663286E+02  0.1340837E+02  0.1931739E+02
  0.3956951E+02  0.1368241E+02  0.2102786E+02
  0.3405169E+02  0.4392885E+01  0.3276395E+01
  0.4886762E+02  0.7557658E+01  0.1680025E+02
  0.2711403E+02  0.1600242E+02  0.1965433E+02
  0.4086566E+02  0.3342449E+01  0.6634219E+01
  0.3619001E+02  0.1184638E+02  0.3154993E+01
  0.3660383E+02  0.1256201E+02  0.8303222E+00
  0.1737308E+02  0.9611538E+01  0.1119756E+02
  0.2143150E+02  0.8970050E+01  0.1629858E+02
  0.2787938E+02  0.2008441E+02  0.1504393E+01
  0.2513827E+02  0.8460808E+01  0.1998382E+02
  0.3890315E+02  0.1171948E+02  0.9221068E+01
  0.4174257E+02  0.9609557E+01  0.7361517E+01
  0.3932234E+02  0.4848413E+01  0.7320288E+01
  0.1112088E+02  0.1713091E+02  0.1946403E+02
  0.4400943E+02  0.1430866E+02  0.1848421E+02
  0.2105982E+02  0.1395387E+02  0.8200419E+01
  0.4620405E+02  0.1031905E+02  0.2141702E+02
  0.2899014E+02  0.9729985E+01  0.1715513E+02
  0.2738577E+02  0.1293568E+02  0.4023169E+01
  0.2916253E+02  0.1374834E+02  0.5178295E+00
  0.2037642E+02  0.1979818E+02  0.3386338E+01
  0.1873943E+02  0.1811183E+02  0.1351343E+02
  0.3398081E+02  0.6691815E+00  0.1471709E+02
  0.3196606E+02  0.1670141E+02  0.1570372E+02
  0.1134919E+02  0.9473328E+01  0.2426735E+01
  0.4403678E+02  0.1008928E+02  0.7999868E+01
  0.9956530E+01  0.1696676E+02  0.3186818E+01
  0.2896914E+02  0.1288630E+02  0.1998541E+02
  0.3211369E+02  0.1557852E+02  0.1210415E+02
  0.1789698E+02  0.1207470E+01  0.3708423E+01
  0.4871044E+02  0.1998792E+02  0.8264947E+01
  0.3019013E+02  0.9876146E+01  0.1479659E+01
  0.2073962E+02  0.2510078E+01  0.5907361E+01
  0.3089060E+02  0.2009438E+02  0.1246027E+02
  0.3629232E+02  0.5120022E+01  0.2555453E+01
  0.3936482E+02  0.8799917E+00  0.1596371E+02
  0.1309880E+02  0.8664685E+01  0.6937107E+01
  0.4447095E+02  0.1584850E+02  0.2017810E+02
  0.4897005E+02  0.9778700E+01  0.9751250E+01
  0.5006896E+02  0.1254974E+01  0.4536120E+01
  0.2542544E+02  0.1736891E+02  0.3642040E+01
  0.5258703E+02  0.1192661E+02  0.1209720E+02
  0.3355041E+02  0.4498524E+01  0.1955809E+02
  0.2869931E+02  0.4298092E+01  0.1938215E+02
  0.1791413E+02  0.4301765E+01  0.8265496E+01
  0.3897613E+02  0.6913876E+01  0.1202055E+02
  0.3034731E+02  0.9244132E+00  0.5503268E+01
  0.2863156E+02  0.1541282E+01  0.1100738E+02
  0.2011280E+02  0.3765560E+01  0.9251284E+01
  0.3974548E+02  0.7349661E+01  0.9787338E+01
  0.3802611E+02  0.1929636E+02  0.2056601E+02
  0.2667675E+02  0.3223380E+01  0.1653221E+02
  0.2747029E+02  0.1268999E+02  0.1524862E+02
  0.2249524E+02  0.2832098E+01  0.1511442E+02
  0.3059898E+02  0.1649697E+02  0.1368862E+02
  0.5003112E+02  0.5186403E+01  0.1265424E+02
  0.3275354E+02  0.4411478E+01  0.9244121E+01
  0.4066917E+02  0.5683373E+01  0.7530139E+00
  0.3543592E+02  0.1722585E+02  0.1607136E+02
  0.2596230E+02  0.1958556E+02  0.6032573E+01
  0.5445024E+02  0.2116099E+02  0.1933684E+02
  0.3388525E+02  0.1718200E+02  0.1926102E+02
  0.1510613E+02  0.8197530E+01  0.1491544E+02
  0.2994643E+02  0.2139034E+02  0.1070336E+02
  0.4965332E+02  0.5882796E+01  0.1497834E+02
  0.4262105E+02  0.5102984E+01  0.1302599E+02
  0.1578437E+02  0.1161957E+02  0.1173106E+02
  0.2796567E+02  0.2164742E+02  0.2133626E+02
  0.4105339E+02  0.1075324E+02  0.1397271E+01
  0.3181754E+02  0.1124173E+02  0.8133191E+01
  0.1743940E+02  0.2139580E+02  0.5560485E+01
  0.4284974E+02  0.1056984E+02  0.4416495E+01
  0.5235644E+02  0.1228915E+01  0.1568799E+02
  0.3135866E+02  0.6232605E+00  0.1749411E+02
  0.1968350E+02  0.7218094E+01  0.1702393E+02
  0.4177671E+02  0.1473125E+02  0.1176940E+02
  0.3298273E+02  0.6658344E+01  0.1007369E+01
  0.1471824E+02  0.9971464E+01  0.1094670E+00
  0.3077192E+02  0.8589103E+01  0.9149496E+01
  0.2019332E+02  0.1061175E+02  0.2965932E+01
  0.2639536E+02  0.4939118E+01  0.1832680E+02
  0.2765494E+02  0.1570330E+02  0.1374893E+00
  0.1698949E+02  0.2428931E+01  0.1275495E+02
  0.3887041E+02  0.1072549E+02  0.1819212E+02
  0.4412551E+02  0.3490627E+01  0.1393832E+02
  0.4626644E+02  0.2157595E+02  0.1001317E+01
  0.3746046E+02  0.1069495E+02  0.2137123E+02
  0.4492859E+02  0.6431557E+01  0.1800557E+01
  0.2389085E+02  0.8407678E+01  0.1419606E+02
  0.3291826E+02  0.2134885E+02  0.5884512E+01
  0.3421597E+02  0.6991739E+01  0.1869063E+02
  0.4794328E+02  0.1354311E+00  0.1978289E+02
  0.5169521E+02  0.1751770E+02  0.1658161E+02
  0.1449565E+02  0.1918049E-02  0.1431898E+02
  0.2224168E+02  0.1000951E+02  0.2165241E+02
  0.2621404E+02  0.1902549E+02  0.1582892E+02
  0.1212420E+02  0.3341026E+01  0.7632782E+01
  0.1036119E+02  0.1148024E+02  0.1839656E+02
  0.2551619E+02  0.1936417E+02  0.1188510E+01
  0.2413997E+02  0.1318797E+02  0.1223911E+02
  0.2461182E+02  0.1723927E+02  0.1834897E+02
  0.4781409E+02  0.1748702E+01  0.7602969E+01
  0.2691808E+02  0.9707943E+01  0.1187486E+02
  0.2886217E+02  0.2140087E+02  0.7361291E+01
  0.2417497E+02  0.9778499E+01  0.1633239E+02
  0.3212148E+02  0.2173587E+01  0.1558490E+01
  0.2698859E+02  0.1801185E+02  0.1904556E+02
  0.3134648E+02  0.4115708E+01  0.1727136E+02
  0.5077459E+02  0.1334468E+02  0.2051768E+02
  0.3800754E+02  0.3369850E+01  0.1847459E+02
  0.3165540E+02  0.1917869E+02  0.8724546E+01
  0.3666415E+02  0.1878795E+02  0.4092217E+01
  0.4845227E+02  0.1654330E+02  0.1590270E+02
  0.4119394E+02  0.1569130E+02  0.1832105E+02
  0.3178891E+02  0.1353084E+01  0.1518504E+02
  0.4258920E+02  0.8404981E+01  0.5452866E+01
  0.9533508E+01  0.4512985E+01  0.1990598E+02
  0.4168189E+02  0.1777859E+02  0.1705454E+02
  0.1487094E+02  0.5582144E+01  0.1722406E+02
  0.1283962E+02  0.1021011E+01  0.1260470E+02
  0.2298645E+02  0.2091148E+02  0.9811653E+01
  0.1288666E+02  0.1620410E+02  0.6312881E+01
  0.3715352E+02  0.9379300E+01  0.1929292E+02
  0.1589302E+02  0.1426280E+02  0.2024147E+02
  0.1988475E+02  0.7558176E+01  0.2612152E+01
  0.3186535E+02  0.1569925E+02  0.1937807E+02
  0.3195186E+02  0.2010916E+02  0.1765772E+02
  0.4211444E+02  0.1119955E+02  0.1851585E+02
  0.1498095E+02  0.2143115E+02  0.2162035E+02
  0.4197310E+02  0.2002085E+02  0.1777972E+02
  0.1522793E+02  0.1646877E+02  0.1751533E+02
  0.2585899E+02  0.1984431E+02  0.3560877E+01
  0.4017078E+02  0.2798788E+00  0.8359792E+01
  0.2789129E+02  0.3324598E+01  0.1422285E+02
  0.2565447E+02  0.1498760E+02  0.6953265E+00
  0.4810053E+02  0.1829976E+02  0.1135812E+02
  0.9389159E+01  0.4392511E+01  0.8681246E+01
  0.2160123E+02  0.2101320E+02  0.7615537E+00
  0.2675814E+02  0.7473771E+00  0.8091859E+01
  0.3472832E+02  0.1236680E+01  0.6244815E+01
  0.4437114E+02  0.1909038E+02  0.1174732E+02
  0.2940690E+02  0.1524090E+02  0.1915331E+02
  0.4541567E+02  0.1645753E+02  0.4648393E+01
  0.5309120E+02  0.5029494E+01  0.1426422E+02
  0.2682327E+02  0.1531492E+02  0.4530141E+01
  0.1268413E+02  0.7552033E+01  0.1790822E+02
  0.2775082E+02  0.1464379E+02  0.2487686E+01
  0.1637523E+02  0.1659065E+02  0.5681709E+01
  0.2090309E+02  0.1683646E+02  0.1490223E+01
  0.3115821E+02  0.1195207E+02  0.2568267E+01
  0.4210752E+02  0.7384451E+01  0.1378410E+02
  0.3686098E+02  0.1147854E+02  0.1240430E+02
  0.3603530E+02  0.8114056E+01  0.1754588E+02
  0.1497050E+02  0.1904399E+02  0.2486683E+01
  0.3993883E+02  0.1150619E+01  0.1906338E+01
  0.2528701E+02  0.7133370E+01  0.7396769E+01
  0.1281893E+02  0.2172248E+01  0.2427976E+00
  0.2654000E+02  0.2722999E+01  0.9625185E+01
  0.2407141E+02  0.1155899E+01  0.2151780E+02
  0.2375595E+02  0.1555346E+02  0.3884890E+01
  0.2521928E+02  0.1214213E+02  0.3421402E+01
  0.2412086E+02  0.1392137E+02  0.2149239E+01
  0.2604614E+02  0.4726517E+01  0.6876869E+01
  0.4651761E+02  0.5384212E+01  0.7555047E+01
  0.1401429E+02  0.1283267E+02  0.2132984E+02
  0.1435268E+02  0.5152323E+01  0.1259910E+02
  0.3865667E+02  0.1263772E+01  0.1916887E+02
  0.3149492E+02  0.8109509E+01  0.2644428E+01
  0.3630798E+02  0.1597709E+02  0.1405957E+02
  0.3902556E+02  0.2078166E+02  0.6126989E+00
  0.2781562E+02  0.4007602E+01  0.2160208E+02
  0.1714464E+02  0.2045988E+02  0.2121193E+02
  0.3507252E+02  0.4259814E+00  0.8530469E+01
  0.4551678E+02  0.1971509E+02  0.3909902E+01
  0.4217495E+02  0.1914898E+00  0.1380442E+02
  0.4690449E+02  0.9547305E+01  0.2087919E+01
  0.3930093E+02  0.1001127E+02  0.6727083E+01
  0.5420108E+02  0.2845426E+01  0.1980279E+02
  0.2776936E+02  0.2058120E+02  0.1695651E+02
  0.4936520E+02  0.4806006E+00  0.9097041E+01
  0.5069645E+02  0.1921177E+02  0.1117350E+02
  0.4691909E+02  0.1971397E+02  0.1463583E+02
  0.5203877E+02  0.1939315E+02  0.4000650E+01
  0.5405321E+02  0.1906876E+02  0.1430452E+02
  0.3935150E+02  0.1923497E+02  0.2099475E+01
  0.3740532E+02  0.1883298E+02  0.1545010E+02
  0.4292323E+02  0.1726282E+02  0.1934647E+02
  0.3222750E+02  0.1461332E+02  0.2158927E+02
  0.4067785E+02  0.4222696E+00  0.1790171E+02
  0.5007253E+02  0.2025547E+02  0.2672713E+01
  0.5520396E+02  0.1662992E+02  0.2555329E+01
  0.5572533E+02  0.1194027E+02  0.1374151E+02
  0.4878443E+02  0.1139996E+01  0.2166989E+02
  0.4659756E+02  0.1493816E+02  0.1499449E+02
  0.5673062E+02  0.6069347E+00  0.2080416E+02
  0.5731936E+02  0.1966468E+02  0.2115311E+01
  0.5076063E+02  0.1717263E+02  0.3096278E+01
  0.5605340E+02  0.2064660E+02  0.4376166E+00
  0.5815478E+02  0.1917062E+01  0.7232945E+00
  0.5845085E+02  0.2104541E+02  0.3563832E+01
  0.5336059E+02  0.1641714E+01  0.4855778E+01
  0.5969842E+02  0.1984001E+02  0.2084833E+02
  0.6241063E+02  0.7192571E+00  0.2069239E+02
  0.6242123E+02  0.1982619E+02  0.1820781E+01
  0.5961606E+02  0.6531771E+00  0.2014410E+01
  0.6108333E+02  0.2113626E+02  0.5228250E+00
  0.6386688E+02  0.1976992E+01  0.2752830E+00
  0.6387777E+02  0.2099496E+02  0.3359944E+01
  0.6132386E+02  0.1926754E+01  0.3290250E+01
  0.4292431E+02  0.3514744E+01  0.3430518E+01
  0.3158108E+02  0.9905006E+01  0.1551985E+02
  0.3994657E+02  0.1270514E+02  0.3730986E+01
  0.3967936E+02  0.3783744E+01  0.2165036E+02
  0.5420901E+02  0.1949737E+02  0.2126077E+02
  0.4826979E+02  0.1348493E+02  0.8046003E+01
  0.4690906E+02  0.6545656E+01  0.5316931E+01
  0.3302110E+02  0.2086635E+02  0.1977961E+02
  0.5084235E+02  0.7300400E-01  0.1013291E+01
  0.5034188E+02  0.6340809E+01  0.1881391E+01
  0.3793840E+02  0.1727043E+02  0.1263704E+02
  0.4198341E+02  0.1707150E+02  0.2160861E+02
  0.4457671E+02  0.1847116E+01  0.7843040E+01
  0.5424823E+02  0.1138551E+02  0.2338377E+01
  0.5032914E+02  0.1323521E+02  0.1194608E+02
  0.4996728E+02  0.1527551E+02  0.8096619E+01
  0.4807447E+02  0.1944630E+02  0.1879407E+02
  0.5692035E+02  0.5940328E+01  0.2071705E+02
  0.5702688E+02  0.3274418E+01  0.2356707E+01
  0.5400196E+02  0.1135809E+02  0.1828838E+02
  0.5597032E+02  0.4523830E+01  0.7731721E+00
  0.5834319E+02  0.7314063E+01  0.4573601E+00
  0.5845966E+02  0.4637988E+01  0.3125010E+01
  0.5576190E+02  0.7630081E+01  0.2810856E+01
  0.5938013E+02  0.3190583E+01  0.2085814E+02
  0.6225310E+02  0.5948952E+01  0.2073163E+02
  0.6249966E+02  0.3318871E+01  0.1659920E+01
  0.5982520E+02  0.5868315E+01  0.1648429E+01
  0.6108615E+02  0.4429015E+01  0.3363233E+00
  0.6356298E+02  0.7443907E+01  0.2749697E+00
  0.6391986E+02  0.4339642E+01  0.3261798E+01
  0.6134146E+02  0.7088863E+01  0.3077523E+01
  0.5090944E+02  0.1797625E+02  0.1431061E+02
  0.4103990E+02  0.1426657E+02  0.5208591E+01
  0.4710704E+02  0.1286426E+02  0.1004256E+02
  0.4873514E+02  0.4676091E+01  0.2008063E+02
  0.3703544E+02  0.2013926E+02  0.6357402E+01
  0.5007554E+02  0.1191997E+01  0.6862472E+01
  0.3921880E+02  0.5209090E+01  0.1983336E+02
  0.2453488E+02  0.1554863E+02  0.1638703E+02
  0.5412171E+02  0.6327254E+01  0.1789438E+02
  0.5440212E+02  0.1323372E+02  0.1239234E+02
  0.5042370E+02  0.5975875E+01  0.1891416E+02
  0.3153571E+02  0.5561152E+01  0.1437684E+02
  0.4941373E+02  0.1061942E+02  0.5781013E+01
  0.4898111E+02  0.8508680E+01  0.2116436E+02
  0.5152416E+02  0.1913629E+02  0.7555026E+01
  0.5189687E+02  0.1449840E+02  0.1879469E+02
  0.5401218E+02  0.8897175E+01  0.2069802E+02
  0.5703454E+02  0.1133824E+02  0.2061344E+02
  0.5688666E+02  0.8837916E+01  0.1500131E+01
  0.4321147E+02  0.2010153E+02  0.3177964E+01
  0.5526121E+02  0.1029642E+02  0.4726883E+00
  0.5823454E+02  0.1280990E+02  0.2884031E+00
  0.5816279E+02  0.1015186E+02  0.3159251E+01
  0.5567412E+02  0.1259272E+02  0.3691243E+01
  0.5959835E+02  0.8604737E+01  0.2072503E+02
  0.6231036E+02  0.1151588E+02  0.2078510E+02
  0.6212837E+02  0.8766822E+01  0.1737027E+01
  0.5978250E+02  0.1136495E+02  0.1887789E+01
  0.6091849E+02  0.1006583E+02  0.1040082E+00
  0.6390594E+02  0.1292300E+02  0.5054699E+00
  0.6387445E+02  0.9974660E+01  0.2890190E+01
  0.6117694E+02  0.1270988E+02  0.3176094E+01
  0.4583555E+02  0.1152632E+02  0.2477488E+01
  0.4946011E+02  0.1662369E+02  0.6770393E+00
  0.3750230E+02  0.2676449E+01  0.1010288E+02
  0.4371942E+02  0.3294862E+01  0.1811019E+02
  0.3377785E+02  0.1677479E+02  0.1055111E+02
  0.4248373E+02  0.1963239E+02  0.2010232E+02
  0.3720714E+02  0.1280723E+02  0.1034613E+02
  0.4307754E+02  0.8089194E+01  0.1160151E+02
  0.5060781E+02  0.1219059E+02  0.4436565E+01
  0.4175344E+02  0.1732076E+02  0.5591104E+01
  0.4647421E+02  0.1728753E+02  0.1959018E+02
  0.4210297E+02  0.1599718E+01  0.8009797E+01
  0.4807595E+02  0.4029915E+01  0.8734481E+01
  0.5412962E+02  0.5984216E+01  0.1766275E+01
  0.3404984E+02  0.6456018E+01  0.8699566E+01
  0.4180177E+02  0.1212933E+02  0.7649100E+01
  0.5268789E+02  0.1276188E+02  0.3216001E+00
  0.5719298E+02  0.1700596E+02  0.2066468E+02
  0.5708311E+02  0.1389221E+02  0.2044648E+01
  0.5188719E+02  0.1897177E+02  0.2011394E+02
  0.5604706E+02  0.1539615E+02  0.5761956E+00
  0.5861846E+02  0.1839612E+02  0.4768372E+00
  0.5823018E+02  0.1563043E+02  0.3375815E+01
  0.5110324E+02  0.1389065E+02  0.6141450E+01
  0.5957813E+02  0.1413727E+02  0.2059770E+02
  0.6251483E+02  0.1688570E+02  0.2069269E+02
  0.6245720E+02  0.1413419E+02  0.1800085E+01
  0.5981339E+02  0.1679757E+02  0.1599725E+01
  0.6119500E+02  0.1548708E+02  0.1887507E+00
  0.6364617E+02  0.1834485E+02  0.5575442E+00
  0.6383370E+02  0.1568954E+02  0.3109693E+01
  0.6115109E+02  0.1821075E+02  0.2941418E+01
  0.5072615E+02  0.8590159E+01  0.1117850E+02
  0.4749059E+02  0.1551264E+02  0.5021631E+01
  0.4878198E+02  0.7595714E+01  0.8217583E+01
  0.5030267E+02  0.2808188E+01  0.2056295E+02
  0.4630669E+02  0.4629730E+00  0.6787110E+01
  0.4193806E+02  0.1557629E+02  0.2088399E+01
  0.4107357E+02  0.4960868E+01  0.3072821E+01
  0.5205546E+02  0.1228712E+02  0.2707031E+01
  0.3800944E+02  0.1672895E+02  0.8789655E+01
  0.3672070E+02  0.1584023E+02  0.6872772E+01
  0.4034225E+02  0.1967625E+02  0.7878419E+01
  0.4860776E+02  0.6354215E+01  0.1496008E+00
  0.4674403E+02  0.2009378E+02  0.1199989E+02
  0.5281466E+02  0.1320991E+02  0.1709350E+02
  0.5329029E+02  0.1384258E+02  0.7311297E+01
  0.5432850E+02  0.3009661E+01  0.1023948E+02
  0.5468334E+02  0.1653680E+02  0.1812944E+02
  0.5710407E+02  0.5627633E+00  0.4732275E+01
  0.5707860E+02  0.1965217E+02  0.7261388E+01
  0.5065732E+02  0.2062743E+02  0.1760545E+02
  0.3877215E+02  0.1698178E+02  0.5745484E+00
  0.5846972E+02  0.2004405E+01  0.5968500E+01
  0.5821188E+02  0.2090913E+02  0.8937078E+01
  0.5590931E+02  0.1862130E+02  0.3507923E+01
  0.5998626E+02  0.1936382E+02  0.4865680E+01
  0.6244602E+02  0.5619739E+00  0.4762845E+01
  0.6238246E+02  0.1904744E+02  0.7245343E+01
  0.5956288E+02  0.5331472E+00  0.7354715E+01
  0.6121951E+02  0.2093080E+02  0.6288218E+01
  0.6411525E+02  0.1830455E+01  0.5669426E+01
  0.6359622E+02  0.2044282E+02  0.8508913E+01
  0.6119981E+02  0.1908252E+01  0.8427840E+01
  0.4355459E+02  0.3530095E+01  0.2146017E+02
  0.5083409E+02  0.1478645E+02  0.3104424E+01
  0.5014705E+02  0.1953727E+02  0.2285401E+00
  0.3348692E+02  0.1700314E+02  0.4191732E+01
  0.4445745E+02  0.3253613E+00  0.2526019E+01
  0.3658117E+02  0.7073306E+01  0.8703146E+00
  0.3394415E+02  0.2157746E+02  0.1247312E+02
  0.4652823E+02  0.1261388E+01  0.1822518E+02
  0.3474696E+02  0.1314049E+02  0.6365998E+01
  0.5558396E+02  0.2099864E+02  0.6124503E+01
  0.5453219E+02  0.7104584E+00  0.7599728E+01
  0.4610355E+02  0.4174748E+00  0.1462104E+02
  0.4044146E+02  0.4428041E+01  0.1383605E+02
  0.4061617E+02  0.5050814E+01  0.9362886E+01
  0.5329873E+02  0.3797842E+01  0.8009122E+01
  0.5290003E+02  0.4818526E+01  0.1916918E+02
  0.5115840E+02  0.2128494E+02  0.1004878E+02
  0.5667375E+02  0.5885205E+01  0.3940340E+01
  0.5711852E+02  0.3309174E+01  0.7528538E+01
  0.5348980E+02  0.9325457E+01  0.5669989E+01
  0.5508965E+02  0.4740239E+01  0.7243554E+01
  0.5794967E+02  0.7136842E+01  0.5483145E+01
  0.5874455E+02  0.4534294E+01  0.8819657E+01
  0.5589778E+02  0.6839157E+01  0.8234677E+01
  0.5977991E+02  0.3525892E+01  0.4405346E+01
  0.6248233E+02  0.5743223E+01  0.4584510E+01
  0.6264294E+02  0.3225639E+01  0.7022443E+01
  0.5962496E+02  0.5760699E+01  0.7007026E+01
  0.6113578E+02  0.4580830E+01  0.5756801E+01
  0.6378952E+02  0.7218925E+01  0.5975824E+01
  0.6386062E+02  0.4737358E+01  0.8530179E+01
  0.6102793E+02  0.7212482E+01  0.8298220E+01
  0.2786631E+02  0.1798902E+02  0.7697602E+01
  0.4509817E+02  0.1132221E+02  0.1009906E+02
  0.4390286E+02  0.6576450E+01  0.1519393E+02
  0.5181206E+02  0.8210937E+01  0.2268203E+01
  0.5239413E+02  0.7613842E+01  0.1657191E+02
  0.4519935E+02  0.2014311E+02  0.9696197E+01
  0.4228542E+02  0.5440059E+01  0.2068983E+02
  0.5332605E+02  0.2107654E+02  0.1196700E+01
  0.4632556E+02  0.5075008E+01  0.1908489E+02
  0.5209593E+02  0.7699985E+01  0.2161993E+02
  0.4444471E+02  0.1406378E+02  0.7192322E+01
  0.5252267E+02  0.1732067E+01  0.7003380E+01
  0.4257619E+02  0.4524958E+01  0.7164217E+01
  0.3459809E+02  0.1106973E+02  0.1159260E+02
  0.3770746E+02  0.1434904E+02  0.1757250E+02
  0.4659186E+02  0.1492194E+02  0.7117618E+01
  0.4841523E+02  0.5114707E+01  0.1069262E+02
  0.5685585E+02  0.1128107E+02  0.4918093E+01
  0.5687931E+02  0.8708153E+01  0.6961009E+01
  0.4644162E+02  0.9395595E+01  0.9878726E+01
  0.5537206E+02  0.1049216E+02  0.6415692E+01
  0.5856152E+02  0.1260946E+02  0.5742398E+01
  0.5837752E+02  0.1008105E+02  0.8306909E+01
  0.5570719E+02  0.1578573E+02  0.6010261E+01
  0.5935465E+02  0.8301355E+01  0.4106670E+01
  0.6247386E+02  0.1119474E+02  0.4453472E+01
  0.6214041E+02  0.8546318E+01  0.7030193E+01
  0.5982642E+02  0.1109564E+02  0.7025959E+01
  0.6078367E+02  0.9727344E+01  0.5476735E+01
  0.6378861E+02  0.1284861E+02  0.5678043E+01
  0.6358840E+02  0.1007437E+02  0.8393777E+01
  0.6103168E+02  0.1286375E+02  0.8422404E+01
  0.4801449E+02  0.1185876E+02  0.1480308E+02
  0.4355778E+02  0.5799005E+01  0.1090902E+02
  0.4296053E+02  0.1721814E+01  0.1560143E+02
  0.4984349E+02  0.2118343E+02  0.1522715E+02
  0.2531030E+02  0.1175939E+02  0.8756592E+01
  0.4859930E+02  0.1155058E+02  0.1129169E+02
  0.3349209E+02  0.1245544E+02  0.2103028E+01
  0.3968504E+02  0.2024680E+02  0.4119835E+01
  0.3718627E+02  0.3059797E+01  0.2630741E+00
  0.5182500E+02  0.1637318E+02  0.5443410E+01
  0.5248194E+02  0.9928276E+01  0.1923361E+02
  0.4868314E+02  0.1397234E+02  0.1376679E+02
  0.4557789E+02  0.1851432E+02  0.5947823E+01
  0.4608672E+02  0.4523865E+01  0.3908099E+01
  0.4718028E+02  0.1776745E+02  0.2489362E+01
  0.3420890E+02  0.1070681E+01  0.1909213E+01
  0.5104792E+02  0.5590670E+01  0.5324863E+01
  0.5723198E+02  0.1714601E+02  0.4865479E+01
  0.5705731E+02  0.1381783E+02  0.7158918E+01
  0.5471640E+02  0.1478489E+02  0.4106147E+01
  0.5139749E+02  0.7961280E+01  0.4471222E+01
  0.5867797E+02  0.1823730E+02  0.6363931E+01
  0.5838256E+02  0.1536107E+02  0.8533144E+01
  0.5589256E+02  0.1840337E+02  0.8903057E+01
  0.5982235E+02  0.1417279E+02  0.4376009E+01
  0.6241710E+02  0.1699455E+02  0.4628331E+01
  0.6255464E+02  0.1414048E+02  0.7119537E+01
  0.6003373E+02  0.1645286E+02  0.7366728E+01
  0.6115799E+02  0.1538317E+02  0.5629267E+01
  0.6392494E+02  0.1806246E+02  0.5996913E+01
  0.6377165E+02  0.1551935E+02  0.8673953E+01
  0.6113286E+02  0.1785419E+02  0.8761183E+01
  0.4571732E+02  0.1138823E+02  0.1908703E+02
  0.2988483E+02  0.1749389E+01  0.1366634E+02
  0.4597465E+02  0.6139938E+01  0.1101628E+02
  0.4060605E+02  0.1038938E+02  0.3777272E+01
  0.5234049E+02  0.1511991E+02  0.1551683E+02
  0.5211601E+02  0.1446847E+02  0.9395657E+01
  0.3909514E+02  0.7638858E+01  0.1020942E+01
  0.5303750E+02  0.2070853E+02  0.8665341E+01
  0.4431674E+02  0.1124792E+02  0.1223893E+02
  0.4126861E+02  0.1164442E+02  0.1007603E+02
  0.4818501E+02  0.1535452E+02  0.1979533E+01
  0.4837174E+02  0.1144261E+02  0.7577385E+00
  0.4871776E+02  0.2806727E+01  0.1128923E+02
  0.5316529E+02  0.1649314E+02  0.9230260E+01
  0.5576719E+02  0.2054738E+01  0.9030428E+01
  0.4355905E+02  0.2164082E+02  0.9140599E+01
  0.5429552E+02  0.1962563E+02  0.1032468E+02
  0.5703989E+02  0.7294432E+00  0.1049196E+02
  0.5744224E+02  0.1983022E+02  0.1287408E+02
  0.5318389E+02  0.8066674E+01  0.1135778E+02
  0.5563751E+02  0.2092962E+02  0.1183378E+02
  0.5879469E+02  0.1888998E+01  0.1166807E+02
  0.5860769E+02  0.2124090E+02  0.1428821E+02
  0.5543655E+02  0.2055497E+01  0.1418489E+02
  0.5977487E+02  0.1953232E+02  0.9891862E+01
  0.6245639E+02  0.4020558E+00  0.9516238E+01
  0.6231229E+02  0.1959339E+02  0.1268358E+02
  0.6015628E+02  0.3650199E+00  0.1312293E+02
  0.6110897E+02  0.2103281E+02  0.1125413E+02
  0.6345641E+02  0.1818569E+01  0.1124489E+02
  0.6392378E+02  0.2113851E+02  0.1395901E+02
  0.6119441E+02  0.1814891E+01  0.1424427E+02
  0.3422132E+02  0.1937578E+02  0.3945851E+01
  0.4017003E+02  0.2166219E+02  0.1071532E+02
  0.4414196E+02  0.1180820E+02  0.6178547E+01
  0.4567337E+02  0.5817427E+01  0.1346856E+02
  0.4819576E+02  0.3479108E+01  0.5956650E+00
  0.5255343E+02  0.1084191E+02  0.1433224E+02
  0.3928761E+02  0.1300640E+02  0.1867851E+02
  0.3453381E+02  0.1385653E+02  0.1665313E+02
  0.5018861E+02  0.6545250E+01  0.9820578E+01
  0.5272158E+02  0.8374843E+01  0.7635171E+01
  0.5258599E+02  0.1323328E+01  0.1104497E+02
  0.3662668E+02  0.1362401E+02  0.7527022E+01
  0.5498874E+02  0.4277497E+01  0.4739496E+01
  0.4708899E+02  0.1058528E+02  0.1288099E+02
  0.5134122E+02  0.3231419E+01  0.1375980E+02
  0.4274112E+02  0.1753872E+02  0.3203723E+01
  0.4966110E+02  0.1144706E+02  0.8118027E+01
  0.5717897E+02  0.5918212E+01  0.9817696E+01
  0.5689134E+02  0.2952740E+01  0.1265612E+02
  0.5207879E+02  0.9801514E+01  0.9549929E+01
  0.5582141E+02  0.4715434E+01  0.1127361E+02
  0.5837426E+02  0.7520065E+01  0.1128046E+02
  0.5809161E+02  0.4400989E+01  0.1402586E+02
  0.5405361E+02  0.5993829E+01  0.1219298E+02
  0.6025379E+02  0.2964481E+01  0.9967193E+01
  0.6231085E+02  0.5811300E+01  0.9837685E+01
  0.6243215E+02  0.3311552E+01  0.1278080E+02
  0.5941666E+02  0.5982599E+01  0.1274499E+02
  0.6110584E+02  0.4743433E+01  0.1150545E+02
  0.6365185E+02  0.7147676E+01  0.1133554E+02
  0.6371771E+02  0.4939200E+01  0.1393868E+02
  0.6077475E+02  0.7453500E+01  0.1400713E+02
  0.4716895E+02  0.1829271E+02  0.1663130E+02
  0.3837167E+02  0.8857904E+01  0.8500193E+01
  0.5213393E+02  0.1666264E+01  0.1913654E+02
  0.4425160E+02  0.1466241E+02  0.1071961E+02
  0.5668120E+02  0.1053883E+02  0.1553313E+02
  0.3369305E+02  0.1613401E+02  0.1695643E+02
  0.4501579E+02  0.1167070E+01  0.1077896E+02
  0.3192977E+02  0.1985837E+01  0.3841833E+01
  0.4939158E+02  0.1668577E+02  0.5811845E+01
  0.2750585E+02  0.2025088E+02  0.1218977E+02
  0.4596794E+02  0.1116588E+02  0.4792289E+01
  0.3830983E+02  0.1204494E+02  0.6701722E+01
  0.3801754E+02  0.1352957E+02  0.1271682E+02
  0.4359825E+02  0.1291689E+02  0.9303265E+01
  0.5542005E+02  0.7297686E+01  0.1394763E+02
  0.5563072E+02  0.1623921E+02  0.1220562E+02
  0.4539631E+02  0.9080522E+01  0.1218068E+02
  0.5678294E+02  0.1139413E+02  0.9704837E+01
  0.5687985E+02  0.8520316E+01  0.1247059E+02
  0.4905066E+02  0.1747391E+02  0.8527239E+01
  0.4643591E+02  0.7201359E+01  0.8847420E+01
  0.5945889E+02  0.1146927E+02  0.1265784E+02
  0.5613230E+02  0.1051329E+02  0.1187543E+02
  0.5168204E+02  0.1111067E+02  0.1661674E+02
  0.5980002E+02  0.8636890E+01  0.9913495E+01
  0.6249293E+02  0.1154422E+02  0.9688024E+01
  0.6221581E+02  0.8700130E+01  0.1249664E+02
  0.5831565E+02  0.9804296E+01  0.1390694E+02
  0.6111841E+02  0.1023113E+02  0.1112303E+02
  0.6383471E+02  0.1281157E+02  0.1098780E+02
  0.6356429E+02  0.1004258E+02  0.1382124E+02
  0.6059490E+02  0.1268008E+02  0.1413147E+02
  0.2815716E+02  0.7662974E+01  0.1794597E+02
  0.4633654E+02  0.2601555E+00  0.4315915E+01
  0.3292363E+02  0.2127192E+02  0.9265499E+01
  0.4155660E+02  0.1894028E+02  0.1495708E+01
  0.4224506E+02  0.1988579E+02  0.1242367E+02
  0.4811193E+02  0.3801848E+01  0.2930463E+01
  0.3822027E+02  0.2015559E+02  0.1076591E+02
  0.4697716E+02  0.1335034E+02  0.1177920E+01
  0.4153755E+02  0.1315774E+02  0.1272057E+01
  0.5399707E+02  0.9116432E+01  0.3232814E+01
  0.4757489E+02  0.1450122E+02  0.1175092E+02
  0.5000917E+02  0.7468932E+00  0.1887614E+02
  0.5371176E+02  0.6898859E+01  0.9413054E+01
  0.3705167E+02  0.1833005E+02  0.1970084E+01
  0.5133631E+02  0.3520920E+01  0.1145446E+02
  0.3627989E+02  0.2165461E+02  0.1271480E+02
  0.4361902E+02  0.1472337E+02  0.4920438E+01
  0.5715768E+02  0.1694307E+02  0.1020243E+02
  0.5682926E+02  0.1406924E+02  0.1273012E+02
  0.4255167E+02  0.6350063E+01  0.8795861E+01
  0.5540142E+02  0.1241551E+02  0.7918345E+01
  0.5845578E+02  0.1833989E+02  0.1143361E+02
  0.5836480E+02  0.1534844E+02  0.1396645E+02
  0.5609687E+02  0.1809626E+02  0.1387637E+02
  0.5967358E+02  0.1413222E+02  0.9797867E+01
  0.6253311E+02  0.1675496E+02  0.1015946E+02
  0.6234385E+02  0.1368337E+02  0.1263388E+02
  0.5975995E+02  0.1682767E+02  0.1267012E+02
  0.6118868E+02  0.1517904E+02  0.1124659E+02
  0.6395667E+02  0.1824904E+02  0.1108979E+02
  0.6395147E+02  0.1522966E+02  0.1399072E+02
  0.6103361E+02  0.1841154E+02  0.1411680E+02
  0.4425584E+02  0.7669398E+01  0.7765235E+01
  0.3815853E+02  0.1692283E+02  0.5265713E+01
  0.4353103E+02  0.1271154E+02  0.1302901E+00
  0.4969253E+02  0.1805717E+01  0.1484045E+02
  0.4425457E+02  0.4660725E+01  0.5385227E+01
  0.5147787E+02  0.1690495E+02  0.2123374E+02
  0.5554375E+02  0.1991423E+01  0.3571156E+01
  0.5147837E+02  0.1303956E+02  0.1407735E+02
  0.4252101E+02  0.1549947E+02  0.7022005E+01
  0.4151759E+02  0.1045400E+00  0.4021536E+01
  0.4804596E+02  0.1475132E+01  0.3261306E+01
  0.5463813E+02  0.1712865E+02  0.7574610E+01
  0.5283783E+02  0.1662749E+02  0.1803435E+01
  0.5393907E+02  0.9060446E+00  0.1283985E+02
  0.5437237E+02  0.1991921E+02  0.4350108E+01
  0.4544754E+02  0.1951713E+01  0.1286120E+02
  0.5298121E+02  0.2098762E+02  0.1426267E+02
  0.5697167E+02  0.7687445E+00  0.1556593E+02
  0.5678569E+02  0.1975529E+02  0.1809213E+02
  0.5210969E+02  0.3292080E+01  0.1731455E+02
  0.5549285E+02  0.2152284E+02  0.1713523E+02
  0.5837310E+02  0.2069292E+01  0.1680790E+02
  0.5824041E+02  0.2109708E+02  0.1941725E+02
  0.5602212E+02  0.1675040E+01  0.1894690E+02
  0.5990346E+02  0.1967666E+02  0.1554541E+02
  0.6253721E+02  0.3719088E+00  0.1565125E+02
  0.6237327E+02  0.1958126E+02  0.1818856E+02
  0.5963898E+02  0.7497441E+00  0.1814292E+02
  0.6115042E+02  0.2104529E+02  0.1707086E+02
  0.6397555E+02  0.1972698E+01  0.1667907E+02
  0.6386744E+02  0.2108899E+02  0.1937007E+02
  0.6088097E+02  0.2118545E+01  0.1951676E+02
  0.1843938E+02  0.1877580E+02  0.2353848E+01
  0.4400616E+02  0.2092529E+02  0.1503171E+02
  0.4033586E+02  0.1574258E+02  0.8568399E+01
  0.4869896E+02  0.1379276E+02  0.3979211E+01
  0.5086617E+02  0.5657995E+01  0.1697278E+02
  0.3005296E+02  0.1193233E+01  0.8783566E+01
  0.4158543E+02  0.1685783E+02  0.1050957E+02
  0.5326772E+02  0.1437740E+02  0.2240983E+01
  0.4535391E+02  0.7782147E+01  0.1849057E+02
  0.4847472E+02  0.1413300E+02  0.1814995E+02
  0.5137011E+02  0.2129158E+02  0.2036560E+02
  0.5188080E+02  0.2496730E+01  0.3240284E+01
  0.4588776E+02  0.1228981E+02  0.1559298E+02
  0.4738040E+02  0.7087290E+01  0.1484699E+02
  0.4160308E+02  0.1190035E+02  0.1387307E+02
  0.5025108E+02  0.1842605E+02  0.1862549E+02
  0.5387368E+02  0.3446629E+01  0.1568520E+02
  0.5679345E+02  0.6101659E+01  0.1523495E+02
  0.5706792E+02  0.3591505E+01  0.1788497E+02
  0.5082070E+02  0.8197413E+01  0.1956702E+02
  0.5544739E+02  0.4948350E+01  0.1678601E+02
  0.5814835E+02  0.7403669E+01  0.1705882E+02
  0.5796689E+02  0.4467450E+01  0.1952708E+02
  0.5547417E+02  0.7556188E+01  0.1955967E+02
  0.5972070E+02  0.3201335E+01  0.1533380E+02
  0.6223004E+02  0.6009379E+01  0.1549981E+02
  0.6261737E+02  0.3196449E+01  0.1811604E+02
  0.5958596E+02  0.5766046E+01  0.1841331E+02
  0.6095844E+02  0.4495716E+01  0.1695354E+02
  0.6358829E+02  0.7478769E+01  0.1643318E+02
  0.6375923E+02  0.4705951E+01  0.1924642E+02
  0.6078769E+02  0.7181459E+01  0.1926367E+02
  0.4915319E+02  0.5990825E+01  0.3706332E+01
  0.3747904E+02  0.7411359E+00  0.2127893E+02
  0.5180197E+02  0.2139321E+02  0.5258949E+01
  0.3694943E+02  0.9412741E+01  0.1390390E+02
  0.4405303E+02  0.1268653E+02  0.3785876E+01
  0.4138607E+02  0.2089200E+02  0.5905710E-01
  0.3375448E+02  0.3235002E+01  0.1737096E+02
  0.3913747E+02  0.1907926E+02  0.1690709E+02
  0.5090294E+02  0.2012058E+02  0.1349633E+02
  0.4675001E+02  0.1682725E+02  0.8341007E+01
  0.3368835E+02  0.9372663E+01  0.1458868E+02
  0.3452698E+02  0.1957118E+02  0.6470604E+01
  0.5065770E+02  0.7460349E+01  0.6909966E+01
  0.4445588E+02  0.1809771E+02  0.8354630E+01
  0.5370800E+02  0.1552499E+01  0.1989225E+01
  0.5023980E+02  0.1577070E+02  0.1764354E+02
  0.5417658E+02  0.3019580E+01  0.4728036E+00
  0.5809449E+02  0.1284591E+02  0.1101609E+02
  0.5684222E+02  0.8832659E+01  0.1839549E+02
  0.4560601E+02  0.9926094E+01  0.1629358E+02
  0.5510762E+02  0.9682950E+01  0.1711451E+02
  0.5773465E+02  0.1248571E+02  0.1623156E+02
  0.5821405E+02  0.1015506E+02  0.1941053E+02
  0.5536067E+02  0.1268552E+02  0.1959523E+02
  0.5928849E+02  0.8564818E+01  0.1545037E+02
  0.6216623E+02  0.1158741E+02  0.1521181E+02
  0.6211246E+02  0.8731352E+01  0.1792593E+02
  0.5943199E+02  0.1159829E+02  0.1791735E+02
  0.6072358E+02  0.1010011E+02  0.1670587E+02
  0.6350610E+02  0.1260163E+02  0.1667838E+02
  0.6353776E+02  0.9939548E+01  0.1937311E+02
  0.6088676E+02  0.1266759E+02  0.1944424E+02
  0.4552381E+02  0.1883061E+02  0.7109586E+00
  0.5197316E+02  0.1198219E+02  0.8648182E+01
  0.5135947E+02  0.1106146E+02  0.2108892E+02
  0.4578894E+02  0.1959108E+02  0.1957224E+02
  0.3763994E+02  0.6582273E+01  0.1878254E+02
  0.5471714E+02  0.1392596E+02  0.1569026E+02
  0.4226467E+02  0.1758934E+02  0.1354556E+02
  0.4796663E+02  0.1907296E+02  0.5759873E+00
  0.4414583E+02  0.1080658E+02  0.1060001E+01
  0.5456813E+02  0.1413921E+02  0.2117908E+02
  0.5406017E+02  0.1035128E+02  0.1069287E+02
  0.4257174E+02  0.1561751E+00  0.1113186E+02
  0.5307666E+02  0.2114670E+02  0.1707137E+02
  0.5077055E+02  0.9216101E+01  0.1357125E+02
  0.5407887E+02  0.8891822E+01  0.1496058E+02
  0.4190063E+02  0.8414201E+01  0.9587469E+01
  0.5705618E+02  0.1355314E+02  0.1838079E+02
  0.5721674E+02  0.1689944E+02  0.1545537E+02
  0.5616412E+02  0.1538604E+02  0.1705748E+02
  0.5380350E+02  0.1771127E+02  0.1119832E+02
  0.5038466E+02  0.9026291E+01  0.1714906E+02
  0.5813544E+02  0.1848396E+02  0.1659080E+02
  0.5837214E+02  0.1560199E+02  0.1915834E+02
  0.5556753E+02  0.1832134E+02  0.1956309E+02
  0.5944442E+02  0.1393582E+02  0.1552886E+02
  0.6250433E+02  0.1679815E+02  0.1514407E+02
  0.6240798E+02  0.1401788E+02  0.1799949E+02
  0.5970801E+02  0.1703142E+02  0.1758888E+02
  0.6112976E+02  0.1536580E+02  0.1641820E+02
  0.6377775E+02  0.1831908E+02  0.1673056E+02
  0.6371742E+02  0.1554895E+02  0.1928868E+02
  0.6080189E+02  0.1810463E+02  0.1944980E+02
