         
  0.6515772E+02  0.0000000E+00  0.2171924E+02
  0.0000000E+00  0.0000000E+00  0.2171924E+02
  0.6496867E+02  0.2053201E+02  0.1319682E+01
  0.2835154E+01  0.1257778E+01  0.1355397E+01
  0.2928470E+01  0.2058703E+02  0.4179428E+01
  0.1454116E+00  0.1525133E+01  0.3685392E+01
  0.1342453E+01  0.2168413E+02  0.2773686E+01
  0.4287054E+01  0.2761890E+01  0.2552249E+01
  0.4009402E+01  0.3201476E+00  0.5502816E+01
  0.1216921E+01  0.2995713E+01  0.5246544E+01
  0.5632489E+01  0.2068971E+02  0.1386251E+01
  0.8199661E+01  0.1234475E+01  0.7909351E+00
  0.8291200E+01  0.2049291E+02  0.4213623E+01
  0.5698436E+01  0.1614534E+01  0.4075347E+01
  0.7164356E+01  0.1980814E+00  0.2845655E+01
  0.8238465E+01  0.9096052E+01  0.1975443E+02
  0.8146760E+01  0.1624545E+01  0.6533757E+01
  0.7055367E+01  0.3169472E+01  0.5233382E+01
  0.1598016E+02  0.3709607E+01  0.7759356E+01
  0.3052582E+02  0.4566136E+01  0.2099930E+02
  0.1137348E+02  0.1135751E+01  0.1978174E+02
  0.2024169E+02  0.1258768E+02  0.1928355E+02
  0.1364896E+02  0.1258058E+01  0.1230001E+02
  0.3504678E+02  0.9276017E+00  0.2003502E+02
  0.9695244E+01  0.8504453E+01  0.8235928E+01
  0.3704355E+02  0.1337441E+00  0.3881924E+01
  0.1913926E+02  0.1972697E+02  0.1385430E+02
  0.1084675E+02  0.1298885E+02  0.1458258E+02
  0.3133938E+02  0.1222027E+02  0.1779157E+02
  0.1119240E+02  0.1830963E+02  0.1022309E+02
  0.2033007E+02  0.1832677E+01  0.1275056E+02
  0.3307146E+02  0.7209871E+01  0.1038608E+02
  0.1105973E+02  0.5321099E+00  0.3420163E+01
  0.3615713E+02  0.4897679E+01  0.1663900E+01
  0.1726700E+00  0.4166680E+01  0.8050948E+00
  0.2667393E+01  0.6814288E+01  0.1253075E+01
  0.2669702E+01  0.4143853E+01  0.3873778E+01
  0.9289019E-01  0.6742555E+01  0.4028869E+01
  0.1442214E+01  0.5517783E+01  0.2415955E+01
  0.4196241E+01  0.8228240E+01  0.2628089E+01
  0.4370596E+01  0.5354259E+01  0.5474148E+01
  0.1248483E+01  0.8249432E+01  0.5318893E+01
  0.5644160E+01  0.4289023E+01  0.1299255E+01
  0.6819951E+01  0.5791486E+01  0.2619236E+01
  0.9554894E+01  0.5481427E+01  0.5949592E+01
  0.5574449E+01  0.7106784E+01  0.4037854E+01
  0.8433325E+01  0.4731842E+01  0.4094826E+01
  0.1175743E+02  0.8365943E+01  0.2725999E+01
  0.9587900E+01  0.3316429E+01  0.7661598E+01
  0.8207839E+01  0.9697737E+01  0.4154338E+01
  0.1426762E+02  0.1195737E+02  0.6259795E+01
  0.3026529E+02  0.9368483E+01  0.1311670E+02
  0.3036105E+02  0.1009295E+02  0.8255506E+01
  0.1643758E+02  0.7495346E+01  0.9692074E+00
  0.2331255E+02  0.1607451E+02  0.3518564E+01
  0.1101602E+02  0.7212590E+01  0.9735429E+01
  0.2124391E+02  0.7743210E+01  0.8165063E+00
  0.1255500E+02  0.1074407E+02  0.2808581E+01
  0.3572022E+02  0.9688468E+01  0.1002828E+02
  0.1597026E+02  0.1049021E+02  0.1621331E+02
  0.2140155E+02  0.1085063E+02  0.9781224E+01
  0.2379790E+02  0.1507448E+02  0.9953803E+01
  0.1408482E+02  0.1964035E+02  0.5563884E+01
  0.1289693E+02  0.4922199E+01  0.6365799E+01
  0.1115970E+02  0.9438512E+01  0.6577986E+01
  0.1364746E+02  0.1924103E+02  0.2314763E+01
  0.1116392E+00  0.9724974E+01  0.1521277E+01
  0.3008926E+01  0.1263588E+02  0.1379854E+01
  0.2722689E+01  0.9463443E+01  0.3976191E+01
  0.1565987E-01  0.1238441E+02  0.3888394E+01
  0.1666647E+01  0.1131277E+02  0.2786896E+01
  0.4120532E+01  0.1418007E+02  0.2943944E+01
  0.3944630E+01  0.1100614E+02  0.5402359E+01
  0.1318515E+01  0.1370023E+02  0.5484660E+01
  0.5498254E+01  0.9788535E+01  0.1016897E+01
  0.1171757E+02  0.9760419E+01  0.1540205E+02
  0.8166574E+01  0.1218366E+02  0.6587041E+01
  0.5441308E+01  0.1223305E+02  0.3642468E+01
  0.6976988E+01  0.1079897E+02  0.2449931E+01
  0.7639191E+01  0.1421091E+02  0.3701885E+01
  0.1492280E+02  0.1542473E+02  0.2077623E+02
  0.6612081E+01  0.1335785E+02  0.5440117E+01
  0.1026520E+02  0.1563183E+02  0.7229366E+00
  0.2649668E+02  0.1400899E+02  0.2140019E+02
  0.2548836E+02  0.4005877E+01  0.9701218E+01
  0.1125175E+02  0.1460989E+02  0.1782179E+02
  0.1421207E+02  0.9904790E+01  0.1487378E+02
  0.2538467E+02  0.6387273E+01  0.6007125E+01
  0.2964525E+02  0.8740319E+00  0.1130019E+02
  0.2713396E+02  0.5990002E+01  0.7501967E+01
  0.1923406E+02  0.2090569E+02  0.1152254E+02
  0.1905697E+02  0.2087396E+02  0.9096942E+01
  0.1782749E+02  0.1972873E+02  0.7713721E+00
  0.1693251E+02  0.9919639E+01  0.7794025E+01
  0.2545188E+02  0.7521958E+01  0.8734370E+01
  0.2655865E+02  0.5786292E+01  0.1626111E+02
  0.3223359E+02  0.1563032E+02  0.1415514E+02
  0.3669378E+02  0.1418460E+01  0.1630685E+02
  0.2878969E+00  0.1509469E+02  0.1373109E+01
  0.2852599E+01  0.1788605E+02  0.1405573E+01
  0.2686438E+01  0.1532628E+02  0.4352549E+01
  0.6515265E+02  0.1788082E+02  0.4018221E+01
  0.1410473E+01  0.1637845E+02  0.2734415E+01
  0.4356311E+01  0.1937831E+02  0.2821511E+01
  0.4051002E+01  0.1663205E+02  0.5674209E+01
  0.1331375E+01  0.1911719E+02  0.5392090E+01
  0.5453494E+01  0.1537290E+02  0.1425987E+01
  0.1180140E+02  0.1662991E+02  0.2069574E+02
  0.1383248E+02  0.1425120E+02  0.5637610E+01
  0.5473100E+01  0.1762550E+02  0.4140345E+01
  0.7102787E+01  0.1643578E+02  0.3004963E+01
  0.1251990E+02  0.1980988E+02  0.2469894E+00
  0.2666791E+02  0.1753956E+02  0.9454175E+01
  0.6662379E+01  0.1931016E+02  0.5662234E+01
  0.2314100E+02  0.1300050E+02  0.2583736E+01
  0.8156886E+01  0.1726325E+02  0.9614982E+00
  0.1141631E+02  0.1265484E+02  0.9285012E+01
  0.1807791E+02  0.1358107E+02  0.1982513E+02
  0.2199212E+02  0.5396013E+01  0.1000866E+01
  0.1688191E+02  0.1083840E+02  0.1253922E+02
  0.1725951E+02  0.1819688E+02  0.8722410E+01
  0.9815851E+01  0.1921104E+02  0.5581971E+01
  0.2386564E+02  0.4897887E+01  0.3098480E-01
  0.1192465E+02  0.2081134E+02  0.8173568E+01
  0.3189868E+02  0.8990493E+01  0.5185570E+01
  0.1632820E+02  0.1650538E+02  0.3780676E+01
  0.2319962E+02  0.2260277E+00  0.1760453E+02
  0.1696586E+02  0.1300540E+02  0.3030968E+01
  0.2341425E+02  0.2116975E+02  0.5752931E+01
  0.1648516E+02  0.5998830E+01  0.2741994E+01
  0.4810070E-01  0.2060464E+02  0.6693993E+01
  0.2684574E+01  0.1777595E+01  0.6655322E+01
  0.2209849E+01  0.2106586E+02  0.9616362E+01
  0.6501398E+02  0.1486367E+01  0.9545158E+01
  0.1318668E+01  0.6056952E+00  0.7822129E+01
  0.4199949E+01  0.2820103E+01  0.8106814E+01
  0.4225552E+01  0.1717060E+00  0.1103015E+02
  0.1416852E+01  0.2939726E+01  0.1073502E+02
  0.5175587E+01  0.2069350E+02  0.7210723E+01
  0.9741146E+01  0.2791751E+01  0.1340152E+02
  0.7840435E+01  0.2017049E+02  0.8894643E+01
  0.5379312E+01  0.1698905E+01  0.9679429E+01
  0.6909668E+01  0.7015051E+00  0.8176478E+01
  0.1784109E+02  0.8646948E+01  0.1933782E+02
  0.1252342E+02  0.1540921E+02  0.8415580E+01
  0.6965879E+01  0.3163921E+01  0.1074954E+02
  0.2895356E+02  0.3508371E+01  0.1935033E+02
  0.2162072E+02  0.1716015E+02  0.5227866E+00
  0.1930496E+02  0.7659217E+01  0.1628287E+02
  0.2351237E+02  0.1150327E+02  0.2088601E+02
  0.1089859E+02  0.1007612E+02  0.1220263E+02
  0.1687024E+02  0.1195465E+02  0.6312929E+01
  0.1525435E+02  0.1950602E+02  0.7757445E+01
  0.2156114E+02  0.1424767E+02  0.3809229E+01
  0.1409247E+02  0.1440172E+02  0.1193453E+02
  0.2084576E+02  0.1132108E+02  0.1293792E+02
  0.1194852E+02  0.1891396E+02  0.1957428E+02
  0.1241436E+02  0.8502363E+01  0.5062032E+01
  0.1457264E+02  0.8962223E+01  0.1618878E+01
  0.2407279E+02  0.6278332E+01  0.4011514E+01
  0.1883035E+02  0.2166386E+02  0.1498247E+02
  0.1312459E+02  0.2201710E+01  0.1006379E+02
  0.6496276E+02  0.4154162E+01  0.6718200E+01
  0.2646243E+01  0.6793346E+01  0.6809310E+01
  0.2894303E+01  0.4218505E+01  0.9321051E+01
  0.3588323E-01  0.6672661E+01  0.9527299E+01
  0.1363249E+01  0.5482476E+01  0.8206283E+01
  0.3923640E+01  0.8291936E+01  0.8133433E+01
  0.4139486E+01  0.5662341E+01  0.1104372E+02
  0.1074068E+01  0.8146117E+01  0.1071453E+02
  0.5593672E+01  0.4194899E+01  0.6957414E+01
  0.1466978E+02  0.1628310E+01  0.8379094E+01
  0.6597389E+01  0.5739077E+01  0.8149077E+01
  0.5369442E+01  0.6985483E+01  0.9565023E+01
  0.8281830E+01  0.4423410E+01  0.9282692E+01
  0.1566177E+02  0.1298958E+02  0.1564798E+02
  0.1253122E+02  0.1783779E+02  0.1752310E+02
  0.6762737E+01  0.8479143E+01  0.1088052E+02
  0.2629984E+02  0.1059181E+02  0.1255767E+02
  0.7907434E+01  0.1305287E+02  0.1711459E+01
  0.1287510E+02  0.9444402E+01  0.2171470E+02
  0.1074406E+02  0.4136198E+01  0.1185432E+02
  0.9827784E+01  0.1680618E-01  0.5603880E+01
  0.1290786E+02  0.7484808E+01  0.1276706E+02
  0.2239634E+02  0.5720153E+01  0.5898800E+01
  0.2384416E+02  0.1746171E+02  0.1379494E+02
  0.1306718E+02  0.1503452E+02  0.1941146E+02
  0.2168466E+02  0.1943599E+02  0.2108539E+02
  0.1460640E+02  0.8585487E+00  0.3521731E+01
  0.4504313E+02  0.8657351E+01  0.6325181E+01
  0.2698445E+02  0.2167295E+02  0.2096727E+02
  0.1299573E+02  0.1785596E+02  0.8635943E+01
  0.3089670E+02  0.2097571E+01  0.7336047E+01
  0.1249241E+02  0.1130864E+02  0.1347859E+02
  0.5013222E-01  0.9556821E+01  0.6830530E+01
  0.2807263E+01  0.1241617E+02  0.6766130E+01
  0.2711699E+01  0.9608971E+01  0.9704339E+01
  0.1450350E+00  0.1236480E+02  0.9522477E+01
  0.1489976E+01  0.1099666E+02  0.8146008E+01
  0.4091430E+01  0.1377927E+02  0.7993895E+01
  0.4061264E+01  0.1086109E+02  0.1075468E+02
  0.1411957E+01  0.1380644E+02  0.1093925E+02
  0.5307673E+01  0.9515672E+01  0.6595616E+01
  0.1445397E+02  0.7437677E+01  0.8749932E+01
  0.6973104E+01  0.8303957E+01  0.5401514E+01
  0.5309225E+01  0.1214130E+02  0.9275008E+01
  0.6627141E+01  0.1079241E+02  0.7750333E+01
  0.7713586E+01  0.1474190E+02  0.9516113E+01
  0.8166653E+01  0.9900837E+01  0.9371372E+01
  0.6321971E+01  0.1356786E+02  0.1082110E+02
  0.1129635E+02  0.1870977E+02  0.2157842E+01
  0.1820824E+02  0.2830623E+00  0.6319471E+01
  0.1663355E+02  0.1472244E+02  0.1693438E+02
  0.2525395E+02  0.4151392E+01  0.7377413E+01
  0.2100246E+02  0.1928624E+01  0.2139591E+02
  0.1396054E+02  0.2149446E+02  0.1975695E+02
  0.1987535E+02  0.1391356E+02  0.8740758E+01
  0.9091453E+01  0.1725595E+02  0.4281372E+01
  0.2039554E+02  0.1293495E+02  0.1239887E+01
  0.2279850E+02  0.1612516E+02  0.1521604E+02
  0.3027446E+02  0.7689078E+01  0.3819967E+01
  0.2522568E+02  0.1457502E+02  0.1202810E+02
  0.2571973E+02  0.1597275E+02  0.3406010E+01
  0.3864359E+02  0.1442338E+02  0.1654323E+02
  0.3204387E+02  0.1146929E+02  0.1573875E+02
  0.3025273E+02  0.1270729E+02  0.1362679E+02
  0.1365205E+00  0.1531732E+02  0.6801900E+01
  0.2640566E+01  0.1804629E+02  0.7032134E+01
  0.2725567E+01  0.1508449E+02  0.9537550E+01
  0.6493028E+02  0.1782411E+02  0.9377056E+01
  0.1425304E+01  0.1663708E+02  0.8414192E+01
  0.3745513E+01  0.1956191E+02  0.8566584E+01
  0.4020335E+01  0.1657366E+02  0.1084739E+02
  0.1183528E+01  0.1940470E+02  0.1074924E+02
  0.5681589E+01  0.1509994E+02  0.6724831E+01
  0.1873003E+02  0.1612314E+02  0.2024016E+02
  0.1182706E+02  0.1476277E+02  0.1068731E+02
  0.5258132E+01  0.1774011E+02  0.9254595E+01
  0.6953299E+01  0.1636742E+02  0.7939107E+01
  0.8197858E+01  0.1869735E+02  0.7099839E+01
  0.8138390E+01  0.1745771E+02  0.1157880E+02
  0.6756311E+01  0.1891659E+02  0.1048885E+02
  0.1699478E+02  0.1784931E+02  0.1827477E+02
  0.1275835E+02  0.4976703E+01  0.1239048E+02
  0.1287952E+02  0.1091064E+02  0.1810253E+02
  0.1619196E+02  0.4343789E+00  0.9424957E+01
  0.1005875E+02  0.1419212E+02  0.1269491E+02
  0.2276462E+02  0.1637351E+02  0.1765359E+02
  0.2515565E+02  0.2075016E+00  0.1132439E+02
  0.1408306E+02  0.1777619E+01  0.1702913E+02
  0.1372918E+02  0.2613957E+01  0.1486168E+02
  0.1842014E+02  0.1403933E+02  0.1230939E+02
  0.1940641E+02  0.5413691E+01  0.1751324E+02
  0.2223320E+02  0.1600659E+01  0.1821671E+01
  0.1283397E+02  0.1065563E+01  0.6802343E+01
  0.9779557E+01  0.1140581E+02  0.1073752E+02
  0.9164792E+01  0.1331380E+02  0.8528307E+01
  0.2072417E+02  0.1723191E+02  0.1214620E+02
  0.1400842E+00  0.2041649E+02  0.1215367E+02
  0.2704582E+01  0.1467905E+01  0.1221922E+02
  0.2729599E+01  0.2056427E+02  0.1470481E+02
  0.6634163E-01  0.1705402E+01  0.1479019E+02
  0.1221970E+01  0.1067244E+00  0.1347893E+02
  0.3907304E+01  0.2895031E+01  0.1355980E+02
  0.4283089E+01  0.1599077E+00  0.1584488E+02
  0.1568478E+01  0.2854312E+01  0.1620538E+02
  0.5680693E+01  0.2032850E+02  0.1203448E+02
  0.1007698E+02  0.6464851E+00  0.1146575E+02
  0.8396563E+01  0.2014346E+02  0.1502531E+02
  0.5627964E+01  0.1719276E+01  0.1457132E+02
  0.7170330E+01  0.2169972E+02  0.1355527E+02
  0.1111057E+02  0.4770189E+01  0.2766883E+01
  0.1171014E+02  0.1578947E+02  0.1364351E+02
  0.6995792E+01  0.3068793E+01  0.1627672E+02
  0.9334062E+01  0.1855176E+02  0.1315835E+02
  0.2160531E+02  0.1995182E+02  0.4139477E+01
  0.2570420E+02  0.1204634E+02  0.2006183E+02
  0.2130263E+02  0.1709812E+02  0.8120366E+01
  0.1058646E+02  0.1459317E+02  0.7137511E+01
  0.2376361E+02  0.2278970E+01  0.1065706E+02
  0.7897003E+01  0.1553486E+01  0.1221651E+02
  0.1624227E+02  0.1018309E+01  0.1664795E+02
  0.4246652E+02  0.1991977E+02  0.6192292E+01
  0.1698965E+02  0.7490111E+01  0.1655616E+02
  0.1789149E+02  0.9449120E+01  0.5377936E+01
  0.1525322E+02  0.1668068E+02  0.1527189E+02
  0.2894366E+02  0.1954307E+02  0.3892776E+01
  0.3074058E+02  0.1492103E+02  0.1091942E+02
  0.2693966E+02  0.4414991E+01  0.4185840E-01
  0.1368226E+02  0.1594613E+02  0.1706392E+02
  0.1342862E+00  0.4218859E+01  0.1226713E+02
  0.2794268E+01  0.6901644E+01  0.1234599E+02
  0.2690737E+01  0.4372347E+01  0.1493942E+02
  0.1880002E+00  0.7024277E+01  0.1509511E+02
  0.1489701E+01  0.5754497E+01  0.1360235E+02
  0.4078428E+01  0.8287364E+01  0.1359043E+02
  0.4218984E+01  0.5482124E+01  0.1647449E+02
  0.1740260E+01  0.8445195E+01  0.1646833E+02
  0.5472951E+01  0.4148220E+01  0.1223786E+02
  0.8084012E+01  0.7051942E+01  0.1211954E+02
  0.8481376E+01  0.4537753E+01  0.1466132E+02
  0.5474776E+01  0.6966718E+01  0.1520352E+02
  0.6836420E+01  0.5788168E+01  0.1353221E+02
  0.9313672E+01  0.8543862E+01  0.1350960E+02
  0.9838659E+01  0.6107367E+01  0.2170139E+02
  0.7109678E+01  0.8378455E+01  0.1628524E+02
  0.9705963E+01  0.5638015E+01  0.1612086E+02
  0.2263695E+02  0.2139518E+02  0.8135934E+01
  0.1969766E+02  0.7902995E+01  0.2755541E+01
  0.1198380E+02  0.7090473E+01  0.4760912E-02
  0.1692974E+02  0.1069840E+02  0.3418661E+01
  0.2764578E+02  0.2149004E+02  0.1194145E+02
  0.1463450E+02  0.1324086E+02  0.9864462E+01
  0.1470224E+02  0.1298451E+02  0.2148102E+02
  0.8966564E+01  0.4446760E+01  0.1630102E+01
  0.1426958E+02  0.5008960E+01  0.2814530E+00
  0.2578480E+02  0.8969918E+01  0.1820846E+02
  0.1286560E+02  0.1559040E+02  0.3850721E+01
  0.2427695E+02  0.6825005E+01  0.1655501E+02
  0.1173710E+02  0.3116982E+01  0.6429205E+01
  0.1027057E+02  0.2056334E+01  0.1590385E+01
  0.2110590E+02  0.4115883E+01  0.1248828E+02
  0.6512132E+02  0.9466975E+01  0.1202338E+02
  0.2625348E+01  0.1228626E+02  0.1211775E+02
  0.2628912E+01  0.9739302E+01  0.1486534E+02
  0.6505362E+02  0.1241302E+02  0.1476698E+02
  0.1230555E+01  0.1108323E+02  0.1347334E+02
  0.3887310E+01  0.1380854E+02  0.1373270E+02
  0.4136706E+01  0.1119043E+02  0.1604082E+02
  0.1046847E+01  0.1389087E+02  0.1637349E+02
  0.5470418E+01  0.9658667E+01  0.1218473E+02
  0.8098071E+01  0.1252239E+02  0.1194233E+02
  0.8209415E+01  0.9921388E+01  0.1491418E+02
  0.5705778E+01  0.1259963E+02  0.1481961E+02
  0.6838476E+01  0.1111031E+02  0.1347177E+02
  0.1465548E+02  0.9147409E+01  0.7356358E+01
  0.9595730E+01  0.1151562E+02  0.1608139E+02
  0.7126323E+01  0.1384973E+02  0.1616046E+02
  0.1798474E+02  0.6754477E+01  0.8850257E+01
  0.1368999E+02  0.5217970E+01  0.1968752E+02
  0.2544491E+02  0.3511753E+00  0.4759758E+01
  0.1102688E+02  0.1290713E+02  0.2126187E+02
  0.1707166E+02  0.8243543E+00  0.4307338E+01
  0.2145604E+02  0.1415026E+02  0.1049327E+02
  0.1649447E+02  0.6347895E+01  0.5336837E+01
  0.1855424E+02  0.3457875E+01  0.1617699E+02
  0.1779251E+02  0.9282814E+01  0.1788349E+01
  0.3426229E+02  0.1902089E+02  0.2256238E+01
  0.2915218E+02  0.4459245E+01  0.1029874E+02
  0.2060367E+02  0.9301429E+01  0.1139806E+02
  0.3762294E+02  0.1649475E+02  0.1625146E+02
  0.3770787E+02  0.1142191E+02  0.4091910E+00
  0.4498524E+02  0.1293864E+02  0.1759280E+02
  0.1580361E+02  0.4067772E+01  0.1691730E+01
  0.3061509E-01  0.1535610E+02  0.1213759E+02
  0.2588163E+01  0.1804790E+02  0.1215353E+02
  0.2688261E+01  0.1518260E+02  0.1511895E+02
  0.1853975E+00  0.1816459E+02  0.1494004E+02
  0.1320892E+01  0.1664769E+02  0.1374077E+02
  0.4020867E+01  0.1925027E+02  0.1355193E+02
  0.4464234E+01  0.1636283E+02  0.1599673E+02
  0.1473907E+01  0.1947702E+02  0.1626701E+02
  0.5210512E+01  0.1503104E+02  0.1228614E+02
  0.1007072E+02  0.2049264E+02  0.9730677E+01
  0.8391935E+01  0.1496405E+02  0.1430602E+02
  0.5866436E+01  0.1796620E+02  0.1472292E+02
  0.6814010E+01  0.1639956E+02  0.1323095E+02
  0.2485921E+02  0.1884659E+02  0.1527028E+02
  0.1671053E+02  0.1280041E+02  0.1080875E+02
  0.7232256E+01  0.1907248E+02  0.1645364E+02
  0.1441767E+02  0.1443232E+02  0.7820967E+01
  0.1956286E+02  0.1386373E+02  0.1515517E+02
  0.1546143E+02  0.1132643E+02  0.1855632E+02
  0.1743502E+02  0.1714573E+02  0.1603999E+02
  0.1976267E+02  0.1248179E+02  0.1104433E+02
  0.2638918E+02  0.1989303E+02  0.6732409E+00
  0.2484267E+02  0.2581632E+01  0.5597014E+01
  0.1014284E+02  0.1703241E+02  0.1494109E+02
  0.1185681E+02  0.1792842E+02  0.1268010E+02
  0.3146764E+02  0.3230304E+01  0.1744731E+02
  0.1803002E+02  0.4262253E+01  0.8724738E+00
  0.1519884E+02  0.4565310E+01  0.5727355E+01
  0.1304047E+02  0.4244896E+01  0.1675557E+02
  0.2006364E+02  0.1063625E+02  0.5863575E+01
  0.1871635E+02  0.2509405E+01  0.2123856E+01
  0.2126951E+02  0.2053813E+02  0.1004259E+02
  0.1913358E+00  0.2081164E+02  0.1753036E+02
  0.2933365E+01  0.1360191E+01  0.1725021E+02
  0.2756766E+01  0.2052284E+02  0.2033387E+02
  0.7891050E-01  0.1431907E+01  0.2027996E+02
  0.1462706E+01  0.2170687E+02  0.1877829E+02
  0.4133092E+01  0.2629284E+01  0.1858615E+02
  0.4321032E+01  0.6116358E-02  0.2159955E+02
  0.1513832E+01  0.2678897E+01  0.2152249E+02
  0.5692095E+01  0.2074384E+02  0.1726059E+02
  0.1256718E+02  0.2049892E+00  0.1784668E+02
  0.9109124E+01  0.6730909E-01  0.1987760E+02
  0.5580878E+01  0.1517986E+01  0.2026270E+02
  0.7048419E+01  0.4432198E+00  0.1865072E+02
  0.2907692E+02  0.1553573E+02  0.1259352E+02
  0.8553957E+01  0.1807733E+01  0.1752817E+02
  0.6920410E+01  0.3006758E+01  0.2163503E+02
  0.1593150E+02  0.1960528E+02  0.1309790E+02
  0.1327929E+02  0.1320669E+01  0.2151596E+02
  0.4537565E+02  0.1694694E+02  0.7740170E+01
  0.2173829E+02  0.9124379E+01  0.5435359E+01
  0.2635272E+02  0.9142519E+01  0.7097439E+01
  0.1555450E+02  0.1879190E+02  0.4028914E+01
  0.9010002E+01  0.1941114E+02  0.2172933E+01
  0.1104552E+02  0.7412540E+01  0.1502253E+02
  0.2110355E+02  0.7528906E+01  0.7205529E+01
  0.1755667E+02  0.6450649E+01  0.1884835E+02
  0.3022007E+02  0.1546055E+02  0.3179803E+01
  0.3003752E+02  0.2809902E+01  0.7557246E+00
  0.1565094E+02  0.1980801E+02  0.2024189E+02
  0.5256305E+02  0.4887326E+01  0.1924580E+02
  0.1531412E+02  0.3047561E+01  0.1295592E+02
  0.9542352E+01  0.7960879E+01  0.3521762E+01
  0.1196592E+00  0.4254671E+01  0.1773084E+02
  0.2902326E+01  0.6967562E+01  0.1791772E+02
  0.2884682E+01  0.3893639E+01  0.2021909E+02
  0.4533882E-01  0.7165751E+01  0.2006927E+02
  0.1450231E+01  0.5545850E+01  0.1917806E+02
  0.4119562E+01  0.8544277E+01  0.1930173E+02
  0.3861955E+01  0.5495637E+01  0.2162807E+02
  0.1250786E+01  0.8298716E+01  0.2241703E-01
  0.5575287E+01  0.4254447E+01  0.1775316E+02
  0.8223254E+01  0.6569238E+01  0.1743765E+02
  0.8532177E+01  0.4384452E+01  0.2046989E+02
  0.5221989E+01  0.6774599E+01  0.2018715E+02
  0.7056342E+01  0.5744960E+01  0.1904733E+02
  0.8266830E+01  0.7103570E+01  0.6946893E+01
  0.1327345E+02  0.8807784E+01  0.1931788E+02
  0.6606685E+01  0.8258803E+01  0.2144622E+02
  0.2331511E+02  0.2100800E+02  0.1517302E+02
  0.2203183E+02  0.8827588E+01  0.3041326E+01
  0.1143564E+02  0.1912793E+01  0.1495226E+02
  0.1388608E+02  0.1316028E+02  0.1398038E+02
  0.2805371E+02  0.1369794E+02  0.1008634E+02
  0.1193013E+02  0.1287910E+02  0.6106278E+01
  0.1294026E+02  0.6395060E+01  0.2018777E+01
  0.1055981E+02  0.1024197E+02  0.1777056E+02
  0.2899469E+02  0.2151466E+02  0.2345268E+01
  0.2725820E+02  0.9842097E+01  0.4585361E+00
  0.1024392E+02  0.1330349E+02  0.1879298E+01
  0.3634907E+02  0.6997579E+00  0.8307836E+01
  0.2043613E+02  0.6873815E+01  0.1052648E+02
  0.1502055E+02  0.4843855E+00  0.1327255E+01
  0.1780963E+02  0.7573525E+00  0.1278578E+02
  0.2459445E+02  0.1611179E+02  0.5531973E+01
  0.1463836E-02  0.9733873E+01  0.1755496E+02
  0.2722470E+01  0.1248008E+02  0.1733173E+02
  0.2531860E+01  0.9995555E+01  0.2044259E+02
  0.6511164E+02  0.1257669E+02  0.2045780E+02
  0.1199951E+01  0.1114525E+02  0.1890646E+02
  0.4051124E+01  0.1391989E+02  0.1869004E+02
  0.4128177E+01  0.1119769E+02  0.2139384E+02
  0.1492855E+01  0.1381508E+02  0.2156122E+02
  0.5450351E+01  0.9704942E+01  0.1760817E+02
  0.8319386E+01  0.1288782E+02  0.1792335E+02
  0.9969619E+01  0.7978049E+01  0.1834128E+02
  0.5474990E+01  0.1272469E+02  0.2009123E+02
  0.7110072E+01  0.1112277E+02  0.1885258E+02
  0.8380776E+01  0.1539236E+02  0.2066705E+02
  0.1456817E+02  0.9953234E+01  0.3854429E+01
  0.6655944E+01  0.1400940E+02  0.2169005E+02
  0.1385985E+02  0.1990376E+02  0.1718592E+02
  0.1974024E+02  0.1574508E+02  0.1417913E+01
  0.2397215E+02  0.2001475E+02  0.2124822E+02
  0.1332137E+02  0.1114738E+02  0.9945400E+01
  0.1456088E+02  0.7336458E+01  0.1460600E+02
  0.2007374E+02  0.4027160E+01  0.3358902E+01
  0.2260235E+02  0.1630187E+01  0.5459233E+01
  0.3036955E+02  0.1197971E+02  0.5168553E+01
  0.9926605E+01  0.2971684E+01  0.1916069E+02
  0.1753577E+02  0.1476450E+02  0.9485194E+01
  0.2605103E+02  0.4222879E+00  0.1503640E+02
  0.1457750E+02  0.8632066E+01  0.1088487E+02
  0.2493391E+02  0.5435514E+01  0.1299886E+02
  0.1183629E+02  0.6860661E+01  0.1923596E+02
  0.2976480E+02  0.2113214E+02  0.2088714E+02
  0.2486364E+02  0.2389369E+01  0.1499169E+02
  0.1202932E+00  0.1516453E+02  0.1782663E+02
  0.2957283E+01  0.1789652E+02  0.1723056E+02
  0.2684862E+01  0.1538182E+02  0.2023592E+02
  0.2603166E+00  0.1773301E+02  0.2034950E+02
  0.1647882E+01  0.1670782E+02  0.1878663E+02
  0.4106159E+01  0.1950821E+02  0.1866401E+02
  0.4360730E+01  0.1661269E+02  0.2167018E+02
  0.1440961E+01  0.1927466E+02  0.3219456E-01
  0.5727489E+01  0.1516997E+02  0.1761466E+02
  0.8577510E+01  0.1779148E+02  0.1803247E+02
  0.9670393E+01  0.1408322E+02  0.1955251E+02
  0.5455728E+01  0.1835038E+02  0.2043643E+02
  0.6999388E+01  0.1675174E+02  0.1931264E+02
  0.9718231E+01  0.1950958E+02  0.1912222E+02
  0.1208729E+02  0.1899490E+02  0.6640080E+01
  0.7132129E+01  0.1940329E+02  0.1962778E+00
  0.1222773E+02  0.8971259E+01  0.1081989E+02
  0.1906103E+02  0.1304095E+02  0.6476554E+01
  0.1613537E+02  0.1598926E+02  0.8091064E+01
  0.1104677E+02  0.2862275E+01  0.4287681E+01
  0.3515349E+02  0.4906833E+01  0.1906492E+02
  0.2721312E+02  0.2128082E+02  0.1706213E+02
  0.2858120E+02  0.1933714E+02  0.1714231E+02
  0.2070453E+02  0.1944248E+02  0.1760312E+02
  0.1283528E+02  0.1063719E+02  0.7809878E+01
  0.1420735E+02  0.1796112E+02  0.1363749E+02
  0.1248584E+02  0.1457242E+02  0.1542879E+02
  0.1759128E+02  0.2022152E+02  0.3909000E+01
  0.1264962E+02  0.1279945E+02  0.1974599E+02
  0.1955058E+02  0.4802612E+01  0.1413576E+02
  0.2279240E+02  0.1348589E+02  0.8296541E+01
  0.2973572E+02  0.1731544E+02  0.1665750E+02
  0.3838055E+02  0.1248246E+02  0.1379324E+02
  0.3894059E+02  0.1300054E+02  0.6123684E+01
  0.1608369E+02  0.1737155E+02  0.2042243E+02
  0.3043879E+02  0.9686994E+01  0.1563507E+02
  0.3842075E+02  0.7584866E+01  0.1790802E+02
  0.4936277E+02  0.1205786E+02  0.4092225E+01
  0.4996476E+02  0.3302432E+00  0.9511788E+01
  0.3090411E+02  0.2100679E+02  0.1657661E+02
  0.4856442E+02  0.2150238E+02  0.8379994E+00
  0.2944949E+02  0.1829136E+02  0.3947704E+00
  0.1853631E+02  0.1378329E+01  0.9534705E+01
  0.3918080E+02  0.1325966E+02  0.2456179E+00
  0.2864509E+02  0.7710577E+01  0.7806925E+00
  0.5235964E+02  0.1206836E+02  0.1248192E+02
  0.3162305E+02  0.1717676E+02  0.1037645E+02
  0.4205490E+02  0.1759839E+02  0.5471070E+01
  0.2993362E+02  0.1218158E+02  0.2057770E+01
  0.3316401E+02  0.1236664E+02  0.7562391E+01
  0.4704790E+02  0.1698209E+02  0.1896426E+02
  0.1951704E+02  0.1621449E+02  0.9520322E+01
  0.3148857E+02  0.5899698E+01  0.1329633E+02
  0.2858085E+02  0.1583596E+01  0.2069293E+02
  0.2443465E+02  0.1176557E+02  0.8351189E+01
  0.2284009E+02  0.3116222E+01  0.2019056E+02
  0.5045483E+02  0.7958461E+01  0.2063542E+02
  0.1939193E+02  0.1607562E+01  0.1755820E+02
  0.3442600E+02  0.7446468E+01  0.3189445E+01
  0.3474887E+02  0.1064939E+02  0.1783360E+02
  0.2361504E+02  0.1768870E+02  0.1562973E+01
  0.3711862E+02  0.1292749E+02  0.4529896E+01
  0.4966949E+02  0.1510032E+02  0.7248117E+01
  0.3054560E+02  0.2141541E+02  0.9267447E+01
  0.3062381E+02  0.7621460E+01  0.2106666E+02
  0.3433336E+02  0.1040129E+02  0.1550401E+02
  0.3284892E+02  0.1964744E+02  0.1769261E+02
  0.2227772E+02  0.3189751E+01  0.3585920E+01
  0.5381582E+02  0.6045567E+01  0.9509496E+01
  0.2999682E+02  0.1506428E+02  0.1443094E+02
  0.2916682E+02  0.1388506E+02  0.8074731E+01
  0.3414522E+02  0.5859366E+01  0.1324259E+01
  0.3655328E+02  0.1990685E+02  0.2156664E+01
  0.4888783E+02  0.1283930E+01  0.2750556E+01
  0.3299233E+02  0.1405715E+02  0.3666458E+01
  0.2818608E+02  0.5380904E+01  0.1442157E+02
  0.3764063E+02  0.9189738E+01  0.1120540E+02
  0.2873827E+02  0.1520432E+02  0.1623573E+02
  0.2066463E+02  0.2054140E+02  0.7155585E+01
  0.2593328E+02  0.7424396E+01  0.2914253E+01
  0.3733344E+02  0.8232833E+01  0.1926850E+01
  0.4258349E+02  0.6542416E+01  0.1252552E+02
  0.4085121E+02  0.1862914E+02  0.1879267E+02
  0.2152281E+02  0.7502604E+01  0.1932270E+02
  0.2768956E+02  0.1747351E+02  0.1287028E+02
  0.2834884E+02  0.4346158E+01  0.1968739E+01
  0.3036669E+02  0.1721508E+01  0.1442328E+02
  0.3436564E+02  0.1054047E+02  0.1201252E+02
  0.1916749E+02  0.1822074E+02  0.1901800E+02
  0.3926283E+02  0.1130512E+02  0.3756756E+01
  0.3499673E+02  0.1000563E+01  0.1305862E+02
  0.3653862E+02  0.2018387E+02  0.2014580E+02
  0.2014618E+02  0.2140740E+02  0.2065496E+02
  0.3624603E+02  0.3165642E+01  0.1297489E+02
  0.1536273E+02  0.6734962E+01  0.2036680E+02
  0.5063733E+02  0.1831008E+02  0.1524841E+02
  0.2767674E+02  0.1561965E+02  0.6919842E+01
  0.2353631E+02  0.9685956E+01  0.9612262E+01
  0.1772159E+02  0.1249810E+02  0.1417431E+02
  0.1501547E+02  0.1743275E+02  0.9857318E+01
  0.3313417E+02  0.2076183E+02  0.1566513E+02
  0.2031375E+02  0.4308033E+01  0.2147007E+02
  0.3776551E+02  0.1932967E+02  0.1299710E+02
  0.3431876E+02  0.1946173E+02  0.1990280E+02
  0.3790504E+02  0.6732932E+01  0.1131933E+02
  0.2426566E+02  0.3423003E+01  0.2057404E+01
  0.2668764E+02  0.1325363E+02  0.4560929E+01
  0.1462028E+02  0.1586657E+02  0.2111215E+01
  0.2173306E+02  0.1475217E+02  0.2561255E+00
  0.4580039E+02  0.1894270E+02  0.6011171E+01
  0.3935855E+02  0.2250963E+01  0.4260957E+01
  0.4404538E+02  0.1686267E+02  0.1817211E+02
  0.3146857E+02  0.1410388E+02  0.1495281E+01
  0.1568057E+02  0.8998026E+01  0.1950354E+02
  0.3461954E+02  0.1233869E+02  0.2130459E+02
  0.3001716E+02  0.1025377E+02  0.3583313E+01
  0.3739537E+02  0.6795993E+01  0.1561580E+02
  0.3295838E+02  0.4252461E+01  0.4976416E+01
  0.2150114E+02  0.1370459E+02  0.5922286E+01
  0.3579119E+02  0.7157186E+01  0.1371626E+02
  0.9819395E+01  0.1611661E+02  0.1041588E+02
  0.3729913E+02  0.1040638E+02  0.2379407E+01
  0.4514638E+02  0.6218953E+01  0.1172600E+01
  0.3844900E+02  0.1880900E+02  0.1063268E+02
  0.3871065E+02  0.6501991E+00  0.1523819E+02
  0.4894329E+02  0.5222000E+01  0.1796934E+01
  0.4851341E+02  0.3039657E+01  0.9190585E+00
  0.2331513E+02  0.4747895E+01  0.1718838E+02
  0.2014134E+02  0.1118607E+02  0.2160099E+02
  0.2419102E+02  0.1452153E+02  0.8113971E+00
  0.2086147E+02  0.2159954E+02  0.1812347E+02
  0.2741496E+02  0.1915351E+02  0.1110694E+02
  0.3133547E+02  0.1008928E+02  0.2096619E+02
  0.2114702E+02  0.2122960E+02  0.1416177E+02
  0.2693495E+02  0.7938031E+00  0.2683739E+01
  0.2886998E+02  0.5158491E+01  0.4028827E+01
  0.2843044E+02  0.1003040E+02  0.9314919E+01
  0.3217887E+02  0.1290598E+01  0.1602983E+02
  0.4874226E+02  0.2097369E+02  0.1288421E+02
  0.4042835E+02  0.1730952E+02  0.1651275E+02
  0.5071360E+02  0.1618642E+02  0.1060706E+02
  0.2534452E+02  0.2105181E+02  0.1364404E+02
  0.1597577E+02  0.1106440E+02  0.2090763E+02
  0.5366587E+02  0.1936415E+02  0.1795026E+02
  0.1648795E+02  0.2045616E+02  0.1546897E+02
  0.2638159E+02  0.1082741E+02  0.4408959E+01
  0.3265862E+02  0.2014046E+02  0.3833581E+01
  0.3662453E+02  0.1397585E+02  0.1041449E+02
  0.4754178E+02  0.1038976E+02  0.1592405E+02
  0.1403966E+02  0.2088065E+02  0.9242948E+01
  0.5043478E+02  0.1579548E+02  0.1314299E+02
  0.4405567E+02  0.4036356E+01  0.9863902E+00
  0.2764659E+02  0.1160193E+02  0.1757576E+02
  0.4191308E+02  0.1960473E+02  0.1359511E+02
  0.3361161E+02  0.1377988E+02  0.9273076E+01
  0.4235327E+02  0.3751400E+00  0.1647607E+02
  0.3485330E+02  0.1989949E+01  0.6981599E+01
  0.3283739E+02  0.4331277E+01  0.1925219E+02
  0.2109371E+02  0.1963450E+02  0.1230536E+02
  0.2299595E+02  0.5558277E+01  0.1947192E+02
  0.1086747E+02  0.1642453E+02  0.3044907E+01
  0.2907620E+02  0.1351657E+02  0.3962869E+01
  0.1752388E+02  0.1800839E+02  0.1392014E+02
  0.1487180E+02  0.8126574E+01  0.5309970E+01
  0.3271323E+02  0.3382183E+01  0.2151210E+02
  0.2839679E+02  0.1786842E+02  0.7998810E+01
  0.5366678E+02  0.1580271E+02  0.1551249E+02
  0.1138393E+02  0.6244110E+01  0.4858950E+01
  0.9731690E+01  0.1096752E+02  0.5308491E+01
  0.4402256E+02  0.2057495E+02  0.7899951E+01
  0.3596185E+02  0.1887859E+02  0.1471889E+02
  0.3685923E+02  0.1623386E+02  0.7844938E+01
  0.1067762E+02  0.2072782E+02  0.1523867E+02
  0.5250086E+02  0.1903309E+02  0.8103534E+01
  0.4238604E+02  0.9637123E+01  0.1502491E+02
  0.2229778E+02  0.1847176E+02  0.1905868E+02
  0.1030552E+02  0.1055484E+02  0.2029228E+02
  0.4289652E+02  0.1762445E+02  0.1290021E+02
  0.3291740E+02  0.1500779E+01  0.8267770E+01
  0.3066252E+02  0.1753973E+02  0.1890818E+02
  0.3400733E+02  0.8649419E+01  0.1990316E+02
  0.3639362E+02  0.1807166E+02  0.7986196E+00
  0.3191265E+02  0.1147799E+02  0.9669932E+01
  0.2471841E+02  0.7317774E+01  0.2112079E+02
  0.1285026E+02  0.2151153E+02  0.4811070E+01
  0.2843261E+02  0.2019364E+02  0.9204376E+01
  0.1272268E+02  0.5697255E+01  0.1475158E+02
  0.2793529E+02  0.1225805E+02  0.6503945E+00
  0.3162210E+02  0.4978064E+01  0.1555973E+02
  0.3292025E+02  0.1763675E+02  0.2102654E+02
  0.3991024E+02  0.1461959E+02  0.1456256E+02
  0.3613429E+02  0.1585368E+02  0.1293788E+02
  0.1562575E+02  0.8850037E+01  0.1321965E+02
  0.1547988E+02  0.1997287E+02  0.7972528E+00
  0.2355004E+02  0.1051853E+02  0.1728132E+02
  0.2840011E+02  0.7690679E+01  0.2004138E+02
  0.4736680E+02  0.1932249E+02  0.1395814E+02
  0.3609261E+02  0.8811815E+01  0.1841120E+02
  0.2276689E+02  0.1550705E+02  0.7017553E+01
  0.2391660E+02  0.1459837E+02  0.1875293E+02
  0.3966329E+02  0.9489202E+01  0.1584179E+02
  0.4215422E+02  0.1899824E+01  0.8806864E+01
  0.3739997E+02  0.2503961E+01  0.9389421E+01
  0.2464075E+02  0.2080178E+02  0.9470339E+01
  0.3581489E+02  0.1685009E+02  0.5824237E+01
  0.2537048E+02  0.6294797E+01  0.1079349E+02
  0.2994460E+02  0.6166428E+01  0.1922945E+01
  0.4033649E+02  0.4111929E+01  0.5652492E+01
  0.2377079E+02  0.1912297E+02  0.1734253E+02
  0.1850407E+02  0.1636588E+02  0.1226724E+02
  0.3849089E+02  0.2659403E+01  0.1396840E+02
  0.5012732E+02  0.3717660E+01  0.1167870E+02
  0.2415383E+02  0.2171197E+02  0.1355991E+01
  0.4475505E+02  0.1185490E+02  0.1981831E+02
  0.2659785E+02  0.2085682E+02  0.6437378E+01
  0.3964200E+02  0.1404304E+02  0.1894333E+02
  0.3905589E+02  0.1995909E+02  0.5562050E+01
  0.2184988E+02  0.1843007E+02  0.6179983E+01
  0.1721413E+02  0.3764115E+00  0.1885351E+02
  0.1682431E+02  0.4924841E+01  0.1126492E+02
  0.4331546E+02  0.1661453E+02  0.2773544E+00
  0.1807439E+02  0.9496078E+01  0.1529714E+02
  0.3432253E+02  0.1926952E+02  0.1303011E+02
  0.1858066E+02  0.6328194E+01  0.1208565E+02
  0.4060163E+02  0.6307040E+01  0.2484796E+01
  0.3931501E+02  0.3679179E+01  0.8279080E+01
  0.4969239E+02  0.6897812E+01  0.1027304E+02
  0.2967541E+02  0.3710454E+01  0.1497241E+02
  0.1831946E+02  0.6058252E+01  0.6547852E+01
  0.3372502E+02  0.6377847E+01  0.1257803E+02
  0.2514660E+02  0.1793840E+02  0.2149308E+02
  0.3469531E+02  0.1027278E+02  0.5529660E+01
  0.2702529E+02  0.1577837E+02  0.1100817E+02
  0.4869815E+02  0.8478760E+01  0.6829656E+00
  0.2236211E+02  0.1320372E+02  0.2010611E+02
  0.3449327E+02  0.1304133E+02  0.1143133E+02
  0.2599508E+02  0.1588283E+02  0.1379971E+02
  0.3273446E+02  0.1190129E+02  0.5053027E+01
  0.3480905E+02  0.1366533E+02  0.1960149E+02
  0.4402474E+02  0.1268980E+01  0.7411241E+01
  0.4504850E+02  0.1504089E+02  0.4494085E+01
  0.5454458E+02  0.1797226E+02  0.1440075E+02
  0.2395894E+02  0.1095326E+02  0.1484310E+02
  0.3492847E+02  0.1247497E+02  0.1429615E+02
  0.4394972E+02  0.1643132E+02  0.1490719E+02
  0.3644452E+02  0.2111570E+02  0.1170790E+02
  0.1732615E+02  0.6296901E+00  0.1899637E+01
  0.4196353E+02  0.5203856E+01  0.1866353E+02
  0.3624182E+02  0.9381517E+01  0.1311556E+02
  0.4119749E+02  0.3057251E+01  0.2061347E+02
  0.4030825E+02  0.4304107E+01  0.1561069E+02
  0.3620067E+02  0.3670289E+01  0.7656491E+01
  0.2032451E+02  0.1707318E+02  0.4766051E+01
  0.2339446E+02  0.3961999E+01  0.1221071E+02
  0.3427191E+02  0.2287915E+01  0.4602684E+01
  0.3099413E+02  0.5351012E+01  0.1785317E+02
  0.2394426E+02  0.1090286E+02  0.1642067E+01
  0.3749202E+02  0.4574344E+01  0.5648681E+01
  0.1729080E+02  0.1454552E+02  0.6367977E+01
  0.2060748E+02  0.2524750E+01  0.6986036E+01
  0.1451474E+02  0.1650129E+02  0.1203642E+02
  0.2294111E+02  0.1760109E+02  0.9920016E+01
  0.5241387E+02  0.7894504E+01  0.1768860E+02
  0.3045143E+02  0.1990919E+02  0.1859210E+02
  0.2269478E+02  0.8467589E+01  0.1572824E+02
  0.2789884E+02  0.1395665E+02  0.1801564E+02
  0.4057311E+02  0.1587058E+02  0.6662705E+01
  0.3681445E+02  0.1037892E+02  0.4839501E+01
  0.1575013E+02  0.1049098E+02  0.9869318E+01
  0.2797576E+02  0.9477532E+01  0.1625806E+02
  0.3567461E+02  0.5977449E+01  0.1099922E+02
  0.3061852E+02  0.5057110E+01  0.8301525E+01
  0.3213668E+02  0.1932259E+02  0.1407409E+02
  0.3370797E+02  0.9758522E+01  0.3491163E+01
  0.4087493E+02  0.3415308E+01  0.1312599E+02
  0.2778023E+02  0.1874913E+02  0.6134403E+01
  0.1196922E+02  0.1843963E+02  0.1504244E+02
  0.2826339E+02  0.1155185E+02  0.1135456E+02
  0.2601949E+02  0.2360604E+01  0.8246267E+00
  0.1907957E+02  0.1401451E+02  0.1750673E+02
  0.2034767E+02  0.9514963E+01  0.8134597E+01
  0.2775684E+02  0.6069449E+01  0.1162531E+02
  0.3476956E+02  0.6402212E+00  0.2907325E+01
  0.3283607E+02  0.1406619E+02  0.1823707E+02
  0.2847329E+02  0.1116336E+02  0.1364749E+02
  0.4573969E+02  0.1781901E+02  0.1532646E+02
  0.2605476E+02  0.1358019E+02  0.8705033E+01
  0.3222806E+02  0.1573364E+02  0.1949502E+02
  0.2543003E+02  0.4221265E+01  0.4080177E+01
  0.3822430E+02  0.4704420E+01  0.1670852E+02
  0.1816837E+02  0.2529254E+01  0.7408862E+01
  0.5425575E+02  0.2028249E+02  0.1273327E+02
  0.3158215E+02  0.7859278E+01  0.8561682E+01
  0.3468768E+02  0.5964081E+01  0.6148239E+01
  0.1533773E+02  0.2918550E+01  0.3944023E+01
  0.1525884E+02  0.5238017E+01  0.1298253E+02
  0.3888892E+02  0.9802776E+01  0.7593578E+01
  0.4676612E+02  0.8999581E+01  0.2093690E+02
  0.2372582E+02  0.5968963E+01  0.7872351E+01
  0.3863023E+02  0.1218333E+02  0.1769758E+02
  0.3966984E+02  0.7518066E+01  0.7724803E+01
  0.3517382E+02  0.1654299E+02  0.1751047E+02
  0.3798139E+02  0.1694598E+02  0.1386516E+02
  0.2115417E+02  0.1091541E+02  0.1738728E+02
  0.4061075E+02  0.1079590E+02  0.5860142E+01
  0.4548785E+02  0.2127127E+02  0.2013774E+02
  0.2471314E+02  0.1088823E+02  0.6140870E+01
  0.4050173E+02  0.1500809E+02  0.3264366E+01
  0.4508517E+02  0.9522938E+01  0.1732670E+02
  0.4183590E+02  0.1450545E+02  0.1870940E+02
  0.3734729E+02  0.7671500E+01  0.4327251E+01
  0.5110203E+02  0.6311340E+01  0.9586492E+00
  0.3542597E+02  0.2134902E+02  0.1518194E+02
  0.4560564E+02  0.6394449E+01  0.1314722E+02
  0.2112926E+02  0.6741395E+01  0.1489419E+02
  0.1879457E+02  0.1886223E+02  0.5496902E+01
  0.9377134E+01  0.2098021E+02  0.3406075E+00
  0.1918466E+02  0.3490206E+01  0.1926425E+02
  0.2279948E+02  0.1212648E+02  0.1139309E+02
  0.4163981E+02  0.7611454E+01  0.1910758E+02
  0.2472414E+02  0.1856211E+02  0.8696555E+01
  0.3612274E+02  0.1248143E+02  0.1787154E+02
  0.2934098E+02  0.6954248E+01  0.8363038E+01
  0.2317057E+02  0.1976599E+02  0.2377310E+01
  0.5083550E+02  0.5875712E+01  0.1800561E+02
  0.2804140E+02  0.1940705E+02  0.2038671E+02
  0.4861335E+02  0.1690306E+02  0.9557054E+01
  0.3522509E+02  0.7528097E+01  0.9129945E+01
  0.3457787E+02  0.1609431E+02  0.1448956E+02
  0.2573004E+02  0.1815944E+02  0.4686965E+01
  0.2602776E+02  0.9731115E+01  0.2546542E+01
  0.2017130E+02  0.4646370E+00  0.2304821E+01
  0.3316430E+02  0.2109540E+02  0.9125484E+01
  0.1669521E+02  0.2332063E+01  0.1463141E+02
  0.3753224E+02  0.1039828E+02  0.1475604E+02
  0.3934094E+02  0.4785165E+01  0.1359824E+01
  0.3666697E+02  0.1341792E+02  0.1578018E+02
  0.1839455E+02  0.1576157E+02  0.4572068E+01
  0.2021562E+02  0.5680166E+01  0.8733255E+01
  0.2913006E+02  0.2035591E+02  0.1488046E+02
  0.2848280E+02  0.8171833E+01  0.6428395E+01
  0.4344112E+02  0.1062886E+02  0.1125193E+02
  0.2775444E+02  0.5342113E+01  0.1964013E+02
  0.1804454E+02  0.2028575E+02  0.2016810E+02
  0.4803492E+02  0.7129005E+01  0.2447727E+01
  0.5297166E+02  0.5862816E+01  0.1564581E+02
  0.3621078E+02  0.2151445E+02  0.1823706E+02
  0.3868755E+02  0.4533743E+00  0.2152238E+02
  0.4407136E+02  0.1789679E+02  0.1076517E+02
  0.2363258E+02  0.1003195E+02  0.1196610E+02
  0.3509187E+02  0.1109844E+02  0.8085402E+01
  0.3245031E+02  0.6615315E+01  0.4100994E+01
  0.2181531E+02  0.4334936E+01  0.7843589E+01
  0.2319376E+02  0.7553233E+01  0.1055880E+02
  0.5337216E+02  0.1369334E+02  0.1397352E+02
  0.2735009E+02  0.6951838E+01  0.4645784E+01
  0.2952084E+02  0.1273892E+02  0.1941598E+02
  0.2675143E+02  0.1757395E+02  0.1786826E+02
  0.4011181E+02  0.1737863E+02  0.2899499E+01
  0.1544993E+02  0.1732461E+01  0.1986553E+02
  0.2294403E+02  0.1638156E+02  0.1198887E+02
  0.3773639E+02  0.1005811E+02  0.1726452E+02
  0.1710832E+02  0.1323568E+02  0.5937806E+00
  0.3284408E+02  0.2087591E+02  0.2131777E+02
  0.2226628E+02  0.6959951E+01  0.1266268E+02
  0.2056977E+02  0.1757870E+02  0.2661117E+01
  0.3970206E+02  0.1769748E+02  0.5289412E+01
  0.2273950E+02  0.2386834E+01  0.1644424E+02
  0.4593511E+02  0.6075241E+01  0.1802469E+02
  0.3251500E+02  0.1039878E+02  0.1904601E+02
  0.4069204E+02  0.8472783E+01  0.1077096E+01
  0.3609117E+02  0.1601130E+02  0.2585884E+01
  0.3499808E+02  0.6500964E+01  0.2085932E+02
  0.2047481E+02  0.2592811E+01  0.1511457E+02
  0.1746979E+02  0.7603011E+01  0.1379525E+02
  0.2203246E+02  0.1929750E+01  0.8709911E+01
  0.2757035E+02  0.2882070E+01  0.3695729E+01
  0.4153697E+02  0.1543674E+02  0.8844640E+01
  0.4563847E+02  0.9115924E+01  0.8688866E+01
  0.4107360E+02  0.1408919E+02  0.5239100E+01
  0.1171384E+02  0.2168131E+02  0.8792134E+00
  0.4828646E+02  0.8645393E+01  0.1894730E+02
  0.1836700E+02  0.8999952E+01  0.1182432E+02
  0.4222754E+02  0.1229026E+02  0.2008241E+02
  0.2538202E+02  0.3655154E+01  0.1674400E+02
  0.3115635E+02  0.1881985E+02  0.4897477E+01
  0.3607202E+02  0.1636737E+02  0.1057829E+02
  0.2182986E+02  0.5492181E+01  0.3457617E+01
  0.2476038E+02  0.1223455E+02  0.1274908E+02
  0.3734689E+02  0.8147953E+01  0.6712280E+01
  0.3305961E+02  0.1502755E+02  0.1181218E+02
  0.1817893E+02  0.8949249E+01  0.9289800E+01
  0.4811301E+02  0.8955738E+01  0.8612232E+01
  0.9212330E+01  0.1645775E+02  0.6540833E+01
  0.2472687E+02  0.1241836E+02  0.1793252E+02
  0.3650272E+02  0.1360433E+02  0.1280941E+02
  0.1328059E+02  0.1725600E+02  0.8138030E+00
  0.4849038E+02  0.8480638E+01  0.4497781E+01
  0.2714261E+02  0.1050971E+02  0.1959269E+02
  0.1916430E+02  0.1706858E+02  0.7302256E+01
  0.3091830E+02  0.4008194E+01  0.6087121E+01
  0.3802690E+02  0.1992288E+02  0.1749853E+00
  0.3972118E+02  0.4290372E+00  0.1920179E+02
  0.1361859E+02  0.4615722E+01  0.1029136E+02
  0.3738478E+02  0.3271783E+01  0.1847535E+02
  0.5327455E+02  0.8079007E+01  0.9535912E+01
  0.5407649E+02  0.1551306E+02  0.6042886E+01
  0.2528057E+02  0.1572760E+02  0.2042236E+02
  0.5050671E+02  0.1263586E+02  0.1554370E+02
  0.3580726E+02  0.3681255E+01  0.1078736E+02
  0.2766606E+02  0.7545311E+01  0.1741038E+02
  0.2407653E+02  0.1900782E+02  0.6487940E+01
  0.4138402E+02  0.1000408E+02  0.1008657E+02
  0.3201689E+02  0.1710343E+02  0.8221195E+01
  0.1957624E+02  0.4037196E+01  0.1058318E+02
  0.1781763E+02  0.2653930E+01  0.1120372E+02
  0.4186240E+02  0.1171194E+01  0.1232183E+02
  0.3174119E+02  0.1260013E+01  0.2089331E+02
  0.1980082E+02  0.9069747E+01  0.1801737E+02
  0.2637158E+02  0.6513259E+01  0.1018320E+01
  0.2678246E+02  0.1112363E+02  0.8296232E+01
  0.3322088E+02  0.1898139E+02  0.7653336E+01
  0.4508780E+02  0.2115910E+02  0.1674597E+02
  0.3277164E+02  0.7132128E+01  0.6582354E+01
  0.4140694E+02  0.1257130E+02  0.5625570E+00
  0.3257571E+02  0.4924849E+01  0.9643996E+01
  0.3145353E+02  0.1918226E+02  0.5438810E+00
  0.4756037E+02  0.2512933E+01  0.4712008E+01
  0.3417925E+02  0.1613957E+02  0.8848864E+01
  0.1181104E+02  0.4669438E+01  0.3766027E+00
  0.3291764E+02  0.2353259E+01  0.1380295E+02
  0.4753895E+02  0.6788019E+01  0.9300172E+01
  0.3954480E+02  0.2045123E+02  0.1415072E+02
  0.1793397E+02  0.1734744E+02  0.3656371E+00
  0.2420650E+02  0.1481694E+01  0.2117960E+02
  0.3205856E+02  0.7081704E+01  0.1930168E+02
  0.2885270E+02  0.1725855E+02  0.2544566E+01
  0.2039393E+02  0.1744818E+00  0.4909995E+01
  0.4795814E+02  0.1244542E+02  0.5233708E-01
  0.5384559E+02  0.4311192E+01  0.1747030E+02
  0.2942594E+02  0.2330318E+01  0.9245037E+01
  0.1807123E+02  0.1004148E+02  0.2115501E+02
  0.4064412E+02  0.1323689E+02  0.9790070E+01
  0.3711095E+02  0.6562415E+01  0.1512665E-01
  0.1117523E+02  0.1230403E+02  0.3800693E+01
  0.1759250E+02  0.2008785E+02  0.7271469E+01
  0.2207977E+02  0.9498138E+01  0.2095042E+02
  0.2588101E+02  0.6822627E+01  0.1904584E+02
  0.2660029E+02  0.1191270E+02  0.1518187E+02
  0.1502640E+02  0.2142424E+02  0.1143019E+02
  0.4536733E+02  0.1505400E+02  0.1892071E+02
  0.4146836E+02  0.7783566E+01  0.9254766E+01
  0.4298381E+02  0.3533955E+01  0.1714348E+02
  0.2947730E+02  0.7071736E+01  0.1296540E+02
  0.3464521E+02  0.6157581E+01  0.1555386E+02
  0.2938348E+02  0.1673740E+02  0.2073606E+02
  0.3865273E+02  0.2790073E+01  0.2227700E+01
  0.3208124E+02  0.1584817E+01  0.1185649E+02
  0.5090062E+02  0.2154461E+02  0.1424952E+02
  0.5198093E+02  0.1947013E+02  0.1104072E+01
  0.1616838E+02  0.1997774E+02  0.1790748E+02
  0.2865242E+02  0.4930650E-01  0.5209438E+01
  0.1996761E+02  0.1749211E+02  0.1629414E+02
  0.1094374E+02  0.2446623E+01  0.9895110E+01
  0.1103818E+02  0.1068747E+02  0.8555896E+00
  0.3119397E+02  0.2102041E+02  0.2120176E+01
  0.2723883E+02  0.1343188E+02  0.6583269E+01
  0.3249952E+02  0.8881906E+01  0.1224833E+02
  0.4609731E+02  0.1830561E+02  0.3545756E+01
  0.2167559E+02  0.9190467E+01  0.1370816E+02
  0.3056168E+02  0.1889446E+02  0.7328763E+01
  0.2308520E+02  0.1398616E+02  0.1482257E+02
  0.3685378E+02  0.2393596E+01  0.4580629E+01
  0.2827082E+02  0.8272803E+00  0.1524595E+02
  0.2700243E+02  0.2103199E+01  0.9660183E+01
  0.4943054E+02  0.1037008E+02  0.2061226E+01
  0.3714687E+02  0.4006113E+01  0.2067560E+02
  0.2678999E+02  0.1938191E+01  0.1790405E+02
  0.3763380E+02  0.1531510E+02  0.7243063E+00
  0.4541577E+02  0.1172917E+02  0.2302403E+01
  0.4210801E+02  0.1473300E+02  0.1486782E+02
  0.3086907E+02  0.1235874E+02  0.7577111E+01
  0.4541257E+02  0.9728826E+01  0.3671275E+01
  0.8284329E+01  0.7415048E+01  0.1392609E+01
  0.3977850E+02  0.5430789E+01  0.1823247E+02
  0.1757693E+02  0.2570794E+01  0.2075886E+02
  0.1026341E+02  0.6327930E+00  0.1667081E+02
  0.2035761E+02  0.1620403E+02  0.1454315E+02
  0.1256020E+02  0.5887407E+01  0.8605301E+01
  0.4156464E+02  0.2086966E+02  0.1981094E+02
  0.1572798E+02  0.1361430E+02  0.1923703E+02
  0.1594802E+02  0.5512212E+01  0.9291831E+01
  0.3879823E+02  0.1493516E+02  0.1040309E+02
  0.3154777E+02  0.1976550E+02  0.1068453E+02
  0.4069012E+02  0.1112167E+02  0.1864554E+02
  0.1969784E+02  0.1989841E+02  0.2497421E+01
  0.4104998E+02  0.1685616E+02  0.1418121E+02
  0.1042559E+02  0.1677666E+02  0.1718509E+02
  0.2570559E+02  0.2050856E+02  0.2869377E+01
  0.4567699E+02  0.2155105E+02  0.1331128E+02
  0.2980482E+02  0.2038854E+02  0.1237505E+02
  0.2593237E+02  0.1970082E+02  0.1874736E+02
  0.4771617E+02  0.1483737E+02  0.1067487E+02
  0.9349523E+01  0.5789996E+01  0.1085507E+02
  0.2514817E+02  0.3463873E+00  0.1932332E+02
  0.3422787E+02  0.1696726E+02  0.1189388E+01
  0.2951853E+02  0.2342105E+01  0.4971551E+01
  0.3863817E+02  0.2134277E+02  0.8536024E+01
  0.2507652E+02  0.1364812E+02  0.1590219E+02
  0.5121389E+02  0.1422925E+02  0.8928207E+01
  0.5307707E+02  0.9257080E+01  0.1551354E+02
  0.3451315E+02  0.1610952E+02  0.2004857E+02
  0.1466042E+02  0.3531648E+01  0.1850351E+02
  0.2632214E+02  0.1575652E+02  0.1628650E+02
  0.2364971E+02  0.8572635E+01  0.1228654E+01
  0.1588616E+02  0.1425874E+02  0.4426132E+01
  0.2752963E+02  0.1587070E+02  0.1952113E+02
  0.3973439E+02  0.9045065E+01  0.1947658E+02
  0.3238917E+02  0.7247686E+01  0.1531070E+02
  0.3463554E+02  0.3855039E+01  0.1483452E+02
  0.1920852E+02  0.1401810E+02  0.3128078E+01
  0.3975069E+02  0.1830588E+02  0.5981194E+00
  0.1986442E+02  0.5921348E+01  0.1974676E+02
  0.1882400E+02  0.5919955E+01  0.2295944E+01
  0.2850884E+02  0.1052738E+02  0.5666599E+01
  0.2027580E+02  0.1610489E+02  0.1822517E+02
  0.3247317E+02  0.1191099E+02  0.6065155E+00
  0.3188619E+02  0.5752226E+01  0.4753912E+00
  0.2595672E+02  0.9493277E+01  0.1489888E+02
  0.3034574E+02  0.2143177E+02  0.6913315E+01
  0.4617035E+02  0.6853195E+00  0.4636840E+01
  0.1676157E+02  0.1544271E+02  0.1547019E+01
  0.1092185E+02  0.4799375E+01  0.1805241E+02
  0.4523929E+02  0.4118548E+01  0.1705471E+02
  0.2306558E+02  0.1118006E+02  0.4246857E+01
  0.3385717E+02  0.1747464E+02  0.1087468E+02
  0.4204185E+02  0.1862532E+02  0.7796220E+00
  0.2883740E+02  0.2661233E+01  0.1705788E+02
  0.1154054E+02  0.3568536E+00  0.1317756E+02
  0.4959780E+02  0.1780764E+02  0.5054021E+01
  0.5287941E+02  0.9931462E+01  0.1317628E+02
  0.3347174E+02  0.2889872E+01  0.1015555E+02
  0.4537473E+02  0.7001887E+01  0.2072790E+02
  0.3969814E+02  0.1036372E+02  0.1345244E+02
  0.5143589E+02  0.1373641E+01  0.7219454E+01
  0.3048362E+02  0.1449685E+02  0.2105631E+02
  0.5194914E+02  0.9508946E+00  0.1045396E+02
  0.5247662E+02  0.2133282E+02  0.1226974E+02
  0.4892378E+02  0.1586800E+02  0.1761419E+02
  0.5118920E+02  0.1489190E+02  0.1953135E+02
  0.5158600E+02  0.1534528E+01  0.1568728E+02
  0.4511263E+02  0.2039378E+02  0.2676405E+01
  0.4005409E+02  0.2157018E+02  0.1212438E+02
  0.3945210E+02  0.2089773E+02  0.1734292E+02
  0.3635301E+02  0.1317436E+02  0.1060021E+01
  0.4391160E+02  0.1557873E+01  0.1980626E+02
  0.5166002E+02  0.2086881E+02  0.4261864E+01
  0.5227984E+02  0.1553369E+02  0.2160180E+02
  0.5609360E+02  0.1371020E+02  0.1645240E+02
  0.4455424E+02  0.1657778E+02  0.2487464E+01
  0.4687442E+02  0.1447628E+02  0.1447288E+02
  0.5685825E+02  0.1370592E+01  0.1261168E+01
  0.5683126E+02  0.2046448E+02  0.3973844E+01
  0.5057879E+02  0.1541785E+02  0.1563159E+01
  0.5542491E+02  0.8483093E-01  0.2438996E+01
  0.5806350E+02  0.2823602E+01  0.2340936E+01
  0.5855017E+02  0.2155670E+02  0.4818628E+01
  0.4880119E+02  0.3126200E+01  0.6709256E+01
  0.6001245E+02  0.2020087E+02  0.1322396E+01
  0.6245377E+02  0.1590988E+01  0.1161958E+01
  0.6232736E+02  0.2063371E+02  0.4012160E+01
  0.5954400E+02  0.1469826E+01  0.3688310E+01
  0.6116185E+02  0.1379141E+00  0.2449328E+01
  0.6381818E+02  0.2967992E+01  0.2404137E+01
  0.6387724E+02  0.2636985E+00  0.5081304E+01
  0.6105077E+02  0.2793813E+01  0.5297421E+01
  0.4635429E+02  0.5907366E+01  0.1547763E+02
  0.3249836E+02  0.1329731E+02  0.1430167E+02
  0.4176332E+02  0.1524480E+02  0.2112813E+02
  0.4390120E+02  0.2004066E+02  0.1915417E+02
  0.5386640E+02  0.2082647E+02  0.8592062E+00
  0.4608123E+02  0.1933781E+02  0.8376927E+01
  0.4909041E+02  0.1804613E+01  0.2058915E+02
  0.2995103E+02  0.1831014E+02  0.1364411E+02
  0.5127716E+02  0.6103597E+00  0.2690591E+01
  0.5418883E+02  0.7353529E+01  0.4358004E+01
  0.3191049E+02  0.1754747E+02  0.1553707E+02
  0.3714421E+02  0.1976668E+02  0.1680688E+02
  0.4981535E+02  0.1990367E+02  0.5704055E+01
  0.5390492E+02  0.1342058E+02  0.4897174E+01
  0.4676307E+02  0.1147788E+02  0.1798372E+02
  0.5153686E+02  0.1481325E+02  0.1477591E+02
  0.4966153E+02  0.2035208E+02  0.1594617E+02
  0.5678550E+02  0.6931669E+01  0.1168313E+01
  0.5699291E+02  0.4163937E+01  0.3908238E+01
  0.5434625E+02  0.1217828E+02  0.2009290E+02
  0.5326940E+02  0.3124619E+01  0.1066681E+01
  0.5845146E+02  0.8490939E+01  0.2274149E+01
  0.5844043E+02  0.5439807E+01  0.5026349E+01
  0.5229264E+02  0.4494325E+01  0.3734167E+01
  0.5962044E+02  0.4295395E+01  0.1066308E+01
  0.6261360E+02  0.6811048E+01  0.1197729E+01
  0.6245599E+02  0.4243551E+01  0.3833355E+01
  0.5965189E+02  0.7015305E+01  0.3778226E+01
  0.6102886E+02  0.5537509E+01  0.2443882E+01
  0.6385076E+02  0.8082390E+01  0.2634045E+01
  0.6380103E+02  0.5485966E+01  0.5396042E+01
  0.6129394E+02  0.8156522E+01  0.4994214E+01
  0.4906833E+02  0.1754209E+02  0.1396531E+02
  0.4250105E+02  0.1235009E+02  0.1754989E+02
  0.5080991E+02  0.2074614E+02  0.7890470E+01
  0.4854948E+02  0.6460630E+01  0.1442090E+02
  0.3889182E+02  0.2042007E+02  0.3034302E+01
  0.5303863E+02  0.7483133E-01  0.5786307E+01
  0.3675552E+02  0.1912603E+01  0.2157866E+02
  0.2151770E+02  0.1233243E+02  0.1495327E+02
  0.5388013E+02  0.6969086E+01  0.2038420E+02
  0.5508842E+02  0.1244931E+02  0.1495026E+02
  0.4779874E+02  0.1400509E+01  0.1251978E+02
  0.3063603E+02  0.1241642E+02  0.1126402E+02
  0.5157687E+02  0.5251468E+01  0.8913637E+01
  0.5360833E+02  0.1113379E+02  0.1267356E+01
  0.4962402E+02  0.2026372E+02  0.1077516E+02
  0.5251853E+02  0.1765548E+02  0.1676037E+02
  0.5282422E+02  0.9054240E+01  0.3500859E+01
  0.5698184E+02  0.1231596E+02  0.1246433E+01
  0.5719878E+02  0.9900778E+01  0.3762451E+01
  0.4075096E+02  0.2168190E+02  0.2490979E+01
  0.5548486E+02  0.1137126E+02  0.2963487E+01
  0.5836949E+02  0.1370759E+02  0.2396324E+01
  0.5862785E+02  0.1099924E+02  0.5153261E+01
  0.5629496E+02  0.1304455E+02  0.4573869E+01
  0.5984013E+02  0.9530830E+01  0.1035078E+01
  0.6251165E+02  0.1231688E+02  0.1163277E+01
  0.6246913E+02  0.9679903E+01  0.3712506E+01
  0.5971425E+02  0.1245139E+02  0.4077210E+01
  0.6109112E+02  0.1108779E+02  0.2637684E+01
  0.6384928E+02  0.1371595E+02  0.2597885E+01
  0.6381508E+02  0.1092405E+02  0.5351958E+01
  0.6114870E+02  0.1372940E+02  0.5316342E+01
  0.4236197E+02  0.7659283E+01  0.2128045E+02
  0.5042857E+02  0.1176954E+02  0.3731714E+00
  0.4251932E+02  0.1452715E+02  0.1660820E+01
  0.4387566E+02  0.7364737E+01  0.1767713E+02
  0.3706395E+02  0.2120424E+02  0.6506887E+01
  0.3867114E+02  0.1789794E+02  0.1789137E+02
  0.3372375E+02  0.1205697E+02  0.2632013E+01
  0.4657035E+02  0.4296719E+01  0.3178598E+01
  0.5235521E+02  0.1320873E+02  0.6844534E+01
  0.4440482E+02  0.1699867E+02  0.5623429E+01
  0.4241408E+02  0.1609557E+02  0.1687982E+02
  0.4632461E+02  0.3683297E+01  0.6398600E+01
  0.4144665E+02  0.6196485E+01  0.6260103E+01
  0.4990263E+02  0.5015210E+01  0.3989440E+01
  0.2189109E+02  0.8627377E+00  0.1128102E+02
  0.3758392E+02  0.1836533E+02  0.8488529E+01
  0.5223626E+02  0.1101185E+02  0.2089065E+02
  0.5666071E+02  0.1767618E+02  0.1279715E+01
  0.5721228E+02  0.1513354E+02  0.3784580E+01
  0.5092435E+02  0.1691418E+02  0.1817862E+02
  0.5545804E+02  0.1630957E+02  0.2743547E+01
  0.5799740E+02  0.1923064E+02  0.2356084E+01
  0.5835200E+02  0.1653510E+02  0.5061901E+01
  0.5472141E+02  0.1208189E+02  0.9967943E+01
  0.5974997E+02  0.1516464E+02  0.8071897E+00
  0.6257298E+02  0.1775146E+02  0.1358817E+01
  0.6252534E+02  0.1495351E+02  0.3989685E+01
  0.5964923E+02  0.1768585E+02  0.3634926E+01
  0.6114368E+02  0.1624607E+02  0.2440946E+01
  0.6364673E+02  0.1919737E+02  0.2682682E+01
  0.6362560E+02  0.1642956E+02  0.5438331E+01
  0.6088731E+02  0.1909212E+02  0.5158722E+01
  0.5534659E+02  0.1037530E+02  0.1150827E+02
  0.4985022E+02  0.1273765E+02  0.6221610E+01
  0.4842231E+02  0.1838802E+01  0.8501658E+01
  0.4609029E+02  0.2803109E+01  0.1204654E+01
  0.4394774E+02  0.1341128E+02  0.3135086E+01
  0.4676010E+02  0.1949835E+02  0.1943645E+02
  0.4085233E+02  0.1051266E+02  0.2143158E+01
  0.5289337E+02  0.1329767E+02  0.2611864E+01
  0.4023945E+02  0.1508752E+01  0.7863000E+01
  0.3626862E+02  0.2031473E+02  0.9514737E+01
  0.4639481E+02  0.1538536E+02  0.1771179E+01
  0.5371147E+02  0.2093400E+01  0.1860807E+02
  0.4840151E+02  0.1563793E+00  0.1738326E+02
  0.5351814E+02  0.1099719E+02  0.4956323E+01
  0.5429149E+02  0.1518268E+02  0.1229722E+02
  0.5412937E+02  0.4649831E+01  0.1162243E+02
  0.5230835E+02  0.1779447E+02  0.2147023E+02
  0.5727341E+02  0.1453896E+01  0.6343357E+01
  0.5699041E+02  0.2034361E+02  0.9435545E+01
  0.4945677E+02  0.1463856E+02  0.2122500E+02
  0.2905870E+02  0.1091931E+02  0.2084591E+02
  0.5831990E+02  0.2879472E+01  0.7993561E+01
  0.5793983E+02  0.1268498E+00  0.1083283E+02
  0.5556907E+02  0.1882828E+02  0.5346759E+01
  0.5972928E+02  0.2022128E+02  0.6521417E+01
  0.6227240E+02  0.1264018E+01  0.6599414E+01
  0.6224119E+02  0.2057374E+02  0.9634117E+01
  0.5955479E+02  0.1327864E+01  0.9441396E+01
  0.6094653E+02  0.2168136E+02  0.7958384E+01
  0.6370583E+02  0.2590917E+01  0.7891358E+01
  0.6378984E+02  0.2171661E+02  0.1082915E+02
  0.6116572E+02  0.2567616E+01  0.1083711E+02
  0.4407873E+02  0.1499191E+01  0.1746770E+02
  0.5079576E+02  0.8240180E+01  0.2348812E+01
  0.5076489E+02  0.1320580E+02  0.2239370E+01
  0.3522185E+02  0.1361641E+02  0.3115078E+01
  0.4726587E+02  0.1494053E+02  0.4012219E+01
  0.3386570E+02  0.1240159E+01  0.4977196E+00
  0.3463656E+02  0.5311876E+01  0.8552916E+01
  0.4899776E+02  0.1956944E+02  0.1821829E+02
  0.3180024E+02  0.1665610E+02  0.4519252E+01
  0.5567862E+02  0.2161840E+02  0.7685596E+01
  0.5408592E+02  0.9239195E+00  0.9222280E+01
  0.4590726E+02  0.1629972E+02  0.1169424E+02
  0.4066168E+02  0.5753194E+01  0.1375506E+02
  0.4220545E+02  0.1023332E+02  0.4080204E+01
  0.5248281E+02  0.1867974E+02  0.3251976E+01
  0.4753927E+02  0.2911031E+01  0.1900049E+02
  0.4751314E+02  0.5208039E+01  0.1121521E+02
  0.5721955E+02  0.6942051E+01  0.6599681E+01
  0.5685105E+02  0.4233656E+01  0.9535877E+01
  0.5611270E+02  0.8409993E+01  0.1035267E+02
  0.5036084E+02  0.2320831E+01  0.1389688E+02
  0.5880648E+02  0.8164122E+01  0.7941413E+01
  0.5837013E+02  0.5371742E+01  0.1083322E+02
  0.5471516E+02  0.1001774E+02  0.6729663E+01
  0.5965310E+02  0.4049267E+01  0.6591658E+01
  0.6254407E+02  0.6911635E+01  0.6650699E+01
  0.6230304E+02  0.3915332E+01  0.9364734E+01
  0.5990420E+02  0.6833144E+01  0.9488340E+01
  0.6113344E+02  0.5525680E+01  0.7907719E+01
  0.6395471E+02  0.8177386E+01  0.8152959E+01
  0.6385110E+02  0.5280496E+01  0.1075261E+02
  0.6149133E+02  0.8204985E+01  0.1079083E+02
  0.3043519E+02  0.1455539E+01  0.3056792E+01
  0.4968393E+02  0.9263875E+01  0.1562981E+02
  0.4594453E+02  0.8940961E+01  0.1328004E+02
  0.4693707E+02  0.5091033E+01  0.1987160E+02
  0.4714687E+02  0.3563564E+01  0.1578613E+02
  0.4480066E+02  0.1475205E+02  0.1319575E+02
  0.4175284E+02  0.9302917E+01  0.1729807E+02
  0.5094750E+02  0.2135845E+02  0.6901331E+00
  0.3678527E+02  0.1766910E+02  0.1925119E+02
  0.5518935E+02  0.5843285E+01  0.2584440E+01
  0.4441844E+02  0.6745219E+01  0.1120655E+02
  0.5411611E+02  0.1720631E+02  0.4344502E+01
  0.3858874E+02  0.9014345E+01  0.2158775E+02
  0.2776832E+02  0.7766298E+01  0.9851051E+01
  0.3413425E+02  0.1787518E+02  0.1604181E+02
  0.5312729E+02  0.5666690E+01  0.5549532E+01
  0.4696457E+02  0.2164564E+02  0.7901945E+01
  0.5709512E+02  0.1199106E+02  0.6738227E+01
  0.5775463E+02  0.9459933E+01  0.9424961E+01
  0.4238873E+02  0.3964064E+01  0.9969858E+01
  0.5589963E+02  0.1069466E+02  0.8344256E+01
  0.5838204E+02  0.1364732E+02  0.8022483E+01
  0.5870393E+02  0.1113475E+02  0.1091437E+02
  0.5518936E+02  0.1618376E+02  0.7797250E+01
  0.6008655E+02  0.9696606E+01  0.6307370E+01
  0.6252188E+02  0.1250214E+02  0.6807169E+01
  0.6250235E+02  0.9719798E+01  0.9380630E+01
  0.5989069E+02  0.1245925E+02  0.9480200E+01
  0.6114183E+02  0.1111710E+02  0.7916515E+01
  0.6397322E+02  0.1388439E+02  0.8075019E+01
  0.6388659E+02  0.1105838E+02  0.1065166E+02
  0.6113681E+02  0.1398918E+02  0.1076063E+02
  0.4637934E+02  0.1849704E+02  0.1189091E+02
  0.4403619E+02  0.5263593E+01  0.9281539E+01
  0.3825444E+02  0.6190592E+00  0.1073902E+02
  0.4985244E+02  0.2121265E+02  0.2009105E+02
  0.1956926E+02  0.7717582E+01  0.5240409E+01
  0.5252514E+02  0.1100246E+02  0.9700813E+01
  0.3085620E+02  0.7644213E+01  0.1706059E+02
  0.4246181E+02  0.6006234E+00  0.2156198E+02
  0.3921771E+02  0.5950343E+01  0.4445406E+01
  0.5078621E+02  0.1231960E+02  0.1041569E+02
  0.4908991E+02  0.6384973E+01  0.1969264E+02
  0.5042682E+02  0.1110340E+02  0.1386785E+02
  0.4600356E+02  0.1093257E+02  0.5761872E+01
  0.4330497E+02  0.2117473E+02  0.4147186E+01
  0.4526307E+02  0.3367487E+01  0.2072893E+02
  0.4096486E+02  0.2339591E+01  0.1834276E+02
  0.5439592E+02  0.4212471E+01  0.6613108E+01
  0.5691658E+02  0.1758119E+02  0.6725947E+01
  0.5689364E+02  0.1524481E+02  0.9017117E+01
  0.5359355E+02  0.1400137E+02  0.8896629E+01
  0.4044010E+02  0.1671581E+01  0.8609401E+00
  0.5843780E+02  0.1893852E+02  0.8010752E+01
  0.5818453E+02  0.1637681E+02  0.1085690E+02
  0.5550432E+02  0.1900069E+02  0.1085579E+02
  0.5954051E+02  0.1520491E+02  0.6480311E+01
  0.6207508E+02  0.1784128E+02  0.6585610E+01
  0.6240406E+02  0.1519596E+02  0.9273504E+01
  0.5968574E+02  0.1773464E+02  0.9844895E+01
  0.6082206E+02  0.1633894E+02  0.7997550E+01
  0.6347945E+02  0.1908289E+02  0.7897158E+01
  0.6372076E+02  0.1671059E+02  0.1078333E+02
  0.6091270E+02  0.1911331E+02  0.1095764E+02
  0.4812372E+02  0.1274175E+02  0.1572843E+02
  0.2669190E+02  0.2170331E+02  0.8703456E+01
  0.4377077E+02  0.7537483E+01  0.8920061E+01
  0.3930666E+02  0.4858442E+01  0.2053907E+02
  0.5410334E+02  0.1831183E+02  0.2009900E+02
  0.4727778E+02  0.1547198E+02  0.8220273E+01
  0.4398545E+02  0.8778912E+01  0.1975706E+02
  0.4805586E+02  0.1732646E+02  0.3515349E+01
  0.4413195E+02  0.1254941E+02  0.1023826E+02
  0.4258604E+02  0.1418503E+02  0.1111473E+02
  0.4627522E+02  0.1411018E+02  0.6476911E+01
  0.5264663E+02  0.9573092E+01  0.7617976E+01
  0.4407771E+02  0.1629546E+01  0.5047417E+01
  0.5318001E+02  0.1608564E+02  0.1031137E+02
  0.5549347E+02  0.2590719E+01  0.1068769E+02
  0.4326458E+02  0.5935762E+01  0.4766097E+01
  0.5537481E+02  0.2154159E+02  0.1409796E+02
  0.5649654E+02  0.1361277E+01  0.1255341E+02
  0.5698269E+02  0.2011219E+02  0.1534000E+02
  0.4416121E+02  0.8019834E+01  0.1428609E+02
  0.5218657E+02  0.1891237E+02  0.1374133E+02
  0.5830030E+02  0.2762637E+01  0.1353544E+02
  0.5839856E+02  0.1671146E+00  0.1627704E+02
  0.5541604E+02  0.3022064E+01  0.1607213E+02
  0.5975827E+02  0.2065005E+02  0.1193923E+02
  0.6257044E+02  0.1339114E+01  0.1227695E+02
  0.6257753E+02  0.2057294E+02  0.1510651E+02
  0.5972736E+02  0.1592358E+01  0.1495498E+02
  0.6094778E+02  0.1116012E+00  0.1361409E+02
  0.6397124E+02  0.2896080E+01  0.1360783E+02
  0.6387023E+02  0.2995075E+00  0.1627621E+02
  0.6099428E+02  0.3032085E+01  0.1660279E+02
  0.3414248E+02  0.1630597E+02  0.3971483E+01
  0.4067712E+02  0.7764962E-01  0.6154988E+01
  0.4790484E+02  0.1238007E+02  0.1087707E+02
  0.4503482E+02  0.3752709E+01  0.1265340E+02
  0.4233508E+02  0.5245177E+01  0.2115925E+02
  0.4979253E+02  0.5842606E+01  0.1224026E+02
  0.3815470E+02  0.1581510E+02  0.2012349E+02
  0.3408590E+02  0.8242084E+01  0.1690048E+02
  0.4665865E+02  0.7371394E+01  0.5404329E+01
  0.5137460E+02  0.6466081E+01  0.6691784E+01
  0.4615720E+02  0.2086279E+01  0.1413551E+02
  0.3869529E+02  0.1488563E+02  0.7858632E+01
  0.5552755E+02  0.5560725E+01  0.8028396E+01
  0.4938734E+02  0.5325906E+01  0.6284018E+01
  0.4910648E+02  0.4162350E+01  0.1745921E+02
  0.4679499E+02  0.1349693E+02  0.2026272E+02
  0.4754603E+02  0.1236907E+02  0.6740711E+01
  0.5708876E+02  0.7021017E+01  0.1207582E+02
  0.5694153E+02  0.4363620E+01  0.1476036E+02
  0.5110050E+02  0.8800848E+01  0.1026112E+02
  0.5571729E+02  0.5748991E+01  0.1330559E+02
  0.5863014E+02  0.8293545E+01  0.1338960E+02
  0.5817368E+02  0.5502802E+01  0.1616417E+02
  0.5466558E+02  0.7435010E+01  0.1481670E+02
  0.5970486E+02  0.3927763E+01  0.1215477E+02
  0.6260706E+02  0.6707960E+01  0.1214111E+02
  0.6260636E+02  0.4282584E+01  0.1524747E+02
  0.5982548E+02  0.6796936E+01  0.1496038E+02
  0.6112456E+02  0.5275063E+01  0.1350899E+02
  0.6410717E+02  0.8107867E+01  0.1357578E+02
  0.6412611E+02  0.5749218E+01  0.1647768E+02
  0.6114338E+02  0.8188781E+01  0.1622359E+02
  0.4026522E+02  0.1694517E+02  0.2045267E+02
  0.4028034E+02  0.1698144E+02  0.1039217E+02
  0.4272866E+02  0.4249142E+01  0.1222751E+02
  0.4240186E+02  0.1778575E+02  0.3036630E+01
  0.5745152E+02  0.1265887E+02  0.1775370E+02
  0.3437725E+02  0.1434971E+02  0.1650770E+02
  0.4580110E+02  0.3918688E+01  0.1037782E+02
  0.3608540E+02  0.5788787E+01  0.4151483E+01
  0.4297341E+02  0.1245391E+02  0.4973848E+01
  0.2460798E+02  0.1395214E+02  0.4313161E+01
  0.3533826E+02  0.3378477E+01  0.1696172E+02
  0.4360159E+02  0.8326482E+01  0.4603886E+01
  0.4202983E+02  0.1082426E+02  0.1306440E+02
  0.3728782E+02  0.1150609E+02  0.6979524E+01
  0.5590605E+02  0.8322244E+01  0.1628136E+02
  0.5592689E+02  0.1613697E+02  0.1357534E+02
  0.4595764E+02  0.2240790E+01  0.8602859E+01
  0.5728788E+02  0.1241866E+02  0.1223511E+02
  0.5739933E+02  0.9632053E+01  0.1496581E+02
  0.5147843E+02  0.1736776E+02  0.6877069E+01
  0.4048423E+02  0.7295589E+01  0.1155392E+02
  0.6009132E+02  0.1235325E+02  0.1490999E+02
  0.5606701E+02  0.1089743E+02  0.1352874E+02
  0.5286866E+02  0.1333346E+02  0.1860211E+02
  0.5999122E+02  0.9637459E+01  0.1197132E+02
  0.6269216E+02  0.1279701E+02  0.1213199E+02
  0.6253108E+02  0.9636737E+01  0.1461609E+02
  0.5875898E+02  0.1106866E+02  0.1644252E+02
  0.6144372E+02  0.1117352E+02  0.1332749E+02
  0.6387532E+02  0.1404789E+02  0.1351200E+02
  0.6383039E+02  0.1102699E+02  0.1614549E+02
  0.6121587E+02  0.1379753E+02  0.1657788E+02
  0.2318072E+02  0.5620267E+01  0.1478257E+02
  0.4768210E+02  0.1919515E+02  0.1002580E+02
  0.3504394E+02  0.8170289E+01  0.6964263E+01
  0.4798514E+02  0.1347931E+02  0.1814940E+02
  0.4101266E+02  0.5335633E+01  0.8515768E+01
  0.5270972E+02  0.2300682E+01  0.2975519E+01
  0.4431533E+02  0.1511876E+01  0.1225681E+02
  0.5157830E+02  0.1523010E+02  0.5561167E+01
  0.3820939E+02  0.6130045E+01  0.1340145E+02
  0.5598536E+02  0.8624398E+01  0.5275615E+01
  0.4869516E+02  0.1411644E+02  0.1280228E+02
  0.4311006E+02  0.1797125E+02  0.1999905E+02
  0.5395158E+02  0.8346826E+01  0.1170769E+02
  0.3324753E+02  0.2119501E+02  0.1170840E+02
  0.5213113E+02  0.1680480E+01  0.2120068E+02
  0.3244522E+02  0.8047260E+00  0.3946405E+01
  0.5036123E+02  0.7349238E+01  0.4720800E+01
  0.5682539E+02  0.1774421E+02  0.1228006E+02
  0.5725772E+02  0.1522122E+02  0.1505534E+02
  0.4583029E+02  0.6565594E+01  0.3417165E+01
  0.5593757E+02  0.1403408E+02  0.1087440E+02
  0.5811992E+02  0.1934261E+02  0.1346725E+02
  0.5843844E+02  0.1679251E+02  0.1642539E+02
  0.5527050E+02  0.1875920E+02  0.1648725E+02
  0.5975499E+02  0.1499115E+02  0.1217809E+02
  0.6233117E+02  0.1785796E+02  0.1243160E+02
  0.6257777E+02  0.1527669E+02  0.1492508E+02
  0.5960726E+02  0.1810124E+02  0.1485481E+02
  0.6098692E+02  0.1641270E+02  0.1358174E+02
  0.6385804E+02  0.1922766E+02  0.1352664E+02
  0.6405769E+02  0.1668847E+02  0.1623954E+02
  0.6120741E+02  0.1920102E+02  0.1641753E+02
  0.4462994E+02  0.4082498E+01  0.4720013E+01
  0.3886491E+02  0.1332138E+02  0.2781020E+01
  0.4979143E+02  0.1268538E+02  0.1936375E+02
  0.4808501E+02  0.2943251E+01  0.1077343E+02
  0.4593912E+02  0.1114579E+02  0.1402997E+02
  0.4590439E+02  0.1098540E+02  0.1958060E+00
  0.5583536E+02  0.2635174E+01  0.5198623E+01
  0.5116677E+02  0.1167647E+02  0.1771923E+02
  0.4754808E+02  0.1279541E+02  0.2499576E+01
  0.4159922E+02  0.1254920E+01  0.4472201E+01
  0.4752185E+02  0.2088100E+02  0.5659898E+01
  0.5406946E+02  0.1766278E+02  0.9214997E+01
  0.5123443E+02  0.1050194E+02  0.4787020E+01
  0.5403323E+02  0.1298859E+01  0.1514217E+02
  0.5423429E+02  0.1994251E+02  0.6776364E+01
  0.4324021E+02  0.1698131E+02  0.8904373E+01
  0.4643028E+02  0.8908669E+00  0.1833275E+02
  0.5698662E+02  0.1464969E+01  0.1729378E+02
  0.5728345E+02  0.2043079E+02  0.2028064E+02
  0.4857109E+02  0.1947728E+02  0.2119078E+02
  0.5575965E+02  0.2168890E+02  0.1871624E+02
  0.5813145E+02  0.2633769E+01  0.1913065E+02
  0.5846566E+02  0.2162897E+02  0.1773866E+00
  0.5533797E+02  0.2603165E+01  0.2160753E+02
  0.5974021E+02  0.2022077E+02  0.1764527E+02
  0.6232057E+02  0.1381881E+01  0.1762769E+02
  0.6268806E+02  0.2063151E+02  0.2012372E+02
  0.5965251E+02  0.1417606E+01  0.2042010E+02
  0.6096504E+02  0.7025147E-01  0.1892645E+02
  0.6383330E+02  0.2656115E+01  0.1889882E+02
  0.6398578E+02  0.1973092E+00  0.2153576E+02
  0.6092274E+02  0.2860369E+01  0.2152920E+02
  0.1922685E+02  0.3937848E+01  0.5602915E+01
  0.4280406E+02  0.1977739E+02  0.9960368E+01
  0.3561053E+02  0.1890830E+02  0.4300220E+01
  0.5067858E+02  0.1055438E+02  0.6980290E+01
  0.5309761E+02  0.5361122E+01  0.1452675E+01
  0.2772026E+02  0.1670955E+02  0.4820260E+01
  0.4582671E+02  0.1267538E+02  0.1214649E+02
  0.4839735E+02  0.1665994E+02  0.1459601E+01
  0.4823405E+02  0.1105575E+02  0.1281936E+02
  0.5086934E+02  0.6743687E+01  0.1552580E+02
  0.5441119E+02  0.6396013E+00  0.2053873E+02
  0.5288970E+02  0.2957784E+01  0.8255475E+01
  0.4423389E+02  0.1134312E+02  0.1597109E+02
  0.4914546E+02  0.1032911E+02  0.1051727E+02
  0.4249408E+02  0.1327996E+02  0.1323163E+02
  0.5023944E+02  0.1822872E+02  0.1999750E+02
  0.4947372E+02  0.4087278E+01  0.1493545E+02
  0.5675618E+02  0.6543229E+01  0.1765611E+02
  0.5664950E+02  0.4067724E+01  0.2034610E+02
  0.5173115E+02  0.2677560E+01  0.1908365E+02
  0.5529842E+02  0.5363507E+01  0.1904031E+02
  0.5823234E+02  0.8122482E+01  0.1870506E+02
  0.5805201E+02  0.5604738E+01  0.2129947E+02
  0.5530592E+02  0.8161022E+01  0.6777661E-02
  0.5926746E+02  0.4047474E+01  0.1770883E+02
  0.6223509E+02  0.6857482E+01  0.1753314E+02
  0.6220262E+02  0.4254231E+01  0.2002453E+02
  0.5961552E+02  0.6805054E+01  0.2019426E+02
  0.6078624E+02  0.5435976E+01  0.1880852E+02
  0.6370397E+02  0.8164430E+01  0.1870892E+02
  0.6390630E+02  0.5714327E+01  0.2132069E+02
  0.6107594E+02  0.8234100E+01  0.2159287E+02
  0.4284847E+02  0.2057958E+02  0.1441024E+01
  0.4077985E+02  0.1844765E+01  0.1562874E+02
  0.5123816E+02  0.1665092E+02  0.3564950E+01
  0.4260798E+02  0.1255103E+02  0.8235416E+01
  0.4804794E+02  0.9912048E+01  0.6544123E+01
  0.3935328E+02  0.1091882E+02  0.1093489E+02
  0.2806045E+02  0.2710185E+01  0.1180425E+02
  0.4141338E+02  0.2016419E+02  0.1586905E+02
  0.5004936E+02  0.1945675E+01  0.1735211E+02
  0.4533726E+02  0.8791006E+01  0.1103030E+02
  0.2651206E+02  0.3566987E+01  0.1351202E+02
  0.3555224E+02  0.1910555E+02  0.6827805E+01
  0.4719058E+02  0.5847705E+01  0.6941981E+01
  0.4064752E+02  0.1133946E+02  0.8309328E+01
  0.5437372E+02  0.1241896E+01  0.4241041E+01
  0.4840698E+02  0.1684429E+02  0.2081973E+02
  0.4269891E+02  0.5365331E+01  0.2500641E+01
  0.5863246E+02  0.1365843E+02  0.1373531E+02
  0.5661195E+02  0.9671311E+01  0.2012300E+02
  0.4450226E+02  0.1252403E+02  0.6745052E+01
  0.5578815E+02  0.1144086E+02  0.1871228E+02
  0.5890772E+02  0.1414289E+02  0.1896903E+02
  0.5821071E+02  0.1084819E+02  0.2139729E+02
  0.5552028E+02  0.1347354E+02  0.2161345E+02
  0.5974838E+02  0.9415079E+01  0.1790069E+02
  0.6249826E+02  0.1224711E+02  0.1774926E+02
  0.6275147E+02  0.9288301E+01  0.2040988E+02
  0.6005832E+02  0.1208327E+02  0.2018886E+02
  0.6129772E+02  0.1052005E+02  0.1912514E+02
  0.6395676E+02  0.1357014E+02  0.1893503E+02
  0.6388989E+02  0.1097455E+02  0.1016263E+00
  0.6124759E+02  0.1372546E+02  0.2144782E+02
  0.4767945E+02  0.1635759E+02  0.1557814E+02
  0.5216119E+02  0.3520912E+01  0.1046580E+02
  0.5300050E+02  0.8892482E+01  0.4558241E+00
  0.4535701E+02  0.1896583E+02  0.1741933E+02
  0.3619348E+02  0.2469718E+01  0.2232365E+01
  0.5456070E+02  0.1496520E+02  0.1764366E+02
  0.3971892E+02  0.1609197E+02  0.1253197E+02
  0.4669725E+02  0.5104594E+00  0.2165684E+01
  0.5052260E+02  0.9444807E+01  0.1789267E+02
  0.5419305E+02  0.1484053E+02  0.1292021E+01
  0.5489890E+02  0.1069186E+02  0.1664020E+02
  0.4328015E+02  0.2871125E+00  0.1034210E+02
  0.5383139E+02  0.1416809E+00  0.1732400E+02
  0.4840020E+02  0.8874674E+01  0.1368103E+02
  0.4359273E+02  0.2118703E+02  0.1451473E+02
  0.4095131E+02  0.1919869E+02  0.1128464E+02
  0.5692201E+02  0.1482448E+02  0.2019512E+02
  0.5701923E+02  0.1775586E+02  0.1818394E+02
  0.5545154E+02  0.1635276E+02  0.1926132E+02
  0.5082475E+02  0.1845497E+02  0.1179323E+02
  0.5284452E+02  0.8940124E+01  0.1976538E+02
  0.5874729E+02  0.1899470E+02  0.1923521E+02
  0.5817610E+02  0.1649311E+02  0.2136048E+02
  0.5566284E+02  0.1922839E+02  0.2156789E+02
  0.6001901E+02  0.1552690E+02  0.1758099E+02
  0.6279454E+02  0.1811155E+02  0.1768238E+02
  0.6298015E+02  0.1511986E+02  0.2020317E+02
  0.6035726E+02  0.1742398E+02  0.2026514E+02
  0.6164433E+02  0.1653573E+02  0.1883784E+02
  0.6417487E+02  0.1934966E+02  0.1895508E+02
  0.6409776E+02  0.1652025E+02  0.1374814E+00
  0.6170738E+02  0.1909445E+02  0.2162328E+02
