         
  0.6515772E+02  0.0000000E+00  0.2171924E+02
  0.0000000E+00  0.0000000E+00  0.2171924E+02
  0.1335448E-01  0.2039382E+02  0.1352223E+01
  0.2691508E+01  0.1226175E+01  0.1548184E+01
  0.2789909E+01  0.2064205E+02  0.4142134E+01
  0.6480285E+02  0.1408474E+01  0.4251305E+01
  0.1019253E+01  0.9298585E-01  0.2813436E+01
  0.3950880E+01  0.2871856E+01  0.2636659E+01
  0.4191213E+01  0.4226449E+00  0.5471433E+01
  0.1040104E+01  0.2778229E+01  0.5585341E+01
  0.5615139E+01  0.2075469E+02  0.1766504E+01
  0.8247354E+01  0.1576822E+01  0.1851467E+01
  0.7940459E+01  0.2073574E+02  0.4503088E+01
  0.5394157E+01  0.1923785E+01  0.4101932E+01
  0.6426706E+01  0.4809185E+00  0.3011980E+01
  0.8116987E+01  0.9760514E+01  0.2060993E+02
  0.8387541E+01  0.1282532E+01  0.6892362E+01
  0.7053281E+01  0.2749742E+01  0.5800350E+01
  0.1689582E+02  0.7413035E+00  0.4662215E+01
  0.3112937E+02  0.5031389E+01  0.1765689E+02
  0.1164233E+02  0.1278947E+01  0.1913424E+02
  0.1991591E+02  0.1196447E+02  0.1902819E+02
  0.1555556E+02  0.6803361E+00  0.9961004E+01
  0.3395495E+02  0.2058865E+01  0.2084158E+02
  0.9694802E+01  0.7770510E+01  0.8380917E+01
  0.3538705E+02  0.8580027E+00  0.3013701E+01
  0.1965880E+02  0.1590257E+02  0.1393882E+02
  0.1121556E+02  0.1256045E+02  0.1533695E+02
  0.3134691E+02  0.1447667E+02  0.1689639E+02
  0.1124990E+02  0.1774342E+02  0.9640832E+01
  0.2124909E+02  0.1967957E+02  0.1285551E+02
  0.3227577E+02  0.6764610E+01  0.9184905E+01
  0.1097304E+02  0.6726404E+00  0.4043310E+01
  0.3454941E+02  0.5894087E+01  0.1269807E+01
  0.6496759E+02  0.4196023E+01  0.1629183E+01
  0.2903573E+01  0.6800823E+01  0.1688133E+01
  0.2856449E+01  0.4068579E+01  0.4342759E+01
  0.1464480E+00  0.6762657E+01  0.4140716E+01
  0.1446960E+01  0.5196500E+01  0.3004821E+01
  0.4429046E+01  0.8360828E+01  0.2817269E+01
  0.4221399E+01  0.5482182E+01  0.5747773E+01
  0.1579887E+01  0.8181913E+01  0.5402404E+01
  0.5508648E+01  0.4285964E+01  0.1480004E+01
  0.6793601E+01  0.5465180E+01  0.2963091E+01
  0.9804694E+01  0.5173050E+01  0.5573335E+01
  0.5613852E+01  0.6865224E+01  0.4370217E+01
  0.8256653E+01  0.3944247E+01  0.4253065E+01
  0.1138392E+02  0.7630305E+01  0.1830679E+01
  0.9780922E+01  0.2687196E+01  0.8209139E+01
  0.8382292E+01  0.9774311E+01  0.4412031E+01
  0.1310765E+02  0.1116819E+02  0.5638219E+01
  0.2863562E+02  0.1024441E+02  0.1321701E+02
  0.3003667E+02  0.7741502E+01  0.1152558E+02
  0.1664742E+02  0.6951617E+01  0.1694421E+01
  0.2553361E+02  0.1533003E+02  0.4548896E+01
  0.1131014E+02  0.6796310E+01  0.9783376E+01
  0.2042318E+02  0.7409139E+01  0.6251500E+00
  0.1128821E+02  0.1212865E+02  0.3124548E+01
  0.3801642E+02  0.1145460E+02  0.9658981E+01
  0.1707582E+02  0.8357328E+01  0.1702127E+02
  0.2064404E+02  0.8242220E+01  0.1193359E+02
  0.2211908E+02  0.1024295E+02  0.1204238E+02
  0.1376199E+02  0.1850811E+02  0.5070746E+01
  0.1107971E+02  0.3995530E+01  0.6997355E+01
  0.1021111E+02  0.1002620E+02  0.7407088E+01
  0.1415376E+02  0.1689468E+02  0.1949189E+01
  0.8020213E-01  0.9519110E+01  0.1481739E+01
  0.2927440E+01  0.1222171E+02  0.1597929E+01
  0.3236271E+01  0.9612814E+01  0.4315993E+01
  0.1768053E+00  0.1210531E+02  0.4153959E+01
  0.1620820E+01  0.1061197E+02  0.2724147E+01
  0.4364467E+01  0.1383683E+02  0.2618858E+01
  0.4374883E+01  0.1088389E+02  0.5760480E+01
  0.1520908E+01  0.1350803E+02  0.5483105E+01
  0.5745102E+01  0.9473393E+01  0.1596938E+01
  0.1228873E+02  0.7401723E+01  0.1694090E+02
  0.8513595E+01  0.1274948E+02  0.7351966E+01
  0.5578947E+01  0.1235454E+02  0.4193602E+01
  0.6873297E+01  0.1100486E+02  0.2969313E+01
  0.7912158E+01  0.1561072E+02  0.4774332E+01
  0.1311613E+02  0.1520592E+02  0.1937204E+02
  0.6968738E+01  0.1354586E+02  0.5903673E+01
  0.9842995E+01  0.1399321E+02  0.2463654E+01
  0.2500338E+02  0.1327962E+02  0.2808756E+00
  0.2720158E+02  0.5773791E+01  0.9119049E+01
  0.1103379E+02  0.1593908E+02  0.1718453E+02
  0.1439161E+02  0.7259285E+01  0.1606763E+02
  0.2723539E+02  0.6828820E+01  0.2555949E+01
  0.2673852E+02  0.2967492E+01  0.1305621E+02
  0.2731225E+02  0.5851914E+01  0.4766918E+01
  0.1860057E+02  0.2180931E+00  0.1039525E+02
  0.2040561E+02  0.2084437E+02  0.9628395E+01
  0.1766442E+02  0.1733418E+02  0.2089551E+02
  0.1678993E+02  0.9465721E+01  0.7709607E+01
  0.2406502E+02  0.4366947E+01  0.7933951E+01
  0.2966980E+02  0.6877994E+01  0.1687541E+02
  0.3105831E+02  0.1190782E+02  0.1130567E+02
  0.3415551E+02  0.2281601E+01  0.1681964E+02
  0.1671057E+00  0.1478227E+02  0.1604906E+01
  0.2780827E+01  0.1781026E+02  0.1790096E+01
  0.2863468E+01  0.1496615E+02  0.4148794E+01
  0.6498681E+02  0.1731498E+02  0.4217784E+01
  0.1410475E+01  0.1611347E+02  0.2928905E+01
  0.4178503E+01  0.1919936E+02  0.3005761E+01
  0.4334210E+01  0.1626770E+02  0.5361523E+01
  0.1477737E+01  0.1908367E+02  0.5370285E+01
  0.6013349E+01  0.1525823E+02  0.1418118E+01
  0.1077893E+02  0.1487630E+02  0.2795674E+00
  0.1509599E+02  0.1234088E+02  0.6569829E+01
  0.5735258E+01  0.1778564E+02  0.4233333E+01
  0.7186631E+01  0.1644373E+02  0.2684190E+01
  0.1148452E+02  0.1820442E+02  0.2122558E+02
  0.2505481E+02  0.1516685E+02  0.1108388E+02
  0.6656705E+01  0.1930363E+02  0.5672800E+01
  0.2268487E+02  0.1149184E+02  0.3543748E+01
  0.8149796E+01  0.1781258E+02  0.1031777E+01
  0.1061575E+02  0.1326453E+02  0.1044170E+02
  0.1847676E+02  0.1366276E+02  0.1680100E+02
  0.2217605E+02  0.4256507E+01  0.2763145E+01
  0.1872539E+02  0.9683533E+01  0.1413590E+02
  0.1467943E+02  0.1915461E+02  0.9608236E+01
  0.9994446E+01  0.1890011E+02  0.5878089E+01
  0.2274120E+02  0.8629914E+01  0.1119471E+01
  0.1156462E+02  0.1909561E+02  0.7848063E+01
  0.2891426E+02  0.9471658E+01  0.1873911E+01
  0.1692611E+02  0.1549317E+02  0.5979376E+01
  0.2173179E+02  0.2080117E+02  0.1770517E+02
  0.1716856E+02  0.1274209E+02  0.4106067E+01
  0.2302658E+02  0.1856208E+02  0.5801652E+01
  0.1438305E+02  0.2805361E+01  0.2067134E+01
  0.1936381E+00  0.2050440E+02  0.6895951E+01
  0.2676342E+01  0.1554548E+01  0.6834280E+01
  0.2957115E+01  0.2047300E+02  0.9507429E+01
  0.6509784E+02  0.1488841E+01  0.9504299E+01
  0.1461502E+01  0.1171712E+00  0.8358638E+01
  0.4203116E+01  0.2874426E+01  0.8087134E+01
  0.4069161E+01  0.2426654E+00  0.1085208E+02
  0.1404448E+01  0.2944675E+01  0.1081688E+02
  0.5230864E+01  0.2080560E+02  0.7347608E+01
  0.9465112E+01  0.2686492E+01  0.1326312E+02
  0.7905271E+01  0.1994864E+02  0.9275982E+01
  0.5465774E+01  0.1647924E+01  0.9762269E+01
  0.6925600E+01  0.2377713E+00  0.8397515E+01
  0.1844142E+02  0.6309191E+01  0.1973181E+02
  0.1273442E+02  0.1351159E+02  0.1169763E+02
  0.7230175E+01  0.2871753E+01  0.1115491E+02
  0.2927307E+02  0.3754213E+01  0.1860953E+02
  0.2312106E+02  0.1782081E+02  0.1837677E+02
  0.2303238E+02  0.3510225E+01  0.5978660E+00
  0.2175220E+02  0.1088501E+02  0.2136744E+02
  0.1079775E+02  0.9376610E+01  0.1263099E+02
  0.1690779E+02  0.1097436E+02  0.5733879E+01
  0.1456069E+02  0.1791006E+02  0.7572249E+01
  0.2189930E+02  0.1367042E+02  0.4183053E+01
  0.1262934E+02  0.1532998E+02  0.1328885E+02
  0.2082288E+02  0.1077895E+02  0.1388440E+02
  0.9357284E+01  0.1675066E+02  0.2110283E+02
  0.1220377E+02  0.7577782E+01  0.4139478E+01
  0.1327743E+02  0.1305829E+02  0.2102488E+02
  0.2421884E+02  0.4630969E+01  0.3813774E+01
  0.1988779E+02  0.2139051E+02  0.1354671E+02
  0.1480875E+02  0.2143873E+01  0.8199805E+01
  0.9563686E-01  0.4197741E+01  0.7070166E+01
  0.2851887E+01  0.6948745E+01  0.6833372E+01
  0.2888842E+01  0.4299473E+01  0.9585931E+01
  0.1456473E+00  0.6883976E+01  0.9860954E+01
  0.1532375E+01  0.5688602E+01  0.8293866E+01
  0.4278152E+01  0.8071701E+01  0.8479182E+01
  0.4279848E+01  0.5435722E+01  0.1104621E+02
  0.1492593E+01  0.8220605E+01  0.1128903E+02
  0.5662307E+01  0.3890563E+01  0.6854719E+01
  0.1557732E+02  0.1944657E+00  0.6877387E+01
  0.7054330E+01  0.5086940E+01  0.8366952E+01
  0.5792868E+01  0.6628181E+01  0.9604665E+01
  0.8443749E+01  0.4063929E+01  0.9707977E+01
  0.1408707E+02  0.9970911E+01  0.1556757E+02
  0.1255699E+02  0.1934496E+02  0.1466564E+02
  0.6758047E+01  0.7875536E+01  0.1102552E+02
  0.2437884E+02  0.8682049E+01  0.8680986E+01
  0.8429515E+01  0.1235927E+02  0.1620885E+01
  0.1313093E+02  0.8947486E+01  0.5912960E+00
  0.1103698E+02  0.4259733E+01  0.1253499E+02
  0.9538116E+01  0.2128456E+02  0.5951693E+01
  0.1364107E+02  0.6034455E+01  0.1175381E+02
  0.2069164E+02  0.4432576E+01  0.6809731E+01
  0.2346077E+02  0.1674695E+02  0.1370746E+02
  0.1425468E+02  0.1250003E+02  0.1750296E+02
  0.2105684E+02  0.1704617E+02  0.1892568E+02
  0.1527351E+02  0.2042251E+02  0.5015443E+01
  0.4326606E+02  0.1003957E+02  0.7290225E+01
  0.2847259E+02  0.2078018E+01  0.1996966E+02
  0.1274515E+02  0.1421472E+02  0.9331677E+01
  0.3162926E+02  0.4850374E+01  0.7961032E+01
  0.1237752E+02  0.1089005E+02  0.1380003E+02
  0.3786939E+00  0.9554512E+01  0.6846900E+01
  0.2987460E+01  0.1229156E+02  0.6957319E+01
  0.3033809E+01  0.9520622E+01  0.9884356E+01
  0.2578150E+00  0.1229109E+02  0.9688285E+01
  0.1724312E+01  0.1073477E+02  0.8407709E+01
  0.4293356E+01  0.1361575E+02  0.8598220E+01
  0.4288807E+01  0.1091094E+02  0.1113599E+02
  0.1408739E+01  0.1355044E+02  0.1107158E+02
  0.5690243E+01  0.9311986E+01  0.6985819E+01
  0.1439425E+02  0.5836435E+01  0.7395718E+01
  0.7072821E+01  0.7997396E+01  0.5700572E+01
  0.5623329E+01  0.1234664E+02  0.9760918E+01
  0.7175712E+01  0.1085709E+02  0.8284003E+01
  0.7919087E+01  0.1561579E+02  0.1012916E+02
  0.8345434E+01  0.9049303E+01  0.9580298E+01
  0.6792671E+01  0.1379951E+02  0.1131428E+02
  0.1028068E+02  0.1860861E+02  0.2586537E+01
  0.1843583E+02  0.9897132E+00  0.6464723E+01
  0.1470436E+02  0.1239721E+02  0.1508748E+02
  0.2494835E+02  0.2113548E+01  0.7609135E+01
  0.1985193E+02  0.2077066E+02  0.1997669E+02
  0.1174389E+02  0.1906993E+02  0.1904091E+02
  0.1880994E+02  0.1266211E+02  0.7722107E+01
  0.1108908E+02  0.1619384E+02  0.2481482E+01
  0.1880846E+02  0.1279548E+02  0.7219494E+00
  0.2199038E+02  0.1475492E+02  0.1356370E+02
  0.3078761E+02  0.8080239E+01  0.2392566E+01
  0.2850537E+02  0.1530925E+02  0.1206646E+02
  0.2353878E+02  0.1792447E+02  0.8267112E+00
  0.3754453E+02  0.1585643E+02  0.1567903E+02
  0.3218149E+02  0.1216686E+02  0.1664219E+02
  0.3183629E+02  0.9319195E+01  0.1110578E+02
  0.6509780E+02  0.1472217E+02  0.6879903E+01
  0.2723010E+01  0.1775802E+02  0.6658061E+01
  0.2693818E+01  0.1506516E+02  0.9697134E+01
  0.2554228E+00  0.1764726E+02  0.9680141E+01
  0.1319950E+01  0.1626221E+02  0.8066080E+01
  0.4083897E+01  0.1908532E+02  0.8148695E+01
  0.3904373E+01  0.1652482E+02  0.1088914E+02
  0.1564082E+01  0.1926683E+02  0.1098535E+02
  0.5552468E+01  0.1491099E+02  0.7038786E+01
  0.1832872E+02  0.1478279E+02  0.1903221E+02
  0.1038186E+02  0.1590718E+02  0.1352092E+02
  0.5448418E+01  0.1793455E+02  0.9743905E+01
  0.6895116E+01  0.1654005E+02  0.8401598E+01
  0.8058711E+01  0.1851547E+02  0.7495986E+01
  0.7822725E+01  0.1786544E+02  0.1221419E+02
  0.6637295E+01  0.1935810E+02  0.1117048E+02
  0.1612503E+02  0.1427169E+02  0.2018526E+02
  0.1227671E+02  0.2281979E+01  0.1170379E+02
  0.1502305E+02  0.9148377E+01  0.1775996E+02
  0.1681832E+02  0.2099275E+02  0.8648632E+01
  0.9372645E+01  0.1368414E+02  0.1414714E+02
  0.2453512E+02  0.1483073E+02  0.1690711E+02
  0.2684696E+02  0.3316018E+01  0.8687316E+01
  0.1317604E+02  0.1879316E+01  0.1772926E+02
  0.1670245E+02  0.1119118E+00  0.1463056E+02
  0.1684762E+02  0.1345230E+02  0.1263152E+02
  0.1622036E+02  0.3191332E+01  0.1826143E+02
  0.2212861E+02  0.2136023E+02  0.2045218E+02
  0.1325374E+02  0.2156179E+02  0.4271916E+01
  0.9408859E+01  0.1051264E+02  0.1105094E+02
  0.9777295E+01  0.1443100E+02  0.8749892E+01
  0.2133932E+02  0.1489193E+02  0.1099132E+02
  0.6249006E-01  0.2074386E+02  0.1225107E+02
  0.2521748E+01  0.1326576E+01  0.1210406E+02
  0.2737308E+01  0.2034842E+02  0.1486069E+02
  0.6514256E+02  0.1306551E+01  0.1526990E+02
  0.1341545E+01  0.2308476E+00  0.1378482E+02
  0.4087329E+01  0.2808655E+01  0.1359983E+02
  0.4283240E+01  0.2164348E+02  0.1611366E+02
  0.1312358E+01  0.2644200E+01  0.1634351E+02
  0.5221902E+01  0.2074204E+02  0.1248527E+02
  0.1151044E+02  0.8759992E-01  0.1084631E+02
  0.8175291E+01  0.2031413E+02  0.1530276E+02
  0.5413110E+01  0.1477289E+01  0.1483738E+02
  0.6881903E+01  0.1948811E+00  0.1363949E+02
  0.1189221E+02  0.5697295E+01  0.1418270E+01
  0.1059287E+02  0.1795089E+02  0.1494986E+02
  0.6822672E+01  0.2833967E+01  0.1640838E+02
  0.9150925E+01  0.1931791E+02  0.1358116E+02
  0.2090402E+02  0.1691742E+02  0.2123853E+02
  0.2136118E+02  0.1311396E+02  0.2058250E+02
  0.2092350E+02  0.1343992E+02  0.9103253E+01
  0.1138865E+02  0.1588087E+02  0.7893127E+01
  0.2373244E+02  0.3760872E+00  0.8787954E+01
  0.8427857E+01  0.1051335E+01  0.1192203E+02
  0.1875253E+02  0.2106170E+02  0.1576849E+02
  0.4063384E+02  0.2141592E+02  0.5366982E+01
  0.1800723E+02  0.4808196E+01  0.1795153E+02
  0.1895357E+02  0.9909021E+01  0.5133696E+01
  0.1466379E+02  0.1816253E+02  0.1413341E+02
  0.2862090E+02  0.1942182E+02  0.7783303E+01
  0.2780639E+02  0.1767386E+02  0.1276006E+02
  0.2826707E+02  0.3435327E+01  0.1670976E+02
  0.1201910E+02  0.1355106E+02  0.1746968E+02
  0.2550091E+00  0.4128721E+01  0.1249797E+02
  0.3068060E+01  0.6753482E+01  0.1257086E+02
  0.2898735E+01  0.3980930E+01  0.1516421E+02
  0.2094534E-01  0.6782716E+01  0.1498849E+02
  0.1534329E+01  0.5442566E+01  0.1390676E+02
  0.4498359E+01  0.8085241E+01  0.1389871E+02
  0.4187840E+01  0.5704469E+01  0.1628169E+02
  0.1354176E+01  0.8051077E+01  0.1633199E+02
  0.5665455E+01  0.4175419E+01  0.1250931E+02
  0.8316658E+01  0.6667674E+01  0.1217306E+02
  0.8369618E+01  0.4167306E+01  0.1492590E+02
  0.5777865E+01  0.7071875E+01  0.1511773E+02
  0.6994827E+01  0.5591342E+01  0.1374429E+02
  0.9405121E+01  0.8046877E+01  0.1387642E+02
  0.9727670E+01  0.5139902E+01  0.7348141E+00
  0.7005912E+01  0.8361271E+01  0.1649992E+02
  0.9661498E+01  0.5236843E+01  0.1646288E+02
  0.2221466E+02  0.1827219E+00  0.1050668E+02
  0.1872605E+02  0.7877499E+01  0.2210889E+01
  0.1409023E+02  0.5337673E+01  0.4584119E+00
  0.1553277E+02  0.1050821E+02  0.1988466E+01
  0.2540187E+02  0.2170921E+02  0.1150169E+02
  0.1376800E+02  0.1138153E+02  0.1200166E+02
  0.1509588E+02  0.1392876E+02  0.7959859E+00
  0.1234447E+02  0.3811158E+01  0.3061604E+01
  0.1401852E+02  0.1916604E+02  0.1037545E+01
  0.2587272E+02  0.5494351E+01  0.1691547E+02
  0.1281690E+02  0.1336327E+02  0.4369790E+01
  0.2419336E+02  0.4859166E+01  0.1510685E+02
  0.1195634E+02  0.2152521E+02  0.6863421E+01
  0.1007966E+02  0.2605464E+01  0.2989658E+01
  0.1889798E+02  0.4448969E+01  0.1092741E+02
  0.1598802E+00  0.9475748E+01  0.1262545E+02
  0.2900029E+01  0.1236313E+02  0.1237693E+02
  0.2823675E+01  0.9440157E+01  0.1504970E+02
  0.6507734E+02  0.1231098E+02  0.1532396E+02
  0.1457765E+01  0.1100354E+02  0.1388201E+02
  0.3897626E+01  0.1373094E+02  0.1386255E+02
  0.4035116E+01  0.1102891E+02  0.1644776E+02
  0.1521006E+01  0.1355945E+02  0.1658768E+02
  0.5718626E+01  0.9404522E+01  0.1249473E+02
  0.8298608E+01  0.1235979E+02  0.1228507E+02
  0.8299300E+01  0.9522412E+01  0.1521904E+02
  0.5477570E+01  0.1224852E+02  0.1471623E+02
  0.6891531E+01  0.1074462E+02  0.1368516E+02
  0.1447894E+02  0.8338723E+01  0.7318339E+01
  0.9367716E+01  0.1118130E+02  0.1651843E+02
  0.6605398E+01  0.1399829E+02  0.1603035E+02
  0.1809871E+02  0.5727155E+01  0.8029676E+01
  0.1378082E+02  0.8473120E+00  0.2092116E+02
  0.2882140E+02  0.5434989E-01  0.2915191E+01
  0.1140151E+02  0.1169797E+02  0.2115566E+02
  0.1894287E+02  0.1959607E+02  0.3764541E+01
  0.2105362E+02  0.1130786E+02  0.1004833E+02
  0.1601759E+02  0.6252143E+01  0.3767647E+01
  0.1840368E+02  0.2219252E+01  0.1704715E+02
  0.1784436E+02  0.9832981E+01  0.1077359E+01
  0.3207130E+02  0.1705493E+02  0.1854044E+01
  0.2990823E+02  0.5829530E+01  0.1014256E+02
  0.1848420E+02  0.7615048E+01  0.1258395E+02
  0.3807606E+02  0.1742437E+02  0.1735785E+02
  0.3922971E+02  0.1047524E+02  0.1978005E+02
  0.4350450E+02  0.1499865E+02  0.1806194E+02
  0.1923630E+02  0.2397470E+00  0.3262369E+01
  0.6494503E+02  0.1499017E+02  0.1230983E+02
  0.2663579E+01  0.1789180E+02  0.1218184E+02
  0.2568589E+01  0.1508928E+02  0.1533496E+02
  0.4888694E-01  0.1742427E+02  0.1492280E+02
  0.1577179E+01  0.1633806E+02  0.1349455E+02
  0.4018521E+01  0.1906080E+02  0.1344787E+02
  0.3994226E+01  0.1647257E+02  0.1675143E+02
  0.1247488E+01  0.1911704E+02  0.1629452E+02
  0.5132066E+01  0.1508506E+02  0.1233646E+02
  0.1025770E+02  0.1999225E+02  0.9686611E+01
  0.7789646E+01  0.1532364E+02  0.1477390E+02
  0.5150254E+01  0.1798053E+02  0.1526080E+02
  0.6231668E+01  0.1686273E+02  0.1346321E+02
  0.2253101E+02  0.1696634E+02  0.1590286E+02
  0.1548717E+02  0.1050293E+02  0.1346906E+02
  0.6807061E+01  0.1913609E+02  0.1680516E+02
  0.1630402E+02  0.1279871E+02  0.8499907E+01
  0.2224402E+02  0.1098018E+02  0.1564800E+02
  0.1511834E+02  0.9651896E+01  0.2009339E+02
  0.1499519E+02  0.1406925E+02  0.1359042E+02
  0.1754808E+02  0.1464577E+02  0.8852052E+01
  0.2577471E+02  0.2096181E+02  0.1947844E+02
  0.2604146E+02  0.2155577E+02  0.5550889E+01
  0.8829642E+01  0.1672680E+02  0.1618172E+02
  0.1291510E+02  0.1877597E+02  0.1112421E+02
  0.3495978E+02  0.5321685E+01  0.1582741E+02
  0.1541090E+02  0.2122202E+02  0.6501391E+00
  0.1493326E+02  0.3703525E+01  0.5990567E+01
  0.1214705E+02  0.3032786E+01  0.1583557E+02
  0.2067451E+02  0.1131568E+02  0.6446505E+01
  0.1855318E+02  0.2677727E+01  0.2450322E-01
  0.2157859E+02  0.3423677E+00  0.7787633E+01
  0.6513709E+02  0.2058921E+02  0.1757471E+02
  0.2997616E+01  0.1237727E+01  0.1750996E+02
  0.2731120E+01  0.2033460E+02  0.2053696E+02
  0.4810037E+00  0.1532623E+01  0.2031757E+02
  0.1708488E+01  0.2153099E+02  0.1889525E+02
  0.4275058E+01  0.2623455E+01  0.1882058E+02
  0.4316795E+01  0.7642688E-01  0.2167976E+02
  0.1564894E+01  0.2937013E+01  0.1916959E+00
  0.5352906E+01  0.2055664E+02  0.1786321E+02
  0.1083792E+02  0.2105563E+02  0.1791744E+02
  0.8030079E+01  0.2081337E+02  0.2052917E+02
  0.5382493E+01  0.1670760E+01  0.2047753E+02
  0.6631422E+01  0.2529395E+00  0.1897364E+02
  0.2946187E+02  0.1504795E+02  0.9884918E+01
  0.8220516E+01  0.1577680E+01  0.1772864E+02
  0.7019190E+01  0.2893691E+01  0.2254404E+00
  0.1674158E+02  0.1820487E+02  0.1262694E+02
  0.1150544E+02  0.2094629E+02  0.2079075E+02
  0.4475196E+02  0.1734266E+02  0.8810675E+01
  0.2204430E+02  0.9440890E+01  0.8603821E+01
  0.2524812E+02  0.5114283E+01  0.6152274E+01
  0.1532878E+02  0.1700520E+02  0.3979045E+01
  0.9757168E+01  0.2087789E+02  0.2616959E+01
  0.1078083E+02  0.6604215E+01  0.1498661E+02
  0.2061011E+02  0.5788048E+01  0.4829332E+01
  0.1463029E+02  0.4708094E+01  0.1708773E+02
  0.2793254E+02  0.1605563E+02  0.1255124E+01
  0.2846310E+02  0.5033181E+01  0.2159969E+02
  0.1359171E+02  0.1776204E+02  0.1867990E+02
  0.5191529E+02  0.4984833E+01  0.2033919E+02
  0.1564366E+02  0.2286114E+00  0.1246432E+02
  0.9184437E+01  0.8793896E+01  0.2480767E+01
  0.2587924E-01  0.4187189E+01  0.1754922E+02
  0.2900687E+01  0.7031574E+01  0.1793003E+02
  0.2973559E+01  0.4028969E+01  0.2044684E+02
  0.3400007E+00  0.6713772E+01  0.2066225E+02
  0.1414828E+01  0.5266399E+01  0.1900375E+02
  0.4169012E+01  0.8453193E+01  0.1918342E+02
  0.4287156E+01  0.5665604E+01  0.1069197E+00
  0.1675384E+01  0.8131726E+01  0.2770278E+00
  0.5508700E+01  0.4286921E+01  0.1768179E+02
  0.8210059E+01  0.6820491E+01  0.1761414E+02
  0.8296579E+01  0.4459061E+01  0.2067617E+02
  0.5441366E+01  0.6957948E+01  0.2035576E+02
  0.6834321E+01  0.5467357E+01  0.1921811E+02
  0.8428402E+01  0.6558528E+01  0.6875969E+01
  0.1251242E+02  0.7172371E+01  0.2011838E+02
  0.6731680E+01  0.8095408E+01  0.2015863E+00
  0.2430846E+02  0.1891820E+02  0.1273703E+02
  0.2206595E+02  0.6889394E+01  0.2875141E+01
  0.1089848E+02  0.1090264E+01  0.1474386E+02
  0.1324320E+02  0.1022982E+02  0.1007578E+02
  0.2663864E+02  0.1296877E+02  0.1257031E+02
  0.1179101E+02  0.1493280E+02  0.5719101E+01
  0.1460893E+02  0.3159335E+01  0.2132386E+02
  0.1060366E+02  0.9880953E+01  0.1817000E+02
  0.2734055E+02  0.3099743E+01  0.2904854E+00
  0.2908739E+02  0.1273583E+02  0.2092943E+02
  0.1286228E+02  0.1124873E+02  0.1363963E+01
  0.3674615E+02  0.2016597E+02  0.8221512E+01
  0.1572845E+02  0.7302366E+01  0.1138280E+02
  0.1605675E+02  0.1898954E+02  0.2130153E+02
  0.1506247E+02  0.4055326E+01  0.1109680E+02
  0.2498752E+02  0.1516478E+02  0.7007799E+01
  0.4305811E+00  0.9108002E+01  0.1815467E+02
  0.2832070E+01  0.1205630E+02  0.1798781E+02
  0.3015027E+01  0.9722191E+01  0.2072814E+02
  0.2339994E+00  0.1210885E+02  0.2048039E+02
  0.1503811E+01  0.1080972E+02  0.1929280E+02
  0.3988771E+01  0.1356047E+02  0.1939090E+02
  0.4497545E+01  0.1107927E+02  0.1288535E+00
  0.1561939E+01  0.1353537E+02  0.2069196E+00
  0.5790986E+01  0.9699231E+01  0.1776282E+02
  0.8077043E+01  0.1291781E+02  0.1761963E+02
  0.9242556E+01  0.8208168E+01  0.1920541E+02
  0.5864887E+01  0.1234841E+02  0.2065068E+02
  0.7108039E+01  0.1111946E+02  0.1917246E+02
  0.8247938E+01  0.1499427E+02  0.2029049E+02
  0.1503025E+02  0.1021011E+02  0.4321894E+01
  0.7305648E+01  0.1370978E+02  0.1725605E+00
  0.1275254E+02  0.2088997E+02  0.1658861E+02
  0.1955468E+02  0.1360058E+02  0.3813881E+01
  0.2430144E+02  0.2046497E+02  0.1771000E+02
  0.1107161E+02  0.1109582E+02  0.9405803E+01
  0.1472491E+02  0.5065875E+01  0.1387246E+02
  0.1830796E+02  0.3375329E+01  0.2253565E+01
  0.2376420E+02  0.2109496E+02  0.2393587E+01
  0.3111827E+02  0.1197493E+02  0.6624291E+01
  0.9670222E+01  0.3053859E+01  0.1916642E+02
  0.1743796E+02  0.9932887E+01  0.1195549E+02
  0.2770605E+02  0.1146429E+01  0.1380230E+02
  0.1526020E+02  0.9064196E+01  0.9579506E+01
  0.2126099E+02  0.1787137E+01  0.1320319E+02
  0.1288800E+02  0.5375550E+01  0.1855395E+02
  0.2916221E+02  0.4680129E-01  0.1908127E+02
  0.2351209E+02  0.1502822E+01  0.1214032E+02
  0.8803545E-01  0.1493440E+02  0.1800487E+02
  0.2460125E+01  0.1782349E+02  0.1787424E+02
  0.2688261E+01  0.1502850E+02  0.2070147E+02
  0.6496887E+02  0.1783605E+02  0.2077365E+02
  0.1183706E+01  0.1650757E+02  0.1941303E+02
  0.3982107E+01  0.1898621E+02  0.1909285E+02
  0.4153970E+01  0.1638903E+02  0.3979106E+00
  0.1385131E+01  0.1900116E+02  0.2542013E+00
  0.5352295E+01  0.1481106E+02  0.1774002E+02
  0.7987646E+01  0.1748689E+02  0.1838130E+02
  0.9765232E+01  0.1423400E+02  0.1851475E+02
  0.5467174E+01  0.1780069E+02  0.2069885E+02
  0.6424706E+01  0.1620217E+02  0.1935793E+02
  0.9188373E+01  0.1899612E+02  0.1988386E+02
  0.1112125E+02  0.1721762E+02  0.4632689E+01
  0.6840430E+01  0.1943703E+02  0.5387505E-01
  0.1259684E+02  0.8086580E+01  0.1122513E+02
  0.2265138E+02  0.1006066E+02  0.6353714E+01
  0.1666103E+02  0.1643629E+02  0.7853782E+01
  0.1264771E+02  0.3120344E+01  0.5463659E+01
  0.3528578E+02  0.5175865E+01  0.1901747E+02
  0.2440957E+02  0.6372171E+00  0.1429916E+02
  0.2599262E+02  0.2081695E+02  0.1362744E+02
  0.2100028E+02  0.1796791E+02  0.1449185E+02
  0.1258098E+02  0.9549927E+01  0.7368142E+01
  0.1404922E+02  0.1713814E+02  0.1226449E+02
  0.1165435E+02  0.9672207E+01  0.1595501E+02
  0.1748150E+02  0.1945640E+02  0.5644910E+01
  0.1340755E+02  0.1122550E+02  0.1935042E+02
  0.1826510E+02  0.4762157E+01  0.1539450E+02
  0.2450320E+02  0.1134609E+02  0.6251966E+01
  0.2676671E+02  0.1434223E+02  0.1866948E+02
  0.3857185E+02  0.1508056E+02  0.9637209E+01
  0.3899452E+02  0.1658473E+02  0.1607068E+01
  0.1706045E+02  0.1551816E+02  0.1713566E+02
  0.3004000E+02  0.9199408E+01  0.1641116E+02
  0.4033928E+02  0.6933927E+01  0.1717861E+02
  0.4795247E+02  0.1454144E+02  0.3555563E+01
  0.5102963E+02  0.7305861E+00  0.1080410E+02
  0.3220450E+02  0.2054211E+02  0.1651337E+02
  0.4786065E+02  0.2055161E+02  0.3288390E+01
  0.2796393E+02  0.1916875E+02  0.4222461E+01
  0.1994686E+02  0.2325599E+01  0.1025689E+02
  0.3822868E+02  0.1312761E+02  0.2102214E+02
  0.2849135E+02  0.8848642E+01  0.2132470E+02
  0.4950051E+02  0.1248875E+02  0.1201271E+02
  0.2995255E+02  0.1841195E+02  0.1190672E+02
  0.3965123E+02  0.2002048E+02  0.3547799E+01
  0.2686502E+02  0.1039237E+02  0.6694382E+01
  0.3396584E+02  0.1483174E+02  0.8809466E+01
  0.4608643E+02  0.1816043E+02  0.2142395E+02
  0.1813580E+02  0.1793387E+02  0.9696031E+01
  0.3268151E+02  0.7876882E+01  0.1396557E+02
  0.3043533E+02  0.2640567E+01  0.1665746E+02
  0.2455919E+02  0.7462890E+01  0.6523830E+01
  0.2305306E+02  0.8380938E+00  0.5454863E+00
  0.5121956E+02  0.1046846E+02  0.6744591E+00
  0.1851049E+02  0.3046266E-01  0.1813940E+02
  0.3322041E+02  0.7450882E+01  0.2684399E+01
  0.3699364E+02  0.9439136E+01  0.2007097E+02
  0.2224402E+02  0.1610200E+02  0.1115587E+01
  0.3336131E+02  0.1470546E+02  0.3788435E+01
  0.4709765E+02  0.1491494E+02  0.7862404E+01
  0.2908528E+02  0.1794006E+01  0.6340682E+01
  0.3233491E+02  0.8596748E+01  0.2149257E+02
  0.3381724E+02  0.1102366E+02  0.1810617E+02
  0.3193568E+02  0.1807886E+02  0.1647283E+02
  0.2395405E+02  0.1702207E+01  0.3514112E+01
  0.5446890E+02  0.6366157E+01  0.9808707E+01
  0.3015464E+02  0.1500215E+02  0.1391243E+02
  0.2658666E+02  0.1388905E+02  0.8174468E+01
  0.4072182E+02  0.8616959E+01  0.3071816E+00
  0.3812223E+02  0.2191579E+01  0.2381502E+01
  0.4879764E+02  0.1153646E+01  0.2551333E+01
  0.3121343E+02  0.1400698E+02  0.4635335E+01
  0.2764922E+02  0.4897749E+01  0.1328033E+02
  0.3842650E+02  0.1055581E+02  0.1217917E+02
  0.2935815E+02  0.1433035E+02  0.1605693E+02
  0.1907660E+02  0.2046841E+02  0.7080668E+01
  0.2651448E+02  0.9136977E+01  0.2043294E+01
  0.3620427E+02  0.1451282E+02  0.4244307E+01
  0.4182997E+02  0.6633436E+01  0.1384350E+02
  0.4113275E+02  0.1743633E+02  0.1895758E+02
  0.2007423E+02  0.5456676E+01  0.2094149E+02
  0.2833046E+02  0.2029439E+02  0.1359649E+02
  0.2693345E+02  0.6869160E+01  0.2083212E+02
  0.3131785E+02  0.2210042E+01  0.1437825E+02
  0.3510992E+02  0.1352451E+02  0.1454669E+02
  0.1917409E+02  0.1854568E+02  0.1574484E+02
  0.3977513E+02  0.1108036E+02  0.1632140E+01
  0.3543510E+02  0.3464748E+01  0.1303500E+02
  0.3332207E+02  0.1975744E+02  0.1263600E+00
  0.1794226E+02  0.1737255E+02  0.1840263E+02
  0.3676801E+02  0.3799141E+01  0.1497653E+02
  0.1606187E+02  0.6486372E+01  0.1803632E+02
  0.5169919E+02  0.1847547E+02  0.1262796E+02
  0.2783057E+02  0.1673260E+02  0.5913025E+01
  0.2491788E+02  0.6325313E+01  0.9466528E+01
  0.1717299E+02  0.1169489E+02  0.1448524E+02
  0.1462636E+02  0.1593876E+02  0.8940610E+01
  0.3308347E+02  0.1605561E+02  0.1571191E+02
  0.2066977E+02  0.3670178E+01  0.8495570E+00
  0.3742877E+02  0.1783475E+02  0.1401931E+02
  0.3258267E+02  0.2037482E+02  0.1899403E+02
  0.3957288E+02  0.7924056E+01  0.1263102E+02
  0.2519924E+02  0.5809244E+01  0.2003033E+01
  0.2756950E+02  0.1409433E+02  0.4573864E+01
  0.1530863E+02  0.1399749E+02  0.5039526E+01
  0.2113564E+02  0.1383111E+02  0.1162467E+01
  0.4282595E+02  0.2068014E+02  0.5107164E+01
  0.3780321E+02  0.2824576E+01  0.4732623E+01
  0.4374446E+02  0.1867573E+02  0.2107475E+02
  0.3163518E+02  0.1308000E+02  0.1238050E+01
  0.1462133E+02  0.7464647E+01  0.2102220E+02
  0.3408369E+02  0.1381818E+02  0.1570000E+01
  0.2803145E+02  0.1166996E+02  0.5016848E+01
  0.3866578E+02  0.9871714E+01  0.1628495E+02
  0.3263350E+02  0.4923765E+01  0.5671134E+01
  0.2200226E+02  0.1454816E+02  0.6331728E+01
  0.3601297E+02  0.9875818E+01  0.1450149E+02
  0.9847137E+01  0.1680911E+02  0.1122018E+02
  0.3792864E+02  0.1050122E+02  0.3236324E+01
  0.4694890E+02  0.7379205E+01  0.3098740E+01
  0.3884675E+02  0.1841701E+02  0.8244561E+01
  0.3680475E+02  0.2015633E+00  0.1756369E+02
  0.4824371E+02  0.5910523E+01  0.4305565E+01
  0.5000627E+02  0.4638049E+01  0.1756049E+01
  0.2200180E+02  0.3579628E+01  0.1522543E+02
  0.1978527E+02  0.1084149E+02  0.1274425E+01
  0.2298987E+02  0.1225100E+02  0.1357663E+01
  0.2003482E+02  0.1899128E+02  0.1811980E+02
  0.2596633E+02  0.1747663E+02  0.1090289E+02
  0.3233733E+02  0.1069655E+02  0.5564953E+00
  0.2374558E+02  0.2003932E+02  0.1089460E+02
  0.2766907E+02  0.2322551E+01  0.2579515E+01
  0.3028915E+02  0.4595780E+01  0.4620319E+01
  0.2845554E+02  0.1071443E+02  0.1004502E+02
  0.3284406E+02  0.1526156E+01  0.1017968E+02
  0.4636027E+02  0.4151224E+00  0.1094335E+02
  0.4013277E+02  0.1578489E+02  0.1783700E+02
  0.4886052E+02  0.1729030E+02  0.9364579E+01
  0.2671894E+02  0.1884625E+02  0.9355281E+01
  0.1723648E+02  0.9966486E+01  0.2062831E+02
  0.5479503E+02  0.1916515E+02  0.1820101E+02
  0.1762098E+02  0.1709394E+02  0.1458746E+02
  0.2413597E+02  0.9760039E+01  0.2800264E+01
  0.3206038E+02  0.2022977E+02  0.4685203E+01
  0.3523758E+02  0.1675445E+02  0.8027602E+01
  0.4728699E+02  0.1137367E+02  0.1551349E+02
  0.1381530E+02  0.2045693E+02  0.7796933E+01
  0.5052563E+02  0.1559492E+02  0.1320727E+02
  0.4586265E+02  0.4832697E+01  0.3273879E+00
  0.2869032E+02  0.1038084E+02  0.1796805E+02
  0.4365627E+02  0.3154009E+00  0.1315799E+02
  0.3118457E+02  0.1348555E+02  0.9380102E+01
  0.4265036E+02  0.1671694E+01  0.1476621E+02
  0.3567544E+02  0.2718955E+01  0.5877241E+01
  0.3298975E+02  0.6781386E+00  0.1561699E+02
  0.1999762E+02  0.1834740E+02  0.1145011E+02
  0.2225853E+02  0.1961141E+01  0.1713262E+02
  0.9607787E+01  0.1395091E+02  0.4752686E+01
  0.3069035E+02  0.1435354E+02  0.7138064E+01
  0.1976230E+02  0.1612662E+02  0.1188146E+02
  0.1467606E+02  0.7929848E+01  0.4791029E+01
  0.3346975E+02  0.4450702E+01  0.1764283E+02
  0.2974106E+02  0.1771691E+02  0.6671725E+01
  0.5276066E+02  0.1551031E+02  0.1649243E+02
  0.1156842E+02  0.5530541E+01  0.4286825E+01
  0.9722750E+01  0.1146718E+02  0.5534310E+01
  0.4510083E+02  0.2022851E+02  0.5911542E+01
  0.3808667E+02  0.2158017E+02  0.1560754E+02
  0.3339713E+02  0.1801105E+02  0.6916707E+01
  0.1037681E+02  0.2131637E+02  0.1301607E+02
  0.5305177E+02  0.1863122E+02  0.7799548E+01
  0.3788990E+02  0.1256229E+02  0.1263362E+02
  0.2549061E+02  0.1649900E+02  0.1828264E+02
  0.9607952E+01  0.1059626E+02  0.6339070E+00
  0.4490331E+02  0.1867914E+02  0.1471561E+02
  0.3553510E+02  0.4176102E+01  0.7528451E+01
  0.3031546E+02  0.1646031E+02  0.1818848E+02
  0.3870380E+02  0.8696002E+01  0.1569737E+01
  0.3397947E+02  0.1370943E+00  0.7185283E+00
  0.3493664E+02  0.1408427E+02  0.1210914E+02
  0.2480104E+02  0.8271258E+01  0.2131366E+02
  0.1575278E+02  0.1914438E+02  0.2850437E+01
  0.2931604E+02  0.1973545E+02  0.1008108E+02
  0.1220086E+02  0.4949234E+01  0.1431642E+02
  0.3014427E+02  0.1486142E+02  0.2003310E+02
  0.3304973E+02  0.3582308E+01  0.1368008E+02
  0.3055250E+02  0.1847193E+02  0.2099975E+02
  0.3943045E+02  0.1734883E+02  0.1530789E+02
  0.3649723E+02  0.1575589E+02  0.1236035E+02
  0.1799842E+02  0.6674450E+01  0.1055487E+02
  0.1312383E+02  0.1629607E+02  0.2149570E+02
  0.2436068E+02  0.9245779E+01  0.1895162E+02
  0.3104483E+02  0.8050948E+01  0.1944775E+02
  0.4633535E+02  0.2042021E+02  0.1593369E+02
  0.3957707E+02  0.5571867E+01  0.1925334E+02
  0.2401883E+02  0.1619703E+02  0.8930577E+01
  0.2528802E+02  0.1530428E+02  0.2040790E+02
  0.3870288E+02  0.1593604E+02  0.1175146E+02
  0.4098348E+02  0.7325519E+00  0.9569762E+01
  0.3650317E+02  0.2847272E+01  0.8995535E+01
  0.2500093E+02  0.2011852E+02  0.8860876E+01
  0.3575132E+02  0.1847469E+02  0.3456301E+01
  0.2479991E+02  0.5112279E+01  0.1143126E+02
  0.3008646E+02  0.1076064E+02  0.2151066E+02
  0.4157870E+02  0.3674859E+01  0.8076907E+01
  0.2298370E+02  0.2045955E+02  0.1449376E+02
  0.1775911E+02  0.1515029E+02  0.1125016E+02
  0.3905709E+02  0.3215620E+01  0.1476994E+02
  0.5130786E+02  0.6266871E+01  0.1148981E+02
  0.2296483E+02  0.1919376E+02  0.2050099E+02
  0.4371343E+02  0.1009679E+02  0.2106380E+02
  0.2688999E+02  0.2116549E+02  0.7539037E+01
  0.3920214E+02  0.1694224E+02  0.2097900E+02
  0.3991426E+02  0.2038098E+02  0.7416270E+01
  0.2255073E+02  0.1577907E+02  0.3628483E+01
  0.1607947E+02  0.2080686E+02  0.1776819E+02
  0.1717069E+02  0.2769046E+01  0.8598411E+01
  0.4235829E+02  0.1660317E+02  0.1565440E+01
  0.1873459E+02  0.1006461E+02  0.1640226E+02
  0.3143029E+02  0.7846475E+00  0.1208180E+02
  0.1553533E+02  0.7315618E+01  0.1356907E+02
  0.4376510E+02  0.7289831E+01  0.4946376E+01
  0.3997304E+02  0.5241270E+01  0.7200665E+01
  0.5132672E+02  0.8468841E+01  0.1021520E+02
  0.3009252E+02  0.4110210E+01  0.1347750E+02
  0.1736996E+02  0.6011141E+01  0.5719139E+01
  0.3354422E+02  0.8278157E+01  0.1182288E+02
  0.2537038E+02  0.1890152E+02  0.2082165E+02
  0.3521296E+02  0.1103179E+02  0.6031151E+01
  0.2699370E+02  0.1420190E+02  0.1050891E+02
  0.4827701E+02  0.1104192E+02  0.6377782E+00
  0.2176276E+02  0.1337266E+02  0.1813339E+02
  0.3821334E+02  0.9197726E+01  0.1007466E+02
  0.2553387E+02  0.1603874E+02  0.1484461E+02
  0.3334114E+02  0.1228694E+02  0.7436773E+01
  0.3462987E+02  0.1223735E+02  0.2158855E+02
  0.3872483E+02  0.2124989E+02  0.9383249E+01
  0.4227941E+02  0.1641494E+02  0.4253485E+01
  0.5439073E+02  0.1688189E+02  0.1615039E+02
  0.2630775E+02  0.1265375E+02  0.1497498E+02
  0.3603853E+02  0.1210273E+02  0.1753677E+02
  0.4555774E+02  0.1637201E+02  0.1551762E+02
  0.3531598E+02  0.2164752E+00  0.8763111E+01
  0.1863908E+02  0.2379106E+00  0.9227729E-02
  0.4265165E+02  0.6807060E+01  0.1609042E+02
  0.3701960E+02  0.1197418E+02  0.1470065E+02
  0.4221959E+02  0.2912042E+01  0.2167638E+02
  0.3964578E+02  0.6975059E+01  0.1493122E+02
  0.3489042E+02  0.6333845E+01  0.6652850E+01
  0.2089715E+02  0.1696297E+02  0.4362134E+01
  0.2083249E+02  0.3890835E+01  0.1219918E+02
  0.3451737E+02  0.4133691E+01  0.4312154E+01
  0.3246293E+02  0.5145039E+01  0.1546208E+02
  0.2269316E+02  0.7992213E+01  0.2008634E+02
  0.3861477E+02  0.4863238E+01  0.5342291E+01
  0.1890299E+02  0.1441778E+02  0.6016678E+01
  0.2092613E+02  0.3255188E+01  0.4565904E+01
  0.1610553E+02  0.1666948E+02  0.1081389E+02
  0.2161555E+02  0.1582299E+02  0.8564694E+01
  0.5225456E+02  0.9381829E+01  0.1760051E+02
  0.3083216E+02  0.2099113E+02  0.2052389E+02
  0.2563596E+02  0.7952076E+01  0.1647930E+02
  0.3079251E+02  0.1064931E+02  0.1931525E+02
  0.3992894E+02  0.1321196E+02  0.7357517E+01
  0.3438684E+02  0.1324365E+02  0.5296345E+01
  0.1601649E+02  0.1123607E+02  0.1028910E+02
  0.2786677E+02  0.1078784E+02  0.1517632E+02
  0.3589857E+02  0.9079462E+01  0.1218125E+02
  0.3269978E+02  0.5369314E+00  0.7550179E+01
  0.3004197E+02  0.1742918E+02  0.1418992E+02
  0.3211680E+02  0.1027084E+02  0.2920941E+01
  0.3919443E+02  0.2931361E+01  0.9364758E+01
  0.2463320E+02  0.1742469E+02  0.4233757E+01
  0.1259980E+02  0.2043723E+02  0.1267592E+02
  0.2881256E+02  0.1196537E+02  0.1192570E+02
  0.2532316E+02  0.4378598E+01  0.2164691E+02
  0.2017708E+02  0.1194826E+02  0.1665625E+02
  0.2093404E+02  0.7550225E+01  0.9451148E+01
  0.2623385E+02  0.7024861E+01  0.1246411E+02
  0.3351620E+02  0.2456223E+01  0.3313489E+01
  0.3560882E+02  0.1565978E+02  0.1881535E+02
  0.3067217E+02  0.1118377E+02  0.8780431E+01
  0.4729911E+02  0.1878749E+02  0.1712713E+02
  0.2367226E+02  0.1304163E+02  0.7435713E+01
  0.3418651E+02  0.1467785E+02  0.2047629E+02
  0.2576350E+02  0.2041621E+01  0.5056093E+01
  0.3937684E+02  0.3548131E+01  0.1720478E+02
  0.1711713E+02  0.2944563E+01  0.6050199E+01
  0.5445969E+02  0.2059141E+02  0.1205721E+02
  0.3359904E+02  0.9391363E+01  0.5118531E+01
  0.3517683E+02  0.6964269E+01  0.8741385E+01
  0.1510579E+02  0.6739958E+00  0.2796712E+01
  0.1516087E+02  0.2715260E+01  0.1329731E+02
  0.4007141E+02  0.7726381E+01  0.7072548E+01
  0.4424126E+02  0.1026905E+02  0.1625113E+01
  0.2220141E+02  0.3187504E+01  0.9261213E+01
  0.4041065E+02  0.1317508E+02  0.1720525E+02
  0.4164693E+02  0.6318529E+01  0.5660652E+01
  0.3541260E+02  0.1800146E+02  0.1908511E+02
  0.3762842E+02  0.1655937E+02  0.8139110E+01
  0.2340920E+02  0.8258178E+01  0.1581800E+02
  0.4086204E+02  0.9735662E+01  0.5904004E+01
  0.4871044E+02  0.2670117E+01  0.5843223E+00
  0.2309692E+02  0.8383725E+01  0.4811130E+01
  0.4258540E+02  0.1367934E+02  0.2101295E+02
  0.4276532E+02  0.9429929E+01  0.1834100E+02
  0.4396767E+02  0.1556422E+02  0.2042338E+02
  0.3706143E+02  0.8820240E+01  0.4478222E+01
  0.5142603E+02  0.6499484E+01  0.1965018E+01
  0.3453455E+02  0.2137707E+02  0.1396696E+02
  0.4587555E+02  0.7684894E+01  0.1418807E+02
  0.2047216E+02  0.5314819E+01  0.1416268E+02
  0.2038663E+02  0.1634451E+02  0.6683179E+01
  0.9577609E+01  0.2160009E+02  0.5030939E+00
  0.2079669E+02  0.1097357E+01  0.1881239E+02
  0.2430893E+02  0.1013566E+02  0.1295527E+02
  0.4339855E+02  0.4799651E+01  0.1625334E+02
  0.2350009E+02  0.1855171E+02  0.8157612E+01
  0.3800583E+02  0.1580969E+02  0.1894927E+02
  0.2926610E+02  0.6550416E+01  0.5899000E+01
  0.2541907E+02  0.1948633E+02  0.1368484E+01
  0.5015545E+02  0.3997549E+01  0.1869045E+02
  0.2772855E+02  0.1977109E+02  0.1899266E+02
  0.4853531E+02  0.1921932E+02  0.1017969E+02
  0.3591311E+02  0.9065147E+01  0.9610949E+01
  0.3194923E+02  0.1350004E+02  0.1303897E+02
  0.2634105E+02  0.1863945E+02  0.5895214E+01
  0.2722224E+02  0.1229486E+02  0.5875377E+00
  0.1992850E+02  0.2044231E+02  0.1568633E+01
  0.3182838E+02  0.2009071E+02  0.1178414E+02
  0.1709204E+02  0.2512238E+01  0.1503078E+02
  0.3827555E+02  0.1221715E+02  0.1684765E+02
  0.4206001E+02  0.7036935E+01  0.1242859E+01
  0.3575416E+02  0.1441161E+02  0.1671913E+02
  0.1911462E+02  0.1585449E+02  0.3038606E+01
  0.2191052E+02  0.5526095E+01  0.8355227E+01
  0.3015680E+02  0.2035131E+00  0.1682080E+02
  0.3013209E+02  0.8720403E+01  0.7032853E+01
  0.4249199E+02  0.1144559E+02  0.1221923E+02
  0.2584731E+02  0.5222555E+01  0.1933580E+02
  0.1534568E+02  0.1601172E+02  0.1518715E+02
  0.4700380E+02  0.9636196E+01  0.2094203E+01
  0.5290298E+02  0.6277647E+01  0.1591077E+02
  0.3388664E+02  0.7400694E+00  0.1890612E+02
  0.3985029E+02  0.2117744E+02  0.2158876E+02
  0.4775371E+02  0.1708557E+02  0.1477968E+02
  0.2455148E+02  0.8333947E+01  0.1120277E+02
  0.3482316E+02  0.1110033E+02  0.9144845E+01
  0.3270201E+02  0.7130816E+01  0.5027672E+01
  0.2063897E+02  0.2155127E+02  0.5496603E+01
  0.2247123E+02  0.5117510E+01  0.1076257E+02
  0.5328726E+02  0.1380821E+02  0.1492019E+02
  0.2683923E+02  0.8191494E+01  0.6045957E+01
  0.3176175E+02  0.1642410E+02  0.2023748E+02
  0.2769321E+02  0.1938932E+02  0.1660516E+02
  0.3838446E+02  0.1878115E+02  0.8105002E+00
  0.1592071E+02  0.1862222E+02  0.1884739E+02
  0.2307926E+02  0.1250380E+02  0.9571207E+01
  0.4172004E+02  0.1105994E+02  0.1681228E+02
  0.1779216E+02  0.1247922E+02  0.2026412E+02
  0.3086906E+02  0.2149973E+02  0.1805513E+01
  0.2275003E+02  0.7104579E+01  0.1210312E+02
  0.1919264E+02  0.1719809E+02  0.1095798E+01
  0.3733203E+02  0.1670409E+02  0.3532107E+01
  0.2146017E+02  0.5752481E+00  0.1532846E+02
  0.4648641E+02  0.7950302E+01  0.1667074E+02
  0.3269080E+02  0.1199708E+02  0.2016905E+02
  0.4391689E+02  0.7376637E+01  0.2481660E+01
  0.3613759E+02  0.1447718E+02  0.1967163E+01
  0.3453033E+02  0.9070219E+01  0.2083444E+02
  0.1775210E+02  0.4173450E+01  0.1299441E+02
  0.1748154E+02  0.6941350E+01  0.1492794E+02
  0.2464822E+02  0.1991277E+02  0.4457237E+01
  0.2938430E+02  0.5994171E+01  0.1862201E+01
  0.4074525E+02  0.1536092E+02  0.9125906E+01
  0.4367578E+02  0.8760123E+01  0.9366075E+01
  0.4052190E+02  0.1155917E+02  0.4472595E+01
  0.1257992E+02  0.1947002E+02  0.3070271E+01
  0.4987156E+02  0.1079230E+02  0.2055115E+02
  0.1891533E+02  0.8781684E+01  0.1018140E+02
  0.4481895E+02  0.1068678E+02  0.1920161E+02
  0.2775615E+02  0.5580584E+01  0.1585542E+02
  0.3378151E+02  0.1717187E+02  0.3756304E+01
  0.3179703E+02  0.1690074E+02  0.1131743E+02
  0.2151458E+02  0.1163751E+01  0.3528822E+01
  0.2489306E+02  0.1198893E+02  0.1126883E+02
  0.3848113E+02  0.9674565E+01  0.6195988E+01
  0.3259577E+02  0.1702372E+02  0.1367203E+02
  0.1873245E+02  0.8116498E+01  0.7864309E+01
  0.4796959E+02  0.8703966E+01  0.1057656E+02
  0.9622294E+01  0.1653765E+02  0.6483723E+01
  0.2496057E+02  0.1132756E+02  0.2057662E+02
  0.3614331E+02  0.1257815E+02  0.1075261E+02
  0.1425768E+02  0.1465694E+02  0.3066503E+01
  0.4693223E+02  0.1018147E+02  0.5450816E+01
  0.2680835E+02  0.8949170E+01  0.1823347E+02
  0.1964745E+02  0.1840883E+02  0.8009347E+01
  0.2802722E+02  0.3430026E+01  0.4907190E+01
  0.3632468E+02  0.2306466E+01  0.1206018E+01
  0.3520602E+02  0.2066131E+02  0.1873539E+02
  0.1280414E+02  0.3002964E+01  0.9539728E+01
  0.3967370E+02  0.1452857E+01  0.1824833E+02
  0.5251567E+02  0.1131374E+02  0.9066491E+01
  0.5385860E+02  0.1690897E+02  0.6432143E+01
  0.2694809E+02  0.1703079E+02  0.2118499E+02
  0.4933149E+02  0.1353273E+02  0.1692853E+02
  0.3736145E+02  0.7069362E+01  0.1306211E+02
  0.2874675E+02  0.7634050E+01  0.1896472E+02
  0.2160389E+02  0.1874926E+02  0.9446967E+01
  0.4089737E+02  0.9861547E+01  0.1211800E+02
  0.3293649E+02  0.1705774E+02  0.9122462E+01
  0.2016466E+02  0.2356206E+01  0.7899129E+01
  0.1701298E+02  0.2333899E+01  0.1088025E+02
  0.3966424E+02  0.4060574E+01  0.1230957E+02
  0.3179654E+02  0.1058040E+01  0.2168517E+02
  0.2329610E+02  0.3819643E+01  0.1851707E+02
  0.2729995E+02  0.1124817E+02  0.2745788E+01
  0.2801370E+02  0.8869803E+01  0.7958399E+01
  0.3297803E+02  0.1999729E+02  0.8484373E+01
  0.4812345E+02  0.2664605E+01  0.1573863E+02
  0.3545624E+02  0.8324505E+01  0.2633429E+01
  0.4147597E+02  0.1052710E+02  0.2075519E+02
  0.3211544E+02  0.4940818E+01  0.1203313E+02
  0.2879877E+02  0.1831558E+02  0.8954927E+00
  0.4902468E+02  0.1801754E+01  0.5349076E+01
  0.3277894E+02  0.1461039E+02  0.1103859E+02
  0.1033222E+02  0.6237604E+01  0.2026340E+02
  0.3383620E+02  0.1467754E+01  0.1259815E+02
  0.5042170E+02  0.9540811E+01  0.8247216E+01
  0.3759712E+02  0.2027570E+02  0.1350425E+02
  0.1665815E+02  0.1244582E+02  0.1785946E+01
  0.2454021E+02  0.2427271E+01  0.2018731E+02
  0.3340428E+02  0.8275984E+01  0.1851979E+02
  0.3174260E+02  0.1773690E+02  0.4976447E+01
  0.2206311E+02  0.1953729E+02  0.2002465E+01
  0.4523109E+02  0.1465246E+02  0.1744088E+01
  0.5395458E+02  0.4695847E+01  0.1748329E+02
  0.3198054E+02  0.3588479E+01  0.1009834E+02
  0.1849543E+02  0.8697441E+01  0.1902917E+02
  0.4083077E+02  0.1173073E+02  0.9118551E+01
  0.3649067E+02  0.8461989E+01  0.6260133E+00
  0.1127835E+02  0.9875801E+01  0.4520259E+01
  0.2129961E+02  0.1923473E+02  0.4335773E+01
  0.2087682E+02  0.9656950E+01  0.1935675E+02
  0.2367550E+02  0.6092111E+01  0.1796741E+02
  0.2443946E+02  0.1392531E+02  0.1285843E+02
  0.1685199E+02  0.1967750E+02  0.1074799E+02
  0.4151173E+02  0.1613596E+02  0.2109126E+02
  0.4213497E+02  0.5948857E+01  0.9605513E+01
  0.4509580E+02  0.3356361E+01  0.1728876E+02
  0.3094684E+02  0.6224645E+01  0.1377112E+02
  0.3665083E+02  0.8429731E+01  0.1614766E+02
  0.2870691E+02  0.1773778E+02  0.1966822E+02
  0.3823019E+02  0.6421177E+01  0.2263585E+01
  0.3619741E+02  0.5493942E+01  0.1189896E+02
  0.4795217E+02  0.2799252E+00  0.1289262E+02
  0.5212376E+02  0.2010572E+02  0.7082908E+00
  0.1486951E+02  0.6662497E+00  0.1628245E+02
  0.2883631E+02  0.2127519E+02  0.5237422E+01
  0.2213610E+02  0.1444628E+02  0.1603502E+02
  0.1149583E+02  0.1333600E+01  0.8718593E+01
  0.1207346E+02  0.9607338E+01  0.2036324E+02
  0.2760726E+02  0.1990144E+02  0.2109089E+01
  0.2620484E+02  0.1017971E+02  0.9121683E+01
  0.3086035E+02  0.9306608E+01  0.1325419E+02
  0.4511386E+02  0.2026989E+02  0.1804135E+01
  0.2434042E+02  0.6861003E+01  0.1414051E+02
  0.3060990E+02  0.1678978E+02  0.8645689E+01
  0.2405897E+02  0.1191184E+02  0.1439324E+02
  0.3586912E+02  0.5968680E+01  0.3371453E+01
  0.2811511E+02  0.2148871E+02  0.1581872E+02
  0.2946324E+02  0.5609313E+01  0.7981843E+01
  0.5160662E+02  0.1067292E+02  0.3199434E+01
  0.3753859E+02  0.4331695E+01  0.1890139E+02
  0.2456640E+02  0.9445985E+00  0.1674149E+02
  0.3760824E+02  0.1527578E+02  0.4254634E-01
  0.4295521E+02  0.1372509E+02  0.1787978E+01
  0.4175766E+02  0.1694542E+02  0.1592149E+02
  0.2821340E+02  0.1462502E+02  0.6670672E+01
  0.4391151E+02  0.1332263E+02  0.6743156E+01
  0.8149872E+01  0.6807566E+01  0.1557827E+01
  0.4416810E+02  0.1129161E+01  0.1685461E+02
  0.1511753E+02  0.1016623E+01  0.1887072E+02
  0.9435262E+01  0.1583151E+00  0.1621892E+02
  0.1881497E+02  0.1361630E+02  0.1437676E+02
  0.1257281E+02  0.5266434E+01  0.8577187E+01
  0.4168346E+02  0.1987131E+02  0.3207250E+00
  0.1496626E+02  0.1457640E+02  0.1806256E+02
  0.1599501E+02  0.4896662E+01  0.9130765E+01
  0.3611071E+02  0.1478467E+02  0.9536471E+01
  0.3062202E+02  0.2085927E+02  0.8166259E+01
  0.4325258E+02  0.1028531E+02  0.1511611E+02
  0.1793152E+02  0.1921920E+02  0.1547620E+01
  0.4109084E+02  0.1828321E+02  0.1397998E+02
  0.1343735E+02  0.1613559E+02  0.1717529E+02
  0.2554945E+02  0.3227605E+01  0.2923912E+01
  0.4591064E+02  0.5019527E+00  0.1417265E+02
  0.2780539E+02  0.2152979E+02  0.1048130E+02
  0.2378976E+02  0.1885901E+02  0.1615381E+02
  0.4672061E+02  0.1610938E+02  0.1196682E+02
  0.9897303E+01  0.5376279E+01  0.1096699E+02
  0.2632941E+02  0.1668100E+01  0.1919832E+02
  0.3116266E+02  0.1934416E+02  0.1522308E+01
  0.2991329E+02  0.3443079E+01  0.2609718E+01
  0.3584984E+02  0.2021951E+02  0.1048110E+02
  0.2685384E+02  0.1476731E+02  0.1615607E+02
  0.4929334E+02  0.1411419E+02  0.7607763E+01
  0.5116868E+02  0.7313640E+01  0.1721143E+02
  0.3284928E+02  0.1799528E+02  0.1868949E+02
  0.1689940E+02  0.3665898E+01  0.2067256E+02
  0.2596040E+02  0.1773153E+02  0.1612713E+02
  0.2226056E+02  0.5572422E+01  0.1986681E+02
  0.1778373E+02  0.1711604E+02  0.4701066E+01
  0.2707157E+02  0.1194316E+02  0.1942356E+02
  0.4152485E+02  0.4566813E+01  0.1767143E+02
  0.3384687E+02  0.1003125E+02  0.1461229E+02
  0.3728530E+02  0.6151786E+01  0.1553720E+02
  0.2040344E+02  0.1116664E+02  0.3657125E+01
  0.3552676E+02  0.1954826E+02  0.2119375E+02
  0.1682338E+02  0.6188161E+01  0.2136603E+02
  0.1604351E+02  0.4389648E+01  0.1810299E+01
  0.3149045E+02  0.1008816E+02  0.5299453E+01
  0.2018984E+02  0.1526329E+02  0.1740554E+02
  0.2969029E+02  0.1442046E+02  0.1053553E+01
  0.3027637E+02  0.7279181E+01  0.4924966E-01
  0.2961286E+02  0.1183802E+02  0.1620300E+02
  0.3098746E+02  0.1043988E+00  0.5969844E+01
  0.4697744E+02  0.1853682E+01  0.4052688E+01
  0.1567053E+02  0.1658106E+02  0.2110704E+02
  0.1107751E+02  0.4078054E+01  0.1773327E+02
  0.4696252E+02  0.6359391E+01  0.1849697E+02
  0.2642841E+02  0.9964386E+01  0.2150494E+02
  0.3363689E+02  0.2108250E+02  0.1040195E+02
  0.3677949E+02  0.2018653E+02  0.1689638E+01
  0.2674512E+02  0.1644949E+01  0.1687464E+02
  0.1344679E+02  0.7683764E+00  0.1337802E+02
  0.4860239E+02  0.1684486E+02  0.6295889E+01
  0.5020725E+02  0.9876062E+01  0.1398747E+02
  0.3781165E+02  0.4666286E+01  0.8221676E+01
  0.4744475E+02  0.8128114E+01  0.1017969E+00
  0.3982749E+02  0.1399949E+02  0.1288316E+02
  0.5113016E+02  0.1285216E+01  0.8422184E+01
  0.2944364E+02  0.1797227E+02  0.1660018E+02
  0.5319687E+02  0.7893228E+00  0.1148697E+02
  0.5087925E+02  0.2027014E+02  0.1408035E+02
  0.4874672E+02  0.1721358E+02  0.1935320E+02
  0.5176380E+02  0.1429422E+02  0.2112458E+02
  0.5279436E+02  0.2055909E+01  0.1345482E+02
  0.4449997E+02  0.1784904E+02  0.1670143E+01
  0.3751913E+02  0.2168582E+02  0.1154137E+02
  0.4220946E+02  0.2148883E+02  0.1631066E+02
  0.3632786E+02  0.1194321E+02  0.2004675E+02
  0.4415729E+02  0.2338298E+01  0.1186746E+01
  0.5106469E+02  0.2107402E+02  0.4235091E+01
  0.5300326E+02  0.1618420E+02  0.4066629E+00
  0.5584325E+02  0.1371422E+02  0.1674979E+02
  0.5117039E+02  0.1892602E+02  0.2711570E+01
  0.4757827E+02  0.1491786E+02  0.1599787E+02
  0.5707047E+02  0.1240925E+01  0.1506073E+01
  0.5711377E+02  0.2051189E+02  0.3930863E+01
  0.5308514E+02  0.1722504E+02  0.2766332E+01
  0.5556229E+02  0.4268636E-01  0.2736714E+01
  0.5825368E+02  0.2751136E+01  0.2865378E+01
  0.5854701E+02  0.2153199E+02  0.5536387E+01
  0.4888188E+02  0.4723897E+01  0.7616838E+01
  0.5980816E+02  0.2010362E+02  0.1283250E+01
  0.6246685E+02  0.1235412E+01  0.1361253E+01
  0.6256470E+02  0.2037703E+02  0.4444338E+01
  0.5986323E+02  0.1251031E+01  0.4050546E+01
  0.6106103E+02  0.2141273E+02  0.2732997E+01
  0.6360190E+02  0.2754809E+01  0.2642069E+01
  0.6370106E+02  0.1632457E+00  0.5707392E+01
  0.6113317E+02  0.2670944E+01  0.5677415E+01
  0.4655227E+02  0.9280322E+01  0.1875882E+02
  0.3317847E+02  0.1206851E+02  0.1449039E+02
  0.4057482E+02  0.1255682E+02  0.1986189E+02
  0.4305745E+02  0.6726842E+00  0.1941455E+02
  0.5443622E+02  0.2054248E+02  0.1006305E+01
  0.4706786E+02  0.2002196E+01  0.8844503E+01
  0.4960348E+02  0.4684080E+01  0.2106328E+02
  0.2917984E+02  0.5230638E+00  0.1224912E+02
  0.5136646E+02  0.7424964E+00  0.2268946E+01
  0.5417800E+02  0.7034528E+01  0.3681708E+01
  0.3503008E+02  0.1729132E+02  0.1352246E+02
  0.3995629E+02  0.2121991E+02  0.1703880E+02
  0.5059589E+02  0.1907788E+02  0.5688682E+01
  0.5361397E+02  0.1192883E+02  0.5497625E+01
  0.4527470E+02  0.1674376E+02  0.1799013E+02
  0.5128627E+02  0.1342341E+02  0.1402098E+02
  0.5348966E+02  0.1985838E+02  0.1612457E+02
  0.5726120E+02  0.6472373E+01  0.1343209E+01
  0.5689494E+02  0.4089892E+01  0.4180424E+01
  0.5415357E+02  0.1246103E+02  0.2073917E+02
  0.5437852E+02  0.3959083E+01  0.1685529E+01
  0.5837265E+02  0.7966912E+01  0.2988142E+01
  0.5816517E+02  0.5551386E+01  0.5648044E+01
  0.5151836E+02  0.5175312E+01  0.4019500E+01
  0.5979211E+02  0.3816486E+01  0.1092410E+01
  0.6243927E+02  0.6816531E+01  0.1626817E+01
  0.6235129E+02  0.3952587E+01  0.4235216E+01
  0.5974308E+02  0.6618284E+01  0.4241800E+01
  0.6103916E+02  0.5177970E+01  0.2634985E+01
  0.6371328E+02  0.8197633E+01  0.2920807E+01
  0.6391950E+02  0.5390051E+01  0.5608095E+01
  0.6088713E+02  0.8335564E+01  0.5653779E+01
  0.5242946E+02  0.1716597E+02  0.1466034E+02
  0.4464158E+02  0.1273937E+02  0.1798426E+02
  0.5174082E+02  0.2081750E+02  0.7299347E+01
  0.5103546E+02  0.7160623E+01  0.1969508E+02
  0.3877101E+02  0.1693708E-01  0.1906222E+01
  0.5356293E+02  0.2123970E+02  0.4924254E+01
  0.3637615E+02  0.2641806E+01  0.2055271E+02
  0.2251795E+02  0.9880656E+01  0.1747097E+02
  0.5433826E+02  0.7165834E+01  0.2098142E+02
  0.5466876E+02  0.1191712E+02  0.1560067E+02
  0.4894983E+02  0.2556112E+01  0.1329512E+02
  0.3190478E+02  0.9209037E+01  0.8636322E+01
  0.5339888E+02  0.8258736E+01  0.8673814E+01
  0.4985633E+02  0.8351569E+01  0.9384009E+00
  0.4963355E+02  0.2056890E+02  0.1178414E+02
  0.5113806E+02  0.1736711E+02  0.1693020E+02
  0.5413850E+02  0.8791300E+01  0.1828598E+01
  0.5689222E+02  0.1243136E+02  0.1515271E+01
  0.5710743E+02  0.9553075E+01  0.4204209E+01
  0.4037032E+02  0.3059004E+01  0.2671833E+01
  0.5600956E+02  0.1169568E+02  0.3509657E+01
  0.5837127E+02  0.1378454E+02  0.2937019E+01
  0.5836308E+02  0.1079302E+02  0.5520383E+01
  0.5562380E+02  0.1332828E+02  0.5204845E+01
  0.5958424E+02  0.9676103E+01  0.1715102E+01
  0.6271023E+02  0.1202036E+02  0.1499475E+01
  0.6220704E+02  0.9316696E+01  0.4383497E+01
  0.5956867E+02  0.1229819E+02  0.4207171E+01
  0.6116134E+02  0.1077430E+02  0.2901614E+01
  0.6384153E+02  0.1337626E+02  0.2861672E+01
  0.6379403E+02  0.1080515E+02  0.5605897E+01
  0.6108407E+02  0.1345367E+02  0.5466336E+01
  0.4478293E+02  0.6435482E+01  0.1952786E+02
  0.4666854E+02  0.1297036E+02  0.2140981E+02
  0.3758847E+02  0.1240041E+02  0.1540695E+01
  0.4425167E+02  0.8474635E+01  0.1663815E+02
  0.3789341E+02  0.2047376E+02  0.6245307E+01
  0.3946575E+02  0.1898942E+02  0.1826090E+02
  0.3071552E+02  0.1210384E+02  0.3380985E+01
  0.4705453E+02  0.6136239E+01  0.6506916E+01
  0.5042018E+02  0.1233864E+02  0.8555417E+01
  0.4317110E+02  0.1570105E+02  0.6427363E+01
  0.4520638E+02  0.1924472E+02  0.1843910E+02
  0.4619292E+02  0.4241051E+01  0.9905960E+01
  0.4333106E+02  0.5122237E+01  0.7239816E+01
  0.4963363E+02  0.4027534E+01  0.5136653E+01
  0.2618033E+02  0.2289499E+01  0.1061813E+02
  0.4051146E+02  0.1817280E+02  0.6499655E+01
  0.5095212E+02  0.1293754E+02  0.9859016E+00
  0.5708727E+02  0.1794822E+02  0.1608118E+01
  0.5718824E+02  0.1501039E+02  0.4160538E+01
  0.5089298E+02  0.1883646E+02  0.1892991E+02
  0.5581850E+02  0.1641107E+02  0.2738730E+01
  0.5868073E+02  0.1891723E+02  0.2921468E+01
  0.5853605E+02  0.1613244E+02  0.5691047E+01
  0.5455816E+02  0.1282813E+02  0.8986678E+01
  0.5976544E+02  0.1496985E+02  0.1556214E+01
  0.6251086E+02  0.1746252E+02  0.1800428E+01
  0.6247420E+02  0.1476501E+02  0.4146827E+01
  0.5975077E+02  0.1757017E+02  0.4553992E+01
  0.6100976E+02  0.1612780E+02  0.3049207E+01
  0.6406892E+02  0.1907701E+02  0.2799543E+01
  0.6362035E+02  0.1601278E+02  0.5775029E+01
  0.6128074E+02  0.1879717E+02  0.5657361E+01
  0.5165891E+02  0.1134903E+02  0.1257222E+02
  0.4975780E+02  0.1385178E+02  0.5292949E+01
  0.4904460E+02  0.2396039E+01  0.7649318E+01
  0.4635707E+02  0.2433649E+00  0.2112197E+02
  0.4351165E+02  0.1435315E+02  0.4244753E+01
  0.4296339E+02  0.2130025E+02  0.1120039E+01
  0.4250832E+02  0.9378277E+01  0.3192628E+01
  0.5310718E+02  0.1280846E+02  0.2217850E+01
  0.3800606E+02  0.1388687E+01  0.7780190E+01
  0.3486362E+02  0.5095750E+00  0.6481601E+01
  0.4438934E+02  0.1756691E+02  0.4142935E+01
  0.5242160E+02  0.2750152E+01  0.1958910E+02
  0.4996752E+02  0.2171664E+02  0.1634887E+02
  0.5400170E+02  0.1064734E+02  0.3419085E+01
  0.5410236E+02  0.1501721E+02  0.1300951E+02
  0.5434318E+02  0.4998986E+01  0.1179868E+02
  0.5219774E+02  0.1829330E+02  0.2085408E+02
  0.5697476E+02  0.1259325E+01  0.6757647E+01
  0.5687607E+02  0.2050556E+02  0.9904808E+01
  0.4977808E+02  0.2104391E+02  0.1972373E+02
  0.3242326E+02  0.1428195E+02  0.1914451E+02
  0.5817503E+02  0.2646235E+01  0.8241569E+01
  0.5845288E+02  0.2162287E+02  0.1122470E+02
  0.5583044E+02  0.1959816E+02  0.5688154E+01
  0.6005231E+02  0.2027053E+02  0.7171284E+01
  0.6247987E+02  0.1267235E+01  0.7148675E+01
  0.6266575E+02  0.1988592E+02  0.9973846E+01
  0.5955697E+02  0.1233488E+01  0.9647852E+01
  0.6133716E+02  0.2160586E+02  0.8687515E+01
  0.6370615E+02  0.2917902E+01  0.8396086E+01
  0.6375389E+02  0.1792501E+00  0.1106091E+02
  0.6106198E+02  0.2764005E+01  0.1102089E+02
  0.4442242E+02  0.2605316E+01  0.1940812E+02
  0.4892296E+02  0.9041539E+01  0.3283859E+01
  0.4838086E+02  0.1339826E+02  0.1372021E+01
  0.3395308E+02  0.1626447E+02  0.5545830E+00
  0.4454208E+02  0.1790021E+02  0.6558912E+01
  0.3519850E+02  0.6730240E+01  0.2085849E+02
  0.3403283E+02  0.6145182E+01  0.1083217E+02
  0.4755603E+02  0.6848186E+00  0.1686903E+02
  0.3034002E+02  0.1601679E+02  0.3446391E+01
  0.5578741E+02  0.1455466E+00  0.8387065E+01
  0.5465072E+02  0.1604362E+01  0.9675363E+01
  0.4592954E+02  0.1823492E+02  0.1253724E+02
  0.3830682E+02  0.5282789E+01  0.1081659E+02
  0.4194341E+02  0.1164556E+02  0.2712300E+01
  0.5091947E+02  0.1698984E+02  0.4282654E+01
  0.4800959E+02  0.4258963E+01  0.1750489E+02
  0.4941277E+02  0.5251562E+01  0.1137371E+02
  0.5675377E+02  0.7073601E+01  0.6763530E+01
  0.5685065E+02  0.4095247E+01  0.9757418E+01
  0.5552720E+02  0.8404460E+01  0.1115267E+02
  0.5230321E+02  0.4154516E+01  0.1276471E+02
  0.5814341E+02  0.8404874E+01  0.8334184E+01
  0.5837410E+02  0.5459083E+01  0.1070407E+02
  0.5405308E+02  0.9824232E+01  0.6657837E+01
  0.5962378E+02  0.4037090E+01  0.7011055E+01
  0.6244280E+02  0.7076492E+01  0.6880022E+01
  0.6222564E+02  0.4340498E+01  0.9544557E+01
  0.5979622E+02  0.7059835E+01  0.9393980E+01
  0.6093931E+02  0.5584197E+01  0.8116134E+01
  0.6410444E+02  0.8215597E+01  0.8293613E+01
  0.6378755E+02  0.5435166E+01  0.1104497E+02
  0.6119013E+02  0.8175131E+01  0.1094092E+02
  0.3186859E+02  0.2986275E+01  0.1431775E+01
  0.4773397E+02  0.1101429E+02  0.1781776E+02
  0.4451529E+02  0.1029550E+02  0.1237154E+02
  0.4763066E+02  0.5728365E+01  0.2080393E+02
  0.4510483E+02  0.5763013E+01  0.1461971E+02
  0.4354940E+02  0.1752271E+02  0.1284157E+02
  0.4024282E+02  0.9345531E+01  0.1780971E+02
  0.5058303E+02  0.3119032E+00  0.4871698E-01
  0.3792210E+02  0.8101358E+00  0.1971626E+02
  0.5572980E+02  0.5307812E+01  0.2813994E+01
  0.4600920E+02  0.7647825E+01  0.1165193E+02
  0.5489412E+02  0.1794455E+02  0.4494392E+01
  0.4241338E+02  0.6458712E+01  0.2062484E+02
  0.2779442E+02  0.8684466E+01  0.1140211E+02
  0.3533647E+02  0.1955534E+02  0.1273654E+02
  0.5313942E+02  0.6092338E+01  0.5874589E+01
  0.4634992E+02  0.1769768E+01  0.6434244E+01
  0.5715823E+02  0.1223243E+02  0.6897729E+01
  0.5679289E+02  0.9769307E+01  0.9788470E+01
  0.4159812E+02  0.4227436E+01  0.1114483E+02
  0.5550469E+02  0.1089105E+02  0.7960782E+01
  0.5833525E+02  0.1365500E+02  0.8400036E+01
  0.5817651E+02  0.1118782E+02  0.1090990E+02
  0.5570464E+02  0.1636916E+02  0.8194488E+01
  0.5956106E+02  0.9687703E+01  0.6962250E+01
  0.6257849E+02  0.1229586E+02  0.6936039E+01
  0.6255477E+02  0.9546168E+01  0.9597565E+01
  0.5983816E+02  0.1230958E+02  0.9757213E+01
  0.6119569E+02  0.1098798E+02  0.8175109E+01
  0.6388420E+02  0.1345016E+02  0.8465475E+01
  0.6374533E+02  0.1091470E+02  0.1106699E+02
  0.6111387E+02  0.1399442E+02  0.1099388E+02
  0.4844959E+02  0.2067600E+02  0.1493872E+02
  0.4461520E+02  0.6018932E+01  0.1068554E+02
  0.3932622E+02  0.1691935E+01  0.1137606E+02
  0.4765532E+02  0.2159369E+02  0.1914950E+02
  0.1895429E+02  0.7625162E+01  0.4627001E+01
  0.5156669E+02  0.1302986E+02  0.1057688E+02
  0.3245460E+02  0.9576897E+01  0.1653167E+02
  0.4160977E+02  0.1466303E+01  0.1651506E+01
  0.3945620E+02  0.6632889E+01  0.4381004E+01
  0.5213994E+02  0.1515354E+02  0.9073599E+01
  0.4914410E+02  0.8509844E+01  0.2010188E+02
  0.4963154E+02  0.1179777E+02  0.1519585E+02
  0.4591691E+02  0.1276093E+02  0.8053232E+01
  0.4294437E+02  0.2272112E+01  0.5283865E+01
  0.4624665E+02  0.2571601E+01  0.1624821E-01
  0.4099932E+02  0.1200654E+01  0.2026248E+02
  0.5418440E+02  0.4175077E+01  0.6839555E+01
  0.5714741E+02  0.1791087E+02  0.6950461E+01
  0.5696002E+02  0.1497007E+02  0.9695512E+01
  0.5279680E+02  0.1366842E+02  0.7346353E+01
  0.4020446E+02  0.5035753E+01  0.1507013E+01
  0.5834477E+02  0.1925046E+02  0.8384890E+01
  0.5819677E+02  0.1636474E+02  0.1121948E+02
  0.5561947E+02  0.1879740E+02  0.1115361E+02
  0.6008146E+02  0.1491100E+02  0.7107419E+01
  0.6241253E+02  0.1783920E+02  0.7187421E+01
  0.6241430E+02  0.1495322E+02  0.9529663E+01
  0.5957782E+02  0.1762798E+02  0.9933064E+01
  0.6090389E+02  0.1631154E+02  0.8423294E+01
  0.6412248E+02  0.1898705E+02  0.8223023E+01
  0.6384148E+02  0.1648205E+02  0.1067871E+02
  0.6109503E+02  0.1893535E+02  0.1126562E+02
  0.4693872E+02  0.1344241E+02  0.1768218E+02
  0.2808296E+02  0.1109473E+01  0.8347325E+01
  0.4484879E+02  0.6840617E+01  0.8363285E+01
  0.4074277E+02  0.4750367E+01  0.2102258E+02
  0.5440753E+02  0.1768576E+02  0.2018496E+02
  0.4669377E+02  0.1628438E+02  0.9657977E+01
  0.4535600E+02  0.8381479E+01  0.2071773E+02
  0.4878468E+02  0.2061954E+02  0.5456614E+01
  0.4265659E+02  0.1283764E+02  0.1028166E+02
  0.4169165E+02  0.1483010E+02  0.1128156E+02
  0.4620751E+02  0.1635604E+02  0.6225297E+01
  0.5185598E+02  0.9511466E+01  0.5376771E+01
  0.4464393E+02  0.3539880E+01  0.6466409E+01
  0.5298329E+02  0.1610533E+02  0.1096063E+02
  0.5569776E+02  0.2854077E+01  0.1156261E+02
  0.4594679E+02  0.7901430E+01  0.5296754E+01
  0.5569366E+02  0.3832809E+00  0.1377098E+02
  0.5733571E+02  0.1545139E+01  0.1263719E+02
  0.5703741E+02  0.2057250E+02  0.1498739E+02
  0.4359072E+02  0.8413974E+01  0.1355753E+02
  0.5326033E+02  0.1992771E+02  0.1386702E+02
  0.5833273E+02  0.3032198E+01  0.1424635E+02
  0.5820915E+02  0.1828913E+00  0.1639618E+02
  0.5570209E+02  0.3058524E+01  0.1685002E+02
  0.5988760E+02  0.2032919E+02  0.1267807E+02
  0.6224723E+02  0.1443124E+01  0.1228975E+02
  0.6249326E+02  0.2029309E+02  0.1494254E+02
  0.5971069E+02  0.1446922E+01  0.1534540E+02
  0.6109572E+02  0.2655454E+00  0.1407811E+02
  0.6380576E+02  0.2509135E+01  0.1387846E+02
  0.6337046E+02  0.7319595E-01  0.1640510E+02
  0.6100104E+02  0.2819151E+01  0.1661902E+02
  0.3435439E+02  0.1828997E+02  0.1646046E+01
  0.3955801E+02  0.1856969E+01  0.6065341E+01
  0.4526958E+02  0.1420911E+02  0.1212486E+02
  0.4535581E+02  0.3800638E+01  0.1339763E+02
  0.4407837E+02  0.4589111E+01  0.2096495E+02
  0.4944992E+02  0.6243998E+01  0.1426313E+02
  0.3821463E+02  0.2020105E+02  0.2006747E+02
  0.3517532E+02  0.7019861E+01  0.1756807E+02
  0.4702801E+02  0.7857592E+01  0.8305556E+01
  0.5209613E+02  0.6364083E+01  0.7901205E+01
  0.4771281E+02  0.4688566E+01  0.1324644E+02
  0.3861376E+02  0.1816186E+02  0.5141941E+01
  0.5566567E+02  0.5422243E+01  0.7942240E+01
  0.5000568E+02  0.7172854E+01  0.7574424E+01
  0.5074663E+02  0.3042808E+01  0.1638688E+02
  0.4630313E+02  0.1529464E+02  0.2124406E+02
  0.4633332E+02  0.1017046E+02  0.7950693E+01
  0.5711841E+02  0.6891466E+01  0.1213740E+02
  0.5659901E+02  0.4510574E+01  0.1512674E+02
  0.5301181E+02  0.9853138E+01  0.1105391E+02
  0.5570305E+02  0.5911443E+01  0.1356899E+02
  0.5847366E+02  0.8383020E+01  0.1352805E+02
  0.5808534E+02  0.5681924E+01  0.1656029E+02
  0.5451227E+02  0.7638360E+01  0.1449449E+02
  0.5949166E+02  0.4010780E+01  0.1240992E+02
  0.6260619E+02  0.6808971E+01  0.1249644E+02
  0.6239564E+02  0.4083472E+01  0.1501779E+02
  0.5964669E+02  0.7010357E+01  0.1508916E+02
  0.6089420E+02  0.5305234E+01  0.1376429E+02
  0.6387906E+02  0.8100606E+01  0.1378826E+02
  0.6375536E+02  0.5593982E+01  0.1614607E+02
  0.6105441E+02  0.8330873E+01  0.1650341E+02
  0.4313094E+02  0.1801325E+02  0.1758756E+02
  0.3842431E+02  0.1578589E+02  0.6093493E+01
  0.4341523E+02  0.5196449E+01  0.1263403E+02
  0.4064000E+02  0.1845349E+02  0.2113175E+01
  0.5713836E+02  0.1225755E+02  0.1794023E+02
  0.3543272E+02  0.1672499E+02  0.1580998E+02
  0.4485595E+02  0.1829393E+01  0.1177351E+02
  0.3697245E+02  0.6708726E+01  0.5246402E+01
  0.4058998E+02  0.1554694E+02  0.6811395E+01
  0.2582809E+02  0.1225454E+02  0.4586955E+01
  0.3640555E+02  0.2665797E+01  0.1729216E+02
  0.4394040E+02  0.9674933E+01  0.5062997E+01
  0.4194188E+02  0.1310844E+02  0.1375350E+02
  0.3798000E+02  0.1359540E+02  0.5931796E+01
  0.5576085E+02  0.8613535E+01  0.1631816E+02
  0.5584435E+02  0.1624077E+02  0.1407213E+02
  0.4461098E+02  0.2695490E+01  0.8760369E+01
  0.5706721E+02  0.1264244E+02  0.1235588E+02
  0.5732946E+02  0.9446833E+01  0.1510874E+02
  0.5048121E+02  0.1626778E+02  0.7618779E+01
  0.4157624E+02  0.8282248E+01  0.1045370E+02
  0.6009902E+02  0.1232675E+02  0.1499034E+02
  0.5601972E+02  0.1105981E+02  0.1362344E+02
  0.5286033E+02  0.1338707E+02  0.1894932E+02
  0.5971277E+02  0.9703541E+01  0.1207344E+02
  0.6256579E+02  0.1246443E+02  0.1215824E+02
  0.6248792E+02  0.9549371E+01  0.1520845E+02
  0.5857775E+02  0.1092388E+02  0.1643614E+02
  0.6139274E+02  0.1073098E+02  0.1356651E+02
  0.6369938E+02  0.1358523E+02  0.1376724E+02
  0.6421502E+02  0.1049298E+02  0.1650868E+02
  0.6134690E+02  0.1336702E+02  0.1659824E+02
  0.2208647E+02  0.5982357E+01  0.1591118E+02
  0.4697005E+02  0.2060058E+02  0.9072614E+01
  0.3755019E+02  0.1160016E+02  0.7301329E+01
  0.4704408E+02  0.1542398E+02  0.1904977E+02
  0.4260371E+02  0.1572609E+01  0.7717793E+01
  0.5253616E+02  0.3172808E+01  0.2995121E+01
  0.4287675E+02  0.2415000E+01  0.1059546E+02
  0.5187260E+02  0.1565090E+02  0.5803525E+01
  0.4015415E+02  0.9307680E+01  0.1477564E+02
  0.5543163E+02  0.8392196E+01  0.5158046E+01
  0.4835317E+02  0.1505238E+02  0.1338541E+02
  0.4458404E+02  0.2058325E+02  0.2025536E+02
  0.5441200E+02  0.9365539E+01  0.1286646E+02
  0.3303842E+02  0.1943689E+02  0.1361038E+02
  0.5213492E+02  0.3776915E+00  0.1973415E+02
  0.3304895E+02  0.2165979E+02  0.3038963E+01
  0.4936624E+02  0.1040661E+02  0.5288647E+01
  0.5691961E+02  0.1769216E+02  0.1265644E+02
  0.5737332E+02  0.1472406E+02  0.1516105E+02
  0.4988365E+02  0.8023900E+01  0.5275206E+01
  0.5547415E+02  0.1380247E+02  0.1106426E+02
  0.5859545E+02  0.1894773E+02  0.1387844E+02
  0.5876132E+02  0.1590781E+02  0.1666710E+02
  0.5572649E+02  0.1885294E+02  0.1587339E+02
  0.5963755E+02  0.1513884E+02  0.1255431E+02
  0.6263413E+02  0.1757058E+02  0.1239415E+02
  0.6254290E+02  0.1475651E+02  0.1536152E+02
  0.5990127E+02  0.1734470E+02  0.1533546E+02
  0.6124697E+02  0.1622120E+02  0.1398904E+02
  0.6404657E+02  0.1905166E+02  0.1368778E+02
  0.6389513E+02  0.1635699E+02  0.1672639E+02
  0.6105616E+02  0.1894424E+02  0.1635400E+02
  0.4649054E+02  0.4386902E+01  0.4628056E+01
  0.3864609E+02  0.1270918E+02  0.3678200E+01
  0.5060336E+02  0.1637699E+02  0.2137386E+02
  0.5055847E+02  0.2913652E+01  0.1156631E+02
  0.4520222E+02  0.1175694E+02  0.1408055E+02
  0.4521212E+02  0.1246867E+02  0.1673004E+01
  0.5545384E+02  0.2731448E+01  0.5652538E+01
  0.5074941E+02  0.1227848E+02  0.1878725E+02
  0.4576420E+02  0.1555312E+02  0.3916145E+01
  0.4096229E+02  0.3528935E+01  0.4944566E+01
  0.4709471E+02  0.2131022E+02  0.6870384E+01
  0.5424126E+02  0.1748985E+02  0.9645826E+01
  0.5165127E+02  0.1296141E+02  0.4182161E+01
  0.5426039E+02  0.1606203E+01  0.1529820E+02
  0.5423794E+02  0.2066702E+02  0.7117383E+01
  0.4289781E+02  0.1793374E+02  0.1036040E+02
  0.4748323E+02  0.5537782E+01  0.1552791E+02
  0.5684455E+02  0.1156042E+01  0.1789178E+02
  0.5716399E+02  0.2038142E+02  0.2036842E+02
  0.4724599E+02  0.2010025E+02  0.8579723E+00
  0.5554722E+02  0.2118234E+02  0.1934264E+02
  0.5806942E+02  0.2693806E+01  0.1916105E+02
  0.5852894E+02  0.2160419E+02  0.7947253E-01
  0.5565487E+02  0.2552903E+01  0.2835574E+00
  0.5968188E+02  0.2034619E+02  0.1775423E+02
  0.6230427E+02  0.1440142E+01  0.1788073E+02
  0.6259393E+02  0.2030490E+02  0.2030012E+02
  0.5967294E+02  0.1376164E+01  0.2043769E+02
  0.6093360E+02  0.2162157E+02  0.1899933E+02
  0.6392320E+02  0.2813220E+01  0.1896878E+02
  0.6399604E+02  0.1351140E+00  0.2166588E+02
  0.6134423E+02  0.2705183E+01  0.2164761E+02
  0.1858628E+02  0.4292163E+01  0.4489934E+01
  0.4517291E+02  0.1929857E+02  0.1026315E+02
  0.3646338E+02  0.2076043E+02  0.4255431E+01
  0.4866928E+02  0.1088139E+02  0.7343019E+01
  0.5325124E+02  0.5677364E+01  0.6273519E+00
  0.2788808E+02  0.1634671E+02  0.3459065E+01
  0.4323059E+02  0.1504340E+02  0.1322077E+02
  0.4866515E+02  0.1837820E+02  0.2258250E+01
  0.4728645E+02  0.1286801E+02  0.1284061E+02
  0.4947534E+02  0.8258510E+01  0.1552917E+02
  0.5440540E+02  0.5890869E+00  0.2102585E+02
  0.5298641E+02  0.2991477E+01  0.8557471E+01
  0.4391166E+02  0.1258515E+02  0.1586645E+02
  0.4858871E+02  0.1025407E+02  0.1217233E+02
  0.4355863E+02  0.1547083E+02  0.1568066E+02
  0.5194647E+02  0.2056894E+02  0.1756648E+02
  0.5132217E+02  0.4890610E+01  0.1485571E+02
  0.5662784E+02  0.6955251E+01  0.1801825E+02
  0.5681885E+02  0.4081745E+01  0.2026125E+02
  0.5114984E+02  0.2441984E+01  0.9006455E+00
  0.5522315E+02  0.5796897E+01  0.1914076E+02
  0.5819181E+02  0.8402821E+01  0.1913473E+02
  0.5837524E+02  0.5160456E+01  0.2162541E+02
  0.5587470E+02  0.8027432E+01  0.4516649E+00
  0.5959652E+02  0.4083755E+01  0.1785644E+02
  0.6224811E+02  0.6751428E+01  0.1774198E+02
  0.6260493E+02  0.4246670E+01  0.2031025E+02
  0.5954155E+02  0.7039233E+01  0.2053147E+02
  0.6100646E+02  0.5260842E+01  0.1922295E+02
  0.6386946E+02  0.7773315E+01  0.1916030E+02
  0.6370120E+02  0.5561517E+01  0.2460054E+00
  0.6100401E+02  0.8369883E+01  0.1837804E+00
  0.4335851E+02  0.1103452E+01  0.3398965E+01
  0.4018075E+02  0.1025587E+01  0.1491505E+02
  0.4850868E+02  0.1692538E+02  0.3968313E+01
  0.4184881E+02  0.1196652E+02  0.6735916E+01
  0.4497425E+02  0.1175894E+02  0.5261727E+01
  0.4024172E+02  0.1209706E+02  0.1513364E+02
  0.2796747E+02  0.4326564E+01  0.1061387E+02
  0.4294332E+02  0.2004255E+02  0.1442057E+02
  0.5079205E+02  0.1017433E+01  0.1436299E+02
  0.4555514E+02  0.9622972E+01  0.1022213E+02
  0.2428839E+02  0.3486298E+01  0.1319175E+02
  0.3439047E+02  0.1992815E+02  0.5667274E+01
  0.4804640E+02  0.5852544E+01  0.9498867E+01
  0.4017336E+02  0.9356486E+01  0.8843472E+01
  0.5421027E+02  0.1723302E+01  0.3860081E+01
  0.4825668E+02  0.1688091E+02  0.1612982E+00
  0.4530544E+02  0.5376587E+01  0.2687734E+01
  0.5860050E+02  0.1358465E+02  0.1371949E+02
  0.5644302E+02  0.9649032E+01  0.2044349E+02
  0.4495444E+02  0.1285394E+02  0.1012195E+02
  0.5536151E+02  0.1125282E+02  0.1903852E+02
  0.5850762E+02  0.1344948E+02  0.1955072E+02
  0.5802460E+02  0.1080804E+02  0.2084716E+00
  0.5552589E+02  0.1382036E+02  0.3211903E+00
  0.5966771E+02  0.9742817E+01  0.1804067E+02
  0.6253366E+02  0.1188069E+02  0.1795738E+02
  0.6257553E+02  0.9323018E+01  0.2042766E+02
  0.5992608E+02  0.1194160E+02  0.2096701E+02
  0.6127680E+02  0.1071068E+02  0.1944697E+02
  0.6383141E+02  0.1348582E+02  0.1914054E+02
  0.6400306E+02  0.1062361E+02  0.4759494E-01
  0.6132834E+02  0.1354323E+02  0.3385159E+00
  0.4874702E+02  0.1677329E+02  0.1686006E+02
  0.5241807E+02  0.4952630E+01  0.9856711E+01
  0.5360402E+02  0.1011858E+02  0.2154104E+02
  0.4736469E+02  0.1929838E+02  0.1960343E+02
  0.3426296E+02  0.3571428E+01  0.1332170E+01
  0.5452576E+02  0.1511641E+02  0.1829040E+02
  0.4085562E+02  0.1725245E+02  0.1182796E+02
  0.4565151E+02  0.2150040E+02  0.3782030E+01
  0.5019744E+02  0.1054735E+02  0.1717191E+02
  0.5416933E+02  0.1478670E+02  0.1964530E+01
  0.5441792E+02  0.1019969E+02  0.1716023E+02
  0.4109329E+02  0.1784250E+02  0.9017717E+01
  0.5282243E+02  0.2591772E+01  0.1727076E+02
  0.4765431E+02  0.9457980E+01  0.1417769E+02
  0.4568043E+02  0.2464635E+01  0.1507548E+02
  0.4163157E+02  0.1097760E+01  0.1214926E+02
  0.5708908E+02  0.1499746E+02  0.2070892E+02
  0.5728448E+02  0.1773408E+02  0.1743230E+02
  0.5613847E+02  0.1639227E+02  0.1919908E+02
  0.5064411E+02  0.1683465E+02  0.1103935E+02
  0.5285975E+02  0.8753483E+01  0.1974192E+02
  0.5863565E+02  0.1903065E+02  0.1895544E+02
  0.5834730E+02  0.1629539E+02  0.3416751E+00
  0.5596815E+02  0.1907451E+02  0.2158021E+02
  0.5991624E+02  0.1468632E+02  0.1804400E+02
  0.6242723E+02  0.1759138E+02  0.1795634E+02
  0.6253917E+02  0.1488263E+02  0.2038609E+02
  0.5981158E+02  0.1757821E+02  0.2033566E+02
  0.6107356E+02  0.1618261E+02  0.1925018E+02
  0.6399910E+02  0.1896791E+02  0.1900351E+02
  0.6384593E+02  0.1621191E+02  0.2604929E+00
  0.6130796E+02  0.1865241E+02  0.2166516E+02
