         
  0.6515772E+02  0.0000000E+00  0.2171924E+02
  0.0000000E+00  0.0000000E+00  0.2171924E+02
  0.9371592E-01  0.2135890E+02  0.1632871E+01
  0.2841249E+01  0.2569633E+01  0.1698134E+01
  0.2809363E+01  0.2149113E+02  0.4049072E+01
  0.2096953E+00  0.2576322E+01  0.4301978E+01
  0.1476371E+01  0.1195462E+01  0.2762893E+01
  0.4521740E+01  0.3773474E+01  0.3015447E+01
  0.4066976E+01  0.1347740E+01  0.5353942E+01
  0.1495286E+01  0.3837301E+01  0.5699531E+01
  0.5629303E+01  0.2127539E+02  0.1035472E+01
  0.9227645E+01  0.3045494E+01  0.3546076E+01
  0.9336703E+01  0.1734854E+02  0.5508701E+01
  0.5859970E+01  0.2656750E+01  0.4525136E+01
  0.7595194E+01  0.1501966E+01  0.3523422E+01
  0.8147784E+01  0.9648521E+01  0.1978740E+02
  0.9626107E+01  0.1076887E+01  0.6809488E+01
  0.7239248E+01  0.4343746E+01  0.5746868E+01
  0.1925585E+02  0.4972545E+01  0.7902792E+01
  0.2998756E+02  0.1342290E+01  0.1439545E+02
  0.8105392E+01  0.2085841E+02  0.1969648E+02
  0.2232463E+02  0.9846952E+01  0.3885953E+00
  0.1008471E+02  0.2143956E+02  0.1211866E+02
  0.3993330E+02  0.1402887E+02  0.2015645E+02
  0.9311186E+01  0.9302484E+01  0.8197568E+01
  0.4079627E+02  0.1939727E+02  0.1192196E+02
  0.1303277E+02  0.1129222E+01  0.1106550E+02
  0.2005538E+02  0.1048870E+02  0.1170649E+01
  0.3523203E+02  0.1621693E+02  0.1581464E+02
  0.1392752E+02  0.1750702E+02  0.1793784E+02
  0.1414798E+02  0.2256401E+01  0.1492108E+02
  0.3128218E+02  0.9081208E+01  0.8067357E+01
  0.1229452E+02  0.2097608E+02  0.5674982E+01
  0.2860045E+02  0.5168079E+01  0.5399105E+01
  0.6515026E+02  0.5225768E+01  0.1474652E+01
  0.2864449E+01  0.7677865E+01  0.1522860E+01
  0.3045616E+01  0.5238003E+01  0.4230566E+01
  0.1102033E+00  0.7565988E+01  0.4288411E+01
  0.1318442E+01  0.6288104E+01  0.3031554E+01
  0.4163180E+01  0.9197896E+01  0.2862397E+01
  0.4194977E+01  0.6763215E+01  0.5732096E+01
  0.1376142E+01  0.9192909E+01  0.5457804E+01
  0.5748699E+01  0.4828043E+01  0.1321284E+01
  0.6749250E+01  0.6399738E+01  0.2773690E+01
  0.1192757E+02  0.1252518E+02  0.2051826E+01
  0.5436679E+01  0.7645669E+01  0.4154802E+01
  0.8952099E+01  0.8570457E+01  0.4178215E+01
  0.9916971E+01  0.9427722E+01  0.1657804E+01
  0.8345095E+01  0.4798743E+01  0.9590237E+01
  0.8509758E+01  0.1085110E+02  0.3234231E+01
  0.1028292E+02  0.9867042E+01  0.5955214E+01
  0.3456511E+02  0.1880463E+01  0.1578131E+02
  0.3116950E+02  0.6032812E+01  0.5476352E+00
  0.2054146E+02  0.6688585E+01  0.6633740E+01
  0.2417048E+02  0.1316103E+02  0.2102797E+02
  0.1423297E+02  0.1102751E+02  0.8774031E+01
  0.1953021E+02  0.7662962E+01  0.3510328E+01
  0.1071918E+02  0.1320362E+02  0.4109252E+01
  0.2876140E+02  0.7020944E+01  0.8022504E+01
  0.1331453E+02  0.2135751E+02  0.1822187E+02
  0.1715434E+02  0.1596821E+02  0.9692386E+01
  0.2666917E+02  0.1344477E+02  0.7872368E+01
  0.1676194E+02  0.2293346E+01  0.3395536E+00
  0.1378133E+02  0.2027790E+02  0.3929171E+01
  0.9086239E+01  0.1167938E+02  0.5289103E+01
  0.1205196E+02  0.2033847E+02  0.2012541E+02
  0.8729041E-01  0.1032827E+02  0.1422922E+01
  0.2902395E+01  0.1293257E+02  0.1329021E+01
  0.2663413E+01  0.1042180E+02  0.4245066E+01
  0.3182542E+00  0.1342206E+02  0.4202512E+01
  0.1476005E+01  0.1188162E+02  0.2887183E+01
  0.3958581E+01  0.1433418E+02  0.2887267E+01
  0.4159427E+01  0.1179545E+02  0.5573097E+01
  0.1431019E+01  0.1462304E+02  0.5523658E+01
  0.5436140E+01  0.1049542E+02  0.1309643E+01
  0.1229917E+02  0.1006491E+02  0.1294746E+02
  0.1243218E+02  0.1194012E+02  0.7226916E+01
  0.5187564E+01  0.1309613E+02  0.4187893E+01
  0.6672111E+01  0.1206997E+02  0.2471342E+01
  0.9488346E+01  0.1441003E+02  0.2476807E+01
  0.1719719E+02  0.9524789E+01  0.1621384E+02
  0.6907535E+01  0.1447218E+02  0.5412494E+01
  0.1088731E+02  0.1579808E+02  0.1262849E+01
  0.2736223E+02  0.1150117E+02  0.5181558E+01
  0.2160428E+02  0.2612887E+01  0.9337711E+00
  0.1369909E+02  0.1525567E+02  0.2632514E+01
  0.1022161E+02  0.1253433E+02  0.2043391E+02
  0.2213770E+02  0.8278801E+01  0.8820470E+01
  0.2792145E+02  0.1606843E+02  0.2015339E+02
  0.2848847E+02  0.3892698E+01  0.8453740E+01
  0.1666425E+02  0.1578952E+01  0.1207012E+02
  0.2378122E+02  0.1802199E+02  0.5246595E+01
  0.1320681E+02  0.2087801E+02  0.4675209E+00
  0.1748706E+02  0.1591277E+01  0.2799469E+01
  0.2920706E+02  0.1820005E+02  0.2748308E+01
  0.2752964E+02  0.7172930E+01  0.1821577E+02
  0.3315652E+02  0.3620268E+01  0.4531539E+01
  0.2928024E+02  0.2161947E+02  0.4075019E+01
  0.2042154E+00  0.1590382E+02  0.1750128E+01
  0.2910937E+01  0.1869625E+02  0.1710415E+01
  0.2876016E+01  0.1586899E+02  0.4303997E+01
  0.6512609E+02  0.1857127E+02  0.4340668E+01
  0.1576089E+01  0.1728124E+02  0.3037339E+01
  0.4442183E+01  0.2026900E+02  0.2834850E+01
  0.4400417E+01  0.1722885E+02  0.5457278E+01
  0.1505938E+01  0.1999522E+02  0.5518903E+01
  0.5458363E+01  0.1586607E+02  0.1620877E+01
  0.1068131E+02  0.2066692E+01  0.1976352E+02
  0.2151175E+02  0.1336628E+02  0.9294801E+01
  0.5737456E+01  0.1863185E+02  0.3866272E+01
  0.7209322E+01  0.1724501E+02  0.2438901E+01
  0.2078730E+02  0.3521907E+01  0.3678759E+01
  0.2744050E+02  0.9256171E+01  0.1059207E+02
  0.6592188E+01  0.2011566E+02  0.5616130E+01
  0.2439946E+02  0.1434757E+02  0.4795827E+01
  0.8559146E+01  0.1880616E+02  0.1063922E+01
  0.1341531E+02  0.1438484E+02  0.1366586E+02
  0.2098285E+02  0.1288150E+02  0.3319945E+01
  0.2467306E+02  0.9563494E+01  0.1730493E+02
  0.8115411E+01  0.1290374E+02  0.1764236E+02
  0.1467561E+02  0.1833093E+02  0.4725167E+01
  0.1003274E+02  0.2060584E+02  0.4477765E+01
  0.2382625E+02  0.8087553E+01  0.1900239E+02
  0.7771186E+01  0.2148987E+02  0.9569907E+01
  0.3282827E+02  0.1354504E+02  0.2063750E+02
  0.1663205E+02  0.4133879E+01  0.2488080E+01
  0.2011207E+02  0.4344149E+01  0.1774120E+01
  0.2313885E+02  0.7856373E+01  0.1580441E+01
  0.2134065E+02  0.1690639E+02  0.4085357E+01
  0.1576360E+02  0.4122641E+01  0.4807486E+01
  0.2032647E+00  0.2130586E+02  0.6732391E+01
  0.2858156E+01  0.2686731E+01  0.7005453E+01
  0.2904629E+01  0.2154825E+02  0.9431002E+01
  0.6489811E+02  0.2215360E+01  0.9458504E+01
  0.1558256E+01  0.1183723E+01  0.7990669E+01
  0.4178219E+01  0.4065183E+01  0.8235257E+01
  0.4358249E+01  0.1226762E+01  0.1071895E+02
  0.1387411E+01  0.3454379E+01  0.1063833E+02
  0.5353505E+01  0.2170185E+02  0.6853258E+01
  0.1077620E+02  0.7643438E+01  0.1114616E+02
  0.8405111E+01  0.7279384E+01  0.1086752E+02
  0.5658415E+01  0.2632659E+01  0.9617510E+01
  0.6722199E+01  0.1198187E+01  0.8465864E+01
  0.2514337E+02  0.4032082E+01  0.1910126E+02
  0.1236554E+02  0.1637027E+02  0.1464109E+02
  0.6636652E+01  0.3846738E+01  0.1120164E+02
  0.4164374E+02  0.1700955E+02  0.1415444E+02
  0.1667621E+02  0.1942954E+02  0.4083402E+01
  0.1827708E+02  0.2327366E+01  0.1398531E+02
  0.2267360E+02  0.2169940E+02  0.1255909E+02
  0.1141132E+02  0.6847068E+01  0.1528831E+02
  0.2572876E+02  0.8949066E+01  0.3128690E+01
  0.1452751E+02  0.1783257E+01  0.6606156E+01
  0.2244770E+02  0.1492155E+02  0.1922500E+02
  0.1545361E+02  0.1996573E+02  0.8034218E+01
  0.2412682E+02  0.1165661E+02  0.1801648E+02
  0.1260538E+02  0.1711919E+02  0.7255824E+01
  0.1224713E+02  0.1006397E+02  0.1515735E+01
  0.1679002E+02  0.1151770E+02  0.6837713E+01
  0.2666793E+02  0.2670209E+01  0.1762994E+02
  0.1965766E+02  0.2147040E+02  0.1944880E+02
  0.1322574E+02  0.2112759E+02  0.8109333E+01
  0.6506167E+02  0.5091338E+01  0.6753618E+01
  0.2556677E+01  0.8114267E+01  0.6806491E+01
  0.2812556E+01  0.5233859E+01  0.9557882E+01
  0.4471109E+00  0.7637689E+01  0.9616223E+01
  0.1440667E+01  0.6500793E+01  0.8039349E+01
  0.4157433E+01  0.9117549E+01  0.8295068E+01
  0.4232778E+01  0.6472356E+01  0.1123921E+02
  0.1500909E+01  0.9276115E+01  0.1101914E+02
  0.5599689E+01  0.5574339E+01  0.7037102E+01
  0.1280748E+02  0.3074647E+01  0.6990358E+01
  0.6908115E+01  0.6642707E+01  0.8600617E+01
  0.5450834E+01  0.8013920E+01  0.9775557E+01
  0.1125400E+02  0.7990011E+01  0.8809009E+01
  0.1717133E+02  0.2123920E+02  0.1728070E+01
  0.2048675E+02  0.4523248E+00  0.6758864E-01
  0.7017616E+01  0.9289119E+01  0.1138910E+02
  0.2619987E+02  0.1089810E+02  0.7424217E+01
  0.8290512E+01  0.1300699E+02  0.9303802E+00
  0.1800051E+02  0.7053347E+01  0.7961073E+00
  0.1448806E+02  0.4487480E+01  0.1689862E+02
  0.1032812E+02  0.4372067E+01  0.8235491E+01
  0.9424932E+01  0.3728581E+01  0.1367405E+02
  0.2045694E+02  0.1005859E+02  0.8864071E+01
  0.3048422E+02  0.1682251E+02  0.1401439E+02
  0.1647949E+02  0.2122871E+02  0.1335266E+02
  0.1520623E+02  0.1968881E+02  0.6998285E+00
  0.1355310E+02  0.3222779E+01  0.4671475E+01
  0.4553573E+02  0.4255712E+01  0.6468432E+01
  0.2464145E+02  0.7160575E+01  0.5913583E+01
  0.1293683E+02  0.2158019E+02  0.1457062E+02
  0.2340644E+02  0.2156024E+02  0.7320462E+01
  0.9935801E+01  0.1396126E+02  0.1372214E+02
  0.1701851E+00  0.1063354E+02  0.6955618E+01
  0.2640108E+01  0.1307354E+02  0.6978747E+01
  0.2884496E+01  0.1046833E+02  0.9685402E+01
  0.1577185E+00  0.1321884E+02  0.9848695E+01
  0.1568424E+01  0.1183542E+02  0.8432967E+01
  0.4135438E+01  0.1469235E+02  0.8101795E+01
  0.4294267E+01  0.1183444E+02  0.1098849E+02
  0.1593759E+01  0.1466184E+02  0.1114532E+02
  0.5480275E+01  0.1037084E+02  0.6860564E+01
  0.1807397E+02  0.1024238E+02  0.8474398E+01
  0.6642422E+01  0.8857622E+01  0.5162793E+01
  0.5508345E+01  0.1328149E+02  0.9512011E+01
  0.6993849E+01  0.1198254E+02  0.8173134E+01
  0.8223913E+01  0.1620050E+02  0.9720889E+01
  0.8002896E+01  0.1051076E+02  0.9598220E+01
  0.6960797E+01  0.1450502E+02  0.1109496E+02
  0.1088633E+02  0.2352267E+01  0.1797810E+01
  0.1466427E+02  0.1161156E+02  0.1792458E+02
  0.1593905E+02  0.5686330E+01  0.1841426E+02
  0.2255543E+02  0.6465777E+01  0.1496654E+02
  0.1704132E+02  0.3892748E+01  0.1943757E+02
  0.1634160E+02  0.3012769E+01  0.1721288E+02
  0.2147482E+02  0.7747933E+01  0.1815142E+02
  0.8251503E+01  0.1576921E+02  0.3831087E+01
  0.1671837E+02  0.1052910E+02  0.1851006E+02
  0.2124495E+02  0.9298377E+01  0.2008579E+02
  0.3036358E+02  0.8109340E+01  0.1645703E+00
  0.3046178E+02  0.1292092E+02  0.8361498E+01
  0.2600304E+02  0.1076288E+02  0.9825679E+01
  0.3344251E+02  0.1153737E+02  0.5709461E+01
  0.3208066E+02  0.1574377E+02  0.2904099E+01
  0.3412697E+02  0.9211779E+01  0.1273771E+02
  0.4853061E-01  0.1597213E+02  0.7044925E+01
  0.2896867E+01  0.1882451E+02  0.6596720E+01
  0.2992501E+01  0.1590470E+02  0.9526657E+01
  0.1401997E+00  0.1870540E+02  0.9695052E+01
  0.1507593E+01  0.1747476E+02  0.8207185E+01
  0.4107426E+01  0.2004074E+02  0.8182531E+01
  0.3977996E+01  0.1742540E+02  0.1101797E+02
  0.1570978E+01  0.2012643E+02  0.1096063E+02
  0.5789410E+01  0.1582912E+02  0.6787073E+01
  0.2046000E+02  0.1308320E+01  0.1750688E+02
  0.1117878E+02  0.1598397E+02  0.1114573E+02
  0.5333446E+01  0.1868013E+02  0.9603631E+01
  0.6764934E+01  0.1724402E+02  0.8313728E+01
  0.8207239E+01  0.1882714E+02  0.6900454E+01
  0.8238510E+01  0.1891342E+02  0.1249081E+02
  0.6613896E+01  0.1995421E+02  0.1109680E+02
  0.2054362E+02  0.1516332E+02  0.2436256E+01
  0.1538146E+02  0.6908029E+01  0.1008993E+02
  0.1841342E+02  0.1365792E+02  0.2083240E+02
  0.1927789E+02  0.1378642E+02  0.1484543E+02
  0.6732336E+01  0.1163110E+02  0.1381895E+02
  0.2303955E+02  0.1502455E+02  0.1589647E+02
  0.2332182E+02  0.1474470E+01  0.1092849E+02
  0.1569112E+02  0.2153771E+02  0.3282417E+01
  0.1160737E+02  0.1066620E+01  0.1312756E+02
  0.2066022E+02  0.1140998E+02  0.1877857E+02
  0.1304293E+02  0.7913115E+01  0.1179437E+02
  0.2137796E+02  0.2131479E+01  0.6674557E+01
  0.1225201E+02  0.1951611E+02  0.2154446E+01
  0.8071044E+01  0.1302777E+02  0.1237383E+02
  0.1115100E+02  0.1269660E+02  0.9501395E+01
  0.1887970E+02  0.1571145E+02  0.1631172E+02
  0.8346744E-01  0.2126701E+02  0.1223895E+02
  0.2888297E+01  0.2148465E+01  0.1211452E+02
  0.2838579E+01  0.2121448E+02  0.1488286E+02
  0.1163548E+00  0.2408244E+01  0.1481215E+02
  0.1455177E+01  0.7868796E+00  0.1354203E+02
  0.3930265E+01  0.3685995E+01  0.1357544E+02
  0.3810353E+01  0.8938839E+00  0.1655303E+02
  0.1370859E+01  0.3585396E+01  0.1618312E+02
  0.5366692E+01  0.2138713E+02  0.1241407E+02
  0.1263701E+02  0.1721795E+01  0.8974954E+01
  0.8097918E+01  0.2140747E+02  0.1535573E+02
  0.5188506E+01  0.2284101E+01  0.1515243E+02
  0.6672291E+01  0.1062633E+01  0.1384387E+02
  0.1204243E+02  0.5807793E+01  0.1134533E+01
  0.1123188E+02  0.1563266E+02  0.1786051E+02
  0.6522506E+01  0.3877859E+01  0.1628726E+02
  0.1535556E+02  0.1907475E+02  0.1293363E+02
  0.2235131E+02  0.2059360E+02  0.8653851E-01
  0.2779908E+02  0.1865126E+02  0.1959483E+02
  0.2083173E+02  0.1536003E+02  0.8433449E+01
  0.1223593E+02  0.1347045E+02  0.1149987E+02
  0.2610072E+02  0.8431363E+00  0.1090698E+02
  0.9099428E+01  0.1457100E+01  0.1072166E+02
  0.1503126E+02  0.9014385E+01  0.1089072E+02
  0.3761607E+02  0.5370828E-01  0.2122602E+02
  0.1346155E+02  0.1202192E+02  0.2000376E+02
  0.1919025E+02  0.9098334E+01  0.1322682E+02
  0.1693386E+02  0.1551914E+02  0.3597558E-01
  0.2509735E+02  0.1073231E+01  0.1709204E+02
  0.3349171E+02  0.1001836E+02  0.8382555E+01
  0.2858739E+02  0.3300331E+01  0.1928514E+02
  0.1546607E+02  0.9246979E+00  0.1778035E+02
  0.2026737E+00  0.4981380E+01  0.1236019E+02
  0.2949743E+01  0.7755036E+01  0.1267430E+02
  0.2703339E+01  0.5062077E+01  0.1492820E+02
  0.9412714E-01  0.7684061E+01  0.1528756E+02
  0.1471679E+01  0.6358047E+01  0.1384541E+02
  0.4283600E+01  0.9233608E+01  0.1398807E+02
  0.3982686E+01  0.6628328E+01  0.1645057E+02
  0.1354258E+01  0.9046684E+01  0.1642389E+02
  0.5486177E+01  0.5185380E+01  0.1263357E+02
  0.8713821E+01  0.8268700E+01  0.1325788E+02
  0.8181916E+01  0.5215799E+01  0.1503986E+02
  0.5453868E+01  0.7655722E+01  0.1508899E+02
  0.6891843E+01  0.6541119E+01  0.1362162E+02
  0.9978643E+01  0.9677937E+01  0.1195461E+02
  0.1363216E+02  0.9806054E+01  0.2111765E+02
  0.6896603E+01  0.8896264E+01  0.1649864E+02
  0.9623660E+01  0.6107113E+01  0.1674331E+02
  0.2271177E+02  0.2315141E+01  0.3016628E+01
  0.2181675E+02  0.1392638E+02  0.5230830E+01
  0.9491669E+01  0.5894604E+01  0.4964967E+00
  0.2112404E+02  0.9791690E+01  0.3521584E+01
  0.2994208E+02  0.4390939E+01  0.1025960E+02
  0.9376910E+01  0.1173721E+02  0.1087563E+02
  0.1829288E+02  0.1495801E+02  0.5008864E+01
  0.8595441E+01  0.5294889E+01  0.3947238E+01
  0.1716648E+02  0.2046234E+02  0.2122823E+02
  0.2081635E+02  0.7931175E+01  0.1164512E+02
  0.1187709E+02  0.1383061E+02  0.5896442E+01
  0.1816543E+02  0.4951011E+01  0.1297270E+02
  0.8221562E+01  0.4201475E-01  0.5243357E+01
  0.1362307E+02  0.1439214E+01  0.2715860E+00
  0.2884309E+02  0.5255293E+01  0.1240042E+02
  0.6509890E+02  0.1057323E+02  0.1242976E+02
  0.2619533E+01  0.1316201E+02  0.1245996E+02
  0.2783028E+01  0.1058023E+02  0.1513902E+02
  0.6499883E+02  0.1319658E+02  0.1516260E+02
  0.1232530E+01  0.1184340E+02  0.1388707E+02
  0.4232468E+01  0.1429532E+02  0.1372286E+02
  0.4043532E+01  0.1176384E+02  0.1656920E+02
  0.1413486E+01  0.1434177E+02  0.1662041E+02
  0.5445957E+01  0.1047590E+02  0.1239678E+02
  0.1377629E+02  0.1297039E+02  0.1553505E+02
  0.8059484E+01  0.9934508E+01  0.1498870E+02
  0.5508015E+01  0.1308962E+02  0.1513761E+02
  0.1019676E+02  0.1644047E+02  0.1345811E+02
  0.1687737E+02  0.1341026E+02  0.1421074E+02
  0.9868422E+01  0.1281514E+02  0.1578594E+02
  0.6830806E+01  0.1442794E+02  0.1641855E+02
  0.1672723E+02  0.1174368E+02  0.1274656E+02
  0.2621811E+02  0.6772301E+01  0.4051631E+01
  0.2391571E+02  0.5287867E+01  0.7085664E+01
  0.1176416E+02  0.1383245E+02  0.1563214E+00
  0.2089759E+02  0.8711390E+01  0.5413078E+01
  0.3162370E+02  0.9888965E+01  0.1272485E+02
  0.1286007E+02  0.9373833E+01  0.7730457E+01
  0.1401809E+02  0.1772828E+02  0.1505952E+00
  0.2774199E+02  0.1482946E+02  0.2972418E+01
  0.4224771E+02  0.1599187E+02  0.3159944E+00
  0.3191555E+02  0.2008584E+02  0.5394669E+01
  0.1903395E+02  0.1150811E+02  0.1229512E+02
  0.4176478E+02  0.8811788E+01  0.6514995E+01
  0.4437927E+02  0.2050174E+02  0.2373483E+01
  0.5279153E+02  0.8471565E+01  0.1909947E+02
  0.1197822E+02  0.3120938E+01  0.2151028E+02
  0.6509453E+02  0.1607148E+02  0.1240716E+02
  0.2717792E+01  0.1879906E+02  0.1264746E+02
  0.2802261E+01  0.1556868E+02  0.1512634E+02
  0.6513420E+02  0.1838203E+02  0.1511638E+02
  0.1455957E+01  0.1717899E+02  0.1383621E+02
  0.4198412E+01  0.1997803E+02  0.1356875E+02
  0.4284440E+01  0.1721841E+02  0.1641514E+02
  0.1454518E+01  0.2003219E+02  0.1622247E+02
  0.5315512E+01  0.1590667E+02  0.1222922E+02
  0.1001291E+02  0.2029229E+02  0.9997648E+01
  0.8074431E+01  0.1552995E+02  0.1458423E+02
  0.5657048E+01  0.1861506E+02  0.1485326E+02
  0.6944267E+01  0.1725147E+02  0.1336258E+02
  0.2683253E+02  0.1491680E+02  0.1273128E+02
  0.1630159E+02  0.1798880E+02  0.6802124E+01
  0.6917063E+01  0.1986061E+02  0.1655475E+02
  0.1800787E+02  0.1375845E+02  0.8684643E+01
  0.1344184E+02  0.1692149E+02  0.1045359E+02
  0.1328392E+02  0.8423155E+01  0.1833661E+02
  0.1744817E+02  0.2137693E+02  0.1798879E+02
  0.2017152E+02  0.1081793E+02  0.6528017E+01
  0.1826646E+02  0.2009281E+02  0.1452059E+02
  0.2575079E+02  0.1753250E+01  0.5148612E+01
  0.1255032E+02  0.1715990E+02  0.2232861E+01
  0.1148181E+02  0.1814512E+02  0.1827567E+02
  0.3209538E+02  0.1810989E+02  0.1901443E+02
  0.2300371E+02  0.4327344E+01  0.2165545E+02
  0.1696690E+02  0.7554727E+01  0.6621281E+01
  0.1002764E+02  0.1680771E+02  0.1581917E+02
  0.2149372E+02  0.1157344E+02  0.1261859E+02
  0.1641282E+02  0.9620145E+01  0.5464307E+01
  0.2173135E+02  0.1861522E+02  0.1362889E+02
  0.6507694E+02  0.2130442E+02  0.1756422E+02
  0.2705460E+01  0.2277343E+01  0.1793278E+02
  0.2505654E+01  0.2137598E+02  0.2045562E+02
  0.6052604E-01  0.2267644E+01  0.2060668E+02
  0.1050725E+01  0.9974748E+00  0.1914112E+02
  0.4087628E+01  0.3745070E+01  0.1920040E+02
  0.3633255E+01  0.9892714E+00  0.2797120E+00
  0.1558268E+01  0.3833158E+01  0.2344749E+00
  0.5381933E+01  0.2133238E+02  0.1762343E+02
  0.1207376E+02  0.5057377E+01  0.1403270E+02
  0.1259546E+02  0.5004167E+01  0.2049224E+02
  0.5142685E+01  0.1804918E+01  0.2026231E+02
  0.6821812E+01  0.8876056E+00  0.1888064E+02
  0.3210770E+02  0.1528694E+02  0.1018786E+02
  0.1052530E+02  0.2221800E+01  0.1514294E+02
  0.6523748E+01  0.2896590E+01  0.1186209E+00
  0.1619105E+02  0.2330795E+01  0.8600767E+01
  0.1311945E+02  0.1632396E+02  0.4686912E+01
  0.3981954E+02  0.2147956E+02  0.7835178E+00
  0.2516035E+02  0.2610400E+01  0.9712773E+01
  0.1915612E+02  0.7611386E+01  0.1016880E+02
  0.2058674E+02  0.2133561E+02  0.1017057E+02
  0.1121667E+02  0.1882009E+02  0.6348478E+01
  0.1150416E+02  0.9135964E+01  0.1527089E+02
  0.2402930E+02  0.1091383E+02  0.6689635E+01
  0.1489487E+02  0.9303572E+01  0.1513585E+02
  0.2792434E+02  0.1799096E+02  0.1716505E+02
  0.3121581E+02  0.1762998E+02  0.5249528E+01
  0.1530005E+02  0.1620178E+02  0.1440297E+01
  0.5194829E+02  0.9909604E+01  0.1569354E+02
  0.1475897E+02  0.4271299E+01  0.7788029E+01
  0.1558661E+02  0.1457218E+02  0.1968407E+02
  0.2314213E+00  0.5165716E+01  0.1760530E+02
  0.2915598E+01  0.7843609E+01  0.1785480E+02
  0.2760923E+01  0.5066521E+01  0.2057574E+02
  0.6497334E+02  0.7740305E+01  0.2064009E+02
  0.1497030E+01  0.6646817E+01  0.1933293E+02
  0.4292419E+01  0.9207945E+01  0.1913822E+02
  0.4263030E+01  0.6366986E+01  0.2163297E+02
  0.1506037E+01  0.8937839E+01  0.1627670E+00
  0.5370727E+01  0.4997129E+01  0.1771912E+02
  0.8207765E+01  0.7719906E+01  0.1800649E+02
  0.8048346E+01  0.4443575E+01  0.2090971E+02
  0.5427728E+01  0.7558235E+01  0.2026338E+02
  0.7006963E+01  0.6115230E+01  0.1928193E+02
  0.8034759E+01  0.7683795E+01  0.6874205E+01
  0.1595015E+02  0.7083991E+01  0.1441879E+02
  0.6789052E+01  0.8995498E+01  0.3250110E-01
  0.1852861E+02  0.1934173E+02  0.1971817E+02
  0.2500998E+02  0.1207301E+02  0.4853111E+01
  0.9568573E+01  0.8587198E+00  0.1694095E+02
  0.1839121E+02  0.1215099E+02  0.1830097E+02
  0.3366446E+02  0.1152167E+02  0.1437551E+00
  0.9565393E+01  0.1458262E+02  0.8609475E+01
  0.1599779E+02  0.7053601E+01  0.2097624E+02
  0.1394223E+02  0.8161139E+01  0.2185206E+01
  0.2860466E+02  0.2136580E+02  0.1539575E+02
  0.3045316E+02  0.1164626E+02  0.4508739E+01
  0.1700801E+02  0.1755032E+02  0.2529567E+01
  0.3606433E+02  0.1922184E+02  0.9673475E+01
  0.1759212E+02  0.1725147E+02  0.4888176E+01
  0.9822026E+01  0.7089512E+00  0.1124800E+01
  0.1760727E+02  0.4341611E+01  0.9430098E+01
  0.2593895E+02  0.1462521E+02  0.1242757E+01
  0.6505571E+02  0.1056819E+02  0.1791416E+02
  0.2639776E+01  0.1322480E+02  0.1787599E+02
  0.2722805E+01  0.1030813E+02  0.2041691E+02
  0.6497036E+02  0.1335115E+02  0.2057653E+02
  0.1379555E+01  0.1202499E+02  0.1930811E+02
  0.4028358E+01  0.1477338E+02  0.1909824E+02
  0.4083428E+01  0.1186986E+02  0.2142224E+02
  0.1437834E+01  0.1459810E+02  0.1924400E+00
  0.5496212E+01  0.1046031E+02  0.1756916E+02
  0.9558677E+01  0.1425081E+02  0.1899218E+02
  0.1083908E+02  0.6387031E+01  0.2038036E+02
  0.5578476E+01  0.1324234E+02  0.2030754E+02
  0.6884772E+01  0.1153485E+02  0.1929759E+02
  0.8254980E+01  0.1589939E+02  0.2026321E+02
  0.1250651E+02  0.1014590E+02  0.5608068E+01
  0.6921151E+01  0.1487800E+02  0.5139923E-01
  0.1085923E+02  0.4495829E+01  0.1196650E+02
  0.3175045E+02  0.9749387E+01  0.5522326E+01
  0.2055072E+02  0.2169766E+02  0.1458575E+02
  0.1303019E+02  0.1002553E+02  0.1652549E+02
  0.1515106E+02  0.2169877E+02  0.1539270E+02
  0.2533966E+02  0.1972729E+02  0.5446909E+01
  0.2844900E+02  0.7068323E+01  0.3932379E+01
  0.2400361E+02  0.6798094E+01  0.9330131E+01
  0.1122683E+02  0.4908933E+01  0.1837720E+02
  0.2163451E+02  0.1793535E+02  0.1056523E+02
  0.2459734E+02  0.1462007E+02  0.1364793E+02
  0.1420159E+02  0.1624436E+02  0.1629901E+02
  0.2316088E+02  0.1858417E+01  0.8617894E+01
  0.1521672E+02  0.9099931E+01  0.1957144E+02
  0.2652862E+02  0.1911541E+02  0.1538838E+02
  0.2135828E+02  0.1655988E+02  0.1648192E+02
  0.6512300E+02  0.1580840E+02  0.1787287E+02
  0.2819550E+01  0.1858461E+02  0.1764332E+02
  0.2612557E+01  0.1599748E+02  0.2044502E+02
  0.1228011E+00  0.1857263E+02  0.2052066E+02
  0.1436877E+01  0.1722836E+02  0.1914200E+02
  0.3990328E+01  0.2000827E+02  0.1887169E+02
  0.4178848E+01  0.1740772E+02  0.1101636E+00
  0.1417202E+01  0.1984907E+02  0.2357194E+00
  0.5613977E+01  0.1596784E+02  0.1773751E+02
  0.1182433E+02  0.1804118E+02  0.2089631E+02
  0.8704377E+01  0.1895519E+02  0.1806831E+02
  0.5178477E+01  0.1859397E+02  0.2009558E+02
  0.6978663E+01  0.1751019E+02  0.1892434E+02
  0.7526874E+01  0.1240566E+01  0.1222170E+01
  0.1347277E+02  0.1886384E+02  0.8710567E+01
  0.6725839E+01  0.1976161E+02  0.2150888E+02
  0.8023924E+01  0.2653764E+01  0.1248739E+02
  0.2355420E+02  0.1286732E+02  0.1232136E+02
  0.1666364E+02  0.2036458E+02  0.1000677E+02
  0.1833478E+02  0.2155035E+02  0.8920723E+01
  0.3271065E+02  0.4410042E+01  0.2138034E+02
  0.3463805E+02  0.1782471E+02  0.1911483E+02
  0.2754402E+02  0.9050291E+01  0.1479530E+02
  0.2512672E+02  0.1865464E+02  0.1939224E+00
  0.1763992E+02  0.9328955E+01  0.3294778E+01
  0.1168457E+02  0.1328316E+02  0.1691218E+02
  0.1662425E+02  0.1221254E+02  0.2020877E+02
  0.2188621E+02  0.1430172E+02  0.1144281E+02
  0.1617647E+02  0.1151817E+02  0.8406022E+00
  0.1627008E+02  0.1082634E+02  0.1001904E+02
  0.2514630E+02  0.8526330E+01  0.1278086E+02
  0.3671647E+02  0.1431568E+02  0.1627537E+02
  0.3962949E+02  0.9780086E+01  0.1467083E+02
  0.4570250E+02  0.1483878E+02  0.2554526E+01
  0.2061515E+02  0.2011199E+02  0.1616527E+01
  0.2653804E+02  0.1020453E+02  0.1326900E+02
  0.4359371E+02  0.8347415E+01  0.1278797E+02
  0.4283999E+02  0.1307514E+02  0.1146645E+02
  0.4858363E+02  0.1800592E+02  0.7446678E+01
  0.3395864E+02  0.1684446E+02  0.1387545E+02
  0.4782083E+02  0.4014787E+00  0.1820152E+02
  0.2591303E+02  0.1304548E+02  0.1917185E+02
  0.2561367E+02  0.4084094E+01  0.1334049E+02
  0.4366220E+02  0.6371783E+01  0.3802151E+01
  0.2596558E+02  0.6297366E+01  0.1260421E+02
  0.5346290E+02  0.1215242E+02  0.1153269E+02
  0.2766485E+02  0.1811506E+02  0.1184295E+02
  0.4255579E+02  0.1444131E+02  0.4453136E+01
  0.2831195E+02  0.1203773E+02  0.8849849E+00
  0.2943217E+02  0.1033534E+02  0.6519206E+01
  0.4818093E+02  0.1770345E+02  0.1213830E+02
  0.1495495E+02  0.1520748E+02  0.9400120E+01
  0.2805460E+02  0.5693614E+01  0.1632658E+02
  0.2191136E+02  0.4735950E+01  0.1271042E+02
  0.3209229E+02  0.1314566E+02  0.4646054E+01
  0.2678428E+02  0.1160686E+01  0.2719791E+01
  0.5134921E+02  0.1403925E+02  0.1449885E+02
  0.1517057E+02  0.6107422E+01  0.6002695E+01
  0.4104054E+02  0.1406901E+02  0.1570105E+02
  0.3368385E+02  0.8557008E+01  0.1861860E+02
  0.2102434E+02  0.6489895E+01  0.1237803E+01
  0.3389138E+02  0.7302646E+01  0.2095515E+02
  0.5074738E+02  0.1418922E+02  0.9306326E+01
  0.3765816E+02  0.1637263E+02  0.1489962E+02
  0.2642696E+02  0.2788387E+01  0.2095237E+02
  0.3150207E+02  0.7686544E+01  0.1146904E+02
  0.2889037E+02  0.1708843E+02  0.5006607E+01
  0.2478976E+02  0.1398220E+01  0.3492023E+00
  0.5429505E+02  0.7436525E+01  0.9804477E+01
  0.4033522E+02  0.1301075E+02  0.1196301E+02
  0.3298241E+02  0.7622070E+01  0.1443928E+01
  0.2472765E+02  0.1646821E+02  0.1638345E+01
  0.4186398E+02  0.2051419E+02  0.1962686E+01
  0.4903263E+02  0.9095174E+00  0.4695613E+01
  0.4296560E+02  0.1944488E+02  0.4128204E+01
  0.3038360E+02  0.1648193E+01  0.5201417E+01
  0.4277242E+02  0.1096229E+02  0.6332116E+01
  0.3960137E+02  0.1409540E+02  0.1390612E+02
  0.1390915E+02  0.4946865E+01  0.1006888E+02
  0.2208662E+02  0.9793538E+01  0.1079293E+02
  0.3288853E+02  0.2703192E+01  0.2550943E+01
  0.5248377E+02  0.6800943E+01  0.1306255E+02
  0.4585330E+02  0.1774653E+02  0.1926835E+02
  0.2690645E+02  0.3700555E+01  0.1543768E+02
  0.3143441E+02  0.1296477E+02  0.1051493E+02
  0.2800070E+02  0.8802402E+00  0.1884886E+02
  0.3016857E+02  0.1761208E+02  0.1617765E+02
  0.3749278E+02  0.3368486E+01  0.8366021E+01
  0.2362713E+02  0.1625076E+02  0.3659998E+01
  0.3973351E+02  0.9329547E+01  0.7312509E+01
  0.3735778E+02  0.1182361E+02  0.2086454E+02
  0.3986642E+02  0.5378327E+01  0.6191383E+01
  0.1538927E+02  0.1791773E+01  0.2029407E+02
  0.3381928E+02  0.4311565E+01  0.1349204E+02
  0.2120563E+02  0.5518630E+01  0.2023487E+02
  0.5197548E+02  0.2094291E+02  0.1835864E+02
  0.3371771E+02  0.1376631E+02  0.2999209E+01
  0.2765512E+02  0.4750399E+01  0.3141204E+01
  0.1698428E+02  0.1734810E+02  0.1935435E+02
  0.1956377E+02  0.1838048E+02  0.2171547E+02
  0.3916659E+02  0.1512616E+02  0.4847386E+00
  0.1783630E+02  0.3976076E+01  0.6021822E+01
  0.4580346E+02  0.9435852E+00  0.1467985E+02
  0.3932576E+02  0.2050281E+02  0.8698634E+01
  0.4173377E+02  0.7983957E+01  0.1419068E+02
  0.2083853E+02  0.1966051E+01  0.9258566E+01
  0.2438419E+02  0.2080555E+02  0.1317935E+01
  0.1723096E+02  0.1496902E+02  0.1221604E+02
  0.2701904E+02  0.9208066E+01  0.1708615E+02
  0.4163323E+02  0.1658168E+02  0.1879039E+02
  0.3702341E+02  0.1868231E+01  0.2437084E+01
  0.4144219E+02  0.1319368E+02  0.6275508E+01
  0.2816638E+02  0.1233126E+02  0.3158075E+01
  0.1947064E+02  0.7307618E+01  0.2065729E+02
  0.3812003E+02  0.5429798E+01  0.2041038E+02
  0.3073813E+02  0.3637407E+01  0.1795988E+02
  0.4311860E+02  0.1966442E+02  0.1141200E+02
  0.3724207E+02  0.4331304E+01  0.2590714E+01
  0.2505938E+02  0.1292526E+02  0.1045977E+02
  0.3467177E+02  0.2092329E+02  0.1793583E+02
  0.9691581E+01  0.1798603E+02  0.1086846E+02
  0.3904521E+02  0.8777721E+01  0.1179371E+02
  0.4225613E+02  0.5072154E+01  0.5430210E+01
  0.4242352E+02  0.4181345E+01  0.9101404E+01
  0.4028626E+02  0.2135958E+02  0.2009989E+02
  0.5129269E+02  0.2170091E+02  0.2058000E+02
  0.4348033E+02  0.5515015E+01  0.7432440E+01
  0.2482761E+02  0.6313310E+01  0.1588823E+02
  0.2357118E+02  0.1280228E+02  0.1585864E+02
  0.2241155E+02  0.1676157E+02  0.7074467E+01
  0.2425862E+02  0.7474688E+01  0.2113588E+02
  0.2385305E+02  0.1891381E+02  0.1051299E+02
  0.3226624E+02  0.9561653E+01  0.9927147E-01
  0.1950004E+02  0.1820762E+02  0.1390522E+02
  0.2438257E+02  0.1527074E+02  0.7075792E+01
  0.3125891E+02  0.5666163E+00  0.2990506E+01
  0.2856228E+02  0.1208032E+02  0.8815761E+01
  0.4611834E+02  0.1821360E+02  0.1104528E+02
  0.5207416E+02  0.3761675E+01  0.1525864E+02
  0.4161562E+02  0.1278441E+02  0.2082700E+02
  0.4546776E+02  0.1992095E+02  0.2051667E+02
  0.2347218E+02  0.1685326E+02  0.1356693E+02
  0.1528997E+02  0.3190826E+01  0.1313866E+02
  0.5078300E+02  0.3536861E+01  0.1314660E+02
  0.1327753E+02  0.3309734E+01  0.1169063E+02
  0.2853585E+02  0.8027443E+01  0.2042643E+02
  0.2878600E+02  0.1715835E+02  0.8397889E+01
  0.3188445E+02  0.7703633E+01  0.3960199E+01
  0.4755954E+02  0.9062558E+01  0.1413036E+02
  0.1659619E+02  0.1877206E+02  0.1583411E+02
  0.5397700E+02  0.1881812E+02  0.1687055E+02
  0.4229727E+02  0.1762333E+01  0.9327683E+00
  0.2831226E+02  0.1173990E+02  0.1272993E+02
  0.4572782E+02  0.4775304E+01  0.1678903E+01
  0.3682203E+02  0.1594359E+02  0.1615969E+01
  0.3584329E+02  0.3718855E+01  0.1658529E+02
  0.3862397E+02  0.2027512E+00  0.7010457E+01
  0.2888294E+02  0.4816293E+01  0.2109129E+02
  0.1462413E+02  0.1959202E+02  0.1695962E+02
  0.2842979E+02  0.1931480E+02  0.1383898E+02
  0.1642384E+02  0.1335339E+02  0.5150112E+01
  0.2256123E+02  0.2040175E+02  0.1455945E+02
  0.1474472E+02  0.1586969E+02  0.1231189E+02
  0.1059311E+02  0.1564506E+02  0.6847134E+01
  0.3246168E+02  0.1793210E+02  0.1529687E+02
  0.2926656E+02  0.6909017E+00  0.1005845E+02
  0.5360320E+02  0.1386269E+01  0.1558084E+02
  0.1034917E+02  0.9861805E+01  0.1845555E+02
  0.8300752E+01  0.1338585E+02  0.7050579E+01
  0.4915686E+02  0.1209144E+02  0.1842855E+01
  0.4601842E+02  0.1622276E+02  0.2134246E+02
  0.3852540E+02  0.1035817E+02  0.3587323E+01
  0.1034852E+02  0.1905031E+02  0.1624268E+02
  0.5009052E+02  0.2029442E+02  0.4975769E+01
  0.4035394E+02  0.6817466E+01  0.1222908E+02
  0.2736700E+02  0.1386478E+02  0.2113195E+02
  0.9033581E+01  0.1090733E+02  0.2169101E+02
  0.4515903E+02  0.1415954E+02  0.9458606E+01
  0.3473719E+02  0.1845440E+02  0.1126622E+02
  0.3747106E+02  0.1784967E+02  0.2167024E+02
  0.3826068E+02  0.7015898E+00  0.1377032E+02
  0.2971817E+02  0.1472500E+02  0.4727961E+01
  0.3249904E+02  0.2118437E+02  0.2121271E+02
  0.3092509E+02  0.1988174E+02  0.1999592E+02
  0.1890264E+02  0.2459260E+01  0.4538485E+01
  0.2877171E+02  0.6445269E+00  0.6370570E+01
  0.1389842E+02  0.7724423E+01  0.4668353E+01
  0.3456153E+02  0.1391457E+02  0.1504473E+02
  0.3572750E+02  0.2004742E+02  0.1598549E+02
  0.3308078E+02  0.1643493E+02  0.4713273E+01
  0.4152510E+02  0.1969977E+02  0.1733104E+02
  0.3846626E+02  0.1146410E+02  0.1291490E+01
  0.1413530E+02  0.1114521E+02  0.1394967E+02
  0.1873736E+02  0.2020038E+02  0.3092379E+01
  0.1929582E+02  0.6630979E+01  0.1825170E+02
  0.3041583E+02  0.1089541E+02  0.1924650E+02
  0.4486674E+02  0.1440584E+02  0.4804940E+01
  0.3570814E+02  0.5846077E+01  0.1065293E+02
  0.2150397E+02  0.1335170E+02  0.1752790E+02
  0.1885713E+02  0.2106655E+00  0.1628759E+02
  0.4111152E+02  0.1084405E+02  0.1586560E+02
  0.4492990E+02  0.4502478E+01  0.4218941E+01
  0.3390788E+02  0.1320725E+01  0.1357248E+02
  0.2027899E+02  0.1954048E+02  0.1192148E+02
  0.4000812E+02  0.2055686E+02  0.3749507E+01
  0.3085386E+02  0.1924731E+02  0.1302434E+02
  0.3149923E+02  0.9212924E+01  0.1500135E+02
  0.4035955E+02  0.2158256E+02  0.1071420E+02
  0.3453326E+02  0.9606580E+01  0.1043955E+02
  0.1550820E+02  0.1701291E+02  0.1443127E+02
  0.2992625E+02  0.2406207E+01  0.1165001E+02
  0.5203921E+02  0.5696093E+01  0.4890723E+01
  0.1844559E+02  0.5758783E+01  0.2708173E+01
  0.4223100E+02  0.3416912E+01  0.1966366E+02
  0.1946921E+02  0.1292859E+02  0.1034882E+02
  0.3663787E+02  0.7175914E+01  0.1551719E+02
  0.3577876E+02  0.1389447E+02  0.6322480E+01
  0.1961159E+02  0.1430752E+02  0.1235091E+02
  0.1010353E+02  0.1064576E-02  0.2060403E+02
  0.1748301E+02  0.5881200E+01  0.1105262E+02
  0.5134333E+02  0.1846227E+02  0.2321152E+01
  0.1148720E+02  0.1180597E+02  0.1851697E+02
  0.4330362E+02  0.1891725E+02  0.1374278E+02
  0.1391249E+02  0.6273487E+01  0.1324229E+02
  0.3998305E+02  0.3432974E+01  0.7636429E+01
  0.3627646E+02  0.1702414E+02  0.1294140E+02
  0.4863066E+02  0.6848752E-02  0.1026272E+02
  0.2552527E+02  0.2078471E+02  0.7435163E+01
  0.2203816E+02  0.1233187E+02  0.7052854E+01
  0.3223892E+02  0.4316518E+01  0.1069002E+02
  0.2239655E+02  0.1607503E+02  0.9369573E+00
  0.3441205E+02  0.4045732E+01  0.9793622E+01
  0.3052281E+02  0.1495250E+02  0.7023171E+01
  0.4368428E+02  0.1723564E+02  0.1972457E+02
  0.2540464E+02  0.1858155E+02  0.1954211E+02
  0.3603124E+02  0.6411119E+01  0.4991829E+01
  0.3745068E+02  0.1369958E+02  0.1400601E+02
  0.3387152E+02  0.5975676E+01  0.4226208E+01
  0.3515057E+02  0.1270697E+02  0.2007311E+02
  0.3962829E+02  0.1819163E+02  0.1378313E+02
  0.4026663E+02  0.9372851E+01  0.2233672E+01
  0.5552635E+02  0.2038217E+02  0.1634683E+02
  0.2159006E+02  0.1733179E+02  0.2090564E+02
  0.4288846E+02  0.1480826E+02  0.1423359E+02
  0.4326512E+02  0.1487114E+02  0.2022206E+02
  0.4376424E+02  0.1321837E+01  0.1930809E+02
  0.1218379E+02  0.6372842E+01  0.3674050E+01
  0.4496777E+02  0.6145495E+01  0.1533811E+02
  0.3623167E+02  0.4763214E+01  0.1275606E+02
  0.3184367E+02  0.1554565E+01  0.1780714E+02
  0.3706163E+02  0.1814283E+02  0.1639924E+02
  0.4150488E+02  0.3258926E+01  0.1358342E+02
  0.1372571E+02  0.1943178E+02  0.1105956E+02
  0.3019418E+02  0.1158166E+02  0.1445216E+02
  0.2748760E+02  0.1962338E+01  0.9400357E+01
  0.3398989E+02  0.1365856E+01  0.1782087E+02
  0.2228390E+02  0.9235289E+01  0.1634545E+02
  0.3147244E+02  0.3930748E+01  0.1430303E+02
  0.1706325E+02  0.8082156E+01  0.8915028E+01
  0.2318355E+02  0.5447423E+01  0.2105274E+01
  0.2076378E+02  0.1117019E+02  0.1647298E+02
  0.2137010E+02  0.5373676E+01  0.1778429E+02
  0.5318324E+02  0.9000858E+01  0.1388833E+02
  0.3707586E+02  0.1502342E+02  0.1190160E+02
  0.1457179E+02  0.3799446E+01  0.1936829E+02
  0.2947484E+02  0.1940806E+02  0.4791084E+01
  0.4267498E+02  0.2169393E+02  0.8544926E+01
  0.3725602E+02  0.7197137E+01  0.7998408E+01
  0.1482030E+02  0.1606295E+02  0.7204747E+01
  0.2647624E+02  0.1515689E+02  0.1631078E+02
  0.4500502E+02  0.8601563E+01  0.9808625E+01
  0.3197751E+02  0.2730795E+01  0.8856667E+01
  0.3377226E+02  0.1374760E+02  0.9967739E+01
  0.3569452E+02  0.5801055E+01  0.2092066E+02
  0.3602022E+02  0.5290211E+01  0.8227874E+01
  0.2253834E+02  0.1087096E+02  0.1468921E+02
  0.1163043E+02  0.2103791E+02  0.1652742E+02
  0.3591113E+02  0.1365468E+02  0.8697700E+01
  0.2508570E+02  0.2087546E+02  0.1856713E+02
  0.1848497E+02  0.1555984E+02  0.1927893E+02
  0.1010950E+02  0.6588164E+01  0.7382548E+01
  0.2965369E+02  0.7754382E+01  0.1014537E+02
  0.2977335E+02  0.2116024E+02  0.8096791E+01
  0.3096960E+02  0.1438289E+02  0.1958396E+02
  0.2751569E+02  0.1531616E+02  0.9285151E+01
  0.4639204E+02  0.2126890E+02  0.1087441E+02
  0.2486229E+02  0.1702209E+02  0.1560631E+02
  0.3238064E+02  0.1687422E+02  0.2118587E+02
  0.2688196E+02  0.1893166E+01  0.1300571E+02
  0.2751908E+02  0.6941232E+01  0.1073911E+02
  0.1014391E+02  0.6548677E+01  0.4914079E+01
  0.5459675E+02  0.5050997E+00  0.1235964E+02
  0.3421607E+02  0.4678269E+01  0.1934156E+02
  0.3671795E+02  0.2014869E+02  0.8892982E+00
  0.9159277E+01  0.3827935E+01  0.1906475E+02
  0.1652335E+02  0.4204485E+00  0.7362522E+01
  0.3879004E+02  0.3321018E+01  0.2152168E+02
  0.4026364E+02  0.1250404E+02  0.1743002E+02
  0.3115590E+02  0.5733450E+01  0.1288648E+02
  0.3708084E+02  0.9420143E+01  0.2016460E+02
  0.3667100E+02  0.8202490E+01  0.1015138E+02
  0.3623540E+02  0.1398648E+02  0.6196289E-01
  0.4418046E+02  0.1694505E+02  0.1658474E+02
  0.1473788E+02  0.1659373E+02  0.1970700E+02
  0.4533054E+02  0.1419777E+02  0.1953618E+02
  0.4801201E+02  0.6676467E+00  0.1575142E+02
  0.2448225E+02  0.8992772E+01  0.1063208E+02
  0.4725289E+02  0.1893397E+02  0.9785188E-01
  0.4473175E+02  0.2174535E+01  0.1639064E+02
  0.3774489E+02  0.7572083E+01  0.1216839E+00
  0.3388550E+02  0.1568829E+01  0.5833972E+01
  0.4884755E+02  0.6500872E+01  0.2788211E+01
  0.4179379E+02  0.1750028E+02  0.1660464E+02
  0.3780466E+02  0.1530044E+02  0.2019795E+02
  0.1657578E+02  0.9011135E+01  0.1296218E+02
  0.9749940E+01  0.2032318E+02  0.7690208E+01
  0.7852490E+01  0.2507714E+01  0.1774430E+02
  0.1984862E+02  0.3626216E+01  0.1254511E+02
  0.3254112E+02  0.1212345E+02  0.1257313E+02
  0.4601563E+02  0.1088114E+02  0.1257493E+02
  0.2748947E+02  0.1313930E+02  0.1093290E+02
  0.3606487E+02  0.1107742E+02  0.1165478E+02
  0.2491373E+02  0.2738885E+01  0.2251676E+01
  0.2501955E+02  0.2063426E+02  0.1408446E+02
  0.4924038E+02  0.3835848E+01  0.2715727E+01
  0.2884990E+02  0.1695292E+02  0.8365407E+00
  0.4837036E+02  0.1863107E+02  0.5020426E+01
  0.4073713E+02  0.1105780E+02  0.1013455E+02
  0.3300492E+02  0.7753324E+01  0.9485416E+01
  0.2569118E+02  0.1659396E+02  0.1017980E+02
  0.2532324E+02  0.6366427E+01  0.1829635E+02
  0.2308299E+02  0.6384160E+01  0.1152891E+02
  0.3039874E+02  0.1693059E+02  0.1011131E+02
  0.1868856E+02  0.7620351E+01  0.1643540E+02
  0.4031749E+02  0.1065723E+02  0.1253919E+02
  0.3392031E+02  0.2059197E+02  0.3864247E+01
  0.3806459E+02  0.1323398E+02  0.7314194E+01
  0.1897905E+02  0.1301918E+02  0.6423983E+01
  0.2052446E+02  0.7988923E+01  0.1502036E+02
  0.2540472E+02  0.1231110E+02  0.1408785E+02
  0.3265150E+02  0.1431581E+02  0.6538095E+01
  0.4402746E+02  0.8293514E+01  0.7459707E+01
  0.3238760E+02  0.2050161E+02  0.1782185E+01
  0.1010191E+02  0.2024637E+02  0.2180451E+01
  0.4303676E+02  0.6799972E+01  0.1888377E+02
  0.5586671E+02  0.6562143E+01  0.1918540E+02
  0.3027057E+02  0.5018804E+01  0.1612988E+02
  0.4439633E+02  0.2866974E+01  0.5200303E+00
  0.4071032E+02  0.1530419E+02  0.7438783E+01
  0.2742023E+02  0.1285992E+02  0.1716180E+02
  0.3833739E+02  0.1578370E+02  0.7747511E+01
  0.3042077E+02  0.1143249E+02  0.2166283E+02
  0.2617101E+02  0.8643998E+01  0.6899391E+01
  0.1561804E+02  0.1301726E+02  0.8552014E+01
  0.4796181E+02  0.1607310E+02  0.1404230E+02
  0.2314491E+02  0.8677365E+01  0.6650876E+01
  0.3118747E+02  0.1388266E+02  0.1379529E+02
  0.3188794E+02  0.6926001E+01  0.1557460E+02
  0.3670947E+02  0.1794070E+02  0.3136214E+01
  0.1743996E+02  0.8496794E+00  0.2004925E+02
  0.2908183E+02  0.1513980E+02  0.1828169E+02
  0.4274772E+02  0.8681422E+01  0.2042978E+02
  0.2578146E+02  0.1207461E+02  0.8761600E+00
  0.3106436E+02  0.7112444E+00  0.1976258E+02
  0.1561761E+02  0.1439773E+02  0.1596828E+02
  0.1817097E+02  0.1840671E+02  0.1060117E+02
  0.3732671E+02  0.1181029E+02  0.9575665E+01
  0.1785168E+02  0.1648517E+02  0.1430626E+02
  0.4928970E+02  0.1584946E+02  0.1869702E+02
  0.3803017E+02  0.6609668E+00  0.1747020E+02
  0.3676393E+02  0.2108485E+02  0.1930164E+02
  0.3213501E+02  0.1802164E+02  0.1723167E+01
  0.3478151E+02  0.2095873E+02  0.2057280E+02
  0.2256889E+02  0.2978952E+00  0.1869824E+02
  0.1453309E+02  0.1273737E+02  0.1211251E+02
  0.2298076E+02  0.1613996E+02  0.1121193E+02
  0.2580079E+02  0.4131259E+01  0.5422967E+01
  0.4481429E+02  0.1668004E+02  0.3862818E+01
  0.4201923E+02  0.2875186E+01  0.1113427E+02
  0.3879409E+02  0.1368953E+02  0.2182702E+01
  0.1200776E+02  0.3957044E+01  0.2891032E+01
  0.4677368E+02  0.1040108E+02  0.9321307E+00
  0.9982101E+01  0.1047069E+02  0.1622932E+02
  0.3166939E+02  0.7344404E+01  0.1793890E+02
  0.2894336E+02  0.1505050E+02  0.1398969E+02
  0.3114348E+02  0.1733537E+02  0.7625661E+01
  0.4443686E+02  0.1503357E+02  0.1148322E+02
  0.2200880E+02  0.2087731E+02  0.5398605E+01
  0.3705328E+02  0.1144984E+02  0.1411341E+02
  0.3953211E+02  0.5430421E+01  0.2460951E+01
  0.3689897E+02  0.1579516E+02  0.9708972E+01
  0.1628925E+02  0.8912249E+01  0.1276467E+01
  0.5229602E+02  0.1400894E+02  0.5982049E+01
  0.1078104E+02  0.2877582E+01  0.1002630E+02
  0.2408144E+02  0.1172072E+02  0.2600792E+01
  0.4615880E+02  0.1527732E+02  0.1610370E+02
  0.1623960E+02  0.1763503E+02  0.1136071E+02
  0.4239501E+02  0.1192167E+01  0.5191684E+01
  0.2205772E+02  0.1216462E+02  0.1342197E+01
  0.1801249E+02  0.1782261E+02  0.1740784E+02
  0.3235416E+02  0.2543764E+01  0.2073869E+02
  0.3787597E+02  0.9076686E+01  0.1818425E+02
  0.4137886E+02  0.1534325E+01  0.3174978E+01
  0.1888903E+02  0.1339424E+01  0.6956813E+01
  0.3411158E+02  0.1817774E+02  0.3117491E+01
  0.5021558E+02  0.6454710E+01  0.1205174E+02
  0.5321677E+02  0.1712946E+02  0.1096351E+02
  0.2807618E+02  0.1932678E+02  0.7987897E+01
  0.4811599E+02  0.9938647E+01  0.9662966E+01
  0.3384952E+02  0.2089861E+02  0.1466744E+02
  0.2278340E+02  0.8026552E+01  0.1324352E+02
  0.2206197E+02  0.1748665E+01  0.2049523E+02
  0.4294382E+02  0.1123661E+02  0.3857570E+01
  0.2829349E+02  0.1996078E+02  0.1033112E+02
  0.2098592E+02  0.3300022E+01  0.1910933E+02
  0.2387800E+02  0.3571460E+01  0.1165119E+02
  0.4004734E+02  0.1000884E+01  0.1836868E+02
  0.2044383E+02  0.1650157E+02  0.1875382E+02
  0.1290960E+02  0.1126499E+02  0.1082897E+02
  0.2697726E+02  0.9968352E+01  0.1628333E+01
  0.2418107E+02  0.1500338E+02  0.9459630E+01
  0.2564144E+02  0.2093350E+02  0.3421392E+01
  0.5252471E+02  0.2110740E+02  0.1437416E+02
  0.3098615E+02  0.2126245E+01  0.1007880E+01
  0.3964896E+02  0.7383704E+01  0.1294182E+01
  0.3399328E+02  0.2146525E+02  0.1146768E+02
  0.3138499E+02  0.1622193E+02  0.1796295E+02
  0.4346243E+02  0.4539710E+01  0.1274525E+02
  0.4008288E+02  0.1261440E+02  0.8293935E+01
  0.1452489E+02  0.9827371E+01  0.4093910E+01
  0.3690907E+02  0.1678345E+02  0.1865389E+02
  0.5225588E+02  0.6458600E+01  0.8747039E+01
  0.4612332E+02  0.4389893E-01  0.2062935E+00
  0.1420145E+02  0.1430752E+02  0.5672063E+01
  0.2021471E+02  0.2205395E+01  0.1522286E+02
  0.2945564E+02  0.9869330E+01  0.1622518E+02
  0.3018244E+02  0.1567600E+02  0.2109006E+02
  0.1678393E+02  0.4931531E+01  0.2164211E+02
  0.4737808E+02  0.1654618E+02  0.1797543E+02
  0.5564871E+02  0.3867192E+01  0.1647899E+02
  0.2564143E+02  0.1711845E+02  0.6645219E+01
  0.2353846E+02  0.9431619E+01  0.3190433E+01
  0.3698649E+02  0.2046454E+02  0.5688275E+01
  0.3644953E+02  0.1622111E+02  0.6069721E+01
  0.1400823E+02  0.1394777E+02  0.2140814E+02
  0.2242960E+02  0.2021628E+02  0.9152717E+01
  0.1732524E+02  0.1440418E+02  0.1785327E+02
  0.1506735E+02  0.2152423E+02  0.1119396E+02
  0.2978006E+02  0.9063462E+01  0.1842433E+02
  0.1163000E+02  0.6838798E+00  0.3617801E+01
  0.4635625E+02  0.1294908E+02  0.1467415E+02
  0.3529188E+02  0.2852992E+01  0.1153660E+02
  0.3924391E+02  0.5854411E+01  0.1593248E+02
  0.3166582E+02  0.5277748E+01  0.1922002E+02
  0.3276491E+02  0.1948748E+02  0.1716583E+02
  0.3298449E+02  0.1101508E+02  0.1589924E+02
  0.3547246E+02  0.3526910E-01  0.2258502E+01
  0.2099165E+02  0.6376337E+01  0.8960690E+01
  0.4531220E+02  0.6165200E+01  0.1948682E+02
  0.4976551E+02  0.5515480E+01  0.1787294E+02
  0.2202463E+02  0.3887525E+01  0.1489285E+02
  0.2321208E+02  0.2490903E+01  0.1810681E+02
  0.1873393E+02  0.1382337E+02  0.3116921E+01
  0.8184994E+01  0.3059165E+01  0.7711237E+01
  0.1912945E+02  0.1134159E+02  0.3428398E+01
  0.2585242E+02  0.1855126E+02  0.8671520E+01
  0.3408964E+02  0.1584846E+02  0.6982391E+01
  0.3431603E+02  0.2047294E+01  0.8125975E+01
  0.5212030E+02  0.8453338E+01  0.1880528E+01
  0.1835766E+02  0.1157657E+02  0.1602606E+02
  0.3051531E+02  0.3330121E+01  0.7068090E+01
  0.3588985E+02  0.1264311E+02  0.1793497E+02
  0.3672002E+02  0.2244515E+01  0.2169786E+02
  0.2086266E+02  0.1606800E+01  0.1163494E+02
  0.2604301E+02  0.2210649E+00  0.2045498E+02
  0.4874333E+02  0.1031701E+02  0.3388990E+01
  0.2779899E+02  0.2018826E+02  0.2282338E+01
  0.2871906E+02  0.3182305E+01  0.1368686E+02
  0.3133001E+02  0.1292078E+02  0.1612840E+02
  0.4515644E+02  0.9499311E+01  0.2098531E+02
  0.4495568E+02  0.1079306E+02  0.2771907E+01
  0.3655277E+02  0.1844223E+02  0.6858969E+01
  0.3739809E+02  0.2910865E+01  0.1067657E+02
  0.8333695E+01  0.7860739E+01  0.1318370E+01
  0.3804948E+02  0.7099614E+01  0.1342136E+02
  0.1247748E+02  0.3513327E+01  0.1582837E+02
  0.1452389E+02  0.1222226E+02  0.3761941E+01
  0.1809128E+02  0.2042970E+01  0.1006136E+02
  0.1098474E+02  0.2421797E+01  0.5366254E+01
  0.4426847E+02  0.1760360E+02  0.4519937E+00
  0.1851299E+02  0.1226313E+02  0.1178380E+01
  0.1149737E+02  0.5786123E+01  0.9968299E+01
  0.4164636E+02  0.7490618E+01  0.4609938E+01
  0.3356204E+02  0.1449890E+02  0.1289450E+02
  0.3531474E+02  0.5973853E+01  0.1748084E+02
  0.1966764E+02  0.2168032E+02  0.4864869E+01
  0.5130855E+02  0.1353523E+01  0.1557957E+02
  0.9677502E+01  0.1726488E+02  0.2150761E+02
  0.2517325E+02  0.5160831E+01  0.2115844E+02
  0.5019199E+02  0.2178039E+01  0.8109767E+01
  0.2820211E+02  0.2044699E+02  0.1754880E+02
  0.2525542E+02  0.1780092E+02  0.1220515E+02
  0.4284676E+02  0.1675324E+02  0.5485218E+01
  0.1169884E+02  0.8593197E+01  0.2010681E+02
  0.1674908E+02  0.3874257E+01  0.1486915E+02
  0.3543858E+02  0.1330267E+02  0.1172976E+02
  0.2327237E+02  0.2028419E+02  0.1705105E+02
  0.4716552E+02  0.1981253E+02  0.1251186E+02
  0.2763141E+02  0.1329912E+02  0.1463691E+02
  0.5282490E+02  0.1467790E+02  0.8140507E+01
  0.5155407E+02  0.1171961E+02  0.1412941E+02
  0.2763138E+02  0.1392262E+02  0.5783988E+01
  0.1503992E+02  0.2194466E+01  0.2023487E+01
  0.2443855E+02  0.1478864E+02  0.1797232E+02
  0.1707033E+02  0.5906484E+01  0.1617974E+02
  0.1873186E+02  0.1661652E+02  0.1294822E+01
  0.3041928E+02  0.2005401E+02  0.1696195E+02
  0.3471831E+02  0.2377909E+01  0.1996097E+02
  0.3226578E+02  0.2647296E+01  0.1237364E+02
  0.3517796E+02  0.1894561E+02  0.2121882E+02
  0.2052725E+02  0.1576385E+02  0.5904035E+01
  0.4098292E+02  0.1151622E+02  0.1046559E+01
  0.1176844E+02  0.1546149E+01  0.1758965E+02
  0.1850538E+02  0.6370407E+01  0.5220441E+01
  0.3315782E+02  0.1692288E+02  0.8850900E+01
  0.2206651E+02  0.1394373E+02  0.2141639E+02
  0.2301084E+02  0.1920393E+02  0.1994745E+02
  0.2723671E+02  0.6354274E+01  0.9405608E-01
  0.2923884E+02  0.9981884E+01  0.9330009E+01
  0.2472703E+02  0.2062565E+02  0.1183901E+02
  0.5204760E+02  0.1764965E+02  0.8433378E+01
  0.1459070E+02  0.1287867E+02  0.1755125E+01
  0.1254390E+02  0.6482528E+01  0.1719511E+02
  0.4518578E+02  0.9300351E+01  0.1423089E+02
  0.2283524E+02  0.1110861E+02  0.1997129E+02
  0.3303321E+02  0.1234620E+02  0.8061938E+01
  0.4830950E+02  0.2096478E+02  0.1094978E+01
  0.2891817E+02  0.1612084E+02  0.1182801E+02
  0.9465330E+01  0.2000938E+02  0.1407768E+02
  0.4983296E+02  0.1999710E+02  0.7685695E+01
  0.4632011E+02  0.6703230E+01  0.1748306E+02
  0.3340124E+02  0.6833366E+01  0.1355734E+02
  0.3942168E+02  0.6792884E+01  0.4421329E+01
  0.4145661E+02  0.1582990E+02  0.9821518E+01
  0.5188226E+02  0.1925220E+02  0.6313490E+01
  0.3199427E+02  0.1290625E+02  0.1315263E+01
  0.5276906E+02  0.3057767E+01  0.7469081E+01
  0.4386352E+02  0.1213501E+02  0.9568745E+01
  0.4819815E+02  0.1984532E+02  0.1903858E+02
  0.4942645E+02  0.1345482E+02  0.1922360E+02
  0.5209391E+02  0.2156799E+02  0.1202736E+02
  0.4617981E+02  0.2084740E+01  0.2072877E+02
  0.4851212E+02  0.1756131E+01  0.1167500E+02
  0.3991231E+02  0.1906152E+02  0.1909751E+02
  0.3507505E+02  0.7897914E+01  0.2638339E+01
  0.4575334E+02  0.8824916E+00  0.2601497E+01
  0.5274002E+02  0.2033448E+02  0.2902435E+01
  0.5360395E+02  0.1860521E+02  0.2090222E+02
  0.5613094E+02  0.1504370E+02  0.1635705E+02
  0.4664093E+02  0.1556431E+02  0.7814169E+01
  0.4942781E+02  0.2097319E+02  0.1412891E+02
  0.5695313E+02  0.2278238E+01  0.1248833E+01
  0.5748422E+02  0.1851459E-01  0.4534147E+01
  0.5263207E+02  0.1327422E+02  0.1335842E+01
  0.5254010E+02  0.3350045E+01  0.2656605E+01
  0.5821471E+02  0.3540245E+01  0.2899097E+01
  0.5842415E+02  0.1134776E+01  0.6095931E+01
  0.4243483E+02  0.1776855E+02  0.8712037E+01
  0.5962611E+02  0.2118815E+02  0.1578501E+01
  0.6236499E+02  0.2486911E+01  0.1788193E+01
  0.6250815E+02  0.2158612E+02  0.4266443E+01
  0.5963994E+02  0.2287357E+01  0.4431926E+01
  0.6101803E+02  0.1148366E+01  0.2994957E+01
  0.6393870E+02  0.3908692E+01  0.2986433E+01
  0.6409818E+02  0.9914780E+00  0.5590291E+01
  0.6114461E+02  0.3715620E+01  0.5589307E+01
  0.5343977E+02  0.1513447E+02  0.1715215E+02
  0.3438543E+02  0.1156546E+02  0.1414973E+02
  0.3774455E+02  0.5166801E+01  0.1780987E+02
  0.3828096E+02  0.7951443E+00  0.1137668E+02
  0.5709314E+02  0.1886761E+02  0.1492569E+01
  0.4515494E+02  0.1846735E+02  0.2458871E+01
  0.5067069E+02  0.1994137E+02  0.4350228E+00
  0.2641217E+02  0.5257961E+00  0.1509901E+02
  0.5111577E+02  0.1946022E+01  0.6054047E+01
  0.5405637E+02  0.5004447E+01  0.1631686E+01
  0.3923827E+02  0.1673576E+02  0.9946973E+01
  0.3863680E+02  0.1880718E+02  0.4446847E+01
  0.5107178E+02  0.3194170E+00  0.3335010E+01
  0.5404423E+02  0.1378247E+02  0.4207672E+01
  0.3970034E+02  0.3055910E+01  0.1947977E+02
  0.5125947E+02  0.1138543E+02  0.1164383E+02
  0.5424032E+02  0.4100648E+01  0.1428359E+02
  0.5697006E+02  0.8015020E+01  0.1684214E+01
  0.5687561E+02  0.5048689E+01  0.3964701E+01
  0.5382391E+02  0.1538709E+02  0.2289669E+01
  0.5471419E+02  0.7869409E+01  0.2077779E+02
  0.5840051E+02  0.9322713E+01  0.2960288E+01
  0.5823883E+02  0.6463979E+01  0.5548988E+01
  0.5429319E+02  0.1346686E+02  0.2047646E+02
  0.5978728E+02  0.5174909E+01  0.1660507E+01
  0.6238514E+02  0.7815290E+01  0.1615938E+01
  0.6231742E+02  0.4931857E+01  0.4293842E+01
  0.5960244E+02  0.7671277E+01  0.4090590E+01
  0.6102449E+02  0.6385981E+01  0.3030288E+01
  0.6392206E+02  0.9244048E+01  0.2917063E+01
  0.6369618E+02  0.6474881E+01  0.5564154E+01
  0.6127967E+02  0.9105662E+01  0.5463488E+01
  0.4677086E+02  0.1050296E+02  0.6387075E+01
  0.3625773E+02  0.9586321E+01  0.3934705E+01
  0.5265698E+02  0.1706861E+02  0.3849296E+01
  0.5283817E+02  0.9425399E+00  0.2624433E+00
  0.4264617E+02  0.3783493E+00  0.1113059E+02
  0.5300624E+02  0.8380172E+00  0.5165240E+01
  0.3732980E+02  0.2656439E+01  0.1851366E+02
  0.2582350E+02  0.1693271E+02  0.1763594E+02
  0.4952303E+02  0.7988281E+01  0.1745010E+02
  0.5429374E+02  0.1394031E+02  0.1479646E+02
  0.4771505E+02  0.2106000E+02  0.8097224E+01
  0.3288165E+02  0.7684378E+00  0.9773081E+01
  0.5060792E+02  0.3716949E+01  0.4433941E+01
  0.5116171E+02  0.1498679E+02  0.4099162E+01
  0.5006072E+02  0.1311925E+02  0.6940503E+01
  0.4334440E+02  0.1999957E+02  0.1586972E+02
  0.5377428E+02  0.1144896E+02  0.2156855E+02
  0.5730355E+02  0.1345637E+02  0.1671602E+01
  0.5698435E+02  0.1062263E+02  0.4425182E+01
  0.4338138E+02  0.6477279E+01  0.1376652E+01
  0.5590434E+02  0.1240965E+02  0.3245943E+01
  0.5823462E+02  0.1485364E+02  0.3318133E+01
  0.5860014E+02  0.1179096E+02  0.5639428E+01
  0.5534735E+02  0.1519641E+02  0.5599552E+01
  0.5976687E+02  0.1059010E+02  0.1573494E+01
  0.6232570E+02  0.1359268E+02  0.1781471E+01
  0.6256312E+02  0.1070176E+02  0.4326269E+01
  0.5984706E+02  0.1323132E+02  0.4469476E+01
  0.6104799E+02  0.1193156E+02  0.2801435E+01
  0.6382466E+02  0.1477841E+02  0.3111668E+01
  0.6403616E+02  0.1207383E+02  0.5646748E+01
  0.6092653E+02  0.1485719E+02  0.5704794E+01
  0.3787260E+02  0.5215998E+01  0.1130643E+02
  0.5046752E+02  0.1640335E+02  0.2161544E+02
  0.4485122E+02  0.8674215E+01  0.3611357E+01
  0.4394412E+02  0.1305267E+02  0.1520884E+02
  0.4805601E+02  0.1537182E+01  0.7316399E+01
  0.2970183E+02  0.1270023E+02  0.1796281E+02
  0.2845121E+02  0.8371670E+01  0.5994123E+01
  0.5136620E+02  0.1971658E+02  0.9591314E+01
  0.5066207E+02  0.1013556E+02  0.9762945E+01
  0.4021501E+02  0.5164624E+01  0.9478739E+01
  0.4825422E+02  0.1193427E+02  0.1354955E+02
  0.4267834E+02  0.9947922E+01  0.1837969E+02
  0.3560196E+02  0.3523469E+00  0.4789174E+01
  0.5326045E+02  0.9869563E+01  0.3697284E+01
  0.1944480E+02  0.1671772E+02  0.9608096E+01
  0.4618454E+02  0.1492709E+02  0.1318258E+02
  0.5317645E+02  0.6717967E+01  0.3809074E+00
  0.5564342E+02  0.1975694E+02  0.2140264E+02
  0.5665359E+02  0.1651688E+02  0.4269259E+01
  0.4792226E+02  0.1837268E+02  0.1455363E+02
  0.5483739E+02  0.1765181E+02  0.2873287E+01
  0.5833216E+02  0.2007200E+02  0.3024789E+01
  0.5837524E+02  0.1750402E+02  0.5470158E+01
  0.5429628E+02  0.1357749E+02  0.9604465E+01
  0.5958821E+02  0.1584347E+02  0.1625969E+01
  0.6238266E+02  0.1836868E+02  0.1558474E+01
  0.6225346E+02  0.1613458E+02  0.4246457E+01
  0.5988642E+02  0.1883432E+02  0.4172955E+01
  0.6103949E+02  0.1723337E+02  0.2824815E+01
  0.6376581E+02  0.1984543E+02  0.2823875E+01
  0.6369154E+02  0.1721880E+02  0.5747604E+01
  0.6143471E+02  0.2006783E+02  0.5572653E+01
  0.5461101E+02  0.1032064E+02  0.1258970E+02
  0.5334193E+02  0.1171399E+02  0.5319445E+01
  0.5095555E+02  0.4525069E+01  0.1088022E+02
  0.4462131E+02  0.2249342E+01  0.4181348E+01
  0.4240943E+02  0.1255647E+02  0.1862457E+02
  0.4470294E+02  0.2062230E+02  0.9599732E+01
  0.3582950E+02  0.8426905E+01  0.1756392E+02
  0.4716502E+02  0.1266452E+02  0.2015922E+02
  0.4250333E+02  0.5862937E+01  0.1475375E+02
  0.4021613E+02  0.4468407E+01  0.1179972E+02
  0.4959773E+02  0.1723739E+02  0.1818341E+01
  0.5102830E+02  0.1857673E+01  0.1235976E+01
  0.4907417E+02  0.2448091E+01  0.1890857E+02
  0.5449394E+02  0.1058611E+02  0.6969706E+01
  0.5449177E+02  0.1574788E+02  0.1238738E+02
  0.5432518E+02  0.5525029E+01  0.1228643E+02
  0.4744463E+02  0.1871164E+02  0.1691951E+02
  0.5700615E+02  0.2924468E+01  0.6966990E+01
  0.5741597E+02  0.2154066E+02  0.9885511E+01
  0.4710815E+02  0.1273728E+02  0.5428888E+00
  0.3051554E+02  0.6052645E+01  0.2922925E+01
  0.5852817E+02  0.3892242E+01  0.8280604E+01
  0.5857252E+02  0.1672671E+01  0.1122341E+02
  0.5574812E+02  0.2009953E+02  0.5654250E+01
  0.5991479E+02  0.2126975E+02  0.6754454E+01
  0.6248197E+02  0.2113267E+01  0.6860703E+01
  0.6242229E+02  0.2141184E+02  0.9667986E+01
  0.6007867E+02  0.2508082E+01  0.9460512E+01
  0.6111837E+02  0.6969063E+00  0.8340250E+01
  0.6355346E+02  0.3777956E+01  0.8026067E+01
  0.6361695E+02  0.1145197E+01  0.1123046E+02
  0.6122682E+02  0.4034055E+01  0.1107264E+02
  0.4835764E+02  0.6129912E+01  0.7794855E+01
  0.4126790E+02  0.3926786E+01  0.1742042E+00
  0.5086775E+02  0.7223009E+01  0.3453673E+01
  0.3355274E+02  0.1284262E+02  0.1721999E+02
  0.4499304E+02  0.1188068E+02  0.2024451E+02
  0.3195740E+02  0.5795074E+00  0.6080051E+01
  0.2715434E+02  0.5255095E+01  0.7221584E+01
  0.5279020E+02  0.1418099E+02  0.1276655E+02
  0.3557159E+02  0.1183716E+02  0.4953009E+01
  0.5579793E+02  0.1365935E+01  0.8220320E+01
  0.5495614E+02  0.1693780E+01  0.1045658E+02
  0.4393330E+02  0.1728154E+02  0.1067225E+02
  0.4420360E+02  0.1370800E+02  0.1732695E+02
  0.4170312E+02  0.7382743E+01  0.1036797E+02
  0.5448008E+02  0.2119342E+02  0.1384350E+01
  0.3930652E+02  0.1904931E+02  0.6813912E+00
  0.4301787E+02  0.9396103E+01  0.1052638E+02
  0.5715721E+02  0.7886779E+01  0.7166178E+01
  0.5743090E+02  0.5451354E+01  0.9864946E+01
  0.5569764E+02  0.9321410E+01  0.1080977E+02
  0.4910645E+02  0.8061078E+01  0.8239490E+01
  0.5870233E+02  0.9272408E+01  0.8265672E+01
  0.5862831E+02  0.7009643E+01  0.1120545E+02
  0.5115387E+02  0.9292921E+01  0.7583261E+01
  0.5966201E+02  0.5164829E+01  0.6832404E+01
  0.6253156E+02  0.7776788E+01  0.6899021E+01
  0.6256969E+02  0.5144831E+01  0.9775254E+01
  0.5997238E+02  0.7912114E+01  0.9697369E+01
  0.6107569E+02  0.6375159E+01  0.8017624E+01
  0.6414915E+02  0.9098428E+01  0.8257156E+01
  0.6389750E+02  0.6510651E+01  0.1112957E+02
  0.6131481E+02  0.9262020E+01  0.1123531E+02
  0.2909168E+02  0.7728398E-01  0.2098135E+02
  0.4689489E+02  0.7998813E+01  0.2018139E+02
  0.5095253E+02  0.1754120E+02  0.1714849E+02
  0.4491865E+02  0.1151226E+02  0.1792916E+02
  0.4428652E+02  0.7605368E+01  0.1707157E+02
  0.4813633E+02  0.8555435E+01  0.1949130E+01
  0.3802947E+02  0.1139139E+02  0.1787662E+02
  0.4819899E+02  0.2794012E+01  0.1621207E+02
  0.3863811E+02  0.8821407E+01  0.5419711E+01
  0.5576530E+02  0.6307957E+01  0.2446821E+01
  0.4402940E+02  0.1622884E+00  0.6545564E+01
  0.5374025E+02  0.1911987E+02  0.4702916E+01
  0.3860130E+02  0.2469626E+01  0.5632543E+01
  0.2635117E+02  0.7180750E+01  0.8619999E+01
  0.4028568E+02  0.1489656E+02  0.1788547E+02
  0.5449602E+02  0.7795768E+01  0.4034646E+01
  0.5075730E+02  0.9339690E+01  0.4499808E+01
  0.5684789E+02  0.1347481E+02  0.6763111E+01
  0.5707133E+02  0.1056313E+02  0.9458310E+01
  0.4245566E+02  0.9100813E+01  0.2912786E+01
  0.5576064E+02  0.1205512E+02  0.8228697E+01
  0.5825913E+02  0.1460453E+02  0.8410303E+01
  0.5841202E+02  0.1171835E+02  0.1082902E+02
  0.5527212E+02  0.1741482E+02  0.8346622E+01
  0.5989545E+02  0.1052358E+02  0.6840447E+01
  0.6257062E+02  0.1371030E+02  0.6861713E+01
  0.6265987E+02  0.1039069E+02  0.9576438E+01
  0.5951831E+02  0.1318210E+02  0.9717370E+01
  0.6133809E+02  0.1207127E+02  0.8258480E+01
  0.6386280E+02  0.1464146E+02  0.8563583E+01
  0.6394823E+02  0.1173945E+02  0.1099970E+02
  0.6096357E+02  0.1441883E+02  0.1097055E+02
  0.3748676E+02  0.1886686E+02  0.1247450E+02
  0.4464716E+02  0.1872298E+02  0.8002497E+01
  0.3063133E+02  0.1951610E+02  0.1074408E+02
  0.4057655E+02  0.5268403E+01  0.1994198E+02
  0.2155198E+02  0.4547905E+01  0.6955655E+01
  0.4673052E+02  0.6073975E+01  0.6038164E+01
  0.2429099E+02  0.3927419E+01  0.1533612E+02
  0.4341681E+02  0.1983581E+02  0.7810095E-01
  0.3901050E+02  0.1168897E+01  0.3663512E+01
  0.4649486E+02  0.3169147E+01  0.8460864E+01
  0.4968601E+02  0.4617818E+01  0.3478807E+00
  0.5080530E+02  0.1359425E+02  0.1159017E+02
  0.4751029E+02  0.1180188E+02  0.1774361E+02
  0.4203112E+02  0.1601717E+02  0.2787601E+01
  0.4766755E+02  0.2116233E+02  0.3484833E+01
  0.4341865E+02  0.4586959E+01  0.1779019E+02
  0.5460469E+02  0.4842894E+01  0.7059449E+01
  0.5692740E+02  0.1853305E+02  0.7113576E+01
  0.5698251E+02  0.1615528E+02  0.9669609E+01
  0.4039331E+02  0.2105075E+02  0.1410301E+02
  0.3657116E+02  0.5759888E+00  0.1566870E+02
  0.5858900E+02  0.1999577E+02  0.8323897E+01
  0.5836270E+02  0.1735444E+02  0.1109624E+02
  0.5621551E+02  0.2037557E+02  0.1143136E+02
  0.5968639E+02  0.1610994E+02  0.7142236E+01
  0.6259746E+02  0.1859285E+02  0.7068145E+01
  0.6238432E+02  0.1601942E+02  0.9843391E+01
  0.5990562E+02  0.1860179E+02  0.9775263E+01
  0.6130749E+02  0.1727487E+02  0.8403093E+01
  0.6408242E+02  0.2006110E+02  0.8258928E+01
  0.6377753E+02  0.1722206E+02  0.1109557E+02
  0.6123593E+02  0.2010577E+02  0.1118067E+02
  0.5084021E+02  0.1533709E+02  0.1656180E+02
  0.2198683E+02  0.1925157E+02  0.3315468E+01
  0.4198056E+02  0.9004377E+00  0.1346361E+02
  0.4199247E+02  0.3123114E+01  0.6701471E+01
  0.5250669E+02  0.1864184E+02  0.1869805E+02
  0.4677615E+02  0.1137140E+02  0.4198443E+01
  0.3743612E+02  0.4869627E+01  0.1486619E+02
  0.5011031E+02  0.1872124E+02  0.1362347E+02
  0.4135881E+02  0.7115995E+01  0.2139629E+02
  0.4438077E+02  0.1549327E+02  0.6952586E+01
  0.4208326E+02  0.8763595E+01  0.1645175E+02
  0.5111065E+02  0.1114362E+02  0.6128100E+01
  0.5129368E+02  0.4878754E+01  0.7157826E+01
  0.5185277E+02  0.1912910E+02  0.1189958E+02
  0.5576415E+02  0.3805173E+01  0.1091365E+02
  0.4151117E+02  0.2079566E+02  0.5531785E+01
  0.5548756E+02  0.2028659E+01  0.1419737E+02
  0.5713370E+02  0.2865565E+01  0.1259016E+02
  0.5702093E+02  0.2163460E+02  0.1523758E+02
  0.4728707E+02  0.1187652E+02  0.8368004E+01
  0.4911989E+02  0.1576726E+02  0.8317142E+01
  0.5878805E+02  0.4017092E+01  0.1383860E+02
  0.5854405E+02  0.9308455E+00  0.1662912E+02
  0.5041653E+02  0.1131480E+01  0.1321397E+02
  0.5940453E+02  0.2148541E+02  0.1234575E+02
  0.6226462E+02  0.2502579E+01  0.1244170E+02
  0.6252002E+02  0.2142125E+02  0.1500678E+02
  0.5973797E+02  0.2529999E+01  0.1519949E+02
  0.6083062E+02  0.1156002E+01  0.1377670E+02
  0.6355846E+02  0.3977306E+01  0.1367616E+02
  0.6394913E+02  0.1119945E+01  0.1620821E+02
  0.6111950E+02  0.3760517E+01  0.1655354E+02
  0.3436608E+02  0.1886183E+02  0.7738310E+01
  0.4479343E+02  0.1973440E+02  0.5829786E+01
  0.4934323E+02  0.1417603E+02  0.1343664E+02
  0.4144185E+02  0.5621035E+01  0.1705139E+02
  0.4361801E+02  0.4773917E+01  0.2132169E+02
  0.4309094E+02  0.5703390E+01  0.1097774E+02
  0.4348665E+02  0.1438744E+02  0.1625658E+01
  0.3664441E+02  0.1431422E+01  0.7061036E+01
  0.3965445E+02  0.6959726E+01  0.7917818E+01
  0.3877491E+02  0.9777191E+01  0.9478022E+01
  0.4704316E+02  0.3824694E+01  0.1191367E+02
  0.3078788E+02  0.4207992E+01  0.4678969E+01
  0.5588105E+02  0.6351158E+01  0.8432262E+01
  0.5275274E+02  0.2082965E+01  0.9649354E+01
  0.4613062E+02  0.1458514E+01  0.1216066E+02
  0.4197476E+02  0.1272755E+02  0.2636664E+01
  0.4680687E+02  0.5907716E+01  0.3579198E+01
  0.5715630E+02  0.8301063E+01  0.1230489E+02
  0.5711057E+02  0.5235741E+01  0.1513665E+02
  0.4266841E+02  0.1086532E+02  0.1256471E+02
  0.5580711E+02  0.6864959E+01  0.1375564E+02
  0.5871252E+02  0.9306316E+01  0.1380283E+02
  0.5845620E+02  0.6575896E+01  0.1671044E+02
  0.5452207E+02  0.8119874E+01  0.1556668E+02
  0.5976367E+02  0.5382724E+01  0.1240562E+02
  0.6246583E+02  0.7906981E+01  0.1252654E+02
  0.6236600E+02  0.5235167E+01  0.1543492E+02
  0.5955611E+02  0.7982449E+01  0.1526393E+02
  0.6103663E+02  0.6650475E+01  0.1399747E+02
  0.6394743E+02  0.9080915E+01  0.1381566E+02
  0.6371763E+02  0.6405336E+01  0.1660115E+02
  0.6103908E+02  0.9318543E+01  0.1642817E+02
  0.3593553E+02  0.1194880E+02  0.1174781E+01
  0.3788160E+02  0.1857695E+02  0.8833246E+01
  0.4950352E+02  0.6482261E+01  0.1460580E+02
  0.4891966E+02  0.1516468E+02  0.3141895E+01
  0.5722752E+02  0.1352667E+02  0.1788009E+02
  0.3277248E+02  0.1085188E+02  0.1849407E+02
  0.4771119E+02  0.4432954E+01  0.1825102E+02
  0.2909011E+02  0.3646007E+01  0.1194279E+01
  0.3730203E+02  0.1554049E+02  0.3870777E+01
  0.2641305E+02  0.8658240E+01  0.2153882E+02
  0.3933426E+02  0.1601763E+02  0.1233108E+02
  0.4572889E+02  0.8257810E+01  0.5804621E+01
  0.4549933E+02  0.5542970E+01  0.1297138E+02
  0.3328241E+02  0.1512783E+02  0.9373632E+00
  0.5586502E+02  0.9291529E+01  0.1691667E+02
  0.5568432E+02  0.1714254E+02  0.1380832E+02
  0.5106112E+02  0.4510074E+00  0.9776861E+01
  0.5707360E+02  0.1336114E+02  0.1225316E+02
  0.5712915E+02  0.1074549E+02  0.1515637E+02
  0.4327819E+02  0.1363988E+02  0.7879553E+01
  0.4058627E+02  0.1747430E+02  0.2090162E+02
  0.5977768E+02  0.1339704E+02  0.1499123E+02
  0.5570684E+02  0.1211728E+02  0.1368182E+02
  0.5031668E+02  0.1007206E+02  0.1294146E+01
  0.5991592E+02  0.1052158E+02  0.1236590E+02
  0.6270242E+02  0.1318188E+02  0.1228782E+02
  0.6238920E+02  0.1055283E+02  0.1519301E+02
  0.5856290E+02  0.1210273E+02  0.1647319E+02
  0.6129322E+02  0.1209693E+02  0.1370129E+02
  0.6368240E+02  0.1470595E+02  0.1392767E+02
  0.6392872E+02  0.1157717E+02  0.1636444E+02
  0.6117919E+02  0.1481761E+02  0.1633212E+02
  0.2527631E+02  0.4813505E+01  0.3254599E+01
  0.5583616E+02  0.8949947E+00  0.2804072E+01
  0.3646712E+02  0.8331620E+01  0.5833675E+01
  0.4276556E+02  0.8042320E+00  0.1575880E+02
  0.3853368E+02  0.8178561E+01  0.1606146E+02
  0.4880183E+02  0.1613084E+01  0.1669156E+01
  0.3335586E+02  0.1938735E+02  0.1292315E+02
  0.5353657E+02  0.1670148E+02  0.6858340E+01
  0.3639272E+02  0.1040346E+02  0.1624027E+02
  0.5554277E+02  0.9143388E+01  0.5652044E+01
  0.4598794E+02  0.1198950E+02  0.1049455E+02
  0.4699970E+02  0.2048077E+02  0.5787252E+01
  0.4949232E+02  0.1130156E+02  0.1560494E+02
  0.3234686E+02  0.2109138E+02  0.8071403E+01
  0.4561276E+02  0.4445375E+01  0.1691841E+02
  0.2743724E+02  0.1893741E+02  0.1398108E+00
  0.4695797E+02  0.1883453E+02  0.8868389E+01
  0.5716327E+02  0.1856749E+02  0.1252402E+02
  0.5749631E+02  0.1625700E+02  0.1497208E+02
  0.4853721E+02  0.9707933E+01  0.2083098E+02
  0.5577631E+02  0.1468719E+02  0.1092727E+02
  0.5830625E+02  0.2017607E+02  0.1388702E+02
  0.5855925E+02  0.1741104E+02  0.1647305E+02
  0.5405300E+02  0.1131567E+00  0.1758219E+02
  0.5976850E+02  0.1606842E+02  0.1252778E+02
  0.6248940E+02  0.1868377E+02  0.1265968E+02
  0.6253360E+02  0.1624903E+02  0.1519297E+02
  0.5974510E+02  0.1893441E+02  0.1522977E+02
  0.6088555E+02  0.1748749E+02  0.1381124E+02
  0.6395646E+02  0.2004095E+02  0.1382612E+02
  0.6394288E+02  0.1731838E+02  0.1651273E+02
  0.6120514E+02  0.2020874E+02  0.1659472E+02
  0.3759083E+02  0.1888306E+02  0.1948506E+02
  0.3534373E+02  0.5387246E+01  0.1646805E+01
  0.4795215E+02  0.9477810E+01  0.1840668E+02
  0.4712434E+02  0.4904901E+01  0.9627610E+01
  0.4673233E+02  0.8981108E+01  0.1146654E+02
  0.4314246E+02  0.1058844E+02  0.1488878E+02
  0.5549679E+02  0.3816677E+01  0.5246433E+01
  0.4987065E+02  0.1088346E+02  0.1917450E+02
  0.4775673E+02  0.1511159E+02  0.9729939E+00
  0.3638340E+02  0.2080951E+02  0.1147906E+02
  0.5355599E+02  0.1982696E+02  0.8142366E+01
  0.5482018E+02  0.1884650E+02  0.1012039E+02
  0.4719460E+02  0.1368160E+02  0.4114016E+01
  0.5443728E+02  0.5171122E+01  0.1777396E+02
  0.5444312E+02  0.7280591E-02  0.6728007E+01
  0.5070615E+02  0.2090910E+02  0.1614289E+02
  0.4837628E+02  0.2953570E+01  0.2117207E+02
  0.5675589E+02  0.2416720E+01  0.1766167E+02
  0.5713486E+02  0.2130436E+02  0.2043935E+02
  0.5178020E+02  0.6352967E+01  0.1539117E+02
  0.5552179E+02  0.9250445E+00  0.1896482E+02
  0.5839675E+02  0.3559242E+01  0.1898834E+02
  0.5870524E+02  0.1205262E+01  0.2157424E+02
  0.5547757E+02  0.3738806E+01  0.9959665E-01
  0.5984587E+02  0.2145864E+02  0.1822974E+02
  0.6257284E+02  0.2379270E+01  0.1770239E+02
  0.6274324E+02  0.2129096E+02  0.2071349E+02
  0.6000316E+02  0.2553572E+01  0.2018975E+02
  0.6166999E+02  0.1080840E+01  0.1934380E+02
  0.6402548E+02  0.3806760E+01  0.1909777E+02
  0.6375352E+02  0.1086857E+01  0.4070434E+00
  0.6107288E+02  0.3713107E+01  0.4085154E+00
  0.2329119E+02  0.1269414E+01  0.5138274E+01
  0.4878412E+02  0.4233203E+01  0.1451857E+02
  0.3643031E+02  0.1325088E+02  0.2944288E+01
  0.4852753E+02  0.6923130E+01  0.2162802E+02
  0.5191562E+02  0.5242832E+01  0.2085573E+02
  0.2671991E+02  0.1595830E+02  0.4771161E+01
  0.4086116E+02  0.1754549E+02  0.6782307E+01
  0.4546974E+02  0.2035505E+02  0.1412152E+02
  0.4974792E+02  0.8789639E+01  0.1523581E+02
  0.5325544E+02  0.7096547E+01  0.1714549E+02
  0.5282021E+02  0.3828910E+01  0.1908164E+02
  0.5071399E+02  0.7700139E+01  0.1011592E+02
  0.3434372E+02  0.3322454E+01  0.8848651E+00
  0.5346051E+02  0.8351524E+01  0.7586814E+01
  0.4164474E+02  0.1509449E+02  0.1197449E+02
  0.5242903E+02  0.1512813E+02  0.2106970E+02
  0.5345812E+02  0.4429024E+01  0.1021883E+02
  0.5718928E+02  0.7977671E+01  0.1804493E+02
  0.5720438E+02  0.5189283E+01  0.2059700E+02
  0.4588137E+02  0.1832589E+01  0.6063128E+01
  0.5216339E+02  0.1059834E+02  0.1819351E+02
  0.5851405E+02  0.9552156E+01  0.1922412E+02
  0.5842404E+02  0.6639598E+01  0.2642873E+00
  0.5561177E+02  0.9905395E+01  0.1848899E+00
  0.5972953E+02  0.5215319E+01  0.1783221E+02
  0.6228345E+02  0.8039844E+01  0.1777902E+02
  0.6250038E+02  0.5202323E+01  0.2042459E+02
  0.5979655E+02  0.8029000E+01  0.2081451E+02
  0.6094282E+02  0.6694520E+01  0.1932100E+02
  0.6374764E+02  0.9147611E+01  0.1927611E+02
  0.6364405E+02  0.6467725E+01  0.2052552E+00
  0.6123833E+02  0.9383014E+01  0.3311774E+00
  0.4678549E+02  0.5130744E+01  0.2112628E+02
  0.3182023E+02  0.1768754E+00  0.1578888E+02
  0.4934090E+02  0.1848558E+02  0.2078545E+02
  0.4759527E+02  0.7018487E+01  0.1285152E+02
  0.4466768E+02  0.1085630E+02  0.7603680E+01
  0.3791272E+02  0.4868071E+01  0.4753683E+01
  0.2657364E+02  0.1014066E+01  0.7112857E+01
  0.4499170E+02  0.1915431E+02  0.1730056E+02
  0.5092823E+02  0.6760524E+01  0.1945677E+02
  0.4153415E+02  0.1987317E+02  0.7571385E+01
  0.2674358E+02  0.6847462E+01  0.1478324E+02
  0.2229133E+02  0.1834741E+02  0.1784323E+02
  0.4949260E+02  0.4227112E+01  0.8966439E+01
  0.4525948E+02  0.6322857E+01  0.1065784E+02
  0.5383736E+02  0.6711005E+01  0.5953624E+01
  0.4753631E+02  0.1829013E+02  0.2587697E+01
  0.3554585E+02  0.8756272E+01  0.2968804E+00
  0.5845944E+02  0.1462660E+02  0.1364108E+02
  0.5729674E+02  0.1094347E+02  0.2038618E+02
  0.4812471E+02  0.1423267E+02  0.6348239E+01
  0.5564143E+02  0.1240220E+02  0.1893077E+02
  0.5848320E+02  0.1503568E+02  0.1943370E+02
  0.5839570E+02  0.1205636E+02  0.2398580E+00
  0.5551139E+02  0.1465998E+02  0.3813901E+00
  0.5978098E+02  0.1068021E+02  0.1796423E+02
  0.6246635E+02  0.1296413E+02  0.1764437E+02
  0.6260408E+02  0.1052810E+02  0.2087378E+02
  0.5978007E+02  0.1339423E+02  0.2054122E+02
  0.6115798E+02  0.1183665E+02  0.1941994E+02
  0.6357277E+02  0.1458731E+02  0.1916765E+02
  0.6369908E+02  0.1199597E+02  0.5104814E+00
  0.6115649E+02  0.1471009E+02  0.1653502E+00
  0.5190055E+02  0.1876864E+02  0.1538828E+02
  0.5118292E+02  0.3668670E+01  0.1745742E+02
  0.5388573E+02  0.1145844E+02  0.2218256E+01
  0.4593650E+02  0.1654939E+01  0.1841816E+02
  0.2798902E+02  0.1499633E+01  0.7475649E+00
  0.5522791E+02  0.1700248E+02  0.1763320E+02
  0.4073837E+02  0.2169910E+02  0.1641722E+02
  0.4244922E+02  0.1146228E+00  0.2097950E+02
  0.5254343E+02  0.1630286E+02  0.1902278E+02
  0.5249308E+02  0.1722780E+02  0.7816281E+00
  0.5458454E+02  0.1065005E+02  0.1819089E+02
  0.3813040E+02  0.1996830E+02  0.1443164E+02
  0.5430215E+02  0.2192964E+01  0.2046624E+02
  0.4478751E+02  0.1643852E+02  0.1423431E+02
  0.4088896E+02  0.1772045E+02  0.4259792E+01
  0.3296826E+02  0.1927407E+02  0.9702735E+01
  0.5666294E+02  0.1593521E+02  0.2072179E+02
  0.5701465E+02  0.1871933E+02  0.1764569E+02
  0.5493601E+02  0.1691102E+02  0.1976381E+02
  0.5086606E+02  0.1310108E+02  0.3021454E+01
  0.4923251E+02  0.1321524E+02  0.1706743E+02
  0.5846397E+02  0.1972668E+02  0.1909775E+02
  0.5833698E+02  0.1719973E+02  0.2872603E+00
  0.5442127E+02  0.2115137E+01  0.3909692E+01
  0.5980353E+02  0.1608467E+02  0.1794956E+02
  0.6258678E+02  0.1883783E+02  0.1797486E+02
  0.6249685E+02  0.1622201E+02  0.2037779E+02
  0.5967910E+02  0.1854312E+02  0.2050070E+02
  0.6131240E+02  0.1755707E+02  0.1914391E+02
  0.6385910E+02  0.1988312E+02  0.1928163E+02
  0.6393618E+02  0.1726807E+02  0.2504079E+00
  0.6112420E+02  0.1987376E+02  0.2254662E+00
