         
  0.6515772E+02  0.0000000E+00  0.2171924E+02
  0.0000000E+00  0.0000000E+00  0.2171924E+02
  0.6513769E+02  0.1833606E+02  0.2034682E+02
  0.2396071E+01  0.2128885E+02  0.2041677E+02
  0.2697763E+01  0.1862161E+02  0.1143889E+01
  0.6515085E+02  0.2134055E+02  0.1457775E+01
  0.1331053E+01  0.1994273E+02  0.2164530E+02
  0.3707354E+01  0.1064181E+01  0.2167834E+02
  0.3989252E+01  0.2008164E+02  0.2793233E+01
  0.1083404E+01  0.8070664E+00  0.2898389E+01
  0.5463325E+01  0.1853015E+02  0.2057343E+02
  0.8375419E+01  0.2163799E+02  0.2065162E+02
  0.7971992E+01  0.1876554E+02  0.1389387E+01
  0.5188617E+01  0.2127179E+02  0.8643052E+00
  0.7001872E+01  0.2007899E+02  0.2163155E+02
  0.1300934E+02  0.5090003E+01  0.4321056E+00
  0.7973526E+01  0.2121826E+02  0.3862001E+01
  0.6512300E+01  0.8763206E+00  0.2504491E+01
  0.1134774E+02  0.2104215E+02  0.1879901E+02
  0.2437509E+02  0.1055538E+02  0.5264044E+01
  0.2217493E+02  0.7278723E+00  0.1187982E+02
  0.1155204E+02  0.7665288E+01  0.2059535E+02
  0.1861434E+02  0.2096575E+02  0.4341475E+01
  0.3450495E+02  0.1909057E+02  0.4977524E+01
  0.9505629E+01  0.6192035E+01  0.5821519E+01
  0.2838052E+02  0.7540941E+01  0.7291823E+01
  0.1667198E+02  0.3492968E+01  0.7673623E+01
  0.1655171E+02  0.9123280E+01  0.9544665E+00
  0.3048579E+02  0.1368755E+02  0.1628334E+02
  0.1086975E+02  0.1845302E+02  0.4082040E+01
  0.1967210E+02  0.8193314E+00  0.8965813E+01
  0.2975336E+02  0.8404932E+01  0.1798470E+02
  0.1324555E+02  0.2087585E+02  0.2032706E+02
  0.3113156E+02  0.5591021E+01  0.1113973E+02
  0.1023214E-01  0.2095753E+01  0.2064445E+02
  0.2736090E+01  0.4750260E+01  0.2042651E+02
  0.2509744E+01  0.2247309E+01  0.1857075E+01
  0.6511488E+02  0.4926295E+01  0.1476949E+01
  0.1267531E+01  0.3324821E+01  0.3890522E-01
  0.3960525E+01  0.6246577E+01  0.5662131E-01
  0.4073543E+01  0.3843789E+01  0.2774108E+01
  0.1348679E+01  0.6273617E+01  0.2786642E+01
  0.5707191E+01  0.2220976E+01  0.2060606E+02
  0.8090589E+01  0.4380340E+01  0.2049797E+02
  0.9152896E+01  0.3423882E+01  0.2230608E+01
  0.5424874E+01  0.4768785E+01  0.1359051E+01
  0.7086903E+01  0.3175083E+01  0.6380934E+00
  0.1216784E+02  0.3988330E+01  0.1990224E+02
  0.9113791E+01  0.1035277E+01  0.4974413E+01
  0.6687859E+01  0.6387954E+01  0.2757457E+01
  0.1058873E+02  0.5183348E+01  0.1343931E+01
  0.2721463E+02  0.1157773E+02  0.1463551E+02
  0.2184525E+02  0.1554633E+02  0.1001827E+02
  0.1319858E+02  0.1189886E+02  0.4458738E+01
  0.1351847E+02  0.1477939E+02  0.2831083E+01
  0.1352662E+02  0.1307587E+00  0.4469556E+01
  0.2395657E+02  0.5263743E+01  0.8204497E+00
  0.9219507E+01  0.1482636E+02  0.3005837E+01
  0.3138201E+02  0.3315109E+01  0.1014631E+02
  0.1893478E+02  0.1277021E+02  0.3782229E+01
  0.1456985E+02  0.1158376E+02  0.1403314E+02
  0.1940119E+02  0.1690169E+02  0.1573943E+02
  0.1653795E+02  0.1686367E+02  0.8815086E+01
  0.1703574E+02  0.1881363E+02  0.2049931E+02
  0.1808030E+02  0.8874587E+01  0.8858632E+01
  0.1390056E+02  0.1940090E+02  0.1561970E+02
  0.6515596E+02  0.7696357E+01  0.2033868E+02
  0.2680171E+01  0.1060289E+02  0.2058346E+02
  0.2621705E+01  0.7820252E+01  0.1688119E+01
  0.1881173E+00  0.1021210E+02  0.1742239E+01
  0.1182586E+01  0.8979954E+01  0.1601168E-01
  0.4068368E+01  0.1202466E+02  0.2170402E+02
  0.4148891E+01  0.9101164E+01  0.2793700E+01
  0.1397756E+01  0.1200808E+02  0.2789255E+01
  0.5397498E+01  0.7721621E+01  0.2052562E+02
  0.1558119E+02  0.1427474E+02  0.1912316E+02
  0.1016921E+02  0.9355367E+01  0.1157733E+01
  0.5347472E+01  0.1059602E+02  0.1560459E+01
  0.6868963E+01  0.9108181E+01  0.8113460E-01
  0.9676520E+01  0.1170833E+02  0.4310276E+00
  0.1180714E+02  0.1651304E+02  0.1183968E+02
  0.6600987E+01  0.1184815E+02  0.2970479E+01
  0.8171247E+01  0.1065749E+02  0.2050883E+02
  0.2188957E+02  0.6863249E+01  0.2185574E+01
  0.2922627E+02  0.5385352E+01  0.9619597E+01
  0.1506590E+02  0.1357745E+02  0.1684690E+02
  0.1605282E+02  0.1163261E+02  0.8649224E+01
  0.1957421E+02  0.1126405E+02  0.8914213E+01
  0.2457579E+02  0.5248140E+01  0.1261726E+02
  0.2747840E+02  0.8668689E+01  0.5167758E+01
  0.1535036E+02  0.6473218E+01  0.1428233E+02
  0.2592896E+02  0.6340711E+01  0.9743658E+01
  0.2257397E+02  0.1836117E+02  0.1145367E+02
  0.1333986E+02  0.1094903E+02  0.1606328E+02
  0.2054209E+02  0.9785942E+01  0.4703283E+01
  0.3024572E+02  0.1600614E+01  0.1608884E+02
  0.4011543E+02  0.1380281E+02  0.1215213E+02
  0.3655911E+02  0.7986418E+01  0.1985738E+02
  0.2648061E-01  0.1286632E+02  0.2041730E+02
  0.2670574E+01  0.1563583E+02  0.2028520E+02
  0.2532480E+01  0.1312768E+02  0.1391090E+01
  0.6496652E+02  0.1604690E+02  0.1442950E+01
  0.1125766E+01  0.1449316E+02  0.1679401E+00
  0.3926401E+01  0.1700782E+02  0.2169405E+02
  0.3898431E+01  0.1445684E+02  0.2889521E+01
  0.1289786E+01  0.1748263E+02  0.2864410E+01
  0.5693750E+01  0.1301127E+02  0.2051255E+02
  0.8195413E+01  0.1582795E+02  0.2051722E+02
  0.8305585E+01  0.1312736E+02  0.1664454E+01
  0.5196754E+01  0.1587895E+02  0.1507810E+01
  0.6831253E+01  0.1452908E+02  0.3568104E+00
  0.9371562E+01  0.1719906E+02  0.2355778E+00
  0.1510051E+02  0.8471174E+00  0.6391151E+01
  0.6383425E+01  0.1756846E+02  0.2578236E+01
  0.1375389E+02  0.1649775E+02  0.6706013E+01
  0.1158451E+02  0.1741987E+02  0.1854554E+02
  0.1267884E+02  0.1398920E+02  0.5186533E+01
  0.2401805E+02  0.1192456E+02  0.1599112E+02
  0.2041795E+02  0.7925569E+00  0.4713648E+01
  0.2479205E+02  0.2170398E+02  0.1197683E+02
  0.1875112E+02  0.2027253E+01  0.7028224E+01
  0.8564522E+01  0.1237362E+01  0.1256439E+01
  0.2009770E+02  0.1570812E+02  0.8097321E+01
  0.1483568E+02  0.4546477E+01  0.9833970E+01
  0.3320923E+02  0.9539647E+01  0.9067247E+01
  0.2802107E+02  0.3691226E+00  0.3424972E+01
  0.1579375E+02  0.1977913E+02  0.1712092E+02
  0.2033661E+02  0.9135624E+01  0.9335738E+01
  0.2516118E+02  0.1291768E+00  0.1490305E+02
  0.1041560E+02  0.2134251E+02  0.1566060E+01
  0.3630761E-01  0.1855278E+02  0.4243200E+01
  0.2639392E+01  0.2124663E+02  0.4090748E+01
  0.2646018E+01  0.1887529E+02  0.6761120E+01
  0.6493107E+02  0.2143097E+02  0.6952934E+01
  0.1184562E+01  0.2020226E+02  0.5470182E+01
  0.3928716E+01  0.8806231E+00  0.5434440E+01
  0.4096645E+01  0.1996837E+02  0.8363623E+01
  0.1133710E+01  0.8082580E+00  0.8288112E+01
  0.5422226E+01  0.1889555E+02  0.4209409E+01
  0.1193845E+02  0.4247905E+01  0.4580505E+01
  0.7948020E+01  0.1862309E+02  0.6745979E+01
  0.5394676E+01  0.2139615E+02  0.7070962E+01
  0.6653451E+01  0.2022080E+02  0.5576116E+01
  0.1809885E+02  0.7274052E+01  0.2078787E+02
  0.9073873E+01  0.1728685E+02  0.5113886E+01
  0.6792167E+01  0.8318007E+00  0.8402264E+01
  0.2664750E+02  0.3565809E+00  0.1253355E+01
  0.2478923E+02  0.8765772E+01  0.1850807E+01
  0.1942900E+02  0.6153861E+01  0.1487539E+02
  0.1355754E+02  0.5894004E+01  0.5541571E+01
  0.1212994E+02  0.1578252E+02  0.1615084E+02
  0.1793024E+02  0.1659368E+02  0.1072256E+02
  0.1921062E+02  0.1714873E+02  0.3792546E+01
  0.1901384E+02  0.2096626E+02  0.1062924E+02
  0.1683037E+02  0.1977292E+02  0.1099328E+02
  0.2027524E+02  0.8647440E+01  0.1728614E+02
  0.1444650E+02  0.2060048E+02  0.1386241E+02
  0.9627522E+01  0.6740763E+01  0.2874257E+01
  0.1617298E+02  0.1458289E+02  0.1367996E+02
  0.2293129E+02  0.3314429E+01  0.1279148E+01
  0.2103056E+02  0.1763310E+02  0.1322943E+02
  0.1164172E+02  0.9466676E+01  0.8495329E+01
  0.6480512E+02  0.2053379E+01  0.4387511E+01
  0.2730314E+01  0.5073501E+01  0.4416226E+01
  0.2580449E+01  0.2218343E+01  0.6853273E+01
  0.6508507E+02  0.4476791E+01  0.6794833E+01
  0.1464034E+01  0.3502479E+01  0.5372815E+01
  0.4163138E+01  0.6569702E+01  0.5423507E+01
  0.4053634E+01  0.3558917E+01  0.8133908E+01
  0.1321642E+01  0.6231843E+01  0.7639861E+01
  0.5522502E+01  0.2286411E+01  0.4065354E+01
  0.9684659E+01  0.3990807E+01  0.1862880E+02
  0.6910406E+01  0.3677940E+01  0.5446109E+01
  0.5332962E+01  0.5069231E+01  0.6612692E+01
  0.8124069E+01  0.2291486E+01  0.6923254E+01
  0.2126658E+02  0.5007952E+01  0.1280050E+02
  0.1052234E+02  0.1916098E+02  0.1130604E+02
  0.6511519E+01  0.6289439E+01  0.8373402E+01
  0.1388472E+02  0.2113869E+02  0.7766371E+01
  0.8113444E+01  0.8329152E+01  0.2060242E+01
  0.1390818E+02  0.7443425E+01  0.2147707E+02
  0.1103293E+02  0.4946321E+01  0.6972917E+01
  0.9407268E+01  0.1971236E+02  0.2790632E+01
  0.1127737E+02  0.7757610E+01  0.1041767E+02
  0.1802814E+02  0.1095288E+02  0.7260762E+01
  0.2038648E+02  0.4776064E+01  0.1425523E+01
  0.1406632E+02  0.1133559E+01  0.1091103E+02
  0.2137481E+02  0.2046345E+02  0.1089813E+02
  0.2064922E+02  0.4098138E+01  0.8479300E+01
  0.3497129E+02  0.1911427E+02  0.9924309E+01
  0.2787911E+02  0.3828130E+01  0.7067697E+00
  0.1311727E+02  0.1389695E+02  0.1032275E+02
  0.2495378E+02  0.1292900E+02  0.4827025E+01
  0.1433544E+02  0.1134399E+02  0.1055038E+02
  0.6493891E+02  0.7693402E+01  0.4007702E+01
  0.2921734E+01  0.1031587E+02  0.4065621E+01
  0.2547518E+01  0.7901415E+01  0.6586946E+01
  0.6512588E+02  0.1034815E+02  0.6806521E+01
  0.1282404E+01  0.9216517E+01  0.5174765E+01
  0.4114031E+01  0.1154225E+02  0.5698905E+01
  0.3926697E+01  0.9424872E+01  0.7910586E+01
  0.1225826E+01  0.1185545E+02  0.8091379E+01
  0.5583587E+01  0.7731680E+01  0.4105949E+01
  0.7876595E+01  0.1007584E+02  0.3858011E+01
  0.8371021E+01  0.5055512E+01  0.3985429E+01
  0.5632335E+01  0.1069975E+02  0.6885074E+01
  0.6924420E+01  0.9073598E+01  0.5739767E+01
  0.8715867E+01  0.1317509E+02  0.6421898E+01
  0.8090755E+01  0.7323400E+01  0.7267329E+01
  0.7354055E+01  0.1204358E+02  0.8021318E+01
  0.1394557E+02  0.6622709E+01  0.2145996E+01
  0.1413355E+02  0.6088530E+01  0.8075974E+01
  0.1800191E+02  0.1309576E+02  0.1605624E+02
  0.2435664E+02  0.3664643E+01  0.1460581E+02
  0.2136423E+02  0.1814737E+02  0.1655169E+02
  0.1324362E+02  0.1476315E+02  0.1278764E+02
  0.2487786E+02  0.4812065E+01  0.6256758E+01
  0.1686418E+02  0.1606044E+02  0.1812220E+02
  0.1780674E+02  0.2130431E+01  0.4551481E+01
  0.2031785E+02  0.1735028E+02  0.1069722E+02
  0.3220220E+02  0.1467606E+02  0.3578129E+01
  0.2371988E+02  0.1879771E+02  0.1573168E+02
  0.2170417E+02  0.1485646E+02  0.2092882E+02
  0.3248983E+02  0.9019605E+01  0.2386910E+01
  0.3263452E+02  0.9258168E+01  0.2036758E+02
  0.2618860E+02  0.1407822E+02  0.1704504E+02
  0.6504299E+02  0.1329102E+02  0.4130276E+01
  0.2795219E+01  0.1614149E+02  0.4114263E+01
  0.2690270E+01  0.1326487E+02  0.6851908E+01
  0.6515091E+02  0.1590983E+02  0.6988572E+01
  0.1224921E+01  0.1479040E+02  0.5445248E+01
  0.4030039E+01  0.1762299E+02  0.5404765E+01
  0.4028324E+01  0.1453917E+02  0.8344615E+01
  0.1469961E+01  0.1712839E+02  0.8082172E+01
  0.5250762E+01  0.1314006E+02  0.4291540E+01
  0.1530410E+02  0.1310324E+02  0.3080912E+01
  0.9228465E+01  0.1428283E+02  0.8381442E+01
  0.5035097E+01  0.1592287E+02  0.6626286E+01
  0.6637019E+01  0.1453329E+02  0.5641964E+01
  0.7517659E+01  0.1593361E+02  0.3935190E+01
  0.8065341E+01  0.1573864E+02  0.9408911E+01
  0.6680423E+01  0.1697407E+02  0.7960998E+01
  0.1977250E+02  0.1378132E+02  0.6896929E+01
  0.1186695E+02  0.9580671E+00  0.7441438E+01
  0.1554020E+02  0.8131410E+01  0.2990031E+01
  0.1634539E+02  0.1446620E+02  0.8263061E+01
  0.9553899E+01  0.1199334E+02  0.1196036E+02
  0.2419922E+02  0.1599538E+02  0.1222578E+02
  0.2382266E+02  0.7381443E+01  0.9521962E+01
  0.1674589E+02  0.2728380E+01  0.1734262E+02
  0.1830887E+02  0.3855294E+01  0.1851205E+02
  0.2532230E+02  0.2129463E+02  0.1722839E+02
  0.1785253E+02  0.1584218E+01  0.1046715E+02
  0.1830703E+02  0.9864903E+01  0.1812607E+02
  0.1093537E+02  0.1833944E+02  0.2068039E+02
  0.9441798E+01  0.9365927E+01  0.7318583E+01
  0.1234388E+02  0.1167991E+02  0.9250391E+01
  0.9002651E+01  0.2035480E+02  0.8067160E+01
  0.2901299E-01  0.1834145E+02  0.9669126E+01
  0.2517761E+01  0.2114073E+02  0.9632763E+01
  0.2789157E+01  0.1853557E+02  0.1230813E+02
  0.6514867E+02  0.2135176E+02  0.1203149E+02
  0.1326313E+01  0.1971631E+02  0.1097293E+02
  0.3846440E+01  0.7795354E+00  0.1075389E+02
  0.4107657E+01  0.2001498E+02  0.1356442E+02
  0.1308258E+01  0.8534751E+00  0.1375900E+02
  0.5592312E+01  0.1854534E+02  0.9494372E+01
  0.8183260E+01  0.2124206E+02  0.9879907E+01
  0.8431865E+01  0.1836890E+02  0.1214708E+02
  0.5298266E+01  0.2132060E+02  0.1219985E+02
  0.6851650E+01  0.1981577E+02  0.1109231E+02
  0.1439302E+02  0.4626204E+01  0.3684816E+01
  0.9067365E+01  0.1514733E+02  0.1315564E+02
  0.6763804E+01  0.1245694E+01  0.1326479E+02
  0.9407415E+01  0.1641241E+02  0.1129800E+02
  0.1788414E+02  0.3620146E+01  0.2061923E+02
  0.1782391E+02  0.1116663E+02  0.2112289E+02
  0.1438241E+02  0.1935830E+02  0.1055890E+02
  0.1256198E+02  0.1496928E+02  0.5518113E+00
  0.1993991E+02  0.8125491E+01  0.1129414E+02
  0.9498674E+01  0.1200720E+01  0.1114553E+02
  0.1575363E+02  0.2155708E+02  0.1214745E+02
  0.3604285E+02  0.5449064E+01  0.1417001E+01
  0.1471539E+02  0.3876264E+01  0.1794295E+02
  0.1673141E+02  0.1235270E+02  0.4882893E+01
  0.1618500E+02  0.9054408E+01  0.1208287E+02
  0.2301213E+02  0.1805138E+02  0.8809979E+01
  0.2377805E+02  0.1552602E+02  0.8641215E+01
  0.2492446E+02  0.8129581E+01  0.7453443E+01
  0.1185373E+02  0.8718092E+01  0.1838451E+02
  0.8724058E-01  0.2084144E+01  0.9662530E+01
  0.2572905E+01  0.4985810E+01  0.9188668E+01
  0.2742798E+01  0.2108189E+01  0.1222828E+02
  0.6503348E+02  0.4774053E+01  0.1198761E+02
  0.1507229E+01  0.3551638E+01  0.1083238E+02
  0.3784242E+01  0.6500961E+01  0.1048476E+02
  0.4151666E+01  0.3607480E+01  0.1352391E+02
  0.1070055E+01  0.6240912E+01  0.1353044E+02
  0.5116986E+01  0.2376796E+01  0.9666753E+01
  0.7953698E+01  0.4551731E+01  0.9562898E+01
  0.8304036E+01  0.2759835E+01  0.1215354E+02
  0.5307504E+01  0.5327550E+01  0.1206284E+02
  0.6328921E+01  0.3620005E+01  0.1100151E+02
  0.9395838E+01  0.6011616E+01  0.1044865E+02
  0.9936083E+01  0.3856099E+01  0.1361413E+02
  0.6571325E+01  0.6324049E+01  0.1362757E+02
  0.1064518E+02  0.2047736E+01  0.9114979E+01
  0.2194218E+02  0.3522021E+01  0.1460291E+02
  0.1434750E+02  0.1776385E+02  0.4638074E+01
  0.1105911E+02  0.4651403E+01  0.1153580E+02
  0.1334664E+02  0.8075929E+01  0.5324313E+01
  0.2017252E+02  0.3983717E+01  0.2089693E+02
  0.1021623E+02  0.8090540E+01  0.1540247E+02
  0.1855653E+02  0.1721947E+02  0.7352365E+00
  0.9467210E+01  0.1978321E+02  0.1928411E+02
  0.1256856E+02  0.1005376E+02  0.2979198E+00
  0.2927647E+02  0.7556956E+01  0.1575461E+02
  0.1018670E+02  0.1412990E+02  0.5174475E+01
  0.2748006E+02  0.3654697E+01  0.1014127E+02
  0.1113683E+02  0.7637735E+01  0.4454854E+01
  0.1515808E+02  0.6148367E+01  0.1994548E+02
  0.1700096E+02  0.5277553E+01  0.9026821E+01
  0.6491918E+02  0.7512692E+01  0.9231853E+01
  0.2477778E+01  0.1033940E+02  0.9586337E+01
  0.2602846E+01  0.7530044E+01  0.1214197E+02
  0.6497376E+02  0.1036614E+02  0.1215993E+02
  0.9997564E+00  0.8829796E+01  0.1083747E+02
  0.4014048E+01  0.1177437E+02  0.1101737E+02
  0.3817615E+01  0.8857606E+01  0.1369740E+02
  0.1008136E+01  0.1187016E+02  0.1361680E+02
  0.4863058E+01  0.7932624E+01  0.9316004E+01
  0.8152458E+01  0.1039221E+02  0.9159696E+01
  0.8107420E+01  0.7550169E+01  0.1191840E+02
  0.5312579E+01  0.1019624E+02  0.1204230E+02
  0.6744183E+01  0.8801883E+01  0.1034314E+02
  0.1070093E+02  0.9725610E+01  0.1159145E+02
  0.9190385E+01  0.9035156E+01  0.1326312E+02
  0.6440090E+01  0.1159654E+02  0.1374356E+02
  0.3006524E+02  0.1048094E+02  0.4966036E+01
  0.1217301E+02  0.1539761E+01  0.2019142E+02
  0.2538687E+02  0.5600557E+01  0.1735183E+02
  0.1566521E+02  0.1261879E+02  0.1227656E+02
  0.2539224E+02  0.1886342E+02  0.1765617E+02
  0.2275220E+02  0.1176161E+02  0.1051923E+01
  0.1114709E+02  0.2793817E+00  0.3873857E+01
  0.1655395E+02  0.3498062E-01  0.2102281E+02
  0.1557321E+02  0.5004980E+01  0.6166193E+01
  0.3461967E+02  0.1856800E+02  0.7512448E+01
  0.3121428E+02  0.1124381E+02  0.1980644E+02
  0.1517481E+02  0.1140546E+02  0.1789918E+02
  0.4200760E+02  0.7945573E+01  0.9773077E+00
  0.3180767E+02  0.6424354E+01  0.8883171E+01
  0.4172133E+02  0.1477802E+02  0.1983932E+02
  0.1492981E+02  0.2102567E+02  0.2586231E+01
  0.6491538E+02  0.1288942E+02  0.9581472E+01
  0.2621593E+01  0.1600190E+02  0.9777473E+01
  0.2555332E+01  0.1311278E+02  0.1223122E+02
  0.1748231E+00  0.1573184E+02  0.1250036E+02
  0.1106487E+01  0.1442862E+02  0.1106380E+02
  0.4161310E+01  0.1735580E+02  0.1087636E+02
  0.3943100E+01  0.1469645E+02  0.1377748E+02
  0.1592681E+01  0.1717092E+02  0.1375056E+02
  0.5624714E+01  0.1315807E+02  0.9550436E+01
  0.1060179E+02  0.2116621E+02  0.6224048E+01
  0.7746431E+01  0.1327274E+02  0.1259358E+02
  0.5141740E+01  0.1599811E+02  0.1215903E+02
  0.6664414E+01  0.1462180E+02  0.1105750E+02
  0.2692088E+02  0.5334463E-01  0.2052697E+02
  0.1486825E+02  0.1811529E+02  0.1372429E+02
  0.6737664E+01  0.1715570E+02  0.1348246E+02
  0.1742754E+02  0.1905973E+02  0.1852596E+01
  0.3005618E+02  0.1788132E+02  0.1792896E+02
  0.1753249E+02  0.8139202E+01  0.6165734E+01
  0.1498344E+02  0.1954409E+02  0.1924090E+02
  0.1268437E+02  0.1613157E+02  0.9538394E+01
  0.2412532E+02  0.2024336E+02  0.2858425E+01
  0.2672609E+02  0.1214688E+02  0.2158092E+02
  0.1117844E+02  0.1456749E+02  0.1413805E+02
  0.1095250E+02  0.1946538E+02  0.9158899E+01
  0.2586871E+02  0.9400316E+01  0.1897069E+02
  0.1057900E+02  0.2078269E+02  0.1526465E+02
  0.2135563E+02  0.1360608E+02  0.1435189E+02
  0.1435409E+02  0.3081891E+01  0.1420999E+02
  0.2301601E+02  0.1120564E+02  0.7207740E+01
  0.1994128E+02  0.2627216E+01  0.3284863E+01
  0.1989653E+02  0.1350671E+01  0.1197256E+01
  0.1548147E+00  0.1855909E+02  0.1495495E+02
  0.2719950E+01  0.2123906E+02  0.1501034E+02
  0.2712328E+01  0.1846528E+02  0.1789040E+02
  0.6504959E+02  0.2103113E+02  0.1754025E+02
  0.1450670E+01  0.1982103E+02  0.1621458E+02
  0.4096535E+01  0.8612810E+00  0.1644370E+02
  0.4222307E+01  0.1998242E+02  0.1924541E+02
  0.1161539E+01  0.6098771E+00  0.1894649E+02
  0.5359874E+01  0.1856146E+02  0.1514046E+02
  0.8198095E+01  0.2146821E+02  0.1471269E+02
  0.8477168E+01  0.1841281E+02  0.1780200E+02
  0.5479131E+01  0.2121786E+02  0.1785978E+02
  0.7194410E+01  0.2004270E+02  0.1641149E+02
  0.2151580E+02  0.5430726E+01  0.1965037E+02
  0.9664116E+01  0.1193614E+01  0.1615931E+02
  0.6873426E+01  0.9478383E+00  0.1899983E+02
  0.1835637E+02  0.2037897E+02  0.8300605E+01
  0.1435735E+02  0.3807281E+01  0.2027893E+02
  0.3238330E+02  0.4863057E+01  0.6913089E+01
  0.2752386E+02  0.7294358E+01  0.1121658E+02
  0.1738240E+02  0.1565458E+02  0.3972531E+01
  0.1646619E+02  0.1803560E+02  0.3546421E+01
  0.1205906E+02  0.1980146E+02  0.5350548E+00
  0.1396936E+02  0.1559372E+01  0.1780942E+02
  0.1656885E+02  0.6577299E+01  0.4644086E+01
  0.1350181E+02  0.1022778E+02  0.1919090E+02
  0.2267577E+02  0.2048692E+02  0.9092276E+01
  0.2618692E+02  0.1434593E+02  0.9501170E+00
  0.1256546E+02  0.1068479E+02  0.1324055E+02
  0.4817591E+02  0.9915158E+01  0.5559455E+00
  0.2090194E+02  0.2532291E+01  0.6217931E+01
  0.1698644E+02  0.4229665E+01  0.3469005E+01
  0.6513935E+02  0.2187772E+01  0.1525864E+02
  0.2551275E+01  0.4788601E+01  0.1493071E+02
  0.2526258E+01  0.2047882E+01  0.1775411E+02
  0.6502667E+02  0.5090358E+01  0.1808022E+02
  0.1080593E+01  0.3743687E+01  0.1643471E+02
  0.3732422E+01  0.6241719E+01  0.1624491E+02
  0.4016590E+01  0.3428383E+01  0.1908707E+02
  0.1450461E+01  0.6309052E+01  0.1920050E+02
  0.5408326E+01  0.1959803E+01  0.1487175E+02
  0.7963530E+01  0.4846942E+01  0.1488136E+02
  0.8187893E+01  0.2475528E+01  0.1765392E+02
  0.5174768E+01  0.4860176E+01  0.1766252E+02
  0.6720769E+01  0.3435715E+01  0.1618066E+02
  0.1678868E+02  0.5474190E+01  0.2146891E+02
  0.1151421E+02  0.6637966E+01  0.1700903E+02
  0.6645705E+01  0.6025389E+01  0.1926754E+02
  0.1631615E+02  0.1460294E+01  0.1378642E+02
  0.2214388E+02  0.1693958E+02  0.2149823E+02
  0.1283825E+02  0.1863956E+02  0.1224415E+02
  0.1218163E+02  0.2907372E+01  0.1314775E+02
  0.2450473E+02  0.8431716E+01  0.1513934E+02
  0.1092939E+02  0.1366032E+02  0.2095470E+02
  0.1568341E+02  0.1982796E+02  0.6282047E+00
  0.9248687E+01  0.6079562E+01  0.1639569E+02
  0.2347694E+02  0.5643107E-01  0.6403255E+00
  0.2302344E+02  0.2141142E+02  0.6735388E+01
  0.1469204E+02  0.9409244E+01  0.2112596E+02
  0.2309430E+02  0.4084104E+01  0.8576548E+01
  0.2200570E+02  0.7174089E+01  0.1512584E+02
  0.1103648E+02  0.1019211E+02  0.1647674E+02
  0.1890781E+02  0.6056103E+01  0.1023542E+02
  0.2938288E+02  0.2017305E+02  0.4028847E+01
  0.6497663E+02  0.7403297E+01  0.1487070E+02
  0.2440398E+01  0.1045386E+02  0.1507096E+02
  0.2923257E+01  0.7721721E+01  0.1791056E+02
  0.6507339E+02  0.1033302E+02  0.1771851E+02
  0.1293437E+01  0.8706981E+01  0.1634871E+02
  0.3979715E+01  0.1171436E+02  0.1632176E+02
  0.3865485E+01  0.9159803E+01  0.1932984E+02
  0.1198919E+01  0.1166801E+02  0.1899911E+02
  0.5355215E+01  0.7577015E+01  0.1517421E+02
  0.7750350E+01  0.1002764E+02  0.1476433E+02
  0.8045478E+01  0.7607978E+01  0.1801905E+02
  0.5209289E+01  0.1036727E+02  0.1770276E+02
  0.6593792E+01  0.8854874E+01  0.1651208E+02
  0.8359011E+01  0.1299681E+02  0.1738864E+02
  0.9524696E+01  0.8980224E+01  0.1927273E+02
  0.6839704E+01  0.1173796E+02  0.1895783E+02
  0.1023369E+02  0.1584253E+02  0.6771587E+01
  0.1314901E+02  0.3201982E+01  0.7657106E+01
  0.2276785E+02  0.9011930E-01  0.1416135E+02
  0.1194102E+02  0.1173650E+02  0.2012856E+02
  0.1752383E+02  0.7650734E+01  0.1439040E+02
  0.1693451E+02  0.9228634E+01  0.2008580E+02
  0.1882662E+02  0.1497962E+02  0.1711224E+02
  0.2737202E+02  0.6996303E+01  0.1669526E+02
  0.1167562E+02  0.1005158E+01  0.1188966E+02
  0.2719214E+02  0.1240114E+02  0.4409520E+01
  0.3162683E+02  0.7051428E+01  0.1518845E+02
  0.2089980E+02  0.1325932E+02  0.1074833E+02
  0.2150536E+02  0.1191515E+02  0.1251127E+02
  0.1301195E+02  0.6831442E+01  0.1190227E+02
  0.2871753E+02  0.3972794E+01  0.1789369E+02
  0.2000096E+02  0.1001732E+02  0.1300925E+02
  0.6493007E+02  0.1314294E+02  0.1496665E+02
  0.2738114E+01  0.1585791E+02  0.1528401E+02
  0.2649983E+01  0.1312470E+02  0.1782458E+02
  0.6499864E+02  0.1543535E+02  0.1794098E+02
  0.1250900E+01  0.1425355E+02  0.1638749E+02
  0.4028069E+01  0.1721608E+02  0.1644647E+02
  0.4326060E+01  0.1447765E+02  0.1903948E+02
  0.1181514E+01  0.1697189E+02  0.1901810E+02
  0.5303057E+01  0.1316352E+02  0.1507036E+02
  0.7988709E+01  0.1629748E+02  0.1507677E+02
  0.1034057E+02  0.1570634E+02  0.1956137E+02
  0.5556028E+01  0.1591788E+02  0.1769072E+02
  0.6939154E+01  0.1455458E+02  0.1624321E+02
  0.1008177E+02  0.1699670E+02  0.1659330E+02
  0.1002459E+02  0.1475241E+02  0.1718928E+02
  0.6743851E+01  0.1713124E+02  0.1917781E+02
  0.1070624E+02  0.1222783E+02  0.1391981E+02
  0.1404739E+02  0.1723649E+02  0.1885088E+02
  0.1764977E+02  0.7292537E+01  0.1214449E+02
  0.1149860E+02  0.1606015E+01  0.1763870E+02
  0.2484246E+02  0.6448577E+01  0.2787169E+01
  0.2336156E+02  0.8362301E+00  0.1638218E+02
  0.2893004E+02  0.2390682E+01  0.1443754E+02
  0.2003320E+02  0.1410270E+02  0.1162447E+01
  0.9445901E+01  0.1082838E+02  0.5454199E+01
  0.1209918E+02  0.2089617E+02  0.1340156E+02
  0.1452301E+02  0.9088300E+01  0.1681118E+02
  0.2038716E+02  0.2776860E+01  0.1783287E+02
  0.1962812E+02  0.7607676E+01  0.1119256E+01
  0.1894851E+02  0.1178488E+02  0.1355691E+01
  0.2145281E+02  0.1292531E+02  0.8420832E+01
  0.2049193E+02  0.1100316E+02  0.1779515E+02
  0.4007819E+02  0.1863436E+02  0.1020450E+02
  0.3638319E+02  0.1858309E+01  0.1500588E+02
  0.2188435E+02  0.1538994E+02  0.1249218E+02
  0.3158979E+02  0.7674415E+01  0.2779346E+00
  0.4434468E+02  0.1292431E+02  0.5546717E+01
  0.4046120E+02  0.4320162E+01  0.1440369E+01
  0.5079042E+02  0.2096688E+02  0.1723773E+02
  0.3956354E+02  0.2009631E+02  0.1860900E+02
  0.4268134E+02  0.6768209E+01  0.6237872E+01
  0.2194055E+02  0.1344794E+02  0.5571042E+01
  0.1743813E+02  0.1201673E+02  0.1822133E+02
  0.3810386E+02  0.1137678E+02  0.1402150E+02
  0.3371266E+02  0.5617957E+01  0.1867907E+02
  0.4615127E+02  0.8684586E+01  0.1855522E+02
  0.3597213E+02  0.3738678E+01  0.1213638E+02
  0.3954258E+02  0.2049072E+02  0.9132375E+01
  0.2691013E+02  0.8499343E+01  0.9097786E+01
  0.4040313E+02  0.2111730E+02  0.1258551E+02
  0.4336772E+02  0.1573045E+01  0.1904690E+02
  0.1171027E+02  0.1763358E+02  0.7698730E+01
  0.3533241E+02  0.1196007E+02  0.1654302E+02
  0.3713385E+02  0.6695362E+01  0.4630634E+01
  0.2676911E+02  0.1323259E+02  0.1002821E+02
  0.2063769E+02  0.1804902E+02  0.1890786E+02
  0.4676344E+02  0.1399982E+02  0.2740637E+00
  0.1449465E+02  0.1014434E+01  0.1532362E+02
  0.2891811E+02  0.1244505E+02  0.1097887E+02
  0.3873083E+02  0.1950829E+02  0.7429702E+01
  0.2768692E+02  0.1535535E+02  0.1870157E+02
  0.3457744E+02  0.1106240E+02  0.3099036E+01
  0.4594088E+02  0.2143874E+02  0.3631011E+00
  0.3613318E+02  0.6695328E+01  0.1659862E+02
  0.3325651E+02  0.3363773E+01  0.8519178E+01
  0.3751140E+02  0.1087833E+02  0.2138702E+02
  0.3775792E+02  0.1862172E+01  0.1878527E+02
  0.2462436E+02  0.1995562E+02  0.2116274E+02
  0.5178707E+02  0.1793452E+01  0.7873402E+01
  0.2462290E+02  0.1804033E+02  0.1355716E+02
  0.3137568E+02  0.1529339E+02  0.1181942E+02
  0.3448586E+02  0.5087965E+01  0.1627334E+02
  0.4274812E+02  0.2063713E+02  0.6646576E+01
  0.5117495E+02  0.5604154E+01  0.1710640E+01
  0.2623957E+02  0.1512592E+02  0.5124746E+01
  0.3023878E+02  0.3873135E+01  0.1263776E+02
  0.3988074E+02  0.1034059E+02  0.1554648E+02
  0.2607828E+02  0.8833996E+01  0.1682999E+02
  0.2068524E+02  0.2059315E+02  0.7675369E+01
  0.3059426E+02  0.4156891E+01  0.5408090E+01
  0.3594957E+02  0.6023029E+01  0.6629838E+01
  0.3769077E+02  0.9169226E+01  0.1457714E+02
  0.4121872E+02  0.1197013E+02  0.2660337E+01
  0.2032625E+02  0.1300331E+02  0.1667417E+02
  0.3721525E+02  0.2146080E+02  0.1532301E+02
  0.1708038E+02  0.6245149E+00  0.2627918E+01
  0.3799125E+02  0.2037993E+01  0.2117442E+02
  0.2772580E+02  0.1540016E+02  0.2123777E+02
  0.2495479E+02  0.2249072E+01  0.1254631E+02
  0.4698082E+02  0.5383752E+01  0.7579974E+00
  0.3620578E+02  0.5645224E+01  0.1892093E+02
  0.3266242E+02  0.1303302E+00  0.7071007E+01
  0.2491733E+02  0.1918309E+02  0.1126471E+02
  0.3551652E+02  0.1170331E+02  0.6926133E+01
  0.1973644E+02  0.6927295E+01  0.1906452E+02
  0.4274596E+02  0.1859475E+02  0.1812833E+02
  0.2607060E+02  0.2057406E+02  0.9535447E+01
  0.2474798E+02  0.9335059E+01  0.1278635E+02
  0.2187577E+02  0.1975062E+02  0.1448984E+02
  0.1406084E+02  0.1423676E+02  0.7116147E+01
  0.2963939E+02  0.2004109E+02  0.1899722E+02
  0.1996935E+02  0.9741897E+01  0.2152615E+01
  0.4203205E+02  0.1723411E+02  0.1320947E+02
  0.2917531E+02  0.5344463E+01  0.2127568E+02
  0.4128047E+02  0.5056232E+01  0.1596644E+02
  0.2379810E+02  0.7267814E+01  0.1194390E+02
  0.2376866E+02  0.2961026E+01  0.5015214E+01
  0.1719589E+02  0.1779246E+02  0.1652390E+02
  0.2169068E+02  0.1631946E+02  0.3865686E+01
  0.3786067E+02  0.4224043E+01  0.9707374E+01
  0.3405065E+02  0.1323840E+02  0.4348569E+01
  0.3685956E+02  0.1428509E+02  0.9893579E+01
  0.3222635E+02  0.1623034E+02  0.1637787E+02
  0.2412375E+02  0.4375003E+00  0.9828794E+01
  0.3236307E+02  0.1177955E+02  0.9563459E+01
  0.3110118E+02  0.1370863E+02  0.1752386E+01
  0.4086817E+02  0.7490666E+01  0.4666697E+01
  0.3034725E+02  0.6284643E+01  0.4378530E+01
  0.2845552E+02  0.1417843E+02  0.5654439E+01
  0.3736671E+02  0.3944003E+01  0.1431725E+02
  0.1149801E+02  0.1020554E+02  0.4342038E+01
  0.3955651E+02  0.5869050E+01  0.1174860E+02
  0.4521870E+02  0.6930605E+01  0.2000850E+02
  0.3157924E+02  0.8532396E+01  0.7726288E+01
  0.3947934E+02  0.1159627E+01  0.2789167E+01
  0.4944254E+02  0.2202117E+01  0.7308402E+01
  0.3785896E+02  0.3993105E+00  0.9919199E+01
  0.1678286E+02  0.1115588E+02  0.1511461E+02
  0.2616070E+02  0.3317908E+01  0.4468161E+01
  0.2227396E+02  0.1970075E+02  0.1721731E+01
  0.1816362E+02  0.3432023E+01  0.1188086E+02
  0.2884194E+02  0.1778422E+02  0.1204441E+02
  0.3243537E+02  0.7539377E+01  0.4394284E+01
  0.2919669E+02  0.2123406E+02  0.1354104E+02
  0.2339488E+02  0.2153644E+02  0.1988358E+02
  0.2394021E+02  0.1032224E+02  0.2005808E+02
  0.3313304E+02  0.8211640E+01  0.1111032E+02
  0.2941711E+02  0.4242397E+01  0.1567429E+02
  0.4424975E+02  0.5553877E+01  0.1266342E+02
  0.3960478E+02  0.1109535E+02  0.4291516E+01
  0.4110571E+02  0.1010734E+02  0.1210434E+02
  0.2700104E+02  0.5353294E+01  0.1266214E+02
  0.2749749E+02  0.5517619E+01  0.1969043E+02
  0.4841942E+02  0.1971420E+02  0.2105644E+02
  0.2053601E+02  0.1822078E+02  0.6643179E+01
  0.3004466E+02  0.1150787E+02  0.1463629E+01
  0.3056331E+02  0.1756448E+02  0.1543026E+02
  0.2743812E+02  0.4593840E+00  0.1200575E+02
  0.3887186E+02  0.1664376E+02  0.1067768E+02
  0.1898126E+02  0.2077829E+02  0.2060662E+02
  0.4708031E+02  0.2002903E+02  0.1141116E+02
  0.4503133E+02  0.2006604E+02  0.4569542E+01
  0.2855364E+02  0.1084144E+02  0.3186888E+01
  0.4223838E+02  0.7266696E+01  0.1540932E+02
  0.2342770E+02  0.1274000E+02  0.1384057E+02
  0.3880109E+02  0.7600420E+01  0.1854764E+02
  0.3605010E+02  0.3449258E+01  0.5882014E+01
  0.2724358E+02  0.1580563E+02  0.9897163E+01
  0.2260737E+02  0.3842302E+01  0.1805903E+02
  0.2164547E+02  0.7371174E+01  0.1263528E+02
  0.1174375E+02  0.1943839E+02  0.5989645E+01
  0.3973862E+02  0.1388633E+02  0.1690565E+02
  0.2507658E+02  0.1687595E+02  0.1026801E+02
  0.1218875E+02  0.8644300E+01  0.2459365E+01
  0.3646362E+02  0.1140752E+02  0.1897045E+01
  0.3155150E+02  0.4724091E+01  0.1601867E+02
  0.5374753E+02  0.1563759E+02  0.1293084E+02
  0.1650762E+02  0.1009167E+02  0.5549105E+01
  0.1628362E+02  0.5902522E+01  0.1766422E+02
  0.3975455E+02  0.8239749E+00  0.5260611E+01
  0.3229180E+02  0.1930410E+02  0.2144931E+02
  0.2784559E+02  0.1853277E+02  0.5475810E+01
  0.1259632E+02  0.3157861E+01  0.1008749E+02
  0.5293636E+02  0.1717950E+02  0.5940898E+01
  0.3846565E+02  0.5238590E+01  0.1775783E+02
  0.2874824E+02  0.5953614E-01  0.7509942E+01
  0.1435793E+02  0.9694506E+01  0.4145115E+01
  0.4103089E+02  0.1767827E+01  0.2005797E+02
  0.3559233E+02  0.7951024E+01  0.1451681E+02
  0.3301182E+02  0.1719681E+02  0.2048255E+02
  0.2827409E+02  0.9271269E+01  0.1408066E+02
  0.2794411E+02  0.1963350E+02  0.2085390E+02
  0.3869144E+02  0.1261284E+02  0.1062571E+02
  0.2379920E+02  0.7684000E+01  0.4417270E+01
  0.1256929E+02  0.1723528E+02  0.3015335E+01
  0.4074993E+02  0.7090766E+00  0.1462083E+02
  0.1608486E+02  0.7490523E+01  0.8326868E+01
  0.2965268E+02  0.1866297E+02  0.2111827E+01
  0.3241643E+02  0.2013419E+02  0.3990129E+01
  0.3064975E+02  0.2064738E+02  0.1205770E+02
  0.4031751E+02  0.1284028E+02  0.1893050E+02
  0.3239411E+02  0.1784803E+02  0.1822435E+02
  0.2578181E+02  0.6975408E+01  0.5602439E+01
  0.1760668E+02  0.1342762E+02  0.2029569E+02
  0.2151199E+02  0.1032625E+02  0.2058758E+02
  0.2742792E+02  0.1605473E+01  0.5322525E+01
  0.4978035E+02  0.1402643E+01  0.1085435E+02
  0.3695996E+02  0.1986805E+02  0.1349059E+02
  0.2316336E+02  0.1004542E+02  0.1447060E+02
  0.3344957E+02  0.1573140E+02  0.7197303E+00
  0.3963901E+02  0.1508515E+02  0.3253711E+01
  0.3613450E+02  0.7827884E+01  0.2762420E+01
  0.3820509E+02  0.1796355E+02  0.1430570E+02
  0.2956502E+02  0.4099924E+00  0.1753166E+01
  0.3607551E+02  0.1639019E+02  0.8976104E+01
  0.2609222E+02  0.1005078E+02  0.3551461E+01
  0.3489254E+02  0.1665470E+02  0.4508877E+01
  0.4159821E+02  0.1686946E+02  0.1747054E+02
  0.2728960E+02  0.2873549E+01  0.1258158E+02
  0.1827004E+02  0.1720064E+02  0.7254154E+01
  0.4284175E+02  0.5909078E+01  0.1296388E+00
  0.4932338E+02  0.8378408E+01  0.3602883E+01
  0.2693386E+02  0.1760057E+02  0.2643315E+00
  0.3529179E+02  0.1190408E+02  0.2161226E+02
  0.2161743E+02  0.2160732E+01  0.2135786E+02
  0.3734524E+02  0.6887253E+01  0.8458599E+01
  0.3803145E+02  0.1686389E+02  0.3621219E+01
  0.1939538E+02  0.1487904E+02  0.1964878E+02
  0.1946866E+02  0.2947902E+01  0.1551348E+02
  0.1760005E+02  0.1449683E+02  0.6159935E+01
  0.4252519E+02  0.1803562E+02  0.4552557E+01
  0.2662592E+02  0.1686061E+02  0.1549145E+02
  0.3074911E+02  0.1113687E+00  0.9852981E+01
  0.2005719E+02  0.4245600E+01  0.1096376E+02
  0.3795206E+02  0.2115676E+01  0.8505361E+01
  0.3448329E+02  0.1669876E+02  0.1294141E+02
  0.4427288E+02  0.1046167E+02  0.5088893E+01
  0.3134418E+02  0.5880419E+00  0.1406154E+02
  0.1405480E+02  0.1982862E+02  0.5894276E+01
  0.2888458E+02  0.1514529E+02  0.8062228E+01
  0.2763289E+02  0.1758602E+02  0.1766328E+02
  0.3402817E+02  0.1284573E+02  0.1114640E+02
  0.3240009E+02  0.1497380E+02  0.7848219E+01
  0.4656026E+02  0.9903972E+01  0.4135987E+01
  0.2315298E+02  0.1623811E+02  0.2193799E+01
  0.3823735E+02  0.1549151E+01  0.1633229E+02
  0.2653561E+02  0.1983100E+02  0.1550358E+02
  0.3147406E+02  0.1126034E+02  0.1646500E+02
  0.1996889E+02  0.1177855E+02  0.5770652E+01
  0.4439791E+02  0.2047167E+02  0.1771867E+02
  0.5090169E+02  0.1640034E+02  0.4734530E+01
  0.4907570E+02  0.1423765E+02  0.1676958E+02
  0.2670514E+02  0.5629252E+01  0.3626564E+01
  0.4167552E+02  0.1003085E+02  0.1890624E+02
  0.4421281E+02  0.3374943E+01  0.1335029E+02
  0.3917761E+02  0.1635876E+02  0.1759196E+02
  0.2045501E+02  0.2008837E+02  0.1773093E+02
  0.4147610E+02  0.1919123E+02  0.1964949E+02
  0.3147007E+02  0.1525076E+02  0.1972977E+02
  0.4864718E+02  0.7294147E+01  0.7727703E+01
  0.4037730E+02  0.2727853E+01  0.1647150E+02
  0.3761904E+02  0.6733918E+01  0.1821042E+00
  0.2494050E+02  0.2092595E+01  0.3597888E+00
  0.2153659E+02  0.6062088E+01  0.8093689E+01
  0.3283357E+02  0.1861908E+02  0.1288985E+02
  0.3119305E+02  0.1307729E+02  0.1403490E+02
  0.2234262E+02  0.6334258E+01  0.9484633E-01
  0.3827315E+02  0.2578269E+01  0.5199113E+01
  0.1774778E+02  0.1880125E+02  0.5271334E+01
  0.1864900E+02  0.1412067E+02  0.1375532E+02
  0.1374942E+02  0.8399314E+01  0.7861943E+01
  0.2139117E+02  0.1244972E+02  0.2121331E+02
  0.4446552E+02  0.1408082E+02  0.2112968E+02
  0.3285313E+02  0.1283195E+02  0.1983823E+02
  0.1883103E+02  0.1649218E+02  0.1350665E+02
  0.3023742E+02  0.1556375E+02  0.4723769E+01
  0.4542672E+02  0.2084574E+02  0.1966356E+02
  0.3574161E+02  0.1456047E+02  0.5126755E+01
  0.1282085E+02  0.1182872E+02  0.6695843E+01
  0.2700994E+02  0.1628636E+02  0.2345463E+01
  0.3460160E+02  0.8873995E+01  0.1072011E+01
  0.2703500E+02  0.2106543E+02  0.6026672E+01
  0.2287518E+02  0.2105449E+01  0.1952204E+02
  0.3467933E+02  0.2615538E+00  0.4252475E+01
  0.4574555E+02  0.1117417E+02  0.1014437E+02
  0.2533427E+02  0.2148923E+02  0.7540873E+01
  0.1378233E+02  0.1901576E+02  0.1971079E+01
  0.3041109E+02  0.1833944E+02  0.8983067E+01
  0.2238007E+02  0.9274937E+01  0.6050360E+01
  0.2441649E+02  0.1771044E+02  0.4177244E+00
  0.1068637E+02  0.1335331E+02  0.1010416E+02
  0.2470913E+02  0.3262246E+01  0.1695101E+02
  0.2601783E+02  0.3850523E+01  0.2091809E+02
  0.3775128E+02  0.1348989E+02  0.4165144E+01
  0.3602837E+02  0.1047208E+02  0.1289001E+02
  0.4595280E+02  0.1908120E+02  0.2120289E+02
  0.3005457E+02  0.1237998E+02  0.6237818E+01
  0.3539375E+02  0.9446017E-01  0.1776783E+01
  0.1369201E+02  0.9208834E+01  0.1177785E+02
  0.3929966E+02  0.3562649E+01  0.3210602E+01
  0.1446205E+02  0.1554482E+01  0.2107039E+02
  0.5008222E+02  0.1794400E+02  0.1678125E+02
  0.3610119E+02  0.7024121E+01  0.1072653E+02
  0.3032889E+02  0.2576721E+01  0.2095705E+02
  0.1601936E+02  0.4545082E+01  0.1528545E+02
  0.1745465E+02  0.1104310E+02  0.1278180E+02
  0.3994080E+02  0.4042186E+01  0.6686592E+01
  0.4247018E+02  0.1563666E+02  0.6747919E+01
  0.2379500E+02  0.3686145E+01  0.1116755E+02
  0.3620544E+02  0.1251423E+02  0.1142242E+02
  0.4296298E+02  0.9352000E+01  0.1682168E+02
  0.3329721E+02  0.2950873E+01  0.1639712E+02
  0.3812811E+02  0.1226928E+02  0.6007687E+01
  0.2578809E+02  0.1547346E+02  0.1366776E+02
  0.3307731E+02  0.6789818E+00  0.1040578E+02
  0.5127443E+02  0.7749912E+01  0.1282462E+02
  0.2312353E+02  0.2022310E+01  0.7090884E+01
  0.4813205E+02  0.1621015E+02  0.6299935E+01
  0.4249192E+02  0.1065837E+02  0.1440515E+01
  0.4193488E+02  0.7909142E+01  0.1011942E+02
  0.3105873E+02  0.1617743E+02  0.9697047E+01
  0.4776311E+02  0.2036810E+02  0.2137150E+01
  0.4225250E+02  0.1926244E+01  0.1309676E+02
  0.4407576E+02  0.1192906E+02  0.1830962E+02
  0.2128468E+02  0.1397960E+02  0.3267522E+01
  0.2951125E+02  0.2221691E+01  0.6607564E+01
  0.1171459E+02  0.1945357E+02  0.1691434E+02
  0.1814091E+02  0.5447474E+01  0.1780246E+01
  0.2290006E+02  0.1031080E+02  0.1136598E+02
  0.4158308E+02  0.2016796E+02  0.4560810E+01
  0.2065570E+02  0.7960210E+01  0.7300133E+01
  0.4005043E+02  0.1536714E+02  0.2116954E+02
  0.2610064E+02  0.9885902E+01  0.6701074E+01
  0.1688607E+02  0.1303243E+02  0.9771974E+00
  0.5354717E+02  0.2904552E+01  0.2074076E+01
  0.3310453E+02  0.1669178E+02  0.2757485E+01
  0.4336976E+02  0.4124745E+01  0.1575903E+02
  0.3077410E+02  0.8568645E+01  0.1120413E+02
  0.2454520E+02  0.1429400E+02  0.1544889E+02
  0.2085624E+02  0.1282362E+01  0.1477735E+02
  0.2549095E+02  0.4004188E+01  0.8611630E+01
  0.2121762E+02  0.7485589E+00  0.1728307E+02
  0.3758519E+02  0.1899297E+02  0.2295932E+00
  0.2206885E+02  0.3905480E+01  0.3551810E+01
  0.3868888E+02  0.1036094E+02  0.1156864E+02
  0.3472476E+02  0.3708102E+01  0.4070207E+01
  0.2834962E+02  0.1620842E+01  0.2160215E+02
  0.1728409E+02  0.2159067E+02  0.1778251E+02
  0.3474438E+02  0.1529842E+02  0.7206836E+01
  0.3217839E+02  0.1886407E+02  0.2075904E+01
  0.3193724E+02  0.1259541E+02  0.7258261E+01
  0.4551436E+02  0.9747108E+00  0.1568260E+02
  0.3904161E+02  0.8314276E+01  0.1492698E+01
  0.1453081E+02  0.1775507E+02  0.8807944E+01
  0.4330985E+02  0.1626129E+02  0.2141900E+02
  0.4618056E+02  0.1128401E+02  0.1711427E+02
  0.3792057E+02  0.9561396E+01  0.3138610E+01
  0.2921130E+02  0.1206380E+02  0.2102674E+02
  0.4563004E+02  0.1287041E+01  0.3812863E+01
  0.3440596E+02  0.9894860E+01  0.1554146E+02
  0.3707876E+02  0.1882101E+02  0.1731331E+02
  0.3432083E+02  0.5933181E+01  0.1371443E+02
  0.2232833E+02  0.9473952E+01  0.1416131E+01
  0.2244359E+02  0.1904178E+02  0.2020424E+02
  0.4332443E+02  0.1396818E+02  0.1543421E+02
  0.2998008E+02  0.1428780E+02  0.2135774E+02
  0.3257524E+02  0.1740681E+02  0.7805136E+01
  0.3352941E+02  0.2118819E+02  0.1639034E+02
  0.4065917E+02  0.1507819E+02  0.5341420E+01
  0.1790737E+02  0.1174783E+01  0.1552959E+02
  0.2912648E+02  0.1947812E+02  0.1048071E+02
  0.4040459E+02  0.9760368E+01  0.5869183E+00
  0.2080707E+02  0.9405286E+01  0.1493278E+02
  0.3247486E+02  0.2163686E+02  0.6024934E+00
  0.3175063E+02  0.6208408E+01  0.2283957E+01
  0.2394006E+02  0.5891108E+01  0.1928588E+02
  0.3587342E+02  0.1515871E+02  0.1635829E+02
  0.3481970E+02  0.2446172E+01  0.1040154E+02
  0.4929379E+02  0.1447682E+02  0.2051745E+02
  0.3001125E+02  0.1539245E+02  0.1797883E+02
  0.4025679E+02  0.6472703E+00  0.1036017E+02
  0.3221464E+02  0.1105086E+02  0.1243905E+01
  0.3689387E+02  0.1235097E+02  0.1973171E+02
  0.1615516E+02  0.1457965E+02  0.1101330E+02
  0.2287726E+02  0.1090421E+02  0.1809041E+02
  0.2518405E+02  0.1368214E+01  0.1972936E+02
  0.3156937E+02  0.6347599E+01  0.1777880E+02
  0.4170558E+02  0.6320850E+01  0.8361477E+01
  0.3929760E+02  0.5460287E+01  0.8253679E+01
  0.3574404E+02  0.3531663E+01  0.8378300E+01
  0.1429662E+02  0.1604723E+02  0.1697852E+02
  0.3885603E+02  0.2009352E+02  0.1624562E+02
  0.1794626E+02  0.1514731E+02  0.1606735E+01
  0.4725785E+02  0.1131981E+02  0.2364559E+01
  0.2619716E+02  0.1118205E+02  0.1672826E+02
  0.2776330E+02  0.1085044E+02  0.1967029E+02
  0.2804740E+02  0.1327466E+02  0.1585960E+02
  0.2059721E+02  0.1775085E+02  0.1503392E+01
  0.1585488E+02  0.3286664E+01  0.1212524E+02
  0.3390915E+02  0.6039378E+01  0.1141241E+02
  0.3144788E+02  0.1092498E+02  0.1390025E+02
  0.1765666E+02  0.1896796E+01  0.3954838E+00
  0.4324723E+02  0.1124298E+02  0.8100239E+01
  0.1074759E+02  0.1619959E+02  0.1810636E+01
  0.2659362E+02  0.1307112E+02  0.1929362E+02
  0.3552931E+02  0.2075246E+02  0.1713812E+02
  0.1877442E+02  0.2099937E+02  0.1780798E+01
  0.4396715E+02  0.2416884E-01  0.1025336E+02
  0.3333545E+02  0.9035311E+01  0.5993350E+01
  0.2072470E+02  0.1961521E+02  0.2164543E+02
  0.3374890E+02  0.1403019E+01  0.1483819E+02
  0.3552906E+02  0.9582438E+01  0.4636651E+01
  0.3872921E+02  0.4524347E+01  0.2170024E+02
  0.1462708E+02  0.1060392E+02  0.6931462E+01
  0.4335751E+02  0.1828440E+02  0.1125858E+01
  0.5226391E+02  0.7896474E+01  0.1530779E+02
  0.4787294E+02  0.1638565E+01  0.3712339E+01
  0.3104175E+02  0.1731920E+02  0.6025210E+01
  0.5190767E+02  0.1002581E+02  0.1329951E+02
  0.3288732E+02  0.3750310E+01  0.2001381E+02
  0.3315454E+02  0.8301773E+01  0.1838172E+02
  0.1601824E+02  0.1519574E+01  0.8893750E+01
  0.3873068E+02  0.9905102E+01  0.1773611E+02
  0.3585735E+02  0.2146639E+02  0.6163517E+01
  0.2928098E+02  0.7790069E+01  0.9685431E+01
  0.1972206E+02  0.7651158E+01  0.5080497E+01
  0.3909354E+02  0.5466525E+01  0.1541191E+02
  0.3579921E+02  0.3943713E+00  0.1894371E+02
  0.2172319E+02  0.2678727E+01  0.1024311E+02
  0.2637515E+02  0.1188531E+02  0.1216978E+02
  0.2402792E+02  0.5976427E+01  0.1545319E+02
  0.3087962E+02  0.1711819E+02  0.1324750E+02
  0.4366421E+02  0.3565823E+01  0.2039076E+02
  0.2924712E+02  0.1069675E+02  0.1555481E+02
  0.4143802E+02  0.9596023E+01  0.4841964E+01
  0.3203701E+02  0.2024464E+02  0.1810935E+02
  0.3063367E+02  0.2048412E+02  0.7824853E+01
  0.5228706E+02  0.1962845E+02  0.1964425E+02
  0.3402034E+02  0.1592736E+02  0.1509692E+02
  0.1274764E+02  0.7338655E+01  0.1440400E+02
  0.3209922E+02  0.2134293E+01  0.1228227E+02
  0.4533480E+02  0.6341523E+01  0.1709315E+02
  0.4501529E+02  0.8485481E+01  0.1405958E+02
  0.1749105E+02  0.1072202E+02  0.1038159E+02
  0.3370431E+02  0.2107424E+02  0.2007042E+02
  0.3909507E+02  0.5424329E+01  0.4746618E+01
  0.3368025E+02  0.1488791E+02  0.1203751E+02
  0.1751257E+02  0.5117887E-01  0.6347629E+01
  0.4453134E+02  0.1675865E+02  0.9946138E+01
  0.5256960E+02  0.1959875E+02  0.1374367E+02
  0.3409522E+02  0.2023667E+01  0.1853630E+02
  0.3057485E+02  0.8907008E+01  0.1351285E+02
  0.3767848E+02  0.1853300E+02  0.1966356E+02
  0.2882774E+02  0.5681824E+01  0.2626396E+01
  0.1414118E+02  0.6699924E+01  0.1644915E+02
  0.2888411E+02  0.1160264E+02  0.8192517E+01
  0.2364621E+02  0.1340288E+02  0.2803882E+01
  0.2771377E+02  0.7845004E+01  0.1904794E+02
  0.3028368E+02  0.2045749E+02  0.2866750E+00
  0.1805460E+02  0.4437981E+01  0.1401163E+02
  0.3959732E+02  0.1210875E+02  0.2140701E+02
  0.4589260E+02  0.3504248E+01  0.1954320E+02
  0.4935667E+02  0.6394710E+01  0.7356286E+00
  0.3579394E+02  0.1527261E+02  0.9033839E+00
  0.4490162E+02  0.4492403E+01  0.3062656E+01
  0.1858018E+02  0.1408076E+02  0.1134992E+02
  0.3473515E+02  0.2088875E+02  0.8395416E+01
  0.3383337E+02  0.6551984E+01  0.1027881E+01
  0.4256327E+02  0.3653625E+01  0.3414750E+01
  0.4458953E+02  0.1701355E+02  0.1853767E+02
  0.1271276E+02  0.2095681E+02  0.1023076E+02
  0.2398407E+02  0.7952590E+01  0.2067264E+02
  0.2722004E+02  0.1841175E+02  0.1368093E+02
  0.1339750E+02  0.2436128E+01  0.5403358E+01
  0.9276138E+01  0.1140223E+02  0.1568764E+02
  0.2610571E+02  0.1969922E+02  0.1512689E+01
  0.2475171E+02  0.1165611E+02  0.1036573E+02
  0.2997120E+02  0.2099037E+02  0.1685771E+02
  0.4622579E+02  0.4730999E+01  0.6826297E+01
  0.2653778E+02  0.1151068E+02  0.8500216E+01
  0.3237595E+02  0.3402070E+01  0.4134413E+01
  0.2705362E+02  0.9433828E+01  0.1210031E+02
  0.3029342E+02  0.4240278E+01  0.1479657E+01
  0.2961714E+02  0.1401506E+02  0.1236876E+02
  0.3076069E+02  0.7206188E+01  0.1987017E+02
  0.4855223E+02  0.1730101E+02  0.2041993E+02
  0.3447031E+02  0.4188349E+01  0.1111298E+00
  0.3132315E+02  0.1720377E+01  0.8287657E+01
  0.4111269E+02  0.1747207E+02  0.7726994E+01
  0.5080653E+02  0.2169697E+02  0.2163617E+02
  0.3491049E+02  0.1581504E+02  0.1869977E+02
  0.3257691E+02  0.8951617E+01  0.1631422E+02
  0.3895816E+02  0.3470479E+01  0.1175221E+02
  0.1031570E+02  0.5538141E+01  0.2056147E+02
  0.4193057E+02  0.1948210E+02  0.1181839E+02
  0.1692708E+02  0.9057852E+01  0.1623669E+02
  0.1607155E+02  0.2082007E+02  0.8987119E+01
  0.2235033E+02  0.2119343E+02  0.4419886E+01
  0.1375797E+02  0.1324395E+02  0.2077708E+02
  0.3461394E+02  0.1189507E+02  0.1407087E+02
  0.1573796E+02  0.1654969E+02  0.1522336E+02
  0.2119786E+02  0.6181550E+01  0.4299833E+01
  0.3441674E+02  0.1333815E+02  0.1842511E+02
  0.2774135E+02  0.1555793E+02  0.1225288E+02
  0.4002163E+02  0.1370898E+02  0.1176825E+01
  0.1608252E+02  0.1388312E+01  0.1917721E+02
  0.3982928E+02  0.7947952E+00  0.1818103E+02
  0.1697875E+02  0.1818313E+02  0.1285299E+02
  0.2358410E+02  0.1840389E+02  0.4037639E+01
  0.4392396E+02  0.4174447E+01  0.6745093E+01
  0.2916465E+02  0.5758848E+01  0.1383357E+02
  0.2397177E+02  0.1503033E+02  0.6176879E+01
  0.4868679E+02  0.1305673E+01  0.1304242E+02
  0.9684771E+01  0.3764688E+01  0.8114237E+01
  0.2720797E+02  0.1179621E+01  0.1547919E+02
  0.2750507E+02  0.2747796E+01  0.7840051E+01
  0.3680461E+02  0.1815303E+02  0.7972797E+01
  0.3814419E+02  0.2131961E+02  0.1217236E+02
  0.3235449E+02  0.1276862E+01  0.2020036E+02
  0.5013127E+02  0.1486095E+02  0.6620459E+01
  0.5219163E+02  0.3608325E+01  0.1296938E+02
  0.2888191E+02  0.1725283E+02  0.3725534E+01
  0.1866254E+02  0.6222655E+01  0.1724827E+02
  0.3665987E+02  0.1733990E+02  0.1746496E+01
  0.2201046E+02  0.1638895E+02  0.7040557E+01
  0.2108291E+02  0.1870834E+02  0.4322950E+01
  0.2974379E+02  0.9435863E+01  0.7104014E+01
  0.4063881E+02  0.8846939E+01  0.1388617E+02
  0.3829603E+02  0.1610822E+02  0.1975308E+02
  0.3654506E+02  0.1044293E+02  0.1822784E+02
  0.1427285E+02  0.1581003E+02  0.2064510E+02
  0.3739106E+02  0.1511664E+01  0.1699719E+01
  0.2395984E+02  0.9776511E+01  0.8807264E+01
  0.1205949E+02  0.3815445E+01  0.1727472E+02
  0.3128216E+02  0.1955754E+02  0.5698917E+01
  0.2754887E+02  0.3781750E+00  0.1797809E+02
  0.2588110E+02  0.1740392E+02  0.4304077E+01
  0.2487026E+02  0.1067443E+02  0.5059791E+00
  0.2373767E+02  0.1445772E+02  0.5054883E+00
  0.2300617E+02  0.6242359E+01  0.6199149E+01
  0.4929599E+02  0.4666511E+01  0.1221800E+02
  0.1337765E+02  0.1343711E+02  0.1488079E+02
  0.1553885E+02  0.5968663E+01  0.1196703E+02
  0.3673568E+02  0.4010981E+01  0.2054896E+02
  0.3001603E+02  0.5801109E+01  0.7321133E+01
  0.4094572E+02  0.1400067E+02  0.1503760E+02
  0.4162387E+02  0.4083956E-01  0.2048394E+01
  0.2545771E+02  0.6249073E+01  0.2122890E+02
  0.1860415E+02  0.1955063E+02  0.1861013E+02
  0.3500144E+02  0.1868883E+02  0.2726908E+01
  0.4376458E+02  0.2330297E+01  0.5016773E+01
  0.4557397E+02  0.6793542E-01  0.1176815E+02
  0.4570251E+02  0.1320493E+02  0.3321916E+01
  0.3889477E+02  0.7270382E+01  0.1368692E+02
  0.5006511E+02  0.2628777E+01  0.1920257E+02
  0.2698207E+02  0.2606962E+01  0.1742696E+02
  0.4771210E+02  0.9221156E+00  0.9571732E+01
  0.4829336E+02  0.1846981E+02  0.1820495E+02
  0.5050867E+02  0.1972259E+02  0.1514655E+02
  0.5089689E+02  0.2076134E+02  0.4923050E+01
  0.5166259E+02  0.1347375E+02  0.1551731E+02
  0.4024421E+02  0.1010693E+01  0.2998032E+00
  0.3653282E+02  0.1302282E+02  0.1489839E+02
  0.4510487E+02  0.1739842E+02  0.2445939E+01
  0.3334306E+02  0.1325550E+02  0.5087349E+00
  0.3981256E+02  0.2032702E+02  0.2167107E+02
  0.4645566E+02  0.1802282E+02  0.1262704E+02
  0.5369419E+02  0.1570982E+02  0.1827774E+01
  0.5557984E+02  0.1162251E+02  0.1368097E+02
  0.4541175E+02  0.2086276E+02  0.2601558E+01
  0.5202609E+02  0.1570593E+02  0.1457922E+02
  0.5665378E+02  0.2119789E+02  0.2048769E+02
  0.5701892E+02  0.1823204E+02  0.1550783E+01
  0.5107492E+02  0.1797216E+02  0.3025779E+01
  0.5566955E+02  0.1963535E+02  0.2250864E+00
  0.5812071E+02  0.1080465E+01  0.2560020E+00
  0.5839799E+02  0.1975687E+02  0.2666366E+01
  0.5410643E+02  0.1931408E+01  0.4379466E+01
  0.5964567E+02  0.1836587E+02  0.2035524E+02
  0.6240707E+02  0.2118465E+02  0.2031388E+02
  0.6233165E+02  0.1861318E+02  0.1455199E+01
  0.5958490E+02  0.2128079E+02  0.1215798E+01
  0.6090000E+02  0.1975895E+02  0.2165117E+02
  0.6381653E+02  0.7611896E+00  0.8921172E-02
  0.6389624E+02  0.1997971E+02  0.2970890E+01
  0.6078221E+02  0.7724039E+00  0.2832350E+01
  0.4343352E+02  0.4648054E+01  0.8836869E+01
  0.3309355E+02  0.1402631E+02  0.1413638E+02
  0.3715530E+02  0.9242320E+01  0.9908163E+01
  0.4061418E+02  0.6677338E+01  0.2341218E+01
  0.5405034E+02  0.1834799E+02  0.2076945E+02
  0.5021199E+02  0.1247786E+02  0.6025055E+01
  0.5056075E+02  0.3347872E+01  0.4077747E+01
  0.3031870E+02  0.4056087E+01  0.1974470E+02
  0.4669703E+02  0.1634286E+01  0.2112665E+02
  0.4853492E+02  0.3255356E+01  0.5355568E+01
  0.4407123E+02  0.2007404E+02  0.8809584E+01
  0.4137116E+02  0.1648241E+02  0.1241694E+01
  0.4421381E+02  0.3644711E+01  0.1076053E+02
  0.5425329E+02  0.1032656E+02  0.2319788E+01
  0.4664520E+02  0.1446649E+02  0.1682439E+02
  0.5049023E+02  0.1630902E+02  0.1185322E+02
  0.5385572E+02  0.2014726E+01  0.2157733E+02
  0.5702899E+02  0.5280892E+01  0.2036737E+02
  0.5662450E+02  0.2242992E+01  0.1581852E+01
  0.5427854E+02  0.1036449E+02  0.1797545E+02
  0.5556817E+02  0.3771895E+01  0.2165086E+02
  0.5829896E+02  0.6396647E+01  0.3188618E+00
  0.5791440E+02  0.3677538E+01  0.3043304E+01
  0.5574356E+02  0.6466787E+01  0.3031324E+01
  0.5972896E+02  0.2199764E+01  0.2052024E+02
  0.6218365E+02  0.4901833E+01  0.2082645E+02
  0.6253106E+02  0.1840898E+01  0.1639095E+01
  0.5956810E+02  0.4982183E+01  0.1852980E+01
  0.6082883E+02  0.3390352E+01  0.6320933E+00
  0.6383529E+02  0.6272161E+01  0.2162402E+02
  0.6361525E+02  0.3663811E+01  0.2892870E+01
  0.6093417E+02  0.6548507E+01  0.2858479E+01
  0.4946803E+02  0.2083890E+02  0.1914464E+02
  0.4134791E+02  0.1553619E+02  0.9125471E+01
  0.4721724E+02  0.1276484E+02  0.1266787E+02
  0.4676837E+02  0.5299444E+01  0.2025685E+02
  0.4513405E+02  0.1489010E+02  0.1235490E+02
  0.4712422E+02  0.1833227E+02  0.5362633E+01
  0.3966329E+02  0.9039565E+01  0.2003375E+02
  0.2897750E+02  0.1946095E+02  0.1505664E+02
  0.5206003E+02  0.4679871E+01  0.1653900E+02
  0.4631580E+02  0.8315951E+01  0.1171698E+02
  0.5210720E+02  0.9280710E+01  0.1866935E+02
  0.3544669E+02  0.8571957E+01  0.1810081E+02
  0.5000923E+02  0.1065549E+02  0.3854553E+01
  0.4725775E+02  0.1528385E+02  0.1999263E+02
  0.5018152E+02  0.1692468E+02  0.9339301E+01
  0.5046406E+02  0.1380695E+02  0.1866972E+02
  0.5420060E+02  0.7711368E+01  0.2077427E+02
  0.5673846E+02  0.1063598E+02  0.2081915E+02
  0.5706514E+02  0.7784843E+01  0.1586502E+01
  0.4692913E+02  0.1830644E+02  0.1346582E+01
  0.5541177E+02  0.9170051E+01  0.4593479E+00
  0.5819733E+02  0.1179497E+02  0.3826655E+00
  0.5802314E+02  0.8805084E+01  0.3259839E+01
  0.5530967E+02  0.1191735E+02  0.3707197E+01
  0.5974668E+02  0.7710669E+01  0.2073457E+02
  0.6237810E+02  0.1046417E+02  0.2068353E+02
  0.6248109E+02  0.7594522E+01  0.1331219E+01
  0.5950057E+02  0.1040406E+02  0.1962171E+01
  0.6105916E+02  0.9214536E+01  0.4548838E+00
  0.6391418E+02  0.1159571E+02  0.2958991E+00
  0.6342076E+02  0.9190194E+01  0.2906783E+01
  0.6083938E+02  0.1168774E+02  0.3308268E+01
  0.4880721E+02  0.1727802E+02  0.2111169E+01
  0.5135769E+02  0.3370701E+01  0.1677230E+01
  0.3562353E+02  0.6484465E-01  0.1056849E+02
  0.3972904E+02  0.3593292E+01  0.1924498E+02
  0.3410008E+02  0.3344671E+01  0.1361345E+02
  0.4019873E+02  0.1988164E+02  0.2471510E+01
  0.4281522E+02  0.1375280E+02  0.8422465E+01
  0.4191583E+02  0.6125867E+01  0.1161974E+02
  0.5280796E+02  0.5972747E+01  0.5985541E+01
  0.4239512E+02  0.1831820E+02  0.9504314E+01
  0.4715736E+02  0.1088433E+02  0.1948894E+02
  0.4680442E+02  0.2626353E+01  0.7858051E+01
  0.5134832E+02  0.4409889E+01  0.1082171E+02
  0.5458481E+02  0.5207609E+01  0.1624046E+01
  0.3724492E+02  0.5743380E+01  0.1264618E+02
  0.4482466E+02  0.9587802E+01  0.8414526E+01
  0.5370216E+02  0.1304852E+02  0.2064034E+02
  0.5665037E+02  0.1532387E+02  0.2051058E+02
  0.5647398E+02  0.1300005E+02  0.1933158E+01
  0.5456378E+02  0.1554934E+02  0.1777042E+02
  0.5531018E+02  0.1444382E+02  0.4786983E+00
  0.5815732E+02  0.1689930E+02  0.2163679E+02
  0.5801099E+02  0.1427824E+02  0.3150266E+01
  0.4953351E+02  0.1099938E+02  0.7447863E+01
  0.5954119E+02  0.1333793E+02  0.2096098E+02
  0.6203246E+02  0.1558136E+02  0.2081911E+02
  0.6238553E+02  0.1272064E+02  0.1808055E+01
  0.5931297E+02  0.1582604E+02  0.1767637E+01
  0.6099761E+02  0.1432713E+02  0.8758669E+00
  0.6364777E+02  0.1709384E+02  0.9366081E-01
  0.6345921E+02  0.1472525E+02  0.2870816E+01
  0.6095699E+02  0.1731743E+02  0.2911513E+01
  0.4860782E+02  0.8167760E+01  0.1856007E+02
  0.4876296E+02  0.2047762E+02  0.1384881E+02
  0.5475962E+02  0.1238798E+02  0.1038647E+02
  0.4922545E+02  0.2641055E+01  0.8907856E+00
  0.4533999E+02  0.6588474E+01  0.4234973E+01
  0.4010390E+02  0.1830914E+02  0.5589187E+01
  0.3672052E+02  0.3596961E+01  0.2722073E+01
  0.5338180E+02  0.9279721E+01  0.6377608E+01
  0.4640293E+02  0.1955844E+02  0.9162106E+01
  0.3849532E+02  0.1608829E+02  0.8196871E+01
  0.4479892E+02  0.2617026E+00  0.6145137E+01
  0.4364643E+02  0.8281459E+01  0.1877416E+02
  0.4612464E+02  0.1721736E+01  0.1341445E+02
  0.5353289E+02  0.1251196E+02  0.1675087E+02
  0.5572056E+02  0.1147213E+02  0.8407271E+01
  0.5401614E+02  0.1721244E+01  0.9961528E+01
  0.5095230E+02  0.1689704E+02  0.2068857E+02
  0.5701828E+02  0.2107015E+02  0.4220890E+01
  0.5675218E+02  0.1842490E+02  0.7119939E+01
  0.4729949E+02  0.2068619E+02  0.1837189E+02
  0.4190568E+02  0.1580686E+02  0.3290099E+01
  0.5839173E+02  0.7924970E+00  0.5686283E+01
  0.5812059E+02  0.1977981E+02  0.8281050E+01
  0.5528265E+02  0.1718313E+02  0.2925185E+01
  0.5983749E+02  0.1876742E+02  0.4215636E+01
  0.6239096E+02  0.2138961E+02  0.4378317E+01
  0.6230775E+02  0.1841434E+02  0.7029082E+01
  0.5959063E+02  0.2109337E+02  0.6973674E+01
  0.6124753E+02  0.1996534E+02  0.5616650E+01
  0.6342618E+02  0.8368756E+00  0.5834815E+01
  0.6369242E+02  0.1972182E+02  0.8347882E+01
  0.6076213E+02  0.1084656E+01  0.8374659E+01
  0.4223674E+02  0.2027275E+02  0.2709032E+00
  0.5057562E+02  0.1400650E+02  0.2053029E+01
  0.5011789E+02  0.1826208E+02  0.7188333E+01
  0.3702239E+02  0.1675353E+02  0.6256580E+01
  0.4273250E+02  0.3433609E+01  0.9335017E+00
  0.3381124E+02  0.5539857E+01  0.5410530E+01
  0.3312985E+02  0.2019178E+02  0.1130671E+02
  0.4482912E+02  0.6175480E+01  0.1386995E+01
  0.3734611E+02  0.1029550E+02  0.7555283E+01
  0.5560715E+02  0.1988489E+02  0.5633801E+01
  0.5384871E+02  0.2056646E+02  0.7065420E+01
  0.4790024E+02  0.6999270E+01  0.1668004E+02
  0.4418306E+02  0.6337522E+01  0.1488689E+02
  0.4551282E+02  0.1833269E+01  0.1004889E+02
  0.5268209E+02  0.3522648E+01  0.8945800E+01
  0.4886822E+02  0.1109194E+01  0.2057279E+02
  0.5182139E+02  0.1999716E+02  0.9907732E+01
  0.5658866E+02  0.4704873E+01  0.4539933E+01
  0.5680922E+02  0.2003530E+01  0.6983252E+01
  0.5347287E+02  0.7464424E+01  0.3749006E+01
  0.5537104E+02  0.3344769E+01  0.5779271E+01
  0.5813973E+02  0.5752893E+01  0.6022872E+01
  0.5797886E+02  0.3157254E+01  0.8417309E+01
  0.5575110E+02  0.5878492E+01  0.8653360E+01
  0.5970133E+02  0.2533777E+01  0.4178905E+01
  0.6226340E+02  0.5181271E+01  0.4410343E+01
  0.6255232E+02  0.2204232E+01  0.7299818E+01
  0.5950927E+02  0.4358751E+01  0.7315289E+01
  0.6113411E+02  0.3437497E+01  0.5729964E+01
  0.6377479E+02  0.6388266E+01  0.5562073E+01
  0.6380765E+02  0.3669658E+01  0.8744699E+01
  0.6068301E+02  0.6327860E+01  0.8276356E+01
  0.2818650E+02  0.1639016E+00  0.9901338E+01
  0.4806011E+02  0.8516182E+01  0.1462252E+02
  0.4539196E+02  0.8873370E+01  0.1620022E+02
  0.5069225E+02  0.1164496E+02  0.1590558E+01
  0.5233072E+02  0.5556465E+01  0.1442879E+02
  0.4548029E+02  0.1940038E+02  0.1420831E+02
  0.4655773E+02  0.1525972E+02  0.2424210E+01
  0.5421031E+02  0.2069821E+02  0.1689178E+01
  0.4762931E+02  0.7817386E+01  0.1635793E+01
  0.5278334E+02  0.5599066E+01  0.2163425E+02
  0.4456151E+02  0.1435952E+02  0.9966314E+01
  0.5261580E+02  0.5425072E+00  0.5943942E+01
  0.4728526E+02  0.4309708E+01  0.1095835E+02
  0.4071959E+02  0.1281730E+02  0.9035242E+01
  0.4054575E+02  0.1196091E+02  0.1361886E+02
  0.5010134E+02  0.8878883E+01  0.8516289E+01
  0.4763681E+02  0.4679232E+01  0.1690318E+02
  0.5668772E+02  0.1036772E+02  0.4782694E+01
  0.5687204E+02  0.7423684E+01  0.7142531E+01
  0.4862555E+02  0.6939947E+01  0.1305653E+02
  0.5572915E+02  0.9521574E+01  0.6794538E+01
  0.5811159E+02  0.1187765E+02  0.5914040E+01
  0.5842067E+02  0.8881650E+01  0.8432394E+01
  0.5537772E+02  0.1454673E+02  0.6060350E+01
  0.5933284E+02  0.7270700E+01  0.4635598E+01
  0.6222466E+02  0.1029279E+02  0.4588204E+01
  0.6220610E+02  0.7637090E+01  0.7031853E+01
  0.5966532E+02  0.1026514E+02  0.7115453E+01
  0.6079061E+02  0.8798689E+01  0.5697099E+01
  0.6376123E+02  0.1190222E+02  0.5633364E+01
  0.6365206E+02  0.9089592E+01  0.8352292E+01
  0.6083754E+02  0.1159127E+02  0.8470753E+01
  0.4329551E+02  0.1525974E+02  0.1785480E+02
  0.4301635E+02  0.6086912E+01  0.1953214E+02
  0.4272515E+02  0.2065669E+01  0.1684588E+02
  0.4300930E+02  0.2113979E+02  0.1989575E+02
  0.3029404E+02  0.1338449E+02  0.9325047E+01
  0.4546406E+02  0.1427172E+02  0.1468653E+02
  0.3208526E+02  0.1106885E+02  0.3808896E+01
  0.4027075E+02  0.2275422E+01  0.8443784E+01
  0.3241767E+02  0.8975394E+00  0.4569489E+01
  0.5230309E+02  0.1135894E+02  0.5568780E+01
  0.5234547E+02  0.9237507E+01  0.2130993E+02
  0.4525983E+02  0.1166915E+02  0.1463765E+02
  0.4864587E+02  0.2147161E+02  0.4918224E+01
  0.4480141E+02  0.2318338E+01  0.1688881E+01
  0.4844054E+02  0.1551547E+02  0.1049875E+02
  0.3812323E+02  0.2089958E+02  0.5693368E+01
  0.5203794E+02  0.3586556E+01  0.6028599E+01
  0.5671722E+02  0.1589751E+02  0.4467570E+01
  0.5674760E+02  0.1308125E+02  0.7225667E+01
  0.5360597E+02  0.1324278E+02  0.4923306E+01
  0.4915349E+02  0.5990289E+01  0.5579343E+01
  0.5828638E+02  0.1730474E+02  0.5639736E+01
  0.5809133E+02  0.1437719E+02  0.8589708E+01
  0.5579693E+02  0.1723205E+02  0.8582137E+01
  0.5959673E+02  0.1298971E+02  0.4593857E+01
  0.6217006E+02  0.1607987E+02  0.4481103E+01
  0.6232944E+02  0.1329907E+02  0.6876956E+01
  0.5927163E+02  0.1592210E+02  0.7237594E+01
  0.6081305E+02  0.1471138E+02  0.5789840E+01
  0.6373228E+02  0.1748540E+02  0.5701663E+01
  0.6364344E+02  0.1453018E+02  0.8525002E+01
  0.6080945E+02  0.1744897E+02  0.8465117E+01
  0.4418038E+02  0.1258167E+02  0.1353954E+01
  0.3248494E+02  0.1888442E+02  0.1536022E+02
  0.4530365E+02  0.3957147E+01  0.1719796E+02
  0.3683988E+02  0.8385728E+01  0.6342236E+01
  0.4957086E+02  0.1165840E+02  0.1943176E+02
  0.5226266E+02  0.1466313E+02  0.1145493E+02
  0.4223495E+02  0.1162557E+02  0.5899467E+01
  0.5247983E+02  0.1898097E+02  0.7646547E+01
  0.4437630E+02  0.7879831E+01  0.1008814E+02
  0.4527526E+02  0.6470373E+01  0.8396560E+01
  0.4880474E+02  0.1518819E+02  0.3409847E+01
  0.4596124E+02  0.1220340E+02  0.6933175E+01
  0.4949930E+02  0.2072554E+02  0.1166310E+02
  0.5190397E+02  0.1530749E+02  0.8239778E+01
  0.5535102E+02  0.4479447E+00  0.8350952E+01
  0.4101985E+02  0.4111057E+01  0.1300719E+02
  0.5371688E+02  0.1847697E+02  0.9648427E+01
  0.5661206E+02  0.2092864E+02  0.9575799E+01
  0.5668421E+02  0.1856792E+02  0.1248050E+02
  0.5085475E+02  0.8707535E+01  0.1063070E+02
  0.5516609E+02  0.1978643E+02  0.1100725E+02
  0.5808752E+02  0.4905269E+00  0.1107338E+02
  0.5824249E+02  0.1999205E+02  0.1366576E+02
  0.5528449E+02  0.7729485E+00  0.1379554E+02
  0.5932387E+02  0.1867028E+02  0.9930861E+01
  0.6232225E+02  0.2125575E+02  0.9521020E+01
  0.6249176E+02  0.1842889E+02  0.1251000E+02
  0.5966997E+02  0.2137256E+02  0.1234771E+02
  0.6101027E+02  0.1979762E+02  0.1091236E+02
  0.6361672E+02  0.8151638E+00  0.1079585E+02
  0.6403232E+02  0.2005070E+02  0.1366733E+02
  0.6090554E+02  0.1066754E+01  0.1384090E+02
  0.3337719E+02  0.1144186E+02  0.5873594E+01
  0.4678325E+02  0.1768441E+02  0.1028086E+02
  0.4552715E+02  0.8280593E+01  0.2524810E+01
  0.4551975E+02  0.1033780E+02  0.1249845E+02
  0.5224080E+02  0.7011610E+01  0.1935889E+02
  0.5015600E+02  0.8934030E+01  0.1567908E+02
  0.3745313E+02  0.1379200E+02  0.1840512E+01
  0.3638708E+02  0.1467121E+02  0.2016381E+02
  0.4882896E+02  0.3248160E+01  0.9382137E+01
  0.5231614E+02  0.1077120E+02  0.1060893E+02
  0.5216764E+02  0.5641684E+00  0.1089304E+02
  0.4149825E+02  0.1045355E+02  0.9649601E+01
  0.5432207E+02  0.4567759E+01  0.7388980E+01
  0.4778272E+02  0.1240015E+02  0.1582446E+02
  0.5248989E+02  0.2478751E+01  0.1613056E+02
  0.4954290E+02  0.1911113E+02  0.9447019E+01
  0.5197715E+02  0.7615587E+01  0.7686226E+01
  0.5687545E+02  0.4395679E+01  0.9993732E+01
  0.5691192E+02  0.1719024E+01  0.1259710E+02
  0.5452993E+02  0.7740571E+01  0.9582849E+01
  0.5541787E+02  0.3166015E+01  0.1125889E+02
  0.5830906E+02  0.6048169E+01  0.1101707E+02
  0.5827443E+02  0.3107102E+01  0.1405648E+02
  0.5427622E+02  0.4706901E+01  0.1286193E+02
  0.5931373E+02  0.1942177E+01  0.9766709E+01
  0.6194274E+02  0.4927949E+01  0.9780896E+01
  0.6258264E+02  0.1977128E+01  0.1228861E+02
  0.5958188E+02  0.4550752E+01  0.1240169E+02
  0.6088207E+02  0.3283233E+01  0.1108244E+02
  0.6361934E+02  0.6280929E+01  0.1090614E+02
  0.6384874E+02  0.3445883E+01  0.1364686E+02
  0.6095372E+02  0.6214978E+01  0.1343468E+02
  0.4952577E+02  0.5591425E+00  0.2098093E+01
  0.3505857E+02  0.8582700E+01  0.1230736E+02
  0.5020043E+02  0.1030123E+02  0.2137499E+02
  0.4092632E+02  0.1579874E+02  0.1136065E+02
  0.5705051E+02  0.1040829E+02  0.1497230E+02
  0.3082595E+02  0.1098791E+02  0.1140853E+02
  0.4250238E+02  0.1566562E+01  0.9359455E+01
  0.3157426E+02  0.1944006E+01  0.2391502E+01
  0.4762652E+02  0.1513645E+02  0.1261511E+02
  0.2889790E+02  0.1734199E+02  0.7164879E+01
  0.4737568E+02  0.1043974E+02  0.6298070E+01
  0.3530652E+02  0.1033267E+02  0.8991207E+01
  0.4183164E+02  0.1824580E+02  0.1542813E+02
  0.5044715E+02  0.1302978E+02  0.1121270E+02
  0.5584480E+02  0.6020872E+01  0.1409673E+02
  0.5230508E+02  0.1836623E+02  0.1180668E+02
  0.4798533E+02  0.1223332E+02  0.1041604E+02
  0.5721500E+02  0.1017836E+02  0.9780126E+01
  0.5704788E+02  0.7610920E+01  0.1260854E+02
  0.4675979E+02  0.1691382E+02  0.1715438E+02
  0.4851478E+02  0.8026499E+01  0.1086801E+02
  0.5963481E+02  0.1030420E+02  0.1246514E+02
  0.5554912E+02  0.9252569E+01  0.1125460E+02
  0.5059392E+02  0.1130175E+02  0.1470940E+02
  0.5954383E+02  0.7499888E+01  0.9849822E+01
  0.6220174E+02  0.1024345E+02  0.9726813E+01
  0.6253075E+02  0.7920873E+01  0.1247353E+02
  0.5832623E+02  0.8789655E+01  0.1387246E+02
  0.6086927E+02  0.8961261E+01  0.1111824E+02
  0.6346551E+02  0.1172879E+02  0.1094397E+02
  0.6383657E+02  0.9140730E+01  0.1379876E+02
  0.6104202E+02  0.1162513E+02  0.1347196E+02
  0.2959515E+02  0.1074687E+02  0.1806808E+02
  0.4708935E+02  0.4929633E+01  0.4482584E+01
  0.3599607E+02  0.1817368E+02  0.1198919E+02
  0.4163071E+02  0.1145436E+01  0.6984166E+01
  0.4376615E+02  0.2059075E+02  0.1282188E+02
  0.4691582E+02  0.3027007E+01  0.1173211E+01
  0.4039005E+02  0.1301168E+02  0.6722172E+01
  0.4661319E+02  0.1170112E+02  0.2169480E+02
  0.4280660E+02  0.1365615E+02  0.3595073E+01
  0.5260046E+02  0.9615615E+01  0.3901977E+01
  0.4567836E+02  0.1887656E+02  0.1654363E+02
  0.4978470E+02  0.6700494E+01  0.2006338E+02
  0.5215451E+02  0.6658158E+01  0.9825318E+01
  0.3844867E+02  0.1914012E+02  0.3949328E+01
  0.4945949E+02  0.1547052E+01  0.1727000E+02
  0.3758169E+02  0.1681987E+02  0.1621276E+02
  0.4633892E+02  0.1333841E+02  0.9073251E+01
  0.5674539E+02  0.1571156E+02  0.9995954E+01
  0.5674227E+02  0.1317032E+02  0.1273533E+02
  0.4660589E+02  0.5957340E+01  0.1253074E+02
  0.5533284E+02  0.1459457E+02  0.1138078E+02
  0.5805091E+02  0.1717210E+02  0.1127895E+02
  0.5852269E+02  0.1456388E+02  0.1393774E+02
  0.5549863E+02  0.1713579E+02  0.1376793E+02
  0.5961855E+02  0.1317623E+02  0.9735101E+01
  0.6209285E+02  0.1589875E+02  0.9900537E+01
  0.6230911E+02  0.1311868E+02  0.1239321E+02
  0.5963851E+02  0.1589351E+02  0.1239056E+02
  0.6097438E+02  0.1440641E+02  0.1130262E+02
  0.6379624E+02  0.1713491E+02  0.1124660E+02
  0.6377359E+02  0.1468529E+02  0.1378595E+02
  0.6088830E+02  0.1724599E+02  0.1386481E+02
  0.4772680E+02  0.8105494E+01  0.5386513E+01
  0.4647148E+02  0.1560776E+02  0.8050598E+01
  0.4452060E+02  0.1161633E+02  0.2068484E+02
  0.4974441E+02  0.3637017E+01  0.1600309E+02
  0.4753434E+02  0.6409597E+01  0.9593867E+01
  0.5081545E+02  0.1932810E+02  0.2163877E+02
  0.5551115E+02  0.4951889E+00  0.3019057E+01
  0.4516815E+02  0.1397931E+02  0.1877084E+02
  0.4484973E+02  0.1563140E+02  0.6099322E+01
  0.4139683E+02  0.5196286E+01  0.5157628E+01
  0.4837634E+02  0.7684681E-01  0.7384293E+01
  0.5433350E+02  0.1578964E+02  0.7563306E+01
  0.5239361E+02  0.1764997E+02  0.7781544E+00
  0.5379444E+02  0.2121396E+02  0.1222895E+02
  0.5402767E+02  0.1851330E+02  0.4603923E+01
  0.4321938E+02  0.5420830E+00  0.1476574E+02
  0.5396212E+02  0.1836853E+02  0.1530283E+02
  0.5674254E+02  0.2111467E+02  0.1534567E+02
  0.5663316E+02  0.1856048E+02  0.1784682E+02
  0.5317012E+02  0.2082899E+02  0.1760999E+02
  0.5515613E+02  0.1970153E+02  0.1658558E+02
  0.5821906E+02  0.5567010E+00  0.1671977E+02
  0.5811559E+02  0.1985049E+02  0.1930697E+02
  0.5523470E+02  0.1328847E+01  0.1940689E+02
  0.5939868E+02  0.1858718E+02  0.1523328E+02
  0.6241677E+02  0.2102346E+02  0.1501442E+02
  0.6242199E+02  0.1827094E+02  0.1781991E+02
  0.5973619E+02  0.2095143E+02  0.1802853E+02
  0.6081068E+02  0.1970475E+02  0.1659097E+02
  0.6348370E+02  0.8153863E+00  0.1648070E+02
  0.6385930E+02  0.1990114E+02  0.1890903E+02
  0.6096935E+02  0.8177960E+00  0.1927416E+02
  0.1850961E+02  0.1696981E+02  0.2000654E+02
  0.4027190E+02  0.1953010E+02  0.1441594E+02
  0.4803222E+02  0.1940309E+02  0.7248852E+01
  0.4834671E+02  0.1206930E+02  0.4841449E+01
  0.4999364E+02  0.9968370E+01  0.1772600E+02
  0.3514530E+02  0.1798848E+02  0.1982335E+02
  0.4418817E+02  0.1707791E+02  0.1253792E+02
  0.5233275E+02  0.1484321E+02  0.3355368E+01
  0.4326274E+02  0.9292787E+01  0.3039275E+01
  0.4552538E+02  0.1670418E+02  0.2052767E+02
  0.5343121E+02  0.1369234E+01  0.1780843E+02
  0.5131178E+02  0.1042195E+01  0.3757747E+01
  0.4265509E+02  0.8399531E+01  0.1269520E+02
  0.4982273E+02  0.1535161E+02  0.1384527E+02
  0.4205885E+02  0.1263245E+02  0.1713158E+02
  0.5338473E+02  0.2132567E+02  0.2113014E+02
  0.5435993E+02  0.2875418E+01  0.1454938E+02
  0.5687256E+02  0.4668958E+01  0.1534255E+02
  0.5697992E+02  0.2297767E+01  0.1792281E+02
  0.5412305E+02  0.5317816E+01  0.1754577E+02
  0.5560955E+02  0.3471500E+01  0.1657510E+02
  0.5806928E+02  0.6006455E+01  0.1656877E+02
  0.5816309E+02  0.3805352E+01  0.1915963E+02
  0.5548175E+02  0.6802243E+01  0.1906970E+02
  0.5959859E+02  0.2154960E+01  0.1572230E+02
  0.6224353E+02  0.4919790E+01  0.1484630E+02
  0.6229486E+02  0.2094621E+01  0.1789249E+02
  0.5980252E+02  0.5104113E+01  0.1783278E+02
  0.6103641E+02  0.3805073E+01  0.1661769E+02
  0.6350178E+02  0.6351593E+01  0.1641155E+02
  0.6365158E+02  0.3607869E+01  0.1956438E+02
  0.6099856E+02  0.6617804E+01  0.1934666E+02
  0.5105282E+02  0.6513108E+01  0.4080767E+01
  0.3525997E+02  0.1992319E+02  0.2167242E+02
  0.5263940E+02  0.1977978E+02  0.3362357E+01
  0.3629306E+02  0.1438095E+02  0.1289315E+02
  0.4933240E+02  0.1362967E+02  0.8855238E+01
  0.3468141E+02  0.2457872E+01  0.1749607E+01
  0.4085888E+02  0.6014634E+01  0.1845374E+02
  0.3490912E+02  0.1780333E+02  0.1718310E+02
  0.4693275E+02  0.2080847E+02  0.1535150E+02
  0.4856367E+02  0.1619872E+02  0.1570628E+02
  0.3508478E+02  0.9763474E+01  0.2094054E+02
  0.3762718E+02  0.1629135E+02  0.1248143E+02
  0.5021700E+02  0.2899047E+01  0.1390156E+02
  0.4687446E+02  0.1480063E+02  0.4999773E+01
  0.5242090E+02  0.2653453E+01  0.1971357E+02
  0.5160271E+02  0.1769822E+02  0.1856695E+02
  0.5455954E+02  0.3938344E+01  0.1937351E+02
  0.5829629E+02  0.1186345E+02  0.1134806E+02
  0.5714998E+02  0.8003328E+01  0.1794811E+02
  0.4753091E+02  0.1080611E+02  0.1409809E+02
  0.5575793E+02  0.9200597E+01  0.1652599E+02
  0.5836209E+02  0.1168798E+02  0.1622399E+02
  0.5823801E+02  0.9278200E+01  0.1954303E+02
  0.5536820E+02  0.1199017E+02  0.1941448E+02
  0.5960790E+02  0.7452609E+01  0.1526620E+02
  0.6231561E+02  0.1032713E+02  0.1489137E+02
  0.6219982E+02  0.7855847E+01  0.1790990E+02
  0.5963030E+02  0.1028737E+02  0.1793789E+02
  0.6089813E+02  0.8922338E+01  0.1613344E+02
  0.6344521E+02  0.1170558E+02  0.1640771E+02
  0.6388470E+02  0.9192377E+01  0.1907601E+02
  0.6084753E+02  0.1188151E+02  0.1949442E+02
  0.4479514E+02  0.1776151E+02  0.4856290E+01
  0.5102324E+02  0.1194852E+02  0.9067925E+01
  0.5271091E+02  0.1132611E+02  0.4635435E+00
  0.4882843E+02  0.4887755E+01  0.1891331E+02
  0.4214006E+02  0.1192949E+02  0.2008865E+02
  0.5418908E+02  0.1356762E+02  0.1449246E+02
  0.4727924E+02  0.7398568E+00  0.1721426E+02
  0.4875468E+02  0.1896212E+02  0.3703664E+01
  0.4487721E+02  0.7741708E+01  0.6460648E+01
  0.5283375E+02  0.1409538E+02  0.1857626E+02
  0.5402972E+02  0.1080415E+02  0.1215896E+02
  0.3757987E+02  0.1983405E+01  0.1285575E+02
  0.5294790E+02  0.1685044E+02  0.1669720E+02
  0.4960317E+02  0.1312138E+02  0.1334920E+02
  0.5449631E+02  0.7226559E+01  0.1562896E+02
  0.3475368E+02  0.1338056E+02  0.8714198E+01
  0.5689150E+02  0.1278639E+02  0.1774758E+02
  0.5694105E+02  0.1592598E+02  0.1503212E+02
  0.5583609E+02  0.1437845E+02  0.1624130E+02
  0.5299348E+02  0.1350543E+02  0.9585032E+01
  0.5004226E+02  0.1561781E+02  0.6711241E+00
  0.5807319E+02  0.1707367E+02  0.1645846E+02
  0.5845702E+02  0.1427114E+02  0.1916695E+02
  0.5554413E+02  0.1690051E+02  0.1940016E+02
  0.5984610E+02  0.1293825E+02  0.1495296E+02
  0.6226454E+02  0.1580321E+02  0.1517511E+02
  0.6233086E+02  0.1293176E+02  0.1802556E+02
  0.5957123E+02  0.1577286E+02  0.1766190E+02
  0.6106879E+02  0.1415903E+02  0.1645881E+02
  0.6393001E+02  0.1702893E+02  0.1643076E+02
  0.6355158E+02  0.1440393E+02  0.1937769E+02
  0.6098979E+02  0.1684215E+02  0.1906867E+02
