         
  0.6515772E+02  0.0000000E+00  0.2171924E+02
  0.0000000E+00  0.0000000E+00  0.2171924E+02
  0.6476841E+02  0.1945695E+02  0.2143190E+02
  0.2518402E+01  0.6827157E+00  0.2102773E+02
  0.2653342E+01  0.1946053E+02  0.1921327E+01
  0.6480598E+02  0.5554057E+00  0.2199240E+01
  0.1236088E+01  0.2085848E+02  0.7477755E+00
  0.3825817E+01  0.1847790E+01  0.8925739E+00
  0.3739445E+01  0.2042593E+02  0.3724037E+01
  0.1239740E+01  0.1681722E+01  0.3433617E+01
  0.5179845E+01  0.1924624E+02  0.2137553E+02
  0.7779525E+01  0.2836865E+00  0.2105322E+02
  0.7716436E+01  0.1927971E+02  0.2207498E+01
  0.4922056E+01  0.3559705E+00  0.2474989E+01
  0.6310639E+01  0.2092865E+02  0.8548976E+00
  0.8997980E+01  0.3629240E+01  0.3954194E+01
  0.8111344E+01  0.2113614E+00  0.4838486E+01
  0.6427458E+01  0.1516075E+01  0.3992486E+01
  0.1083090E+02  0.8425484E-01  0.1915745E+02
  0.2501213E+02  0.1369823E+02  0.7101659E+01
  0.2199021E+02  0.1416876E+01  0.1100702E+02
  0.1198744E+02  0.7957651E+01  0.1995808E+02
  0.1612958E+02  0.1245200E+01  0.3441398E+01
  0.3143298E+02  0.1067776E+02  0.3645075E+01
  0.9967858E+01  0.8301475E+01  0.6640882E+01
  0.2641400E+02  0.1785523E+01  0.9265996E+01
  0.1795672E+02  0.9904821E+01  0.4136233E+01
  0.1750752E+02  0.1119406E+02  0.1797609E+02
  0.2611042E+02  0.8104324E+01  0.1827482E+02
  0.1249602E+02  0.1877965E+02  0.3209889E+01
  0.1972755E+02  0.4764458E+01  0.5668993E+01
  0.2307818E+02  0.6756474E+01  0.2765443E+00
  0.1081436E+02  0.1930492E+02  0.2158023E+02
  0.2633229E+02  0.4187779E+01  0.8515666E+01
  0.6508124E+02  0.3356817E+01  0.2082791E+02
  0.2336438E+01  0.6104748E+01  0.2112686E+02
  0.2334162E+01  0.3316746E+01  0.2144214E+01
  0.6495419E+02  0.5887383E+01  0.2119493E+01
  0.1145678E+01  0.4586977E+01  0.6370472E+00
  0.4031638E+01  0.7072412E+01  0.7806746E+00
  0.3558164E+01  0.4537909E+01  0.3672561E+01
  0.1304922E+01  0.7136643E+01  0.3660841E+01
  0.4888859E+01  0.3521920E+01  0.2137972E+02
  0.8252566E+01  0.5381556E+01  0.2089165E+02
  0.7375268E+01  0.2852012E+01  0.2471354E+01
  0.5149749E+01  0.5609443E+01  0.2248344E+01
  0.6538067E+01  0.4392976E+01  0.5478422E+00
  0.1361058E+02  0.4828223E+01  0.2028815E+02
  0.1049884E+02  0.6686589E+00  0.5180989E+01
  0.6467787E+01  0.7026687E+01  0.3521910E+01
  0.1252385E+02  0.2382633E+01  0.2429728E+01
  0.2692635E+02  0.1175840E+02  0.1265643E+02
  0.2134633E+02  0.1547474E+02  0.5484570E+01
  0.1135373E+02  0.5885029E+01  0.5051083E+01
  0.1265881E+02  0.1621834E+02  0.2047863E+00
  0.1704656E+02  0.1493890E+01  0.5565237E+01
  0.1926237E+02  0.7752752E+01  0.1070338E+00
  0.9241193E+01  0.1539860E+02  0.3510597E+01
  0.3008889E+02  0.1945485E+02  0.7046597E+01
  0.1692466E+02  0.1280802E+02  0.5739789E+01
  0.1532890E+02  0.1195719E+02  0.1000787E+02
  0.2103918E+02  0.1617712E+02  0.1546017E+02
  0.1889651E+02  0.1900439E+02  0.6689225E+01
  0.2106431E+02  0.1924129E+02  0.2010189E+00
  0.2132263E+02  0.1008099E+02  0.1203385E+02
  0.1821131E+02  0.1088894E+00  0.1662804E+02
  0.6487250E+02  0.8599961E+01  0.2149257E+02
  0.2469998E+01  0.1122281E+02  0.2134297E+02
  0.2736361E+01  0.8321023E+01  0.2356708E+01
  0.1726459E-01  0.1101390E+02  0.2185800E+01
  0.1426768E+01  0.9627219E+01  0.6921723E+00
  0.3786036E+01  0.1282856E+02  0.6671046E+00
  0.3910414E+01  0.9801946E+01  0.3426505E+01
  0.1191701E+01  0.1261810E+02  0.3501857E+01
  0.5722699E+01  0.8389971E+01  0.2116353E+02
  0.1201655E+02  0.1293570E+02  0.1786214E+02
  0.1109320E+02  0.1081049E+02  0.2814908E+01
  0.5065880E+01  0.1121056E+02  0.2124799E+01
  0.6770059E+01  0.1009436E+02  0.9110800E+00
  0.1005852E+02  0.1428878E+02  0.5023218E+00
  0.1243724E+02  0.2023824E+02  0.6964515E+01
  0.6580896E+01  0.1261642E+02  0.3453821E+01
  0.9017408E+01  0.1089401E+02  0.1498554E+01
  0.1952646E+02  0.1406732E+02  0.2001007E+02
  0.2449111E+02  0.1942465E+02  0.9126152E+01
  0.1591314E+02  0.2034959E+02  0.1113628E+02
  0.1647947E+02  0.1499419E+02  0.6784878E+01
  0.1923442E+02  0.1305447E+02  0.6083876E+01
  0.2180393E+02  0.4829067E+00  0.1636258E+02
  0.2739778E+02  0.7922854E+01  0.4747229E+01
  0.1438956E+02  0.7961872E+01  0.1298392E+02
  0.2552174E+02  0.1579692E+00  0.1184167E+02
  0.2276117E+02  0.1389229E+02  0.6540050E+01
  0.1281015E+02  0.1116306E+02  0.1329826E+02
  0.1730753E+02  0.1047635E+02  0.6478602E+01
  0.3201746E+02  0.1245081E+02  0.1220188E+02
  0.4158884E+02  0.1460350E+02  0.1096058E+02
  0.3545217E+02  0.5431023E+01  0.1043229E+01
  0.6499249E+02  0.1388211E+02  0.2110124E+02
  0.2338445E+01  0.1690185E+02  0.2101258E+02
  0.2407840E+01  0.1406811E+02  0.2159301E+01
  0.6513540E+02  0.1641052E+02  0.2038099E+01
  0.1102122E+01  0.1527033E+02  0.5958412E+00
  0.3667649E+01  0.1804810E+02  0.6645609E+00
  0.3894926E+01  0.1524898E+02  0.3446702E+01
  0.1234392E+01  0.1820426E+02  0.3329934E+01
  0.5345577E+01  0.1385585E+02  0.2098648E+02
  0.7764776E+01  0.1699843E+02  0.2160894E+02
  0.8152173E+01  0.1377687E+02  0.2095734E+01
  0.5077802E+01  0.1667260E+02  0.1958590E+01
  0.6388962E+01  0.1510786E+02  0.7888396E+00
  0.9458066E+01  0.1774165E+02  0.1270370E+01
  0.1705823E+02  0.3521475E+01  0.8163444E+01
  0.6390555E+01  0.1795287E+02  0.3618161E+01
  0.1465194E+02  0.1876226E+02  0.1943993E+02
  0.1499027E+02  0.2030030E+02  0.1528806E+02
  0.1644516E+02  0.1555628E+02  0.2771862E+01
  0.2389537E+02  0.1278629E+02  0.1177982E+02
  0.1711079E+02  0.2024025E+01  0.2075850E+02
  0.2329666E+02  0.2013616E+01  0.5418985E+01
  0.1808142E+02  0.7408937E+01  0.3833478E+01
  0.8636736E+01  0.1340089E+01  0.1339665E+01
  0.2338350E+02  0.1894345E+02  0.4330169E+01
  0.1267746E+02  0.7122835E+01  0.9830257E+01
  0.3738733E+02  0.6569970E+01  0.7344690E+01
  0.1916570E+02  0.2074770E+01  0.7068767E+00
  0.2005108E+02  0.2048648E+02  0.1614454E+02
  0.2333241E+02  0.8420660E+01  0.9382948E+01
  0.2695894E+02  0.1828252E+02  0.1504611E+02
  0.1135942E+02  0.2033417E+02  0.2013988E+01
  0.6509622E+02  0.1939878E+02  0.5013283E+01
  0.2455860E+01  0.3670668E+00  0.4833327E+01
  0.2578864E+01  0.1944227E+02  0.7779478E+01
  0.6510603E+02  0.7811851E+00  0.7645392E+01
  0.1275751E+01  0.2079293E+02  0.6488065E+01
  0.3783160E+01  0.1812963E+01  0.6140089E+01
  0.3749201E+01  0.2085640E+02  0.8791971E+01
  0.1178623E+01  0.2342789E+01  0.8776478E+01
  0.5228929E+01  0.1925991E+02  0.4903254E+01
  0.1000613E+02  0.2958299E+01  0.5883397E+01
  0.7926510E+01  0.1931437E+02  0.7778623E+01
  0.5027630E+01  0.3823574E+00  0.7591159E+01
  0.6569841E+01  0.2068282E+02  0.6221929E+01
  0.1934093E+02  0.9522862E+01  0.1787946E+02
  0.9242340E+01  0.1811064E+02  0.6140147E+01
  0.6543722E+01  0.1931447E+01  0.9140963E+01
  0.2732036E+02  0.3578701E+01  0.3862024E+01
  0.2356930E+02  0.7356034E+01  0.2541068E+01
  0.1967027E+02  0.1120459E+02  0.1520491E+02
  0.1551399E+02  0.6744476E+01  0.5611940E+01
  0.1450954E+02  0.1527782E+02  0.1842517E+02
  0.1962971E+02  0.1652520E+02  0.7152624E+01
  0.1950371E+02  0.2160950E+02  0.1668750E+01
  0.1353849E+02  0.2670579E+01  0.1273803E+02
  0.1824458E+02  0.2869801E+01  0.1071918E+02
  0.1528313E+02  0.2270322E+01  0.1798905E+02
  0.1329918E+02  0.1861460E+02  0.1514921E+02
  0.9236322E+01  0.7177125E+01  0.6454902E+00
  0.1059194E+02  0.1794052E+02  0.1343029E+02
  0.1934280E+02  0.3920705E+01  0.3421328E+01
  0.1871079E+02  0.1851865E+02  0.9265948E+01
  0.1106529E+02  0.1167371E+02  0.7870595E+01
  0.6481307E+02  0.3139554E+01  0.4653360E+01
  0.2518232E+01  0.6090505E+01  0.5046266E+01
  0.2508202E+01  0.3594450E+01  0.7321487E+01
  0.6478981E+02  0.6093227E+01  0.7494704E+01
  0.8731839E+00  0.4659155E+01  0.6168211E+01
  0.3985618E+01  0.7240090E+01  0.6163016E+01
  0.3948487E+01  0.4622830E+01  0.9093931E+01
  0.1140449E+01  0.7314419E+01  0.8572026E+01
  0.5138394E+01  0.3119029E+01  0.5030782E+01
  0.9772592E+01  0.3753793E+01  0.1992856E+02
  0.6720290E+01  0.4492917E+01  0.6403515E+01
  0.5253816E+01  0.5743964E+01  0.7481388E+01
  0.8080779E+01  0.3030142E+01  0.7671935E+01
  0.1848723E+02  0.1835643E+01  0.1291739E+02
  0.1162681E+02  0.2002240E+02  0.1239304E+02
  0.6735235E+01  0.6801198E+01  0.8932740E+01
  0.1655949E+02  0.2089498E+02  0.7156784E+01
  0.7795218E+01  0.8273574E+01  0.2052509E+01
  0.1076403E+02  0.6344371E+01  0.2332354E+01
  0.1122055E+02  0.4695062E+01  0.7172817E+01
  0.9038636E+01  0.2101118E+02  0.2742737E+01
  0.1069847E+02  0.8947279E+01  0.1060852E+02
  0.1428180E+02  0.1075459E+02  0.4119683E+01
  0.2149559E+02  0.6512355E+01  0.1909010E+02
  0.1589394E+02  0.1332732E+01  0.7867869E+01
  0.2193082E+02  0.2004299E+02  0.6180937E+01
  0.2172367E+02  0.3836176E+01  0.1068211E+02
  0.3158609E+02  0.2170589E+01  0.1062610E+02
  0.3284122E+02  0.1348462E+01  0.1627645E+00
  0.1253659E+02  0.1630807E+02  0.9802838E+01
  0.2662787E+02  0.1627963E+02  0.9156599E+01
  0.1441463E+02  0.1269283E+02  0.7878435E+01
  0.1363480E-01  0.8630391E+01  0.5052647E+01
  0.2809717E+01  0.1141427E+02  0.4706533E+01
  0.2689260E+01  0.8567841E+01  0.7462819E+01
  0.6513238E+02  0.1137335E+02  0.7636001E+01
  0.1473419E+01  0.1016488E+02  0.6342350E+01
  0.4148850E+01  0.1263618E+02  0.6307483E+01
  0.4030037E+01  0.9671259E+01  0.8935709E+01
  0.1392178E+01  0.1276435E+02  0.8906487E+01
  0.5139653E+01  0.8453550E+01  0.4922876E+01
  0.7868347E+01  0.1118976E+02  0.4982556E+01
  0.7923332E+01  0.5812665E+01  0.4800405E+01
  0.5218903E+01  0.1118635E+02  0.7494027E+01
  0.6488384E+01  0.9814909E+01  0.6152174E+01
  0.7815057E+01  0.1362407E+02  0.7972074E+01
  0.7925979E+01  0.8621269E+01  0.7484898E+01
  0.6403958E+01  0.1231540E+02  0.9152029E+01
  0.1365992E+02  0.1047050E+02  0.1472369E+00
  0.1449929E+02  0.1731810E+01  0.5823095E+01
  0.2260177E+02  0.1444566E+02  0.1087627E+02
  0.2432818E+02  0.2156518E+02  0.1392331E+02
  0.1596998E+02  0.1730005E+02  0.1824055E+02
  0.1394620E+02  0.1523731E+02  0.8207694E+01
  0.2364306E+02  0.2148737E+02  0.1038002E+02
  0.1709514E+02  0.1849666E+02  0.1441024E+02
  0.2027554E+02  0.9395549E+01  0.4851741E+01
  0.1584775E+02  0.1805560E+02  0.9843836E+01
  0.3195745E+02  0.8422661E+01  0.3893736E+01
  0.2084545E+02  0.1858195E+02  0.1039651E+02
  0.1954866E+02  0.1646856E+02  0.3239728E+00
  0.2969740E+02  0.7640278E+01  0.4760849E+01
  0.2726124E+02  0.1019505E+02  0.1836826E+02
  0.2403821E+02  0.1576576E+02  0.1784021E+02
  0.6498614E+02  0.1406549E+02  0.4968838E+01
  0.2612774E+01  0.1692486E+02  0.4881395E+01
  0.2730527E+01  0.1402963E+02  0.7565428E+01
  0.4491255E-01  0.1673194E+02  0.7535650E+01
  0.1346000E+01  0.1546099E+02  0.6209022E+01
  0.3837764E+01  0.1796656E+02  0.6457181E+01
  0.3988767E+01  0.1533179E+02  0.8980083E+01
  0.1180169E+01  0.1800320E+02  0.9028544E+01
  0.5598628E+01  0.1409003E+02  0.4819227E+01
  0.1209179E+02  0.1507635E+02  0.3762963E+01
  0.9087250E+01  0.1550828E+02  0.8910411E+01
  0.5419875E+01  0.1672320E+02  0.7799977E+01
  0.6735045E+01  0.1509272E+02  0.6577266E+01
  0.7824535E+01  0.1684168E+02  0.4967054E+01
  0.7928003E+01  0.1679887E+02  0.1069884E+02
  0.6593003E+01  0.1811522E+02  0.9238694E+01
  0.1842672E+02  0.1829169E+02  0.4442276E+01
  0.1403661E+02  0.2045701E+02  0.9436487E+01
  0.1472086E+02  0.9132300E+01  0.2696366E+01
  0.1758177E+02  0.1608080E+02  0.4966552E+01
  0.9602290E+01  0.1497324E+02  0.1100873E+02
  0.1664622E+02  0.2060211E+02  0.1352657E+02
  0.2270654E+02  0.9153290E+01  0.3989740E+01
  0.1513396E+02  0.1124710E+01  0.1602796E+02
  0.1404160E+02  0.5777616E+01  0.5201678E+00
  0.2221384E+02  0.1856511E+02  0.1838893E+02
  0.2012163E+02  0.4900178E+01  0.9092699E+01
  0.2236217E+02  0.1403612E+02  0.1497799E+02
  0.1050898E+02  0.2747881E+01  0.3801346E+00
  0.9796293E+01  0.9849115E+01  0.8717700E+01
  0.1218018E+02  0.1601849E+02  0.6878622E+01
  0.9212350E+01  0.2103400E+02  0.8870747E+01
  0.6501268E+02  0.1960106E+02  0.1010092E+02
  0.2552200E+01  0.6696968E+00  0.9796318E+01
  0.2649281E+01  0.1944279E+02  0.1276603E+02
  0.5481453E-01  0.2758681E+00  0.1308391E+02
  0.1127493E+01  0.2103999E+02  0.1124945E+02
  0.3923815E+01  0.1275485E+01  0.1153102E+02
  0.3993900E+01  0.2042689E+02  0.1443725E+02
  0.1578349E+01  0.1785335E+01  0.1419866E+02
  0.5146460E+01  0.1949636E+02  0.1035274E+02
  0.7909272E+01  0.5229249E+00  0.1054002E+02
  0.7767897E+01  0.1927939E+02  0.1343682E+02
  0.5469531E+01  0.3622564E+00  0.1323347E+02
  0.6544945E+01  0.2067720E+02  0.1168598E+02
  0.1374476E+02  0.2140431E+02  0.5146632E+01
  0.9341616E+01  0.2038475E+02  0.1475005E+02
  0.6931415E+01  0.1714698E+01  0.1449986E+02
  0.9093608E+01  0.1840705E+02  0.1159361E+02
  0.1832120E+02  0.5597240E+01  0.2135561E+02
  0.1838000E+02  0.1293263E+02  0.1640879E+02
  0.1381388E+02  0.1941785E+02  0.1182109E+02
  0.1096854E+02  0.1581890E+02  0.1879568E+02
  0.1958826E+02  0.8625389E+01  0.1257684E+02
  0.9163683E+01  0.1287698E+01  0.1243739E+02
  0.1392888E+02  0.5113293E+00  0.1388802E+02
  0.2936448E+02  0.3506860E+01  0.2543654E+01
  0.1320260E+02  0.3148483E+01  0.1887572E+02
  0.1238505E+02  0.1032759E+02  0.5054409E+01
  0.1799345E+02  0.8575771E+01  0.1103375E+02
  0.2548111E+02  0.1818006E+02  0.5319029E+01
  0.2160640E+02  0.1123702E+02  0.3109506E+01
  0.2532032E+02  0.2316260E+01  0.1246935E+02
  0.1523629E+02  0.9747972E+01  0.1756150E+02
  0.6500176E+02  0.3381039E+01  0.1037527E+02
  0.2604931E+01  0.5967380E+01  0.9884852E+01
  0.2891210E+01  0.2855212E+01  0.1265454E+02
  0.6487876E+02  0.6150342E+01  0.1267648E+02
  0.1462146E+01  0.4501466E+01  0.1162308E+02
  0.4068295E+01  0.6963187E+01  0.1155178E+02
  0.4048323E+01  0.4285944E+01  0.1430858E+02
  0.1025916E+01  0.7201094E+01  0.1403854E+02
  0.5438727E+01  0.3070309E+01  0.1062127E+02
  0.8220470E+01  0.5373426E+01  0.1036637E+02
  0.8221708E+01  0.3218206E+01  0.1344970E+02
  0.5367595E+01  0.6005460E+01  0.1330537E+02
  0.6734199E+01  0.4439965E+01  0.1203279E+02
  0.9488988E+01  0.6921662E+01  0.1173442E+02
  0.9527214E+01  0.4709768E+01  0.1486054E+02
  0.6954279E+01  0.7322937E+01  0.1459557E+02
  0.1053289E+02  0.2329538E+01  0.1062985E+02
  0.2070984E+02  0.4499693E+01  0.1278782E+02
  0.1483390E+02  0.1946689E+02  0.7247196E+01
  0.1078138E+02  0.5596551E+01  0.1295642E+02
  0.1595196E+02  0.9150024E+01  0.5040391E+01
  0.1821006E+02  0.1013312E+02  0.1699899E+01
  0.1110166E+02  0.8294927E+01  0.1524576E+02
  0.1593318E+02  0.1379514E+02  0.1936511E+02
  0.9151383E+01  0.2061874E+02  0.2020532E+02
  0.9631735E+01  0.7413660E+01  0.4464397E+01
  0.2887835E+02  0.6541226E+01  0.1944406E+02
  0.1107410E+02  0.1407951E+02  0.6054421E+01
  0.2681701E+02  0.1873281E+02  0.8960330E+01
  0.8933578E+01  0.9616691E+01  0.3561387E+01
  0.1315980E+02  0.7434666E+01  0.1942073E+01
  0.1926488E+02  0.8999293E+01  0.7640633E+01
  0.6505824E+02  0.8847443E+01  0.1008201E+02
  0.2701289E+01  0.1133090E+02  0.1021161E+02
  0.2647315E+01  0.8602914E+01  0.1290006E+02
  0.6501541E+02  0.1129334E+02  0.1319203E+02
  0.1260347E+01  0.1000523E+02  0.1156649E+02
  0.4072720E+01  0.1231115E+02  0.1174019E+02
  0.3883120E+01  0.9939263E+01  0.1423272E+02
  0.1496249E+01  0.1273462E+02  0.1414733E+02
  0.5352297E+01  0.8386767E+01  0.1018714E+02
  0.8240395E+01  0.1098258E+02  0.1021681E+02
  0.7905366E+01  0.8248004E+01  0.1283769E+02
  0.5644233E+01  0.1110217E+02  0.1299672E+02
  0.6852300E+01  0.9718891E+01  0.1149269E+02
  0.9479996E+01  0.1241666E+02  0.1157684E+02
  0.9390526E+01  0.9573055E+01  0.1422285E+02
  0.7349309E+01  0.1219171E+02  0.1446860E+02
  0.3157587E+02  0.1160046E+01  0.4763458E+01
  0.1752237E+02  0.2080971E+02  0.3155973E+00
  0.2155565E+02  0.1910679E+02  0.1255365E+02
  0.1699677E+02  0.1403414E+02  0.1121399E+02
  0.2520326E+02  0.1765032E+02  0.1351303E+02
  0.2579775E+02  0.1239289E+02  0.2042048E+02
  0.1209342E+02  0.1867322E+00  0.3713624E+01
  0.1856859E+02  0.2387289E+01  0.1721901E+02
  0.1461476E+02  0.7858905E+01  0.7532584E+01
  0.3406186E+02  0.1835303E+02  0.7322286E+01
  0.2744760E+02  0.7331379E+01  0.6671703E+00
  0.1257438E+02  0.1147533E+02  0.1961173E+02
  0.4346066E+02  0.3415489E+01  0.1466625E+02
  0.3239612E+02  0.2990870E+01  0.6498183E+01
  0.4389071E+02  0.1781113E+02  0.2075632E+02
  0.1726281E+02  0.3742643E+01  0.8190438E+00
  0.6488520E+02  0.1395125E+02  0.1023019E+02
  0.2555561E+01  0.1663778E+02  0.1042483E+02
  0.2969715E+01  0.1420400E+02  0.1274656E+02
  0.6492484E+02  0.1653759E+02  0.1302298E+02
  0.9516584E+00  0.1527720E+02  0.1152868E+02
  0.3948027E+01  0.1805229E+02  0.1166556E+02
  0.4183555E+01  0.1516769E+02  0.1449335E+02
  0.1589930E+01  0.1778981E+02  0.1440008E+02
  0.5079882E+01  0.1379231E+02  0.1027524E+02
  0.1098324E+02  0.2424840E+00  0.7372105E+01
  0.8333183E+01  0.1396481E+02  0.1289453E+02
  0.5219083E+01  0.1683937E+02  0.1290204E+02
  0.6479492E+01  0.1518213E+02  0.1171982E+02
  0.3014638E+02  0.1813546E+02  0.1547542E+02
  0.1410691E+02  0.1713210E+02  0.1152782E+02
  0.6572754E+01  0.1749545E+02  0.1463643E+02
  0.1598084E+02  0.1022974E+01  0.1012495E+01
  0.2902899E+02  0.1315501E+02  0.1212045E+02
  0.1242412E+02  0.8045569E+01  0.6052641E+01
  0.1308643E+02  0.1670711E+02  0.1968033E+02
  0.1222475E+02  0.1868211E+02  0.8777054E+01
  0.1552172E+02  0.5567314E+00  0.1967606E+02
  0.2492324E+02  0.1133534E+02  0.1851789E+02
  0.1328057E+02  0.1626998E+02  0.1493302E+02
  0.1140232E+02  0.1888754E+02  0.5187226E+01
  0.2170517E+02  0.1069273E+02  0.2111379E+02
  0.1101293E+02  0.1905939E+02  0.1571718E+02
  0.2271081E+02  0.1142606E+02  0.6841321E+01
  0.1329950E+02  0.9330386E+01  0.1611920E+02
  0.2607175E+02  0.9509945E+01  0.3176793E+01
  0.2160580E+02  0.2040389E+01  0.6923703E+01
  0.2610665E+02  0.1959711E+01  0.2110289E+02
  0.6933205E-01  0.1932981E+02  0.1561617E+02
  0.2943354E+01  0.3660619E+00  0.1548339E+02
  0.2512365E+01  0.1950442E+02  0.1837188E+02
  0.1733862E-01  0.4916930E+00  0.1801299E+02
  0.1396326E+01  0.2078091E+02  0.1673701E+02
  0.4200723E+01  0.1801463E+01  0.1689595E+02
  0.3826230E+01  0.2079486E+02  0.1996057E+02
  0.1223575E+01  0.2059517E+01  0.1953428E+02
  0.5349065E+01  0.1923036E+02  0.1576987E+02
  0.8005071E+01  0.3192069E-01  0.1588094E+02
  0.8020612E+01  0.1923474E+02  0.1880712E+02
  0.5283494E+01  0.3160800E+00  0.1827237E+02
  0.6631956E+01  0.2051062E+02  0.1732398E+02
  0.1810895E+02  0.8353080E+01  0.1975074E+02
  0.9479875E+01  0.1261102E+01  0.1737718E+02
  0.6319824E+01  0.1839045E+01  0.2005771E+02
  0.2321385E+02  0.6856487E+00  0.8206778E+01
  0.1899283E+02  0.6880028E+01  0.1808161E+02
  0.2732302E+02  0.1655843E+01  0.1501963E+01
  0.2312645E+02  0.1720655E+01  0.1301730E+02
  0.1200770E+02  0.2005734E+02  0.1758586E+02
  0.1415951E+02  0.1763814E+02  0.1538898E+01
  0.1392265E+02  0.3513088E+00  0.2143307E+02
  0.1247703E+02  0.6830792E+01  0.1393501E+02
  0.1370430E+02  0.5960840E+01  0.4175647E+01
  0.1389521E+02  0.9272278E+01  0.1948024E+02
  0.2353874E+02  0.4498832E+01  0.5401345E+01
  0.2128614E+02  0.1557854E+02  0.2071630E+02
  0.9875938E+01  0.1426375E+02  0.1716175E+02
  0.4275414E+02  0.8712395E+01  0.2078567E+02
  0.2332880E+02  0.2042570E+02  0.2535326E+01
  0.1621984E+02  0.6714844E+01  0.2171300E+02
  0.1498590E+00  0.3073009E+01  0.1537145E+02
  0.2546996E+01  0.5841362E+01  0.1542510E+02
  0.2926370E+01  0.3176432E+01  0.1823007E+02
  0.6503027E+02  0.5802373E+01  0.1838945E+02
  0.1389949E+01  0.4392604E+01  0.1708804E+02
  0.3833091E+01  0.7442395E+01  0.1697693E+02
  0.3586085E+01  0.4914992E+01  0.1997489E+02
  0.1033006E+01  0.7596816E+01  0.1967616E+02
  0.5702502E+01  0.3020530E+01  0.1574052E+02
  0.8372574E+01  0.6095963E+01  0.1622266E+02
  0.7820648E+01  0.2734100E+01  0.1852342E+02
  0.5119431E+01  0.5847485E+01  0.1837368E+02
  0.6792868E+01  0.4449394E+01  0.1709627E+02
  0.1571889E+02  0.5876931E+01  0.1638776E+02
  0.1175815E+02  0.6297273E+01  0.1830469E+02
  0.7081219E+01  0.6959517E+01  0.1962616E+02
  0.1671142E+02  0.6475328E+01  0.1102287E+02
  0.2303069E+02  0.2072050E+02  0.4709206E-01
  0.1045168E+02  0.1935198E+02  0.1021599E+02
  0.1193631E+02  0.2036611E+01  0.1457843E+02
  0.2368778E+02  0.1046857E+02  0.1231759E+02
  0.1049902E+02  0.1333554E+02  0.3070483E+01
  0.1399387E+02  0.3454611E+01  0.4144069E+01
  0.9976419E+01  0.7584006E+01  0.1719644E+02
  0.2004156E+02  0.4586071E+01  0.2001673E+02
  0.2727886E+02  0.2119975E+02  0.9437773E+01
  0.1752443E+02  0.1232683E+02  0.2020710E+02
  0.2641285E+02  0.7862435E+01  0.8045710E+01
  0.2403273E+02  0.6805585E+01  0.1249095E+02
  0.1221093E+02  0.1151241E+02  0.1584348E+02
  0.1992150E+02  0.9249540E+01  0.9886411E+01
  0.2590222E+02  0.1589169E+02  0.6744082E+01
  0.6485463E+02  0.8423003E+01  0.1562924E+02
  0.2746843E+01  0.1123295E+02  0.1583051E+02
  0.2684751E+01  0.8720648E+01  0.1834092E+02
  0.6511737E+02  0.1156954E+02  0.1867575E+02
  0.1019758E+01  0.9871311E+01  0.1717159E+02
  0.4327463E+01  0.1245034E+02  0.1707725E+02
  0.4076796E+01  0.9750981E+01  0.1996205E+02
  0.1336254E+01  0.1263642E+02  0.1998069E+02
  0.5140201E+01  0.8461527E+01  0.1572874E+02
  0.8206135E+01  0.1078261E+02  0.1595770E+02
  0.8427121E+01  0.8680546E+01  0.1877509E+02
  0.5497410E+01  0.1083912E+02  0.1841327E+02
  0.6873618E+01  0.9481262E+01  0.1708409E+02
  0.9962868E+01  0.1173325E+02  0.1742012E+02
  0.1072734E+02  0.1241341E+02  0.2127841E+02
  0.6624878E+01  0.1204499E+02  0.1996944E+02
  0.1042586E+02  0.1731983E+02  0.7912132E+01
  0.1213694E+02  0.1532692E+01  0.8932424E+01
  0.2407334E+02  0.2063885E+02  0.7048195E+01
  0.1124262E+02  0.1030643E+02  0.3731078E+00
  0.1561637E+02  0.8200994E+01  0.1584839E+02
  0.1539040E+02  0.5727598E+01  0.1882030E+02
  0.2416669E+02  0.1565521E+02  0.1428278E+02
  0.2410062E+02  0.2113493E+02  0.1635250E+02
  0.1078701E+02  0.1372792E+00  0.1356943E+02
  0.2450491E+02  0.1588878E+02  0.1258349E+01
  0.2472332E+02  0.4353736E+01  0.1678300E+02
  0.2056818E+02  0.1134013E+02  0.9000653E+01
  0.1824512E+02  0.9545961E+01  0.1420238E+02
  0.1150618E+02  0.1286040E+02  0.9919138E+01
  0.2804965E+02  0.1327748E+01  0.1982765E+02
  0.1815914E+02  0.1312889E+02  0.1330918E+02
  0.1575268E-01  0.1411146E+02  0.1565396E+02
  0.2750518E+01  0.1631753E+02  0.1597827E+02
  0.2815921E+01  0.1379208E+02  0.1837976E+02
  0.6484497E+02  0.1661603E+02  0.1827418E+02
  0.1182531E+01  0.1516660E+02  0.1731636E+02
  0.3894465E+01  0.1816987E+02  0.1702335E+02
  0.3889949E+01  0.1530112E+02  0.1992908E+02
  0.9328947E+00  0.1826385E+02  0.1973954E+02
  0.5750477E+01  0.1368255E+02  0.1568390E+02
  0.7988906E+01  0.1580674E+02  0.1555517E+02
  0.7783217E+01  0.1390159E+02  0.1921093E+02
  0.5194157E+01  0.1661984E+02  0.1852226E+02
  0.6734637E+01  0.1488521E+02  0.1731929E+02
  0.9930590E+01  0.1786033E+02  0.1767767E+02
  0.9332150E+01  0.1554172E+02  0.2041125E+02
  0.6359890E+01  0.1793627E+02  0.1986716E+02
  0.9856751E+01  0.1460311E+02  0.1459251E+02
  0.1151434E+02  0.1854037E+02  0.1942277E+02
  0.1453556E+02  0.9977905E+01  0.1418956E+02
  0.1213286E+02  0.1591127E+01  0.2055550E+02
  0.2307770E+02  0.1405382E+02  0.1434740E+00
  0.2046670E+02  0.1690704E+02  0.1225939E+02
  0.3026339E+02  0.5231962E+01  0.1556988E+02
  0.1776419E+02  0.1533093E+02  0.2002268E+02
  0.9164517E+01  0.1276685E+02  0.6489468E+01
  0.1041684E+02  0.2980995E+01  0.1615629E+02
  0.1579543E+02  0.7634622E+01  0.1965744E+02
  0.1902074E+02  0.5530320E+00  0.1033912E+02
  0.1888056E+02  0.1311730E+02  0.3083871E+00
  0.1433373E+02  0.1476705E+02  0.7355319E+00
  0.2525562E+02  0.1561690E+02  0.4560519E+01
  0.2118911E+02  0.1101861E+02  0.1864501E+02
  0.3897817E+02  0.1456600E+00  0.1064025E+02
  0.3696886E+02  0.3584973E+01  0.1420579E+02
  0.2628574E+02  0.1185614E+02  0.5736682E+01
  0.2824536E+02  0.1076279E+02  0.2871467E+01
  0.4502932E+02  0.1277187E+02  0.5490697E+01
  0.3803708E+02  0.6357026E+01  0.4577516E+01
  0.5072272E+02  0.2864276E+01  0.1837653E+02
  0.3851093E+02  0.1883530E+01  0.2011963E+02
  0.3940031E+02  0.8031527E+01  0.4249457E+01
  0.2316985E+02  0.1661683E+02  0.4456671E+01
  0.1727293E+02  0.1588527E+02  0.1278247E+02
  0.4220622E+02  0.1159664E+02  0.1358888E+02
  0.3203396E+02  0.7113575E+01  0.1579354E+02
  0.4320899E+02  0.1351251E+02  0.1944265E+02
  0.3721308E+02  0.3613082E+01  0.9102307E+01
  0.3702113E+02  0.1694512E+02  0.3790505E+01
  0.2362474E+02  0.5560907E+01  0.1029916E+02
  0.3786327E+02  0.1637257E+02  0.1046733E+02
  0.3746337E+02  0.7193612E+00  0.1822317E+02
  0.1536105E+02  0.1704185E+02  0.7773229E+01
  0.3312936E+02  0.7838813E+01  0.1789486E+02
  0.3824336E+02  0.1073134E+02  0.5260366E+01
  0.2842487E+02  0.9259321E+01  0.8022544E+01
  0.1737772E+02  0.1825999E+02  0.1684395E+02
  0.4804423E+02  0.1130485E+02  0.2003249E+02
  0.1330662E+02  0.5182723E+01  0.1040297E+02
  0.3398010E+02  0.1285384E+02  0.1105182E+02
  0.3931249E+02  0.2633337E+01  0.6834205E+01
  0.3232675E+02  0.1098608E+02  0.1707056E+02
  0.3390059E+02  0.9751321E+01  0.7000139E+01
  0.3872814E+02  0.1747385E+02  0.2161730E+02
  0.3337323E+02  0.5707761E+01  0.1410971E+02
  0.3484274E+02  0.2158867E+02  0.8960303E+01
  0.3671676E+02  0.5130843E+01  0.1675331E+02
  0.3594511E+02  0.1152707E+01  0.1418639E+02
  0.2761541E+02  0.1935088E+02  0.1786193E+02
  0.4946846E+02  0.1775877E+00  0.9675844E+01
  0.2357755E+02  0.1820520E+02  0.1174547E+02
  0.2992237E+02  0.9397447E+01  0.1183011E+02
  0.3640116E+02  0.5754948E+01  0.1373022E+02
  0.4659988E+02  0.1975042E+02  0.5856138E+01
  0.4982008E+02  0.5986286E+01  0.2174644E+01
  0.2604561E+02  0.1743230E+02  0.5790157E-01
  0.3608483E+02  0.2845635E+01  0.1229432E+02
  0.3738351E+02  0.6397927E+01  0.2232383E+01
  0.2388328E+02  0.8033365E+01  0.1646648E+02
  0.2152801E+02  0.4608668E+01  0.7131101E+01
  0.3054825E+02  0.5482858E+01  0.3750814E+01
  0.3521203E+02  0.5555315E+01  0.6780502E+01
  0.3525651E+02  0.8529480E+01  0.1622636E+02
  0.4416418E+02  0.5575275E+01  0.2043692E+01
  0.1869925E+02  0.1640428E+02  0.1613102E+02
  0.3797110E+02  0.1702543E+02  0.1633570E+02
  0.2498844E+02  0.5886504E+00  0.1961595E+02
  0.3830262E+02  0.5152718E+00  0.1344818E+02
  0.2860374E+02  0.1519374E+02  0.2127315E+02
  0.3161497E+02  0.2065473E+01  0.1360342E+02
  0.4144277E+02  0.2839728E+01  0.1760643E+01
  0.3042842E+02  0.5345267E+01  0.1800179E+02
  0.3187384E+02  0.1510719E+02  0.9235263E+01
  0.3005304E+02  0.1662601E+02  0.1236349E+02
  0.3577631E+02  0.1340348E+02  0.7808969E+01
  0.1820985E+02  0.8073664E+01  0.1620715E+02
  0.3761842E+02  0.1693244E+02  0.1301348E+02
  0.3042240E+02  0.1314477E+02  0.9432357E+01
  0.2628715E+02  0.6949531E+01  0.1128193E+02
  0.1939992E+02  0.1796712E+02  0.1427851E+02
  0.1692286E+02  0.1225223E+02  0.1804526E+01
  0.2869724E+02  0.1378111E+02  0.1670297E+02
  0.2175423E+02  0.1349497E+02  0.2230497E+01
  0.4030994E+02  0.1581835E+02  0.1546078E+02
  0.2996593E+02  0.1902325E+02  0.3656934E+01
  0.3790667E+02  0.4283883E+01  0.2009964E+02
  0.2124782E+02  0.7187735E+01  0.9945913E+01
  0.2536225E+02  0.4587075E+01  0.3087719E+01
  0.1705176E+02  0.8914148E+00  0.1458734E+02
  0.2194982E+02  0.1582930E+02  0.1327889E+01
  0.4157327E+02  0.4857520E+01  0.6660763E+01
  0.3524376E+02  0.1108740E+02  0.5606342E+01
  0.4170453E+02  0.1272118E+02  0.7928709E+01
  0.3434586E+02  0.1177913E+02  0.1795033E+02
  0.2493756E+02  0.3216955E+00  0.5477650E+01
  0.3579181E+02  0.1126030E+02  0.1308028E+02
  0.2986496E+02  0.1015668E+02  0.1962178E+02
  0.4162215E+02  0.6732150E+01  0.2095547E+02
  0.3127411E+02  0.2131693E+02  0.1061148E+01
  0.2848642E+02  0.1557288E+02  0.6836563E+01
  0.3500756E+02  0.1935586E+01  0.1621420E+02
  0.1120024E+02  0.6902008E+01  0.7907713E+01
  0.3893228E+02  0.9994930E+01  0.8570051E+01
  0.4698811E+02  0.2390874E+01  0.6042866E+00
  0.3454713E+02  0.3473605E+01  0.7564527E+01
  0.3799542E+02  0.2631428E+01  0.3637157E+01
  0.4827927E+02  0.1998825E+02  0.9755807E+01
  0.3665566E+02  0.1983560E+02  0.8410740E+01
  0.1551498E+02  0.1313325E+02  0.1533942E+02
  0.2674831E+02  0.1952085E+01  0.6750619E+01
  0.2409855E+02  0.1021672E+01  0.3116779E+00
  0.1932723E+02  0.2593126E+01  0.8470008E+01
  0.2747986E+02  0.1433664E+02  0.1058641E+02
  0.3408083E+02  0.1675656E+01  0.4693487E+01
  0.3067394E+02  0.1731655E+02  0.1005242E+02
  0.2376577E+02  0.2044198E+02  0.1873541E+02
  0.2568415E+02  0.1367938E+02  0.1323103E+02
  0.3449909E+02  0.9697296E+01  0.1025228E+02
  0.2934212E+02  0.2147795E+00  0.1638385E+02
  0.4677862E+02  0.5412939E+01  0.1502714E+02
  0.4151052E+02  0.1063923E+02  0.3917107E+01
  0.4199333E+02  0.1226068E+02  0.1123426E+02
  0.2832596E+02  0.2033675E+02  0.1239457E+02
  0.2602288E+02  0.7135381E+01  0.2761792E+01
  0.4859695E+02  0.5151598E+00  0.1111153E+01
  0.2296601E+02  0.1074732E+02  0.9233265E+01
  0.3211116E+02  0.7416904E+01  0.1930213E+01
  0.2916230E+02  0.1095108E+02  0.1344201E+02
  0.2314040E+02  0.1759800E+02  0.9336293E+01
  0.3875316E+02  0.1775175E+02  0.8214864E+01
  0.2259702E+02  0.1996574E+02  0.1472436E+02
  0.4942655E+02  0.1746210E+02  0.1504552E+02
  0.4991281E+02  0.1865852E+02  0.8428646E+01
  0.3140361E+02  0.1431315E+02  0.1876593E+01
  0.4273907E+02  0.9246879E+01  0.1369213E+02
  0.2034981E+02  0.1207886E+02  0.1295496E+02
  0.3436632E+02  0.1940695E+02  0.2129587E+02
  0.2759264E+02  0.5609561E+01  0.5409785E+01
  0.2645500E+02  0.1021763E+02  0.1074100E+02
  0.2215603E+02  0.6596066E+01  0.1589633E+02
  0.2420563E+02  0.1004910E+02  0.5688341E+01
  0.1426825E+02  0.1916291E+02  0.4833063E+01
  0.3713342E+02  0.7513064E+01  0.1540467E+02
  0.2332950E+02  0.1518296E+02  0.8561323E+01
  0.1077594E+02  0.4020233E+01  0.2488063E+01
  0.3698720E+02  0.1277400E+02  0.5872271E+01
  0.3375352E+02  0.5837614E+01  0.1963010E+02
  0.5346038E+02  0.1781508E+02  0.1333971E+02
  0.1578613E+02  0.1252716E+02  0.3883579E+01
  0.1494892E+02  0.4495399E+01  0.1379840E+02
  0.3979714E+02  0.2159472E+02  0.2548533E+01
  0.3361393E+02  0.1839299E+02  0.1683777E+02
  0.3175455E+02  0.1736188E+02  0.3853011E+01
  0.1189923E+02  0.4037210E+01  0.1162487E+02
  0.5329218E+02  0.1778794E+02  0.5638035E+01
  0.3603585E+02  0.5150333E+01  0.1898053E+02
  0.2756433E+02  0.1868030E+02  0.4032219E+01
  0.1962730E+02  0.7335566E+01  0.5730438E+01
  0.3751179E+02  0.6553943E+01  0.2081546E+02
  0.2894897E+02  0.1908152E+02  0.1037296E+02
  0.3075814E+02  0.1812785E+02  0.1958499E+02
  0.2586186E+02  0.6455701E+01  0.1665061E+02
  0.2911848E+02  0.1832112E+02  0.1305634E+01
  0.3900633E+02  0.1316119E+02  0.1037870E+02
  0.2665074E+02  0.9660355E+01  0.6397101E+01
  0.1572861E+02  0.1806733E+02  0.3321587E+01
  0.4121305E+02  0.1726485E+01  0.1549888E+02
  0.1326630E+02  0.1149314E+02  0.1091609E+02
  0.3022080E+02  0.1682837E+02  0.2146820E+02
  0.3294769E+02  0.1765948E+02  0.2061648E+02
  0.2796603E+02  0.8555586E+01  0.1026200E+02
  0.4053231E+02  0.1137307E+02  0.1941254E+02
  0.3673298E+02  0.1193916E+02  0.1860566E+02
  0.2859427E+02  0.3272306E+01  0.5551574E+00
  0.1586840E+02  0.1165778E+02  0.2164288E+02
  0.2195105E+02  0.1479987E+02  0.1726210E+02
  0.2407594E+02  0.2355910E+01  0.3194495E+01
  0.4937130E+02  0.2156688E+01  0.1447983E+02
  0.3429655E+02  0.1858122E+02  0.1313608E+02
  0.2478724E+02  0.1192170E+02  0.9823219E+01
  0.3524735E+02  0.1351716E+02  0.1089994E+01
  0.3849489E+02  0.1377705E+02  0.2702715E+01
  0.3233874E+02  0.5082215E+01  0.5236820E+01
  0.3946470E+02  0.1460429E+02  0.1225651E+02
  0.2891918E+02  0.4692119E+00  0.3065782E+01
  0.3415800E+02  0.1752215E+02  0.1089270E+02
  0.2541110E+02  0.1321694E+02  0.3912409E+01
  0.3296273E+02  0.1203301E+02  0.5239641E+01
  0.4197412E+02  0.1802218E+02  0.1782656E+02
  0.2787093E+02  0.2033934E+01  0.1603568E+02
  0.1773584E+02  0.2139535E+02  0.3229243E+01
  0.3957509E+02  0.1685862E+01  0.5427736E+00
  0.4683823E+02  0.7216254E+01  0.6572610E+01
  0.2621469E+02  0.1502565E+02  0.2055077E+02
  0.3007140E+02  0.1258909E+02  0.1962589E+02
  0.2061502E+02  0.3573866E+01  0.1671601E+02
  0.3384988E+02  0.7947123E+01  0.5404182E+01
  0.4063732E+02  0.1688298E+02  0.7001801E+01
  0.1654777E+02  0.1603242E+02  0.3125438E+00
  0.2164782E+02  0.6698751E+01  0.1224147E+02
  0.1751113E+02  0.1929040E+02  0.2422710E+01
  0.4333893E+02  0.1455747E+02  0.5669163E+01
  0.2727904E+02  0.1457247E+02  0.1511974E+02
  0.3311147E+02  0.1761656E+02  0.1473069E+02
  0.1870780E+02  0.5181437E+01  0.1127457E+02
  0.4175676E+02  0.2939834E+01  0.9135624E+01
  0.3320766E+02  0.2052050E+02  0.1223225E+02
  0.4386799E+02  0.1068641E+02  0.5545933E+01
  0.2992209E+02  0.3158496E+01  0.1687588E+02
  0.1841774E+02  0.2109360E+02  0.5866948E+01
  0.2766902E+02  0.1312664E+02  0.2762141E+01
  0.2605721E+02  0.1483169E+02  0.1719629E+02
  0.3366685E+02  0.1469330E+02  0.7495963E+01
  0.2959160E+02  0.1058635E+02  0.5236175E+01
  0.4434386E+02  0.7095708E+01  0.3974757E+01
  0.2717784E+02  0.1536709E+02  0.1698555E+01
  0.4138182E+02  0.7303945E+01  0.1476406E+02
  0.2858932E+02  0.1666534E+02  0.1445258E+02
  0.3216227E+02  0.4217427E+01  0.1925767E+02
  0.2026486E+02  0.1133395E+02  0.1040202E+01
  0.3982603E+02  0.1833829E+02  0.1721160E+02
  0.5048412E+02  0.1677500E+02  0.6692067E+00
  0.4815732E+02  0.7532192E+01  0.2122370E+02
  0.3024306E+02  0.9726949E+01  0.1636753E+01
  0.4142728E+02  0.8543748E+01  0.1690120E+02
  0.3914583E+02  0.2046052E+01  0.1699155E+02
  0.3767160E+02  0.1108226E+02  0.1660191E+02
  0.2247537E+02  0.1777326E+02  0.2068015E+02
  0.3688364E+02  0.1804057E+02  0.1837089E+02
  0.3213053E+02  0.1543938E+02  0.1486608E+02
  0.4751238E+02  0.8731689E+01  0.8364653E+01
  0.3868317E+02  0.7845632E-01  0.1562269E+02
  0.3437602E+02  0.4175941E+01  0.2758411E+01
  0.2190457E+02  0.7033580E+01  0.6935476E+01
  0.2404600E+02  0.8120808E+01  0.7031216E+01
  0.3088231E+02  0.2038005E+02  0.1251731E+02
  0.3221426E+02  0.9511128E+01  0.1500511E+02
  0.1693813E+02  0.4127978E+01  0.1783968E+02
  0.3705073E+02  0.2110261E+02  0.5520605E+01
  0.1705816E+02  0.3570174E+01  0.3168581E+01
  0.2059161E+02  0.1290588E+02  0.1079927E+02
  0.1724276E+02  0.1056798E+02  0.1008097E+02
  0.2479432E+02  0.1704120E+02  0.1983043E+02
  0.4690818E+02  0.9830900E+01  0.1439683E+01
  0.2774008E+02  0.1244140E+02  0.1923959E+02
  0.1755814E+02  0.1641755E+02  0.1017197E+02
  0.2858162E+02  0.1401909E+02  0.4872124E+01
  0.4217249E+02  0.6598063E+00  0.2681913E+01
  0.3211816E+02  0.1408978E+02  0.5834530E+01
  0.1265045E+02  0.1235234E+02  0.6287067E+01
  0.2998732E+02  0.7298930E+01  0.1154259E+01
  0.3251434E+02  0.7932910E+01  0.2103572E+02
  0.2790661E+02  0.1830444E+02  0.6518039E+01
  0.2232354E+02  0.4906230E+01  0.1771617E+02
  0.3647112E+02  0.1890937E+02  0.1907584E+01
  0.4882369E+02  0.1303010E+02  0.9022577E+01
  0.3194166E+02  0.1802540E+02  0.6252979E+01
  0.1494085E+02  0.4176125E+01  0.2061330E+01
  0.3025838E+02  0.8968089E+01  0.6908748E+01
  0.2394870E+02  0.9644001E+01  0.2167285E+01
  0.2529971E+02  0.1876750E+02  0.1812557E+02
  0.1205845E+02  0.1472211E+02  0.1140060E+02
  0.3121887E+02  0.2162577E+02  0.1473842E+02
  0.2470714E+02  0.7844784E+01  0.2046610E+02
  0.3746671E+02  0.1472562E+02  0.4621662E+01
  0.3421510E+02  0.7483294E+01  0.1309543E+02
  0.4679899E+02  0.9288152E+00  0.2562604E+01
  0.3086952E+02  0.6490091E+01  0.6551114E+01
  0.3824764E+02  0.1543314E+02  0.1190379E+01
  0.1670419E+02  0.1138005E+02  0.1398152E+02
  0.3619297E+02  0.1023082E+01  0.3832498E+01
  0.1570155E+02  0.1902480E+02  0.2177123E-02
  0.4739156E+02  0.1741688E+02  0.1637789E+02
  0.3731200E+02  0.1173705E+02  0.1141143E+02
  0.2857523E+02  0.1924573E+02  0.2009705E+02
  0.1689648E+02  0.3871043E+01  0.1526867E+02
  0.1969842E+02  0.5800305E+01  0.1591703E+02
  0.4652688E+02  0.5322237E+01  0.1254109E+02
  0.4420437E+02  0.2004060E+02  0.6563116E+01
  0.2035305E+02  0.7669286E+00  0.1242692E+02
  0.3572339E+02  0.1357752E+02  0.1360193E+02
  0.4020627E+02  0.6023862E+01  0.1671954E+02
  0.3198652E+02  0.2418851E+01  0.1777204E+02
  0.3967619E+02  0.9377892E+01  0.6461173E+01
  0.2451636E+02  0.1716846E+02  0.1608592E+02
  0.3362568E+02  0.8920900E+00  0.1329613E+02
  0.4922963E+02  0.3428050E+01  0.1056316E+02
  0.2044329E+02  0.3984126E+01  0.1534912E+01
  0.4981373E+02  0.1490537E+02  0.5884349E+01
  0.4017061E+02  0.7958273E+01  0.8511391E+00
  0.4331407E+02  0.5728849E+01  0.8325472E+01
  0.3579103E+02  0.1152974E+02  0.9445368E+01
  0.4948577E+02  0.1984764E+02  0.3871871E+01
  0.4279464E+02  0.9872949E+00  0.1221939E+02
  0.4442019E+02  0.1045022E+02  0.1795905E+02
  0.1664738E+02  0.2020021E+02  0.1975993E+02
  0.2993044E+02  0.2108232E+02  0.5030533E+01
  0.1449371E+02  0.2058935E+02  0.1776107E+02
  0.1669494E+02  0.8213228E+01  0.1936906E+01
  0.2426529E+02  0.1237290E+02  0.1477167E+02
  0.3791653E+02  0.3966160E+01  0.5537764E+01
  0.1950235E+02  0.2416227E+01  0.1989468E+02
  0.4554246E+02  0.1516801E+02  0.1417937E+00
  0.2580392E+02  0.4198528E+01  0.6093276E+01
  0.1930208E+02  0.1960223E+02  0.2068661E+02
  0.5374222E+02  0.3777377E+01  0.3291294E+01
  0.3265812E+02  0.1431972E+02  0.2155060E+02
  0.4097665E+02  0.2120819E+02  0.1435606E+02
  0.3176134E+02  0.4827793E+01  0.1055215E+02
  0.2764942E+02  0.9774067E+01  0.1495436E+02
  0.2069580E+02  0.4080619E+00  0.8521790E+01
  0.2910246E+02  0.2028407E+01  0.9378242E+01
  0.1976975E+02  0.1923272E+02  0.1819136E+02
  0.3900320E+02  0.1924452E+02  0.1666386E+01
  0.2240995E+02  0.4692339E+01  0.2089017E+02
  0.4078992E+02  0.8785460E+01  0.9791458E+01
  0.3509481E+02  0.7308684E+01  0.9441054E+01
  0.2687611E+02  0.2067366E+02  0.2739834E+01
  0.1757000E+02  0.2048929E+02  0.9269438E+01
  0.3520506E+02  0.1411391E+02  0.3613836E+01
  0.3335646E+02  0.1213567E+02  0.1673947E+00
  0.2556713E+02  0.4236758E+01  0.1092995E+02
  0.4191238E+02  0.4939838E+00  0.1855038E+02
  0.3632153E+02  0.7913451E+01  0.5563225E+01
  0.1294018E+02  0.1682627E+02  0.4731526E+01
  0.4429107E+02  0.1891992E+02  0.1332888E+01
  0.4379706E+02  0.9142079E+01  0.1603783E+02
  0.3361873E+02  0.7151143E+01  0.7488391E+01
  0.2804510E+02  0.1487494E+02  0.1869581E+02
  0.4978479E+02  0.1642096E+02  0.7790696E+01
  0.4025054E+02  0.1275718E+02  0.1354372E+02
  0.3660279E+02  0.1432390E+02  0.1902618E+02
  0.3180006E+02  0.4257748E+01  0.1290890E+02
  0.2506095E+02  0.9770485E+01  0.2163887E+02
  0.3077156E+02  0.2086872E+01  0.2046302E+02
  0.4555773E+02  0.2067168E+02  0.1848762E+02
  0.3396248E+02  0.1536693E+02  0.1991302E+02
  0.3429302E+02  0.9666596E+01  0.1410515E+02
  0.3648471E+02  0.1518360E+02  0.1671178E+02
  0.3975965E+02  0.1223926E+02  0.4111642E+01
  0.1848388E+02  0.5140769E+01  0.1382884E+02
  0.2536521E+02  0.1444126E+02  0.9268356E+01
  0.3976089E+02  0.1216594E+02  0.1732257E+02
  0.2303918E+02  0.1044654E+02  0.1743018E+02
  0.3098046E+02  0.1460522E+01  0.2548755E+01
  0.3304079E+02  0.2084647E+02  0.1756787E+02
  0.2295735E+02  0.4473655E+01  0.1495002E+02
  0.3703471E+02  0.1311297E+02  0.1567716E+02
  0.3387201E+02  0.1873654E+01  0.1117751E+02
  0.4565517E+02  0.1200600E+02  0.1626068E+02
  0.2841587E+02  0.1129549E+02  0.1661050E+02
  0.4138973E+02  0.2486329E+00  0.5775496E+01
  0.3536418E+02  0.7348920E+01  0.2101284E+02
  0.3661746E+02  0.1204448E+02  0.2788441E+01
  0.1835572E+02  0.1464220E+02  0.7850886E+01
  0.2195488E+02  0.1166947E+02  0.1552079E+02
  0.2852920E+02  0.1985464E+02  0.1566731E+02
  0.3151976E+02  0.3984950E+01  0.2169658E+02
  0.4119331E+02  0.7533342E+00  0.1028310E+02
  0.4160572E+02  0.7249277E+01  0.8004896E+01
  0.3675551E+02  0.2538359E+01  0.7199164E+01
  0.1337483E+02  0.1437818E+02  0.1659402E+02
  0.3674059E+02  0.1917994E+02  0.1359615E+02
  0.1837114E+02  0.1489788E+02  0.1826439E+01
  0.5134304E+02  0.1003675E+02  0.2019191E+02
  0.2536437E+02  0.1059328E+02  0.1408722E+02
  0.2719070E+02  0.9588830E+01  0.1054186E+01
  0.3080370E+02  0.1445360E+02  0.1149147E+02
  0.2071180E+02  0.1654189E+01  0.1812488E+02
  0.1619386E+02  0.6228183E+01  0.8642033E+01
  0.3591579E+02  0.4732635E+01  0.1069950E+02
  0.2973664E+02  0.5524259E+01  0.1200996E+02
  0.1408511E+02  0.2761669E+01  0.6352447E+00
  0.4375436E+02  0.1767865E+02  0.1195891E+02
  0.1088995E+02  0.1604536E+02  0.1776122E+01
  0.2381722E+02  0.1175429E+02  0.2166293E+02
  0.3957744E+02  0.1605184E+02  0.1784878E+02
  0.2717155E+02  0.1958536E+02  0.5085335E+00
  0.4439792E+02  0.3017906E+00  0.9761934E+01
  0.2478303E+02  0.5096793E+01  0.2116263E+02
  0.2666210E+02  0.1161751E+01  0.1794201E+02
  0.3153782E+02  0.5814381E+00  0.1870376E+02
  0.3168832E+02  0.1086000E+02  0.7158333E+01
  0.3626140E+02  0.3331783E+01  0.8134299E-01
  0.1845780E+02  0.1283692E+02  0.9758780E+01
  0.4588010E+02  0.1830658E+02  0.1920926E+02
  0.5175624E+02  0.5349589E+01  0.1291446E+02
  0.4721893E+02  0.2140042E+02  0.7997299E+01
  0.3078222E+02  0.1592519E+02  0.7008937E+01
  0.5229444E+02  0.7918992E+01  0.1546650E+02
  0.2922224E+02  0.2126606E+02  0.1866283E+02
  0.2960268E+02  0.7562461E+01  0.1608300E+02
  0.1753308E+02  0.5471195E+01  0.6692021E+01
  0.3803808E+02  0.9954192E+01  0.3036322E+01
  0.3303714E+02  0.2098879E+02  0.4732622E+01
  0.3289663E+02  0.2794036E+01  0.1557899E+02
  0.1527095E+02  0.1038344E+02  0.8196420E+01
  0.3496784E+02  0.4214949E+01  0.1550069E+02
  0.3471752E+02  0.1731827E+02  0.1872712E+02
  0.1994671E+02  0.2055992E+02  0.1372606E+02
  0.2458627E+02  0.8842915E+01  0.1126351E+02
  0.2171335E+02  0.2397247E+01  0.1477157E+02
  0.2843160E+02  0.1369741E+02  0.8487949E+01
  0.3835569E+02  0.3356025E+01  0.1414698E+01
  0.2552197E+02  0.3139869E+01  0.1472836E+02
  0.4186443E+02  0.7377968E+01  0.4440045E+01
  0.3221227E+02  0.1489156E+02  0.1701061E+02
  0.3194213E+02  0.1674006E+02  0.1624574E+01
  0.5442243E+02  0.1988244E+02  0.2046507E+02
  0.3540064E+02  0.1080303E+02  0.1606786E+02
  0.1053698E+02  0.1049936E+02  0.1268258E+02
  0.3097501E+02  0.2142844E+02  0.1028057E+02
  0.4665755E+02  0.5666439E+01  0.2093613E+02
  0.4462914E+02  0.7972230E+01  0.1268911E+02
  0.1942839E+02  0.1464637E+02  0.4185812E+01
  0.3666302E+02  0.1926544E+02  0.2041288E+02
  0.3932646E+02  0.5040909E+01  0.7087405E+01
  0.3695550E+02  0.1468657E+02  0.1191002E+02
  0.2279778E+02  0.4292148E+01  0.3180195E+01
  0.4508108E+02  0.1967266E+02  0.1283671E+02
  0.5341693E+02  0.2163697E+02  0.1488391E+02
  0.3525808E+02  0.1022590E+01  0.1841693E+02
  0.2939009E+02  0.2151286E+02  0.8535116E+01
  0.3835302E+02  0.1145440E+02  0.2060410E+02
  0.2608910E+02  0.3794239E+01  0.7829780E+00
  0.1194816E+02  0.4214479E+01  0.1712161E+02
  0.3011987E+02  0.2870659E+01  0.7293709E+01
  0.2846183E+02  0.1235322E+02  0.6320563E+01
  0.2475202E+02  0.1810482E+01  0.1663584E+02
  0.2527696E+02  0.1997941E+02  0.2060509E+02
  0.1499626E+02  0.5897819E+01  0.1214425E+02
  0.3626335E+02  0.8309088E+01  0.2976065E+01
  0.4531990E+02  0.7146703E+01  0.1534093E+02
  0.4620223E+02  0.4680925E+01  0.1302736E+01
  0.4157091E+02  0.1468269E+02  0.2179145E+01
  0.4604377E+02  0.5448285E+01  0.4905262E+01
  0.2027300E+02  0.1110159E+02  0.6720082E+01
  0.3480987E+02  0.1732467E+02  0.5036787E+01
  0.3467906E+02  0.2280705E+01  0.1292965E+01
  0.4486511E+02  0.2981821E+00  0.7474003E+01
  0.4208721E+02  0.1919812E+02  0.1999083E+02
  0.1524527E+02  0.1006424E+01  0.1202323E+02
  0.2152282E+02  0.8182700E+01  0.2110068E+02
  0.2241894E+02  0.1793792E+02  0.1610062E+02
  0.1298722E+02  0.3727205E+01  0.8476308E+01
  0.9173693E+01  0.1162837E+02  0.1959620E+02
  0.2489053E+02  0.3031508E-02  0.3124873E+01
  0.2778488E+02  0.6008660E+01  0.1302118E+02
  0.3153529E+02  0.1736043E+02  0.1740402E+02
  0.4457576E+02  0.2409652E+01  0.6229658E+01
  0.2909038E+02  0.5225636E+01  0.7256118E+01
  0.3478715E+02  0.5860476E+01  0.4363943E+01
  0.2990505E+02  0.8944029E+01  0.1429225E+02
  0.3227906E+02  0.5077194E+01  0.1757217E+01
  0.2778865E+02  0.6146180E+01  0.9204878E+01
  0.2957760E+02  0.5425970E+01  0.2137147E+02
  0.4630010E+02  0.1558797E+02  0.1515853E+02
  0.3722326E+02  0.6314610E+01  0.1165485E+02
  0.3281797E+02  0.2035799E+02  0.9894096E+01
  0.4347940E+02  0.1515357E+02  0.7845080E+01
  0.4813790E+02  0.3890071E+01  0.5082747E+01
  0.3416005E+02  0.1077086E+02  0.2022216E+02
  0.2738615E+02  0.7249851E+01  0.1492628E+02
  0.3950645E+02  0.3755667E+01  0.9070571E+01
  0.9900271E+01  0.8821178E+01  0.2069445E+02
  0.3826652E+02  0.2055964E+01  0.1159400E+02
  0.1527862E+02  0.1208964E+02  0.1754662E+02
  0.2088343E+02  0.1865189E+02  0.7886421E+01
  0.2302603E+02  0.3154089E+01  0.9154728E+00
  0.1392322E+02  0.1291533E+02  0.2103374E+02
  0.3545120E+02  0.8361413E+01  0.1879822E+02
  0.1758634E+02  0.1473518E+02  0.1491507E+02
  0.2231003E+02  0.6310440E+01  0.4487222E+01
  0.3320913E+02  0.1184101E+02  0.2549853E+01
  0.3122076E+02  0.1075820E+02  0.1066167E+02
  0.4144202E+02  0.1041416E+02  0.3683497E+00
  0.1432927E+02  0.1099070E+01  0.9916523E+01
  0.3879226E+02  0.4363215E+01  0.1594932E+02
  0.1152585E+02  0.1562523E+02  0.1342543E+02
  0.2136298E+02  0.2130402E+02  0.3386313E+01
  0.4107549E+02  0.2022366E+02  0.7316402E+01
  0.2505647E+02  0.8253791E+01  0.1434485E+02
  0.2010989E+02  0.1923409E+02  0.2610223E+01
  0.4774536E+02  0.1766803E+01  0.1054342E+02
  0.9759102E+01  0.3853011E+01  0.8947582E+01
  0.3329899E+02  0.2089754E+02  0.1522736E+02
  0.2770893E+02  0.8844470E+00  0.1129271E+02
  0.4237563E+02  0.1840057E+02  0.6313485E+01
  0.3600483E+02  0.1736454E+02  0.9426535E+01
  0.3511700E+02  0.2045933E+02  0.1874441E+02
  0.4633680E+02  0.1471094E+02  0.4347688E+01
  0.5132551E+02  0.2916008E+01  0.1327365E+02
  0.3050638E+02  0.1525218E+02  0.3850330E+01
  0.1337171E+02  0.5337091E+01  0.1538867E+02
  0.4152773E+02  0.2100343E+02  0.7665970E+00
  0.2275594E+02  0.1590745E+02  0.1249081E+02
  0.2066204E+02  0.1167337E+00  0.5535547E+01
  0.2816972E+02  0.4214510E+01  0.1471669E+02
  0.3964419E+02  0.8757044E+01  0.1180300E+02
  0.4418098E+02  0.1546161E+02  0.2013740E+02
  0.3896890E+02  0.8038445E+01  0.1693661E+02
  0.1431782E+02  0.1441485E+02  0.2968176E+01
  0.3912166E+02  0.6518774E+00  0.4587786E+01
  0.2380796E+02  0.1210316E+02  0.2443665E+01
  0.1113070E+02  0.5725333E+01  0.2051198E+02
  0.2857789E+02  0.1661537E+02  0.3303646E+01
  0.3108555E+02  0.1291574E+02  0.1752664E+02
  0.2934760E+02  0.1339727E+02  0.1012956E+01
  0.2535203E+02  0.1274764E+02  0.1670748E+02
  0.2986176E+02  0.1132720E+02  0.5542634E-01
  0.1899385E+02  0.6054421E+01  0.1955493E+01
  0.4930193E+02  0.1931753E+01  0.1213699E+02
  0.1513584E+02  0.1698471E+02  0.1369189E+02
  0.1326727E+02  0.8995868E+01  0.1112952E+02
  0.3575124E+02  0.1716929E+00  0.1574555E+01
  0.2887317E+02  0.1083493E+01  0.6219790E+01
  0.4204386E+02  0.1321982E+02  0.1734568E+02
  0.3944892E+02  0.2133433E+02  0.2093773E+02
  0.2907667E+02  0.8426137E+00  0.1380631E+00
  0.1767142E+02  0.1767557E+02  0.2094327E+02
  0.3348154E+02  0.1539555E+02  0.4175048E+01
  0.4580018E+02  0.1765915E+02  0.6567289E+01
  0.4507224E+02  0.1807228E+02  0.9764880E+01
  0.4502374E+02  0.9840472E+01  0.2936326E+01
  0.4050856E+02  0.6616781E+01  0.1265600E+02
  0.5265464E+02  0.1401098E+01  0.1879828E+02
  0.3118751E+02  0.1834799E+02  0.1350806E+02
  0.5044489E+02  0.2014328E+02  0.1235233E+02
  0.4520793E+02  0.1756561E+02  0.1389066E+02
  0.5164679E+02  0.7669038E+00  0.1658612E+02
  0.5149824E+02  0.3643535E+01  0.3674772E+01
  0.4823030E+02  0.1789143E+02  0.1869826E+02
  0.4010626E+02  0.2048421E+02  0.1887236E+02
  0.3803446E+02  0.8444257E+01  0.1939697E+02
  0.4502626E+02  0.1692147E+02  0.2589296E+01
  0.3458977E+02  0.1570735E+02  0.5068829E+00
  0.4185567E+02  0.2267724E+01  0.1974719E+02
  0.4990173E+02  0.8973821E+01  0.1073449E+02
  0.5380136E+02  0.1621224E+02  0.2927750E+01
  0.5420970E+02  0.1456633E+02  0.1605817E+02
  0.4735107E+02  0.1899102E+02  0.3403778E+01
  0.4975530E+02  0.2157409E+02  0.1814248E+02
  0.5666787E+02  0.5909792E+00  0.2141423E+02
  0.5698233E+02  0.1900913E+02  0.2098516E+01
  0.5229705E+02  0.1874665E+02  0.2043269E+02
  0.5542968E+02  0.2058698E+02  0.6255316E+00
  0.5835909E+02  0.1869682E+01  0.8461515E+00
  0.5797936E+02  0.2069172E+02  0.3318510E+01
  0.5337925E+02  0.3504151E+01  0.5708859E+01
  0.5967361E+02  0.1962585E+02  0.2117546E+02
  0.6240550E+02  0.4358473E+00  0.2100165E+02
  0.6238228E+02  0.1946597E+02  0.2166829E+01
  0.5948920E+02  0.4083538E+00  0.2261999E+01
  0.6097549E+02  0.2092973E+02  0.8418152E+00
  0.6362275E+02  0.2191907E+01  0.6410548E+00
  0.6359799E+02  0.2072144E+02  0.3482518E+01
  0.6097045E+02  0.1820751E+01  0.3502397E+01
  0.4646508E+02  0.9058518E+01  0.1421846E+02
  0.3251281E+02  0.1191771E+02  0.9089256E+01
  0.4221285E+02  0.9021853E+01  0.6258303E+01
  0.4140011E+02  0.5583166E+01  0.1871894E+02
  0.5142200E+02  0.7837802E+00  0.2081019E+02
  0.5058642E+02  0.1472429E+02  0.2317934E+01
  0.5161047E+02  0.5532419E+01  0.5251041E+01
  0.3449676E+02  0.2166538E+02  0.2064705E+02
  0.4524158E+02  0.1129576E+01  0.2120468E+02
  0.4993192E+02  0.7384245E+01  0.8090535E+01
  0.4666552E+02  0.1653878E+02  0.1231727E+02
  0.4117647E+02  0.1764591E+02  0.2152577E-01
  0.4866267E+02  0.8525335E+01  0.1445546E+02
  0.5426185E+02  0.1153994E+02  0.2177386E+01
  0.4866742E+02  0.1414133E+02  0.1543286E+02
  0.5223651E+02  0.1980562E+02  0.1395935E+02
  0.5349871E+02  0.4109585E+01  0.2047304E+02
  0.5702028E+02  0.5890970E+01  0.2114016E+02
  0.5682698E+02  0.3205847E+01  0.1940379E+01
  0.5349079E+02  0.1194872E+02  0.2072179E+02
  0.5548272E+02  0.4310900E+01  0.6847912E-01
  0.5816813E+02  0.7159844E+01  0.9775669E+00
  0.5816254E+02  0.4545901E+01  0.3532113E+01
  0.5547111E+02  0.7057629E+01  0.3459571E+01
  0.5975197E+02  0.3036094E+01  0.2091953E+02
  0.6212069E+02  0.6060631E+01  0.2103044E+02
  0.6220157E+02  0.3317274E+01  0.2083631E+01
  0.5946451E+02  0.5800542E+01  0.2220840E+01
  0.6077206E+02  0.4420067E+01  0.5874529E+00
  0.6328539E+02  0.7166802E+01  0.9158046E+00
  0.6344884E+02  0.4740927E+01  0.3350976E+01
  0.6091413E+02  0.7328061E+01  0.3532692E+01
  0.5194290E+02  0.2793734E+01  0.7607457E-01
  0.4377952E+02  0.1736482E+02  0.7966585E+01
  0.4702416E+02  0.1148410E+02  0.1431217E+02
  0.4411201E+02  0.5153638E+01  0.2036701E+02
  0.4583618E+02  0.1286332E+02  0.1264329E+02
  0.4732397E+02  0.1648403E+02  0.7753971E+01
  0.4341013E+02  0.5892211E+01  0.1449155E+02
  0.3427520E+02  0.1429792E+02  0.1759738E+02
  0.5063235E+02  0.6315331E+01  0.1879876E+02
  0.4728096E+02  0.1100966E+02  0.1185905E+02
  0.4821818E+02  0.9051338E+01  0.1884751E+02
  0.3232360E+02  0.9650722E+01  0.1924014E+02
  0.4824974E+02  0.7860203E+01  0.1751281E+01
  0.4749765E+02  0.1344863E+02  0.1936949E+02
  0.4997052E+02  0.1832976E+02  0.1093985E+02
  0.5088024E+02  0.1349105E+02  0.2729364E+00
  0.5458232E+02  0.8523865E+01  0.2127383E+02
  0.5708182E+02  0.1146706E+02  0.2079775E+02
  0.5667590E+02  0.8680605E+01  0.1987532E+01
  0.4899184E+02  0.1845811E+02  0.1901991E+00
  0.5542175E+02  0.1026584E+02  0.6402780E+00
  0.5800424E+02  0.1275276E+02  0.7943015E+00
  0.5827890E+02  0.9984729E+01  0.3197805E+01
  0.5536931E+02  0.1314830E+02  0.3480474E+01
  0.5949234E+02  0.8519487E+01  0.2122585E+02
  0.6244925E+02  0.1114576E+02  0.2133126E+02
  0.6211684E+02  0.8770880E+01  0.2294047E+01
  0.5965192E+02  0.1146999E+02  0.2095338E+01
  0.6085797E+02  0.9961838E+01  0.9745503E+00
  0.6371677E+02  0.1249501E+02  0.7368323E+00
  0.6370335E+02  0.9864655E+01  0.3871082E+01
  0.6090685E+02  0.1267448E+02  0.3298454E+01
  0.5071149E+02  0.1530443E+02  0.2045336E+02
  0.4616615E+02  0.2548456E+01  0.4449848E+01
  0.3565379E+02  0.1627525E+02  0.7288464E+01
  0.3907700E+02  0.5713385E+01  0.8369079E+00
  0.3890565E+02  0.4382512E+01  0.1160388E+02
  0.3984678E+02  0.1348352E+02  0.9187455E+00
  0.4548082E+02  0.8906746E+01  0.5043024E+01
  0.4425942E+02  0.5780026E+01  0.1226220E+02
  0.5139367E+02  0.8670519E+01  0.2800788E+01
  0.4468465E+02  0.2099546E+00  0.1357067E+02
  0.4124989E+02  0.4851857E+01  0.5666315E+00
  0.4879889E+02  0.3581012E+01  0.8066706E+01
  0.5193234E+02  0.8974097E+01  0.7600516E+01
  0.5465148E+02  0.5477838E+01  0.2018387E+01
  0.3608807E+02  0.8314428E+01  0.1161635E+02
  0.3920668E+02  0.1781320E+02  0.3740628E+01
  0.5447843E+02  0.1397975E+02  0.2133726E+02
  0.5698554E+02  0.1681869E+02  0.2100699E+02
  0.5672275E+02  0.1441433E+02  0.1868126E+01
  0.5361345E+02  0.1719384E+02  0.1894029E+02
  0.5527266E+02  0.1609384E+02  0.8644262E+00
  0.5853015E+02  0.1784970E+02  0.5104764E+00
  0.5818106E+02  0.1557969E+02  0.3363563E+01
  0.5162019E+02  0.1197041E+02  0.4087727E+01
  0.5957344E+02  0.1377067E+02  0.2115692E+02
  0.6225133E+02  0.1664424E+02  0.2142066E+02
  0.6255278E+02  0.1381045E+02  0.2258122E+01
  0.5983324E+02  0.1633756E+02  0.1975616E+01
  0.6107118E+02  0.1486158E+02  0.6658847E+00
  0.6382861E+02  0.1793297E+02  0.9394934E+00
  0.6361367E+02  0.1530491E+02  0.3486925E+01
  0.6079903E+02  0.1808401E+02  0.3458176E+01
  0.5166700E+02  0.6559491E+01  0.6495799E+00
  0.4909008E+02  0.2154992E+02  0.1510321E+02
  0.5330727E+02  0.1279545E+02  0.1284448E+02
  0.5100838E+02  0.2110161E+02  0.5669767E+01
  0.4689357E+02  0.4982461E+01  0.7246981E+01
  0.4386819E+02  0.1490540E+02  0.2096388E+01
  0.3747354E+02  0.2051146E+02  0.5034199E+00
  0.5384566E+02  0.1001419E+02  0.8981599E+01
  0.4867974E+02  0.1780094E+02  0.1290372E+02
  0.4224308E+02  0.1921713E+02  0.1063600E+02
  0.4602681E+02  0.2033548E+02  0.1056982E+02
  0.4350639E+02  0.5288926E+01  0.1802736E+02
  0.4308534E+02  0.2081515E+02  0.1512332E+02
  0.5288179E+02  0.1331162E+02  0.1778507E+02
  0.5525895E+02  0.1269775E+02  0.8897502E+01
  0.5368745E+02  0.2964203E+01  0.1012670E+02
  0.5292976E+02  0.1718234E+02  0.8088405E+00
  0.5681840E+02  0.6288560E+00  0.4708521E+01
  0.5694565E+02  0.1924613E+02  0.7437817E+01
  0.4631651E+02  0.1885042E+02  0.2147781E+02
  0.4618071E+02  0.1390530E+02  0.2244591E+01
  0.5805109E+02  0.2035977E+01  0.6043576E+01
  0.5833225E+02  0.2089502E+02  0.8631045E+01
  0.5560757E+02  0.1767881E+02  0.3499373E+01
  0.5970043E+02  0.1962497E+02  0.4731514E+01
  0.6240214E+02  0.3393992E+00  0.4586723E+01
  0.6243461E+02  0.1953570E+02  0.7629906E+01
  0.5973237E+02  0.8032919E+00  0.7272220E+01
  0.6112367E+02  0.2096632E+02  0.6319919E+01
  0.6363200E+02  0.1761473E+01  0.6149743E+01
  0.6379339E+02  0.2111058E+02  0.8833398E+01
  0.6089865E+02  0.1924934E+01  0.8823608E+01
  0.4395494E+02  0.1373192E+00  0.1104575E+01
  0.4978661E+02  0.2025308E+02  0.1651568E+01
  0.5212514E+02  0.1597519E+02  0.8383783E+01
  0.3767924E+02  0.1883126E+02  0.6385594E+01
  0.4237564E+02  0.2059474E+02  0.4311617E+01
  0.3523207E+02  0.4463091E+00  0.6666308E+01
  0.3349610E+02  0.1427841E+02  0.1307851E+02
  0.4740239E+02  0.5767743E+01  0.2806971E+01
  0.3890533E+02  0.1000195E+02  0.8086560E+00
  0.5549012E+02  0.2083616E+02  0.5973003E+01
  0.5417089E+02  0.2614918E+00  0.7360732E+01
  0.4591061E+02  0.8983791E+01  0.1860776E+02
  0.4508968E+02  0.3793386E+01  0.1695920E+02
  0.4499870E+02  0.3918503E+01  0.8109295E+01
  0.5246199E+02  0.4719334E+01  0.8899053E+01
  0.4314047E+02  0.3367721E+01  0.2166705E+02
  0.5308748E+02  0.2047255E+02  0.8757494E+01
  0.5673441E+02  0.5828211E+01  0.4912608E+01
  0.5675623E+02  0.2892697E+01  0.7637449E+01
  0.5453478E+02  0.8492585E+01  0.4809122E+01
  0.5535694E+02  0.4626437E+01  0.6463639E+01
  0.5832579E+02  0.7283968E+01  0.6117296E+01
  0.5854051E+02  0.4100330E+01  0.8746476E+01
  0.5634509E+02  0.6817665E+01  0.8533823E+01
  0.5944681E+02  0.3087892E+01  0.4383825E+01
  0.6228600E+02  0.5975498E+01  0.4857964E+01
  0.6223996E+02  0.3278431E+01  0.7483496E+01
  0.5953857E+02  0.5933111E+01  0.7461768E+01
  0.6074944E+02  0.4447184E+01  0.5968587E+01
  0.6347733E+02  0.7347911E+01  0.6178330E+01
  0.6348353E+02  0.4628425E+01  0.8868280E+01
  0.6065385E+02  0.7695093E+01  0.8787114E+01
  0.2621398E+02  0.1992967E+02  0.1339776E+02
  0.4712771E+02  0.5498233E+01  0.1859846E+02
  0.4552773E+02  0.6876958E+01  0.1770891E+02
  0.4975821E+02  0.1153169E+02  0.2143233E+02
  0.5081616E+02  0.4827925E+01  0.1076463E+02
  0.4703791E+02  0.1309199E+02  0.1062219E+02
  0.4764494E+02  0.1647418E+02  0.2844675E+00
  0.5412934E+02  0.3310545E-01  0.2263616E+01
  0.4907827E+02  0.7818922E+01  0.5973965E+01
  0.5337436E+02  0.7674887E+01  0.1436971E+01
  0.4644862E+02  0.9985095E+01  0.9978907E+01
  0.5249095E+02  0.1359101E+01  0.5842992E+01
  0.4534766E+02  0.7089437E+01  0.9126383E+01
  0.4154887E+02  0.1577747E+02  0.4462306E+01
  0.4253725E+02  0.1038128E+02  0.9969396E+01
  0.4915802E+02  0.1064966E+02  0.9040968E+01
  0.4696565E+02  0.6164729E+00  0.1925778E+02
  0.5699392E+02  0.1164007E+02  0.4531464E+01
  0.5710315E+02  0.8872454E+01  0.7491496E+01
  0.4880989E+02  0.2755413E+01  0.1686340E+02
  0.5576047E+02  0.9975439E+01  0.5881587E+01
  0.5799649E+02  0.1280914E+02  0.6159539E+01
  0.5804499E+02  0.1024744E+02  0.9003474E+01
  0.5555753E+02  0.1574574E+02  0.6801642E+01
  0.5958503E+02  0.8763802E+01  0.4648943E+01
  0.6244134E+02  0.1155540E+02  0.4966865E+01
  0.6212628E+02  0.8749137E+01  0.7629206E+01
  0.5957205E+02  0.1148356E+02  0.7557077E+01
  0.6099217E+02  0.1016396E+02  0.6168725E+01
  0.6376200E+02  0.1285119E+02  0.6326302E+01
  0.6339057E+02  0.1020013E+02  0.9031203E+01
  0.6082266E+02  0.1294669E+02  0.9110283E+01
  0.4378704E+02  0.1694993E+02  0.1673880E+02
  0.4164415E+02  0.1812288E+02  0.4057661E+01
  0.4369624E+02  0.2127858E+02  0.1994742E+02
  0.3785322E+02  0.2025708E+02  0.1726217E+02
  0.3067682E+02  0.7220969E+01  0.1072067E+02
  0.4748708E+02  0.1463594E+02  0.1340583E+02
  0.3013690E+02  0.8026759E+01  0.2055048E+02
  0.4225392E+02  0.2095891E+02  0.9046735E+01
  0.3370874E+02  0.3822851E+01  0.9497137E+01
  0.5231315E+02  0.1241614E+02  0.6192623E+01
  0.5344028E+02  0.9384549E+01  0.1926511E+02
  0.3937350E+02  0.1364429E+02  0.1545330E+02
  0.5191604E+02  0.1934816E+02  0.6985765E+01
  0.4469592E+02  0.2098612E+02  0.4532246E+01
  0.5319484E+02  0.1387539E+02  0.9224453E+01
  0.3512975E+02  0.1988138E+02  0.5782467E+01
  0.5306363E+02  0.7196573E+01  0.6384478E+01
  0.5683895E+02  0.1657234E+02  0.5032790E+01
  0.5656785E+02  0.1394628E+02  0.7537232E+01
  0.5404001E+02  0.1485644E+02  0.4899304E+01
  0.5050559E+02  0.5206835E+01  0.7564279E+01
  0.5840769E+02  0.1801888E+02  0.6095478E+01
  0.5801501E+02  0.1556315E+02  0.8720450E+01
  0.5589322E+02  0.1840990E+02  0.9352367E+01
  0.5944418E+02  0.1418225E+02  0.4722586E+01
  0.6229985E+02  0.1673609E+02  0.4789309E+01
  0.6219127E+02  0.1427161E+02  0.7579909E+01
  0.5972232E+02  0.1674732E+02  0.7649406E+01
  0.6106635E+02  0.1544676E+02  0.6107996E+01
  0.6365316E+02  0.1800178E+02  0.6334785E+01
  0.6381030E+02  0.1530520E+02  0.8836951E+01
  0.6117171E+02  0.1801846E+02  0.8933458E+01
  0.4222562E+02  0.9706176E+01  0.1867684E+02
  0.3582119E+02  0.2072411E+02  0.1541340E+02
  0.4372143E+02  0.2398438E+01  0.1832223E+02
  0.4014871E+02  0.1336615E+02  0.6141500E+01
  0.4664473E+02  0.9529781E+01  0.2093715E+02
  0.5084967E+02  0.1273995E+02  0.1616781E+02
  0.4332365E+02  0.1110015E+02  0.7849780E+01
  0.5160768E+02  0.2134778E+02  0.1049608E+02
  0.4442304E+02  0.8828929E+01  0.1036903E+02
  0.4388356E+02  0.1362432E+02  0.1153024E+02
  0.4726055E+02  0.1679858E+02  0.3736457E+01
  0.4715034E+02  0.1177924E+02  0.6510859E+01
  0.4780642E+02  0.5822452E+00  0.1691369E+02
  0.4845946E+02  0.1368330E+02  0.2813406E+01
  0.5533957E+02  0.1619455E+01  0.9018672E+01
  0.4300000E+02  0.4535025E+01  0.1032880E+02
  0.5372948E+02  0.1890482E+02  0.1044201E+02
  0.5692305E+02  0.1518952E+00  0.1029450E+02
  0.5695588E+02  0.1937554E+02  0.1280259E+02
  0.5443478E+02  0.1051935E+02  0.1349290E+02
  0.5534173E+02  0.2051629E+02  0.1165538E+02
  0.5814248E+02  0.1607593E+01  0.1174606E+02
  0.5822538E+02  0.2067441E+02  0.1417288E+02
  0.5559279E+02  0.1996214E+01  0.1442683E+02
  0.5973963E+02  0.1950435E+02  0.1015126E+02
  0.6240638E+02  0.6099595E+00  0.1023301E+02
  0.6263556E+02  0.1929734E+02  0.1295199E+02
  0.5970449E+02  0.2855208E+00  0.1291892E+02
  0.6115330E+02  0.2075089E+02  0.1159793E+02
  0.6396118E+02  0.1773790E+01  0.1170215E+02
  0.6386873E+02  0.2052686E+02  0.1407234E+02
  0.6100451E+02  0.1727513E+01  0.1405494E+02
  0.3763889E+02  0.1451030E+02  0.8822874E+01
  0.4652954E+02  0.1609401E+02  0.9964865E+01
  0.4367254E+02  0.8419257E+01  0.1906769E+01
  0.4309968E+02  0.1148411E+02  0.1599148E+02
  0.4911371E+02  0.4009096E+01  0.2793726E+01
  0.5102135E+02  0.6129832E+01  0.1504700E+02
  0.3637974E+02  0.1738074E+02  0.3329271E+00
  0.3645459E+02  0.1015648E+02  0.2007333E+02
  0.4843222E+02  0.1555115E+01  0.7155892E+01
  0.5569189E+02  0.8665850E+01  0.9983372E+01
  0.5249444E+02  0.1485804E+01  0.1153168E+02
  0.3795593E+02  0.9494210E+01  0.1057824E+02
  0.5404369E+02  0.5889314E+01  0.7901628E+01
  0.5137451E+02  0.1239081E+02  0.1969109E+02
  0.5154145E+02  0.4711954E+01  0.1708109E+02
  0.4804196E+02  0.2035160E+02  0.1310384E+02
  0.5080640E+02  0.1099666E+02  0.7609021E+01
  0.5733009E+02  0.5222370E+01  0.1038069E+02
  0.5693233E+02  0.3241172E+01  0.1280348E+02
  0.5430050E+02  0.8604530E+01  0.1201941E+02
  0.5524795E+02  0.4345509E+01  0.1139079E+02
  0.5860550E+02  0.7071877E+01  0.1135921E+02
  0.5845868E+02  0.4800388E+01  0.1402215E+02
  0.5403230E+02  0.4807499E+01  0.1349666E+02
  0.5972571E+02  0.2846091E+01  0.1047930E+02
  0.6197432E+02  0.6218862E+01  0.1009303E+02
  0.6250806E+02  0.3290220E+01  0.1271073E+02
  0.6016600E+02  0.6160197E+01  0.1283042E+02
  0.6103744E+02  0.4571248E+01  0.1145287E+02
  0.6380896E+02  0.7464549E+01  0.1117620E+02
  0.6371763E+02  0.4687864E+01  0.1419597E+02
  0.6095703E+02  0.7514715E+01  0.1464095E+02
  0.4400685E+02  0.2403310E+01  0.1103005E+02
  0.3893589E+02  0.1093111E+02  0.1298294E+02
  0.4945823E+02  0.1006919E+02  0.1737365E+01
  0.4138038E+02  0.1711652E+02  0.1125986E+02
  0.5452158E+02  0.8685577E+01  0.1521689E+02
  0.3309299E+02  0.7837018E+01  0.1096934E+02
  0.3913385E+02  0.2017084E+02  0.8801621E+01
  0.3458986E+02  0.2011132E+02  0.2604271E+01
  0.5095087E+02  0.1549948E+02  0.1458284E+02
  0.3264302E+02  0.1805302E+02  0.9206870E+01
  0.4479500E+02  0.1210902E+02  0.3080403E+01
  0.3925953E+02  0.1222618E+02  0.8136841E+01
  0.4425067E+02  0.1930942E+02  0.1681246E+02
  0.5317402E+02  0.1585337E+02  0.1189869E+02
  0.5541432E+02  0.6713666E+01  0.1433697E+02
  0.5222842E+02  0.1723312E+02  0.1041308E+02
  0.5273838E+02  0.1180595E+02  0.1051704E+02
  0.5632847E+02  0.1107380E+02  0.1036771E+02
  0.5662289E+02  0.7951285E+01  0.1264801E+02
  0.5202707E+02  0.1085150E+02  0.1332808E+02
  0.5000100E+02  0.1222228E+02  0.1399402E+02
  0.5762609E+02  0.1316476E+02  0.1132530E+02
  0.5807165E+02  0.1202097E+02  0.1341046E+02
  0.5663058E+02  0.1046943E+02  0.1242772E+02
  0.5944829E+02  0.8920203E+01  0.1027857E+02
  0.6204850E+02  0.1162688E+02  0.1064348E+02
  0.6236595E+02  0.8452964E+01  0.1283995E+02
  0.5986326E+02  0.1079978E+02  0.1376097E+02
  0.6080415E+02  0.1002687E+02  0.1171814E+02
  0.6368791E+02  0.1266832E+02  0.1180314E+02
  0.6363250E+02  0.9939960E+01  0.1443537E+02
  0.6110322E+02  0.1274206E+02  0.1450627E+02
  0.2672769E+02  0.6570904E+01  0.2046191E+02
  0.4615189E+02  0.3655160E+01  0.1021056E+02
  0.3614600E+02  0.1449062E+01  0.1036988E+02
  0.4218825E+02  0.2309818E+01  0.6697396E+01
  0.3838248E+02  0.2003501E+02  0.1229029E+02
  0.4831125E+02  0.1365981E+01  0.4737500E+01
  0.4161228E+02  0.9105109E+01  0.2371451E+01
  0.4863100E+02  0.6886280E+01  0.1764774E+02
  0.4263687E+02  0.1259208E+02  0.2989917E+01
  0.5320145E+02  0.1008788E+02  0.3571105E+01
  0.4751134E+02  0.1988064E+02  0.1723225E+02
  0.4695362E+02  0.3072409E+01  0.1814182E+02
  0.5226345E+02  0.9570786E+01  0.1133758E+02
  0.3927214E+02  0.1556200E+02  0.5447099E+01
  0.5208253E+02  0.2917292E+01  0.1549452E+02
  0.4088259E+02  0.1911240E+02  0.1274613E+02
  0.5099020E+02  0.1325776E+02  0.1025593E+02
  0.5678691E+02  0.1641412E+02  0.1017814E+02
  0.5625816E+02  0.1459398E+02  0.1266176E+02
  0.4873582E+02  0.6195385E+01  0.1537336E+02
  0.5498759E+02  0.1465471E+02  0.1064845E+02
  0.5824621E+02  0.1783621E+02  0.1141351E+02
  0.5804157E+02  0.1528271E+02  0.1421254E+02
  0.5554417E+02  0.1826255E+02  0.1455958E+02
  0.5951012E+02  0.1424999E+02  0.1032842E+02
  0.6241103E+02  0.1666050E+02  0.1022911E+02
  0.6216946E+02  0.1390494E+02  0.1310184E+02
  0.5955113E+02  0.1664569E+02  0.1282521E+02
  0.6110171E+02  0.1544282E+02  0.1171776E+02
  0.6384716E+02  0.1809015E+02  0.1173777E+02
  0.6345879E+02  0.1525011E+02  0.1447576E+02
  0.6106593E+02  0.1786944E+02  0.1425912E+02
  0.4924279E+02  0.6628261E+01  0.1017839E+02
  0.4521721E+02  0.1404894E+02  0.9383301E+01
  0.4544262E+02  0.1321552E+02  0.2047580E+02
  0.4504270E+02  0.1858606E+01  0.1511633E+02
  0.4804423E+02  0.8699774E+01  0.1207745E+02
  0.4911751E+02  0.2624986E+00  0.2025582E+02
  0.5546357E+02  0.1898271E+01  0.3367294E+01
  0.4654767E+02  0.1404518E+02  0.1718225E+02
  0.4773400E+02  0.1413391E+02  0.7104776E+01
  0.4568458E+02  0.2043153E+02  0.2743748E+01
  0.4674405E+02  0.3722824E+00  0.1216235E+02
  0.5426133E+02  0.1689474E+02  0.7871538E+01
  0.5266711E+02  0.2147922E+02  0.3887348E+01
  0.5440007E+02  0.8536301E+00  0.1273283E+02
  0.5417632E+02  0.1953414E+02  0.4437175E+01
  0.4171779E+02  0.2556952E+01  0.1337358E+02
  0.5464350E+02  0.1990616E+02  0.1600999E+02
  0.5734432E+02  0.7462962E+00  0.1541932E+02
  0.5742789E+02  0.1972356E+02  0.1833196E+02
  0.5458031E+02  0.5776994E-01  0.1881121E+02
  0.5606589E+02  0.2115364E+02  0.1691363E+02
  0.5860996E+02  0.2222024E+01  0.1684310E+02
  0.5837074E+02  0.2133745E+02  0.2002690E+02
  0.5532423E+02  0.2260113E+01  0.2001280E+02
  0.5953047E+02  0.1920545E+02  0.1556630E+02
  0.6242683E+02  0.1370471E+00  0.1540176E+02
  0.6225153E+02  0.1957173E+02  0.1828925E+02
  0.5980033E+02  0.6317903E+00  0.1838195E+02
  0.6088053E+02  0.2077236E+02  0.1690503E+02
  0.6375307E+02  0.1795851E+01  0.1672192E+02
  0.6370168E+02  0.2088391E+02  0.1956875E+02
  0.6131834E+02  0.2058654E+01  0.1982775E+02
  0.2028543E+02  0.1305505E+02  0.1784507E+02
  0.4186794E+02  0.1562959E+02  0.1728708E+02
  0.5101137E+02  0.1790150E+02  0.4505487E+01
  0.4919667E+02  0.1039989E+02  0.6008988E+01
  0.5254038E+02  0.7645001E+01  0.1789254E+02
  0.3801242E+02  0.1397204E+02  0.2099943E+02
  0.4606282E+02  0.1920819E+02  0.1528322E+02
  0.5259846E+02  0.1409751E+02  0.2957192E+01
  0.4423129E+02  0.7076144E+01  0.8741832E-01
  0.5068913E+02  0.1752306E+02  0.1917857E+02
  0.4964013E+02  0.2774719E+01  0.2066466E+02
  0.5047102E+02  0.8096758E+00  0.7559332E+01
  0.4708899E+02  0.5735944E+01  0.1032282E+02
  0.5044890E+02  0.1968458E+02  0.1525187E+02
  0.4164475E+02  0.1283055E+02  0.2114752E+02
  0.5169941E+02  0.2162983E+02  0.1294010E+01
  0.5423989E+02  0.3750670E+01  0.1559046E+02
  0.5709969E+02  0.5881719E+01  0.1564199E+02
  0.5696391E+02  0.2633062E+01  0.1839088E+02
  0.5423347E+02  0.5810963E+01  0.1846921E+02
  0.5571877E+02  0.4514258E+01  0.1723140E+02
  0.5838405E+02  0.7484657E+01  0.1676121E+02
  0.5835977E+02  0.4363111E+01  0.1946322E+02
  0.5575576E+02  0.7299637E+01  0.1945042E+02
  0.5984435E+02  0.3448465E+01  0.1530986E+02
  0.6234378E+02  0.5901525E+01  0.1558330E+02
  0.6216278E+02  0.3151783E+01  0.1791752E+02
  0.5951327E+02  0.6385463E+01  0.1853460E+02
  0.6073887E+02  0.4685830E+01  0.1709810E+02
  0.6369590E+02  0.7139781E+01  0.1719077E+02
  0.6336309E+02  0.4540699E+01  0.1953518E+02
  0.6116672E+02  0.7556699E+01  0.1978930E+02
  0.5029153E+02  0.7046538E+01  0.4164286E+01
  0.3809553E+02  0.1630123E+02  0.1967716E+02
  0.5248634E+02  0.1891735E+02  0.2625039E+01
  0.4001071E+02  0.1679649E+02  0.1333220E+02
  0.5143200E+02  0.1446920E+02  0.1242711E+02
  0.3267806E+02  0.1918198E+02  0.1247221E+01
  0.3993685E+02  0.3669745E+01  0.1889643E+02
  0.4196690E+02  0.1879391E+02  0.1590195E+01
  0.4328142E+02  0.7993036E+00  0.1656273E+02
  0.5163074E+02  0.1028581E+02  0.1561710E+02
  0.3510786E+02  0.1038597E+02  0.3325478E+01
  0.3454814E+02  0.1521380E+02  0.1118419E+02
  0.4688429E+02  0.3274082E+01  0.1412079E+02
  0.4935509E+02  0.1149177E+02  0.3757438E+01
  0.5108582E+02  0.4825276E+01  0.2079569E+02
  0.5062459E+02  0.1936335E+02  0.1763091E+02
  0.5054808E+02  0.7924467E+01  0.2091004E+02
  0.5708516E+02  0.1202113E+02  0.1564602E+02
  0.5710208E+02  0.8798687E+01  0.1811754E+02
  0.4904474E+02  0.1096178E+02  0.1571115E+02
  0.5576749E+02  0.1013923E+02  0.1666517E+02
  0.5864050E+02  0.1276029E+02  0.1707956E+02
  0.5854795E+02  0.9942026E+01  0.1960009E+02
  0.5562259E+02  0.1247440E+02  0.1966227E+02
  0.5981662E+02  0.9180796E+01  0.1580450E+02
  0.6275586E+02  0.1159509E+02  0.1574254E+02
  0.6259295E+02  0.8680791E+01  0.1826340E+02
  0.5970383E+02  0.1110246E+02  0.1848778E+02
  0.6147435E+02  0.1036174E+02  0.1686357E+02
  0.6404966E+02  0.1275246E+02  0.1704619E+02
  0.6389424E+02  0.9991472E+01  0.1993202E+02
  0.6118375E+02  0.1243618E+02  0.1986436E+02
  0.4452702E+02  0.1646970E+02  0.4892894E+01
  0.5428719E+02  0.1128407E+02  0.7076070E+01
  0.5286057E+02  0.1278041E+02  0.1086460E+01
  0.5040910E+02  0.2016485E+01  0.1719438E+01
  0.4538715E+02  0.1600250E+02  0.1817112E+02
  0.5312259E+02  0.1648211E+02  0.1537193E+02
  0.4581324E+02  0.3427559E+01  0.2038951E+02
  0.4895705E+02  0.1728521E+02  0.5568290E+01
  0.4561290E+02  0.1177297E+02  0.8406819E+01
  0.4832004E+02  0.1564225E+02  0.1978866E+02
  0.5529271E+02  0.1323686E+02  0.1450862E+02
  0.4128318E+02  0.4346581E+01  0.1176623E+02
  0.5312938E+02  0.1822248E+02  0.1700058E+02
  0.4917809E+02  0.1356260E+02  0.1220977E+02
  0.5408122E+02  0.1127029E+02  0.1795588E+02
  0.4141302E+02  0.1494468E+02  0.8474130E+01
  0.5696307E+02  0.1398526E+02  0.1847361E+02
  0.5672314E+02  0.1658363E+02  0.1595690E+02
  0.5522622E+02  0.1557089E+02  0.1764521E+02
  0.5228031E+02  0.1468482E+02  0.6442601E+01
  0.5306235E+02  0.1505468E+02  0.1959391E+02
  0.5830175E+02  0.1790687E+02  0.1708788E+02
  0.5828899E+02  0.1525631E+02  0.1978155E+02
  0.5590182E+02  0.1810331E+02  0.1926682E+02
  0.5953802E+02  0.1435273E+02  0.1575608E+02
  0.6214373E+02  0.1667820E+02  0.1580503E+02
  0.6250714E+02  0.1402073E+02  0.1843099E+02
  0.5980004E+02  0.1646717E+02  0.1855964E+02
  0.6105182E+02  0.1539519E+02  0.1715113E+02
  0.6364449E+02  0.1811787E+02  0.1699302E+02
  0.6359007E+02  0.1548035E+02  0.1987054E+02
  0.6107629E+02  0.1826536E+02  0.1981043E+02
