         
  0.6515772E+02  0.0000000E+00  0.2171924E+02
  0.0000000E+00  0.0000000E+00  0.2171924E+02
Si  0.6507872E+02  0.2122742E+02  0.2171010E+02
Si  0.2874736E+01  0.2590717E+01  0.2704429E-01
Si  0.2722217E+01  0.2163968E+02  0.2850669E+01
Si  0.6513364E+02  0.2314587E+01  0.2913065E+01
Si  0.1231750E+01  0.1021608E+01  0.1364448E+01
Si  0.4022151E+01  0.4131751E+01  0.1337862E+01
Si  0.4109390E+01  0.1301217E+01  0.4262938E+01
Si  0.1365551E+01  0.4006118E+01  0.4103657E+01
Si  0.5665861E+01  0.2150809E+02  0.1599996E+00
Si  0.8247143E+01  0.2469572E+01  0.6122041E-01
Si  0.8139558E+01  0.1065685E-01  0.2982114E+01
Si  0.5334156E+01  0.2786163E+01  0.2651254E+01
Si  0.6800027E+01  0.1279887E+01  0.1491018E+01
Si  0.9327233E+01  0.3945489E+01  0.1501354E+01
Si  0.9628887E+01  0.1331891E+01  0.4416677E+01
Si  0.6782322E+01  0.3915319E+01  0.4167973E+01
Si  0.1086596E+02  0.2158461E+02  0.1751936E+00
Si  0.1359105E+02  0.2620621E+01  0.1463249E+00
Si  0.1341348E+02  0.1868088E+00  0.3157948E+01
Si  0.1073750E+02  0.2745547E+01  0.2928150E+01
Si  0.1203462E+02  0.1266940E+01  0.1733594E+01
Si  0.1484362E+02  0.4431130E+01  0.1309625E+01
Si  0.1471134E+02  0.1380651E+01  0.4663992E+01
Si  0.1212738E+02  0.4051787E+01  0.4051808E+01
Si  0.1597898E+02  0.2137156E+02  0.9024171E-01
Si  0.1878218E+02  0.4623749E+01  0.8841951E+00
Si  0.1949900E+02  0.8960428E+00  0.2340668E+01
Si  0.1596665E+02  0.2671689E+01  0.2985492E+01
Si  0.1710785E+02  0.6012025E+00  0.2031029E+01
Si  0.2022955E+02  0.1072562E+01  0.4442851E+01
Si  0.1838566E+02  0.2631180E+01  0.4821443E+01
Si  0.1774946E+02  0.4369607E+01  0.3055167E+01
Si  0.8008999E-01  0.5204828E+01  0.4296828E+00
Si  0.2828591E+01  0.8054257E+01  0.1311468E+00
Si  0.2775588E+01  0.5405879E+01  0.2788407E+01
Si  0.6196059E-01  0.8077342E+01  0.2801245E+01
Si  0.1452608E+01  0.6738803E+01  0.1540127E+01
Si  0.4098335E+01  0.9342426E+01  0.1499535E+01
Si  0.4081781E+01  0.6849797E+01  0.4021418E+01
Si  0.1515238E+01  0.9403770E+01  0.4247421E+01
Si  0.5538289E+01  0.5403250E+01  0.2989134E-01
Si  0.8342357E+01  0.8127491E+01  0.2027833E+00
Si  0.8115064E+01  0.5349380E+01  0.2848640E+01
Si  0.5261515E+01  0.8117624E+01  0.2811857E+01
Si  0.6710488E+01  0.6721065E+01  0.1403723E+01
Si  0.9394612E+01  0.9625497E+01  0.1512326E+01
Si  0.9557047E+01  0.6717256E+01  0.4174784E+01
Si  0.6590398E+01  0.9430077E+01  0.4157922E+01
Si  0.1084874E+02  0.5216710E+01  0.1672567E+00
Si  0.1311290E+02  0.8041813E+01  0.2158665E+02
Si  0.1327289E+02  0.5620288E+01  0.2883808E+01
Si  0.1067973E+02  0.8228266E+01  0.2805207E+01
Si  0.1178564E+02  0.6739041E+01  0.1409970E+01
Si  0.1438493E+02  0.9020150E+01  0.1640213E+01
Si  0.1491907E+02  0.5868129E+01  0.4552913E+01
Si  0.1210402E+02  0.9338053E+01  0.4316886E+01
Si  0.1592522E+02  0.5682971E+01  0.2147968E+02
Si  0.2134783E+02  0.6796319E+01  0.2455725E+01
Si  0.1730848E+02  0.8216855E+01  0.6265823E+01
Si  0.1575607E+02  0.7924553E+01  0.3521221E+01
Si  0.1794797E+02  0.6992844E+01  0.3195322E+00
Si  0.1962621E+02  0.1038306E+02  0.6640527E+00
Si  0.1786922E+02  0.6787573E+01  0.2587928E+01
Si  0.1752556E+02  0.9798365E+01  0.4015837E+01
Si  0.6512411E+02  0.1064185E+02  0.1740521E+00
Si  0.2711536E+01  0.1324957E+02  0.1877781E+00
Si  0.2603763E+01  0.1075568E+02  0.2836735E+01
Si  0.4652218E-01  0.1343367E+02  0.2811358E+01
Si  0.1276070E+01  0.1200775E+02  0.1419344E+01
Si  0.4048381E+01  0.1458127E+02  0.1624026E+01
Si  0.3958834E+01  0.1208179E+02  0.4281333E+01
Si  0.1460630E+01  0.1474874E+02  0.4341534E+01
Si  0.5401884E+01  0.1071691E+02  0.3253509E+00
Si  0.8070911E+01  0.1341360E+02  0.7921074E-01
Si  0.8086147E+01  0.1079212E+02  0.2941974E+01
Si  0.5513823E+01  0.1343795E+02  0.3042687E+01
Si  0.6803995E+01  0.1211069E+02  0.1599360E+01
Si  0.9355510E+01  0.1484681E+02  0.1498554E+01
Si  0.9544553E+01  0.1208354E+02  0.4468880E+01
Si  0.6795501E+01  0.1491222E+02  0.4379128E+01
Si  0.1078200E+02  0.1092660E+02  0.1544157E+00
Si  0.1343032E+02  0.1353534E+02  0.4485750E+00
Si  0.1326211E+02  0.1075064E+02  0.2861897E+01
Si  0.1066077E+02  0.1358915E+02  0.2831334E+01
Si  0.1200110E+02  0.1210327E+02  0.1415097E+01
Si  0.1483194E+02  0.1489077E+02  0.1778949E+01
Si  0.1428366E+02  0.1236593E+02  0.4432925E+01
Si  0.1208594E+02  0.1496131E+02  0.4245549E+01
Si  0.1561006E+02  0.1023928E+02  0.2320533E-02
Si  0.1893447E+02  0.1391374E+02  0.6248353E+00
Si  0.1879413E+02  0.1196892E+02  0.3445162E+01
Si  0.1584568E+02  0.1359275E+02  0.3274949E+01
Si  0.1698978E+02  0.1277235E+02  0.1418170E+01
Si  0.2050337E+02  0.1627561E+02  0.3590026E+00
Si  0.1944457E+02  0.1528441E+02  0.5698620E+01
Si  0.1753648E+02  0.1502354E+02  0.4226437E+01
Si  0.2885444E+00  0.1597235E+02  0.6462216E-02
Si  0.2922201E+01  0.1880097E+02  0.6631349E-01
Si  0.2771557E+01  0.1619477E+02  0.2837318E+01
Si  0.6505715E+02  0.1862632E+02  0.2901586E+01
Si  0.1464560E+01  0.1753085E+02  0.1371698E+01
Si  0.4024651E+01  0.2030573E+02  0.1536906E+01
Si  0.3951702E+01  0.1759263E+02  0.4221566E+01
Si  0.1303734E+01  0.2022467E+02  0.4189818E+01
Si  0.5480385E+01  0.1604285E+02  0.3951535E+00
Si  0.8215669E+01  0.1889185E+02  0.2717479E+00
Si  0.8113545E+01  0.1628166E+02  0.3003210E+01
Si  0.5472438E+01  0.1891138E+02  0.2857138E+01
Si  0.6803583E+01  0.1754874E+02  0.1583371E+01
Si  0.9484127E+01  0.2034728E+02  0.1607388E+01
Si  0.9557864E+01  0.1772960E+02  0.4136521E+01
Si  0.6912781E+01  0.2027625E+02  0.4234876E+01
Si  0.1084462E+02  0.1618660E+02  0.2869885E+00
Si  0.1349127E+02  0.1887454E+02  0.2056893E+00
Si  0.1354827E+02  0.1620793E+02  0.3065985E+01
Si  0.1087539E+02  0.1908503E+02  0.3046225E+01
Si  0.1216102E+02  0.1763283E+02  0.1679636E+01
Si  0.1465043E+02  0.2035163E+02  0.1743852E+01
Si  0.1487471E+02  0.1745042E+02  0.4729891E+01
Si  0.1220324E+02  0.2036384E+02  0.4303814E+01
Si  0.1611573E+02  0.1635505E+02  0.4225431E+00
Si  0.1798430E+02  0.1921627E+02  0.5541674E+00
Si  0.1937124E+02  0.1564901E+02  0.2259695E+01
Si  0.1566852E+02  0.1853907E+02  0.2827821E+01
Si  0.1767693E+02  0.1715355E+02  0.1933141E+01
Si  0.1991740E+02  0.2040113E+02  0.1403189E+01
Si  0.2091018E+02  0.1636818E+02  0.4364704E+01
Si  0.1817139E+02  0.1911500E+02  0.3114761E+01
Si  0.6785414E-02  0.2150666E+02  0.5543328E+01
Si  0.2729595E+01  0.2652161E+01  0.5626145E+01
Si  0.2786367E+01  0.2164526E+02  0.8434216E+01
Si  0.1040763E+00  0.2663211E+01  0.8232418E+01
Si  0.1493540E+01  0.1229504E+01  0.6938775E+01
Si  0.4201219E+01  0.3895716E+01  0.6938592E+01
Si  0.4119323E+01  0.1217790E+01  0.9977984E+01
Si  0.1443906E+01  0.4012312E+01  0.9797357E+01
Si  0.5496306E+01  0.2167988E+02  0.5512253E+01
Si  0.8257724E+01  0.2764583E+01  0.5584370E+01
Si  0.8458064E+01  0.6987807E-01  0.8342835E+01
Si  0.5455981E+01  0.2579623E+01  0.8532892E+01
Si  0.6643382E+01  0.1329878E+01  0.7020816E+01
Si  0.9497647E+01  0.4008801E+01  0.7000595E+01
Si  0.9620568E+01  0.1209116E+01  0.9834770E+01
Si  0.6755227E+01  0.3790862E+01  0.9685059E+01
Si  0.1085602E+02  0.2166980E+02  0.5921267E+01
Si  0.1348265E+02  0.2882798E+01  0.5648493E+01
Si  0.1365162E+02  0.2141823E+02  0.8460435E+01
Si  0.1093799E+02  0.2632054E+01  0.8450243E+01
Si  0.1239159E+02  0.1248001E+01  0.7296908E+01
Si  0.1527498E+02  0.4149968E+01  0.6823933E+01
Si  0.1534949E+02  0.1160841E+01  0.9665458E+01
Si  0.1243149E+02  0.3980061E+01  0.9334172E+01
Si  0.1639427E+02  0.2119322E+02  0.5303638E+01
Si  0.2216093E+02  0.3271288E+01  0.7516395E+01
Si  0.1872546E+02  0.2122104E+02  0.5509385E+01
Si  0.1613289E+02  0.2401083E+01  0.8268967E+01
Si  0.1682307E+02  0.1844849E+01  0.5959243E+01
Si  0.2226875E+02  0.8508254E+00  0.5941468E+01
Si  0.2016134E+02  0.2149529E+01  0.8623208E+01
Si  0.1820662E+02  0.2989747E+01  0.9564098E+01
Si  0.6507344E+02  0.5322612E+01  0.5449154E+01
Si  0.2711335E+01  0.7960307E+01  0.5564103E+01
Si  0.2789571E+01  0.5330850E+01  0.8258813E+01
Si  0.6499894E+02  0.7963548E+01  0.8309760E+01
Si  0.1364185E+01  0.6651065E+01  0.6979349E+01
Si  0.4122101E+01  0.9298012E+01  0.7042569E+01
Si  0.4142342E+01  0.6536905E+01  0.9828663E+01
Si  0.1180298E+01  0.9341555E+01  0.9608231E+01
Si  0.5394563E+01  0.5466441E+01  0.5464577E+01
Si  0.8078044E+01  0.8005375E+01  0.5581194E+01
Si  0.8100693E+01  0.5312805E+01  0.8316768E+01
Si  0.5358143E+01  0.8044029E+01  0.8524750E+01
Si  0.6613646E+01  0.6683086E+01  0.7026727E+01
Si  0.9768172E+01  0.9360360E+01  0.6891218E+01
Si  0.9686545E+01  0.6863211E+01  0.9441855E+01
Si  0.6736234E+01  0.9336263E+01  0.9816329E+01
Si  0.1069662E+02  0.5372761E+01  0.5542161E+01
Si  0.1365626E+02  0.7922069E+01  0.5121516E+01
Si  0.1378835E+02  0.5620832E+01  0.8013067E+01
Si  0.1109400E+02  0.8221160E+01  0.8348598E+01
Si  0.1205424E+02  0.6872461E+01  0.6722991E+01
Si  0.1429784E+02  0.9691669E+01  0.6775725E+01
Si  0.1483444E+02  0.7055072E+01  0.9511752E+01
Si  0.1228752E+02  0.9691811E+01  0.9894956E+01
Si  0.1670673E+02  0.5966703E+01  0.6406696E+01
Si  0.1974009E+02  0.8960156E+01  0.4997636E+01
Si  0.1873584E+02  0.4606738E+01  0.6250014E+01
Si  0.1608740E+02  0.8467615E+01  0.8044308E+01
Si  0.1898739E+02  0.8499120E+01  0.8161328E+01
Si  0.1971720E+02  0.1067423E+02  0.6529167E+01
Si  0.1845035E+02  0.5063923E+01  0.1050614E+02
Si  0.1776185E+02  0.9492802E+01  0.9707464E+01
Si  0.6512323E+02  0.1075954E+02  0.5636439E+01
Si  0.2739789E+01  0.1339819E+02  0.5799975E+01
Si  0.2715550E+01  0.1082000E+02  0.8250360E+01
Si  0.8402751E-01  0.1350595E+02  0.8081481E+01
Si  0.1227056E+01  0.1201652E+02  0.6976769E+01
Si  0.4106963E+01  0.1492733E+02  0.6999227E+01
Si  0.4161339E+01  0.1204328E+02  0.9719342E+01
Si  0.1452259E+01  0.1479958E+02  0.9628768E+01
Si  0.5323468E+01  0.1081352E+02  0.5718344E+01
Si  0.8087211E+01  0.1338316E+02  0.5785264E+01
Si  0.8306487E+01  0.1068284E+02  0.8303353E+01
Si  0.5391887E+01  0.1366700E+02  0.8380580E+01
Si  0.6803298E+01  0.1217932E+02  0.7231485E+01
Si  0.9453998E+01  0.1499390E+02  0.7074469E+01
Si  0.9682797E+01  0.1225033E+02  0.9638948E+01
Si  0.6683409E+01  0.1504324E+02  0.9688384E+01
Si  0.1105507E+02  0.1077024E+02  0.5705112E+01
Si  0.1337838E+02  0.1382430E+02  0.6067183E+01
Si  0.1357055E+02  0.1091036E+02  0.8514624E+01
Si  0.1088744E+02  0.1366479E+02  0.8555567E+01
Si  0.1212796E+02  0.1211359E+02  0.7245079E+01
Si  0.1520770E+02  0.1459187E+02  0.7428463E+01
Si  0.1509178E+02  0.1191605E+02  0.9754824E+01
Si  0.1228628E+02  0.1491192E+02  0.9890244E+01
Si  0.1607655E+02  0.1123683E+02  0.5747228E+01
Si  0.1764963E+02  0.1294728E+02  0.5452390E+01
Si  0.1912711E+02  0.1139160E+02  0.1006105E+02
Si  0.1643970E+02  0.1318105E+02  0.8580041E+01
Si  0.1829235E+02  0.1219039E+02  0.7812885E+01
Si  0.2376025E+02  0.1371308E+02  0.4961301E+01
Si  0.1876147E+02  0.1347957E+02  0.1091089E+02
Si  0.1786839E+02  0.1502659E+02  0.9434315E+01
Si  0.6512240E+02  0.1602535E+02  0.5603986E+01
Si  0.2674226E+01  0.1909364E+02  0.5637053E+01
Si  0.2782693E+01  0.1634975E+02  0.8225249E+01
Si  0.6513497E+02  0.1893120E+02  0.8492149E+01
Si  0.1329822E+01  0.1773517E+02  0.6949432E+01
Si  0.4131124E+01  0.2039437E+02  0.6886226E+01
Si  0.4031425E+01  0.1764552E+02  0.9591474E+01
Si  0.1449710E+01  0.2008700E+02  0.9878367E+01
Si  0.5448162E+01  0.1638744E+02  0.5515004E+01
Si  0.8315556E+01  0.1914636E+02  0.5756444E+01
Si  0.8101044E+01  0.1629660E+02  0.8309805E+01
Si  0.5367041E+01  0.1903909E+02  0.8198943E+01
Si  0.6818577E+01  0.1772868E+02  0.6923487E+01
Si  0.9709134E+01  0.2030867E+02  0.7262869E+01
Si  0.9595392E+01  0.1758712E+02  0.9814856E+01
Si  0.6827179E+01  0.2051811E+02  0.9504373E+01
Si  0.1083774E+02  0.1648937E+02  0.5582057E+01
Si  0.1369959E+02  0.1911673E+02  0.5732681E+01
Si  0.1382983E+02  0.1591616E+02  0.8627953E+01
Si  0.1115623E+02  0.1894607E+02  0.8473766E+01
Si  0.1257001E+02  0.1752006E+02  0.7088096E+01
Si  0.1513818E+02  0.2038064E+02  0.6969683E+01
Si  0.1521596E+02  0.1749999E+02  0.9829319E+01
Si  0.1244721E+02  0.2018619E+02  0.9912430E+01
Si  0.1633883E+02  0.1615448E+02  0.6098354E+01
Si  0.1906629E+02  0.1901622E+02  0.5532290E+01
Si  0.1940117E+02  0.1617936E+02  0.8113336E+01
Si  0.1630969E+02  0.1898044E+02  0.8670005E+01
Si  0.1776063E+02  0.1776590E+02  0.7086491E+01
Si  0.1949207E+02  0.2146909E+02  0.7730980E+01
Si  0.2117853E+02  0.2040971E+02  0.1133589E+02
Si  0.1787200E+02  0.2076849E+02  0.9514148E+01
Si  0.1399252E+00  0.2154875E+02  0.1122671E+02
Si  0.2677415E+01  0.2471567E+01  0.1139751E+02
Si  0.2928142E+01  0.2160599E+02  0.1400916E+02
Si  0.1793061E-02  0.2419707E+01  0.1403320E+02
Si  0.1381880E+01  0.9565668E+00  0.1269754E+02
Si  0.4191247E+01  0.3810983E+01  0.1253703E+02
Si  0.4228795E+01  0.1302070E+01  0.1522428E+02
Si  0.1520809E+01  0.3785991E+01  0.1536949E+02
Si  0.5430742E+01  0.2144515E+02  0.1115188E+02
Si  0.8293773E+01  0.2644546E+01  0.1101039E+02
Si  0.8174346E+01  0.2138977E+02  0.1361218E+02
Si  0.5509195E+01  0.2573013E+01  0.1383250E+02
Si  0.6843987E+01  0.1169734E+01  0.1236912E+02
Si  0.9633460E+01  0.4104742E+01  0.1222346E+02
Si  0.9570101E+01  0.1252037E+01  0.1484688E+02
Si  0.6943697E+01  0.3855695E+01  0.1506319E+02
Si  0.1118716E+02  0.2152530E+02  0.1112889E+02
Si  0.1384430E+02  0.2516728E+01  0.1092527E+02
Si  0.1387359E+02  0.2168744E+02  0.1373946E+02
Si  0.1103013E+02  0.2607051E+01  0.1334602E+02
Si  0.1251397E+02  0.1214004E+01  0.1223311E+02
Si  0.1512826E+02  0.3992661E+01  0.1216986E+02
Si  0.1516072E+02  0.1329841E+01  0.1505214E+02
Si  0.1230438E+02  0.4000105E+01  0.1487156E+02
Si  0.1659138E+02  0.2155645E+02  0.1112180E+02
Si  0.1920689E+02  0.1480823E+01  0.1207077E+02
Si  0.1963445E+02  0.2716561E+01  0.1586938E+02
Si  0.1670564E+02  0.2596461E+01  0.1359726E+02
Si  0.1744983E+02  0.4686422E+00  0.1324262E+02
Si  0.1824997E+02  0.5363980E+01  0.1359580E+02
Si  0.1971936E+02  0.1593271E+01  0.1812898E+02
Si  0.1752131E+02  0.3762102E+01  0.1531513E+02
Si  0.6503812E+02  0.5209183E+01  0.1105153E+02
Si  0.2755716E+01  0.8013979E+01  0.1114145E+02
Si  0.2878283E+01  0.5122086E+01  0.1391696E+02
Si  0.5062128E-01  0.7984064E+01  0.1358238E+02
Si  0.1568221E+01  0.6479729E+01  0.1239023E+02
Si  0.4168383E+01  0.9194241E+01  0.1251809E+02
Si  0.4335618E+01  0.6529463E+01  0.1520801E+02
Si  0.1484823E+01  0.9350251E+01  0.1504172E+02
Si  0.5465014E+01  0.5073703E+01  0.1107297E+02
Si  0.8119829E+01  0.7914924E+01  0.1095339E+02
Si  0.8212547E+01  0.5207151E+01  0.1368255E+02
Si  0.5592402E+01  0.7725393E+01  0.1365469E+02
Si  0.6983690E+01  0.6433565E+01  0.1224664E+02
Si  0.9469556E+01  0.9447484E+01  0.1225735E+02
Si  0.9532185E+01  0.6640068E+01  0.1491734E+02
Si  0.6684854E+01  0.9199812E+01  0.1503355E+02
Si  0.1102411E+02  0.5354953E+01  0.1075122E+02
Si  0.1356696E+02  0.8193176E+01  0.1112867E+02
Si  0.1363843E+02  0.5318444E+01  0.1351581E+02
Si  0.1085877E+02  0.7975941E+01  0.1347958E+02
Si  0.1215223E+02  0.6634471E+01  0.1220670E+02
Si  0.1489478E+02  0.9636816E+01  0.1234948E+02
Si  0.1464271E+02  0.6673116E+01  0.1524557E+02
Si  0.1213233E+02  0.9349955E+01  0.1484113E+02
Si  0.1609155E+02  0.5582353E+01  0.1079135E+02
Si  0.1866083E+02  0.7766600E+01  0.1127436E+02
Si  0.1988918E+02  0.6962097E+01  0.1320625E+02
Si  0.1583991E+02  0.8525115E+01  0.1395516E+02
Si  0.1677944E+02  0.6961312E+01  0.1214735E+02
Si  0.2077123E+02  0.1141209E+02  0.1317385E+02
Si  0.1938495E+02  0.8261433E+01  0.1518946E+02
Si  0.1765381E+02  0.8810783E+01  0.1703327E+02
Si  0.6508136E+02  0.1087228E+02  0.1091412E+02
Si  0.2840907E+01  0.1352228E+02  0.1101056E+02
Si  0.2787436E+01  0.1082494E+02  0.1377494E+02
Si  0.2075595E+00  0.1325111E+02  0.1370886E+02
Si  0.1389150E+01  0.1203289E+02  0.1234484E+02
Si  0.4381348E+01  0.1479027E+02  0.1236187E+02
Si  0.4136858E+01  0.1203048E+02  0.1523347E+02
Si  0.1720982E+01  0.1471746E+02  0.1495773E+02
Si  0.5422112E+01  0.1063935E+02  0.1113705E+02
Si  0.8099490E+01  0.1349444E+02  0.1071155E+02
Si  0.8093989E+01  0.1072004E+02  0.1365984E+02
Si  0.5491145E+01  0.1345689E+02  0.1383076E+02
Si  0.6845691E+01  0.1223685E+02  0.1223633E+02
Si  0.9325059E+01  0.1477466E+02  0.1235499E+02
Si  0.9492570E+01  0.1195172E+02  0.1509453E+02
Si  0.7039609E+01  0.1482628E+02  0.1511182E+02
Si  0.1088422E+02  0.1090695E+02  0.1109203E+02
Si  0.1385784E+02  0.1352130E+02  0.1111471E+02
Si  0.1345898E+02  0.1105226E+02  0.1366223E+02
Si  0.1077673E+02  0.1354492E+02  0.1387878E+02
Si  0.1213684E+02  0.1229775E+02  0.1240615E+02
Si  0.1549047E+02  0.1488508E+02  0.1242327E+02
Si  0.1501103E+02  0.1227027E+02  0.1489115E+02
Si  0.1222931E+02  0.1488903E+02  0.1509604E+02
Si  0.1655048E+02  0.1090348E+02  0.1117595E+02
Si  0.2391953E+02  0.1516860E+02  0.1261804E+02
Si  0.1760550E+02  0.9804746E+01  0.1479593E+02
Si  0.1686119E+02  0.1329472E+02  0.1356047E+02
Si  0.1831189E+02  0.1162226E+02  0.1289448E+02
Si  0.2084388E+02  0.9855712E+01  0.1499910E+02
Si  0.2840986E+02  0.5322650E+01  0.1932183E+02
Si  0.1759920E+02  0.1491261E+02  0.1532860E+02
Si  0.1153872E+00  0.1595771E+02  0.1111403E+02
Si  0.2696022E+01  0.1875117E+02  0.1110678E+02
Si  0.3008345E+01  0.1608472E+02  0.1360630E+02
Si  0.1799109E+00  0.1870964E+02  0.1373199E+02
Si  0.1469154E+01  0.1732557E+02  0.1236710E+02
Si  0.3922338E+01  0.2012300E+02  0.1248924E+02
Si  0.4356618E+01  0.1740297E+02  0.1507631E+02
Si  0.1577257E+01  0.2011448E+02  0.1528520E+02
Si  0.5416386E+01  0.1641854E+02  0.1102414E+02
Si  0.8154090E+01  0.1909440E+02  0.1089675E+02
Si  0.8152176E+01  0.1626067E+02  0.1376304E+02
Si  0.5504611E+01  0.1903747E+02  0.1390328E+02
Si  0.6849466E+01  0.1779335E+02  0.1237744E+02
Si  0.9677857E+01  0.2014869E+02  0.1234632E+02
Si  0.9507984E+01  0.1748900E+02  0.1513515E+02
Si  0.6885925E+01  0.2028764E+02  0.1522694E+02
Si  0.1089287E+02  0.1630163E+02  0.1124745E+02
Si  0.1386041E+02  0.1882886E+02  0.1118164E+02
Si  0.1373638E+02  0.1612079E+02  0.1381172E+02
Si  0.1100241E+02  0.1876611E+02  0.1380843E+02
Si  0.1248116E+02  0.1755001E+02  0.1259267E+02
Si  0.1522765E+02  0.2020693E+02  0.1251967E+02
Si  0.1525296E+02  0.1740737E+02  0.1516632E+02
Si  0.1255920E+02  0.2019944E+02  0.1502494E+02
Si  0.1676659E+02  0.1632907E+02  0.1089453E+02
Si  0.1915376E+02  0.1947709E+02  0.1093212E+02
Si  0.1881764E+02  0.1642236E+02  0.1377358E+02
Si  0.1663558E+02  0.1901647E+02  0.1380822E+02
Si  0.1803721E+02  0.1796084E+02  0.1224362E+02
Si  0.1956385E+02  0.7592320E+00  0.1445793E+02
Si  0.2250183E+02  0.1750512E+02  0.1506114E+02
Si  0.1796818E+02  0.2057870E+02  0.1517471E+02
Si  0.6454185E-01  0.2146614E+02  0.1649755E+02
Si  0.2901793E+01  0.2516536E+01  0.1664992E+02
Si  0.3094242E+01  0.2146036E+02  0.1907358E+02
Si  0.6515319E+02  0.2453958E+01  0.1919722E+02
Si  0.1260970E+01  0.1104022E+01  0.1782059E+02
Si  0.4340349E+01  0.4020903E+01  0.1815067E+02
Si  0.4390778E+01  0.1174834E+01  0.2055962E+02
Si  0.1217095E+01  0.3842888E+01  0.2048525E+02
Si  0.5662640E+01  0.2158041E+02  0.1643373E+02
Si  0.8267163E+01  0.2500225E+01  0.1638533E+02
Si  0.8271886E+01  0.2157170E+02  0.1913905E+02
Si  0.5639372E+01  0.2598052E+01  0.1933637E+02
Si  0.6908117E+01  0.1221358E+01  0.1784187E+02
Si  0.9677139E+01  0.3815869E+01  0.1786575E+02
Si  0.9639705E+01  0.1129364E+01  0.2045420E+02
Si  0.6978645E+01  0.3994045E+01  0.2057682E+02
Si  0.1080266E+02  0.2141128E+02  0.1621289E+02
Si  0.1351915E+02  0.2414631E+01  0.1627292E+02
Si  0.1354791E+02  0.2154853E+02  0.1932650E+02
Si  0.1099855E+02  0.2408751E+01  0.1904357E+02
Si  0.1230591E+02  0.1031268E+01  0.1768475E+02
Si  0.1486209E+02  0.3829306E+01  0.1759053E+02
Si  0.1494573E+02  0.1146789E+01  0.2062405E+02
Si  0.1199822E+02  0.3899851E+01  0.2039253E+02
Si  0.1640345E+02  0.2161432E+02  0.1637867E+02
Si  0.2161545E+02  0.6197035E+01  0.1439707E+02
Si  0.1758837E+02  0.4310630E+00  0.1848101E+02
Si  0.1590042E+02  0.3009077E+01  0.1938981E+02
Si  0.1758761E+02  0.2560139E+01  0.1759806E+02
Si  0.2374132E+02  0.4265952E+01  0.1845810E+02
Si  0.2010099E+02  0.2007986E+02  0.1922186E+02
Si  0.1759177E+02  0.4270753E+01  0.2041635E+02
Si  0.1599367E-01  0.5117647E+01  0.1649664E+02
Si  0.2978703E+01  0.8067667E+01  0.1654565E+02
Si  0.2595329E+01  0.5260898E+01  0.1928119E+02
Si  0.1569325E+00  0.7773507E+01  0.1924678E+02
Si  0.1468643E+01  0.6581351E+01  0.1771801E+02
Si  0.4214025E+01  0.9403878E+01  0.1796680E+02
Si  0.4160011E+01  0.6801441E+01  0.2053907E+02
Si  0.1336268E+01  0.9304336E+01  0.2042272E+02
Si  0.5725080E+01  0.5290022E+01  0.1662264E+02
Si  0.8277472E+01  0.7952949E+01  0.1628205E+02
Si  0.8199822E+01  0.5160556E+01  0.1912411E+02
Si  0.5640606E+01  0.8050117E+01  0.1926200E+02
Si  0.6985550E+01  0.6769634E+01  0.1771858E+02
Si  0.9421897E+01  0.9334187E+01  0.1779806E+02
Si  0.9361799E+01  0.6512943E+01  0.2036377E+02
Si  0.6986816E+01  0.9483729E+01  0.2059283E+02
Si  0.1088231E+02  0.5238976E+01  0.1630087E+02
Si  0.1328654E+02  0.8028798E+01  0.1651200E+02
Si  0.1337280E+02  0.5046968E+01  0.1900950E+02
Si  0.1069432E+02  0.8063322E+01  0.1906384E+02
Si  0.1201635E+02  0.6549200E+01  0.1783867E+02
Si  0.1439937E+02  0.9453058E+01  0.1784675E+02
Si  0.1449308E+02  0.6821218E+01  0.2010748E+02
Si  0.1189546E+02  0.9561151E+01  0.2035880E+02
Si  0.1607323E+02  0.5243097E+01  0.1632590E+02
Si  0.2121817E+02  0.8265648E+01  0.1863030E+02
Si  0.2107359E+02  0.4152163E+01  0.1724536E+02
Si  0.1620723E+02  0.7962790E+01  0.1893281E+02
Si  0.1751865E+02  0.6388632E+01  0.1758951E+02
Si  0.2059100E+02  0.1016243E+02  0.2008920E+02
Si  0.2019882E+02  0.7049612E+01  0.2007425E+02
Si  0.1721003E+02  0.8966556E+01  0.2067728E+02
Si  0.1478816E+00  0.1067240E+02  0.1645594E+02
Si  0.2947717E+01  0.1351260E+02  0.1652920E+02
Si  0.2853459E+01  0.1081920E+02  0.1926922E+02
Si  0.1290432E+00  0.1323769E+02  0.1900612E+02
Si  0.1577805E+01  0.1225524E+02  0.1762720E+02
Si  0.4258660E+01  0.1472846E+02  0.1782910E+02
Si  0.4123112E+01  0.1198809E+02  0.2071958E+02
Si  0.1339739E+01  0.1445559E+02  0.2034839E+02
Si  0.5415625E+01  0.1061505E+02  0.1650249E+02
Si  0.8149489E+01  0.1339337E+02  0.1653501E+02
Si  0.8288088E+01  0.1065626E+02  0.1925456E+02
Si  0.5560147E+01  0.1332406E+02  0.1918419E+02
Si  0.6983574E+01  0.1188933E+02  0.1785058E+02
Si  0.9551317E+01  0.1494127E+02  0.1778903E+02
Si  0.9660962E+01  0.1219790E+02  0.2041293E+02
Si  0.6682699E+01  0.1478898E+02  0.2066464E+02
Si  0.1088591E+02  0.1069173E+02  0.1654881E+02
Si  0.1362255E+02  0.1354427E+02  0.1647184E+02
Si  0.1347747E+02  0.1087058E+02  0.1933518E+02
Si  0.1094245E+02  0.1371115E+02  0.1910797E+02
Si  0.1229458E+02  0.1222015E+02  0.1783883E+02
Si  0.1491863E+02  0.1496448E+02  0.1793643E+02
Si  0.1476464E+02  0.1219015E+02  0.2083238E+02
Si  0.1216195E+02  0.1499013E+02  0.2039442E+02
Si  0.1595051E+02  0.1068863E+02  0.1669285E+02
Si  0.1862426E+02  0.1360968E+02  0.1688986E+02
Si  0.1806232E+02  0.1105870E+02  0.1970908E+02
Si  0.1624182E+02  0.1377225E+02  0.1964013E+02
Si  0.1712275E+02  0.1209392E+02  0.1815071E+02
Si  0.2078869E+02  0.1564214E+02  0.1751992E+02
Si  0.2015983E+02  0.1264056E+02  0.2070349E+02
Si  0.1768373E+02  0.1523431E+02  0.2061694E+02
Si  0.3014897E+00  0.1594051E+02  0.1642301E+02
Si  0.2998670E+01  0.1862711E+02  0.1652968E+02
Si  0.2858344E+01  0.1593173E+02  0.1926407E+02
Si  0.2479883E+00  0.1873488E+02  0.1899999E+02
Si  0.1591988E+01  0.1734315E+02  0.1767385E+02
Si  0.4363732E+01  0.2022219E+02  0.1777508E+02
Si  0.4348877E+01  0.1737428E+02  0.2058703E+02
Si  0.1475570E+01  0.2013802E+02  0.2034114E+02
Si  0.5588772E+01  0.1613511E+02  0.1644171E+02
Si  0.8097248E+01  0.1892852E+02  0.1639643E+02
Si  0.8097095E+01  0.1611848E+02  0.1924635E+02
Si  0.5650348E+01  0.1883573E+02  0.1918359E+02
Si  0.6938865E+01  0.1744979E+02  0.1782810E+02
Si  0.9597107E+01  0.2020811E+02  0.1781879E+02
Si  0.9471350E+01  0.1743979E+02  0.2051392E+02
Si  0.6999940E+01  0.2028287E+02  0.2047080E+02
Si  0.1105856E+02  0.1625327E+02  0.1651553E+02
Si  0.1394661E+02  0.1894657E+02  0.1627332E+02
Si  0.1363579E+02  0.1631227E+02  0.1901748E+02
Si  0.1100123E+02  0.1866670E+02  0.1921536E+02
Si  0.1255758E+02  0.1754381E+02  0.1756694E+02
Si  0.1497274E+02  0.2040143E+02  0.1779123E+02
Si  0.1494134E+02  0.1757109E+02  0.2062871E+02
Si  0.1217831E+02  0.2016848E+02  0.2063294E+02
Si  0.1633381E+02  0.1631026E+02  0.1674672E+02
Si  0.1900955E+02  0.1932263E+02  0.1710483E+02
Si  0.1906977E+02  0.1617739E+02  0.1916946E+02
Si  0.1610671E+02  0.1914773E+02  0.1939014E+02
Si  0.1770367E+02  0.1764108E+02  0.1794734E+02
Si  0.2024836E+02  0.1761038E+02  0.1614682E+02
Si  0.1936416E+02  0.1800326E+02  0.2091094E+02
Si  0.1761369E+02  0.2051429E+02  0.2016510E+02
Si  0.3184272E+02  0.1341919E+02  0.3449968E+01
Si  0.2533021E+02  0.2572512E+01  0.1871338E+02
Si  0.2059494E+02  0.1357301E+02  0.4326082E+01
Si  0.2576512E+02  0.5172399E+01  0.7491591E+01
Si  0.2730999E+02  0.7369337E+01  0.7563746E+01
Si  0.3163550E+02  0.5094892E+01  0.1780932E+02
Si  0.4276310E+02  0.1867772E+02  0.7920287E+00
Si  0.4215270E+02  0.1948952E+02  0.3966377E+01
Si  0.2508905E+02  0.1231477E+02  0.7902765E+01
Si  0.2842757E+02  0.1729234E+01  0.1752322E+02
Si  0.2181555E+02  0.1063550E+02  0.1694217E+02
Si  0.4267420E+02  0.1363182E+02  0.1351701E+02
Si  0.2393607E+02  0.1344460E+02  0.1839517E+01
Si  0.4074638E+02  0.1722396E+02  0.5609245E+01
Si  0.3359050E+02  0.1023542E+02  0.1034545E+02
Si  0.3081285E+02  0.1377841E+02  0.1155945E+02
Si  0.3199346E+02  0.1522530E+02  0.7605057E+01
Si  0.2622443E+02  0.1111737E+02  0.3538323E+01
Si  0.3897070E+02  0.1733315E+01  0.9874677E+01
Si  0.3197071E+02  0.1949294E+02  0.5753479E+01
Si  0.2102132E+02  0.2157617E+02  0.1684607E+02
Si  0.3738611E+02  0.4730228E+01  0.2086498E+02
Si  0.2857459E+02  0.1178700E+02  0.1800919E+02
Si  0.2492550E+02  0.2008005E+02  0.1334830E+02
Si  0.4011850E+02  0.1786399E+02  0.2066459E+02
Si  0.3341727E+02  0.1603729E+02  0.1709940E+02
Si  0.3593751E+02  0.8818019E+01  0.2108770E+02
Si  0.3182832E+02  0.1668715E+02  0.5885818E+01
Si  0.3723165E+02  0.1984786E+01  0.1314048E+02
Si  0.2635391E+02  0.1475571E+02  0.1557930E+02
Si  0.3693395E+02  0.1613460E+02  0.8710459E+01
Si  0.4089189E+02  0.1772507E+01  0.4752837E+01
Si  0.3074618E+02  0.3168989E+01  0.7152753E+01
Si  0.3377097E+02  0.3928029E+01  0.1351715E+02
Si  0.2393689E+02  0.1135611E+02  0.2564680E+01
Si  0.2252271E+02  0.1355373E+02  0.1131630E+02
Si  0.3493824E+02  0.9616574E+01  0.1636954E+02
Si  0.2952502E+02  0.5042515E+01  0.1705108E+02
Si  0.2713539E+02  0.8303056E+01  0.2057526E+01
Si  0.2635277E+02  0.1817607E+02  0.2587292E+01
Si  0.4165360E+02  0.5239949E+01  0.2098369E+02
Si  0.2167806E+02  0.7371431E+01  0.5832057E+01
Si  0.2274238E+02  0.1490315E+02  0.1919494E+02
Si  0.2566352E+02  0.8237081E+01  0.4877274E+01
Si  0.3207707E+02  0.2685157E+01  0.4908074E+00
Si  0.3383081E+02  0.1822412E+02  0.1651129E+02
Si  0.3351352E+02  0.1351972E+02  0.1702338E+01
Si  0.2399641E+02  0.2102594E+02  0.5231482E+01
Si  0.3164367E+02  0.1763810E+02  0.2075994E+02
Si  0.3416086E+02  0.1255613E+02  0.1524137E+02
Si  0.3493529E+02  0.1617292E+02  0.4256436E+00
Si  0.2216300E+02  0.1750801E+02  0.1268674E+01
Si  0.3851935E+02  0.2063101E+02  0.1128079E+02
Si  0.3446563E+02  0.1951084E+02  0.8652446E+01
Si  0.4394893E+02  0.4642693E+01  0.1934833E+00
Si  0.3821341E+02  0.2135478E+02  0.2058016E+02
Si  0.4025291E+02  0.9514638E+01  0.2032314E+02
Si  0.2792021E+02  0.9485365E+00  0.1306440E+02
Si  0.2114328E+02  0.9754490E+01  0.7936017E+01
Si  0.3648243E+02  0.1536157E+01  0.8959348E+01
Si  0.2958138E+02  0.1176919E+02  0.1103820E+02
Si  0.4250805E+02  0.7247916E+01  0.2040630E+02
Si  0.2055220E+02  0.1886054E+01  0.2170686E+02
Si  0.3107444E+02  0.8549064E+01  0.7571184E+00
Si  0.3667859E+02  0.1117957E+02  0.2413720E+01
Si  0.2374480E+02  0.1929929E+02  0.2000004E+02
Si  0.1996701E+02  0.1037597E+02  0.1808689E+02
Si  0.2218865E+02  0.2097460E+02  0.2126779E+01
Si  0.2708640E+02  0.1276274E+02  0.1612297E+01
Si  0.3178691E+02  0.1210790E+02  0.2118635E+02
Si  0.4553325E+02  0.1027400E+02  0.1090645E+02
Si  0.3210425E+02  0.1820358E+02  0.1818119E+02
Si  0.2763292E+02  0.1610181E+02  0.9154820E+01
Si  0.3291316E+02  0.8299555E+01  0.1175576E+02
Si  0.3228844E+02  0.2162252E+02  0.1739938E+02
Si  0.2769076E+02  0.3194171E+01  0.1225152E+02
Si  0.3415704E+02  0.1520090E+02  0.1491881E+02
Si  0.4008388E+02  0.1930463E+02  0.1636806E+02
Si  0.4397793E+02  0.9501823E+01  0.5241743E+01
Si  0.2084889E+02  0.5346661E+01  0.6981829E+01
Si  0.3703172E+02  0.1383129E+02  0.9304781E+01
Si  0.2426777E+02  0.1652234E+02  0.7963652E+01
Si  0.2772116E+02  0.1779988E+02  0.1243854E+02
Si  0.3038409E+02  0.8405585E+00  0.1615834E+02
Si  0.2601281E+02  0.1420615E+02  0.3300272E+01
Si  0.3609129E+02  0.9227950E+01  0.3677248E+01
Si  0.2720046E+02  0.1149379E+02  0.8585286E+01
Si  0.3593024E+02  0.1708837E+01  0.1533424E+02
Si  0.3437853E+02  0.2512578E+01  0.9801024E+01
Si  0.3323460E+02  0.3653709E+01  0.2070716E+02
Si  0.3310941E+02  0.6896981E+01  0.2775134E+00
Si  0.3011853E+02  0.1835953E+02  0.1174578E+02
Si  0.3316936E+02  0.5707579E+01  0.5157429E+01
Si  0.3881753E+02  0.2247820E+01  0.1992087E+00
Si  0.4146271E+02  0.1484393E+02  0.7760958E+00
Si  0.3033455E+02  0.1851009E+01  0.4904467E+01
Si  0.2942938E+02  0.1375437E+02  0.1378615E+02
Si  0.3820675E+02  0.1272174E+02  0.4034592E+01
Si  0.2329308E+02  0.4904995E-01  0.8011266E+01
Si  0.2121081E+02  0.1499198E+02  0.9978279E+01
Si  0.3065035E+02  0.1096378E+02  0.1726723E+02
Si  0.2522579E+02  0.9166403E+01  0.1084636E+02
Si  0.2830426E+02  0.1061303E+02  0.1457110E+01
Si  0.2184312E+02  0.1512162E+02  0.1411541E+02
Si  0.3439816E+02  0.1928637E+02  0.1188202E+02
Si  0.2066022E+02  0.8348135E+01  0.9980151E+01
Si  0.3690285E+02  0.1548432E+02  0.1824437E+02
Si  0.3582719E+02  0.6617507E+01  0.1260583E+02
Si  0.3913436E+02  0.3797530E+01  0.6115026E+01
Si  0.3328867E+02  0.5632089E+00  0.1149865E+01
Si  0.3046091E+02  0.7206393E+01  0.1012451E+02
Si  0.3844929E+02  0.4112712E+01  0.1568073E+02
Si  0.3995860E+02  0.1491713E+02  0.7698172E+01
Si  0.3606475E+02  0.3328547E+01  0.1083510E+01
Si  0.4072677E+02  0.3414501E+01  0.1223613E+02
Si  0.2841132E+02  0.2010617E+02  0.1121603E+02
Si  0.3874111E+02  0.7153332E+01  0.8478801E+01
Si  0.2362198E+02  0.6563978E+01  0.4779922E+01
Si  0.3717508E+02  0.1328370E+02  0.1635564E+02
Si  0.4056741E+02  0.5755187E+01  0.8730285E+01
Si  0.2006418E+02  0.1500282E+02  0.1226217E+02
Si  0.3374670E+02  0.1185773E+01  0.3391316E+01
Si  0.2328170E+02  0.1929997E+02  0.8964150E+00
Si  0.3728388E+02  0.9334784E+01  0.5692281E+01
Si  0.2302252E+02  0.1012203E+02  0.2105331E+02
Si  0.3281384E+02  0.1228937E+02  0.5014448E+01
Si  0.3473368E+02  0.9081831E+01  0.5138062E+01
Si  0.3944701E+02  0.1550279E+02  0.2140807E+02
Si  0.2139749E+02  0.1862793E+02  0.1309822E+02
Si  0.2965817E+02  0.2111209E+02  0.1299884E+02
Si  0.2283360E+02  0.6787207E+01  0.3170962E+00
Si  0.2209130E+02  0.1986755E+02  0.1532219E+02
Si  0.2572687E+02  0.6795507E+01  0.1124336E+02
Si  0.3096291E+02  0.9472182E+01  0.1111508E+02
Si  0.3458087E+02  0.1601196E+02  0.7557979E+01
Si  0.2500711E+02  0.9068660E+01  0.1601204E+02
Si  0.2500950E+02  0.1673062E+02  0.7312690E+00
Si  0.2914716E+02  0.5672521E+01  0.7547772E+01
Si  0.3319506E+02  0.1391369E+02  0.1821490E+02
Si  0.3889662E+02  0.4832032E+01  0.3734112E+01
Si  0.1962383E+02  0.1171560E+02  0.1625353E+02
Si  0.4308203E+02  0.8320475E+01  0.2281590E+01
Si  0.3014358E+02  0.4203797E+01  0.9079521E+01
Si  0.3306428E+02  0.1003366E+02  0.1439472E+02
Si  0.2322869E+02  0.1980860E+02  0.1056944E+02
Si  0.3605034E+02  0.1014718E+02  0.1086991E+02
Si  0.3320846E+02  0.3052932E+01  0.5160642E+01
Si  0.3562406E+02  0.1179242E+02  0.1363659E+02
Si  0.3933655E+02  0.1011050E+02  0.1566190E+02
Si  0.2902399E+02  0.3339137E+01  0.2106263E+02
Si  0.3405327E+02  0.1300745E+02  0.2106020E+02
Si  0.2943537E+02  0.1489999E+02  0.9524442E+01
Si  0.2248689E+02  0.2074589E+02  0.1872479E+02
Si  0.4244118E+02  0.1490436E+02  0.1728064E+02
Si  0.2052846E+02  0.1868718E+02  0.2891152E+01
Si  0.2801462E+02  0.1156193E+02  0.1375013E+02
Si  0.3596047E+02  0.4455360E+01  0.6450811E+01
Si  0.4447457E+02  0.1889636E+01  0.3745725E+01
Si  0.3905531E+02  0.1748013E+02  0.1271353E+02
Si  0.3445910E+02  0.7048465E+01  0.1042983E+02
Si  0.3985927E+02  0.1121107E+02  0.2389346E-01
Si  0.2018211E+02  0.1020748E+02  0.2967603E+01
Si  0.2946863E+02  0.4667876E+01  0.1286852E+02
Si  0.3162791E+02  0.1624822E+02  0.9721093E+01
Si  0.3772983E+02  0.1440901E+02  0.2032549E+02
Si  0.3607177E+02  0.1395712E+02  0.4224494E+01
Si  0.2570098E+02  0.1533862E+02  0.5024450E+01
Si  0.3995720E+02  0.9792555E+01  0.5751326E+01
Si  0.4017620E+02  0.6661599E+01  0.3685932E+01
Si  0.3004990E+02  0.2057678E+02  0.7216721E+01
Si  0.2317157E+02  0.7191288E+01  0.1610166E+02
Si  0.2442710E+02  0.1218076E+02  0.1219999E+02
Si  0.3239584E+02  0.1489449E+01  0.1970477E+02
Si  0.2852801E+02  0.1056478E+02  0.1581793E+02
Si  0.3409084E+02  0.1398002E+02  0.5759655E+01
Si  0.2722726E+02  0.1691806E+02  0.1952609E+02
Si  0.3038679E+02  0.1336696E+01  0.1267808E+00
Si  0.2205757E+02  0.1168734E+02  0.4180244E+01
Si  0.4049800E+02  0.1061157E+02  0.2058350E+01
Si  0.3773774E+02  0.2031329E+00  0.1382849E+01
Si  0.2767924E+02  0.1310972E+02  0.9911245E+01
Si  0.3005526E+02  0.7052648E+01  0.1913000E+02
Si  0.3357222E+02  0.1824966E+02  0.7035066E+01
Si  0.3686224E+02  0.6770883E+01  0.6775658E+01
Si  0.3144706E+02  0.1864773E+01  0.9064828E+01
Si  0.2429783E+02  0.7153645E+01  0.7024043E+01
Si  0.3094749E+02  0.1564577E+02  0.1428839E+02
Si  0.4147936E+02  0.3006135E+01  0.1270907E+01
Si  0.2436449E+02  0.1873300E+02  0.4074322E+01
Si  0.2497359E+02  0.1007622E+02  0.1361373E+02
Si  0.2866852E+02  0.1971171E+02  0.1985152E+02
Si  0.2465327E+02  0.1622654E+02  0.1511011E+02
Si  0.3710333E+02  0.1156222E+02  0.9259923E+01
Si  0.2549607E+02  0.1246618E+02  0.2169588E+02
Si  0.4091082E+02  0.4828405E+01  0.1413802E+02
Si  0.2783322E+02  0.2001457E+02  0.7656434E+01
Si  0.3106531E+02  0.1189761E+02  0.6320792E+01
Si  0.3719380E+02  0.8708168E+01  0.1242352E+02
Si  0.3997265E+02  0.1969144E+02  0.2817526E+01
Si  0.2490175E+02  0.7577482E+01  0.2755482E+01
Si  0.2391570E+02  0.1671343E+02  0.2832491E+01
Si  0.3561335E+02  0.8093225E+01  0.1446007E+02
Si  0.3521373E+02  0.1976547E+02  0.2567582E+01
Si  0.4037608E+02  0.1245954E+02  0.1320131E+02
Si  0.2339899E+02  0.8662174E+01  0.1253499E+02
Si  0.4011527E+02  0.1309711E+02  0.1103105E+02
Si  0.2704487E+02  0.1273404E+02  0.5183500E+01
Si  0.3565404E+02  0.1470860E+02  0.1082268E+02
Si  0.3539554E+02  0.9520808E+01  0.1852830E+02
Si  0.3881531E+02  0.7509172E+01  0.1096470E+02
Si  0.3819570E+02  0.6172603E+01  0.1873520E+02
Si  0.3510826E+02  0.1536133E+02  0.2539433E+01
Si  0.3237415E+02  0.1743545E+02  0.1468790E+02
Si  0.3794850E+02  0.1234049E+02  0.1423936E+02
Si  0.3578786E+02  0.1166449E+02  0.1964696E+02
Si  0.3031025E+02  0.1597435E+02  0.2178929E+01
Si  0.2996733E+02  0.5015226E+01  0.4377209E+01
Si  0.4287080E+02  0.6055352E+00  0.1728372E+02
Si  0.4393720E+02  0.2141690E+01  0.6116950E+01
Si  0.4118930E+02  0.8103949E+01  0.4697301E+00
Si  0.2309755E+02  0.4619693E+01  0.2094839E+02
Si  0.3239249E+02  0.8878226E+01  0.3028729E+01
Si  0.2750697E+02  0.2087149E+02  0.1794948E+02
Si  0.2389951E+02  0.4798782E+01  0.1639221E+02
Si  0.2258140E+02  0.6385006E+01  0.1800050E+02
Si  0.3462669E+02  0.1274706E+02  0.9862719E+01
Si  0.2526469E+02  0.1716143E+02  0.5739509E+01
Si  0.2108541E+02  0.1376373E+02  0.1588400E+02
Si  0.2789848E+02  0.1943805E+02  0.5415804E+01
Si  0.2247180E+02  0.1477126E+02  0.3059791E+01
Si  0.3105902E+02  0.5256124E+01  0.6385479E+01
Si  0.3134515E+02  0.1676369E+02  0.1244446E+02
Si  0.3489193E+02  0.1730441E+02  0.1322900E+02
Si  0.2734733E+02  0.9236233E+01  0.2111088E+02
Si  0.2837450E+02  0.5631908E+00  0.5126817E+01
Si  0.3448567E+02  0.2171136E+02  0.1838226E+02
Si  0.2844362E+02  0.8727747E+01  0.1876974E+02
Si  0.3842822E+02  0.1673733E+02  0.6794719E+01
Si  0.2620071E+02  0.1810710E+02  0.8512372E+01
Si  0.2359544E+02  0.1546573E+02  0.1025485E+02
Si  0.2772700E+02  0.2015384E+02  0.3030272E+01
Si  0.3493901E+02  0.2621317E+01  0.1790419E+02
Si  0.4409420E+02  0.5178624E+01  0.9910857E+01
Si  0.4029113E+02  0.1555033E+02  0.1460715E+02
Si  0.3735792E+02  0.9193392E+01  0.1691087E+02
Si  0.3372231E+02  0.1073561E+02  0.6858653E+01
Si  0.2201982E+02  0.1229346E+02  0.4169258E+00
Si  0.3112646E+02  0.8961042E+01  0.1834584E+02
Si  0.2565635E+02  0.1911052E+02  0.2165771E+02
Si  0.2545255E+02  0.4096471E+01  0.1308073E+02
Si  0.3106617E+02  0.1373423E+02  0.1983458E+02
Si  0.2136103E+02  0.9948876E+01  0.1164217E+02
Si  0.2751075E+02  0.9201959E+01  0.6023201E+01
Si  0.3987432E+02  0.7050737E+01  0.1446973E+02
Si  0.3370625E+02  0.4977217E+01  0.1120828E+02
Si  0.3536290E+02  0.1822138E+00  0.1374180E+02
Si  0.2427503E+02  0.1994847E+02  0.8505277E+01
Si  0.2895680E+02  0.1381809E+01  0.7482361E+01
Si  0.2531618E+02  0.1039645E+02  0.4516600E-02
Si  0.3492780E+02  0.1391830E+02  0.1276058E+02
Si  0.3498192E+02  0.5270892E+01  0.8990290E-01
Si  0.2622833E+02  0.1290138E+01  0.5419976E+00
Si  0.2097046E+02  0.1982858E+02  0.6884059E+01
Si  0.2081442E+02  0.4411560E+01  0.2220487E+01
Si  0.4264270E+02  0.6652875E+01  0.7688149E+01
Si  0.2142013E+02  0.7303765E+00  0.1264955E+02
Si  0.2732765E+02  0.7242149E+01  0.2017351E+02
Si  0.3822928E+02  0.1430675E+02  0.6319473E+01
Si  0.3874041E+02  0.1052168E+02  0.3787594E+01
Si  0.2255647E+02  0.1758836E+02  0.1726280E+02
Si  0.4045891E+02  0.1815441E+02  0.1278810E+01
Si  0.3744613E+02  0.1100646E+02  0.2151194E+02
Si  0.2203065E+02  0.1982073E+02  0.4294777E+01
Si  0.3943427E+02  0.6359099E+01  0.9590644E+00
Si  0.2632232E+02  0.1065932E+02  0.1782453E+02
Si  0.4184109E+02  0.5322508E+00  0.1508391E+01
Si  0.4141377E+02  0.1933443E+02  0.6208604E+01
Si  0.3600616E+02  0.1811361E+02  0.1650906E+02
Si  0.3079975E+02  0.1628845E+01  0.1315571E+02
Si  0.3822950E+02  0.6276961E+01  0.1626585E+02
Si  0.3032804E+02  0.1826720E+02  0.6560409E+01
Si  0.4258309E+02  0.1033918E+02  0.1420565E+02
Si  0.3120876E+02  0.2979529E+01  0.1695509E+02
Si  0.3409831E+02  0.1012295E+02  0.1264558E+02
Si  0.2440784E+02  0.1296005E+02  0.1954174E+02
Si  0.2764951E+02  0.1413018E+01  0.2980548E+01
Si  0.3220645E+02  0.1455960E+02  0.2076923E+00
Si  0.3593357E+02  0.1638208E+02  0.4441399E+01
Si  0.2651970E+02  0.1637107E+02  0.1751577E+02
Si  0.3686800E+02  0.2465452E+01  0.6741084E+01
Si  0.2020536E+02  0.8094739E+01  0.6523612E+00
Si  0.2624536E+02  0.2095856E+02  0.1542507E+02
Si  0.3160836E+02  0.1195713E+02  0.1509917E+02
Si  0.2940439E+02  0.1306946E+02  0.7712217E+00
Si  0.3881901E+02  0.1740330E+02  0.1497006E+02
Si  0.2662112E+02  0.1293579E+02  0.1871844E+02
Si  0.2592688E+02  0.5103634E+01  0.1501831E+02
Si  0.2628909E+02  0.2157607E+02  0.4439866E+01
Si  0.2842879E+02  0.1324958E+02  0.1602080E+02
Si  0.2547843E+02  0.1659884E+01  0.8017253E+01
Si  0.4003102E+02  0.1278295E+02  0.6363979E+01
Si  0.3659179E+02  0.1846528E+02  0.4255607E+01
Si  0.3328693E+02  0.6558832E+01  0.2362937E+01
Si  0.4196282E+02  0.1660990E+02  0.1867698E+02
Si  0.2226870E+02  0.7391259E+00  0.2022291E+02
Si  0.2634727E+02  0.3342304E+01  0.1935954E+01
Si  0.3203752E+02  0.4404992E+00  0.6291402E+01
Si  0.3769211E+02  0.1939003E+02  0.1708699E+02
Si  0.3009216E+02  0.1371613E+02  0.7403931E+01
Si  0.2846703E+02  0.1128347E+02  0.6480863E+01
Si  0.2943302E+02  0.8902295E+01  0.3048750E+01
Si  0.2713441E+02  0.1585521E+02  0.2155489E+02
Si  0.2490472E+02  0.2168922E+01  0.1470858E+02
Si  0.4113097E+02  0.1348097E+02  0.1560169E+02
Si  0.3232144E+02  0.7389098E+01  0.6744859E+01
Si  0.2936800E+02  0.1531015E+02  0.2300773E+00
Si  0.4214314E+02  0.1949631E+01  0.1405964E+02
Si  0.3993055E+02  0.1536005E+02  0.1003268E+02
Si  0.4317124E+02  0.5069185E+01  0.1373981E+02
Si  0.3917570E+02  0.4037146E+01  0.1766669E+02
Si  0.3051943E+02  0.5907970E+00  0.1101353E+02
Si  0.2807968E+02  0.7001946E+01  0.9830591E+01
Si  0.3989297E+02  0.9468628E+00  0.1519290E+02
Si  0.4096602E+02  0.1842216E+02  0.1380506E+02
Si  0.4069974E+02  0.1563558E+01  0.1108732E+02
Si  0.3088868E+02  0.1804069E+02  0.8842275E+01
Si  0.3669676E+02  0.5946847E+01  0.4617614E+01
Si  0.2264316E+02  0.1841701E+02  0.7796710E+01
Si  0.3430015E+02  0.7057016E+00  0.1146909E+02
Si  0.2876751E+02  0.5598108E+01  0.2070672E+01
Si  0.2703944E+02  0.2167428E+02  0.1059787E+02
Si  0.3907822E+02  0.2141357E+02  0.1812443E+02
Si  0.2364363E+02  0.9087317E+01  0.1475534E+01
Si  0.1951310E+02  0.5790466E+01  0.3861734E+01
Si  0.4122825E+02  0.1531151E+02  0.2848343E+01
Si  0.3566362E+02  0.1479131E+02  0.2031738E+02
Si  0.3225987E+02  0.1593052E+02  0.3409030E+01
Si  0.3431240E+02  0.6354946E+01  0.1815514E+02
Si  0.3250188E+02  0.2114133E+02  0.1039147E+02
Si  0.2864324E+02  0.1743123E+02  0.2838592E+01
Si  0.3948476E+02  0.8380963E+01  0.1700144E+01
Si  0.2754201E+02  0.1034125E+02  0.1076729E+02
Si  0.3054855E+02  0.2478492E+01  0.2337908E+01
Si  0.3153853E+02  0.8909767E+01  0.8586580E+01
Si  0.2648020E+02  0.1428709E+02  0.6986360E+01
Si  0.3790768E+02  0.9367057E+00  0.4270335E+01
Si  0.4223927E+02  0.1453388E+02  0.1074305E+02
Si  0.3613024E+02  0.1386548E+02  0.7050411E+01
Si  0.2834429E+02  0.1721090E+02  0.5080931E+01
Si  0.3597120E+02  0.2269536E+01  0.3105144E+01
Si  0.2875038E+02  0.7849001E+01  0.1630046E+02
Si  0.3889935E+02  0.1277058E+02  0.1868594E+02
Si  0.3392152E+02  0.2122119E+02  0.5096535E+01
Si  0.2988037E+02  0.1581090E+01  0.1926250E+02
Si  0.3583518E+02  0.6837450E+01  0.2872373E+01
Si  0.2925039E+02  0.1910144E+02  0.1209957E+01
Si  0.1754912E+02  0.1064997E+02  0.1818204E+01
Si  0.3377905E+02  0.1817722E+02  0.2888286E+01
Si  0.2308712E+02  0.1748708E+02  0.1085806E+02
Si  0.2656652E+02  0.8746689E+01  0.1250159E+02
Si  0.4056330E+02  0.1306617E+02  0.2097411E+02
Si  0.1940012E+02  0.3762893E+01  0.1219898E+02
Si  0.3495471E+02  0.4011293E+01  0.4023327E+01
Si  0.3941141E+02  0.3975248E+00  0.1289106E+02
Si  0.4191523E+02  0.8121039E+01  0.5755165E+01
Si  0.3330737E+02  0.2140645E+02  0.2063726E+02
Si  0.3921101E+02  0.3790730E+01  0.8358992E+01
Si  0.2597044E+02  0.1299406E+02  0.1411228E+02
Si  0.2669432E+02  0.7546580E+01  0.1489929E+02
Si  0.4402173E+02  0.2043783E+02  0.1428744E+02
Si  0.3502243E+02  0.4282917E+01  0.1602126E+02
Si  0.2280312E+02  0.9209321E+01  0.6530728E+01
Si  0.3351827E+02  0.1809350E+02  0.6080287E+00
Si  0.4382940E+02  0.1766872E+02  0.1783088E+02
Si  0.4114493E+02  0.1316255E+02  0.2673581E+01
Si  0.2450314E+02  0.1317259E+01  0.2077745E+02
Si  0.3783907E+02  0.5665997E+01  0.1360972E+02
Si  0.2481306E+02  0.7768359E+00  0.1694160E+02
Si  0.2696139E+02  0.1570799E+02  0.1128593E+02
Si  0.3231245E+02  0.9196188E+01  0.5577711E+01
Si  0.2867553E+02  0.1470625E+02  0.5646433E+01
Si  0.3300924E+02  0.7456436E+01  0.1431375E+02
Si  0.2300898E+02  0.1171673E+02  0.6267854E+01
Si  0.3655191E+02  0.1836102E+02  0.4430478E-01
Si  0.3774231E+02  0.1069211E+02  0.1900781E+02
Si  0.2261478E+02  0.3399680E+01  0.3262563E+01
Si  0.2408339E+02  0.1156723E+02  0.9919007E+01
Si  0.2364458E+02  0.1082083E+02  0.1856239E+02
Si  0.2054172E+02  0.1801868E+02  0.9289351E+01
Si  0.2846368E+02  0.5832697E+01  0.1494262E+02
Si  0.4077503E+02  0.1944049E+02  0.1151525E+02
Si  0.2501066E+02  0.1059639E+02  0.6100698E+01
Si  0.3260746E+02  0.5516087E+01  0.1988783E+02
Si  0.3588636E+02  0.9982590E+01  0.8111632E+01
Si  0.3607041E+02  0.2063899E+02  0.2771322E+00
Si  0.3582906E+02  0.4099758E+01  0.1266644E+02
Si  0.3757381E+02  0.1895911E+02  0.1977046E+02
Si  0.2073170E+02  0.1703158E+02  0.1133585E+02
Si  0.3947844E+02  0.1903189E+02  0.7823241E+01
Si  0.2771543E+02  0.1842910E+02  0.1701645E+02
Si  0.3911816E+02  0.9974611E+01  0.1100579E+02
Si  0.2448030E+02  0.2753331E+00  0.1059875E+02
Si  0.2273893E+02  0.1468678E+01  0.1576048E+02
Si  0.3932354E+02  0.2151291E+02  0.8374328E+01
Si  0.3694331E+02  0.8531410E+00  0.1109647E+02
Si  0.2453042E+02  0.4769997E+01  0.1124775E+02
Si  0.4125088E+02  0.2884598E+01  0.2044559E+02
Si  0.3625681E+02  0.1573902E+02  0.1576328E+02
Si  0.4273113E+02  0.1066570E+02  0.3015006E+01
Si  0.2533408E+02  0.1742562E+02  0.1179175E+02
Si  0.3738770E+02  0.1535640E+02  0.2471614E+01
Si  0.2230193E+02  0.3687524E+01  0.1526101E+02
Si  0.2391071E+02  0.5776328E+01  0.8988138E+01
Si  0.3105800E+02  0.1514778E+02  0.1774888E+02
Si  0.2176208E+02  0.6461764E+01  0.9180654E+01
Si  0.3879082E+02  0.1045366E+02  0.1349717E+02
Si  0.2830538E+02  0.3190413E+01  0.4090764E+01
Si  0.2185999E+02  0.1453787E+02  0.2147075E+02
Si  0.3231337E+02  0.1064570E+02  0.1547092E+01
Si  0.4255204E+02  0.6489675E+01  0.3782784E+01
Si  0.3313503E+02  0.1249752E+01  0.8083126E+01
Si  0.2952792E+02  0.9696242E+01  0.1320801E+02
Si  0.3913787E+02  0.1472248E+01  0.6555360E+01
Si  0.2154098E+02  0.1135138E+02  0.9705405E+01
Si  0.3619792E+02  0.2084138E+02  0.4647289E+01
Si  0.4285406E+02  0.1272427E+02  0.2040196E+02
Si  0.2996179E+02  0.1623813E+02  0.1981133E+02
Si  0.2569658E+02  0.3528224E+01  0.9356528E+01
Si  0.2589319E+02  0.1851961E+02  0.1514353E+02
Si  0.1933453E+02  0.5125671E+01  0.1890311E+02
Si  0.3285588E+02  0.3615398E+01  0.1549763E+02
Si  0.2400560E+02  0.2332275E+01  0.6365945E+01
Si  0.2786171E+02  0.1829388E+02  0.2150949E+02
Si  0.2693697E+02  0.6378324E+01  0.7634026E+00
Si  0.2726091E+02  0.2790210E+00  0.8481439E+01
Si  0.2414293E+02  0.3199887E+01  0.8369088E+00
Si  0.3282156E+02  0.1851267E+02  0.1011496E+02
Si  0.4158959E+02  0.1983122E+02  0.1997480E+02
Si  0.2825690E+02  0.1555343E+02  0.1430790E+02
Si  0.4397930E+02  0.1885752E+01  0.1894919E+02
Si  0.3710166E+02  0.7566043E+01  0.8824071E+00
Si  0.4019825E+02  0.9062115E+01  0.8096189E+01
Si  0.3197467E+02  0.1988002E+02  0.1229612E+02
Si  0.3877939E+02  0.1707589E+02  0.1861563E+02
Si  0.2951333E+02  0.7250893E+01  0.2151340E+02
Si  0.3143506E+02  0.5269992E+01  0.1119921E+02
Si  0.4175551E+02  0.1589828E+02  0.1288472E+02
Si  0.4243863E+02  0.3171085E+01  0.3385951E+01
Si  0.2932571E+02  0.1125655E+02  0.4217064E+01
Si  0.2663274E+02  0.2353397E+01  0.1658346E+02
Si  0.2365236E+02  0.1845522E+01  0.9679772E+01
Si  0.2419949E+02  0.1698436E+02  0.1909030E+02
Si  0.3124272E+02  0.6298377E+01  0.1382233E+02
Si  0.2715168E+02  0.5227210E+01  0.3608615E+01
Si  0.2333342E+02  0.2159885E+02  0.1413213E+02
Si  0.2995296E+02  0.1443153E+02  0.4088154E+01
Si  0.2480519E+02  0.3056946E+01  0.3929034E+01
Si  0.3877982E+02  0.2907494E+01  0.1954633E+02
Si  0.2219959E+02  0.2249003E+01  0.1830007E+02
Si  0.2669354E+02  0.2098705E+02  0.2084943E+02
Si  0.3616158E+02  0.1825960E+02  0.9619055E+01
Si  0.3135051E+02  0.1805581E+02  0.1620925E+01
Si  0.3955412E+02  0.4243265E+01  0.1636256E+01
Si  0.2400989E+02  0.6744055E+01  0.1380467E+02
Si  0.3803760E+02  0.8388487E+01  0.1966179E+02
Si  0.2297318E+02  0.4571368E+01  0.1313019E+02
Si  0.3072431E+02  0.1170833E+02  0.2321728E+01
Si  0.4143919E+02  0.9932651E+01  0.1188246E+02
Si  0.4117628E+02  0.4935509E+00  0.1920436E+02
Si  0.2625503E+02  0.1374824E+02  0.1165897E+02
Si  0.3308214E+02  0.1553978E+01  0.1399194E+02
Si  0.2498909E+02  0.1947344E+02  0.1701603E+02
Si  0.3198041E+02  0.4578263E+01  0.3179629E+01
Si  0.3757421E+02  0.1081456E+01  0.1872145E+02
Si  0.3848555E+02  0.1996263E+02  0.4735094E+01
Si  0.3727267E+02  0.1870798E+02  0.1179395E+02
Si  0.3033419E+02  0.8453596E+01  0.1476002E+02
Si  0.3671802E+02  0.2072351E+02  0.8612476E+01
Si  0.3537339E+02  0.4424835E+01  0.1916998E+02
Si  0.2324148E+02  0.5142497E+01  0.2134624E+01
Si  0.2118857E+02  0.2058060E+01  0.1062960E+02
Si  0.4132581E+02  0.8759548E+01  0.1580641E+02
Si  0.2551992E+02  0.1293925E+02  0.1655170E+02
Si  0.2557642E+02  0.5244553E+01  0.5179142E+01
Si  0.3941398E+02  0.1707165E+02  0.3704032E+01
Si  0.3200685E+02  0.1128091E+02  0.8561693E+01
Si  0.4430771E+02  0.1349806E+01  0.8348920E+01
Si  0.3523184E+02  0.1329268E+01  0.2160225E+02
Si  0.2088445E+02  0.3757882E+01  0.2044323E+02
Si  0.3622077E+02  0.6713613E+01  0.1644884E+02
Si  0.3812101E+02  0.1720388E+02  0.1373774E+01
Si  0.2093970E+02  0.4476585E+01  0.1048007E+02
Si  0.2538704E+02  0.2109670E+02  0.1883207E+02
Si  0.3674207E+02  0.1629837E+02  0.1227054E+02
Si  0.3031096E+02  0.1850478E+02  0.1663754E+02
Si  0.3224809E+02  0.1369134E+02  0.9606955E+01
Si  0.2893489E+02  0.1775461E+02  0.1504065E+02
Si  0.2172712E+02  0.1811168E+01  0.1782873E+01
Si  0.4319113E+02  0.1835475E+02  0.1460853E+02
Si  0.2856026E+02  0.1815338E+02  0.9369508E+01
Si  0.3257848E+02  0.1310935E+02  0.1332247E+02
Si  0.3789322E+02  0.1405355E+01  0.1636022E+02
Si  0.4003774E+02  0.4523594E+00  0.2758414E+01
Si  0.3543075E+02  0.1330370E+02  0.1786248E+02
Si  0.3493470E+02  0.7673924E+01  0.8173732E+01
Si  0.3923081E+02  0.1121158E+02  0.7648206E+01
Si  0.3016090E+02  0.2060055E+02  0.1798898E+02
Si  0.3968844E+02  0.1794309E+02  0.9850184E+01
Si  0.4394501E+02  0.1351003E+02  0.1849548E+02
Si  0.3705579E+02  0.1334326E+02  0.7024384E+00
Si  0.4373454E+02  0.1361408E+02  0.8994055E+01
Si  0.3422550E+02  0.3147661E+01  0.6955756E+01
Si  0.4362387E+02  0.2137505E+02  0.2027245E+02
Si  0.4618134E+02  0.2076232E+01  0.2103455E+02
Si  0.4584066E+02  0.2053181E+02  0.2415399E+01
Si  0.4395880E+02  0.2204075E+01  0.3476561E+00
Si  0.4432973E+02  0.7347483E-01  0.9979678E+00
Si  0.4727171E+02  0.3530313E+01  0.1021182E+01
Si  0.4751370E+02  0.3625738E+00  0.3378384E+01
Si  0.4510956E+02  0.3422977E+01  0.1898705E+01
Si  0.4922673E+02  0.2118188E+02  0.2171216E+02
Si  0.5176264E+02  0.2255128E+01  0.1711032E+00
Si  0.5176600E+02  0.2126262E+02  0.2938428E+01
Si  0.4891627E+02  0.2392465E+01  0.2799519E+01
Si  0.5033221E+02  0.9193394E+00  0.1599506E+01
Si  0.5315116E+02  0.3776944E+01  0.1354961E+01
Si  0.5313674E+02  0.1129122E+01  0.4105004E+01
Si  0.5027047E+02  0.3896266E+01  0.4096139E+01
Si  0.5453339E+02  0.1360874E-01  0.2037621E+00
Si  0.5700453E+02  0.2239657E+01  0.2168615E+02
Si  0.5740090E+02  0.2135722E+02  0.3023725E+01
Si  0.5459976E+02  0.2625675E+01  0.2969364E+01
Si  0.5591471E+02  0.1147597E+01  0.1708024E+01
Si  0.5831721E+02  0.3540987E+01  0.1366795E+01
Si  0.5853665E+02  0.1092554E+01  0.4311166E+01
Si  0.5575629E+02  0.3936594E+01  0.4269635E+01
Si  0.5983153E+02  0.2131325E+02  0.1518579E-01
Si  0.6258046E+02  0.2363936E+01  0.1614191E+00
Si  0.6244663E+02  0.2136097E+02  0.2883341E+01
Si  0.5976903E+02  0.2225186E+01  0.2757908E+01
Si  0.6122942E+02  0.8904983E+00  0.1504442E+01
Si  0.6396086E+02  0.3852156E+01  0.1648427E+01
Si  0.6375131E+02  0.1008572E+01  0.4283757E+01
Si  0.6104433E+02  0.3817166E+01  0.4069955E+01
Si  0.4352668E+02  0.5324768E+01  0.1899542E+02
Si  0.4597519E+02  0.8126798E+01  0.2122932E+02
Si  0.4545461E+02  0.5455858E+01  0.2569564E+01
Si  0.4540877E+02  0.9034568E+01  0.2727656E+01
Si  0.4440190E+02  0.6832497E+01  0.9105430E+00
Si  0.4722652E+02  0.9060697E+01  0.1256685E+01
Si  0.4723078E+02  0.6187840E+01  0.4238626E+01
Si  0.4395681E+02  0.1324925E+02  0.4916903E+01
Si  0.4878194E+02  0.4922603E+01  0.9778951E-01
Si  0.5164813E+02  0.7895205E+01  0.1237068E+00
Si  0.5187919E+02  0.5120374E+01  0.2698397E+01
Si  0.4879418E+02  0.7479036E+01  0.2634311E+01
Si  0.5045473E+02  0.6179346E+01  0.1423274E+01
Si  0.5290213E+02  0.9184627E+01  0.1591381E+01
Si  0.5277878E+02  0.6559636E+01  0.4346014E+01
Si  0.5003971E+02  0.9188916E+01  0.3953734E+01
Si  0.5426718E+02  0.5345611E+01  0.2171769E+02
Si  0.5668334E+02  0.8013739E+01  0.3444725E-01
Si  0.5686697E+02  0.4921976E+01  0.2627318E+01
Si  0.5418061E+02  0.7851795E+01  0.3022112E+01
Si  0.5556630E+02  0.6641344E+01  0.1601814E+01
Si  0.5814703E+02  0.9291531E+01  0.1359898E+01
Si  0.5807049E+02  0.6363315E+01  0.3964385E+01
Si  0.5552263E+02  0.9261324E+01  0.4241515E+01
Si  0.5947828E+02  0.5013089E+01  0.7065676E-02
Si  0.6236682E+02  0.7916795E+01  0.1457523E+00
Si  0.6238808E+02  0.5306029E+01  0.2844397E+01
Si  0.5950639E+02  0.7971774E+01  0.2794909E+01
Si  0.6088124E+02  0.6295666E+01  0.1422225E+01
Si  0.6367726E+02  0.9349844E+01  0.1569541E+01
Si  0.6376003E+02  0.6727781E+01  0.4126499E+01
Si  0.6107553E+02  0.9120080E+01  0.4042694E+01
Si  0.4230994E+02  0.9515561E+01  0.1897515E+02
Si  0.4626077E+02  0.1335704E+02  0.2153836E+02
Si  0.4526900E+02  0.1148462E+02  0.2895697E+01
Si  0.4360580E+02  0.1066115E+02  0.2078358E+02
Si  0.4435199E+02  0.1203334E+02  0.6509749E+00
Si  0.4791397E+02  0.1484047E+02  0.1032796E+01
Si  0.4742574E+02  0.1206639E+02  0.4219868E+01
Si  0.4297597E+02  0.1625644E+02  0.2121536E+02
Si  0.4876711E+02  0.1049494E+02  0.2164572E+02
Si  0.5146135E+02  0.1373990E+02  0.1885163E-01
Si  0.5148867E+02  0.1063002E+02  0.2583757E+01
Si  0.4885503E+02  0.1348435E+02  0.2852322E+01
Si  0.5001511E+02  0.1220129E+02  0.1294370E+01
Si  0.5308258E+02  0.1483438E+02  0.1410051E+01
Si  0.5298485E+02  0.1208060E+02  0.4053336E+01
Si  0.5030623E+02  0.1487226E+02  0.4333002E+01
Si  0.5392796E+02  0.1060614E+02  0.2245058E-01
Si  0.5712984E+02  0.1343858E+02  0.2166687E+02
Si  0.5689399E+02  0.1083024E+02  0.2722258E+01
Si  0.5423161E+02  0.1353314E+02  0.2664703E+01
Si  0.5538719E+02  0.1206557E+02  0.1252400E+01
Si  0.5836333E+02  0.1483430E+02  0.1527282E+01
Si  0.5841128E+02  0.1196966E+02  0.4147294E+01
Si  0.5580916E+02  0.1465454E+02  0.4109788E+01
Si  0.5977925E+02  0.1079292E+02  0.8806251E-01
Si  0.6274918E+02  0.1311937E+02  0.2279362E+00
Si  0.6241566E+02  0.1060484E+02  0.2786399E+01
Si  0.5979557E+02  0.1335348E+02  0.2843739E+01
Si  0.6111730E+02  0.1185347E+02  0.1389599E+01
Si  0.6395842E+02  0.1470644E+02  0.1479502E+01
Si  0.6378850E+02  0.1200586E+02  0.4103198E+01
Si  0.6115880E+02  0.1455854E+02  0.4167658E+01
Si  0.4014222E+02  0.1709217E+02  0.1685002E+02
Si  0.4573894E+02  0.1889841E+02  0.2129524E+02
Si  0.4662323E+02  0.1642854E+02  0.2361357E+01
Si  0.4311856E+02  0.1731761E+02  0.3188650E+01
Si  0.4461716E+02  0.1717260E+02  0.1198273E+01
Si  0.4757606E+02  0.1954167E+02  0.1109252E+01
Si  0.4747493E+02  0.1730253E+02  0.4312752E+01
Si  0.4465319E+02  0.1930737E+02  0.4135976E+01
Si  0.4920417E+02  0.1654671E+02  0.2144357E+02
Si  0.5195456E+02  0.1887638E+02  0.2133725E+02
Si  0.5185102E+02  0.1602728E+02  0.2798932E+01
Si  0.4897504E+02  0.1851851E+02  0.2678988E+01
Si  0.5074431E+02  0.1762527E+02  0.1294847E+01
Si  0.5304968E+02  0.2018688E+02  0.1281295E+01
Si  0.5313472E+02  0.1727898E+02  0.4073121E+01
Si  0.5025072E+02  0.1982646E+02  0.4153847E+01
Si  0.5447461E+02  0.1614110E+02  0.7201061E-03
Si  0.5701345E+02  0.1880122E+02  0.2170729E+02
Si  0.5699993E+02  0.1602068E+02  0.2766681E+01
Si  0.5444950E+02  0.1881140E+02  0.2721661E+01
Si  0.5577667E+02  0.1744726E+02  0.1466174E+01
Si  0.5842184E+02  0.2009773E+02  0.1354373E+01
Si  0.5841980E+02  0.1733735E+02  0.4016763E+01
Si  0.5582747E+02  0.2017027E+02  0.4144785E+01
Si  0.5963369E+02  0.1598780E+02  0.1078078E-01
Si  0.6257093E+02  0.1870601E+02  0.2231110E+00
Si  0.6256483E+02  0.1563855E+02  0.2799205E+01
Si  0.5981672E+02  0.1866604E+02  0.2745269E+01
Si  0.6112671E+02  0.1714599E+02  0.1493290E+01
Si  0.6386113E+02  0.2002939E+02  0.1520810E+01
Si  0.6358869E+02  0.1729417E+02  0.4241366E+01
Si  0.6107342E+02  0.1997294E+02  0.4201601E+01
Si  0.4284206E+02  0.1593416E+00  0.3960543E+01
Si  0.4609932E+02  0.1172231E+01  0.5127861E+01
Si  0.4622643E+02  0.2444979E-01  0.8288069E+01
Si  0.4486265E+02  0.6714383E-01  0.1110372E+02
Si  0.4459885E+02  0.2130441E+02  0.6332297E+01
Si  0.4710167E+02  0.3534527E+01  0.6396787E+01
Si  0.4791350E+02  0.1231527E+01  0.9563327E+01
Si  0.4524188E+02  0.3388016E+01  0.9198647E+01
Si  0.4876349E+02  0.2147252E+02  0.5228937E+01
Si  0.5160748E+02  0.2431156E+01  0.5321925E+01
Si  0.5167704E+02  0.2152690E+02  0.8123737E+01
Si  0.4884729E+02  0.2663939E+01  0.8019784E+01
Si  0.5036135E+02  0.1101130E+01  0.6572639E+01
Si  0.5276609E+02  0.3815225E+01  0.7004763E+01
Si  0.5314856E+02  0.1148757E+01  0.9429567E+01
Si  0.5038841E+02  0.3850255E+01  0.9545478E+01
Si  0.5434392E+02  0.2150434E+02  0.5554489E+01
Si  0.5696431E+02  0.2487515E+01  0.5570409E+01
Si  0.5711442E+02  0.2149246E+02  0.8112734E+01
Si  0.5444934E+02  0.2458621E+01  0.8074748E+01
Si  0.5572617E+02  0.1118169E+01  0.6777558E+01
Si  0.5835091E+02  0.3837065E+01  0.6845478E+01
Si  0.5847300E+02  0.1040622E+01  0.9603559E+01
Si  0.5584548E+02  0.3736327E+01  0.9434682E+01
Si  0.5991604E+02  0.2135131E+02  0.5661719E+01
Si  0.6244182E+02  0.2501289E+01  0.5474364E+01
Si  0.6287373E+02  0.2147589E+02  0.8474425E+01
Si  0.5974819E+02  0.2366959E+01  0.8098585E+01
Si  0.6130185E+02  0.1088755E+01  0.7043316E+01
Si  0.6376757E+02  0.4019225E+01  0.6803358E+01
Si  0.6427758E+02  0.1112416E+01  0.9723875E+01
Si  0.6116902E+02  0.3665904E+01  0.9529372E+01
Si  0.4395476E+02  0.4818061E+01  0.4305344E+01
Si  0.4592561E+02  0.8269312E+01  0.4862759E+01
Si  0.4676058E+02  0.5017854E+01  0.8400380E+01
Si  0.4485204E+02  0.6395327E+01  0.7821921E+01
Si  0.4482930E+02  0.4417933E+01  0.6452779E+01
Si  0.4726551E+02  0.9280294E+01  0.6813538E+01
Si  0.4721658E+02  0.6877299E+01  0.1025704E+02
Si  0.4255114E+02  0.9659447E+01  0.9159983E+01
Si  0.4874295E+02  0.4924758E+01  0.5699549E+01
Si  0.5131251E+02  0.7821720E+01  0.5609797E+01
Si  0.5152743E+02  0.5300544E+01  0.8139736E+01
Si  0.4846960E+02  0.7988560E+01  0.8458589E+01
Si  0.4976870E+02  0.6462201E+01  0.7140558E+01
Si  0.5266961E+02  0.9357573E+01  0.6691683E+01
Si  0.5285666E+02  0.6626175E+01  0.9598232E+01
Si  0.4990881E+02  0.9043057E+01  0.9660262E+01
Si  0.5416956E+02  0.5076363E+01  0.5861858E+01
Si  0.5687218E+02  0.7733116E+01  0.5433106E+01
Si  0.5707504E+02  0.5200089E+01  0.8150400E+01
Si  0.5411097E+02  0.7966246E+01  0.8156611E+01
Si  0.5558551E+02  0.6486798E+01  0.6921353E+01
Si  0.5826560E+02  0.9281547E+01  0.6840602E+01
Si  0.5840520E+02  0.6435111E+01  0.9718260E+01
Si  0.5556272E+02  0.9291141E+01  0.9859374E+01
Si  0.5955432E+02  0.5208246E+01  0.5296879E+01
Si  0.6254238E+02  0.7957746E+01  0.5466468E+01
Si  0.6233676E+02  0.5187490E+01  0.8197345E+01
Si  0.5967239E+02  0.7833367E+01  0.8179054E+01
Si  0.6111010E+02  0.6612949E+01  0.6716477E+01
Si  0.6393395E+02  0.9345255E+01  0.6697119E+01
Si  0.6371191E+02  0.6609950E+01  0.9664025E+01
Si  0.6084590E+02  0.9205857E+01  0.9501263E+01
Si  0.4333417E+02  0.1286083E+02  0.2709295E+01
Si  0.4608130E+02  0.1311945E+02  0.6093052E+01
Si  0.4620960E+02  0.1115115E+02  0.7659919E+01
Si  0.4528490E+02  0.1632719E+02  0.9366224E+01
Si  0.4426862E+02  0.1114064E+02  0.8687796E+01
Si  0.4744246E+02  0.1486738E+02  0.7283081E+01
Si  0.4735456E+02  0.1248979E+02  0.9429900E+01
Si  0.4253445E+02  0.1300503E+02  0.7021991E+01
Si  0.4885140E+02  0.1064741E+02  0.5475282E+01
Si  0.5178184E+02  0.1345447E+02  0.5658518E+01
Si  0.5124169E+02  0.1064436E+02  0.8325331E+01
Si  0.4887262E+02  0.1334919E+02  0.8331540E+01
Si  0.5036081E+02  0.1202472E+02  0.6742578E+01
Si  0.5302271E+02  0.1481511E+02  0.6943373E+01
Si  0.5275255E+02  0.1186558E+02  0.9646992E+01
Si  0.5012111E+02  0.1490539E+02  0.9449465E+01
Si  0.5434906E+02  0.1071403E+02  0.5557914E+01
Si  0.5704386E+02  0.1339549E+02  0.5456588E+01
Si  0.5689367E+02  0.1054251E+02  0.8335233E+01
Si  0.5428933E+02  0.1334627E+02  0.8279271E+01
Si  0.5565902E+02  0.1198069E+02  0.6894340E+01
Si  0.5838967E+02  0.1462947E+02  0.6633154E+01
Si  0.5838239E+02  0.1192895E+02  0.9595399E+01
Si  0.5579597E+02  0.1464080E+02  0.9623204E+01
Si  0.5961798E+02  0.1047895E+02  0.5300452E+01
Si  0.6235467E+02  0.1324491E+02  0.5432587E+01
Si  0.6243763E+02  0.1050158E+02  0.8164400E+01
Si  0.5970942E+02  0.1316654E+02  0.8031464E+01
Si  0.6095512E+02  0.1179894E+02  0.6682275E+01
Si  0.6374473E+02  0.1465619E+02  0.6594828E+01
Si  0.6380444E+02  0.1220735E+02  0.9357617E+01
Si  0.6109456E+02  0.1445273E+02  0.9437347E+01
Si  0.4165895E+02  0.1498161E+02  0.5691126E+01
Si  0.4612277E+02  0.1877510E+02  0.5726691E+01
Si  0.4356146E+02  0.1510333E+02  0.7200759E+01
Si  0.4321384E+02  0.1919459E+02  0.7928089E+01
Si  0.4455073E+02  0.1733467E+02  0.7053786E+01
Si  0.4759338E+02  0.2034474E+02  0.6845728E+01
Si  0.4750808E+02  0.1702755E+02  0.9025173E+01
Si  0.4506550E+02  0.2001663E+02  0.9347299E+01
Si  0.4870480E+02  0.1595202E+02  0.5683940E+01
Si  0.5183835E+02  0.1876043E+02  0.5507186E+01
Si  0.5169205E+02  0.1608367E+02  0.8380475E+01
Si  0.4877181E+02  0.1886152E+02  0.8138944E+01
Si  0.5029640E+02  0.1752934E+02  0.6912016E+01
Si  0.5301879E+02  0.2009775E+02  0.6899394E+01
Si  0.5309200E+02  0.1752608E+02  0.9539224E+01
Si  0.5026115E+02  0.2014746E+02  0.9395039E+01
Si  0.5449134E+02  0.1598375E+02  0.5549990E+01
Si  0.5714313E+02  0.1879713E+02  0.5413616E+01
Si  0.5704435E+02  0.1591027E+02  0.8160456E+01
Si  0.5448818E+02  0.1875795E+02  0.8036760E+01
Si  0.5591373E+02  0.1741210E+02  0.6698959E+01
Si  0.5844010E+02  0.2000561E+02  0.6910900E+01
Si  0.5860603E+02  0.1720910E+02  0.9426750E+01
Si  0.5596005E+02  0.1994921E+02  0.9421358E+01
Si  0.5983483E+02  0.1614339E+02  0.5422222E+01
Si  0.6230655E+02  0.1860791E+02  0.5663947E+01
Si  0.6259292E+02  0.1602434E+02  0.8222422E+01
Si  0.5982704E+02  0.1869008E+02  0.8382609E+01
Si  0.6105271E+02  0.1742418E+02  0.7138529E+01
Si  0.6385420E+02  0.2011230E+02  0.6815752E+01
Si  0.6404371E+02  0.1728956E+02  0.9822609E+01
Si  0.6118705E+02  0.2008726E+02  0.9687672E+01
Si  0.4269836E+02  0.8262195E+00  0.1026761E+02
Si  0.4608084E+02  0.2067512E+01  0.1101968E+02
Si  0.4675056E+02  0.2085758E+02  0.1404520E+02
Si  0.4290023E+02  0.6462147E+01  0.1154905E+02
Si  0.4454521E+02  0.3489739E+01  0.1248375E+02
Si  0.4785622E+02  0.3593157E+01  0.1202483E+02
Si  0.4770768E+02  0.1145003E+01  0.1488289E+02
Si  0.4484288E+02  0.3884887E+01  0.1526262E+02
Si  0.4916293E+02  0.2165392E+02  0.1088989E+02
Si  0.5182975E+02  0.2434563E+01  0.1073885E+02
Si  0.5179263E+02  0.2153865E+02  0.1333344E+02
Si  0.4916048E+02  0.2429541E+01  0.1354569E+02
Si  0.5054952E+02  0.1219543E+01  0.1211533E+02
Si  0.5323349E+02  0.3813606E+01  0.1208511E+02
Si  0.5314563E+02  0.1152194E+01  0.1463582E+02
Si  0.5025647E+02  0.3629182E+01  0.1477946E+02
Si  0.5462424E+02  0.2160364E+02  0.1062885E+02
Si  0.5719062E+02  0.2456491E+01  0.1092955E+02
Si  0.5737199E+02  0.2152421E+02  0.1361055E+02
Si  0.5462122E+02  0.2529906E+01  0.1336437E+02
Si  0.5588148E+02  0.1176629E+01  0.1214760E+02
Si  0.5849112E+02  0.3829534E+01  0.1226164E+02
Si  0.5853018E+02  0.1023236E+01  0.1517030E+02
Si  0.5581882E+02  0.3857771E+01  0.1487942E+02
Si  0.6000104E+02  0.2153179E+02  0.1112706E+02
Si  0.6259781E+02  0.2381132E+01  0.1090123E+02
Si  0.6254272E+02  0.2133062E+02  0.1383584E+02
Si  0.5984960E+02  0.2407347E+01  0.1376479E+02
Si  0.6130232E+02  0.1202076E+01  0.1251246E+02
Si  0.6389926E+02  0.3742117E+01  0.1250236E+02
Si  0.6388895E+02  0.9419145E+00  0.1525390E+02
Si  0.6105776E+02  0.3873874E+01  0.1524231E+02
Si  0.4189151E+02  0.4470020E+01  0.1047469E+02
Si  0.4741107E+02  0.9546244E+01  0.1336904E+02
Si  0.4649176E+02  0.4804963E+01  0.1342644E+02
Si  0.3827698E+02  0.5461634E+01  0.1010499E+02
Si  0.4533906E+02  0.6214723E+01  0.1161862E+02
Si  0.4691921E+02  0.1176086E+02  0.1258507E+02
Si  0.4722740E+02  0.6694981E+01  0.1504041E+02
Si  0.4542926E+02  0.8415997E+01  0.1259532E+02
Si  0.4889775E+02  0.5396021E+01  0.1094199E+02
Si  0.5152806E+02  0.7884922E+01  0.1107653E+02
Si  0.5170748E+02  0.5069991E+01  0.1358528E+02
Si  0.4890541E+02  0.7769673E+01  0.1377312E+02
Si  0.5027719E+02  0.6477004E+01  0.1236432E+02
Si  0.5301514E+02  0.9236752E+01  0.1231613E+02
Si  0.5317981E+02  0.6359309E+01  0.1478613E+02
Si  0.5040726E+02  0.8986408E+01  0.1485076E+02
Si  0.5461981E+02  0.5264520E+01  0.1073358E+02
Si  0.5712594E+02  0.7918517E+01  0.1100178E+02
Si  0.5729709E+02  0.5188580E+01  0.1363537E+02
Si  0.5444312E+02  0.7824649E+01  0.1348493E+02
Si  0.5588064E+02  0.6581244E+01  0.1219299E+02
Si  0.5820014E+02  0.9371936E+01  0.1248040E+02
Si  0.5847862E+02  0.6612247E+01  0.1509510E+02
Si  0.5549746E+02  0.9171893E+01  0.1498542E+02
Si  0.5978141E+02  0.4887392E+01  0.1083821E+02
Si  0.6211069E+02  0.7821297E+01  0.1090471E+02
Si  0.6231101E+02  0.5208782E+01  0.1381743E+02
Si  0.5968406E+02  0.8146942E+01  0.1347630E+02
Si  0.6099307E+02  0.6358589E+01  0.1228955E+02
Si  0.6369701E+02  0.9152207E+01  0.1218420E+02
Si  0.6379720E+02  0.6620983E+01  0.1501687E+02
Si  0.6101021E+02  0.9515182E+01  0.1497216E+02
Si  0.4114936E+02  0.1128021E+02  0.9968881E+01
Si  0.4592294E+02  0.1401923E+02  0.9994479E+01
Si  0.4626569E+02  0.1112378E+02  0.1494776E+02
Si  0.4471926E+02  0.1799108E+02  0.1226201E+02
Si  0.4373467E+02  0.1125970E+02  0.1204203E+02
Si  0.4737826E+02  0.1471240E+02  0.1170697E+02
Si  0.4826726E+02  0.1254721E+02  0.1541049E+02
Si  0.4465819E+02  0.1408152E+02  0.1494254E+02
Si  0.4867993E+02  0.1098539E+02  0.1090610E+02
Si  0.5160196E+02  0.1336554E+02  0.1074789E+02
Si  0.5162784E+02  0.1066703E+02  0.1362598E+02
Si  0.4865302E+02  0.1368934E+02  0.1338719E+02
Si  0.5018184E+02  0.1212478E+02  0.1232620E+02
Si  0.5314606E+02  0.1470545E+02  0.1220733E+02
Si  0.5299897E+02  0.1201008E+02  0.1510966E+02
Si  0.5021102E+02  0.1484274E+02  0.1478619E+02
Si  0.5431961E+02  0.1086879E+02  0.1111025E+02
Si  0.5717345E+02  0.1329168E+02  0.1100261E+02
Si  0.5695967E+02  0.1069995E+02  0.1367272E+02
Si  0.5424041E+02  0.1340225E+02  0.1374348E+02
Si  0.5564875E+02  0.1212284E+02  0.1231206E+02
Si  0.5848758E+02  0.1463421E+02  0.1214644E+02
Si  0.5822249E+02  0.1204779E+02  0.1479177E+02
Si  0.5572329E+02  0.1480905E+02  0.1493616E+02
Si  0.5960663E+02  0.1048712E+02  0.1094890E+02
Si  0.6240649E+02  0.1324293E+02  0.1092314E+02
Si  0.6236442E+02  0.1067883E+02  0.1352089E+02
Si  0.5971156E+02  0.1318969E+02  0.1350818E+02
Si  0.6095064E+02  0.1187209E+02  0.1212373E+02
Si  0.6373977E+02  0.1457760E+02  0.1234942E+02
Si  0.6407191E+02  0.1182821E+02  0.1476494E+02
Si  0.6116138E+02  0.1439858E+02  0.1480737E+02
Si  0.4351906E+02  0.1663095E+02  0.1086339E+02
Si  0.4649941E+02  0.1851021E+02  0.1046188E+02
Si  0.4657750E+02  0.1654817E+02  0.1300042E+02
Si  0.4256818E+02  0.2132860E+02  0.1247191E+02
Si  0.4210218E+02  0.1795918E+02  0.9890890E+01
Si  0.4768983E+02  0.1994533E+02  0.1192496E+02
Si  0.4779715E+02  0.1779094E+02  0.1499571E+02
Si  0.4422810E+02  0.1102458E+01  0.1319276E+02
Si  0.4900386E+02  0.1622255E+02  0.1094491E+02
Si  0.5172132E+02  0.1878543E+02  0.1071013E+02
Si  0.5179652E+02  0.1622352E+02  0.1344607E+02
Si  0.4903708E+02  0.1896159E+02  0.1330580E+02
Si  0.5036546E+02  0.1744834E+02  0.1216945E+02
Si  0.5320042E+02  0.2035099E+02  0.1211464E+02
Si  0.5317590E+02  0.1748624E+02  0.1488967E+02
Si  0.5053424E+02  0.2014011E+02  0.1468005E+02
Si  0.5448714E+02  0.1611839E+02  0.1078924E+02
Si  0.5732585E+02  0.1861554E+02  0.1076870E+02
Si  0.5724777E+02  0.1602064E+02  0.1353210E+02
Si  0.5456321E+02  0.1884015E+02  0.1335987E+02
Si  0.5598224E+02  0.1729950E+02  0.1215660E+02
Si  0.5867488E+02  0.2007300E+02  0.1231716E+02
Si  0.5848330E+02  0.1733201E+02  0.1523764E+02
Si  0.5590166E+02  0.2010802E+02  0.1482123E+02
Si  0.5985024E+02  0.1572350E+02  0.1100308E+02
Si  0.6271869E+02  0.1871542E+02  0.1104396E+02
Si  0.6246380E+02  0.1613863E+02  0.1363683E+02
Si  0.5986865E+02  0.1864704E+02  0.1389999E+02
Si  0.6110204E+02  0.1730750E+02  0.1235129E+02
Si  0.6383039E+02  0.2014662E+02  0.1254211E+02
Si  0.6390108E+02  0.1729141E+02  0.1502818E+02
Si  0.6118149E+02  0.1996541E+02  0.1517560E+02
Si  0.4285850E+02  0.2880678E+01  0.1617542E+02
Si  0.4588045E+02  0.2300734E+01  0.1620650E+02
Si  0.4681912E+02  0.2083975E+02  0.1896059E+02
Si  0.4207367E+02  0.3460109E+01  0.1845766E+02
Si  0.4501273E+02  0.2159409E+02  0.1695605E+02
Si  0.4764936E+02  0.3562655E+01  0.1728203E+02
Si  0.4786082E+02  0.7998018E+00  0.2012955E+02
Si  0.4555727E+02  0.3793574E+01  0.1922924E+02
Si  0.4940139E+02  0.2152991E+02  0.1613609E+02
Si  0.5182901E+02  0.2479744E+01  0.1622876E+02
Si  0.5200969E+02  0.2133447E+02  0.1890897E+02
Si  0.4915563E+02  0.2421529E+01  0.1886215E+02
Si  0.5052537E+02  0.1058443E+01  0.1757772E+02
Si  0.5312407E+02  0.3786598E+01  0.1755377E+02
Si  0.5311499E+02  0.1106308E+01  0.2053203E+02
Si  0.5030148E+02  0.3485997E+01  0.2051880E+02
Si  0.5436946E+02  0.2146141E+02  0.1615767E+02
Si  0.5696180E+02  0.2367484E+01  0.1636998E+02
Si  0.5691794E+02  0.2146529E+02  0.1908399E+02
Si  0.5436076E+02  0.2384024E+01  0.1905222E+02
Si  0.5574785E+02  0.1078072E+01  0.1767916E+02
Si  0.5838844E+02  0.3531568E+01  0.1772799E+02
Si  0.5836025E+02  0.9270895E+00  0.2035670E+02
Si  0.5568242E+02  0.3789472E+01  0.2052096E+02
Si  0.5993412E+02  0.2134044E+02  0.1663169E+02
Si  0.6244349E+02  0.2299896E+01  0.1655498E+02
Si  0.6260127E+02  0.2131050E+02  0.1912556E+02
Si  0.5982305E+02  0.2307084E+01  0.1922019E+02
Si  0.6105398E+02  0.1144573E+01  0.1791668E+02
Si  0.6377976E+02  0.3852704E+01  0.1799837E+02
Si  0.6388430E+02  0.1109509E+01  0.2049376E+02
Si  0.6110216E+02  0.3835144E+01  0.2068912E+02
Si  0.3983175E+02  0.6058828E+01  0.1228542E+02
Si  0.4633769E+02  0.7175718E+01  0.1727987E+02
Si  0.4699604E+02  0.5611991E+01  0.1859349E+02
Si  0.4396405E+02  0.7778155E+01  0.1845826E+02
Si  0.4304078E+02  0.8272608E+01  0.1324759E+02
Si  0.4756936E+02  0.9208476E+01  0.1798063E+02
Si  0.4771989E+02  0.6632371E+01  0.2063763E+02
Si  0.4547485E+02  0.9519008E+01  0.1926222E+02
Si  0.4877300E+02  0.5103138E+01  0.1591227E+02
Si  0.5180547E+02  0.7759990E+01  0.1624307E+02
Si  0.5170105E+02  0.4982694E+01  0.1911032E+02
Si  0.4925990E+02  0.7835518E+01  0.1912145E+02
Si  0.5028855E+02  0.6407418E+01  0.1758774E+02
Si  0.5292750E+02  0.9258505E+01  0.1771699E+02
Si  0.5292281E+02  0.6594874E+01  0.2058598E+02
Si  0.5037401E+02  0.9203122E+01  0.2061617E+02
Si  0.5446225E+02  0.5143822E+01  0.1630376E+02
Si  0.5691687E+02  0.7746097E+01  0.1634514E+02
Si  0.5698615E+02  0.5048578E+01  0.1913745E+02
Si  0.5412935E+02  0.7767171E+01  0.1899118E+02
Si  0.5554121E+02  0.6407670E+01  0.1798177E+02
Si  0.5824091E+02  0.9352330E+01  0.1743281E+02
Si  0.5810810E+02  0.6476389E+01  0.2055427E+02
Si  0.5533313E+02  0.9259621E+01  0.2031092E+02
Si  0.5964854E+02  0.5160487E+01  0.1659085E+02
Si  0.6240178E+02  0.8123557E+01  0.1648665E+02
Si  0.6238753E+02  0.5320221E+01  0.1926285E+02
Si  0.5938733E+02  0.8067590E+01  0.1917865E+02
Si  0.6097815E+02  0.6657542E+01  0.1781837E+02
Si  0.6391261E+02  0.9333078E+01  0.1800821E+02
Si  0.6399033E+02  0.6624195E+01  0.2063667E+02
Si  0.6104930E+02  0.9293752E+01  0.2059519E+02
Si  0.4256517E+02  0.1050027E+02  0.1665214E+02
Si  0.4629785E+02  0.1370185E+02  0.1636997E+02
Si  0.4636482E+02  0.1147372E+02  0.1833125E+02
Si  0.4041155E+02  0.1179520E+02  0.1711671E+02
Si  0.4474739E+02  0.1190367E+02  0.1690552E+02
Si  0.4775832E+02  0.1509730E+02  0.1777428E+02
Si  0.4777912E+02  0.1220683E+02  0.2033635E+02
Si  0.4474512E+02  0.1488852E+02  0.2039159E+02
Si  0.4853404E+02  0.1012878E+02  0.1607747E+02
Si  0.5142109E+02  0.1332614E+02  0.1615559E+02
Si  0.5144353E+02  0.1058330E+02  0.1884715E+02
Si  0.4928505E+02  0.1355878E+02  0.1901816E+02
Si  0.4974793E+02  0.1196004E+02  0.1733899E+02
Si  0.5293040E+02  0.1479736E+02  0.1734815E+02
Si  0.5256576E+02  0.1221697E+02  0.2027383E+02
Si  0.5056486E+02  0.1506701E+02  0.2044969E+02
Si  0.5413035E+02  0.1035408E+02  0.1631673E+02
Si  0.5688975E+02  0.1326476E+02  0.1617057E+02
Si  0.5681266E+02  0.1069336E+02  0.1892358E+02
Si  0.5406323E+02  0.1346075E+02  0.1886427E+02
Si  0.5536088E+02  0.1201186E+02  0.1747165E+02
Si  0.5833233E+02  0.1474466E+02  0.1754145E+02
Si  0.5843613E+02  0.1201492E+02  0.2018406E+02
Si  0.5572683E+02  0.1470563E+02  0.2013671E+02
Si  0.5960654E+02  0.1082028E+02  0.1616065E+02
Si  0.6269285E+02  0.1310509E+02  0.1603699E+02
Si  0.6251575E+02  0.1060312E+02  0.1925152E+02
Si  0.5989483E+02  0.1334529E+02  0.1892366E+02
Si  0.6123980E+02  0.1189038E+02  0.1764194E+02
Si  0.6394327E+02  0.1441490E+02  0.1765691E+02
Si  0.6390135E+02  0.1199530E+02  0.2049656E+02
Si  0.6131071E+02  0.1447242E+02  0.2048724E+02
Si  0.4461439E+02  0.1643731E+02  0.1438848E+02
Si  0.4576259E+02  0.1975839E+02  0.1578952E+02
Si  0.4624288E+02  0.1633946E+02  0.1888751E+02
Si  0.4212333E+02  0.1983616E+02  0.1754245E+02
Si  0.4577142E+02  0.1721214E+02  0.1632222E+02
Si  0.4795815E+02  0.2001304E+02  0.1708500E+02
Si  0.4766410E+02  0.1795232E+02  0.2015529E+02
Si  0.4466443E+02  0.1942868E+02  0.1923697E+02
Si  0.4914881E+02  0.1627669E+02  0.1623232E+02
Si  0.5177243E+02  0.1880170E+02  0.1617369E+02
Si  0.5177787E+02  0.1632126E+02  0.1903482E+02
Si  0.4905935E+02  0.1865391E+02  0.1881439E+02
Si  0.5034453E+02  0.1738517E+02  0.1747485E+02
Si  0.5303161E+02  0.2015928E+02  0.1747331E+02
Si  0.5320252E+02  0.1762723E+02  0.2023193E+02
Si  0.5040987E+02  0.2001953E+02  0.2005211E+02
Si  0.5445868E+02  0.1626974E+02  0.1623922E+02
Si  0.5703300E+02  0.1884334E+02  0.1623433E+02
Si  0.5696296E+02  0.1616250E+02  0.1882464E+02
Si  0.5424088E+02  0.1891038E+02  0.1884405E+02
Si  0.5564025E+02  0.1759282E+02  0.1762258E+02
Si  0.5841089E+02  0.2006156E+02  0.1771917E+02
Si  0.5839940E+02  0.1737769E+02  0.2037477E+02
Si  0.5555601E+02  0.2012271E+02  0.2046000E+02
Si  0.5995096E+02  0.1589165E+02  0.1636564E+02
Si  0.6243850E+02  0.1867823E+02  0.1644284E+02
Si  0.6278179E+02  0.1589413E+02  0.1919485E+02
Si  0.5982332E+02  0.1861626E+02  0.1894347E+02
Si  0.6120002E+02  0.1720033E+02  0.1776267E+02
Si  0.6396887E+02  0.1995387E+02  0.1778656E+02
Si  0.6412537E+02  0.1737011E+02  0.2039505E+02
Si  0.6119647E+02  0.1998079E+02  0.2043569E+02
