         
  0.6515772E+02  0.0000000E+00  0.2171924E+02
  0.0000000E+00  0.0000000E+00  0.2171924E+02
Si  0.6510174E+02  0.2121742E+02  0.1090204E+01
Si  0.2646434E+01  0.2359829E+01  0.1176607E+01
Si  0.2668353E+01  0.2125344E+02  0.3682533E+01
Si  0.6483489E+02  0.2271911E+01  0.3858983E+01
Si  0.1217464E+01  0.1013534E+01  0.2688324E+01
Si  0.4022855E+01  0.3772668E+01  0.2361664E+01
Si  0.4125921E+01  0.7826394E+00  0.4994929E+01
Si  0.1365711E+01  0.3382757E+01  0.5225934E+01
Si  0.5264805E+01  0.2129539E+02  0.1214620E+01
Si  0.7922397E+01  0.2163495E+01  0.1255658E+01
Si  0.8443512E+01  0.2120159E+02  0.3881107E+01
Si  0.5231612E+01  0.2386886E+01  0.3862513E+01
Si  0.6674113E+01  0.8030089E+00  0.2614927E+01
Si  0.9385835E+01  0.3769513E+01  0.2361964E+01
Si  0.9738776E+01  0.1072276E+01  0.5213476E+01
Si  0.6594428E+01  0.3776137E+01  0.5226076E+01
Si  0.1118188E+02  0.2169248E+02  0.1047984E+01
Si  0.1650323E+02  0.3002261E+01  0.2860139E+01
Si  0.1189728E+02  0.2028512E+02  0.4844462E+01
Si  0.1115090E+02  0.2459446E+01  0.3824535E+01
Si  0.1250175E+02  0.1183488E+01  0.2416076E+01
Si  0.2870799E+02  0.1717113E+02  0.1904662E+02
Si  0.1409603E+02  0.5997726E+01  0.3901713E+01
Si  0.1247993E+02  0.4277371E+01  0.4693971E+01
Si  0.2320928E+02  0.2015765E+02  0.2485683E+01
Si  0.1468767E+02  0.4688899E+01  0.2077738E+01
Si  0.1436750E+02  0.1953090E+02  0.3318018E+01
Si  0.1343801E+02  0.1245741E-01  0.4393361E+01
Si  0.1884335E+02  0.1915975E+02  0.8176880E+01
Si  0.2008007E+02  0.5035958E+01  0.3845765E+01
Si  0.2536574E+02  0.4125031E+01  0.2302333E+01
Si  0.2718683E+02  0.1865202E+01  0.1950370E+02
Si  0.4782307E-01  0.4818626E+01  0.1298127E+01
Si  0.2638753E+01  0.7679694E+01  0.1053024E+01
Si  0.2458918E+01  0.4972962E+01  0.4076028E+01
Si  0.6503009E+02  0.7849862E+01  0.3967638E+01
Si  0.1384110E+01  0.6468421E+01  0.2748324E+01
Si  0.4003423E+01  0.9014866E+01  0.2446322E+01
Si  0.3981788E+01  0.6359278E+01  0.5282642E+01
Si  0.1555202E+01  0.9185381E+01  0.5242494E+01
Si  0.5134376E+01  0.5120675E+01  0.9589364E+00
Si  0.8093969E+01  0.7586904E+01  0.8995478E+00
Si  0.7824166E+01  0.5214156E+01  0.3805045E+01
Si  0.5217485E+01  0.7853470E+01  0.3825525E+01
Si  0.6498615E+01  0.6620194E+01  0.2399103E+01
Si  0.9555259E+01  0.8947103E+01  0.2302124E+01
Si  0.9525112E+01  0.6266083E+01  0.4951416E+01
Si  0.6729154E+01  0.9091732E+01  0.4968415E+01
Si  0.1103850E+02  0.4963467E+01  0.1107853E+01
Si  0.1724401E+02  0.5718009E+01  0.1897699E+02
Si  0.1460703E+02  0.5856100E+01  0.2159824E+02
Si  0.1090327E+02  0.7843669E+01  0.3679226E+01
Si  0.1229177E+02  0.6587567E+01  0.2447077E+01
Si  0.1493791E+02  0.1037057E+02  0.8824254E+00
Si  0.1390268E+02  0.7912136E+01  0.7834724E+00
Si  0.1200057E+02  0.9570998E+01  0.4559112E+01
Si  0.2344829E+02  0.8767719E+00  0.1985955E+02
Si  0.1559655E+02  0.3224640E+01  0.7920999E+01
Si  0.1998945E+02  0.9263969E+01  0.1101142E+02
Si  0.1440547E+02  0.8576159E+01  0.4419760E+01
Si  0.2161040E+02  0.3153710E+01  0.2112944E+02
Si  0.2771817E+02  0.2118713E+02  0.2007368E+02
Si  0.2275196E+02  0.5733132E+01  0.3164553E+01
Si  0.2234163E+02  0.1100682E+02  0.1918106E+02
Si  0.6473269E+02  0.1031619E+02  0.1093904E+01
Si  0.2685549E+01  0.1343439E+02  0.1090904E+01
Si  0.2690239E+01  0.1050379E+02  0.3704686E+01
Si  0.1708187E+00  0.1274126E+02  0.3856851E+01
Si  0.1277645E+01  0.1161430E+02  0.2063861E+01
Si  0.3878342E+01  0.1445646E+02  0.2563140E+01
Si  0.3925988E+01  0.1183907E+02  0.5028694E+01
Si  0.1062337E+01  0.1432731E+02  0.4900485E+01
Si  0.5506500E+01  0.1046415E+02  0.1290733E+01
Si  0.8275126E+01  0.1283137E+02  0.1074326E+01
Si  0.8351101E+01  0.1040664E+02  0.3895222E+01
Si  0.5499249E+01  0.1310946E+02  0.3524434E+01
Si  0.7006337E+01  0.1161806E+02  0.2494597E+01
Si  0.9210927E+01  0.1458758E+02  0.2278607E+01
Si  0.9260014E+01  0.1216963E+02  0.5241109E+01
Si  0.6748424E+01  0.1462218E+02  0.4902047E+01
Si  0.1093661E+02  0.1021784E+02  0.8435417E+00
Si  0.1383443E+02  0.1261223E+02  0.1531878E+01
Si  0.1437210E+02  0.1049173E+02  0.3190694E+01
Si  0.1082881E+02  0.1314016E+02  0.3655648E+01
Si  0.1205256E+02  0.1140811E+02  0.2793184E+01
Si  0.1679555E+02  0.1654650E+02  0.2118014E+01
Si  0.1524648E+02  0.1217881E+02  0.4806988E+01
Si  0.1191309E+02  0.1466668E+02  0.5083155E+01
Si  0.1900173E+02  0.7963405E+01  0.3658111E+00
Si  0.1572056E+02  0.1566828E+02  0.3949807E+01
Si  0.2204334E+02  0.9125850E+01  0.2155241E+02
Si  0.1763322E+02  0.1203594E+02  0.5329515E+01
Si  0.1969682E+02  0.8820028E+01  0.2845267E+01
Si  0.2753450E+02  0.8613074E+01  0.1439814E+02
Si  0.3093033E+02  0.1973661E+02  0.1841400E+01
Si  0.1937187E+02  0.7191495E+01  0.4800116E+01
Si  0.6501994E+02  0.1580258E+02  0.1336933E+01
Si  0.2553242E+01  0.1864049E+02  0.8964909E+00
Si  0.2402435E+01  0.1574297E+02  0.3671607E+01
Si  0.6504324E+02  0.1875959E+02  0.4017510E+01
Si  0.1036590E+01  0.1744744E+02  0.2414271E+01
Si  0.3965208E+01  0.1975982E+02  0.2381465E+01
Si  0.4027252E+01  0.1692119E+02  0.4999991E+01
Si  0.1095543E+01  0.2028329E+02  0.4998135E+01
Si  0.5223959E+01  0.1571734E+02  0.1362712E+01
Si  0.7929819E+01  0.1900680E+02  0.1011529E+01
Si  0.8084314E+01  0.1612521E+02  0.3700378E+01
Si  0.5243554E+01  0.1875094E+02  0.3812619E+01
Si  0.6610673E+01  0.1739382E+02  0.2415087E+01
Si  0.9456563E+01  0.2013861E+02  0.2111351E+01
Si  0.9401428E+01  0.1778611E+02  0.4844956E+01
Si  0.6694883E+01  0.2016383E+02  0.5152801E+01
Si  0.1054317E+02  0.1621016E+02  0.1023833E+01
Si  0.1394820E+02  0.1875878E+02  0.8525201E+00
Si  0.1779229E+02  0.1848230E+02  0.3135656E+01
Si  0.1089057E+02  0.1875066E+02  0.3234702E+01
Si  0.1236552E+02  0.1756653E+02  0.2072667E+01
Si  0.1382468E+02  0.1861470E+02  0.2001128E+02
Si  0.1737257E+02  0.1644632E+02  0.5903251E+01
Si  0.1656111E+02  0.2004842E+02  0.2318780E+01
Si  0.1628703E+02  0.1591509E+02  0.1455175E+02
Si  0.2225443E+02  0.1346323E+02  0.2087961E+02
Si  0.2164270E+02  0.1547284E+02  0.3926176E-01
Si  0.1967956E+02  0.1967565E+02  0.1977106E+01
Si  0.2032262E+02  0.1792781E+02  0.5881241E+00
Si  0.2519736E+02  0.1873465E+02  0.2835279E+01
Si  0.1814736E+02  0.1867171E+02  0.5456953E+01
Si  0.1164489E+02  0.1899125E+00  0.7902867E+01
Si  0.6501990E+02  0.2145671E+02  0.6339822E+01
Si  0.2917725E+01  0.2181477E+01  0.6682831E+01
Si  0.2611688E+01  0.2115146E+02  0.9137204E+01
Si  0.6496581E+02  0.2499481E+01  0.9209751E+01
Si  0.1302960E+01  0.1110564E+01  0.7869741E+01
Si  0.4219784E+01  0.3847059E+01  0.7723223E+01
Si  0.3862684E+01  0.9459373E+00  0.1053747E+02
Si  0.1522315E+01  0.3825258E+01  0.1040021E+02
Si  0.5459988E+01  0.2124924E+02  0.6578147E+01
Si  0.8245389E+01  0.2477285E+01  0.6463680E+01
Si  0.7821052E+01  0.2129912E+02  0.9288185E+01
Si  0.5320236E+01  0.2429219E+01  0.9309018E+01
Si  0.6863898E+01  0.1174082E+01  0.7878679E+01
Si  0.9689693E+01  0.3686569E+01  0.7927869E+01
Si  0.9468990E+01  0.1195695E+01  0.1023703E+02
Si  0.7085931E+01  0.3698680E+01  0.1064445E+02
Si  0.1035052E+02  0.2112713E+02  0.6428643E+01
Si  0.1351313E+02  0.3212730E+01  0.6530645E+01
Si  0.1537591E+02  0.1204042E+00  0.8212633E+01
Si  0.1114666E+02  0.2338153E+01  0.9138203E+01
Si  0.1336776E+02  0.3512892E+01  0.9061629E+01
Si  0.1887165E+02  0.2082125E+02  0.1009064E+02
Si  0.1914805E+02  0.1927105E+02  0.1302500E+02
Si  0.1302306E+02  0.3404076E+01  0.1213222E+02
Si  0.1585370E+02  0.4651943E+01  0.4543192E+01
Si  0.2154670E+02  0.2019076E+02  0.1975980E+02
Si  0.1489500E+02  0.2010171E+02  0.1581812E+02
Si  0.1279455E+02  0.5923316E+01  0.1032506E+02
Si  0.1803883E+02  0.5945266E+01  0.6398697E+01
Si  0.1775773E+02  0.5448149E+01  0.2890624E+01
Si  0.1950654E+02  0.4200629E+00  0.1846535E+01
Si  0.1683715E+02  0.2004717E+02  0.2170875E+02
Si  0.6510120E+02  0.5083498E+01  0.6519124E+01
Si  0.2671648E+01  0.7904875E+01  0.6715739E+01
Si  0.2626947E+01  0.5430820E+01  0.9034830E+01
Si  0.6499384E+02  0.8033867E+01  0.9390313E+01
Si  0.1224825E+01  0.6526178E+01  0.7708907E+01
Si  0.4266732E+01  0.9106999E+01  0.8026536E+01
Si  0.4414217E+01  0.6247266E+01  0.1053985E+02
Si  0.1489195E+01  0.9247421E+01  0.1045154E+02
Si  0.5642478E+01  0.5224297E+01  0.6626177E+01
Si  0.8321222E+01  0.7852506E+01  0.6263354E+01
Si  0.8261947E+01  0.5147538E+01  0.9268568E+01
Si  0.5645834E+01  0.7805869E+01  0.9522268E+01
Si  0.7102658E+01  0.6699440E+01  0.7926154E+01
Si  0.9644997E+01  0.9166499E+01  0.7588831E+01
Si  0.9647609E+01  0.6381700E+01  0.1055297E+02
Si  0.6974267E+01  0.9188908E+01  0.1075704E+02
Si  0.1090471E+02  0.4830278E+01  0.6359964E+01
Si  0.1408940E+02  0.7278367E+01  0.6650580E+01
Si  0.1661828E+02  0.8538788E+01  0.3364203E+01
Si  0.1086890E+02  0.7781073E+01  0.8845859E+01
Si  0.1226375E+02  0.6153544E+01  0.7865678E+01
Si  0.1572582E+02  0.1040237E+02  0.8590649E+01
Si  0.1735098E+02  0.9846639E+01  0.5371117E+01
Si  0.1234479E+02  0.9395331E+01  0.1010254E+02
Si  0.1557935E+02  0.5289273E+01  0.6782025E+01
Si  0.2028845E+02  0.1810791E+02  0.4781788E+01
Si  0.1479509E+02  0.4779696E+01  0.1080766E+02
Si  0.1742719E+02  0.1198894E+02  0.7757046E+01
Si  0.2099606E+02  0.9189171E+01  0.4797956E+01
Si  0.1339055E+02  0.1275684E+02  0.1524060E+02
Si  0.2404706E+02  0.1920416E+02  0.6118400E+01
Si  0.1610964E+02  0.1719167E+01  0.9904101E+01
Si  0.6499491E+02  0.1032034E+02  0.6447973E+01
Si  0.2613984E+01  0.1321710E+02  0.6631645E+01
Si  0.2813670E+01  0.1049859E+02  0.9110916E+01
Si  0.6497658E+02  0.1289937E+02  0.9436238E+01
Si  0.1276941E+01  0.1162759E+02  0.7809985E+01
Si  0.3932157E+01  0.1448273E+02  0.8061794E+01
Si  0.4065338E+01  0.1205160E+02  0.1047688E+02
Si  0.1091450E+01  0.1443948E+02  0.1070814E+02
Si  0.5288492E+01  0.1041294E+02  0.6419813E+01
Si  0.7858032E+01  0.1344422E+02  0.6427599E+01
Si  0.8171588E+01  0.1047218E+02  0.9227656E+01
Si  0.5464345E+01  0.1322386E+02  0.9266115E+01
Si  0.6733788E+01  0.1160950E+02  0.7523899E+01
Si  0.9184527E+01  0.1480917E+02  0.7751573E+01
Si  0.8969965E+01  0.1239730E+02  0.1031020E+02
Si  0.6778268E+01  0.1500523E+02  0.1056181E+02
Si  0.1077467E+02  0.1099342E+02  0.6520512E+01
Si  0.1391300E+02  0.1361720E+02  0.5996203E+01
Si  0.1345562E+02  0.1114338E+02  0.9172924E+01
Si  0.1062219E+02  0.1330104E+02  0.8766415E+01
Si  0.1249448E+02  0.1225347E+02  0.7385521E+01
Si  0.1587780E+02  0.1480517E+02  0.6966208E+01
Si  0.1398740E+02  0.1310537E+02  0.1055385E+02
Si  0.1199369E+02  0.1436616E+02  0.1038649E+02
Si  0.1915444E+02  0.8797022E+01  0.6618213E+01
Si  0.1822511E+02  0.1344140E+02  0.3291572E+01
Si  0.2527170E+02  0.4757083E+01  0.1971714E+02
Si  0.1632548E+02  0.9262987E+01  0.1044454E+02
Si  0.2865903E+02  0.1200259E+02  0.1124547E+02
Si  0.2161544E+02  0.1026166E+01  0.5955542E+00
Si  0.2407626E+02  0.8494967E+01  0.1209115E+02
Si  0.1878510E+02  0.1352865E+02  0.1280208E+02
Si  0.6511443E+02  0.1583533E+02  0.6460899E+01
Si  0.2542527E+01  0.1865110E+02  0.6102516E+01
Si  0.2342747E+01  0.1587149E+02  0.9030732E+01
Si  0.6483994E+02  0.1872794E+02  0.9303274E+01
Si  0.1304800E+01  0.1747008E+02  0.7860211E+01
Si  0.3639944E+01  0.2007195E+02  0.7406795E+01
Si  0.3994149E+01  0.1707105E+02  0.1037751E+02
Si  0.1487041E+01  0.1951265E+02  0.1053821E+02
Si  0.5391996E+01  0.1574472E+02  0.6501845E+01
Si  0.7688467E+01  0.1835685E+02  0.6407514E+01
Si  0.8332731E+01  0.1610741E+02  0.9344795E+01
Si  0.5247993E+01  0.1860340E+02  0.8851593E+01
Si  0.6801010E+01  0.1698121E+02  0.7783441E+01
Si  0.8825977E+01  0.1974609E+02  0.7846663E+01
Si  0.9543289E+01  0.1750299E+02  0.1058811E+02
Si  0.6369890E+01  0.1983085E+02  0.1050690E+02
Si  0.1039239E+02  0.1616296E+02  0.6332608E+01
Si  0.1368181E+02  0.7195586E+00  0.6682868E+01
Si  0.1556345E+02  0.1881912E+02  0.7444124E+01
Si  0.1062776E+02  0.1872282E+02  0.8846530E+01
Si  0.1213067E+02  0.1754854E+02  0.7474635E+01
Si  0.1934766E+02  0.1603861E+02  0.2105117E+02
Si  0.1329819E+02  0.1941191E+02  0.6722882E+01
Si  0.1199072E+02  0.2049105E+02  0.9509603E+01
Si  0.1568357E+02  0.9122091E+01  0.6797925E+01
Si  0.2343359E+02  0.1507264E+02  0.5862596E+01
Si  0.1650884E+02  0.8489258E+01  0.2061446E+02
Si  0.1573205E+02  0.2140280E+02  0.1281508E+02
Si  0.1947800E+02  0.1598145E+02  0.5479599E+01
Si  0.1805351E+02  0.9078534E+00  0.5204211E+01
Si  0.1730989E+02  0.2033721E+02  0.1191864E+02
Si  0.1384058E+02  0.2000189E+02  0.1374109E+02
Si  0.4528606E+00  0.2097661E+02  0.1190312E+02
Si  0.2725517E+01  0.2342165E+01  0.1183289E+02
Si  0.2629531E+01  0.2139764E+02  0.1456878E+02
Si  0.2603452E+00  0.2537433E+01  0.1463920E+02
Si  0.1379318E+01  0.9748896E+00  0.1331245E+02
Si  0.4244132E+01  0.3597123E+01  0.1324885E+02
Si  0.4161530E+01  0.9491663E+00  0.1595048E+02
Si  0.1629639E+01  0.3902043E+01  0.1595924E+02
Si  0.5126247E+01  0.2110396E+02  0.1189424E+02
Si  0.8222564E+01  0.2354908E+01  0.1193942E+02
Si  0.8212128E+01  0.2115489E+02  0.1449182E+02
Si  0.5588068E+01  0.2129963E+01  0.1452558E+02
Si  0.6741742E+01  0.7352894E+00  0.1306806E+02
Si  0.9601619E+01  0.3726344E+01  0.1329607E+02
Si  0.9202559E+01  0.1224005E+01  0.1605894E+02
Si  0.6519852E+01  0.3827644E+01  0.1583817E+02
Si  0.1122310E+02  0.2158170E+02  0.1144511E+02
Si  0.1635920E+02  0.1946615E+01  0.1286017E+02
Si  0.1397696E+02  0.1637456E+02  0.1466558E+02
Si  0.1086604E+02  0.2877919E+01  0.1520724E+02
Si  0.1288567E+02  0.2619962E+00  0.1312061E+02
Si  0.1893929E+02  0.7015417E+01  0.8334763E+01
Si  0.1341348E+02  0.1977614E+02  0.1783750E+02
Si  0.1228071E+02  0.3820511E+01  0.1716414E+02
Si  0.2194554E+02  0.9946550E+00  0.1200319E+02
Si  0.2329190E+02  0.3150374E+00  0.1735474E+02
Si  0.2031405E+02  0.2024689E+02  0.1517773E+02
Si  0.2124702E+02  0.2003928E+01  0.9060053E+01
Si  0.1877480E+02  0.3927352E+01  0.1790523E+02
Si  0.1904714E+02  0.4433368E+01  0.7993481E+01
Si  0.1965455E+02  0.4771255E+00  0.1653496E+02
Si  0.1809561E+02  0.2005112E+01  0.1120271E+02
Si  0.4189415E+00  0.5051826E+01  0.1179952E+02
Si  0.2745808E+01  0.7783594E+01  0.1174021E+02
Si  0.2992974E+01  0.5128649E+01  0.1442790E+02
Si  0.7219557E-01  0.7861459E+01  0.1452300E+02
Si  0.1496956E+01  0.6528142E+01  0.1313959E+02
Si  0.4148534E+01  0.9321398E+01  0.1310754E+02
Si  0.4194822E+01  0.6375252E+01  0.1587007E+02
Si  0.1632319E+01  0.9063965E+01  0.1585658E+02
Si  0.5773385E+01  0.4854950E+01  0.1186322E+02
Si  0.8346362E+01  0.7813910E+01  0.1182270E+02
Si  0.8101092E+01  0.5215004E+01  0.1491889E+02
Si  0.5588716E+01  0.7918958E+01  0.1448687E+02
Si  0.7051717E+01  0.6362013E+01  0.1315521E+02
Si  0.9538757E+01  0.9050260E+01  0.1313158E+02
Si  0.9617342E+01  0.6373470E+01  0.1622721E+02
Si  0.6741957E+01  0.9215692E+01  0.1589295E+02
Si  0.1110971E+02  0.4829981E+01  0.1183860E+02
Si  0.1430671E+02  0.8256687E+01  0.1118317E+02
Si  0.1506205E+02  0.3567113E+01  0.1381222E+02
Si  0.1085643E+02  0.7732338E+01  0.1459128E+02
Si  0.1242122E+02  0.6307815E+01  0.1336619E+02
Si  0.1470070E+02  0.7122216E+01  0.1303587E+02
Si  0.1334247E+02  0.5447793E+01  0.1577197E+02
Si  0.1195838E+02  0.9339938E+01  0.1615882E+02
Si  0.1431475E+02  0.1673812E+01  0.1136576E+02
Si  0.2028705E+02  0.2823679E+01  0.1115740E+02
Si  0.3002055E+02  0.6799532E+01  0.4804855E+01
Si  0.1362734E+02  0.9417593E+01  0.1322887E+02
Si  0.2388301E+02  0.6616019E+01  0.1051715E+02
Si  0.2190814E+02  0.5989302E+01  0.1360053E+02
Si  0.2371287E+02  0.3448953E+01  0.6994886E+01
Si  0.2321181E+02  0.8804370E+01  0.1468255E+02
Si  0.6503682E+02  0.1048123E+02  0.1181502E+02
Si  0.2675635E+01  0.1307674E+02  0.1189977E+02
Si  0.2656661E+01  0.1079280E+02  0.1462867E+02
Si  0.3556998E-01  0.1327496E+02  0.1463394E+02
Si  0.1221671E+01  0.1186143E+02  0.1301446E+02
Si  0.3771750E+01  0.1455911E+02  0.1329805E+02
Si  0.4041524E+01  0.1221381E+02  0.1598767E+02
Si  0.1338536E+01  0.1442691E+02  0.1609665E+02
Si  0.5556354E+01  0.1075404E+02  0.1197313E+02
Si  0.7883025E+01  0.1383284E+02  0.1215221E+02
Si  0.8174007E+01  0.1051429E+02  0.1471070E+02
Si  0.5424784E+01  0.1354595E+02  0.1472340E+02
Si  0.6843995E+01  0.1218560E+02  0.1341553E+02
Si  0.1021176E+02  0.1464323E+02  0.1321706E+02
Si  0.9477853E+01  0.1180113E+02  0.1602592E+02
Si  0.6562248E+01  0.1473036E+02  0.1593583E+02
Si  0.1099347E+02  0.1038425E+02  0.1166211E+02
Si  0.1308476E+02  0.1344476E+02  0.1308961E+02
Si  0.1572448E+02  0.1339296E+02  0.1463051E+02
Si  0.1106436E+02  0.1354434E+02  0.1544686E+02
Si  0.1087444E+02  0.1282289E+02  0.1201884E+02
Si  0.1552548E+02  0.1505329E+02  0.1055319E+02
Si  0.1482432E+02  0.8904802E+01  0.1763699E+02
Si  0.1239294E+02  0.1606122E+02  0.1756323E+02
Si  0.1823549E+02  0.7843905E+01  0.1039814E+02
Si  0.2440425E+02  0.1454953E+02  0.9285336E+01
Si  0.1806044E+02  0.9207280E+01  0.1894596E+02
Si  0.1414179E+02  0.1042453E+02  0.1550386E+02
Si  0.2162608E+02  0.1086358E+02  0.9363925E+01
Si  0.2604073E+02  0.7114219E+01  0.9487532E+01
Si  0.2796524E+02  0.1111802E+02  0.1494832E+02
Si  0.1472355E+02  0.1382903E+02  0.1997347E+02
Si  0.6503154E+02  0.1606872E+02  0.1190673E+02
Si  0.2686154E+01  0.1830440E+02  0.1184673E+02
Si  0.2553618E+01  0.1583876E+02  0.1469970E+02
Si  0.6513327E+02  0.1847412E+02  0.1488607E+02
Si  0.1415694E+01  0.1719775E+02  0.1341437E+02
Si  0.3899235E+01  0.1972879E+02  0.1316832E+02
Si  0.4127906E+01  0.1743915E+02  0.1592754E+02
Si  0.1583929E+01  0.1975751E+02  0.1595937E+02
Si  0.5310399E+01  0.1603781E+02  0.1209678E+02
Si  0.8105664E+01  0.1878759E+02  0.1173317E+02
Si  0.8460382E+01  0.1578438E+02  0.1440195E+02
Si  0.5426938E+01  0.1854898E+02  0.1468703E+02
Si  0.6895875E+01  0.1728624E+02  0.1316891E+02
Si  0.9585461E+01  0.2034929E+02  0.1275923E+02
Si  0.9293843E+01  0.1739514E+02  0.1595040E+02
Si  0.6729690E+01  0.2001290E+02  0.1603880E+02
Si  0.1118974E+02  0.1637428E+02  0.1188645E+02
Si  0.1652626E+02  0.1473661E+02  0.1268678E+02
Si  0.1342645E+02  0.1573026E+02  0.1231166E+02
Si  0.1033556E+02  0.1903640E+02  0.1463907E+02
Si  0.1183476E+02  0.1826904E+02  0.1298527E+02
Si  0.1628335E+02  0.1812702E+02  0.1188116E+02
Si  0.1744206E+02  0.1178823E+02  0.1936692E+02
Si  0.1181921E+02  0.2021289E+02  0.1591746E+02
Si  0.1895792E+02  0.1398468E+02  0.1057619E+02
Si  0.1850903E+02  0.5260702E+01  0.1429122E+02
Si  0.1703214E+02  0.1407356E+02  0.9096699E+01
Si  0.1552398E+02  0.1750882E+02  0.9603768E+01
Si  0.2036270E+02  0.1373940E+02  0.4240049E+01
Si  0.1353571E+02  0.1849711E+01  0.1651490E+02
Si  0.1878157E+02  0.1542274E+02  0.1703016E+01
Si  0.1767372E+02  0.2152865E+02  0.1771482E+02
Si  0.7324605E-01  0.2110535E+02  0.1708686E+02
Si  0.2757893E+01  0.2438496E+01  0.1736277E+02
Si  0.2521801E+01  0.2135722E+02  0.2021364E+02
Si  0.6510816E+02  0.1973316E+01  0.1978438E+02
Si  0.1272792E+01  0.7426353E+00  0.1856546E+02
Si  0.3976609E+01  0.3774689E+01  0.1892932E+02
Si  0.4041329E+01  0.1011036E+01  0.5534306E-01
Si  0.1035757E+01  0.3473674E+01  0.2162464E+02
Si  0.5313879E+01  0.2141080E+02  0.1773420E+02
Si  0.7862893E+01  0.2648988E+01  0.1760227E+02
Si  0.7696518E+01  0.2157156E+02  0.2020280E+02
Si  0.5293229E+01  0.2478352E+01  0.2052395E+02
Si  0.6386790E+01  0.1272919E+01  0.1889888E+02
Si  0.9272171E+01  0.3254368E+01  0.1934297E+02
Si  0.9237128E+01  0.1049747E+01  0.2156555E+02
Si  0.6766535E+01  0.3817450E+01  0.9384912E-01
Si  0.1018488E+02  0.2140045E+02  0.1747674E+02
Si  0.1538573E+02  0.3761890E+01  0.1598604E+02
Si  0.1422406E+02  0.2144189E+02  0.1975972E+02
Si  0.1103425E+02  0.2082832E+01  0.2025840E+02
Si  0.1208639E+02  0.9326170E+00  0.1838655E+02
Si  0.1183811E+02  0.6058234E+00  0.1518419E+02
Si  0.1396115E+02  0.2399723E+01  0.9066994E+00
Si  0.1244990E+02  0.3601881E+01  0.2139797E+02
Si  0.1775506E+02  0.1928111E+02  0.1758382E+02
Si  0.2772966E+02  0.3001129E+01  0.1267516E+02
Si  0.2036369E+02  0.6390090E+01  0.2091083E+02
Si  0.1594054E+02  0.3073462E+01  0.2152776E+02
Si  0.1517742E+02  0.2354706E+00  0.1731561E+02
Si  0.3019493E+02  0.8190523E+01  0.6749774E+01
Si  0.1835121E+02  0.1712025E+02  0.1204015E+02
Si  0.1724307E+02  0.6356280E+01  0.2143079E+02
Si  0.3479105E-01  0.5029402E+01  0.1708717E+02
Si  0.2590918E+01  0.7611813E+01  0.1715562E+02
Si  0.2412098E+01  0.4969488E+01  0.2016262E+02
Si  0.6488453E+02  0.7769364E+01  0.1994195E+02
Si  0.1128962E+01  0.6330011E+01  0.1861591E+02
Si  0.3986652E+01  0.9121920E+01  0.1858166E+02
Si  0.3802631E+01  0.6662030E+01  0.2129814E+02
Si  0.9265373E+00  0.8922780E+01  0.2161568E+02
Si  0.5360853E+01  0.5215289E+01  0.1746591E+02
Si  0.8160041E+01  0.7931674E+01  0.1730185E+02
Si  0.8005834E+01  0.5093507E+01  0.2031302E+02
Si  0.5384443E+01  0.7892351E+01  0.1989961E+02
Si  0.6917283E+01  0.6422719E+01  0.1877027E+02
Si  0.9371624E+01  0.9184293E+01  0.1869828E+02
Si  0.9805961E+01  0.6164638E+01  0.2145322E+02
Si  0.6906261E+01  0.9092929E+01  0.2143713E+02
Si  0.1055967E+02  0.5069906E+01  0.1802797E+02
Si  0.1315157E+02  0.7447645E+01  0.1686766E+02
Si  0.1391589E+02  0.4661598E+01  0.1953807E+02
Si  0.1075013E+02  0.7863180E+01  0.1991050E+02
Si  0.1238986E+02  0.6442362E+01  0.1894225E+02
Si  0.1543982E+02  0.8569220E+01  0.1477346E+02
Si  0.1501621E+02  0.6764257E+01  0.1895684E+02
Si  0.1267825E+02  0.9117629E+01  0.2108106E+02
Si  0.1828138E+02  0.1553985E+01  0.1465904E+02
Si  0.2941983E+02  0.7083088E+01  0.8871498E+01
Si  0.1837768E+02  0.5941081E+01  0.1193275E+02
Si  0.2031856E+02  0.9393177E+01  0.1967484E+02
Si  0.1791822E+02  0.1939629E+02  0.1512337E+02
Si  0.2251548E+02  0.1115143E+02  0.1432343E+02
Si  0.2694612E+02  0.6072111E+01  0.1839380E+02
Si  0.2492891E+02  0.7268533E+01  0.1953363E+02
Si  0.1187875E+00  0.1039724E+02  0.1721875E+02
Si  0.2731101E+01  0.1327868E+02  0.1748901E+02
Si  0.2564626E+01  0.1012124E+02  0.2022910E+02
Si  0.6488335E+02  0.1293012E+02  0.2009926E+02
Si  0.1376496E+01  0.1186941E+02  0.1875896E+02
Si  0.4365332E+01  0.1461683E+02  0.1905469E+02
Si  0.3836698E+01  0.1163289E+02  0.2152417E+02
Si  0.1097189E+01  0.1458710E+02  0.2141319E+02
Si  0.5131478E+01  0.1044902E+02  0.1713825E+02
Si  0.7930052E+01  0.1299038E+02  0.1736474E+02
Si  0.8193076E+01  0.1037947E+02  0.1998952E+02
Si  0.5490448E+01  0.1298629E+02  0.2033774E+02
Si  0.6543643E+01  0.1146354E+02  0.1862446E+02
Si  0.9316643E+01  0.1432220E+02  0.1876896E+02
Si  0.9665908E+01  0.1178421E+02  0.2115812E+02
Si  0.6812134E+01  0.1461095E+02  0.2164005E+02
Si  0.1077768E+02  0.1078055E+02  0.1770462E+02
Si  0.1387720E+02  0.1432965E+02  0.1779631E+02
Si  0.1397639E+02  0.1041586E+02  0.1943057E+02
Si  0.1113907E+02  0.1336100E+02  0.1991765E+02
Si  0.1258558E+02  0.1216110E+02  0.1847751E+02
Si  0.1412419E+02  0.1442841E+02  0.2529690E+00
Si  0.1534475E+02  0.1176779E+02  0.2062196E+02
Si  0.1332971E+02  0.1657886E+02  0.4057123E+01
Si  0.1796132E+02  0.4231500E+01  0.1024543E+02
Si  0.2081101E+02  0.1520271E+02  0.1667830E+02
Si  0.2624035E+02  0.5040398E+01  0.1630467E+02
Si  0.2090350E+02  0.1000737E+02  0.1307241E+02
Si  0.1694408E+02  0.1039172E+02  0.1738017E+02
Si  0.1742905E+02  0.1118452E+02  0.1161422E+02
Si  0.2386915E+02  0.5439449E+01  0.1260685E+02
Si  0.1539510E+02  0.1248964E+02  0.1236260E+02
Si  0.6513701E+02  0.1573062E+02  0.1748003E+02
Si  0.2700497E+01  0.1838142E+02  0.1748145E+02
Si  0.2904740E+01  0.1566903E+02  0.2011649E+02
Si  0.6497988E+02  0.1868011E+02  0.2006940E+02
Si  0.1200901E+01  0.1711705E+02  0.1892493E+02
Si  0.3800982E+01  0.1996467E+02  0.1895658E+02
Si  0.4077599E+01  0.1712181E+02  0.2162299E+02
Si  0.1140110E+01  0.1981133E+02  0.2127281E+02
Si  0.5289187E+01  0.1603661E+02  0.1740671E+02
Si  0.8024608E+01  0.1871527E+02  0.1724894E+02
Si  0.7962180E+01  0.1591440E+02  0.2013797E+02
Si  0.5229870E+01  0.1860143E+02  0.2020002E+02
Si  0.6621345E+01  0.1743437E+02  0.1882999E+02
Si  0.8999833E+01  0.1996380E+02  0.1888418E+02
Si  0.8993912E+01  0.1754031E+02  0.2141404E+02
Si  0.6486682E+01  0.2016125E+02  0.2151196E+02
Si  0.1046402E+02  0.1544219E+02  0.1669943E+02
Si  0.1579110E+02  0.1496546E+02  0.1683283E+02
Si  0.1191758E+02  0.1510608E+02  0.2120760E+02
Si  0.1050375E+02  0.1910230E+02  0.2033458E+02
Si  0.1202338E+02  0.1715489E+02  0.1974405E+02
Si  0.1447700E+02  0.1793396E+02  0.1295654E+02
Si  0.1539465E+02  0.1661474E+02  0.2822714E+00
Si  0.1245988E+02  0.2030347E+02  0.2118766E+02
Si  0.1761131E+02  0.9394281E+01  0.1524891E+02
Si  0.2064112E+02  0.1755599E+02  0.8752995E+01
Si  0.1951469E+02  0.1127022E+02  0.2115388E+02
Si  0.1716335E+02  0.1682884E+02  0.2041335E+02
Si  0.2176579E+02  0.1567110E+02  0.1266780E+02
Si  0.2172060E+02  0.2577929E+01  0.1387890E+02
Si  0.2258009E+02  0.1549124E+02  0.2372619E+01
Si  0.1678498E+02  0.3055712E+01  0.1912799E+02
Si  0.3208065E+02  0.1966580E+02  0.4041962E+01
Si  0.2483593E+02  0.3033184E+01  0.1682486E+02
Si  0.1857043E+02  0.1136427E+02  0.1972835E+01
Si  0.2543252E+02  0.8187475E+01  0.2171233E+02
Si  0.2966298E+02  0.4260393E+01  0.5186198E+01
Si  0.3503612E+02  0.7383319E+01  0.2060946E+01
Si  0.4135482E+02  0.1997318E+02  0.1755036E+02
Si  0.3824042E+02  0.2743555E+01  0.5197860E+01
Si  0.2843421E+02  0.4631997E+01  0.1589883E+02
Si  0.2298674E+02  0.1863203E+02  0.1663744E+02
Si  0.1869949E+02  0.7459072E+01  0.1522257E+02
Si  0.4469369E+02  0.7829505E+01  0.1174181E+02
Si  0.2933493E+02  0.1486919E+02  0.2124657E+02
Si  0.4020129E+02  0.1354086E+02  0.1603342E+01
Si  0.3873685E+02  0.7974783E+01  0.1130854E+02
Si  0.2520643E+02  0.1159977E+02  0.1688965E+02
Si  0.3112007E+02  0.1748147E+02  0.3150241E+01
Si  0.3216218E+02  0.6199539E+01  0.1597465E+02
Si  0.3992116E+02  0.1411726E+02  0.7288037E+01
Si  0.2587781E+02  0.1017015E+00  0.4559792E+01
Si  0.1951486E+02  0.1153651E+02  0.1011469E+02
Si  0.3709791E+02  0.1152627E+02  0.1575983E+01
Si  0.2264702E+02  0.1342531E+02  0.1442233E+02
Si  0.2661913E+02  0.1718467E+02  0.1466396E+01
Si  0.4338726E+02  0.1312319E+02  0.1651577E+02
Si  0.1866201E+02  0.1091559E+02  0.1363971E+02
Si  0.3851744E+02  0.5446301E+01  0.1131027E+01
Si  0.3599101E+02  0.3629515E+01  0.9321862E+01
Si  0.4000386E+02  0.3599159E+01  0.1639540E+02
Si  0.2495274E+02  0.1101137E+02  0.1070289E+02
Si  0.3334618E+02  0.6167921E+01  0.1181372E+02
Si  0.4183875E+02  0.1763144E+02  0.1648884E+02
Si  0.3030995E+02  0.6001959E+01  0.1979187E+02
Si  0.3519640E+02  0.4213090E+01  0.4395010E+00
Si  0.2769829E+02  0.3636708E+01  0.6739945E+01
Si  0.2191356E+02  0.1226496E+02  0.3657572E+01
Si  0.4177167E+02  0.1636388E+01  0.8140621E+01
Si  0.2811425E+02  0.1899700E+02  0.1212211E+02
Si  0.3080345E+02  0.1026997E+02  0.2078179E+01
Si  0.2848492E+02  0.3008827E+01  0.1052717E+02
Si  0.4869176E+02  0.5905194E+01  0.1803016E+02
Si  0.3017752E+02  0.1961232E+02  0.2130911E+02
Si  0.2495929E+02  0.1301605E+02  0.1948331E+02
Si  0.2514417E+02  0.6625163E+01  0.7376500E+01
Si  0.2952955E+02  0.3572762E+01  0.2980906E+01
Si  0.3557926E+02  0.5217020E+01  0.1116648E+02
Si  0.2912930E+02  0.1716542E+02  0.8107784E+01
Si  0.2595146E+02  0.1997715E+02  0.1188694E+02
Si  0.3221889E+02  0.1661216E+02  0.1676812E+02
Si  0.3771527E+02  0.6022692E+01  0.3488237E+01
Si  0.3595114E+02  0.2019617E+02  0.5721753E+00
Si  0.2046242E+02  0.1272952E+02  0.1969224E+02
Si  0.4055939E+02  0.1396303E+02  0.9734137E+01
Si  0.3049893E+02  0.3307504E+00  0.8233691E+01
Si  0.4188129E+02  0.3705546E+01  0.4981363E+01
Si  0.2869776E+02  0.2025230E+02  0.1802581E+02
Si  0.4178734E+02  0.1003494E+02  0.2097499E+02
Si  0.3190210E+02  0.3860416E+01  0.2714050E+01
Si  0.2576888E+02  0.7211343E+01  0.3100460E+01
Si  0.3880216E+02  0.1793168E+02  0.6886737E+00
Si  0.2807696E+02  0.1253709E+02  0.1917326E+02
Si  0.4678038E+02  0.6833564E+01  0.1016775E+02
Si  0.1406374E+02  0.1760834E+02  0.1659740E+02
Si  0.3182239E+02  0.1485543E+02  0.1292658E+02
Si  0.3409208E+02  0.1376978E+02  0.5756339E+01
Si  0.1570686E+02  0.1336172E+02  0.2897062E+01
Si  0.1859771E+02  0.7338599E+01  0.1770632E+02
Si  0.2566056E+02  0.4014015E+01  0.8155406E+01
Si  0.3056640E+02  0.1304910E+02  0.1966194E+02
Si  0.2886440E+02  0.8901560E+01  0.2762481E+00
Si  0.4181172E+02  0.1176469E+02  0.1830518E+02
Si  0.2631952E+02  0.1935711E+02  0.6890387E+00
Si  0.3497115E+02  0.5296859E+01  0.8109801E+01
Si  0.3229221E+02  0.1144998E+02  0.1737191E+02
Si  0.3051792E+02  0.1569076E+02  0.1927270E+02
Si  0.1974268E+02  0.1473667E+01  0.1304800E+02
Si  0.3320453E+02  0.4367674E+01  0.1570761E+02
Si  0.3962266E+02  0.5229769E+00  0.1606597E+02
Si  0.4161221E+02  0.1241036E+02  0.3930128E+01
Si  0.3541314E+02  0.1650133E+01  0.1406329E+02
Si  0.4033938E+02  0.1582775E+02  0.3395133E+01
Si  0.2486588E+02  0.1163218E+02  0.6891155E+01
Si  0.2595017E+02  0.2655163E+01  0.1014778E+02
Si  0.3087783E+02  0.1640071E+02  0.9954408E+01
Si  0.3414478E+02  0.1287699E+02  0.1781970E+02
Si  0.3322322E+02  0.6853559E+01  0.8407856E+01
Si  0.2562162E+02  0.1256421E+02  0.8950570E+01
Si  0.3648536E+02  0.1294240E+02  0.2067591E+02
Si  0.3262561E+02  0.3694384E+01  0.1200906E+02
Si  0.4195708E+02  0.2730128E+01  0.7082206E+00
Si  0.3051489E+02  0.6318677E+01  0.1003509E+01
Si  0.3291798E+02  0.2011647E+02  0.7157053E+01
Si  0.4415855E+02  0.8221566E+01  0.1220033E+00
Si  0.3955389E+02  0.2122744E+02  0.2073165E+02
Si  0.4100463E+02  0.2152070E+02  0.1908769E+02
Si  0.1956877E+02  0.4032629E+01  0.2079270E+02
Si  0.2833477E+02  0.1489954E+02  0.4238195E+01
Si  0.3950827E+02  0.1353739E+00  0.1114976E+02
Si  0.2070428E+02  0.1044893E+02  0.1435718E+01
Si  0.2517371E+02  0.1602525E+02  0.1092253E+02
Si  0.3521181E+02  0.9834401E+01  0.1892486E+01
Si  0.2377823E+02  0.9656300E+01  0.1063115E+01
Si  0.2769359E+02  0.1086265E+02  0.1732694E+02
Si  0.2051285E+02  0.5050057E+01  0.1163182E+02
Si  0.3444554E+02  0.8964262E+01  0.8281464E+01
Si  0.2950804E+02  0.1543634E+02  0.1180616E+02
Si  0.3637440E+02  0.4785648E+01  0.1325984E+02
Si  0.3829930E+02  0.5692210E+01  0.1197789E+02
Si  0.3933654E+02  0.5909026E+01  0.1415652E+02
Si  0.2727142E+02  0.8772869E+01  0.7052385E+01
Si  0.3233864E+02  0.1133813E+02  0.1389958E+02
Si  0.4670864E+02  0.8973026E+01  0.2083774E+00
Si  0.3358425E+02  0.6991854E+01  0.1419550E+02
Si  0.3379179E+02  0.2875414E+01  0.9994327E+01
Si  0.3877059E+02  0.1083120E+02  0.1798258E+02
Si  0.2959546E+02  0.2147178E+02  0.1273859E+02
Si  0.3911913E+02  0.1439594E+01  0.3265818E+01
Si  0.2269116E+02  0.6885473E+01  0.2054101E+02
Si  0.3857718E+02  0.1857391E+02  0.2013261E+02
Si  0.4277877E+02  0.1087666E+01  0.4134610E+01
Si  0.2524618E+02  0.9312608E+01  0.4338968E+01
Si  0.3298969E+02  0.1560523E+00  0.1302672E+02
Si  0.1773796E+02  0.8389081E+00  0.1971923E+02
Si  0.4142159E+02  0.9061101E-01  0.1416408E+02
Si  0.1741782E+02  0.1322467E+02  0.1757486E+02
Si  0.2858493E+02  0.5488572E+01  0.1523941E+01
Si  0.3569132E+02  0.7147762E+01  0.4303847E+01
Si  0.3208827E+02  0.1523785E+02  0.3279734E+01
Si  0.1451927E+02  0.2005392E+02  0.9501548E+01
Si  0.3575432E+02  0.1634918E+01  0.1073024E+02
Si  0.2375514E+02  0.1151600E+02  0.2117350E+02
Si  0.2289957E+02  0.9201741E+00  0.1499794E+02
Si  0.2380547E+02  0.4183932E+01  0.2158776E+02
Si  0.3707141E+02  0.1710836E+02  0.1206799E+02
Si  0.4572824E+02  0.1887785E+02  0.1870209E+02
Si  0.2100690E+02  0.7965368E+01  0.1481867E+02
Si  0.2144043E+02  0.1921240E+01  0.2924466E+01
Si  0.3753574E+02  0.5296921E+01  0.1764843E+02
Si  0.2483266E+02  0.1370983E+02  0.1589600E+02
Si  0.3312545E+02  0.7607547E+01  0.4696735E+01
Si  0.2212447E+02  0.8649188E+01  0.9580756E+01
Si  0.3831689E+02  0.7791893E+00  0.6933943E+01
Si  0.2517308E+02  0.3335297E+01  0.1308053E+02
Si  0.2679855E+02  0.1706777E+02  0.7052974E+01
Si  0.2614221E+02  0.3741409E-01  0.7058783E+01
Si  0.4597926E+02  0.3693953E+01  0.9524739E+01
Si  0.3525417E+02  0.5183079E+01  0.5637462E+01
Si  0.3426251E+02  0.1575045E+02  0.1579979E+02
Si  0.2472786E+02  0.1557152E+02  0.1891275E+02
Si  0.3130522E+02  0.1068149E+02  0.2140902E+02
Si  0.3802109E+02  0.7839005E+01  0.1608596E+01
Si  0.2450951E+02  0.1921374E+01  0.1406915E+00
Si  0.1773776E+02  0.3709096E+01  0.1568729E+02
Si  0.4026645E+02  0.2010300E+02  0.1534366E+02
Si  0.1431988E+02  0.1668612E+02  0.7678230E+01
Si  0.3043017E+02  0.1030401E+02  0.1214152E+02
Si  0.3751994E+02  0.1035159E+02  0.9611858E+01
Si  0.4199315E+02  0.3857538E+01  0.7259676E+01
Si  0.3826702E+02  0.1498263E+02  0.1469346E+02
Si  0.3177203E+02  0.6339432E+01  0.6546736E+01
Si  0.3708417E+02  0.1234949E+02  0.3730634E+01
Si  0.2619756E+02  0.1420315E+02  0.3079276E+01
Si  0.2993911E+02  0.1656456E+02  0.1605909E+02
Si  0.3080496E+02  0.1383782E+00  0.4197391E+01
Si  0.4977340E+02  0.1786337E+02  0.1840059E+01
Si  0.3176639E+02  0.1551419E+02  0.6212971E+00
Si  0.2909517E+02  0.1964862E+02  0.7596100E+01
Si  0.2894546E+02  0.9744909E+01  0.5529745E+01
Si  0.4402023E+02  0.9946162E+01  0.2776979E+01
Si  0.2899328E+02  0.1777587E+02  0.5738166E+01
Si  0.3400067E+02  0.9491561E+01  0.6005102E+01
Si  0.2364194E+02  0.4871647E+01  0.1567249E+02
Si  0.3202551E+02  0.6350745E+01  0.2981474E+01
Si  0.3290152E+02  0.1629448E+02  0.1143474E+02
Si  0.3545868E+02  0.1485730E+02  0.1225668E+01
Si  0.3383150E+02  0.1476037E+02  0.2104887E+02
Si  0.3167697E+02  0.2108040E+02  0.2025016E+02
Si  0.2804011E+02  0.2158543E+02  0.8771815E+01
Si  0.3390957E+02  0.9528472E+01  0.1447560E+02
Si  0.2669580E+02  0.2294100E+01  0.1387009E+01
Si  0.3725816E+02  0.1671075E+02  0.1569314E+02
Si  0.2815225E+02  0.8505964E+01  0.1663553E+02
Si  0.2124554E+02  0.4487300E+00  0.5697357E+01
Si  0.2891351E+02  0.2921316E+01  0.1805579E+02
Si  0.3821912E+02  0.8657508E+01  0.1724428E+02
Si  0.2809712E+02  0.6710786E+01  0.3589134E+01
Si  0.3279227E+02  0.4017992E+01  0.8278444E+01
Si  0.2718750E+02  0.1828657E+02  0.1418103E+02
Si  0.2902528E+02  0.8838114E+01  0.2931727E+01
Si  0.2496476E+02  0.1289301E+02  0.1281520E+01
Si  0.2756216E+02  0.1233045E+02  0.3175016E+01
Si  0.2061489E+02  0.1455880E+02  0.1420416E+02
Si  0.2708259E+02  0.1659999E+02  0.1170497E+02
Si  0.2480757E+02  0.1612100E+02  0.2729586E+01
Si  0.4555101E+02  0.1184302E+02  0.1692861E+02
Si  0.2721141E+02  0.5616953E+01  0.2125284E+02
Si  0.3167982E+02  0.1324730E+02  0.7967248E+01
Si  0.3304842E+02  0.1281920E+02  0.2001940E+02
Si  0.3341348E+02  0.4331123E+01  0.1948241E+02
Si  0.3053520E+02  0.3251278E+01  0.9238045E+01
Si  0.2022803E+02  0.1602004E+02  0.1082854E+02
Si  0.4486520E+02  0.6480070E+01  0.1571491E+02
Si  0.3607587E+02  0.7948911E+00  0.2135653E+00
Si  0.4717324E+02  0.1031214E+02  0.1568881E+02
Si  0.2748618E+02  0.1399661E+02  0.1192569E+02
Si  0.4479837E+02  0.1981834E+02  0.7868368E+01
Si  0.3128269E+02  0.1975732E+02  0.8962682E+01
Si  0.4059023E+02  0.1311306E+02  0.2000205E+02
Si  0.4633013E+02  0.2117283E+02  0.2154256E+02
Si  0.3819328E+02  0.4794342E+01  0.6346905E+01
Si  0.3502120E+02  0.1020165E+02  0.1892235E+02
Si  0.3941826E+02  0.1561009E+02  0.3287857E+00
Si  0.3310650E+02  0.2115304E+02  0.1836359E+02
Si  0.2521675E+02  0.1756333E+01  0.1486264E+02
Si  0.2788024E+02  0.1667431E+02  0.1702160E+02
Si  0.3025613E+02  0.1387900E+02  0.3275582E+01
Si  0.3027005E+02  0.1253494E+02  0.1509489E+02
Si  0.3716269E+02  0.4496012E+00  0.1682898E+02
Si  0.3962378E+02  0.2157865E+02  0.5074485E+01
Si  0.3842243E+02  0.6905664E+01  0.1907877E+02
Si  0.2244645E+02  0.1822269E+02  0.1405537E+02
Si  0.3358261E+02  0.1361086E+02  0.2023995E+01
Si  0.2712771E+02  0.2000366E+02  0.3114644E+01
Si  0.2795422E+02  0.8291144E+01  0.1062606E+02
Si  0.1677545E+02  0.2138692E+02  0.1479678E+02
Si  0.3315362E+02  0.1751083E+02  0.6777827E+01
Si  0.1774689E+02  0.3265057E+01  0.5277018E+01
Si  0.1977616E+02  0.1082680E+02  0.7745915E+01
Si  0.1473926E+02  0.1821521E+02  0.5240708E+01
Si  0.3240034E+02  0.1170898E+02  0.1157122E+02
Si  0.3461153E+02  0.1241783E+02  0.3742126E+01
Si  0.2989313E+02  0.1511002E+02  0.7081831E+01
Si  0.2865499E+02  0.4967109E+00  0.1463904E+02
Si  0.2603611E+02  0.1180406E+02  0.4812147E+01
Si  0.3552982E+02  0.1679147E+02  0.7676362E+01
Si  0.2571919E+02  0.1412725E+02  0.1378369E+02
Si  0.2887443E+02  0.2882895E+01  0.1437924E+02
Si  0.3394505E+02  0.1821967E+02  0.2982361E+01
Si  0.3005816E+02  0.8137649E+01  0.1162378E+02
Si  0.2706515E+02  0.1380540E+02  0.5924932E+01
Si  0.2122339E+02  0.1720641E+02  0.1783894E+02
Si  0.3720748E+02  0.2529963E+01  0.1242445E+02
Si  0.4202182E+02  0.6554078E+01  0.1844618E+02
Si  0.3738913E+02  0.1806277E+02  0.3674575E+01
Si  0.2712189E+02  0.1113642E+02  0.1451391E+01
Si  0.3478113E+02  0.1172481E+02  0.1173816E+02
Si  0.2316266E+02  0.1287365E+02  0.1787835E+02
Si  0.2981180E+02  0.1495749E+02  0.1427994E+02
Si  0.1877176E+02  0.1887817E+02  0.2058979E+02
Si  0.3112378E+02  0.2937744E+01  0.1333221E+02
Si  0.3643893E+02  0.1143386E+02  0.1717763E+02
Si  0.2717759E+02  0.4428456E+01  0.3890103E+01
Si  0.3118549E+02  0.1098869E+01  0.1185456E+02
Si  0.4464289E+02  0.1164535E+01  0.1396578E+02
Si  0.3304417E+02  0.2488466E+01  0.6296884E+01
Si  0.4309679E+02  0.2079361E+02  0.2149058E+02
Si  0.2326826E+02  0.1754175E+02  0.1177469E+02
Si  0.2837900E+02  0.5310949E+00  0.4211342E+01
Si  0.2395666E+02  0.4016917E+01  0.4440295E+01
Si  0.4079152E+02  0.1405645E+02  0.1483071E+02
Si  0.3675349E+02  0.8960206E+01  0.1131942E+02
Si  0.3427836E+02  0.2019349E+02  0.5077381E+01
Si  0.2012699E+02  0.1134699E+02  0.5144661E+01
Si  0.2164475E+02  0.6074507E+01  0.9644665E+01
Si  0.4170463E+02  0.6767780E+01  0.3875656E+01
Si  0.2223279E+02  0.1551514E+02  0.9320111E+01
Si  0.3205879E+02  0.1303012E+01  0.9855817E+01
Si  0.4319772E+02  0.1330691E+02  0.2116278E+02
Si  0.3572059E+02  0.1092995E+02  0.1394037E+02
Si  0.2375552E+02  0.1981533E+02  0.1858343E+02
Si  0.3768919E+02  0.1273570E+02  0.1550376E+02
Si  0.2674910E+02  0.4156592E+00  0.1624186E+02
Si  0.2149541E+02  0.2141998E+02  0.9935541E+01
Si  0.4119152E+02  0.1091941E+02  0.7820256E+01
Si  0.2496356E+02  0.7118845E+01  0.1379535E+02
Si  0.4364218E+02  0.3239128E+01  0.1479783E+02
Si  0.4539409E+02  0.1790585E+02  0.2097115E+02
Si  0.4258020E+02  0.6165641E+01  0.1497757E+02
Si  0.3476295E+02  0.4390249E+01  0.1745155E+02
Si  0.4068610E+02  0.6330842E+01  0.1465406E+01
Si  0.3154025E+02  0.2000184E+02  0.1291708E+02
Si  0.4264067E+02  0.7959349E+01  0.2020485E+02
Si  0.3328278E+02  0.2367716E+01  0.1716422E+02
Si  0.3327816E+02  0.1922467E+02  0.1450586E+02
Si  0.1649203E+02  0.1501471E+02  0.1899543E+02
Si  0.2062681E+02  0.8688697E+01  0.1729635E+02
Si  0.2829432E+02  0.1711142E+02  0.3485773E+01
Si  0.3430104E+02  0.2075836E+01  0.1254127E+01
Si  0.2373318E+02  0.1451902E+02  0.1219457E+02
Si  0.4705040E+02  0.6942671E+01  0.7600819E+01
Si  0.2173688E+02  0.7482240E+01  0.2000488E+01
Si  0.2055177E+02  0.1678628E+02  0.2692273E+01
Si  0.3806230E+02  0.1456579E+02  0.2033016E+01
Si  0.2925520E+02  0.1212599E+02  0.1927366E+00
Si  0.4137180E+02  0.3915723E+01  0.1839110E+02
Si  0.2537704E+02  0.5781383E+01  0.5087502E+01
Si  0.2114795E+02  0.2033655E+02  0.3791609E+01
Si  0.1718795E+02  0.5973924E+00  0.2868483E+01
Si  0.2160816E+02  0.4226721E+01  0.8251557E+01
Si  0.2360817E+02  0.2108007E+02  0.4686322E+01
Si  0.3681377E+02  0.1703520E+02  0.1813211E+02
Si  0.3055307E+02  0.1906391E+02  0.1876614E+02
Si  0.3664289E+02  0.8567038E+01  0.1916998E+02
Si  0.4539225E+02  0.4405526E+01  0.1630893E+02
Si  0.1760133E+02  0.4026788E+01  0.9692137E+00
Si  0.2041544E+02  0.5494297E+01  0.1395947E+01
Si  0.2892846E+02  0.1045651E+01  0.2133383E+02
Si  0.3099784E+02  0.2137294E+01  0.1798651E+02
Si  0.3742332E+02  0.1523117E+02  0.7864239E+01
Si  0.3340080E+02  0.5968805E+01  0.1035345E+01
Si  0.2982155E+02  0.6671391E+01  0.1587967E+02
Si  0.1573607E+02  0.1803534E+02  0.1846899E+02
Si  0.3544775E+02  0.1701087E+02  0.1505834E+01
Si  0.4601538E+02  0.1129498E+02  0.1918373E+02
Si  0.3197392E+02  0.7802417E+01  0.1047694E+02
Si  0.3051458E+02  0.1744363E+02  0.7061223E+00
Si  0.4904535E+02  0.2037975E+01  0.8705724E+01
Si  0.4143033E+02  0.2127053E+02  0.6496118E+01
Si  0.4745477E+02  0.3998361E+01  0.1751378E+02
Si  0.3879714E+02  0.2229132E+01  0.1448273E+02
Si  0.2854790E+02  0.4878404E+01  0.8780203E+01
Si  0.2779616E+02  0.1145126E+02  0.9348087E+01
Si  0.4349941E+02  0.2140042E+02  0.1548006E+02
Si  0.4245258E+02  0.1668694E+01  0.1848123E+02
Si  0.4090653E+02  0.1699428E+02  0.1226330E+02
Si  0.3559081E+02  0.2311271E+01  0.1622152E+02
Si  0.3903888E+02  0.9179300E+01  0.4957431E+01
Si  0.2043337E+02  0.1787720E+02  0.1550278E+02
Si  0.4148611E+02  0.8644203E+01  0.7439043E+01
Si  0.2851004E+02  0.4708920E+01  0.1962537E+02
Si  0.3102199E+02  0.2008356E+02  0.1651905E+02
Si  0.3463453E+02  0.7157789E+01  0.1996550E+02
Si  0.2701672E+02  0.9026680E+01  0.1844874E+01
Si  0.2759428E+02  0.6296045E+01  0.7057701E+01
Si  0.4028046E+02  0.1042520E+02  0.1383828E+02
Si  0.3562607E+02  0.2091601E+02  0.1821012E+02
Si  0.3676195E+02  0.1923083E+02  0.6981374E+01
Si  0.3230443E+02  0.1360545E+02  0.1632675E+02
Si  0.3198237E+02  0.4015882E+00  0.6271099E+01
Si  0.2798621E+02  0.2142680E+02  0.1114127E+02
Si  0.3575254E+02  0.1029515E+02  0.4314134E+01
Si  0.3237499E+02  0.1590790E+01  0.1492437E+02
Si  0.2271478E+02  0.2474800E+01  0.1811393E+02
Si  0.2785405E+02  0.1885675E+02  0.2060592E+02
Si  0.2872805E+02  0.1304356E+02  0.7355238E+01
Si  0.4193327E+02  0.1191293E+02  0.6975658E+00
Si  0.4278199E+02  0.1434979E+02  0.1293435E+02
Si  0.3567370E+02  0.1707316E+02  0.1406927E+02
Si  0.2332675E+02  0.1659802E+02  0.2073909E+02
Si  0.4362861E+02  0.2155218E+01  0.2053469E+02
Si  0.3348473E+02  0.6147672E+01  0.1798670E+02
Si  0.4427029E+02  0.8193784E+01  0.1848567E+02
Si  0.3811433E+02  0.1484462E+01  0.2073384E+02
Si  0.2631165E+02  0.1477390E+02  0.1733353E+02
Si  0.3460151E+02  0.1136599E+02  0.2111063E+02
Si  0.2143865E+02  0.1603531E+02  0.7098090E+01
Si  0.2469666E+02  0.6964078E+01  0.1652779E+02
Si  0.3548435E+02  0.1476963E+02  0.9196101E+01
Si  0.2192247E+02  0.2045391E+02  0.3955308E+00
Si  0.2083351E+02  0.1930393E+02  0.1086478E+02
Si  0.4008994E+02  0.1811045E+02  0.1836795E+02
Si  0.2059793E+02  0.2652147E+01  0.1687016E+02
Si  0.3576110E+02  0.5324960E+01  0.2022051E+02
Si  0.4120069E+02  0.1927507E+02  0.1288942E+02
Si  0.3768317E+02  0.8490980E+01  0.8118558E+01
Si  0.3322552E+02  0.2123993E+02  0.1595169E+02
Si  0.3004301E+02  0.1044109E+02  0.1629053E+02
Si  0.2681060E+02  0.1429295E+02  0.1963984E+02
Si  0.2471380E+02  0.1846622E+02  0.1341942E+02
Si  0.4060456E+02  0.6248975E+01  0.1633197E+02
Si  0.3684810E+02  0.7036003E+01  0.9827583E+01
Si  0.2890433E+02  0.2033942E+01  0.7985479E+01
Si  0.3667312E+02  0.1354622E+02  0.1836157E+02
Si  0.4741781E+02  0.1328412E+02  0.1646080E+02
Si  0.3768656E+02  0.2055039E+02  0.8579122E+01
Si  0.1897773E+02  0.2132138E+02  0.2137219E+02
Si  0.4459282E+02  0.1323191E+02  0.8597354E+01
Si  0.3419180E+02  0.3615483E+01  0.1364679E+02
Si  0.2723032E+02  0.1060094E+02  0.1265021E+02
Si  0.3262955E+02  0.1703113E+02  0.1876259E+02
Si  0.3501799E+02  0.1991364E+02  0.8773927E+01
Si  0.3610100E+02  0.8263129E+01  0.6486928E+01
Si  0.2488387E+02  0.1050731E+02  0.1467742E+02
Si  0.2891484E+02  0.1874007E+02  0.1604753E+02
Si  0.3283085E+02  0.1763295E+02  0.2164152E+02
Si  0.2264273E+02  0.7730729E+01  0.1829895E+02
Si  0.2635196E+02  0.9359400E+01  0.9139639E+01
Si  0.2540018E+02  0.1191767E+02  0.1275082E+02
Si  0.2302011E+02  0.1981168E+02  0.8461791E+01
Si  0.3081498E+02  0.1022552E+02  0.1883098E+02
Si  0.4119243E+02  0.4309523E+00  0.5490625E+00
Si  0.2878434E+02  0.1498635E+01  0.2053944E+01
Si  0.3338313E+02  0.9738231E+01  0.1072908E+02
Si  0.3917898E+02  0.1010590E+02  0.1964342E+01
Si  0.3753019E+02  0.3327367E+01  0.7438195E+00
Si  0.4128806E+02  0.7071889E+01  0.1294910E+02
Si  0.3771607E+02  0.1974014E+02  0.1856245E+01
Si  0.2261581E+02  0.1756782E+02  0.5623204E+01
Si  0.3353409E+02  0.1912866E+02  0.1974659E+02
Si  0.3106845E+02  0.1614962E+01  0.2045770E+02
Si  0.4286823E+02  0.4691679E+01  0.1316027E+02
Si  0.1882398E+02  0.1637125E+02  0.1428891E+02
Si  0.3212792E+02  0.2686114E+01  0.6942503E+00
Si  0.4517134E+02  0.3501942E+01  0.2880815E+01
Si  0.3417944E+02  0.2917727E+01  0.3258351E+01
Si  0.2566996E+02  0.3820759E+00  0.1065454E+02
Si  0.3657378E+02  0.1911503E+02  0.1678193E+02
Si  0.3899882E+02  0.9287912E+00  0.1849889E+02
Si  0.3619715E+02  0.3453295E+01  0.4481101E+01
Si  0.2601947E+02  0.1950533E+02  0.7813914E+01
Si  0.3615204E+02  0.1241354E+02  0.9557294E+01
Si  0.2445753E+02  0.1703164E+00  0.8541521E+01
Si  0.1716777E+02  0.9318767E+01  0.1266619E+01
Si  0.2229979E+02  0.1462513E+02  0.1872069E+02
Si  0.2656223E+02  0.1829066E+02  0.4827852E+01
Si  0.3801969E+02  0.1062947E+02  0.1432398E+02
Si  0.2235776E+02  0.3949752E+01  0.1653519E+01
Si  0.2001477E+02  0.1917627E+02  0.1844205E+02
Si  0.3536434E+02  0.1334258E+02  0.1307820E+02
Si  0.4296414E+02  0.8115101E+01  0.2114227E+01
Si  0.4440554E+02  0.5857456E+01  0.2138468E+02
Si  0.2976394E+02  0.1151940E+02  0.3913672E+01
Si  0.4275896E+02  0.3118363E+01  0.2894797E+01
Si  0.2312613E+02  0.1013684E+02  0.3379170E+01
Si  0.3702308E+02  0.4840551E+00  0.2475992E+01
Si  0.3831952E+02  0.8024112E+01  0.1477774E+02
Si  0.3144525E+02  0.1374739E+02  0.5537831E+01
Si  0.3516998E+02  0.1762343E+01  0.5769752E+01
Si  0.1804010E+02  0.2353266E+01  0.7425880E+01
Si  0.2069756E+02  0.4293551E+01  0.1507922E+02
Si  0.3186430E+02  0.4350385E+01  0.5311487E+01
Si  0.1934375E+02  0.2081353E+02  0.6260457E+01
Si  0.1946937E+02  0.1405224E+02  0.1819886E+02
Si  0.2369033E+02  0.1057679E+01  0.2086551E+01
Si  0.2315720E+02  0.1766284E+02  0.9215022E+01
Si  0.2270943E+02  0.1266067E+01  0.7225792E+01
Si  0.3566477E+02  0.2113542E+02  0.1103269E+02
Si  0.3740390E+02  0.1958824E+02  0.1203991E+02
Si  0.2730501E+02  0.1586818E+02  0.1381762E+02
Si  0.2985454E+02  0.8390434E+01  0.1399030E+02
Si  0.3935052E+02  0.1152089E+02  0.3902707E+01
Si  0.3985628E+02  0.1079062E+02  0.1003313E+02
Si  0.4249873E+02  0.7526700E+01  0.1094393E+02
Si  0.3978500E+02  0.7045513E+01  0.8049217E+01
Si  0.3177487E+02  0.4805613E+01  0.2135445E+02
Si  0.2420120E+02  0.6590700E+01  0.1398777E+01
Si  0.4334282E+02  0.1161998E+02  0.7088048E+01
Si  0.4944421E+02  0.2342619E+01  0.2596392E+01
Si  0.3104510E+02  0.8250959E+01  0.2063537E+02
Si  0.3049018E+02  0.7415111E+00  0.1617072E+02
Si  0.3675776E+02  0.2141672E+02  0.1477677E+02
Si  0.1603765E+02  0.5035387E+00  0.2112716E+02
Si  0.3302498E+02  0.1088074E+02  0.7934206E+01
Si  0.2937101E+02  0.1099328E+02  0.7578251E+01
Si  0.2372320E+02  0.1292053E+02  0.4870799E+01
Si  0.2518610E+02  0.1886904E+02  0.9860009E+01
Si  0.1780870E+02  0.2153167E+02  0.7945641E+01
Si  0.3145927E+02  0.4603811E+01  0.1817918E+02
Si  0.2556137E+02  0.4182480E+00  0.1854474E+02
Si  0.2533255E+02  0.2307719E+01  0.3410556E+01
Si  0.3923118E+02  0.1113719E+02  0.6342980E+01
Si  0.3596066E+02  0.1530838E+02  0.1994828E+02
Si  0.4055628E+02  0.5602912E+01  0.2013799E+02
Si  0.2629719E+02  0.8399559E+01  0.1220628E+02
Si  0.5086597E+02  0.1465263E+02  0.9589096E+00
Si  0.2303071E+02  0.2028313E+02  0.1464790E+02
Si  0.2734910E+02  0.1345044E+02  0.1224682E+00
Si  0.4506329E+02  0.5958723E+01  0.1330904E+02
Si  0.3825424E+02  0.1598610E+02  0.3856203E+01
Si  0.2274039E+02  0.1061460E+02  0.1116671E+02
Si  0.3824275E+02  0.5231576E+01  0.8800544E+01
Si  0.2082444E+02  0.4875844E+01  0.1880877E+02
Si  0.3627734E+02  0.7827235E+01  0.2160003E+02
Si  0.3501012E+02  0.2036366E+02  0.1321157E+02
Si  0.4463235E+02  0.4198817E+01  0.1973064E+02
Si  0.4277441E+02  0.1543654E+02  0.1575619E+02
Si  0.3319347E+02  0.1356179E+02  0.1416085E+02
Si  0.4408381E+02  0.1221624E+01  0.1146682E+02
Si  0.4356357E+02  0.1044874E+02  0.1936915E+02
Si  0.3115883E+02  0.5630700E+00  0.1669442E+01
Si  0.1587356E+02  0.5628084E+01  0.1255724E+02
Si  0.3761968E+02  0.1359872E+02  0.1258705E+02
Si  0.3110496E+02  0.1137787E+02  0.9459424E+01
Si  0.2539133E+02  0.1509687E+02  0.7022220E+01
Si  0.3189389E+02  0.1855113E+02  0.1114214E+02
Si  0.3939530E+02  0.1884626E+02  0.8754612E+01
Si  0.4161930E+02  0.1121548E+01  0.1204788E+02
Si  0.2966499E+02  0.8110114E+01  0.1872511E+02
Si  0.1991923E+02  0.2664544E+01  0.4746422E+01
Si  0.3847087E+02  0.7226028E+01  0.6145055E+01
Si  0.3655464E+02  0.2143138E+02  0.4743048E+01
Si  0.2388271E+02  0.2190132E+01  0.1131327E+02
Si  0.2317268E+02  0.5298373E+01  0.1810612E+02
Si  0.3452940E+02  0.8371784E+01  0.1225883E+02
Si  0.2602559E+02  0.2986175E-01  0.5733333E+00
Si  0.3321197E+02  0.1676143E+02  0.1392059E+02
Si  0.2446624E+02  0.1510900E+02  0.5963009E+00
Si  0.2761930E+02  0.7917916E+01  0.2036599E+02
Si  0.4153197E+02  0.9014457E+01  0.4918106E+01
Si  0.2496648E+02  0.9217919E+01  0.6776597E+01
Si  0.2047427E+02  0.1283469E+02  0.1660049E+01
Si  0.3793441E+02  0.3459690E+00  0.1292082E+02
Si  0.3519808E+02  0.1806638E+02  0.2132117E+02
Si  0.3880245E+02  0.1246910E+02  0.2151845E+02
Si  0.3399935E+02  0.1007325E+02  0.1680617E+02
Si  0.3481989E+02  0.1590631E+02  0.5586719E+01
Si  0.2336755E+02  0.1883955E+02  0.2070731E+02
Si  0.3885939E+02  0.1568950E+02  0.1229752E+02
Si  0.4973509E+02  0.1298394E+02  0.1714868E+02
Si  0.4136403E+02  0.5498164E+01  0.8861424E+01
Si  0.3973053E+02  0.4731909E+01  0.4560967E+01
Si  0.3990318E+02  0.1076611E+02  0.2004844E+02
Si  0.4643399E+02  0.3962286E+01  0.1380256E+02
Si  0.4301610E+02  0.5763640E+01  0.5786189E+01
Si  0.4618070E+02  0.1926958E+02  0.1116896E+01
Si  0.4218540E+02  0.4776110E+01  0.2004220E+00
Si  0.4673037E+02  0.2275333E+01  0.1530551E+01
Si  0.4745717E+02  0.1222983E+01  0.4895341E+01
Si  0.5297862E+02  0.1384919E+01  0.5346759E+01
Si  0.4476186E+02  0.2102662E+02  0.2234515E+01
Si  0.4342601E+02  0.4930489E+01  0.1764103E+02
Si  0.5139029E+02  0.2850571E+01  0.1356336E+01
Si  0.4702134E+02  0.1760642E+02  0.6660018E+01
Si  0.5103198E+02  0.7314439E+01  0.2583199E+01
Si  0.4868029E+02  0.2155119E+02  0.5817639E+00
Si  0.5263709E+02  0.4224379E+01  0.2686680E+01
Si  0.5076919E+02  0.5039279E+00  0.4300595E+01
Si  0.4670413E+02  0.1938920E+02  0.4983422E+01
Si  0.5397037E+02  0.2166037E+02  0.1183875E+01
Si  0.5698033E+02  0.2354530E+01  0.1035370E+01
Si  0.5707969E+02  0.2125229E+02  0.3557167E+01
Si  0.5409039E+02  0.2744752E+01  0.3823144E+01
Si  0.5555150E+02  0.1164602E+01  0.2522489E+01
Si  0.5836980E+02  0.3690400E+01  0.2205217E+01
Si  0.5823829E+02  0.7623643E+00  0.4963253E+01
Si  0.5569812E+02  0.3876371E+01  0.4861752E+01
Si  0.5961652E+02  0.2167060E+02  0.7876158E+00
Si  0.6254270E+02  0.2304688E+01  0.1114049E+01
Si  0.6218455E+02  0.2156376E+02  0.3738896E+01
Si  0.5953239E+02  0.2362946E+01  0.3789233E+01
Si  0.6087392E+02  0.1137703E+01  0.2189535E+01
Si  0.6362029E+02  0.3607489E+01  0.2450697E+01
Si  0.6360052E+02  0.8865424E+00  0.5079028E+01
Si  0.6076978E+02  0.3760485E+01  0.5056473E+01
Si  0.3766738E+02  0.3406680E+01  0.1614958E+02
Si  0.4679518E+02  0.1555382E+02  0.5511592E+01
Si  0.4878702E+02  0.9178119E+01  0.2082108E+02
Si  0.4375489E+02  0.1509657E+02  0.5390491E+01
Si  0.4763684E+02  0.9474990E+01  0.1893606E+02
Si  0.4602691E+02  0.1086394E+02  0.1382670E+01
Si  0.4635506E+02  0.7338860E+01  0.5542342E+01
Si  0.3203785E+02  0.1561975E+02  0.7939507E+01
Si  0.4874314E+02  0.4496038E+01  0.3756241E+01
Si  0.5115584E+02  0.6689363E+01  0.4397557E+00
Si  0.5115419E+02  0.5418573E+01  0.4135413E+01
Si  0.4924918E+02  0.9993786E+01  0.6488525E+01
Si  0.4720357E+02  0.3546177E+01  0.5437915E+01
Si  0.5302641E+02  0.8574051E+01  0.2285850E+01
Si  0.5312214E+02  0.6334381E+01  0.5331347E+01
Si  0.5015181E+02  0.8708522E+01  0.4469783E+01
Si  0.5428838E+02  0.5104244E+01  0.1424372E+01
Si  0.5699246E+02  0.7621723E+01  0.8804166E+00
Si  0.5718997E+02  0.5201348E+01  0.3580137E+01
Si  0.5447634E+02  0.7566673E+01  0.4195710E+01
Si  0.5565717E+02  0.6544025E+01  0.2443789E+01
Si  0.5816887E+02  0.8810975E+01  0.2324345E+01
Si  0.5860243E+02  0.6277059E+01  0.5001992E+01
Si  0.5581197E+02  0.8810008E+01  0.5409403E+01
Si  0.5968314E+02  0.5191520E+01  0.7458894E+00
Si  0.6248384E+02  0.7802987E+01  0.8667046E+00
Si  0.6235674E+02  0.4991286E+01  0.3710455E+01
Si  0.5987330E+02  0.7791233E+01  0.3659539E+01
Si  0.6122472E+02  0.6329063E+01  0.2113363E+01
Si  0.6348678E+02  0.8899974E+01  0.2477900E+01
Si  0.6364185E+02  0.6265612E+01  0.5252126E+01
Si  0.6098756E+02  0.9307565E+01  0.5203290E+01
Si  0.3660733E+02  0.1911493E+02  0.1936387E+02
Si  0.4491115E+02  0.1348199E+02  0.1955344E+02
Si  0.4097619E+02  0.8888498E+01  0.1162502E+01
Si  0.4592583E+02  0.1706462E+02  0.8750990E+01
Si  0.4135880E+02  0.1425105E+02  0.5193692E+01
Si  0.4171426E+02  0.1644090E+02  0.1906331E+00
Si  0.4171273E+02  0.1775078E+02  0.4125276E+01
Si  0.4346661E+02  0.1289837E+02  0.2355358E+01
Si  0.5106652E+02  0.8397958E+01  0.2058713E+02
Si  0.5129855E+02  0.1195794E+02  0.2066812E+01
Si  0.5190758E+02  0.1003798E+02  0.3693667E+01
Si  0.4329986E+02  0.1493949E+02  0.1160590E+01
Si  0.5119113E+02  0.1302388E+02  0.4362501E+01
Si  0.5314016E+02  0.1416530E+02  0.1916004E+01
Si  0.5315637E+02  0.1177597E+02  0.4973670E+01
Si  0.5145938E+02  0.1622216E+02  0.2422456E+01
Si  0.5419779E+02  0.1013108E+02  0.8984163E+00
Si  0.5708895E+02  0.1296439E+02  0.1289448E+01
Si  0.5703246E+02  0.1013130E+02  0.3817677E+01
Si  0.5438096E+02  0.1318286E+02  0.3402499E+01
Si  0.5550253E+02  0.1140613E+02  0.2473449E+01
Si  0.5819044E+02  0.1448301E+02  0.2555855E+01
Si  0.5850769E+02  0.1171989E+02  0.4866348E+01
Si  0.5572053E+02  0.1467759E+02  0.4883583E+01
Si  0.5957673E+02  0.1028241E+02  0.1073186E+01
Si  0.6233203E+02  0.1349997E+02  0.1105561E+01
Si  0.6216131E+02  0.1064366E+02  0.3584909E+01
Si  0.5973911E+02  0.1339743E+02  0.3872722E+01
Si  0.6077767E+02  0.1200273E+02  0.2340570E+01
Si  0.6381412E+02  0.1444205E+02  0.2822298E+01
Si  0.6363483E+02  0.1152424E+02  0.5055042E+01
Si  0.6097379E+02  0.1453846E+02  0.5234555E+01
Si  0.3468809E+02  0.1581107E+02  0.1809460E+02
Si  0.4911737E+02  0.1632925E+02  0.3106580E+00
Si  0.3934927E+02  0.1256269E+02  0.1121490E+02
Si  0.4045470E+02  0.1593823E+02  0.1972919E+02
Si  0.3880714E+02  0.1840836E+02  0.1631122E+02
Si  0.4483287E+02  0.2065392E+02  0.5771775E+01
Si  0.4569368E+02  0.1514388E+02  0.6655162E+00
Si  0.4321603E+02  0.1837470E+02  0.2326937E+00
Si  0.4755052E+02  0.1864750E+02  0.2732474E+01
Si  0.5060276E+02  0.2012062E+02  0.2376782E+01
Si  0.5014942E+02  0.1527139E+02  0.4276510E+01
Si  0.4865636E+02  0.1609365E+00  0.2953402E+01
Si  0.4576163E+02  0.1695206E+02  0.3540418E+01
Si  0.5266165E+02  0.1937491E+02  0.1588600E+01
Si  0.5275912E+02  0.1747371E+02  0.4420085E+01
Si  0.4337958E+02  0.1614829E+02  0.3247621E+01
Si  0.5406772E+02  0.1600613E+02  0.4142929E+00
Si  0.5671587E+02  0.1907017E+02  0.8510080E+00
Si  0.5704510E+02  0.1617899E+02  0.3584418E+01
Si  0.5441876E+02  0.1883820E+02  0.2949615E+01
Si  0.5557068E+02  0.1715064E+02  0.1960173E+01
Si  0.5839459E+02  0.2023602E+02  0.2143175E+01
Si  0.5842045E+02  0.1734769E+02  0.4996889E+01
Si  0.5554195E+02  0.1979913E+02  0.4549951E+01
Si  0.5954866E+02  0.1582040E+02  0.1280871E+01
Si  0.6227569E+02  0.1854858E+02  0.1098889E+01
Si  0.6223634E+02  0.1594645E+02  0.3830843E+01
Si  0.5966572E+02  0.1878377E+02  0.3581932E+01
Si  0.6097221E+02  0.1731613E+02  0.2450453E+01
Si  0.6371855E+02  0.2002934E+02  0.2444272E+01
Si  0.6384374E+02  0.1738433E+02  0.5186660E+01
Si  0.6090753E+02  0.1994497E+02  0.5183357E+01
Si  0.3983708E+02  0.2089771E+02  0.2512394E+01
Si  0.4449130E+02  0.4254055E+01  0.1090896E+02
Si  0.4813060E+02  0.2163773E+02  0.6636260E+01
Si  0.4834728E+02  0.2147540E+02  0.9434272E+01
Si  0.4517836E+02  0.4907372E+01  0.5036150E+01
Si  0.4759949E+02  0.3973693E+01  0.7744852E+01
Si  0.4287121E+02  0.1953113E+02  0.9314949E+01
Si  0.4400963E+02  0.2163363E+02  0.9358800E+01
Si  0.5030829E+02  0.1978376E+02  0.4683905E+01
Si  0.5079911E+02  0.3219271E+01  0.7447120E+01
Si  0.5127543E+02  0.2162216E+02  0.8802752E+01
Si  0.4346594E+02  0.1416423E+01  0.6341045E+01
Si  0.5042047E+02  0.7398044E+00  0.6848813E+01
Si  0.5297865E+02  0.2898593E+01  0.7163801E+01
Si  0.5269808E+02  0.9355272E+00  0.1043794E+02
Si  0.4995261E+02  0.3506890E+01  0.1034300E+02
Si  0.5431104E+02  0.2103745E+02  0.6173367E+01
Si  0.5677071E+02  0.2417598E+01  0.6156428E+01
Si  0.5703355E+02  0.2144552E+02  0.9314175E+01
Si  0.5409198E+02  0.2171983E+01  0.9083211E+01
Si  0.5564756E+02  0.8211627E+00  0.7593035E+01
Si  0.5826227E+02  0.3734316E+01  0.7504015E+01
Si  0.5857981E+02  0.1030036E+01  0.1025697E+02
Si  0.5565610E+02  0.3110808E+01  0.1042948E+02
Si  0.5977392E+02  0.2149350E+02  0.6832642E+01
Si  0.6228307E+02  0.2372763E+01  0.6436795E+01
Si  0.6261627E+02  0.2150113E+02  0.9287209E+01
Si  0.5986424E+02  0.2619482E+01  0.9089755E+01
Si  0.6108355E+02  0.1126649E+01  0.7997502E+01
Si  0.6382235E+02  0.3693942E+01  0.7868196E+01
Si  0.6412636E+02  0.8348257E+00  0.1068428E+02
Si  0.6125179E+02  0.3979375E+01  0.1071051E+02
Si  0.4324456E+02  0.1083429E+02  0.4703391E+01
Si  0.4572077E+02  0.8900026E+01  0.7784008E+01
Si  0.4497288E+02  0.7349318E+00  0.4275044E+01
Si  0.3639604E+02  0.1193007E+02  0.6198335E+01
Si  0.4880446E+02  0.1230480E+02  0.4202266E+01
Si  0.4464633E+02  0.1273158E+02  0.4146465E+01
Si  0.4829311E+02  0.5179100E+01  0.1110625E+02
Si  0.3462836E+02  0.2068883E+02  0.2671172E+01
Si  0.4535182E+02  0.5074180E+01  0.7547678E+01
Si  0.5139837E+02  0.8122690E+01  0.6458717E+01
Si  0.5151916E+02  0.4732485E+01  0.9256980E+01
Si  0.4903999E+02  0.7245580E+01  0.9448958E+01
Si  0.5041452E+02  0.6198430E+01  0.7864350E+01
Si  0.5299713E+02  0.8928383E+01  0.7945493E+01
Si  0.5317900E+02  0.5978026E+01  0.1053814E+02
Si  0.5041739E+02  0.8684617E+01  0.1087230E+02
Si  0.5420758E+02  0.4697111E+01  0.6379618E+01
Si  0.5718681E+02  0.7324585E+01  0.6619132E+01
Si  0.5705213E+02  0.4639850E+01  0.8979194E+01
Si  0.5443200E+02  0.7589459E+01  0.9291936E+01
Si  0.5564574E+02  0.6028684E+01  0.7680857E+01
Si  0.5838396E+02  0.8949218E+01  0.7696436E+01
Si  0.5804135E+02  0.6149109E+01  0.1052537E+02
Si  0.5584093E+02  0.9011325E+01  0.1023157E+02
Si  0.5987642E+02  0.5112510E+01  0.6682404E+01
Si  0.6226401E+02  0.7703145E+01  0.6611479E+01
Si  0.6277455E+02  0.5106023E+01  0.9151765E+01
Si  0.5947328E+02  0.7559318E+01  0.9365083E+01
Si  0.6113131E+02  0.6353886E+01  0.8047192E+01
Si  0.6362641E+02  0.8994459E+01  0.7854266E+01
Si  0.6409487E+02  0.6122183E+01  0.1056034E+02
Si  0.6117876E+02  0.8994756E+01  0.1060275E+02
Si  0.3597917E+02  0.3062405E-01  0.7247144E+01
Si  0.4792776E+02  0.1457099E+02  0.3617624E+01
Si  0.4274995E+02  0.1957373E+02  0.5383498E+01
Si  0.4401955E+02  0.1553568E+02  0.7730372E+01
Si  0.4869878E+02  0.5581542E+01  0.6393135E+01
Si  0.4896297E+02  0.1268575E+02  0.9098038E+01
Si  0.4547595E+02  0.1370786E+02  0.1103286E+02
Si  0.4154336E+02  0.1888012E+02  0.7586188E+01
Si  0.4792881E+02  0.1224155E+02  0.6616118E+01
Si  0.5094386E+02  0.1309839E+02  0.6650312E+01
Si  0.5187415E+02  0.9890909E+01  0.9563847E+01
Si  0.4833998E+02  0.1686361E+02  0.8586788E+01
Si  0.5054388E+02  0.1114808E+02  0.7943636E+01
Si  0.5302825E+02  0.1430116E+02  0.7087646E+01
Si  0.5346660E+02  0.1175983E+02  0.1037864E+02
Si  0.5036205E+02  0.1456649E+02  0.9890772E+01
Si  0.5425842E+02  0.1016934E+02  0.6447916E+01
Si  0.5706338E+02  0.1300628E+02  0.6111111E+01
Si  0.5722379E+02  0.1073513E+02  0.9220439E+01
Si  0.5449286E+02  0.1330500E+02  0.8697647E+01
Si  0.5571363E+02  0.1160636E+02  0.7525463E+01
Si  0.5818468E+02  0.1438140E+02  0.7625296E+01
Si  0.5845035E+02  0.1214791E+02  0.1080485E+02
Si  0.5549872E+02  0.1455107E+02  0.1030258E+02
Si  0.5957253E+02  0.1044336E+02  0.6368728E+01
Si  0.6237980E+02  0.1310302E+02  0.6454811E+01
Si  0.6216567E+02  0.1046892E+02  0.9233196E+01
Si  0.5961505E+02  0.1329820E+02  0.9102666E+01
Si  0.6109080E+02  0.1183894E+02  0.7926569E+01
Si  0.6376177E+02  0.1453190E+02  0.7960520E+01
Si  0.6367109E+02  0.1182987E+02  0.1049310E+02
Si  0.6084060E+02  0.1457449E+02  0.1035795E+02
Si  0.4094775E+02  0.1812754E+02  0.1707237E+01
Si  0.3536594E+02  0.1799556E+02  0.4800545E+01
Si  0.3895037E+02  0.1367966E+02  0.1843303E+02
Si  0.3956241E+02  0.1953395E+02  0.1105645E+02
Si  0.3468572E+02  0.1263730E+02  0.7675022E+01
Si  0.4862481E+02  0.1952383E+02  0.6667895E+01
Si  0.4628602E+02  0.1903294E+02  0.1160449E+02
Si  0.3864721E+02  0.1940299E+02  0.5540790E+01
Si  0.4904231E+02  0.1478768E+02  0.6478932E+01
Si  0.5069901E+02  0.1742230E+02  0.5191643E+01
Si  0.5204985E+02  0.1567882E+02  0.8765498E+01
Si  0.4802265E+02  0.1760066E+02  0.1184956E+02
Si  0.5038625E+02  0.1646320E+02  0.7333333E+01
Si  0.5305779E+02  0.2024895E+02  0.8214547E+01
Si  0.5257452E+02  0.1709074E+02  0.1082307E+02
Si  0.5011014E+02  0.1998939E+02  0.1035157E+02
Si  0.5397273E+02  0.1615436E+02  0.5935294E+01
Si  0.5684685E+02  0.1876248E+02  0.6417400E+01
Si  0.5669983E+02  0.1611981E+02  0.8701199E+01
Si  0.5412687E+02  0.1838071E+02  0.9365621E+01
Si  0.5531654E+02  0.1744078E+02  0.7475877E+01
Si  0.5843664E+02  0.1979919E+02  0.7904840E+01
Si  0.5807910E+02  0.1700061E+02  0.1038928E+02
Si  0.5565395E+02  0.2005262E+02  0.1034747E+02
Si  0.5957349E+02  0.1580808E+02  0.6402459E+01
Si  0.6243572E+02  0.1852103E+02  0.6344373E+01
Si  0.6226868E+02  0.1581570E+02  0.9155354E+01
Si  0.5972809E+02  0.1853105E+02  0.9229213E+01
Si  0.6107766E+02  0.1724796E+02  0.7679523E+01
Si  0.6372187E+02  0.2003028E+02  0.7643580E+01
Si  0.6360957E+02  0.1733976E+02  0.1056956E+02
Si  0.6111619E+02  0.2004654E+02  0.1053939E+02
Si  0.4351303E+02  0.8077261E+01  0.8612080E+01
Si  0.4680175E+02  0.4885330E+00  0.1466280E+02
Si  0.4192602E+02  0.1554528E+02  0.1098437E+02
Si  0.3711794E+02  0.5849563E+01  0.1531343E+02
Si  0.4690190E+02  0.1983103E+02  0.9300484E+01
Si  0.4682367E+02  0.2087215E+02  0.1662200E+02
Si  0.4768980E+02  0.1928012E+02  0.1379610E+02
Si  0.4025144E+02  0.2097543E+01  0.9934955E+01
Si  0.4844510E+02  0.2094488E+02  0.1198183E+02
Si  0.5129843E+02  0.2055279E+01  0.1183346E+02
Si  0.5176207E+02  0.2131248E+02  0.1459368E+02
Si  0.4829890E+02  0.2273163E+01  0.1435308E+02
Si  0.4985970E+02  0.6699374E+00  0.1341492E+02
Si  0.5292161E+02  0.3435200E+01  0.1308498E+02
Si  0.5300733E+02  0.7492967E+00  0.1606126E+02
Si  0.4933636E+02  0.3540371E+01  0.1623501E+02
Si  0.5410850E+02  0.2137331E+02  0.1189979E+02
Si  0.5722354E+02  0.2140668E+01  0.1201727E+02
Si  0.5711126E+02  0.2144397E+02  0.1477284E+02
Si  0.5436739E+02  0.2209353E+01  0.1457330E+02
Si  0.5563397E+02  0.7740439E+00  0.1336482E+02
Si  0.5868523E+02  0.3470627E+01  0.1335812E+02
Si  0.5848048E+02  0.1170277E+01  0.1631321E+02
Si  0.5566642E+02  0.3508910E+01  0.1588016E+02
Si  0.5980845E+02  0.2136739E+02  0.1191268E+02
Si  0.6279042E+02  0.2348702E+01  0.1193751E+02
Si  0.6246426E+02  0.2123149E+02  0.1457007E+02
Si  0.6000592E+02  0.2257256E+01  0.1485067E+02
Si  0.6120994E+02  0.1020985E+01  0.1328328E+02
Si  0.6415756E+02  0.3951199E+01  0.1318691E+02
Si  0.6389053E+02  0.9819318E+00  0.1584544E+02
Si  0.6107595E+02  0.3673540E+01  0.1609471E+02
Si  0.3967440E+02  0.4514278E+01  0.1040312E+02
Si  0.4410279E+02  0.1040299E+02  0.9166405E+01
Si  0.4377305E+02  0.5949324E+01  0.9409292E+01
Si  0.4348451E+02  0.2888788E+01  0.9175827E+01
Si  0.4599371E+02  0.8568623E+01  0.1351102E+02
Si  0.4740141E+02  0.1236534E+02  0.1412968E+02
Si  0.4352078E+02  0.1707017E+02  0.9589973E+01
Si  0.4083650E+02  0.8314505E+01  0.1517677E+02
Si  0.4611960E+02  0.2590366E+01  0.1160108E+02
Si  0.5157780E+02  0.6971035E+01  0.1183104E+02
Si  0.5157589E+02  0.4807603E+01  0.1443856E+02
Si  0.4652929E+02  0.9210313E+01  0.1082119E+02
Si  0.4988324E+02  0.5837862E+01  0.1302718E+02
Si  0.5279351E+02  0.8488291E+01  0.1306429E+02
Si  0.5287546E+02  0.6098116E+01  0.1590184E+02
Si  0.4974842E+02  0.1016678E+02  0.1252515E+02
Si  0.5471049E+02  0.4654356E+01  0.1198719E+02
Si  0.5687587E+02  0.7570485E+01  0.1186833E+02
Si  0.5711447E+02  0.4714083E+01  0.1470498E+02
Si  0.5436357E+02  0.7287988E+01  0.1446427E+02
Si  0.5573005E+02  0.5988059E+01  0.1328357E+02
Si  0.5839896E+02  0.9040776E+01  0.1299654E+02
Si  0.5861070E+02  0.6240314E+01  0.1578329E+02
Si  0.5562015E+02  0.8753806E+01  0.1591259E+02
Si  0.5953190E+02  0.4958055E+01  0.1188846E+02
Si  0.6258278E+02  0.7641987E+01  0.1187133E+02
Si  0.6238643E+02  0.5099608E+01  0.1458046E+02
Si  0.5977875E+02  0.7838984E+01  0.1447987E+02
Si  0.6116258E+02  0.6162989E+01  0.1317285E+02
Si  0.6385460E+02  0.9025086E+01  0.1315903E+02
Si  0.6378026E+02  0.6377198E+01  0.1579939E+02
Si  0.6120357E+02  0.9055185E+01  0.1574353E+02
Si  0.3313745E+02  0.1112795E+02  0.1452315E+01
Si  0.4571570E+02  0.1335290E+02  0.6435065E+01
Si  0.4896811E+02  0.1047479E+02  0.1729709E+02
Si  0.4363665E+02  0.1643033E+02  0.1373664E+02
Si  0.4541366E+02  0.1344128E+02  0.1358280E+02
Si  0.4881156E+02  0.1381647E+02  0.1322184E+02
Si  0.4513395E+02  0.1150641E+02  0.1189601E+02
Si  0.4667571E+02  0.7680903E+01  0.1816912E+02
Si  0.4595646E+02  0.1143099E+02  0.9665017E+01
Si  0.5204164E+02  0.1338684E+02  0.1094566E+02
Si  0.5159726E+02  0.1033336E+02  0.1426799E+02
Si  0.4792078E+02  0.1216684E+02  0.4791814E+00
Si  0.4992784E+02  0.1231258E+02  0.1126093E+02
Si  0.5271411E+02  0.1426176E+02  0.1295508E+02
Si  0.5316290E+02  0.1168930E+02  0.1569018E+02
Si  0.5071636E+02  0.1524834E+02  0.1364541E+02
Si  0.5441147E+02  0.1012316E+02  0.1197050E+02
Si  0.5668620E+02  0.1333945E+02  0.1193253E+02
Si  0.5682476E+02  0.1042807E+02  0.1440721E+02
Si  0.5421780E+02  0.1353803E+02  0.1441344E+02
Si  0.5535615E+02  0.1194700E+02  0.1314333E+02
Si  0.5828224E+02  0.1476626E+02  0.1317422E+02
Si  0.5827519E+02  0.1184203E+02  0.1591977E+02
Si  0.5535283E+02  0.1481987E+02  0.1617189E+02
Si  0.5974317E+02  0.1055304E+02  0.1179425E+02
Si  0.6227170E+02  0.1326171E+02  0.1183361E+02
Si  0.6234657E+02  0.1046886E+02  0.1429447E+02
Si  0.5959503E+02  0.1337909E+02  0.1453537E+02
Si  0.6090388E+02  0.1191755E+02  0.1320045E+02
Si  0.6375350E+02  0.1446870E+02  0.1321633E+02
Si  0.6373163E+02  0.1175782E+02  0.1585911E+02
Si  0.6125870E+02  0.1455225E+02  0.1591444E+02
Si  0.3517737E+02  0.1532220E+02  0.1153037E+02
Si  0.3865181E+02  0.1545370E+02  0.1005876E+02
Si  0.4659352E+02  0.1044361E+02  0.5968659E+01
Si  0.3980948E+02  0.1712384E+02  0.5557310E+01
Si  0.3980286E+02  0.1651532E+02  0.8066554E+01
Si  0.4407590E+02  0.1785732E+02  0.1195753E+02
Si  0.4462390E+02  0.1938130E+02  0.1624460E+02
Si  0.4613964E+02  0.1748807E+00  0.8279031E+01
Si  0.5017714E+02  0.1656462E+02  0.1139735E+02
Si  0.5127133E+02  0.1886611E+02  0.1223838E+02
Si  0.5027410E+02  0.1663246E+02  0.1560918E+02
Si  0.5105443E+02  0.1883615E+02  0.1663472E+02
Si  0.4991258E+02  0.1873992E+02  0.1434947E+02
Si  0.5308207E+02  0.1989781E+02  0.1301578E+02
Si  0.5269311E+02  0.1724097E+02  0.1579791E+02
Si  0.4944590E+02  0.2107524E+02  0.1540177E+02
Si  0.5436034E+02  0.1565169E+02  0.1199426E+02
Si  0.5725515E+02  0.1877132E+02  0.1151237E+02
Si  0.5688574E+02  0.1591728E+02  0.1469244E+02
Si  0.5450707E+02  0.1848882E+02  0.1459620E+02
Si  0.5569648E+02  0.1720475E+02  0.1295501E+02
Si  0.5828872E+02  0.1996659E+02  0.1331731E+02
Si  0.5828387E+02  0.1733003E+02  0.1606193E+02
Si  0.5574048E+02  0.2004044E+02  0.1602726E+02
Si  0.5979915E+02  0.1603699E+02  0.1177808E+02
Si  0.6228986E+02  0.1864175E+02  0.1209272E+02
Si  0.6262995E+02  0.1581460E+02  0.1462330E+02
Si  0.5974110E+02  0.1849049E+02  0.1464461E+02
Si  0.6104666E+02  0.1722845E+02  0.1340981E+02
Si  0.6409112E+02  0.1995359E+02  0.1328885E+02
Si  0.6387461E+02  0.1717812E+02  0.1619491E+02
Si  0.6109900E+02  0.1988284E+02  0.1603904E+02
Si  0.4678555E+02  0.2768953E+01  0.1955382E+02
Si  0.4598658E+02  0.1152567E+01  0.1770481E+02
Si  0.4246718E+02  0.2128522E+02  0.2293550E+01
Si  0.4341601E+02  0.1883170E+02  0.1967869E+02
Si  0.4901646E+02  0.2104851E+02  0.1780219E+02
Si  0.4861099E+02  0.1665502E+01  0.2071722E+02
Si  0.4483728E+02  0.1140026E+01  0.6761359E+00
Si  0.4399020E+02  0.1757876E+01  0.1674218E+02
Si  0.4297370E+02  0.1850770E+02  0.1456474E+02
Si  0.5128572E+02  0.2150953E+01  0.1723657E+02
Si  0.5119687E+02  0.2161684E+02  0.2040955E+02
Si  0.4578746E+02  0.5141660E+01  0.1418148E+01
Si  0.5008942E+02  0.9419327E+00  0.1903701E+02
Si  0.5277407E+02  0.3226723E+01  0.1856939E+02
Si  0.5274364E+02  0.1423381E+01  0.2166128E+02
Si  0.4976364E+02  0.3496909E+01  0.2141082E+02
Si  0.5432663E+02  0.2130841E+02  0.1746809E+02
Si  0.5719667E+02  0.2514267E+01  0.1751327E+02
Si  0.5704129E+02  0.2122221E+02  0.1986753E+02
Si  0.5434674E+02  0.2304617E+01  0.2024276E+02
Si  0.5581162E+02  0.1212092E+01  0.1872448E+02
Si  0.5877641E+02  0.4000592E+01  0.1886745E+02
Si  0.5819113E+02  0.9644513E+00  0.2125711E+02
Si  0.5555947E+02  0.3836520E+01  0.2160879E+02
Si  0.5978088E+02  0.2117122E+02  0.1740287E+02
Si  0.6263109E+02  0.2305946E+01  0.1736501E+02
Si  0.6237886E+02  0.2123615E+02  0.2025289E+02
Si  0.5984909E+02  0.2383255E+01  0.1995816E+02
Si  0.6120208E+02  0.9336063E+00  0.1881559E+02
Si  0.6398647E+02  0.3714206E+01  0.1862289E+02
Si  0.6382147E+02  0.9252154E+00  0.2136442E+02
Si  0.6116672E+02  0.3673924E+01  0.2126657E+02
Si  0.4059546E+02  0.9374019E+01  0.1160616E+02
Si  0.5000667E+02  0.5852847E+01  0.1617699E+02
Si  0.3814889E+02  0.4720068E+01  0.2040506E+02
Si  0.4902728E+02  0.6122760E+01  0.1908678E+01
Si  0.4732348E+02  0.1043315E+02  0.1258256E+02
Si  0.4435402E+02  0.1513245E+02  0.1786279E+02
Si  0.4784490E+02  0.8833668E+01  0.4648319E+01
Si  0.4667305E+02  0.1120817E+02  0.3786260E+01
Si  0.4824564E+02  0.3006715E+01  0.1222481E+02
Si  0.5203847E+02  0.8014750E+01  0.1683113E+02
Si  0.5157612E+02  0.4541486E+01  0.2015033E+02
Si  0.4660988E+02  0.8120493E+01  0.1574840E+02
Si  0.4875299E+02  0.7215328E+01  0.1457480E+02
Si  0.5344217E+02  0.9092369E+01  0.1851757E+02
Si  0.5311427E+02  0.5850514E+01  0.2126151E+02
Si  0.5103340E+02  0.6555014E+01  0.1889462E+02
Si  0.5405136E+02  0.4685391E+01  0.1730661E+02
Si  0.5706572E+02  0.7628151E+01  0.1717646E+02
Si  0.5697151E+02  0.4971803E+01  0.2007539E+02
Si  0.5421878E+02  0.7443614E+01  0.1999330E+02
Si  0.5569520E+02  0.6031671E+01  0.1864019E+02
Si  0.5835689E+02  0.9140756E+01  0.1832458E+02
Si  0.5819780E+02  0.6416771E+01  0.2101012E+02
Si  0.5578694E+02  0.9112564E+01  0.2119940E+02
Si  0.6001727E+02  0.5343239E+01  0.1733882E+02
Si  0.6278155E+02  0.7607443E+01  0.1727866E+02
Si  0.6269496E+02  0.5149911E+01  0.2006045E+02
Si  0.5983134E+02  0.7893037E+01  0.1964960E+02
Si  0.6133027E+02  0.6399767E+01  0.1875807E+02
Si  0.6379360E+02  0.9548707E+01  0.1876010E+02
Si  0.6388544E+02  0.6252690E+01  0.2155082E+02
Si  0.6095970E+02  0.9279596E+01  0.2111323E+02
Si  0.4509622E+02  0.7723640E+01  0.3454757E+01
Si  0.4745299E+02  0.1519793E+02  0.1210022E+02
Si  0.4705675E+02  0.1384873E+02  0.2074826E+02
Si  0.3988259E+02  0.1259627E+02  0.1671368E+02
Si  0.4721339E+02  0.1711599E+02  0.1795479E+02
Si  0.4101318E+02  0.1257653E+02  0.1301871E+02
Si  0.4916313E+02  0.1339325E+02  0.1954644E+02
Si  0.3784268E+02  0.1283217E+02  0.7878711E+01
Si  0.5016144E+02  0.9032331E+01  0.1571336E+02
Si  0.5208217E+02  0.1254696E+02  0.1767636E+02
Si  0.5194236E+02  0.1060561E+02  0.1932715E+02
Si  0.4921259E+02  0.1319731E+02  0.2016923E+01
Si  0.5001025E+02  0.1120161E+02  0.2066419E+02
Si  0.5277479E+02  0.1447671E+02  0.1870917E+02
Si  0.5244579E+02  0.1153298E+02  0.2155871E+02
Si  0.4733871E+02  0.1635586E+02  0.1972321E+01
Si  0.5458082E+02  0.1052533E+02  0.1710927E+02
Si  0.5689324E+02  0.1333958E+02  0.1720047E+02
Si  0.5721009E+02  0.1035674E+02  0.1981759E+02
Si  0.5403449E+02  0.1311316E+02  0.2031479E+02
Si  0.5551010E+02  0.1192217E+02  0.1877061E+02
Si  0.5822065E+02  0.1461112E+02  0.1834611E+02
Si  0.5818547E+02  0.1179175E+02  0.2137246E+02
Si  0.5585942E+02  0.1418722E+02  0.2135617E+02
Si  0.5963377E+02  0.1033180E+02  0.1706670E+02
Si  0.6241388E+02  0.1316924E+02  0.1732300E+02
Si  0.6201272E+02  0.1088815E+02  0.1991789E+02
Si  0.5939184E+02  0.1331233E+02  0.2005406E+02
Si  0.6069713E+02  0.1211336E+02  0.1843583E+02
Si  0.6365351E+02  0.1443194E+02  0.1881930E+02
Si  0.6329642E+02  0.1174562E+02  0.2167477E+02
Si  0.6082032E+02  0.1463136E+02  0.2140807E+02
Si  0.4261044E+02  0.1671565E+02  0.1871339E+02
Si  0.4708690E+02  0.1501640E+02  0.9722962E+01
Si  0.4802689E+02  0.4358218E+01  0.9732878E+00
Si  0.4546540E+02  0.2008212E+02  0.1392000E+02
Si  0.4590794E+02  0.1563486E+02  0.1408727E+02
Si  0.4703816E+02  0.7341537E+01  0.1860135E+01
Si  0.4716251E+02  0.1611388E+02  0.2055143E+02
Si  0.4647484E+02  0.1555216E+02  0.1640546E+02
Si  0.4974180E+02  0.1675717E+02  0.1805779E+02
Si  0.5039227E+02  0.1918535E+02  0.1873210E+02
Si  0.5098564E+02  0.1455737E+02  0.2030681E+02
Si  0.4682764E+02  0.2097883E+02  0.1919752E+02
Si  0.5036080E+02  0.1763104E+02  0.2056562E+02
Si  0.5275243E+02  0.2038984E+02  0.1880841E+02
Si  0.5263340E+02  0.1769535E+02  0.2149974E+02
Si  0.5006906E+02  0.1985044E+02  0.2166540E+02
Si  0.5400299E+02  0.1590737E+02  0.1746291E+02
Si  0.5678080E+02  0.1851840E+02  0.1743269E+02
Si  0.5678912E+02  0.1581267E+02  0.2014016E+02
Si  0.5410621E+02  0.1896746E+02  0.2004446E+02
Si  0.5536928E+02  0.1740115E+02  0.1893063E+02
Si  0.5839836E+02  0.1978507E+02  0.1854977E+02
Si  0.5827923E+02  0.1740145E+02  0.2125682E+02
Si  0.5532103E+02  0.2040067E+02  0.2140598E+02
Si  0.5977700E+02  0.1581593E+02  0.1705528E+02
Si  0.6245632E+02  0.1868106E+02  0.1733280E+02
Si  0.6217511E+02  0.1597134E+02  0.1995748E+02
Si  0.5987599E+02  0.1874671E+02  0.2015389E+02
Si  0.6078655E+02  0.1738157E+02  0.1854255E+02
Si  0.6383254E+02  0.1990806E+02  0.1870295E+02
Si  0.6358488E+02  0.1714205E+02  0.2160018E+02
Si  0.6107390E+02  0.2016041E+02  0.2153412E+02
