         
  0.6515772E+02  0.0000000E+00  0.2171924E+02
  0.0000000E+00  0.0000000E+00  0.2171924E+02
  0.1448925E-01  0.2018499E+02  0.2426699E+00
  0.3141459E+01  0.1178113E+01  0.2791963E+00
  0.3216989E+01  0.1997529E+02  0.2956596E+01
  0.3671960E+00  0.1081890E+01  0.2654665E+01
  0.1740018E+01  0.2139820E+02  0.1680590E+01
  0.4410247E+01  0.2675463E+01  0.1531450E+01
  0.4459126E+01  0.2146532E+02  0.4217378E+01
  0.1379543E+01  0.2442224E+01  0.4212202E+01
  0.5976511E+01  0.2010166E+02  0.2479601E-01
  0.8252629E+01  0.1200037E+01  0.2124719E+02
  0.8299758E+01  0.2035523E+02  0.2645188E+01
  0.5619752E+01  0.1422862E+01  0.2946476E+01
  0.6736277E+01  0.1003213E+00  0.1229091E+01
  0.7969246E+01  0.9351228E+01  0.1933250E+02
  0.7987131E+01  0.8856968E+00  0.5818173E+01
  0.7048423E+01  0.2620966E+01  0.4317090E+01
  0.1459240E+02  0.2006458E+02  0.2521323E+01
  0.3006631E+02  0.6983891E+01  0.2167326E+02
  0.1459093E+02  0.2037078E+02  0.1514726E+02
  0.1656076E+02  0.1256963E+02  0.1687778E+02
  0.1790034E+02  0.5931934E+00  0.8845551E+01
  0.3721515E+02  0.6325314E+00  0.1983570E+02
  0.1029610E+02  0.8327988E+01  0.7198105E+01
  0.3316966E+02  0.6166190E+00  0.4882507E+01
  0.1997917E+02  0.1715965E+02  0.1360756E+02
  0.1363131E+02  0.1484359E+02  0.1857433E+02
  0.3354622E+02  0.1333206E+02  0.1641321E+02
  0.1146955E+02  0.1661742E+02  0.6508287E+01
  0.2181551E+02  0.1970775E+02  0.1208859E+02
  0.2753907E+02  0.7091584E+01  0.1363812E+02
  0.1415756E+02  0.1807723E+02  0.1545245E+01
  0.2884798E+02  0.7695164E+01  0.8689560E+01
  0.2952271E+00  0.3922016E+01  0.1139252E+00
  0.2588214E+01  0.6572415E+01  0.1458575E+00
  0.2681530E+01  0.3781690E+01  0.2916347E+01
  0.6515174E+02  0.6479703E+01  0.2767061E+01
  0.1374648E+01  0.5352072E+01  0.1503492E+01
  0.3867903E+01  0.8131943E+01  0.1427585E+01
  0.3908734E+01  0.5420064E+01  0.4162499E+01
  0.1312980E+01  0.7911244E+01  0.3999766E+01
  0.5636417E+01  0.4110351E+01  0.1863942E-01
  0.6784161E+01  0.5764820E+01  0.1068356E+01
  0.1157364E+02  0.2714712E+01  0.3533073E+01
  0.5329162E+01  0.6611117E+01  0.2810576E+01
  0.9177621E+01  0.3199416E+01  0.3023577E+01
  0.8945566E+01  0.5647743E+01  0.2149492E+01
  0.9600728E+01  0.2229299E+01  0.7430686E+01
  0.7744178E+01  0.8591248E+01  0.4950363E+01
  0.9746045E+01  0.9312912E+01  0.3691552E+01
  0.2743660E+02  0.1268668E+02  0.1744326E+02
  0.2829401E+02  0.1157401E+02  0.1205337E+02
  0.1345421E+02  0.7457676E+01  0.5193262E+01
  0.2101484E+02  0.1732560E+02  0.3498190E+01
  0.1201323E+02  0.6191350E+01  0.9710498E+01
  0.1794223E+02  0.7200955E+01  0.6382636E+01
  0.9592583E+01  0.1441183E+02  0.4320452E+01
  0.3615908E+02  0.6720468E+01  0.9029813E+01
  0.1980276E+02  0.8335878E+01  0.1117250E+01
  0.1692452E+02  0.1250525E+02  0.1154121E+02
  0.2050940E+02  0.1306881E+02  0.1263912E+02
  0.1467263E+02  0.2124209E+02  0.6347239E+01
  0.1062633E+02  0.3575595E+01  0.5654363E+01
  0.8914055E+01  0.6669390E+01  0.6114244E+01
  0.1113271E+02  0.1701721E+02  0.1827717E+02
  0.6508182E+02  0.9327432E+01  0.2423551E-01
  0.2784365E+01  0.1204955E+02  0.1320264E+00
  0.2674144E+01  0.9467104E+01  0.2822133E+01
  0.6509510E+02  0.1211217E+02  0.2593145E+01
  0.1389239E+01  0.1074596E+02  0.1286786E+01
  0.4277928E+01  0.1354888E+02  0.1544969E+01
  0.4293293E+01  0.1094024E+02  0.4025522E+01
  0.1494608E+01  0.1350447E+02  0.4104744E+01
  0.5617834E+01  0.9530104E+01  0.1196776E+00
  0.1392375E+02  0.9407102E+01  0.1732233E+02
  0.8731734E+01  0.1203972E+02  0.5931301E+01
  0.5744092E+01  0.1234824E+02  0.3024877E+01
  0.6823915E+01  0.1103774E+02  0.1400818E+01
  0.8039752E+01  0.1494770E+02  0.2429341E+01
  0.1361507E+02  0.1917398E+02  0.1697788E+02
  0.7483283E+01  0.1348943E+02  0.4327423E+01
  0.8108318E+01  0.1234683E+02  0.2169258E+02
  0.2393383E+02  0.1373038E+02  0.4599017E+01
  0.2658096E+02  0.1936761E+01  0.1423341E+02
  0.1597372E+02  0.1591468E+02  0.1823900E+02
  0.1429481E+02  0.1355998E+02  0.1668569E+02
  0.2557543E+02  0.6405483E+01  0.4130908E+01
  0.2764840E+02  0.2032107E+02  0.1725612E+02
  0.2557334E+02  0.8887355E+01  0.3849942E+01
  0.2025715E+02  0.3963497E+01  0.1161509E+02
  0.2326702E+02  0.2925086E+01  0.1470313E+02
  0.1995792E+02  0.1719065E+02  0.1898691E+02
  0.1333845E+02  0.9361382E+01  0.1431455E+02
  0.2153513E+02  0.4961131E+01  0.3008899E+01
  0.2924341E+02  0.1244060E+01  0.1546690E+02
  0.3771821E+02  0.1419843E+02  0.1434779E+02
  0.3217134E+02  0.1505284E+01  0.1723200E+02
  0.6499113E+02  0.1506259E+02  0.2491210E+00
  0.3076180E+01  0.1751306E+02  0.1749066E+00
  0.2990476E+01  0.1481765E+02  0.2969719E+01
  0.1177236E+00  0.1729441E+02  0.2971176E+01
  0.1454703E+01  0.1621357E+02  0.1456440E+01
  0.4639262E+01  0.1853228E+02  0.1397560E+01
  0.4294513E+01  0.1616991E+02  0.4245357E+01
  0.1581204E+01  0.1867400E+02  0.4350320E+01
  0.5419452E+01  0.1483888E+02  0.2153333E+02
  0.9662840E+01  0.1638581E+02  0.2004017E+02
  0.1103621E+02  0.1303555E+02  0.2795327E+01
  0.6086482E+01  0.1741292E+02  0.3051136E+01
  0.6930159E+01  0.1635518E+02  0.1049989E+01
  0.1221925E+02  0.1896402E+02  0.1906895E+02
  0.1901908E+02  0.1513189E+02  0.8725567E+01
  0.7345320E+01  0.1904383E+02  0.4166068E+01
  0.2157498E+02  0.1748474E+02  0.6011173E+01
  0.8508071E+01  0.1780114E+02  0.2160818E+02
  0.1272581E+02  0.1113178E+02  0.4861990E+01
  0.2109113E+02  0.1314569E+02  0.1783375E+02
  0.2231494E+02  0.2168983E+02  0.3296316E+01
  0.2059975E+02  0.1484622E+02  0.1426024E+02
  0.1611487E+02  0.1920598E+02  0.6807959E+01
  0.1112986E+02  0.1952749E+02  0.4632258E+01
  0.2232736E+02  0.1195419E+02  0.4758406E+01
  0.1188489E+02  0.3914441E+01  0.9431067E+01
  0.3378396E+02  0.8596932E+01  0.7495103E+01
  0.2222491E+02  0.7003031E+00  0.8233354E+01
  0.1762199E+02  0.1924883E+02  0.1615498E+02
  0.1902810E+02  0.1024023E+02  0.6402327E+01
  0.2442232E+02  0.2134176E+02  0.2031328E+01
  0.1120695E+02  0.2699555E+00  0.8069631E+00
  0.6515420E+02  0.2016545E+02  0.5524238E+01
  0.2741253E+01  0.9747937E+00  0.5493860E+01
  0.2499024E+01  0.1986051E+02  0.8235644E+01
  0.3073826E+00  0.7317833E+00  0.8356242E+01
  0.1427281E+01  0.2120834E+02  0.6520002E+01
  0.4322371E+01  0.2186051E+01  0.6699126E+01
  0.3903812E+01  0.2124045E+02  0.9768506E+01
  0.1397058E+01  0.2448835E+01  0.9485623E+01
  0.5608869E+01  0.1991616E+02  0.5640637E+01
  0.9384785E+01  0.3538238E+01  0.1145432E+02
  0.8491238E+01  0.2011120E+02  0.8213679E+01
  0.5480801E+01  0.1021830E+01  0.8445595E+01
  0.6812195E+01  0.2107198E+02  0.7116132E+01
  0.1801701E+02  0.6386542E+01  0.1628561E+02
  0.1116174E+02  0.1187915E+02  0.9210537E+01
  0.6774216E+01  0.2426972E+01  0.9709543E+01
  0.2706210E+02  0.6170235E+00  0.3611240E+01
  0.2454302E+02  0.1755090E+02  0.2033498E+02
  0.1991067E+02  0.2118123E+02  0.2028673E+02
  0.1747101E+02  0.5065007E+01  0.4939105E+01
  0.1089043E+02  0.1183544E+02  0.1359954E+02
  0.1800456E+02  0.1701821E+02  0.6101494E+01
  0.1999504E+02  0.3761284E+00  0.2329778E+01
  0.1971700E+02  0.1976149E+02  0.9146697E+01
  0.1590295E+02  0.1631852E+02  0.1444856E+02
  0.2265602E+02  0.9531768E+01  0.1799404E+02
  0.1181139E+02  0.2129542E+02  0.1831236E+02
  0.1293998E+02  0.4089728E+01  0.6483679E+01
  0.1827228E+02  0.1393925E+02  0.1484345E+02
  0.2064707E+02  0.1687596E+01  0.2031994E+02
  0.1537767E+02  0.1820014E+02  0.9816371E+01
  0.1611428E+02  0.4188853E+01  0.7896305E+01
  0.8291555E-01  0.3706482E+01  0.5652233E+01
  0.2634364E+01  0.6650587E+01  0.5622389E+01
  0.2783872E+01  0.3669370E+01  0.7881930E+01
  0.6492330E+02  0.6703949E+01  0.7936855E+01
  0.1222316E+01  0.5188090E+01  0.6828972E+01
  0.4249862E+01  0.8010255E+01  0.6733324E+01
  0.4165917E+01  0.5047047E+01  0.9004307E+01
  0.1045319E+01  0.7892614E+01  0.9308767E+01
  0.5430399E+01  0.3900331E+01  0.5343014E+01
  0.1109654E+02  0.7545307E+00  0.3191512E+01
  0.6999621E+01  0.5008999E+01  0.6677321E+01
  0.5620098E+01  0.6551849E+01  0.7939076E+01
  0.8090662E+01  0.3794617E+01  0.8429071E+01
  0.1785213E+02  0.9633690E+01  0.1431760E+02
  0.1289223E+02  0.1725130E+02  0.9619046E+01
  0.6808171E+01  0.7744202E+01  0.9658735E+01
  0.2009896E+02  0.1168195E+02  0.7880502E+01
  0.7752403E+01  0.8971597E+01  0.2448574E+01
  0.1071730E+02  0.9567651E+01  0.2162022E+02
  0.1383921E+02  0.1906541E+01  0.1209081E+02
  0.9376658E+01  0.2125691E+02  0.4459367E+01
  0.1133549E+02  0.1029531E+02  0.1174935E+02
  0.1635315E+02  0.8701365E+01  0.1158818E+02
  0.2327183E+02  0.3341664E+01  0.7159062E+01
  0.1285362E+02  0.1905488E+02  0.1291206E+02
  0.2053065E+02  0.1843335E+02  0.1550025E+02
  0.1995862E+02  0.2150524E+02  0.7540485E+01
  0.4284056E+02  0.4098824E+01  0.4290051E+01
  0.2879431E+02  0.1201033E+01  0.2138882E+02
  0.1200719E+02  0.1620886E+02  0.1160059E+02
  0.2996218E+02  0.2220621E+01  0.6017957E+01
  0.1243889E+02  0.1302836E+02  0.1457844E+02
  0.6511432E+02  0.9344406E+01  0.5483244E+01
  0.3075070E+01  0.1218962E+02  0.5482552E+01
  0.2675034E+01  0.9270606E+01  0.8178480E+01
  0.1477993E+00  0.1200633E+02  0.8406892E+01
  0.1615852E+01  0.1065308E+02  0.6748757E+01
  0.4324490E+01  0.1343663E+02  0.6895881E+01
  0.4136448E+01  0.1044629E+02  0.9630710E+01
  0.1592508E+01  0.1369786E+02  0.9417188E+01
  0.5601982E+01  0.9361898E+01  0.5338654E+01
  0.1228145E+02  0.9208223E+01  0.6340657E+01
  0.7072279E+01  0.6299532E+01  0.4426346E+01
  0.5445801E+01  0.1196983E+02  0.8579265E+01
  0.6829873E+01  0.1072465E+02  0.7013063E+01
  0.8290493E+01  0.1464263E+02  0.8094328E+01
  0.8178981E+01  0.9103823E+01  0.8118768E+01
  0.7041710E+01  0.1332160E+02  0.9567338E+01
  0.1241402E+02  0.1652926E+02  0.1576045E+01
  0.1656742E+02  0.1953782E+01  0.5204347E+01
  0.1490361E+02  0.1765940E+02  0.1973618E+02
  0.2201044E+02  0.5956778E+01  0.1169389E+02
  0.1753264E+02  0.3291342E+00  0.1756833E+02
  0.1240788E+02  0.1582913E+02  0.1680323E+02
  0.1874812E+02  0.1114480E+02  0.9508080E+01
  0.1246788E+02  0.1340876E+02  0.2141827E+02
  0.2392941E+02  0.1081438E+02  0.3529686E+01
  0.2195974E+02  0.1553709E+02  0.1107418E+02
  0.3097804E+02  0.1082394E+02  0.4593223E+01
  0.2480068E+02  0.1618730E+02  0.1521572E+02
  0.1675054E+02  0.1317143E+02  0.2054333E+02
  0.3543690E+02  0.1327518E+02  0.1828851E+02
  0.3075076E+02  0.7863949E+01  0.1819160E+02
  0.3156740E+02  0.3543754E+01  0.1798918E+02
  0.2537634E+00  0.1455785E+02  0.5886151E+01
  0.2707942E+01  0.1720749E+02  0.5671924E+01
  0.2917101E+01  0.1473569E+02  0.8289273E+01
  0.6506392E+02  0.1754615E+02  0.8244618E+01
  0.1440941E+01  0.1586274E+02  0.7265643E+01
  0.4048338E+01  0.1888080E+02  0.6978623E+01
  0.4203030E+01  0.1611524E+02  0.9795729E+01
  0.1043793E+01  0.1869493E+02  0.9734033E+01
  0.5761953E+01  0.1477900E+02  0.5374633E+01
  0.1648697E+02  0.1080853E+02  0.2140809E+02
  0.1024277E+02  0.1495414E+02  0.1086187E+02
  0.5310260E+01  0.1759919E+02  0.8494663E+01
  0.6729131E+01  0.1631424E+02  0.7069501E+01
  0.8225848E+01  0.1779020E+02  0.5979004E+01
  0.8087568E+01  0.1776192E+02  0.1112883E+02
  0.6870309E+01  0.1886823E+02  0.9617909E+01
  0.2003093E+02  0.6929543E+01  0.3040447E+01
  0.1286604E+02  0.6240738E+00  0.1021908E+02
  0.1500067E+02  0.8849801E+01  0.1960591E+00
  0.1355318E+02  0.1520952E+02  0.8652174E+01
  0.9831211E+01  0.1320601E+02  0.1215097E+02
  0.2742507E+02  0.1340883E+02  0.2135167E+02
  0.2532850E+02  0.3091315E+01  0.1267393E+02
  0.1364425E+02  0.1002419E+01  0.1420326E+02
  0.1722158E+02  0.2280515E+01  0.1592868E+02
  0.2122911E+02  0.1568494E+02  0.1802012E+02
  0.1483298E+02  0.4475032E+01  0.1529809E+02
  0.2113966E+02  0.1787464E+01  0.8409274E+00
  0.1455406E+02  0.2966934E+00  0.1099764E+01
  0.9589473E+01  0.1015435E+02  0.9828748E+01
  0.9924975E+01  0.1319896E+02  0.7623884E+01
  0.1548167E+02  0.1576962E+02  0.1046422E+02
  0.6494486E+02  0.2007287E+02  0.1130731E+02
  0.2673063E+01  0.1303953E+01  0.1101088E+02
  0.2793330E+01  0.2012918E+02  0.1385748E+02
  0.3103159E+00  0.1353380E+01  0.1351351E+02
  0.1391227E+01  0.2145577E+02  0.1233236E+02
  0.3963499E+01  0.2472995E+01  0.1247131E+02
  0.3869641E+01  0.2163940E+02  0.1519334E+02
  0.1216241E+01  0.2929271E+01  0.1506513E+02
  0.5479566E+01  0.2030703E+02  0.1112217E+02
  0.9297048E+01  0.5396895E+00  0.9294679E+01
  0.7642431E+01  0.2009503E+02  0.1349774E+02
  0.5363183E+01  0.1194397E+01  0.1380682E+02
  0.6589592E+01  0.1557465E+00  0.1234755E+02
  0.1214351E+02  0.5527139E+01  0.2159854E+02
  0.1130112E+02  0.1722080E+02  0.1347634E+02
  0.6600828E+01  0.3137546E+01  0.1449072E+02
  0.9444481E+01  0.1863089E+02  0.1281774E+02
  0.2095086E+02  0.9304258E+00  0.1514809E+02
  0.1972366E+02  0.1155512E+02  0.2079570E+02
  0.1878077E+02  0.1485723E+02  0.6084703E+01
  0.1200824E+02  0.1427035E+02  0.6839817E+01
  0.1956065E+02  0.4350482E+01  0.8121502E+01
  0.8240173E+01  0.1304856E+01  0.1112831E+02
  0.1868291E+02  0.3236901E+01  0.1326862E+02
  0.3954808E+02  0.6102528E+00  0.6922641E+00
  0.1616506E+02  0.4666581E+01  0.1751741E+02
  0.1899305E+02  0.9368561E+01  0.4333824E+01
  0.1933036E+02  0.2400814E+00  0.1241151E+02
  0.2548558E+02  0.2088034E+02  0.5187427E+01
  0.3137328E+02  0.1774461E+02  0.1209425E+02
  0.2632057E+02  0.7467155E+01  0.1788418E+02
  0.1100431E+02  0.1418075E+02  0.1587239E+02
  0.1827708E-02  0.4007577E+01  0.1055030E+02
  0.2790655E+01  0.6681484E+01  0.1039382E+02
  0.2762743E+01  0.4232729E+01  0.1356015E+02
  0.1498349E+00  0.6297158E+01  0.1379885E+02
  0.1443262E+01  0.5562142E+01  0.1197476E+02
  0.3940677E+01  0.8202602E+01  0.1204265E+02
  0.4012850E+01  0.5424958E+01  0.1498778E+02
  0.1455791E+01  0.7878588E+01  0.1498394E+02
  0.5195833E+01  0.3734156E+01  0.1079209E+02
  0.8091790E+01  0.6266094E+01  0.1138050E+02
  0.8930577E+01  0.3793375E+01  0.1374114E+02
  0.5402548E+01  0.6779120E+01  0.1357040E+02
  0.6646645E+01  0.4898011E+01  0.1261379E+02
  0.9687955E+01  0.7430701E+01  0.1302736E+02
  0.9922707E+01  0.3875246E+01  0.1875226E+02
  0.6971292E+01  0.8038998E+01  0.1496039E+02
  0.1192562E+02  0.3469688E+01  0.1173843E+02
  0.2339318E+02  0.1771844E+01  0.1235656E+02
  0.1257218E+02  0.4129125E+01  0.1929238E+01
  0.1144604E+02  0.5874556E+01  0.1590655E+02
  0.1537424E+02  0.8832644E+01  0.4497775E+01
  0.2533752E+02  0.2466631E+01  0.1609902E+02
  0.1368018E+02  0.1120628E+02  0.1566451E+02
  0.1706130E+02  0.1999831E+02  0.3128473E+01
  0.1071163E+02  0.2013981E+02  0.2093188E+02
  0.1083906E+02  0.1752117E+02  0.3118797E+01
  0.2051276E+02  0.9630257E+01  0.1936280E+02
  0.1507331E+02  0.1370580E+02  0.1489475E+01
  0.2484538E+02  0.5577174E+01  0.1852355E+02
  0.1369640E+02  0.7012305E+01  0.8298044E+01
  0.1001588E+02  0.4540189E+01  0.2132782E+02
  0.1940328E+02  0.5713733E+01  0.1018233E+02
  0.1640921E+00  0.9288194E+01  0.1101959E+02
  0.2863902E+01  0.1203668E+02  0.1068881E+02
  0.2676934E+01  0.9255687E+01  0.1369642E+02
  0.3027830E+00  0.1200676E+02  0.1343527E+02
  0.1507364E+01  0.1053786E+02  0.1205225E+02
  0.3987460E+01  0.1371303E+02  0.1226190E+02
  0.3917580E+01  0.1083032E+02  0.1501937E+02
  0.1335232E+01  0.1341418E+02  0.1493348E+02
  0.5658296E+01  0.9258150E+01  0.1089339E+02
  0.8368368E+01  0.1192398E+02  0.1099317E+02
  0.8291536E+01  0.9370904E+01  0.1339062E+02
  0.5267204E+01  0.1228544E+02  0.1375157E+02
  0.6796681E+01  0.1084790E+02  0.1231661E+02
  0.1337871E+02  0.1158882E+02  0.1159009E+02
  0.9351012E+01  0.1068624E+02  0.1510559E+02
  0.6724868E+01  0.1351043E+02  0.1509486E+02
  0.2486809E+02  0.1026989E+02  0.5506803E+01
  0.1156130E+02  0.2213277E+01  0.1958520E+02
  0.3309035E+02  0.1776621E+02  0.2535787E+01
  0.1523071E+02  0.1237359E+02  0.1886157E+02
  0.1778620E+02  0.2141982E+02  0.2053773E+02
  0.2473206E+02  0.9405679E+01  0.1935947E+02
  0.1463586E+02  0.5692040E+01  0.6587439E+01
  0.1467149E+02  0.6080633E+01  0.1866947E+02
  0.1596267E+02  0.6697961E+01  0.2082304E+02
  0.3060100E+02  0.2031584E+02  0.3110699E+01
  0.3277533E+02  0.6805336E+01  0.1733668E+02
  0.1617888E+02  0.6520481E+01  0.1459623E+02
  0.3649228E+02  0.1458021E+02  0.1661325E+02
  0.3617928E+02  0.9124521E+01  0.1917284E+02
  0.4417271E+02  0.1425110E+02  0.1767596E+02
  0.1611444E+02  0.3070951E+01  0.2971852E+01
  0.2800343E+00  0.1486964E+02  0.1093428E+02
  0.2597969E+01  0.1764845E+02  0.1105653E+02
  0.2788248E+01  0.1496608E+02  0.1386272E+02
  0.6500098E+02  0.1746144E+02  0.1403918E+02
  0.1326633E+01  0.1637086E+02  0.1252635E+02
  0.4010337E+01  0.1899194E+02  0.1233977E+02
  0.4264476E+01  0.1624075E+02  0.1509039E+02
  0.1509426E+01  0.1890851E+02  0.1516863E+02
  0.5613094E+01  0.1471733E+02  0.1097952E+02
  0.1132628E+02  0.2133199E+02  0.7336517E+01
  0.8268397E+01  0.1448700E+02  0.1343846E+02
  0.5283243E+01  0.1748626E+02  0.1339750E+02
  0.6894878E+01  0.1601829E+02  0.1233849E+02
  0.2771155E+02  0.1583611E+02  0.1879436E+00
  0.2001817E+02  0.1613320E+02  0.1625953E+02
  0.6428509E+01  0.1879422E+02  0.1511977E+02
  0.1343712E+02  0.1509695E+02  0.3299499E+01
  0.2405277E+02  0.1173549E+02  0.1978339E+02
  0.1580749E+02  0.7860784E+01  0.2473043E+01
  0.1728591E+02  0.1839635E+02  0.1389939E+02
  0.2145664E+02  0.9944142E+01  0.1462393E+02
  0.2634964E+02  0.1784679E+02  0.1088180E+00
  0.2577991E+02  0.3375929E+01  0.3703968E+01
  0.9679492E+01  0.1596042E+02  0.1465141E+02
  0.1085380E+02  0.1762319E+02  0.8540617E+01
  0.3310735E+02  0.3579388E+01  0.2115486E+02
  0.1584867E+02  0.1910717E+02  0.1781716E+02
  0.1870409E+02  0.9284392E+01  0.1093709E+02
  0.1585480E+02  0.7475690E+00  0.1297980E+02
  0.2475922E+02  0.1150095E+02  0.8853151E+01
  0.1840886E+02  0.3736440E+01  0.2927082E+01
  0.2244027E+02  0.1619159E+01  0.5132889E+01
  0.1488652E+00  0.2023399E+02  0.1658628E+02
  0.2477549E+01  0.1458090E+01  0.1636582E+02
  0.2952864E+01  0.2035234E+02  0.1919982E+02
  0.6512680E+02  0.1276419E+01  0.1913180E+02
  0.1493678E+01  0.2166136E+02  0.1779988E+02
  0.4310560E+01  0.2434998E+01  0.1748154E+02
  0.4496653E+01  0.2149781E+02  0.2052171E+02
  0.1552391E+01  0.2436426E+01  0.2055643E+02
  0.5379706E+01  0.2023442E+02  0.1649092E+02
  0.1118172E+02  0.2014463E+02  0.1632384E+02
  0.8446384E+01  0.2012412E+02  0.1863052E+02
  0.5569651E+01  0.1124715E+01  0.1889666E+02
  0.6951152E+01  0.2163320E+02  0.1761124E+02
  0.2542352E+02  0.1214808E+02  0.1374470E+02
  0.7724961E+01  0.2098358E+01  0.1637444E+02
  0.6769097E+01  0.2736095E+01  0.1980609E+02
  0.1688055E+02  0.1966856E+02  0.1099756E+02
  0.1445946E+02  0.3180741E+01  0.1724635E+02
  0.4416685E+02  0.1673827E+02  0.1064963E+02
  0.2503018E+02  0.1162195E+02  0.1149532E+02
  0.2461482E+02  0.1252298E+02  0.6636181E+01
  0.1369619E+02  0.1956491E+02  0.4613773E+01
  0.9935150E+01  0.1890689E+02  0.1476675E+01
  0.1185764E+02  0.8110204E+01  0.1272449E+02
  0.2147906E+02  0.6514986E+01  0.5849541E+01
  0.1600028E+02  0.8016078E+01  0.1773103E+02
  0.2722745E+02  0.1835586E+02  0.2398413E+01
  0.2747206E+02  0.4983975E+01  0.4933326E+00
  0.1444683E+02  0.1700696E+02  0.1633762E+02
  0.4790758E+02  0.6255178E+01  0.1915984E+02
  0.1741146E+02  0.1989914E+00  0.1118947E+02
  0.1112014E+02  0.6773215E+01  0.1586776E+01
  0.6512715E+02  0.4102007E+01  0.1662194E+02
  0.2760691E+01  0.6682623E+01  0.1637322E+02
  0.2763937E+01  0.3638946E+01  0.1891498E+02
  0.1107353E+00  0.6661896E+01  0.1927084E+02
  0.1434631E+01  0.5440151E+01  0.1783794E+02
  0.4132926E+01  0.8078472E+01  0.1757262E+02
  0.3919089E+01  0.5165314E+01  0.2046062E+02
  0.1446312E+01  0.8110362E+01  0.2041463E+02
  0.5393873E+01  0.3994677E+01  0.1612594E+02
  0.8274332E+01  0.6638502E+01  0.1610914E+02
  0.7981403E+01  0.3536506E+01  0.1814445E+02
  0.5238361E+01  0.6715836E+01  0.1926671E+02
  0.6600276E+01  0.5402877E+01  0.1764604E+02
  0.1031145E+02  0.5703539E+01  0.4366514E+01
  0.1206260E+02  0.9395319E+01  0.1922614E+02
  0.6777064E+01  0.7661109E+01  0.2079531E+02
  0.2306388E+02  0.1876084E+02  0.1612975E+02
  0.2023897E+02  0.4073661E+01  0.1310020E+01
  0.1031389E+02  0.2095898E+02  0.1288366E+02
  0.1238563E+02  0.5809885E+01  0.1220471E+02
  0.2827538E+02  0.1575069E+02  0.1386188E+02
  0.1250878E+02  0.1359486E+02  0.4842972E+01
  0.1357161E+02  0.3581646E+01  0.2074138E+02
  0.1228776E+02  0.8196803E+01  0.1622127E+02
  0.2638301E+02  0.8563852E+00  0.1301723E+01
  0.2689759E+02  0.1736902E+02  0.4673326E+01
  0.9347902E+01  0.1102386E+02  0.2021083E+02
  0.3279593E+02  0.1793430E+02  0.8057845E+01
  0.2016092E+02  0.7183415E+01  0.1218262E+02
  0.1797631E+02  0.1692821E+02  0.1698117E+02
  0.1405278E+02  0.3121811E+01  0.8634528E+01
  0.2262161E+02  0.1967571E+02  0.6529838E+01
  0.4103665E-01  0.9258001E+01  0.1633915E+02
  0.2652308E+01  0.1207565E+02  0.1633629E+02
  0.3092661E+01  0.9277765E+01  0.1928142E+02
  0.8518588E-01  0.1191266E+02  0.1923588E+02
  0.1542938E+01  0.1062611E+02  0.1798596E+02
  0.4075078E+01  0.1347052E+02  0.1772830E+02
  0.4316443E+01  0.1065509E+02  0.2052637E+02
  0.1191792E+01  0.1342318E+02  0.2069138E+02
  0.5509783E+01  0.9358535E+01  0.1610236E+02
  0.8304127E+01  0.1234213E+02  0.1633924E+02
  0.9386628E+01  0.7970646E+01  0.1773406E+02
  0.5436941E+01  0.1193676E+02  0.1903791E+02
  0.6938193E+01  0.1079547E+02  0.1762549E+02
  0.8229965E+01  0.1476005E+02  0.1871303E+02
  0.9447791E+01  0.1361252E+02  0.1158602E+01
  0.6783151E+01  0.1358868E+02  0.2025309E+02
  0.1650938E+02  0.1431317E+02  0.1340842E+02
  0.1960123E+02  0.1784772E+02  0.7746602E+01
  0.2042354E+02  0.1927581E+02  0.1780537E+02
  0.1058611E+02  0.1136369E+02  0.4475387E+01
  0.1469904E+02  0.5595751E+01  0.1155760E+02
  0.1500077E+02  0.4720568E+01  0.3764980E+00
  0.1938336E+02  0.1480196E+02  0.2048176E+02
  0.3217923E+02  0.1166624E+02  0.9573856E+01
  0.1238686E+02  0.2735311E+01  0.1559201E+02
  0.1873248E+02  0.1108623E+02  0.1267080E+02
  0.2786014E+02  0.1562148E+01  0.1930548E+02
  0.1567650E+02  0.8787776E+01  0.1374424E+02
  0.2207607E+02  0.9826792E+01  0.1218840E+02
  0.1015882E+02  0.2147193E+01  0.1504119E+02
  0.3256735E+02  0.1944299E+02  0.1739812E+02
  0.2064126E+02  0.1841558E+01  0.1103951E+02
  0.3478301E-02  0.1478315E+02  0.1642850E+02
  0.2634515E+01  0.1751897E+02  0.1653946E+02
  0.2491917E+01  0.1449184E+02  0.1925038E+02
  0.8275928E-01  0.1768232E+02  0.1913151E+02
  0.1242454E+01  0.1611340E+02  0.1786484E+02
  0.4042406E+01  0.1883942E+02  0.1789768E+02
  0.3978437E+01  0.1597305E+02  0.2009689E+02
  0.1580970E+01  0.1897091E+02  0.2049338E+02
  0.5646000E+01  0.1482592E+02  0.1647602E+02
  0.8237458E+01  0.1733876E+02  0.1580642E+02
  0.9927345E+01  0.1329669E+02  0.1768001E+02
  0.5567476E+01  0.1756082E+02  0.1906208E+02
  0.6826496E+01  0.1655009E+02  0.1747162E+02
  0.9627376E+01  0.1852133E+02  0.1714309E+02
  0.1084721E+02  0.1521973E+02  0.1893266E-02
  0.7287836E+01  0.1904080E+02  0.2016047E+02
  0.1138670E+02  0.8483619E+01  0.1002364E+02
  0.1861100E+02  0.1142421E+02  0.2830638E+01
  0.1341005E+02  0.1275443E+02  0.9483320E+01
  0.9703305E+01  0.2366580E+01  0.9448072E+00
  0.3670129E+02  0.3921641E+01  0.2045863E+02
  0.2268951E+02  0.2116632E+02  0.1609937E+02
  0.2574063E+02  0.3758596E+00  0.1729243E+02
  0.1883040E+02  0.1734347E+02  0.1139372E+02
  0.1244342E+02  0.9835781E+01  0.8465619E+01
  0.1248390E+02  0.1936266E+02  0.1063460E+02
  0.1079387E+02  0.9807750E+01  0.1669495E+02
  0.2284403E+02  0.1851393E+02  0.3017766E+01
  0.1595176E+02  0.9400779E+01  0.1968940E+02
  0.1748548E+02  0.2780700E+01  0.1835402E+02
  0.2235754E+02  0.1516478E+02  0.6234151E+01
  0.2314090E+02  0.1632338E+02  0.2401021E+01
  0.3756973E+02  0.1212023E+02  0.1312601E+02
  0.3884149E+02  0.1482815E+02  0.9148906E-01
  0.1745152E+02  0.1447849E+02  0.1694144E+02
  0.2710087E+02  0.8735686E+01  0.1978465E+02
  0.3984343E+02  0.8505857E+01  0.2112381E+02
  0.4584519E+02  0.2166276E+02  0.2128150E+02
  0.4797235E+02  0.4563205E-01  0.1043328E+02
  0.3621540E+02  0.1911187E+02  0.1765031E+02
  0.4551941E+02  0.1875367E+02  0.3756164E+01
  0.2419041E+02  0.1896940E+02  0.5066818E+01
  0.2388892E+02  0.9743395E+01  0.1469500E+02
  0.3587041E+02  0.1043867E+02  0.4611757E+01
  0.2996800E+02  0.4736654E+01  0.2161404E+02
  0.4569786E+02  0.9846088E+01  0.1596745E+02
  0.3419883E+02  0.2027371E+02  0.6155522E+01
  0.4135111E+02  0.1962056E+02  0.2767413E+01
  0.2550062E+02  0.9181417E+01  0.1152710E+02
  0.3174359E+02  0.1251403E+02  0.1281020E+02
  0.4293049E+02  0.1903293E+02  0.2796570E+00
  0.1534347E+02  0.1681363E+02  0.7833526E+01
  0.3527443E+02  0.1105760E+02  0.1395039E+02
  0.3136506E+02  0.2135148E+02  0.1857644E+02
  0.2646535E+02  0.7825019E+01  0.8346674E+01
  0.2276046E+02  0.1979328E+02  0.1136682E+01
  0.5282656E+02  0.1572330E+02  0.2032552E+02
  0.1363153E+02  0.1150007E+01  0.1845533E+02
  0.3480347E+02  0.3479747E+01  0.5829469E+01
  0.3985803E+02  0.2249729E+01  0.2481332E+01
  0.2079156E+02  0.1506839E+02  0.4537485E+01
  0.3482410E+02  0.1166404E+02  0.6389205E+01
  0.4519739E+02  0.1527982E+02  0.1249057E+02
  0.2523549E+02  0.5133771E+01  0.2034288E+01
  0.3948392E+02  0.8894698E+01  0.6023473E+01
  0.3468912E+02  0.8601394E+01  0.2016484E+01
  0.3991739E+02  0.1404488E+01  0.1693801E+02
  0.2294668E+02  0.1692404E+01  0.1944613E+02
  0.5543425E+02  0.6019975E+01  0.8718997E+01
  0.3037354E+02  0.1443323E+02  0.1358860E+02
  0.2787663E+02  0.1538594E+02  0.1133840E+02
  0.3933885E+02  0.4846894E+01  0.9285138E+00
  0.3947055E+02  0.2091372E+02  0.2887091E+01
  0.4666299E+02  0.6952265E+01  0.3492929E+01
  0.2837674E+02  0.1541397E+02  0.5288926E+01
  0.2831213E+02  0.5180450E+01  0.1848479E+02
  0.3699226E+02  0.6850860E+01  0.1137241E+02
  0.3009869E+02  0.9923012E+01  0.1708128E+02
  0.1752207E+02  0.1981314E+02  0.8747405E+01
  0.2702830E+02  0.1054135E+02  0.2764046E+01
  0.4061467E+02  0.1010847E+02  0.7762803E+01
  0.3793805E+02  0.6847310E+01  0.1371039E+02
  0.3911080E+02  0.1550742E+02  0.1967139E+02
  0.1455666E+02  0.5713328E+01  0.2340802E+01
  0.3273155E+02  0.2088461E+02  0.1345010E+02
  0.2769180E+02  0.4300707E+01  0.5006835E+01
  0.3535614E+02  0.1717032E+01  0.1458598E+02
  0.3483975E+02  0.1561691E+02  0.2150224E+02
  0.1916335E+02  0.1969370E+02  0.1166086E+02
  0.4782903E+02  0.6065957E+01  0.1507489E+01
  0.3883700E+02  0.4696609E+01  0.1486077E+02
  0.3468343E+02  0.9179316E+00  0.2017750E+02
  0.1981278E+02  0.1181003E+02  0.1470521E+02
  0.4323090E+02  0.5361663E+01  0.2134412E+02
  0.1801032E+02  0.8835394E+01  0.1666015E+02
  0.5278523E+02  0.1837081E+02  0.1383391E+02
  0.2373171E+02  0.1821772E+02  0.8174948E+01
  0.2377505E+02  0.6030761E+01  0.1333651E+02
  0.1748252E+02  0.1397675E+02  0.2386142E+01
  0.1335094E+02  0.1716840E+02  0.4887258E+01
  0.3126750E+02  0.1847904E+02  0.1567242E+02
  0.1797700E+02  0.5175839E+01  0.2073509E+02
  0.3499744E+02  0.1470030E+02  0.1388165E+02
  0.3875622E+02  0.2161491E+02  0.1848364E+02
  0.3954443E+02  0.6272062E+01  0.9850895E+01
  0.2482606E+02  0.3903803E+01  0.2157595E+02
  0.2584840E+02  0.1642547E+02  0.1070841E+02
  0.1647327E+02  0.1196992E+02  0.9184227E+01
  0.1865504E+02  0.1041535E+02  0.7849996E+00
  0.4255419E+02  0.1536847E+01  0.4573961E+01
  0.3826192E+02  0.1852789E+02  0.8152964E+01
  0.3914010E+02  0.1645998E+02  0.3791121E+01
  0.3092093E+02  0.1571847E+02  0.6408677E+00
  0.1504372E+02  0.1201898E+02  0.4945477E+01
  0.3239018E+02  0.1169717E+02  0.6384292E+01
  0.2854851E+02  0.1123176E+02  0.7507692E+01
  0.4106656E+02  0.1073249E+02  0.1781676E+02
  0.3060808E+02  0.6184863E+01  0.8909907E+01
  0.2231817E+02  0.9828519E+01  0.6157158E+01
  0.3868386E+02  0.1007823E+02  0.1364386E+02
  0.9083237E+01  0.1633082E+02  0.9660589E+01
  0.3315590E+02  0.7473571E+01  0.4410767E+01
  0.4808933E+02  0.8510688E+01  0.8309357E+00
  0.3712866E+02  0.8232672E+01  0.5785413E+01
  0.3572931E+02  0.5361871E+01  0.1696727E+02
  0.5189422E+02  0.8271408E+01  0.5972862E+01
  0.4189644E+02  0.1065488E+02  0.5752430E+01
  0.2273041E+02  0.5251084E+01  0.2171711E+02
  0.1977220E+02  0.4566284E+01  0.5761476E+01
  0.2518147E+02  0.1596542E+02  0.3621916E+01
  0.1951517E+02  0.3446097E+01  0.1943107E+02
  0.2425065E+02  0.1830244E+02  0.1407005E+02
  0.3559998E+02  0.5652540E+01  0.1658940E+01
  0.2630414E+02  0.1856457E+02  0.1109835E+02
  0.2894408E+02  0.2950679E+01  0.3528946E+01
  0.3008737E+02  0.8708398E+01  0.3069186E+01
  0.3077930E+02  0.8761701E+01  0.1264540E+02
  0.2960743E+02  0.2037986E+02  0.1160949E+02
  0.4631113E+02  0.1876822E+01  0.1039529E+02
  0.3770937E+02  0.1684282E+02  0.1645276E+02
  0.4655565E+02  0.1114538E+02  0.1137149E+02
  0.2615589E+02  0.1957223E+02  0.1325252E+02
  0.2134795E+02  0.7513362E+01  0.1822929E+02
  0.5472877E+02  0.1891812E+02  0.1659008E+02
  0.2027110E+02  0.1675499E+02  0.9624187E+01
  0.2950092E+02  0.6450445E+01  0.5236352E+01
  0.2631027E+02  0.4271526E+01  0.1047086E+02
  0.3046180E+02  0.1883489E+02  0.1002119E+02
  0.4259800E+02  0.1664532E+02  0.1452760E+02
  0.1798424E+02  0.1930238E+02  0.5193069E+01
  0.4635668E+02  0.1605774E+02  0.1003105E+02
  0.4381641E+02  0.2590437E+01  0.9711341E+00
  0.2495208E+02  0.8356870E+01  0.1534636E+01
  0.4463112E+02  0.2727635E+01  0.1211329E+02
  0.2981971E+02  0.1641810E+02  0.1069317E+02
  0.4420811E+02  0.5551777E+01  0.1419349E+02
  0.3600625E+02  0.3698361E+00  0.3173341E+01
  0.3123279E+02  0.1196546E+01  0.1397080E+02
  0.2608158E+02  0.2090905E+02  0.1037347E+02
  0.2094614E+02  0.3181020E+01  0.1594165E+02
  0.1001940E+02  0.1930295E+02  0.6566881E+01
  0.3184072E+02  0.1378321E+02  0.7381266E+01
  0.2293852E+02  0.1471206E+02  0.1462436E+02
  0.1350408E+02  0.9903369E+01  0.3202484E+01
  0.3254253E+02  0.7580679E+01  0.1972465E+00
  0.2564186E+02  0.1909122E+02  0.8768495E+01
  0.4895453E+02  0.1399295E+02  0.1202122E+02
  0.1236506E+02  0.6202181E+01  0.3447686E+01
  0.1176984E+02  0.9071931E+01  0.2147175E+01
  0.4461250E+02  0.1899969E+02  0.6738487E+01
  0.4065483E+02  0.1989965E+02  0.1678485E+02
  0.3085298E+02  0.1691261E+02  0.8428190E+01
  0.1077047E+02  0.2114149E+02  0.1069912E+02
  0.5160349E+02  0.1604270E+02  0.7327386E+01
  0.3489355E+02  0.9098482E+01  0.1544048E+02
  0.3144866E+02  0.2010449E+02  0.2163981E+02
  0.9329139E+01  0.1063409E+02  0.1457397E+01
  0.4470411E+02  0.1933649E+02  0.1412422E+02
  0.3275055E+02  0.5135896E+01  0.1009744E+02
  0.3185964E+02  0.1172868E+02  0.1712772E+02
  0.3479669E+02  0.1809688E+01  0.8053513E+01
  0.3524218E+02  0.2085667E+02  0.2155337E+02
  0.3542307E+02  0.1218878E+02  0.1016452E+02
  0.2787603E+02  0.6224003E+01  0.3617561E+01
  0.1681414E+02  0.1840625E+01  0.2160499E+02
  0.3458957E+02  0.7104638E+00  0.1115229E+02
  0.1522926E+02  0.3486499E+01  0.1068344E+02
  0.3052564E+02  0.1786007E+02  0.3003738E+01
  0.3514905E+02  0.3793802E+01  0.1868022E+02
  0.3643125E+02  0.1799575E+02  0.2347402E+01
  0.3892522E+02  0.1574423E+02  0.1296646E+02
  0.3481144E+02  0.1925702E+02  0.1006700E+02
  0.2131548E+02  0.8560412E+01  0.4273123E+01
  0.1473837E+02  0.1100450E+02  0.1543421E+01
  0.1821527E+02  0.8752545E+01  0.1900859E+02
  0.3124162E+02  0.8559205E+01  0.5364162E+01
  0.4950030E+02  0.6588903E+01  0.1312881E+02
  0.3550842E+02  0.7293230E+01  0.3591352E+01
  0.2328379E+02  0.1398092E+02  0.1705742E+02
  0.2478769E+02  0.1693662E+02  0.5842060E+01
  0.4070407E+02  0.1677403E+02  0.5332296E+01
  0.4062190E+02  0.3113813E+01  0.5317747E+01
  0.3676789E+02  0.2015228E+02  0.8848920E+01
  0.2488958E+02  0.2812849E+01  0.8939785E+01
  0.3448537E+02  0.2054059E+02  0.3763976E+01
  0.2974646E+02  0.7070472E+01  0.1477651E+02
  0.2881288E+02  0.1278741E+02  0.5443960E+01
  0.4286880E+02  0.1203113E+02  0.1358426E+02
  0.2262222E+02  0.2164109E+02  0.1358012E+02
  0.2416196E+02  0.1532323E+02  0.1246266E+02
  0.4212690E+02  0.1289535E+01  0.1745187E+02
  0.5161868E+02  0.7354237E+01  0.9403912E+01
  0.2120041E+02  0.1900617E+02  0.1998420E+02
  0.4193256E+02  0.1064080E+02  0.2097277E+01
  0.2549365E+02  0.6399960E+01  0.6501308E+01
  0.3791873E+02  0.6445002E+01  0.4191277E+01
  0.4105181E+02  0.1927318E+02  0.5401686E+01
  0.2046727E+02  0.1275375E+02  0.3652155E+01
  0.1616643E+02  0.3036375E+01  0.1382574E+02
  0.1702878E+02  0.5012777E+01  0.9944512E+01
  0.4259706E+02  0.1548105E+02  0.4961891E+01
  0.2499749E+02  0.1246798E+02  0.1749997E+02
  0.3148449E+02  0.1421767E+00  0.1166458E+02
  0.1675537E+02  0.5205657E+01  0.1291325E+02
  0.4073643E+02  0.5998291E+01  0.7792764E+01
  0.3898014E+02  0.2614826E+01  0.7760698E+01
  0.4806751E+02  0.7140609E+01  0.9348520E+01
  0.2973804E+02  0.4888922E+01  0.1550246E+02
  0.1493635E+02  0.3621362E+01  0.5110732E+01
  0.3227881E+02  0.1037961E+02  0.1166956E+02
  0.2000729E+02  0.1770981E+02  0.1156194E+01
  0.3371271E+02  0.1344218E+02  0.9116259E+01
  0.3048023E+02  0.1534867E+02  0.6754825E+01
  0.4277735E+02  0.6838049E+01  0.1954606E+01
  0.2098793E+02  0.1336521E+02  0.3934082E+00
  0.4072233E+02  0.2800815E+01  0.1128205E+02
  0.2613609E+02  0.1641108E+02  0.1714496E+02
  0.3333016E+02  0.1522138E+02  0.1055598E+02
  0.3056522E+02  0.1562670E+02  0.4306007E+01
  0.3952372E+02  0.1673502E+02  0.7359512E+01
  0.4887099E+02  0.1666477E+02  0.5053175E+01
  0.5408060E+02  0.1636026E+02  0.1417795E+02
  0.2623283E+02  0.1114706E+02  0.1594136E+02
  0.3920834E+02  0.1037496E+02  0.1612974E+02
  0.4231017E+02  0.1878868E+02  0.1378915E+02
  0.3433677E+02  0.1696817E+02  0.9419191E+01
  0.1937181E+02  0.2096475E+02  0.1646471E+02
  0.4109802E+02  0.4352675E+01  0.1575890E+02
  0.3138034E+02  0.8754284E+01  0.2028638E+02
  0.4588125E+02  0.4623563E+01  0.2305369E+01
  0.3722145E+02  0.8736660E+01  0.1513317E+02
  0.3394832E+02  0.5857201E+01  0.1521335E+02
  0.2375528E+02  0.2154774E+02  0.9907495E+01
  0.2285598E+02  0.2099231E+01  0.1009061E+02
  0.3208209E+02  0.2039440E+02  0.7080694E+01
  0.3297937E+02  0.4904097E+01  0.1900888E+02
  0.2168070E+02  0.1105024E+02  0.2960430E+00
  0.4019088E+02  0.9340303E+00  0.4302398E+01
  0.1573164E+02  0.1647468E+02  0.5239423E+01
  0.1774684E+02  0.7056978E+01  0.3845177E+01
  0.1332038E+02  0.1446646E+02  0.1127409E+02
  0.2182411E+02  0.1183189E+02  0.1099563E+02
  0.4946775E+02  0.1201231E+02  0.1642904E+02
  0.3672851E+02  0.1820426E+02  0.2072357E+02
  0.1888573E+02  0.1307896E+02  0.1911920E+02
  0.3012845E+02  0.1352053E+02  0.3111447E+01
  0.4340453E+02  0.1349560E+02  0.7977159E+01
  0.3610113E+02  0.1336278E+02  0.5636065E+01
  0.1426522E+02  0.1327260E+02  0.1312584E+02
  0.2364116E+02  0.1476669E+02  0.4554523E+00
  0.3198943E+02  0.4872860E+01  0.1597601E+02
  0.2865293E+02  0.3247586E+00  0.5210442E+01
  0.2793019E+02  0.1814930E+02  0.1414080E+02
  0.3399641E+02  0.6509627E+01  0.8202671E+01
  0.3688066E+02  0.2662185E+00  0.1043897E+02
  0.2673525E+02  0.9057354E+00  0.6229597E+01
  0.1329008E+02  0.2028264E+02  0.8138554E+01
  0.2680935E+02  0.1237615E+02  0.1020269E+02
  0.2447086E+02  0.1451539E+01  0.2127804E+02
  0.2237836E+02  0.1325906E+02  0.1997344E+02
  0.1642935E+02  0.1189285E+02  0.6552244E+01
  0.2735792E+02  0.2164422E+02  0.1530819E+02
  0.3097408E+02  0.2388116E+01  0.2191082E+01
  0.3557771E+02  0.1030357E+02  0.3960620E+00
  0.2961029E+02  0.1217682E+02  0.1399951E+02
  0.4309308E+02  0.1640612E+02  0.1701110E+02
  0.2468746E+02  0.1475465E+02  0.7238269E+01
  0.3305668E+02  0.1202892E+02  0.9778990E+00
  0.2307404E+02  0.6748882E+01  0.9551970E+01
  0.4303988E+02  0.3326378E+01  0.1656443E+02
  0.1238481E+02  0.2158733E+02  0.5251569E+01
  0.5178326E+02  0.1985200E+02  0.7840412E+01
  0.3177474E+02  0.1008921E+02  0.8074209E+01
  0.3579280E+02  0.2746547E+01  0.1207559E+02
  0.1540967E+02  0.2550802E+01  0.1951246E+02
  0.1997323E+02  0.8125045E+01  0.1425084E+02
  0.3683228E+02  0.8967132E+01  0.8372550E+01
  0.4345972E+02  0.1293962E+02  0.3544822E+01
  0.2202717E+02  0.9075352E+01  0.9682308E+01
  0.4074940E+02  0.1322571E+02  0.1812555E+02
  0.4632419E+02  0.8013259E+01  0.1446002E+02
  0.3795861E+02  0.1757274E+02  0.1877295E+02
  0.3425564E+02  0.1448339E+02  0.7047132E+01
  0.2266886E+02  0.1173360E+02  0.1664621E+02
  0.3832591E+02  0.5156507E+01  0.7998822E+01
  0.5060910E+02  0.4714467E+01  0.1776692E+02
  0.2362415E+02  0.1349670E+02  0.1096233E+02
  0.4462662E+02  0.1468184E+02  0.2178338E+00
  0.4243139E+02  0.7163902E+01  0.1983468E+02
  0.4014001E+02  0.1076510E+02  0.2013044E+02
  0.3045529E+02  0.4621839E+01  0.6561783E+01
  0.4957598E+02  0.1159499E+02  0.8241361E-01
  0.3671052E+02  0.1937298E+01  0.1655675E+02
  0.4587051E+02  0.5265288E+01  0.1246609E+02
  0.2150269E+02  0.8670435E+01  0.2111001E+02
  0.2388537E+02  0.1000539E+00  0.6419862E+01
  0.9966005E+01  0.3006783E+00  0.1971581E+02
  0.1707478E+02  0.4000841E+01  0.7880850E+00
  0.2750512E+02  0.9352530E+01  0.1254372E+02
  0.4672212E+02  0.1735705E+00  0.1657818E+02
  0.2431312E+02  0.4547320E+01  0.5483391E+01
  0.3770338E+02  0.1107657E+02  0.2112358E+02
  0.2334243E+02  0.7540394E+01  0.7276770E+01
  0.2521514E+02  0.1266112E+02  0.2995976E+01
  0.4893517E+02  0.3518192E+01  0.3647427E+01
  0.3040694E+02  0.1575318E+02  0.1898186E+02
  0.5106725E+02  0.1909491E+02  0.1154406E+02
  0.3484319E+02  0.4068052E+01  0.1396123E+02
  0.3382887E+02  0.1276254E+02  0.1411642E+02
  0.2059285E+02  0.2026623E+02  0.6582130E+00
  0.2989136E+02  0.9305803E+01  0.7273036E+01
  0.1530427E+02  0.2140122E+02  0.1859726E+02
  0.3334526E+02  0.7482726E+00  0.1519454E+02
  0.2255123E+02  0.5715598E+01  0.1939237E+02
  0.4342499E+02  0.1263831E+02  0.1602644E+02
  0.3244742E+02  0.4048818E+01  0.2738146E+01
  0.2952979E+02  0.1449352E+02  0.2082367E+02
  0.1688671E+02  0.1924053E+02  0.2000960E+02
  0.2220509E+02  0.1132632E+02  0.8683141E+01
  0.2903683E+02  0.2061343E+02  0.1659306E+00
  0.3013695E+02  0.1253186E+02  0.8723673E+01
  0.4248610E+02  0.1442714E+02  0.1372715E+02
  0.3524098E+02  0.2432934E+01  0.2162777E+02
  0.1751802E+02  0.1505919E+02  0.1149259E+02
  0.4732755E+02  0.1259918E+02  0.9994783E+00
  0.5144580E+02  0.1037893E+02  0.1614796E+02
  0.4117424E+02  0.5508182E+01  0.1859849E+02
  0.3697955E+02  0.1199496E+02  0.2890126E+01
  0.4800478E+02  0.1841660E+02  0.7494441E+01
  0.2632423E+02  0.4301624E+01  0.1712148E+02
  0.3516395E+02  0.1426005E+02  0.1160926E+02
  0.3484433E+02  0.5542416E+01  0.1167226E+02
  0.2326373E+02  0.3249641E+01  0.3527297E+01
  0.2195238E+02  0.5353931E+01  0.7793068E+01
  0.4504996E+02  0.1604489E+02  0.1472756E+02
  0.2857492E+02  0.1042568E+02  0.4820733E+01
  0.3488415E+02  0.1917549E+02  0.1969531E+02
  0.3005218E+02  0.1924381E+02  0.1356154E+02
  0.4328895E+02  0.1253053E+02  0.3417591E-01
  0.1835522E+02  0.7384839E+00  0.1477708E+02
  0.2379313E+02  0.1607999E+02  0.9328460E+01
  0.3872602E+02  0.9738253E+01  0.1841453E+02
  0.1814154E+02  0.1114168E+02  0.1643148E+02
  0.3238175E+02  0.1880418E+02  0.1984054E+02
  0.2588575E+02  0.9505052E-01  0.1993364E+02
  0.1846485E+02  0.1582846E+02  0.1027622E+01
  0.3859956E+02  0.1252737E+02  0.1139778E+01
  0.3112755E+02  0.2049057E+01  0.2157772E+02
  0.4593020E+02  0.6002602E+01  0.1569129E+02
  0.2565090E+02  0.1162425E+02  0.1753229E-01
  0.4383058E+02  0.5623498E+01  0.6014100E+01
  0.3565829E+02  0.1413430E+02  0.3231528E+01
  0.3849996E+02  0.1037350E+02  0.4078193E+01
  0.1547944E+02  0.6954887E+01  0.9961318E+01
  0.2059937E+02  0.6610905E+01  0.1594262E+02
  0.2505349E+02  0.2015376E+02  0.2157808E+02
  0.2325591E+02  0.6451209E+01  0.1739157E+01
  0.4268159E+02  0.1579633E+02  0.8744216E+01
  0.4097321E+02  0.1494488E+02  0.1207121E+02
  0.4232455E+02  0.7494395E+01  0.6851272E+01
  0.1348599E+02  0.1881336E+02  0.2129098E+02
  0.4671260E+02  0.1201190E+02  0.2045719E+02
  0.1852591E+02  0.1261761E+02  0.5442515E+01
  0.4429250E+02  0.7673732E+01  0.1834264E+02
  0.2884017E+02  0.7211293E+01  0.1959597E+02
  0.3431863E+02  0.1326037E+02  0.2088433E+02
  0.3081160E+02  0.1533664E+02  0.1569167E+02
  0.1786402E+02  0.2159667E+02  0.6249724E+01
  0.2050185E+02  0.1406383E+02  0.7490993E+01
  0.3586569E+02  0.3962397E+01  0.9879599E+01
  0.3306523E+02  0.1612550E+02  0.1276780E+02
  0.1678482E+02  0.9446178E+01  0.6505845E+01
  0.4806753E+02  0.1106565E+02  0.8246746E+01
  0.9567531E+01  0.1645043E+02  0.5156886E+01
  0.2697647E+02  0.9937766E+01  0.3365970E+00
  0.3108696E+02  0.1430494E+02  0.1118743E+02
  0.1551252E+02  0.1408307E+02  0.3997306E+01
  0.4509381E+02  0.1544274E+02  0.7818203E+01
  0.2669661E+02  0.7469404E+01  0.1643838E+00
  0.2022448E+02  0.2514503E+01  0.4112271E+01
  0.2873732E+02  0.4777418E+01  0.9747368E+01
  0.3427501E+02  0.2907544E+01  0.3815879E+01
  0.4322011E+02  0.1331667E+01  0.1931192E+02
  0.1506246E+02  0.1041919E+02  0.1016083E+02
  0.4502649E+02  0.2151622E+02  0.1903300E+02
  0.5112814E+02  0.1110441E+02  0.8832588E+01
  0.5335835E+02  0.1601853E+02  0.5604294E+01
  0.2642237E+02  0.1455064E+02  0.1645395E+01
  0.5352819E+02  0.1138404E+02  0.1611407E+02
  0.3765201E+02  0.4133805E+01  0.1668305E+02
  0.2956195E+02  0.3572904E+01  0.1937471E+02
  0.1785217E+02  0.3246798E+01  0.6713830E+01
  0.4006083E+02  0.9196230E+01  0.1212654E+02
  0.3195061E+02  0.1212369E+01  0.7015801E+01
  0.2521755E+02  0.7357443E+01  0.1011684E+02
  0.1990942E+02  0.2011353E+01  0.8802890E+01
  0.3867414E+02  0.8306680E+01  0.1038539E+02
  0.3459780E+02  0.1614914E+01  0.1792924E+02
  0.2169603E+02  0.3733274E+01  0.1832216E+02
  0.2552564E+02  0.1424332E+02  0.9751627E+01
  0.2226225E+02  0.5170411E+01  0.1477908E+02
  0.3246946E+02  0.1981255E+02  0.9430559E+01
  0.4652218E+02  0.2458437E+01  0.1495590E+02
  0.3282298E+02  0.2873521E+01  0.8751466E+01
  0.3735735E+02  0.5890250E+01  0.1020857E+00
  0.3649392E+02  0.2022494E+02  0.1438275E+02
  0.2844981E+02  0.2053500E+02  0.2582894E+01
  0.5295488E+02  0.4443080E+01  0.2165000E+02
  0.3145375E+02  0.1414133E+02  0.1753906E+02
  0.1077072E+02  0.5948619E+01  0.1832082E+02
  0.3071643E+02  0.4633875E+01  0.1121747E+02
  0.4649989E+02  0.7471311E+01  0.1764354E+02
  0.4007079E+02  0.3115646E+01  0.1371268E+02
  0.1893861E+02  0.1335180E+02  0.1060640E+02
  0.2755538E+02  0.2002886E+02  0.1998304E+02
  0.3459146E+02  0.1101617E+02  0.2458335E+01
  0.3188058E+02  0.1831633E+02  0.4877407E+01
  0.1799069E+02  0.2543667E+00  0.3816954E+01
  0.4051528E+02  0.1143031E+02  0.3951349E+01
  0.5483144E+02  0.3348883E+01  0.1668557E+02
  0.3027291E+02  0.2898912E+01  0.9413430E+01
  0.1885896E+02  0.4097617E+01  0.1535034E+02
  0.4093592E+02  0.1655535E+02  0.1014640E+02
  0.3249023E+02  0.8890503E+01  0.2358557E+01
  0.1286794E+02  0.1258849E+02  0.1926422E+02
  0.2625788E+02  0.1010336E+02  0.7539920E+01
  0.2361734E+02  0.9435680E+01  0.2163484E+02
  0.2793044E+02  0.2807086E+01  0.1383905E+01
  0.2294716E+02  0.1576432E+02  0.2000843E+02
  0.1459064E+02  0.2051715E+02  0.9957462E+01
  0.4093606E+02  0.1236992E+02  0.2854040E+00
  0.4284973E+02  0.4124233E+01  0.1100544E+02
  0.4962150E+02  0.2277442E+01  0.5317030E+00
  0.3283194E+02  0.1025373E+02  0.1879772E+02
  0.3781912E+02  0.7965509E+01  0.2077462E+02
  0.2783522E+02  0.1025145E+02  0.1799643E+02
  0.3841569E+02  0.2271718E+01  0.5508030E+01
  0.3429059E+02  0.8566923E+01  0.1764204E+02
  0.4756236E+02  0.2081710E+02  0.1276880E+02
  0.5097219E+02  0.1709705E+02  0.1960858E+02
  0.1217752E+02  0.2076363E+02  0.1432564E+02
  0.2763344E+02  0.5180510E+01  0.7319461E+01
  0.2236961E+02  0.1770486E+02  0.1282760E+02
  0.1154116E+02  0.1740738E+01  0.8458346E+01
  0.1090380E+02  0.1145916E+02  0.1839178E+02
  0.2353542E+02  0.1976681E+02  0.1956911E+02
  0.2889221E+02  0.1341167E+02  0.1043406E+02
  0.2608488E+02  0.1463739E+02  0.1379126E+02
  0.4991842E+02  0.1884333E+02  0.4632338E+01
  0.2395854E+02  0.8323056E+01  0.1301203E+02
  0.3065732E+02  0.2046578E+02  0.5220038E+01
  0.2497120E+02  0.9138851E+01  0.1695146E+02
  0.3247236E+02  0.2173780E+00  0.2064069E+02
  0.2749335E+02  0.1806365E+02  0.1652544E+02
  0.2875363E+02  0.3182592E+01  0.1388634E+02
  0.4898569E+02  0.1182097E+02  0.2556531E+01
  0.3844902E+02  0.2720015E+01  0.1984241E+02
  0.3233320E+02  0.5371909E+00  0.2717964E+01
  0.4001303E+02  0.1368041E+02  0.2927690E+01
  0.4764844E+02  0.1619537E+02  0.1778822E+02
  0.4134755E+02  0.1758380E+02  0.1830550E+02
  0.2901050E+02  0.1445168E+01  0.7954341E+01
  0.4279537E+02  0.1003841E+02  0.8924594E+01
  0.8608846E+01  0.7575867E+01  0.9154610E+00
  0.4277100E+02  0.2105895E+02  0.1617721E+02
  0.1266005E+02  0.4510668E+01  0.1437658E+02
  0.9292463E+01  0.2156797E+02  0.1496714E+02
  0.2232605E+02  0.1973105E+02  0.9642047E+01
  0.1477993E+02  0.9387028E+01  0.7870686E+01
  0.3729608E+02  0.1178811E+02  0.1873703E+02
  0.1464552E+02  0.1454319E+02  0.2082882E+02
  0.1986479E+02  0.7956842E+01  0.9254217E+01
  0.3251805E+02  0.1658383E+02  0.1494543E+02
  0.3024071E+02  0.2148987E+01  0.1219202E+02
  0.4446595E+02  0.1270934E+02  0.1955272E+02
  0.1516811E+02  0.2052504E+02  0.2100571E+02
  0.4000382E+02  0.1929311E+02  0.1306376E+02
  0.1500247E+02  0.1844397E+02  0.1353886E+02
  0.2326801E+02  0.1751588E+01  0.1592351E+01
  0.4363241E+02  0.3205137E+01  0.6909736E+01
  0.2690221E+02  0.4702245E-01  0.1275464E+02
  0.2445231E+02  0.1790291E+02  0.1799944E+02
  0.4601013E+02  0.1761046E+02  0.1322776E+02
  0.9635233E+01  0.5204148E+01  0.9683433E+01
  0.2345205E+02  0.1291705E-01  0.1820814E+02
  0.2702653E+02  0.2862535E+01  0.7900760E+01
  0.3286294E+02  0.4597602E+01  0.7013423E+01
  0.3890847E+02  0.1930560E+02  0.1101622E+02
  0.2742660E+02  0.1458237E+02  0.1589082E+02
  0.4719893E+02  0.1211829E+02  0.6424184E+01
  0.5239591E+02  0.5426624E+01  0.1613019E+02
  0.2876301E+02  0.1645359E+02  0.2141844E+01
  0.1274007E+02  0.6961509E+01  0.1975783E+02
  0.2708511E+02  0.1764135E+02  0.1934302E+02
  0.1618347E+02  0.1098065E+02  0.3128115E+01
  0.1757264E+02  0.1818911E+02  0.1237755E+01
  0.2955851E+02  0.1109624E+02  0.2650067E+01
  0.4197857E+02  0.6431511E+01  0.1645517E+02
  0.3438010E+02  0.7343253E+01  0.1332046E+02
  0.3671812E+02  0.7592709E+01  0.1717777E+02
  0.1720860E+02  0.1639176E+02  0.3185547E+01
  0.4241149E+02  0.3069755E+01  0.2073886E+02
  0.2033941E+02  0.5304274E+01  0.2107284E+02
  0.1282352E+02  0.2032290E+01  0.5544453E+00
  0.2579530E+02  0.5761207E+01  0.1203491E+02
  0.2183793E+02  0.1640704E+02  0.4264974E+00
  0.2770606E+02  0.1400769E+02  0.3620829E+01
  0.3204709E+02  0.1389433E+02  0.1724371E+01
  0.2351806E+02  0.1244845E+02  0.1152089E+01
  0.3172502E+02  0.5387925E+01  0.4527415E+01
  0.5025765E+02  0.5429646E+01  0.6352223E+01
  0.1555915E+02  0.1681466E+02  0.1730505E+00
  0.9723378E+01  0.5914837E+01  0.1453356E+02
  0.4411843E+02  0.3608654E+01  0.1863536E+02
  0.2842141E+02  0.7734323E+01  0.1783545E+01
  0.3488766E+02  0.2031803E+02  0.1242201E+02
  0.3753503E+02  0.2106882E+02  0.4753586E-01
  0.2917597E+02  0.3824146E+00  0.1771691E+02
  0.1680903E+02  0.2084219E+02  0.1455499E+02
  0.4357104E+02  0.8227809E+00  0.6476056E+01
  0.4679259E+02  0.1446718E+02  0.2121077E+02
  0.4053315E+02  0.4734988E+00  0.1226523E+02
  0.4912679E+02  0.8434117E+01  0.1948108E+02
  0.3764757E+02  0.1113602E+02  0.1095415E+02
  0.5113649E+02  0.6835867E+00  0.4998296E+01
  0.2968883E+02  0.1695526E+02  0.1677962E+02
  0.5024205E+02  0.8711146E-02  0.7515130E+01
  0.5016092E+02  0.2037261E+02  0.9590234E+01
  0.4991623E+02  0.2006398E+02  0.1321831E+02
  0.5041779E+02  0.1819440E+02  0.6771346E+01
  0.5128071E+02  0.4224624E+00  0.1091002E+02
  0.4027777E+02  0.1591906E+02  0.1667441E+01
  0.3910001E+02  0.2055307E+02  0.1504167E+02
  0.4363922E+02  0.1993316E+02  0.1804428E+02
  0.3397590E+02  0.1539109E+02  0.2080569E+01
  0.4155984E+02  0.2060972E+02  0.7044190E+00
  0.5066381E+02  0.1791451E+01  0.2982577E+01
  0.5194830E+02  0.1669876E+02  0.2781667E+01
  0.5589332E+02  0.1296530E+02  0.1502496E+02
  0.5148496E+02  0.2167853E+02  0.2090977E+02
  0.4703608E+02  0.1716815E+02  0.1549747E+02
  0.5713185E+02  0.1180297E+01  0.3002018E+00
  0.5694775E+02  0.2021663E+02  0.3030084E+01
  0.5226490E+02  0.1874339E+02  0.3586483E+01
  0.5585381E+02  0.2165701E+02  0.1501678E+01
  0.5867976E+02  0.2609537E+01  0.1373857E+01
  0.5823187E+02  0.7243966E-01  0.4202414E+01
  0.5336144E+02  0.3585203E+01  0.7186808E+01
  0.5998447E+02  0.2013209E+02  0.1547485E-01
  0.6254652E+02  0.1079876E+01  0.1198348E+00
  0.6238809E+02  0.2007198E+02  0.3034127E+01
  0.5990327E+02  0.1101156E+01  0.2706336E+01
  0.6127587E+02  0.2141071E+02  0.1530922E+01
  0.6415052E+02  0.2381509E+01  0.1339008E+01
  0.6394699E+02  0.2146095E+02  0.4196659E+01
  0.6132518E+02  0.2248491E+01  0.4152273E+01
  0.4338694E+02  0.4702758E+01  0.1995755E+01
  0.2984123E+02  0.1278815E+02  0.1656124E+02
  0.4410941E+02  0.1087105E+02  0.1413555E+01
  0.4383312E+02  0.5195503E-01  0.8358224E+00
  0.5459564E+02  0.2027895E+02  0.2375741E+00
  0.4956819E+02  0.9063887E+01  0.9166963E+01
  0.4786724E+02  0.2093052E+01  0.5298302E+01
  0.3443553E+02  0.2106741E+02  0.1689627E+02
  0.5043933E+02  0.1993326E+02  0.5627446E+00
  0.5252293E+02  0.1039290E+02  0.4674924E+01
  0.3882316E+02  0.1749251E+02  0.1434246E+02
  0.3962955E+02  0.1923686E+02  0.1902449E+02
  0.4786612E+02  0.6797623E+00  0.7319921E+01
  0.5467866E+02  0.1260953E+02  0.2389391E+01
  0.5070547E+02  0.1425545E+02  0.1629608E+02
  0.4995064E+02  0.1565474E+02  0.9412849E+01
  0.5206061E+02  0.1928244E+02  0.1595274E+02
  0.5695182E+02  0.6135506E+01  0.2956732E+00
  0.5700471E+02  0.3660252E+01  0.2726338E+01
  0.5505860E+02  0.1136963E+02  0.1962203E+02
  0.5534080E+02  0.4545659E+01  0.1126236E+01
  0.5825397E+02  0.7578517E+01  0.1601355E+01
  0.5833189E+02  0.4970592E+01  0.4352524E+01
  0.5570728E+02  0.7817263E+01  0.3891867E+01
  0.6013941E+02  0.3884842E+01  0.2171551E+02
  0.6258191E+02  0.6535133E+01  0.1649768E+00
  0.6270996E+02  0.3639389E+01  0.2698519E+01
  0.5982755E+02  0.6345474E+01  0.2959224E+01
  0.6132387E+02  0.5188992E+01  0.1633498E+01
  0.6370721E+02  0.8013060E+01  0.1649237E+01
  0.6384142E+02  0.5092750E+01  0.4191713E+01
  0.6083766E+02  0.7900023E+01  0.4143399E+01
  0.4982212E+02  0.1873248E+02  0.1532380E+02
  0.4555353E+02  0.1214564E+02  0.2643340E+01
  0.5138108E+02  0.1684810E+02  0.1240612E+02
  0.4658557E+02  0.5703800E+01  0.2108673E+02
  0.3722774E+02  0.2047126E+02  0.2528507E+01
  0.5302879E+02  0.2153188E+02  0.3829712E+01
  0.4022741E+02  0.2935392E+01  0.2145429E+02
  0.2309924E+02  0.1204921E+02  0.1426735E+02
  0.5412893E+02  0.6572029E+01  0.1893771E+02
  0.5385032E+02  0.1191535E+02  0.1382640E+02
  0.4796910E+02  0.4082763E+00  0.1877008E+02
  0.2897968E+02  0.8236202E+01  0.1116725E+02
  0.5328129E+02  0.1077860E+02  0.7282716E+01
  0.5129452E+02  0.7420943E+01  0.2055314E+02
  0.5287977E+02  0.2059859E+02  0.1181106E+02
  0.5251515E+02  0.1488784E+02  0.1783210E+02
  0.5435647E+02  0.8933618E+01  0.1651197E+00
  0.5737334E+02  0.1183335E+02  0.5381287E-01
  0.5703152E+02  0.9127199E+01  0.2774092E+01
  0.4345709E+02  0.1793862E+02  0.2670811E+01
  0.5568251E+02  0.1063279E+02  0.1538886E+01
  0.5843700E+02  0.1320023E+02  0.1517325E+01
  0.5816630E+02  0.1044481E+02  0.4445372E+01
  0.5568532E+02  0.1357375E+02  0.4346713E+01
  0.5990485E+02  0.8914307E+01  0.4512704E+00
  0.6245352E+02  0.1189111E+02  0.1526238E+00
  0.6241089E+02  0.9345395E+01  0.2841878E+01
  0.5969970E+02  0.1166789E+02  0.2823724E+01
  0.6109255E+02  0.1060556E+02  0.1522072E+01
  0.6368446E+02  0.1343138E+02  0.1339446E+01
  0.6372970E+02  0.1078993E+02  0.3918745E+01
  0.6116382E+02  0.1343230E+02  0.4055371E+01
  0.4590669E+02  0.8591301E+01  0.1781270E+01
  0.4634313E+02  0.1639828E+02  0.1981259E+02
  0.3674284E+02  0.5966212E+01  0.6425701E+01
  0.4402307E+02  0.5586766E+01  0.1724132E+02
  0.3478189E+02  0.1664784E+02  0.6989775E+01
  0.4283092E+02  0.1713075E+02  0.2057947E+02
  0.3484497E+02  0.1062514E+02  0.8539943E+01
  0.4334434E+02  0.1014827E+02  0.1119800E+02
  0.5030415E+02  0.9607008E+01  0.6911538E+01
  0.4267182E+02  0.1266592E+02  0.5689109E+01
  0.4859117E+02  0.1842229E+02  0.1735657E+02
  0.4609456E+02  0.3424094E+01  0.6262195E+01
  0.4832000E+02  0.2500911E+01  0.9187940E+01
  0.5456080E+02  0.6169647E+01  0.2886248E+01
  0.2990106E+02  0.6509458E+01  0.1252297E+02
  0.3675953E+02  0.1372959E+02  0.9516197E+01
  0.5112114E+02  0.1302705E+02  0.8541684E+00
  0.5695049E+02  0.1758724E+02  0.3193969E+00
  0.5722235E+02  0.1468208E+02  0.3001677E+01
  0.4948860E+02  0.1760718E+02  0.2151747E+02
  0.5577259E+02  0.1572622E+02  0.1193314E+01
  0.5848555E+02  0.1899562E+02  0.1502083E+01
  0.5841847E+02  0.1621060E+02  0.4258054E+01
  0.5369642E+02  0.1305670E+02  0.7841657E+01
  0.5986736E+02  0.1434050E+02  0.8394156E-01
  0.6230933E+02  0.1752419E+02  0.2898589E+00
  0.6255368E+02  0.1492354E+02  0.2896355E+01
  0.5966194E+02  0.1753722E+02  0.2915166E+01
  0.6102653E+02  0.1625695E+02  0.1549158E+01
  0.6376575E+02  0.1868913E+02  0.1701538E+01
  0.6403691E+02  0.1614000E+02  0.4414873E+01
  0.6097768E+02  0.1879564E+02  0.4491117E+01
  0.4930856E+02  0.1109929E+02  0.1218640E+02
  0.4637592E+02  0.1418510E+02  0.5595049E+01
  0.4991126E+02  0.6261936E+01  0.1079223E+02
  0.4957223E+02  0.6615022E+00  0.1669484E+02
  0.4686566E+02  0.1669349E+02  0.6403980E+01
  0.4451683E+02  0.1711547E+02  0.5179773E+01
  0.4137211E+02  0.8228144E+01  0.4775244E+01
  0.5246223E+02  0.1238584E+02  0.2625437E+01
  0.4038035E+02  0.1962259E+02  0.9054670E+01
  0.3878771E+02  0.2013470E+02  0.5150760E+01
  0.4241528E+02  0.1960492E+02  0.7365054E+01
  0.4966922E+02  0.4525864E+01  0.1534779E+01
  0.4703440E+02  0.1900801E+02  0.1141625E+02
  0.5244378E+02  0.1329909E+02  0.2043553E+02
  0.5305632E+02  0.1416548E+02  0.1327765E+02
  0.5411471E+02  0.4170021E+01  0.1144507E+02
  0.5338346E+02  0.1603365E+02  0.8615576E+00
  0.5687656E+02  0.1071970E+01  0.5945812E+01
  0.5685382E+02  0.2003300E+02  0.8443513E+01
  0.5390412E+02  0.1600126E+01  0.2037144E+02
  0.3243468E+02  0.1632783E+02  0.2055653E+02
  0.5856346E+02  0.2383760E+01  0.7230847E+01
  0.5809393E+02  0.1326647E+00  0.9820729E+01
  0.5566497E+02  0.1892407E+02  0.4483480E+01
  0.5939070E+02  0.2025444E+02  0.5685345E+01
  0.6253980E+02  0.1013108E+01  0.5619625E+01
  0.6234204E+02  0.2040031E+02  0.8359487E+01
  0.5998555E+02  0.9926022E+00  0.8503717E+01
  0.6114466E+02  0.2144520E+02  0.6709034E+01
  0.6403048E+02  0.2348804E+01  0.7132181E+01
  0.6399420E+02  0.2134477E+02  0.9781564E+01
  0.6139094E+02  0.2330711E+01  0.9659884E+01
  0.4595588E+02  0.2151257E+01  0.1884766E+02
  0.4991887E+02  0.1453935E+02  0.2232471E+01
  0.4759135E+02  0.1722079E+02  0.3136942E+01
  0.3482415E+02  0.1661975E+02  0.3751536E+01
  0.4467524E+02  0.2064069E+02  0.4993332E+01
  0.3345416E+02  0.5372166E+01  0.8353513E+00
  0.3254648E+02  0.6684962E+00  0.9797237E+01
  0.4596432E+02  0.2131469E+02  0.1420265E+02
  0.3313817E+02  0.1613299E+02  0.5399859E+01
  0.5546646E+02  0.1238627E+00  0.7496703E+01
  0.5425962E+02  0.1529059E+01  0.8553274E+01
  0.4211623E+02  0.1843093E+02  0.1141957E+02
  0.3972077E+02  0.1064291E+01  0.1457393E+02
  0.4322437E+02  0.8830868E+01  0.3476421E+01
  0.5093451E+02  0.3263592E+01  0.5069892E+01
  0.5200956E+02  0.5396849E+01  0.1936136E+02
  0.5111637E+02  0.2862534E+01  0.1073040E+02
  0.5714382E+02  0.6577393E+01  0.5374917E+01
  0.5719913E+02  0.3823479E+01  0.8664710E+01
  0.5606836E+02  0.8275904E+01  0.9551887E+01
  0.5348054E+02  0.6108924E+01  0.1003652E+02
  0.5830237E+02  0.8051753E+01  0.7090656E+01
  0.5851911E+02  0.5360594E+01  0.1006217E+02
  0.5452121E+02  0.9609695E+01  0.1095099E+02
  0.5967367E+02  0.3593138E+01  0.5545991E+01
  0.6232696E+02  0.6547568E+01  0.5474882E+01
  0.6244360E+02  0.3796347E+01  0.8451616E+01
  0.5976980E+02  0.6572057E+01  0.8402259E+01
  0.6109415E+02  0.5022530E+01  0.6931573E+01
  0.6367677E+02  0.8085113E+01  0.6703069E+01
  0.6378686E+02  0.5538309E+01  0.9552254E+01
  0.6145373E+02  0.7812458E+01  0.9597424E+01
  0.3338060E+02  0.2047425E+02  0.1415382E+01
  0.4488123E+02  0.1033683E+02  0.1313017E+02
  0.4297658E+02  0.7424943E+01  0.1436622E+02
  0.5170411E+02  0.8804188E+01  0.3027361E+01
  0.4834288E+02  0.3902241E+01  0.1819920E+02
  0.4287417E+02  0.2073694E+02  0.1068103E+02
  0.4263906E+02  0.8792972E+01  0.1662676E+02
  0.5315164E+02  0.2014492E+02  0.1994157E+02
  0.4603556E+02  0.3457983E+01  0.1048258E+00
  0.5310914E+02  0.7470824E+01  0.1645988E+01
  0.4354342E+02  0.1238001E+02  0.1008265E+02
  0.5355549E+02  0.1845864E+02  0.5764608E+01
  0.4463205E+02  0.7601881E+01  0.4935838E+01
  0.2985055E+02  0.9681609E+01  0.1470575E+02
  0.3833647E+02  0.1372712E+02  0.1814382E+02
  0.4561576E+02  0.7528849E+01  0.8848435E+01
  0.4769176E+02  0.3650388E+01  0.1311182E+02
  0.5704392E+02  0.1213523E+02  0.5687068E+01
  0.5723237E+02  0.9605728E+01  0.8318645E+01
  0.4217501E+02  0.8330519E+01  0.1214359E+02
  0.5589528E+02  0.1141851E+02  0.7555254E+01
  0.5855488E+02  0.1345725E+02  0.6802201E+01
  0.5879082E+02  0.1070634E+02  0.9441159E+01
  0.5569117E+02  0.1622558E+02  0.7426048E+01
  0.5972331E+02  0.9364423E+01  0.5742638E+01
  0.6256195E+02  0.1186331E+02  0.5384555E+01
  0.6288811E+02  0.9225002E+01  0.8520354E+01
  0.6009555E+02  0.1208086E+02  0.8134051E+01
  0.6140342E+02  0.1043651E+02  0.6893659E+01
  0.6383604E+02  0.1318479E+02  0.7111409E+01
  0.6406168E+02  0.1081727E+02  0.9779941E+01
  0.6111982E+02  0.1337840E+02  0.9783401E+01
  0.4790604E+02  0.1334571E+02  0.1517546E+02
  0.4329018E+02  0.7435635E+01  0.9169429E+01
  0.4395598E+02  0.7381347E+00  0.1460009E+02
  0.5065194E+02  0.4875052E+00  0.1432025E+02
  0.1996426E+02  0.8078244E+01  0.6819713E+01
  0.4923327E+02  0.1224651E+02  0.1006339E+02
  0.3133642E+02  0.1028697E+02  0.8263814E+00
  0.4170659E+02  0.2009304E+02  0.1959034E+02
  0.3798464E+02  0.3762092E+01  0.2609654E+01
  0.4884165E+02  0.1376670E+02  0.8338437E+01
  0.5300276E+02  0.1018095E+02  0.2026297E+02
  0.4947857E+02  0.1512543E+02  0.1432365E+02
  0.4809100E+02  0.1063879E+02  0.4562614E+01
  0.4688114E+02  0.2299108E+01  0.3175250E+01
  0.4874390E+02  0.2068450E+02  0.2021020E+01
  0.3706121E+02  0.1646452E+02  0.3572072E+00
  0.5443921E+02  0.3836930E+01  0.5044721E+01
  0.5709554E+02  0.1726809E+02  0.5842077E+01
  0.5701363E+02  0.1458133E+02  0.8401238E+01
  0.5476165E+02  0.1417112E+02  0.6410999E+01
  0.4883414E+02  0.7715113E+01  0.4167435E+01
  0.5819424E+02  0.1887931E+02  0.7224085E+01
  0.5822711E+02  0.1619287E+02  0.9705626E+01
  0.5545229E+02  0.1908505E+02  0.1000830E+02
  0.5994473E+02  0.1482110E+02  0.5467372E+01
  0.6243416E+02  0.1735204E+02  0.5793755E+01
  0.6256331E+02  0.1468172E+02  0.8322129E+01
  0.5963882E+02  0.1753191E+02  0.8335686E+01
  0.6102254E+02  0.1605488E+02  0.6998100E+01
  0.6353289E+02  0.1902130E+02  0.7092934E+01
  0.6382000E+02  0.1617657E+02  0.9690412E+01
  0.6104248E+02  0.1863660E+02  0.9574780E+01
  0.4795531E+02  0.1219424E+02  0.1833615E+02
  0.2822994E+02  0.1306606E-01  0.9969294E+01
  0.4460359E+02  0.5795032E+01  0.1037372E+02
  0.3961169E+02  0.8319302E+01  0.3364082E+01
  0.5423213E+02  0.1736305E+02  0.1862163E+02
  0.4801435E+02  0.1753546E+02  0.9652237E+01
  0.4089808E+02  0.8345300E+01  0.1400007E+01
  0.5395345E+02  0.1859586E+02  0.8292924E+01
  0.4468557E+02  0.1286304E+02  0.1222283E+02
  0.3974642E+02  0.1321649E+02  0.1220209E+02
  0.4854664E+02  0.1435216E+02  0.4387456E+01
  0.4939925E+02  0.9375147E+01  0.2577633E+01
  0.4623107E+02  0.3632813E+01  0.8568541E+01
  0.5418809E+02  0.1424170E+02  0.1131127E+02
  0.5561325E+02  0.2726581E+01  0.1000326E+02
  0.4599375E+02  0.5794724E+01  0.7305005E+01
  0.5497630E+02  0.2142349E+02  0.1079311E+02
  0.5677325E+02  0.1130494E+01  0.1168462E+02
  0.5713923E+02  0.1971815E+02  0.1378590E+02
  0.5113854E+02  0.1046090E+02  0.1380639E+02
  0.5459258E+02  0.1979315E+02  0.1366231E+02
  0.5889709E+02  0.2535519E+01  0.1248418E+02
  0.5829881E+02  0.2115557E+02  0.1508806E+02
  0.5590742E+02  0.2222482E+01  0.1490861E+02
  0.5956931E+02  0.2008871E+02  0.1073574E+02
  0.6270881E+02  0.1005562E+01  0.1107803E+02
  0.6259561E+02  0.2046398E+02  0.1368073E+02
  0.5972206E+02  0.9397041E+00  0.1389789E+02
  0.6111960E+02  0.2146973E+02  0.1202176E+02
  0.6399832E+02  0.2783667E+01  0.1206527E+02
  0.6420869E+02  0.2168383E+02  0.1505446E+02
  0.6106233E+02  0.2436473E+01  0.1493341E+02
  0.3757202E+02  0.1832759E+02  0.4552700E+01
  0.3690174E+02  0.2060286E+01  0.8943103E+01
  0.4369285E+02  0.8474501E+01  0.5629096E+00
  0.4894072E+02  0.5077574E+01  0.1453559E+02
  0.4767560E+02  0.9277887E+00  0.1194188E+01
  0.5247068E+02  0.7995467E+01  0.1629766E+02
  0.4412740E+02  0.1548478E+02  0.1975878E+02
  0.3468243E+02  0.1099282E+02  0.2016860E+02
  0.4742683E+02  0.7083250E+01  0.1252015E+02
  0.5437117E+02  0.6572271E+01  0.6576830E+01
  0.5208687E+02  0.3491144E+01  0.1302475E+02
  0.3727970E+02  0.1710723E+02  0.6375487E+01
  0.5616523E+02  0.4800076E+01  0.6870252E+01
  0.4745854E+02  0.1193808E+02  0.1336836E+02
  0.5264367E+02  0.2602278E+01  0.1677611E+02
  0.4456005E+02  0.1711349E+02  0.7308923E+00
  0.4680114E+02  0.1369635E+02  0.9019763E+01
  0.5707539E+02  0.6778325E+01  0.1109152E+02
  0.5720387E+02  0.3860770E+01  0.1339455E+02
  0.5102422E+02  0.1280812E+02  0.1302507E+02
  0.5562755E+02  0.5577912E+01  0.1223315E+02
  0.5851872E+02  0.8085271E+01  0.1230031E+02
  0.5834915E+02  0.5243726E+01  0.1491401E+02
  0.5406296E+02  0.6754425E+01  0.1392458E+02
  0.6018332E+02  0.3781741E+01  0.1101298E+02
  0.6285027E+02  0.6588834E+01  0.1121854E+02
  0.6269631E+02  0.3892361E+01  0.1361752E+02
  0.5978010E+02  0.6588780E+01  0.1382780E+02
  0.6128957E+02  0.5328939E+01  0.1235872E+02
  0.6394146E+02  0.8212768E+01  0.1269209E+02
  0.6381999E+02  0.5070862E+01  0.1498950E+02
  0.6118975E+02  0.8019290E+01  0.1488949E+02
  0.4417209E+02  0.1836837E+02  0.1630174E+02
  0.3837924E+02  0.1107074E+02  0.8388780E+01
  0.4783947E+02  0.2661493E+01  0.2040209E+02
  0.4039883E+02  0.1468013E+02  0.8507526E+01
  0.5728393E+02  0.1151771E+02  0.1654055E+02
  0.3468848E+02  0.1595692E+02  0.1592420E+02
  0.4591478E+02  0.2109853E+02  0.9461657E+01
  0.3602606E+02  0.2579844E+01  0.2168816E+01
  0.4497646E+02  0.1493930E+02  0.3894057E+01
  0.2689190E+02  0.1949588E+02  0.6477673E+01
  0.4047632E+02  0.6151021E+01  0.2076893E+02
  0.3896620E+02  0.1436158E+02  0.4979894E+01
  0.3441249E+02  0.9538478E+01  0.1226690E+02
  0.3898027E+02  0.1295863E+02  0.9774240E+01
  0.5575679E+02  0.7834288E+01  0.1506286E+02
  0.5571428E+02  0.1586948E+02  0.1234657E+02
  0.4423855E+02  0.3115894E+01  0.1445797E+02
  0.5713344E+02  0.1176550E+02  0.1102131E+02
  0.5721300E+02  0.9057713E+01  0.1373759E+02
  0.4900930E+02  0.1646019E+02  0.1150577E+02
  0.4129665E+02  0.1126056E+02  0.1194543E+02
  0.5970035E+02  0.1194952E+02  0.1336527E+02
  0.5578687E+02  0.1099645E+02  0.1268662E+02
  0.5312841E+02  0.1246205E+02  0.1818007E+02
  0.5996292E+02  0.9252727E+01  0.1086325E+02
  0.6244727E+02  0.1207129E+02  0.1107760E+02
  0.6240148E+02  0.9657636E+01  0.1383691E+02
  0.5869684E+02  0.1059988E+02  0.1477585E+02
  0.6116338E+02  0.1059380E+02  0.1225837E+02
  0.6404312E+02  0.1349403E+02  0.1229304E+02
  0.6402291E+02  0.1091068E+02  0.1490958E+02
  0.6119719E+02  0.1358437E+02  0.1467743E+02
  0.2640815E+02  0.4580882E+01  0.2001877E+02
  0.4659202E+02  0.2024660E+02  0.7299758E+01
  0.3695760E+02  0.4301537E+01  0.4707797E+01
  0.4622259E+02  0.1544916E+02  0.1870415E+01
  0.3941220E+02  0.2169239E+02  0.1011008E+02
  0.5243232E+02  0.4864195E+01  0.3958267E+01
  0.4139938E+02  0.3627641E+01  0.7619149E+01
  0.5205190E+02  0.1455638E+02  0.3896283E+01
  0.4148054E+02  0.1411036E+02  0.1579998E+02
  0.5434917E+02  0.8810571E+01  0.5824065E+01
  0.4903541E+02  0.1725461E+02  0.1380990E+02
  0.5150408E+02  0.2493877E+01  0.2052086E+02
  0.5324715E+02  0.7664915E+01  0.1190680E+02
  0.3599032E+02  0.1800007E+02  0.1542592E+02
  0.5097117E+02  0.3667983E+01  0.1530774E+02
  0.3584066E+02  0.2154570E+02  0.7110397E+01
  0.4593940E+02  0.9960018E+01  0.3665502E+01
  0.5686422E+02  0.1730702E+02  0.1104952E+02
  0.5727212E+02  0.1457540E+02  0.1370519E+02
  0.4425985E+02  0.9812317E+01  0.5508657E+01
  0.5558002E+02  0.1286557E+02  0.9476375E+01
  0.5840933E+02  0.1860936E+02  0.1242398E+02
  0.5857771E+02  0.1580042E+02  0.1520280E+02
  0.5573001E+02  0.1771405E+02  0.1474069E+02
  0.5982426E+02  0.1491083E+02  0.1120550E+02
  0.6256093E+02  0.1745675E+02  0.1108855E+02
  0.6273038E+02  0.1477814E+02  0.1370658E+02
  0.5979235E+02  0.1746683E+02  0.1405706E+02
  0.6112242E+02  0.1619775E+02  0.1246654E+02
  0.6366199E+02  0.1874346E+02  0.1278186E+02
  0.6364659E+02  0.1607085E+02  0.1525521E+02
  0.6121637E+02  0.1907885E+02  0.1507055E+02
  0.4829204E+02  0.6589744E+01  0.7095399E+01
  0.3822572E+02  0.1255326E+02  0.6339349E+01
  0.4731821E+02  0.1775019E+02  0.2160619E+02
  0.4898700E+02  0.3962934E+01  0.1122900E+02
  0.4484506E+02  0.7193765E+01  0.2073219E+02
  0.4975047E+02  0.1680985E+02  0.1934017E+01
  0.5579377E+02  0.2352441E+01  0.4096600E+01
  0.5021956E+02  0.1291961E+02  0.1857811E+02
  0.4223699E+02  0.1489893E+02  0.2695189E+01
  0.4290366E+02  0.2151705E+02  0.2915391E+01
  0.4689497E+02  0.2158640E+02  0.4799113E+01
  0.5366855E+02  0.1620799E+02  0.8576420E+01
  0.5169833E+02  0.1403253E+02  0.6277515E+01
  0.5524005E+02  0.4775697E+00  0.1321406E+02
  0.5450300E+02  0.2089549E+02  0.5471325E+01
  0.4304205E+02  0.6194398E+00  0.1245654E+02
  0.5273416E+02  0.9917716E+00  0.1304614E+02
  0.5701229E+02  0.8280601E+00  0.1634316E+02
  0.5701474E+02  0.2034880E+02  0.1895355E+02
  0.5071035E+02  0.2316272E+01  0.1816781E+02
  0.5550139E+02  0.2105026E+02  0.1741322E+02
  0.5853357E+02  0.2293331E+01  0.1766167E+02
  0.5852722E+02  0.2163549E+02  0.2058390E+02
  0.5568095E+02  0.2916033E+01  0.2101204E+02
  0.5969022E+02  0.1998570E+02  0.1639633E+02
  0.6255956E+02  0.1033329E+01  0.1633385E+02
  0.6243784E+02  0.2013921E+02  0.1916597E+02
  0.5991777E+02  0.1166838E+01  0.1917781E+02
  0.6107555E+02  0.2132048E+02  0.1758912E+02
  0.6373719E+02  0.2538252E+01  0.1782633E+02
  0.6392669E+02  0.2135803E+02  0.2054316E+02
  0.6117537E+02  0.2482143E+01  0.2031613E+02
  0.1640174E+02  0.1101151E+01  0.2271419E+01
  0.4487985E+02  0.1912400E+02  0.1032964E+02
  0.4247798E+02  0.1079432E-01  0.8716024E+01
  0.4799122E+02  0.8824172E+01  0.6389579E+01
  0.4762611E+02  0.4186297E+01  0.1605107E+02
  0.2837166E+02  0.2088406E+02  0.7509723E+01
  0.3647431E+02  0.1602344E+02  0.1032089E+02
  0.4938416E+02  0.1286664E+02  0.6059326E+01
  0.4525734E+02  0.1051155E+02  0.1929493E+02
  0.4710140E+02  0.9758963E+01  0.1788086E+02
  0.5231539E+02  0.3354188E+01  0.2114426E+01
  0.5185145E+02  0.1634957E+01  0.8659629E+01
  0.4671363E+02  0.1401147E+02  0.1708801E+02
  0.4792652E+02  0.9948435E+01  0.1474971E+02
  0.3933818E+02  0.1294970E+02  0.1593596E+02
  0.5218039E+02  0.1880440E+02  0.1844670E+02
  0.5393880E+02  0.4244321E+01  0.1470270E+02
  0.5691605E+02  0.6394199E+01  0.1645410E+02
  0.5713564E+02  0.3502356E+01  0.1923024E+02
  0.5149585E+02  0.5816484E+01  0.8729828E+00
  0.5566911E+02  0.5044533E+01  0.1821207E+02
  0.5852330E+02  0.7807779E+01  0.1762382E+02
  0.5841941E+02  0.5104952E+01  0.2045293E+02
  0.5557483E+02  0.7577910E+01  0.2039121E+02
  0.5988542E+02  0.3886871E+01  0.1628746E+02
  0.6240854E+02  0.6551781E+01  0.1639936E+02
  0.6264140E+02  0.3828676E+01  0.1904163E+02
  0.5976367E+02  0.6578443E+01  0.1922751E+02
  0.6101998E+02  0.5256063E+01  0.1787015E+02
  0.6390884E+02  0.7781585E+01  0.1771142E+02
  0.6399890E+02  0.5262230E+01  0.2044408E+02
  0.6121336E+02  0.7926319E+01  0.2053290E+02
  0.4916586E+02  0.2117625E+02  0.4252173E+01
  0.3740920E+02  0.2110791E+02  0.1653849E+02
  0.5266181E+02  0.2014403E+02  0.1697706E+01
  0.3625673E+02  0.9060588E+01  0.1080769E+02
  0.4496248E+02  0.9688017E+01  0.7786634E+01
  0.4147014E+02  0.1531212E+02  0.1933950E+02
  0.2832390E+02  0.6696529E+01  0.1668973E+02
  0.4086043E+02  0.1785293E+02  0.1562074E+02
  0.5205426E+02  0.1619548E+00  0.1633738E+02
  0.4569217E+02  0.1141667E+02  0.9024085E+01
  0.2727079E+02  0.5058897E+01  0.1502660E+02
  0.3714639E+02  0.2571092E+00  0.5386695E+01
  0.5225613E+02  0.5641494E+01  0.7579018E+01
  0.4067812E+02  0.1360121E+02  0.6690076E+01
  0.5400882E+02  0.1429625E+01  0.2513616E+01
  0.5001748E+02  0.1527471E+02  0.1820669E+02
  0.5097874E+02  0.6855123E+01  0.4391288E+01
  0.5848150E+02  0.1322726E+02  0.1205734E+02
  0.5731813E+02  0.8816146E+01  0.1930766E+02
  0.4397148E+02  0.1074086E+02  0.1717038E+02
  0.5602704E+02  0.1020408E+02  0.1783091E+02
  0.5845237E+02  0.1314099E+02  0.1785128E+02
  0.5893737E+02  0.1032583E+02  0.2067818E+02
  0.5581361E+02  0.1304086E+02  0.2027347E+02
  0.5978211E+02  0.9281339E+01  0.1622610E+02
  0.6262188E+02  0.1210073E+02  0.1623938E+02
  0.6250680E+02  0.9254178E+01  0.1911775E+02
  0.5980322E+02  0.1173180E+02  0.1897803E+02
  0.6117666E+02  0.1066826E+02  0.1738471E+02
  0.6379058E+02  0.1331739E+02  0.1802260E+02
  0.6374094E+02  0.1061608E+02  0.2030084E+02
  0.6121677E+02  0.1320594E+02  0.2047017E+02
  0.4695066E+02  0.1963715E+02  0.2032202E+02
  0.5233905E+02  0.9438617E+01  0.1003545E+02
  0.5057036E+02  0.9847565E+01  0.2064506E+02
  0.4673953E+02  0.1979862E+02  0.1807566E+02
  0.3959357E+02  0.3604794E+01  0.1776588E+02
  0.5470226E+02  0.1407280E+02  0.1691916E+02
  0.3862953E+02  0.1709631E+02  0.1013734E+02
  0.4696990E+02  0.1916857E+02  0.1804262E+01
  0.4711543E+02  0.9029042E+01  0.2035860E+02
  0.5450635E+02  0.1375135E+02  0.2056496E+00
  0.5441135E+02  0.9197081E+01  0.1656736E+02
  0.4065851E+02  0.1758274E+01  0.9248090E+01
  0.5339087E+02  0.2966171E+00  0.1833953E+02
  0.4975178E+02  0.8761428E+01  0.1524700E+02
  0.5167188E+02  0.7547697E+01  0.1380183E+02
  0.4178019E+02  0.6508467E+01  0.1082240E+02
  0.5742667E+02  0.1463899E+02  0.1951158E+02
  0.5721175E+02  0.1703866E+02  0.1665055E+02
  0.5605906E+02  0.1581349E+02  0.1822007E+02
  0.5238358E+02  0.1570953E+02  0.1058074E+02
  0.5228088E+02  0.8387600E+01  0.1859978E+02
  0.5840728E+02  0.1864463E+02  0.1775715E+02
  0.5849450E+02  0.1626387E+02  0.2074047E+02
  0.5581465E+02  0.1884735E+02  0.2041053E+02
  0.6010643E+02  0.1448902E+02  0.1657377E+02
  0.6235922E+02  0.1751582E+02  0.1675067E+02
  0.6239724E+02  0.1462694E+02  0.1938336E+02
  0.5989554E+02  0.1727727E+02  0.1909603E+02
  0.6129429E+02  0.1596388E+02  0.1783557E+02
  0.6389344E+02  0.1896681E+02  0.1789819E+02
  0.6381312E+02  0.1626842E+02  0.2037652E+02
  0.6116970E+02  0.1869341E+02  0.2054977E+02
