         
  0.6515772E+02  0.0000000E+00  0.2171924E+02
  0.0000000E+00  0.0000000E+00  0.2171924E+02
Si  0.6508773E+02  0.4618026E-01  0.2088883E+02
Si  0.2604054E+01  0.2756731E+01  0.2097674E+02
Si  0.2468206E+01  0.9432392E-01  0.1919398E+01
Si  0.6512690E+02  0.2465009E+01  0.1992540E+01
Si  0.1321054E+01  0.1400342E+01  0.4382643E+00
Si  0.3882528E+01  0.3986671E+01  0.5006438E+00
Si  0.3855310E+01  0.1322927E+01  0.3386351E+01
Si  0.1379593E+01  0.3988608E+01  0.3422789E+01
Si  0.5399131E+01  0.1678603E+00  0.2091753E+02
Si  0.8218496E+01  0.2501484E+01  0.2103568E+02
Si  0.8107134E+01  0.2338304E+00  0.2008693E+01
Si  0.5174713E+01  0.2613202E+01  0.2045653E+01
Si  0.6671193E+01  0.1616934E+01  0.7397422E+00
Si  0.9723807E+01  0.3334303E+01  0.1100523E+01
Si  0.1111090E+02  0.1654726E+01  0.2236367E+01
Si  0.6675649E+01  0.4182158E+01  0.3113847E+01
Si  0.9458746E+01  0.5803645E+00  0.2046531E+02
Si  0.2270372E+02  0.9506705E+01  0.3543328E+01
Si  0.1888023E+02  0.1490515E+01  0.1409031E+01
Si  0.1130601E+02  0.4827082E+01  0.2136907E+02
Si  0.1438436E+02  0.2906609E+01  0.1231099E+01
Si  0.3026455E+02  0.9468959E+01  0.2064274E+02
Si  0.1504530E+02  0.1707381E+02  0.2499692E+01
Si  0.1579229E+02  0.3789812E+01  0.2119285E+02
Si  0.2058710E+02  0.1267294E+02  0.7803657E+00
Si  0.1875879E+02  0.3488032E+01  0.9129187E+00
Si  0.1903680E+02  0.5715198E+01  0.9185303E+01
Si  0.1497476E+02  0.4498213E+00  0.8448831E+00
Si  0.1950271E+02  0.3342135E+01  0.6030268E+01
Si  0.2137615E+02  0.3496766E+01  0.2780612E+01
Si  0.1682324E+02  0.2088832E+02  0.1238232E+02
Si  0.2791430E+02  0.1577569E+02  0.3165602E+00
Si  0.6491709E+02  0.5455118E+01  0.2127146E+02
Si  0.2556219E+01  0.8188813E+01  0.2105176E+02
Si  0.2576270E+01  0.5598047E+01  0.1959591E+01
Si  0.6503956E+02  0.8256459E+01  0.2063431E+01
Si  0.1276559E+01  0.6792402E+01  0.7486254E+00
Si  0.4142124E+01  0.9514241E+01  0.8581891E+00
Si  0.3790492E+01  0.6757256E+01  0.3512989E+01
Si  0.1281519E+01  0.9345227E+01  0.3602257E+01
Si  0.5286454E+01  0.5481664E+01  0.2085793E+02
Si  0.7668998E+01  0.8630233E+01  0.2108363E+02
Si  0.8042115E+01  0.5323803E+01  0.1553693E+01
Si  0.5337169E+01  0.7922804E+01  0.2204704E+01
Si  0.6550003E+01  0.6766287E+01  0.4812658E+00
Si  0.9541474E+01  0.9371682E+01  0.7730965E+00
Si  0.9568251E+01  0.6459375E+01  0.2964592E+01
Si  0.6822785E+01  0.9208425E+01  0.3560770E+01
Si  0.1366866E+02  0.4712597E+01  0.2127397E+02
Si  0.1738261E+02  0.1011324E+02  0.2067204E+02
Si  0.2315468E+02  0.1269635E+02  0.1326354E+02
Si  0.1237417E+02  0.8832059E+01  0.3664652E+01
Si  0.1936769E+02  0.6368623E+01  0.2073723E+02
Si  0.1555452E+02  0.1008834E+02  0.9314049E+01
Si  0.2566907E+02  0.1135888E+01  0.1978503E+02
Si  0.1108238E+02  0.1347933E+02  0.7415987E+01
Si  0.1780225E+02  0.1232750E+02  0.1985135E+02
Si  0.1359543E+02  0.1348057E+02  0.4409214E+01
Si  0.1586468E+02  0.1571482E+02  0.1020625E+02
Si  0.1802265E+02  0.8984107E+01  0.8174647E+01
Si  0.2074139E+02  0.8285069E+01  0.4523505E+01
Si  0.2618199E+02  0.1460139E+02  0.2091059E+02
Si  0.2370118E+02  0.9041888E+01  0.1053152E+02
Si  0.1616630E+02  0.1448846E+02  0.4174721E-02
Si  0.6508456E+02  0.1078307E+02  0.2094733E+02
Si  0.2285834E+01  0.1350194E+02  0.2095163E+02
Si  0.2660245E+01  0.1061947E+02  0.2131685E+01
Si  0.6490231E+02  0.1325129E+02  0.1841456E+01
Si  0.1191509E+01  0.1203552E+02  0.5072910E+00
Si  0.3885404E+01  0.1463981E+02  0.5966587E+00
Si  0.4076656E+01  0.1217995E+02  0.3505594E+01
Si  0.1084338E+01  0.1468603E+02  0.3392207E+01
Si  0.5151493E+01  0.1088575E+02  0.2079430E+02
Si  0.7955263E+01  0.1366442E+02  0.2082083E+02
Si  0.8074506E+01  0.1068311E+02  0.2027901E+01
Si  0.5331718E+01  0.1326721E+02  0.1866821E+01
Si  0.6733557E+01  0.1192247E+02  0.6952856E+00
Si  0.9276652E+01  0.1481842E+02  0.5376086E+00
Si  0.9352530E+01  0.1208913E+02  0.3554541E+01
Si  0.6770540E+01  0.1458252E+02  0.3255738E+01
Si  0.1056754E+02  0.1102661E+02  0.2122215E+02
Si  0.1194962E+02  0.1476312E+02  0.3599156E+01
Si  0.1734232E+02  0.1490154E+02  0.1221890E+02
Si  0.1065722E+02  0.1348057E+02  0.2066652E+01
Si  0.1196531E+02  0.1194922E+02  0.9372130E+00
Si  0.2254240E+02  0.1739094E+02  0.2041023E+02
Si  0.1617559E+02  0.3134297E+01  0.4113828E+01
Si  0.1999993E+02  0.1507170E+02  0.7341913E+01
Si  0.1494193E+02  0.9713167E+01  0.2058123E+02
Si  0.2357851E+02  0.1857246E+02  0.7833184E+01
Si  0.2948775E+02  0.1776730E+02  0.3242952E+01
Si  0.1891946E+02  0.1212110E+02  0.6592942E+01
Si  0.1796960E+02  0.1218653E+02  0.2041565E+01
Si  0.3006496E+02  0.2679997E+01  0.1667053E+02
Si  0.3521911E+02  0.1039641E+02  0.8312996E+01
Si  0.2996897E+02  0.5911259E+01  0.2789926E+01
Si  0.6509142E+02  0.1596377E+02  0.2094498E+02
Si  0.2541218E+01  0.1867730E+02  0.2103073E+02
Si  0.2530953E+01  0.1589592E+02  0.2029215E+01
Si  0.6497054E+02  0.1885908E+02  0.1897359E+01
Si  0.1199117E+01  0.1730964E+02  0.6137739E+00
Si  0.3915021E+01  0.2026131E+02  0.5427338E+00
Si  0.3834124E+01  0.1718414E+02  0.3386126E+01
Si  0.1017231E+01  0.2044559E+02  0.2944762E+01
Si  0.5193069E+01  0.1640738E+02  0.2120866E+02
Si  0.8180975E+01  0.1898639E+02  0.2104917E+02
Si  0.8049968E+01  0.1612562E+02  0.1940296E+01
Si  0.5276725E+01  0.1858386E+02  0.1856203E+01
Si  0.6788441E+01  0.1760688E+02  0.5099175E+00
Si  0.9313040E+01  0.2083301E+02  0.3249241E+00
Si  0.1130511E+02  0.1768880E+02  0.1401404E+01
Si  0.6619500E+01  0.2025310E+02  0.2987105E+01
Si  0.1066894E+02  0.1659360E+02  0.2101744E+02
Si  0.1328989E+02  0.2015377E+02  0.1901059E+02
Si  0.1705663E+02  0.2012923E+02  0.1802147E+01
Si  0.1646870E+02  0.2157988E+02  0.3328304E+01
Si  0.1430386E+02  0.2090935E+02  0.3945966E+01
Si  0.1979929E+02  0.1645581E+02  0.4351724E+01
Si  0.1642785E+02  0.7769820E+01  0.6237795E+01
Si  0.1247888E+02  0.3645259E+01  0.2688338E+01
Si  0.2162213E+02  0.1007182E+02  0.1954370E+02
Si  0.1801149E+02  0.9958374E+01  0.1156121E+01
Si  0.2485456E+02  0.1454834E+02  0.3612249E+01
Si  0.1952641E+02  0.2074420E+02  0.3537306E+01
Si  0.9190970E+01  0.1986157E+01  0.1626932E+02
Si  0.2165404E+02  0.1192243E+02  0.7316679E+01
Si  0.1841496E+02  0.1800133E+02  0.1470986E+02
Si  0.1443483E+02  0.3422752E+00  0.2015746E+02
Si  0.6503886E+02  0.2615229E-01  0.4514236E+01
Si  0.2730710E+01  0.2531159E+01  0.4960829E+01
Si  0.3203037E+01  0.2148513E+02  0.7368427E+01
Si  0.6513268E+02  0.2506232E+01  0.7342781E+01
Si  0.1401401E+01  0.1006506E+01  0.6219471E+01
Si  0.4232692E+01  0.4079216E+01  0.6188450E+01
Si  0.4605538E+01  0.1142846E+01  0.8691741E+01
Si  0.1218714E+01  0.3784422E+01  0.8741236E+01
Si  0.5442520E+01  0.1215010E-01  0.4175397E+01
Si  0.8171398E+01  0.2704041E+01  0.4336661E+01
Si  0.7776794E+01  0.2162082E+02  0.7204477E+01
Si  0.5976690E+01  0.2659933E+01  0.7257592E+01
Si  0.6834454E+01  0.1290453E+01  0.5549322E+01
Si  0.1128343E+02  0.5117715E+01  0.3992518E+01
Si  0.9528231E+01  0.2049272E+02  0.6299889E+01
Si  0.7268660E+01  0.4076613E+01  0.8738907E+01
Si  0.1803106E+02  0.8246100E+01  0.2927687E+01
Si  0.1404032E+02  0.7005025E+01  0.6621075E+01
Si  0.1327117E+02  0.6821677E+01  0.4077302E+01
Si  0.1149688E+02  0.1567423E+01  0.8049921E+01
Si  0.1459728E+02  0.5248672E+01  0.1059625E+02
Si  0.2309675E+02  0.9800460E+01  0.1608759E+02
Si  0.2192740E+02  0.5107853E+01  0.1909043E+02
Si  0.1176917E+02  0.2056300E+02  0.1496120E+02
Si  0.1675475E+02  0.1636484E+01  0.8363237E+01
Si  0.1692676E+02  0.6733187E+00  0.2033261E+02
Si  0.1408915E+02  0.1925012E+02  0.1062740E+02
Si  0.1114824E+02  0.7823865E+01  0.1504272E+01
Si  0.1271268E+02  0.1726499E+02  0.1122656E+02
Si  0.2433418E+02  0.5276471E+01  0.1975843E+02
Si  0.2570954E+02  0.8692119E+01  0.1034112E+01
Si  0.1562171E+02  0.7666512E+01  0.3863921E+01
Si  0.3496232E-01  0.5272034E+01  0.4600213E+01
Si  0.2525931E+01  0.8130508E+01  0.5307631E+01
Si  0.2959749E+01  0.5270115E+01  0.7568720E+01
Si  0.6512602E+02  0.8243485E+01  0.7415324E+01
Si  0.1217834E+01  0.6407086E+01  0.6252368E+01
Si  0.4128807E+01  0.9632017E+01  0.6221394E+01
Si  0.4057485E+01  0.6685592E+01  0.8907690E+01
Si  0.1279870E+01  0.9390676E+01  0.8955440E+01
Si  0.5302961E+01  0.5375348E+01  0.4732677E+01
Si  0.8449017E+01  0.7841005E+01  0.4607947E+01
Si  0.6777382E+01  0.6799707E+01  0.6005188E+01
Si  0.5362159E+01  0.8183997E+01  0.7430205E+01
Si  0.8560433E+01  0.5406623E+01  0.7013242E+01
Si  0.9597915E+01  0.9133462E+01  0.6577497E+01
Si  0.9470985E+01  0.7438116E+01  0.8088904E+01
Si  0.6561392E+01  0.9493533E+01  0.8850748E+01
Si  0.1749459E+02  0.2000065E+02  0.6976296E+01
Si  0.1173835E+02  0.8377948E+01  0.8996138E+01
Si  0.1301553E+02  0.9991233E+01  0.5897337E+01
Si  0.9666473E+01  0.3933147E+01  0.5579895E+01
Si  0.9407277E+01  0.7820818E+00  0.3823188E+01
Si  0.1109522E+02  0.1033708E+02  0.1049629E+02
Si  0.1281198E+02  0.5567982E+01  0.8694318E+01
Si  0.1702137E+02  0.4608268E+01  0.1219146E+02
Si  0.1695771E+02  0.5389254E+01  0.9845090E+01
Si  0.1803749E+02  0.1606014E+02  0.6139260E+01
Si  0.1740131E+02  0.6921812E+01  0.1182349E+02
Si  0.1767121E+02  0.1211387E+02  0.9928275E+01
Si  0.2780106E+02  0.5601381E+01  0.1123798E+02
Si  0.1303559E+02  0.1522835E+02  0.1568373E+02
Si  0.3035726E+02  0.1438133E+02  0.1313528E+02
Si  0.1557592E+02  0.2129232E+02  0.7768778E+01
Si  0.6515103E+02  0.1095490E+02  0.4784282E+01
Si  0.2576600E+01  0.1317620E+02  0.4952716E+01
Si  0.2616105E+01  0.1095570E+02  0.7738758E+01
Si  0.6503585E+02  0.1362884E+02  0.7673159E+01
Si  0.1114322E+01  0.1208875E+02  0.6404758E+01
Si  0.3954624E+01  0.1465060E+02  0.6205087E+01
Si  0.3975152E+01  0.1210957E+02  0.8923523E+01
Si  0.1250097E+01  0.1502891E+02  0.8923493E+01
Si  0.5707689E+01  0.1078660E+02  0.4843686E+01
Si  0.8216205E+01  0.1356293E+02  0.4775190E+01
Si  0.8227596E+01  0.1074818E+02  0.7605842E+01
Si  0.5272925E+01  0.1351548E+02  0.7632496E+01
Si  0.6835503E+01  0.1222433E+02  0.6338368E+01
Si  0.9627395E+01  0.1485411E+02  0.6115113E+01
Si  0.9942229E+01  0.1189506E+02  0.8744207E+01
Si  0.6727251E+01  0.1491537E+02  0.8808320E+01
Si  0.1072852E+02  0.1043892E+02  0.4816527E+01
Si  0.1580241E+02  0.1830580E+02  0.6379892E+01
Si  0.1795625E+02  0.1177082E+02  0.1468951E+02
Si  0.1595253E+02  0.1522864E+02  0.6350531E+01
Si  0.1167973E+02  0.1453847E+02  0.1211815E+02
Si  0.1204033E+02  0.1224454E+02  0.5846418E+01
Si  0.1288805E+02  0.1420528E+02  0.8564041E+01
Si  0.1277593E+02  0.1323378E+02  0.1697104E+02
Si  0.2676182E+02  0.4466248E+01  0.4692173E+01
Si  0.1912295E+02  0.2082675E+02  0.8758675E+01
Si  0.2816296E+02  0.5690430E+01  0.7765920E+01
Si  0.2793525E+02  0.1476729E+02  0.1113020E+02
Si  0.1908982E+02  0.1684181E+02  0.5044963E+00
Si  0.2587150E+02  0.7969298E+01  0.1747463E+02
Si  0.1422218E+02  0.1192092E+02  0.1978518E+02
Si  0.2057458E+02  0.1496931E+02  0.2171134E+02
Si  0.6501415E+02  0.1603571E+02  0.4532038E+01
Si  0.2337672E+01  0.1901522E+02  0.4405309E+01
Si  0.2782380E+01  0.1616015E+02  0.7398192E+01
Si  0.1783479E+00  0.1894552E+02  0.7384528E+01
Si  0.1365653E+01  0.1744197E+02  0.5971655E+01
Si  0.4064978E+01  0.2025296E+02  0.5478845E+01
Si  0.4464451E+01  0.1753919E+02  0.8640563E+01
Si  0.1595339E+01  0.2036220E+02  0.8725435E+01
Si  0.5467613E+01  0.1584611E+02  0.4476241E+01
Si  0.9430207E+01  0.1735988E+02  0.3127149E+01
Si  0.8421650E+01  0.1645393E+02  0.7540581E+01
Si  0.5350261E+01  0.1902535E+02  0.7070594E+01
Si  0.6939915E+01  0.1754679E+02  0.5846283E+01
Si  0.8500479E+01  0.1886974E+02  0.4366363E+01
Si  0.9072520E+01  0.1880686E+02  0.8096045E+01
Si  0.6960517E+01  0.1985689E+02  0.8720723E+01
Si  0.1438191E+02  0.1850125E+02  0.4241790E+01
Si  0.1161140E+02  0.2006580E+02  0.4947842E+01
Si  0.1799129E+02  0.2144358E+02  0.5150804E+01
Si  0.1074428E+02  0.1638486E+02  0.4831072E+01
Si  0.1226609E+02  0.1797654E+02  0.5579878E+01
Si  0.1827786E+02  0.2001180E+02  0.1988308E+02
Si  0.2643258E+02  0.1532392E+01  0.1786163E+01
Si  0.1464879E+02  0.1190129E+01  0.9495198E+01
Si  0.1365938E+02  0.1041647E+02  0.2106203E+01
Si  0.2328033E+02  0.1659631E+02  0.8851304E+00
Si  0.1611106E+02  0.9953876E+01  0.6877038E+01
Si  0.1979556E+02  0.1342184E+02  0.1476320E+02
Si  0.2260707E+02  0.1468314E+02  0.2495202E+01
Si  0.1458107E+02  0.1128985E+02  0.4305535E+01
Si  0.1075654E+02  0.1911959E+02  0.9648088E+01
Si  0.1057576E+02  0.2137856E+02  0.1053417E+02
Si  0.5566567E-01  0.2154649E+02  0.1014706E+02
Si  0.2804848E+01  0.2651577E+01  0.9764722E+01
Si  0.2446019E+01  0.9326505E-01  0.1289099E+02
Si  0.1897906E+00  0.2450964E+01  0.1283302E+02
Si  0.1506272E+01  0.1349677E+01  0.1118286E+02
Si  0.4123557E+01  0.3878538E+01  0.1116891E+02
Si  0.3968854E+01  0.1313223E+01  0.1441096E+02
Si  0.1507549E+01  0.3840358E+01  0.1438431E+02
Si  0.5865918E+01  0.2152659E+02  0.1025103E+02
Si  0.8439122E+01  0.2689450E+01  0.1020686E+02
Si  0.8157839E+01  0.7001463E+00  0.1317533E+02
Si  0.5241935E+01  0.3138378E+01  0.1311119E+02
Si  0.6548647E+01  0.1722634E+01  0.1148102E+02
Si  0.1333775E+02  0.4751433E+01  0.6572154E+01
Si  0.1065367E+02  0.3571354E+01  0.1334041E+02
Si  0.6912521E+01  0.4336194E+01  0.1432880E+02
Si  0.9329269E+01  0.9236357E+00  0.8936929E+01
Si  0.2007607E+02  0.5482366E+01  0.1498397E+02
Si  0.1591724E+02  0.1571679E+02  0.1978593E+02
Si  0.1449227E+02  0.1986258E+02  0.1682753E+02
Si  0.9910857E+01  0.1948699E+02  0.1379858E+02
Si  0.1861339E+02  0.7626788E+01  0.5373452E+01
Si  0.1300588E+02  0.2146221E+02  0.1022646E+02
Si  0.2164730E+02  0.1946056E+02  0.1084749E+02
Si  0.2700293E+02  0.1930831E+02  0.1090237E+02
Si  0.2063045E+02  0.1676926E+01  0.1453823E+02
Si  0.1652167E+02  0.1811324E+01  0.2108136E+01
Si  0.1576991E+02  0.1215218E+02  0.8117912E+01
Si  0.1745606E+02  0.9371546E+01  0.1838590E+02
Si  0.2234719E+02  0.3412470E+01  0.7563548E+00
Si  0.2242168E+02  0.2077059E+02  0.1269499E+02
Si  0.1295958E+02  0.9179392E+01  0.1166775E+02
Si  0.5145205E-01  0.5246260E+01  0.1020163E+02
Si  0.2637808E+01  0.7856076E+01  0.1014641E+02
Si  0.2691147E+01  0.5100458E+01  0.1292463E+02
Si  0.6513724E+02  0.7818292E+01  0.1263813E+02
Si  0.1312197E+01  0.6512050E+01  0.1151566E+02
Si  0.3850151E+01  0.9488966E+01  0.1167579E+02
Si  0.3994038E+01  0.6722702E+01  0.1419170E+02
Si  0.1014735E+01  0.9197852E+01  0.1415678E+02
Si  0.5855852E+01  0.5249094E+01  0.9915689E+01
Si  0.8163245E+01  0.8144768E+01  0.1007715E+02
Si  0.7831242E+01  0.5304175E+01  0.1253700E+02
Si  0.5315608E+01  0.8124803E+01  0.1282165E+02
Si  0.6839095E+01  0.7056653E+01  0.1121966E+02
Si  0.9363495E+01  0.9192558E+01  0.1163714E+02
Si  0.9330154E+01  0.6680715E+01  0.1375335E+02
Si  0.6739832E+01  0.9343602E+01  0.1442692E+02
Si  0.9573896E+01  0.4215956E+01  0.1132119E+02
Si  0.1193275E+02  0.5082101E+01  0.1193703E+02
Si  0.1385024E+02  0.2533022E+01  0.7898488E+01
Si  0.1121839E+02  0.8064619E+01  0.1281802E+02
Si  0.1203170E+02  0.2946795E+01  0.6083117E+01
Si  0.1848004E+02  0.1358021E+02  0.2407875E-01
Si  0.1103981E+02  0.9809627E+01  0.1466135E+02
Si  0.1209984E+02  0.7022357E+01  0.1693443E+02
Si  0.1150934E+02  0.1996944E+02  0.1382195E+01
Si  0.1419496E+02  0.4513688E+01  0.4281894E+01
Si  0.3337980E+02  0.2071234E+02  0.1304369E+02
Si  0.1037666E+02  0.1651188E+02  0.1089534E+02
Si  0.3000639E+02  0.1119737E+02  0.1469816E+02
Si  0.1430163E+02  0.1213162E+02  0.3986509E+00
Si  0.1301687E+02  0.7002766E+01  0.1063845E+02
Si  0.1648243E+02  0.5448584E+01  0.3977918E+01
Si  0.6515369E+02  0.1096276E+02  0.1008224E+02
Si  0.2756194E+01  0.1352674E+02  0.1019701E+02
Si  0.2457567E+01  0.1071188E+02  0.1292442E+02
Si  0.1203439E+00  0.1361791E+02  0.1306395E+02
Si  0.1264502E+01  0.1218403E+02  0.1178778E+02
Si  0.4197742E+01  0.1482107E+02  0.1161943E+02
Si  0.3872535E+01  0.1208301E+02  0.1430765E+02
Si  0.1431589E+01  0.1487792E+02  0.1412512E+02
Si  0.5383066E+01  0.1107221E+02  0.1019594E+02
Si  0.8184826E+01  0.1320547E+02  0.9908369E+01
Si  0.7849462E+01  0.1054574E+02  0.1292105E+02
Si  0.5282609E+01  0.1345483E+02  0.1314268E+02
Si  0.6826060E+01  0.1209009E+02  0.1173077E+02
Si  0.9266735E+01  0.1457989E+02  0.1167814E+02
Si  0.9066484E+01  0.1155405E+02  0.1467447E+02
Si  0.6623842E+01  0.1492974E+02  0.1425692E+02
Si  0.1940096E+02  0.6569526E+01  0.1303685E+02
Si  0.1620426E+02  0.1808361E+02  0.1053898E+02
Si  0.1838482E+02  0.2165204E+02  0.1653505E+02
Si  0.1391812E+02  0.1184771E+02  0.1538092E+02
Si  0.1438703E+02  0.1374610E+02  0.6913869E+01
Si  0.1752083E+02  0.1388754E+02  0.7385801E+01
Si  0.1065071E+02  0.7044758E+01  0.2104693E+02
Si  0.1436226E+02  0.2088100E+02  0.1263454E+02
Si  0.2226511E+02  0.4992752E+01  0.1422100E+02
Si  0.2467120E+02  0.1828338E+02  0.2027498E+02
Si  0.2589705E+02  0.1221096E+02  0.6153849E+01
Si  0.1518462E+02  0.4747795E+01  0.1562217E+02
Si  0.3398449E+02  0.5384473E+01  0.1261864E+02
Si  0.3195245E+02  0.6865565E+01  0.1245365E+02
Si  0.4121566E+02  0.2107400E+02  0.2084677E+02
Si  0.1285862E+02  0.1104738E+02  0.1799677E+02
Si  0.6509532E+02  0.1650642E+02  0.9931717E+01
Si  0.3276774E+01  0.1915158E+02  0.9953182E+01
Si  0.2670621E+01  0.1658713E+02  0.1282769E+02
Si  0.3131848E-02  0.1871244E+02  0.1275261E+02
Si  0.1507303E+01  0.1780906E+02  0.1114973E+02
Si  0.4192541E+01  0.2052735E+02  0.1171407E+02
Si  0.3989710E+01  0.1784711E+02  0.1424975E+02
Si  0.1013558E+01  0.2056574E+02  0.1417011E+02
Si  0.5725773E+01  0.1626666E+02  0.1015843E+02
Si  0.9510565E+01  0.1873472E+02  0.1161390E+02
Si  0.7914222E+01  0.1609080E+02  0.1291725E+02
Si  0.5751226E+01  0.1888589E+02  0.1296822E+02
Si  0.7249173E+01  0.1767679E+02  0.1139760E+02
Si  0.1399135E+02  0.2142700E+02  0.1509992E+02
Si  0.8898382E+01  0.1753194E+02  0.1492429E+02
Si  0.6808926E+01  0.2061870E+02  0.1401112E+02
Si  0.1481667E+02  0.1095266E+02  0.1142370E+02
Si  0.2032792E+02  0.1762246E+02  0.1637178E+02
Si  0.1294147E+02  0.1660373E+02  0.8910125E+01
Si  0.1378928E+02  0.1753573E+02  0.1627259E+02
Si  0.1058803E+02  0.2168381E+02  0.1290891E+02
Si  0.2024055E+02  0.1647165E+01  0.1699513E+02
Si  0.2213858E+02  0.9835583E+01  0.5951953E+01
Si  0.1681593E+02  0.1841657E+02  0.1269561E+02
Si  0.1038816E+02  0.2045087E+02  0.3320986E+01
Si  0.1815049E+02  0.7091069E+01  0.1868837E+02
Si  0.1917211E+02  0.1898398E+02  0.1166618E+02
Si  0.2407095E+02  0.1159020E+02  0.3611563E+01
Si  0.1338479E+02  0.1592469E+02  0.1319537E+02
Si  0.3129348E+02  0.7791335E+01  0.1277491E+00
Si  0.2878040E+02  0.3496178E+00  0.3792965E+01
Si  0.2310224E+02  0.1319541E+01  0.1165378E+02
Si  0.3823954E-01  0.9556306E-01  0.1578864E+02
Si  0.2755495E+01  0.2702433E+01  0.1575006E+02
Si  0.2781597E+01  0.2135382E+02  0.1836390E+02
Si  0.1207404E+00  0.2557815E+01  0.1820148E+02
Si  0.1580887E+01  0.1092220E+01  0.1708636E+02
Si  0.4082473E+01  0.4122953E+01  0.1713312E+02
Si  0.3840523E+01  0.1253863E+01  0.1952580E+02
Si  0.1023431E+01  0.4076072E+01  0.1982801E+02
Si  0.5360995E+01  0.2162775E+02  0.1550774E+02
Si  0.8694792E+01  0.2553389E+01  0.1415752E+02
Si  0.8096240E+01  0.1351489E+00  0.1849816E+02
Si  0.5333659E+01  0.2344843E+01  0.1812579E+02
Si  0.7013787E+01  0.1388190E+01  0.1675216E+02
Si  0.1267859E+02  0.5025048E+01  0.1555588E+02
Si  0.9746107E+01  0.4043675E+01  0.1752341E+02
Si  0.6517348E+01  0.3937409E+01  0.1974796E+02
Si  0.2026474E+02  0.1992135E+02  0.1638756E+02
Si  0.1907553E+02  0.3526792E+01  0.1118269E+02
Si  0.1850263E+02  0.2100157E+02  0.4434948E+00
Si  0.1112355E+02  0.2156010E+02  0.1749185E+02
Si  0.1152938E+02  0.1835884E+02  0.1634342E+02
Si  0.1868444E+02  0.1859797E+02  0.2503200E+01
Si  0.2354619E+02  0.2163984E+02  0.1709137E+02
Si  0.1305995E+02  0.8237603E+01  0.1529319E+02
Si  0.2266550E+02  0.2146859E+02  0.2930794E+01
Si  0.1759233E+02  0.5294324E+01  0.1704531E+00
Si  0.2438811E+02  0.5071039E+01  0.3939615E+00
Si  0.2352684E+02  0.1576423E+01  0.1872590E+02
Si  0.1643708E+02  0.2133695E+02  0.1470587E+02
Si  0.2937104E+02  0.7952206E+01  0.1547134E+02
Si  0.1791423E+02  0.1486007E+02  0.4066697E+01
Si  0.2243811E+02  0.1324130E+01  0.2106529E+02
Si  0.1967529E-01  0.5246498E+01  0.1556582E+02
Si  0.2578442E+01  0.8085608E+01  0.1535761E+02
Si  0.2583802E+01  0.5397271E+01  0.1842339E+02
Si  0.6505524E+02  0.7762843E+01  0.1840867E+02
Si  0.1308919E+01  0.6603790E+01  0.1685695E+02
Si  0.3913605E+01  0.9381864E+01  0.1664496E+02
Si  0.3935596E+01  0.6799882E+01  0.1973205E+02
Si  0.1149655E+01  0.9368490E+01  0.1953262E+02
Si  0.5383357E+01  0.5499819E+01  0.1574832E+02
Si  0.8260724E+01  0.7818063E+01  0.1580973E+02
Si  0.8330880E+01  0.5318312E+01  0.1889771E+02
Si  0.5121172E+01  0.8116358E+01  0.1810537E+02
Si  0.6814286E+01  0.6541994E+01  0.1726558E+02
Si  0.9254899E+01  0.9747761E+01  0.1643412E+02
Si  0.9129433E+01  0.7553503E+01  0.1941848E+02
Si  0.6652204E+01  0.9671221E+01  0.1950345E+02
Si  0.1558090E+02  0.8316238E+01  0.1514202E+02
Si  0.1520914E+02  0.8791281E+01  0.1826291E+02
Si  0.1704656E+02  0.3445619E+01  0.6409021E+01
Si  0.1037332E+02  0.4998839E+01  0.1541720E+02
Si  0.1379441E+02  0.2763258E+01  0.1612705E+02
Si  0.1362179E+02  0.9154232E+01  0.7915523E+01
Si  0.1390678E+02  0.1862278E+01  0.1829737E+02
Si  0.1052052E+02  0.8676219E+01  0.1797173E+02
Si  0.2648244E+02  0.3280734E+01  0.1851291E+02
Si  0.2775390E+02  0.1712668E+02  0.1329022E+02
Si  0.2468959E+02  0.3020405E+01  0.1668837E+01
Si  0.2114431E+02  0.9815215E+01  0.1479067E+02
Si  0.2071123E+02  0.1234415E+01  0.3159570E+01
Si  0.1588083E+02  0.1320106E+02  0.1512422E+02
Si  0.2247020E+02  0.6179139E+01  0.9262139E+00
Si  0.2622083E+02  0.1220180E+02  0.1026555E+02
Si  0.6498762E+02  0.1047338E+02  0.1559185E+02
Si  0.2573047E+01  0.1361582E+02  0.1545202E+02
Si  0.2527229E+01  0.1078375E+02  0.1808358E+02
Si  0.1810492E-01  0.1343735E+02  0.1840537E+02
Si  0.1199840E+01  0.1222822E+02  0.1653868E+02
Si  0.3965273E+01  0.1494944E+02  0.1679795E+02
Si  0.3642214E+01  0.1238382E+02  0.1965107E+02
Si  0.1610208E+01  0.1496171E+02  0.1945614E+02
Si  0.5390795E+01  0.1082496E+02  0.1555307E+02
Si  0.8103404E+01  0.1363856E+02  0.1560970E+02
Si  0.8173706E+01  0.1088898E+02  0.1814981E+02
Si  0.5028581E+01  0.1369131E+02  0.1826762E+02
Si  0.6594451E+01  0.1228525E+02  0.1700027E+02
Si  0.9359924E+01  0.1498337E+02  0.1708666E+02
Si  0.9414576E+01  0.1230884E+02  0.1960561E+02
Si  0.6418629E+01  0.1501991E+02  0.1975001E+02
Si  0.1260621E+02  0.1149309E+02  0.1300800E+02
Si  0.1640153E+02  0.1484260E+02  0.1672577E+02
Si  0.2012321E+02  0.3585264E+01  0.8413712E+01
Si  0.1093500E+02  0.1400866E+02  0.1840846E+02
Si  0.1191113E+02  0.9717240E+01  0.1974385E+02
Si  0.9945503E+01  0.3563609E+01  0.1982658E+02
Si  0.1262234E+02  0.7155722E+01  0.1935259E+02
Si  0.1653829E+02  0.1638096E+02  0.8490943E+00
Si  0.1268792E+02  0.1119639E+01  0.1226074E+02
Si  0.2225563E+02  0.1427574E+02  0.1959525E+02
Si  0.2503538E+02  0.4225397E+01  0.1318087E+02
Si  0.2823585E+02  0.1086096E+02  0.1053414E+02
Si  0.1787582E+02  0.9657903E+01  0.1586789E+02
Si  0.2341681E+02  0.1326282E+02  0.4984935E+01
Si  0.2640514E+02  0.4390480E+01  0.1514472E+02
Si  0.1843096E+02  0.1625771E+02  0.1653819E+02
Si  0.6515553E+02  0.1625639E+02  0.1575653E+02
Si  0.2425435E+01  0.1897326E+02  0.1537979E+02
Si  0.2539409E+01  0.1618827E+02  0.1779843E+02
Si  0.6513382E+02  0.1903196E+02  0.1837733E+02
Si  0.1286665E+01  0.1779223E+02  0.1683170E+02
Si  0.4061135E+01  0.2022831E+02  0.1656365E+02
Si  0.3753020E+01  0.1722630E+02  0.1939643E+02
Si  0.1447397E+01  0.2016026E+02  0.1993899E+02
Si  0.5319781E+01  0.1637256E+02  0.1547085E+02
Si  0.7524666E+01  0.1941136E+02  0.1592927E+02
Si  0.7768516E+01  0.1638667E+02  0.1829179E+02
Si  0.5096401E+01  0.1907346E+02  0.1845004E+02
Si  0.6395086E+01  0.1753037E+02  0.1683833E+02
Si  0.9059283E+01  0.2039301E+02  0.1739735E+02
Si  0.9470895E+01  0.1770835E+02  0.1939756E+02
Si  0.6679243E+01  0.2026881E+02  0.1985546E+02
Si  0.1089318E+02  0.1607154E+02  0.1544996E+02
Si  0.1508884E+02  0.1851408E+02  0.1981537E+02
Si  0.1216962E+02  0.1536603E+02  0.1998024E+02
Si  0.1109852E+02  0.1931805E+02  0.1841752E+02
Si  0.1375993E+02  0.1687119E+02  0.1887638E+02
Si  0.1558614E+02  0.1525479E+02  0.1406666E+02
Si  0.2450683E+02  0.1200478E+02  0.9514589E+00
Si  0.1147343E+02  0.1555442E+01  0.1916550E+02
Si  0.1035528E+02  0.1237925E+02  0.1285413E+02
Si  0.2078786E+02  0.2980881E+00  0.7278950E+01
Si  0.2133139E+02  0.1041559E+02  0.3409981E+00
Si  0.1308655E+02  0.1608015E+02  0.1780173E+01
Si  0.2199287E+02  0.1200766E+02  0.1663924E+02
Si  0.2202961E+02  0.1612434E+02  0.1559144E+02
Si  0.2284044E+02  0.1206579E+02  0.1889118E+02
Si  0.1813905E+02  0.5921041E+01  0.1652673E+02
Si  0.3445432E+02  0.1934079E+02  0.5919450E+01
Si  0.2869709E+02  0.4535981E+01  0.1277098E+02
Si  0.1902471E+02  0.1274267E+02  0.4180116E+01
Si  0.3013496E+02  0.8276260E+01  0.2278991E+01
Si  0.3212171E+02  0.2258177E+01  0.1636213E+01
Si  0.3510564E+02  0.8870414E+01  0.1147152E+02
Si  0.5199080E+02  0.4851331E+01  0.1771859E+02
Si  0.3417358E+02  0.2262900E+01  0.1068317E+02
Si  0.2746620E+02  0.5530029E+01  0.2571122E+01
Si  0.2730799E+02  0.1662468E+02  0.5918410E+01
Si  0.1902405E+02  0.3509063E+01  0.1382204E+02
Si  0.3863825E+02  0.4249146E+01  0.1739988E+02
Si  0.2779016E+02  0.9197509E+01  0.1650172E+02
Si  0.3629719E+02  0.1573952E+02  0.6314283E+01
Si  0.3609283E+02  0.1832721E+01  0.1392941E+02
Si  0.3142859E+02  0.1150969E+02  0.2043873E+02
Si  0.3259737E+02  0.1793823E+02  0.4756072E+01
Si  0.3796885E+02  0.1463497E+02  0.1124517E+02
Si  0.3956882E+02  0.1601674E+02  0.1660261E+02
Si  0.1958806E+02  0.1520685E+01  0.1225527E+02
Si  0.2919705E+02  0.1240461E+02  0.2060957E+02
Si  0.3346851E+02  0.1146771E+02  0.5132503E+01
Si  0.2584376E+02  0.5751770E+01  0.8935506E+01
Si  0.2077127E+02  0.1440095E+02  0.4061252E+01
Si  0.4925944E+02  0.1356447E+02  0.1454013E+02
Si  0.1612621E+02  0.1340421E+02  0.1881046E+02
Si  0.3737291E+02  0.1158180E+02  0.1664147E+02
Si  0.3256083E+02  0.4843002E+01  0.6317715E+01
Si  0.3320668E+02  0.8195682E+01  0.2052024E+02
Si  0.3234401E+02  0.1920871E+02  0.1424094E+02
Si  0.3742140E+02  0.3430426E+01  0.9986830E+01
Si  0.3973354E+02  0.9950315E+01  0.1938002E+02
Si  0.3312898E+02  0.9148031E+01  0.5165521E+01
Si  0.4242050E+02  0.1060333E+02  0.1744861E+02
Si  0.2701463E+02  0.2100229E+02  0.8389151E+01
Si  0.2870727E+02  0.8624442E+01  0.9792016E+01
Si  0.4433924E+02  0.1948469E+02  0.8885562E+01
Si  0.2456866E+02  0.1943416E+02  0.1612669E+02
Si  0.3539276E+02  0.1969292E+01  0.7221999E+01
Si  0.3709117E+02  0.3431984E+01  0.1563369E+02
Si  0.4022383E+02  0.2630193E+01  0.1441435E+02
Si  0.4531962E+02  0.1677273E+01  0.7138457E-01
Si  0.2876416E+02  0.1850608E+02  0.1967650E+02
Si  0.2925617E+02  0.4596114E+01  0.8262204E+00
Si  0.4039055E+02  0.1672687E+02  0.8977460E+01
Si  0.2589765E+02  0.4330681E+01  0.1100951E+02
Si  0.2243850E+02  0.3599354E+01  0.8596202E+01
Si  0.2445546E+02  0.1953731E+01  0.9645693E+01
Si  0.3022188E+02  0.2020510E+02  0.7408579E+01
Si  0.4362548E+02  0.2103390E+02  0.2166699E+01
Si  0.3843854E+02  0.1498282E+02  0.2095744E+01
Si  0.1448172E+02  0.7064632E+01  0.2103968E+02
Si  0.4814105E+02  0.1329652E+02  0.6939256E+01
Si  0.3081731E+02  0.1655568E+02  0.4947588E+01
Si  0.4060728E+02  0.1388324E+02  0.1342576E+02
Si  0.2983845E+02  0.2564903E+01  0.4125468E+01
Si  0.3606761E+02  0.2089243E+02  0.1614109E+02
Si  0.4021923E+02  0.1888382E+02  0.7654166E+01
Si  0.2524088E+02  0.1893593E+02  0.1331389E+02
Si  0.3166943E+02  0.1328121E+02  0.7504620E+01
Si  0.2547405E+02  0.1449731E+02  0.1089839E+02
Si  0.4666738E+02  0.9027922E+01  0.1128048E+02
Si  0.1622975E+02  0.2696436E+01  0.1910329E+02
Si  0.3329198E+02  0.1233403E+02  0.1355689E+02
Si  0.3128855E+02  0.1116337E+02  0.8762668E+01
Si  0.2287361E+02  0.3266528E+01  0.4697437E+01
Si  0.2095461E+02  0.1163939E+02  0.1348084E+02
Si  0.2264625E+02  0.1714004E+02  0.5300038E+01
Si  0.2538797E+02  0.1633759E+02  0.1505959E+02
Si  0.2512110E+02  0.5860688E+01  0.5840351E+01
Si  0.3917791E+02  0.1689731E+02  0.2012359E+02
Si  0.2917834E+02  0.1412080E+02  0.3115168E+01
Si  0.3597096E+02  0.1109611E+02  0.1054574E+02
Si  0.3117585E+02  0.1228591E+02  0.5381413E+01
Si  0.3194073E+02  0.2040729E+02  0.2124296E+02
Si  0.2072013E+02  0.7412645E+01  0.2204780E+01
Si  0.2839478E+02  0.1039624E+02  0.1589009E+00
Si  0.3834720E+02  0.7778480E+01  0.8677223E+01
Si  0.3980165E+02  0.8252384E+01  0.1311349E+02
Si  0.4018567E+02  0.2101881E+02  0.8958857E+01
Si  0.3255971E+02  0.1645520E+02  0.6860400E+00
Si  0.3149314E+02  0.3982131E+01  0.3395581E+01
Si  0.2970878E+02  0.9386610E+01  0.7694330E+01
Si  0.2741330E+02  0.2164993E+02  0.5155778E+00
Si  0.3254774E+02  0.2117995E+02  0.1671663E+02
Si  0.3340668E+02  0.2280072E+01  0.1526587E+02
Si  0.2905063E+02  0.1574196E+02  0.7408658E+01
Si  0.3436866E+02  0.6366958E+00  0.8837447E+01
Si  0.2070531E+02  0.9499719E+01  0.1131203E+02
Si  0.3474105E+02  0.7227186E+01  0.2705610E+01
Si  0.3340719E+02  0.2395295E+01  0.3903494E+01
Si  0.2936639E+02  0.8069249E+00  0.1119867E+02
Si  0.3779959E+02  0.1679436E+02  0.3345657E+01
Si  0.4275452E+02  0.1367030E+02  0.1086176E+02
Si  0.4067075E+02  0.1067296E+02  0.1069686E+02
Si  0.1573619E+02  0.6347494E+01  0.1920658E+02
Si  0.2663044E+02  0.2015182E+02  0.6075125E+01
Si  0.2756751E+02  0.2068812E+02  0.1625431E+02
Si  0.2373594E+02  0.1296221E+02  0.7455743E+01
Si  0.1955768E+02  0.1429165E+02  0.1240435E+02
Si  0.3148542E+02  0.1949644E+02  0.3409542E+01
Si  0.2408273E+02  0.1200359E+02  0.1544017E+02
Si  0.2588743E+02  0.1378761E+02  0.1773585E+02
Si  0.1960434E+02  0.1109194E+02  0.1866072E+02
Si  0.3798352E+02  0.9751740E+01  0.1764535E+02
Si  0.3255437E+02  0.1820550E+02  0.2048658E+02
Si  0.4833035E+02  0.5305052E+01  0.1750896E+02
Si  0.4610860E+02  0.6865197E+01  0.1248785E+02
Si  0.4621751E+02  0.8569589E+01  0.3525677E+01
Si  0.3330185E+02  0.9014127E+01  0.1830718E+02
Si  0.2607944E+02  0.1037914E+02  0.2460960E+01
Si  0.4239138E+02  0.3487787E+01  0.2089862E+02
Si  0.2814555E+02  0.8085456E+01  0.8213742E+00
Si  0.2517722E+02  0.5679011E+01  0.1681598E+02
Si  0.3607765E+02  0.1153984E+02  0.1482728E+02
Si  0.2285637E+02  0.2091419E+02  0.6258949E+00
Si  0.4028474E+02  0.1520884E+02  0.5674709E+01
Si  0.2717376E+02  0.1529010E+02  0.3901750E+01
Si  0.4860829E+02  0.1545440E+02  0.6877256E+01
Si  0.4232790E+02  0.1952864E+02  0.6488946E+00
Si  0.2948436E+02  0.1395486E+02  0.8207015E+00
Si  0.3838728E+02  0.1663612E+01  0.1632495E+02
Si  0.1443503E+02  0.1005739E+02  0.1638894E+02
Si  0.3802799E+02  0.1622773E+02  0.8147618E+01
Si  0.2181047E+02  0.3250926E+01  0.1086356E+02
Si  0.2936629E+02  0.6171106E+01  0.9514926E+01
Si  0.3098983E+02  0.1758339E+02  0.1869411E+02
Si  0.2494498E+02  0.1975207E+02  0.2672753E+00
Si  0.1217808E+02  0.1849805E+02  0.7779677E+01
Si  0.4353997E+02  0.1566790E+02  0.1699209E+02
Si  0.2847557E+02  0.1283846E+02  0.7309198E+01
Si  0.2803192E+02  0.4096423E+00  0.1986464E+02
Si  0.3330097E+02  0.9151027E+01  0.7641125E+01
Si  0.3741113E+02  0.2103271E+02  0.1110458E+02
Si  0.5409524E+02  0.1857864E+02  0.1313827E+02
Si  0.1323489E+02  0.1336552E+02  0.1088900E+02
Si  0.2254619E+02  0.5411352E+01  0.5876034E+01
Si  0.3964600E+02  0.1835585E+02  0.3093903E+01
Si  0.2166577E+02  0.5986483E+01  0.1680580E+02
Si  0.2915659E+02  0.1175682E+02  0.4017037E+01
Si  0.1713600E+02  0.1003269E+02  0.1195600E+02
Si  0.4169284E+02  0.1939069E+02  0.4326981E+01
Si  0.3133813E+02  0.1068895E+01  0.1535335E+02
Si  0.3220030E+02  0.1762315E+02  0.7158640E+01
Si  0.2728164E+02  0.1929341E+02  0.1114578E+01
Si  0.4813743E+02  0.1472288E+02  0.2613236E+01
Si  0.2844828E+02  0.1138197E+02  0.1292121E+02
Si  0.3552893E+02  0.1717226E+02  0.1304418E+02
Si  0.1798270E+02  0.3837340E+01  0.1793536E+02
Si  0.3668521E+02  0.2468872E+01  0.1604583E+01
Si  0.3337686E+02  0.1642527E+02  0.1205592E+02
Si  0.2861117E+02  0.2122319E+01  0.1829939E+02
Si  0.1847045E+02  0.1474731E+01  0.1839526E+02
Si  0.4366325E+02  0.1589705E+01  0.1981287E+02
Si  0.1531087E+02  0.1658839E+02  0.8190389E+01
Si  0.3391804E+02  0.1592054E+02  0.1834912E+02
Si  0.3576618E+02  0.9810071E+01  0.1838099E+02
Si  0.2806324E+02  0.2162302E+01  0.1268787E+02
Si  0.4107632E+02  0.8555950E+01  0.1832783E+02
Si  0.3544345E+02  0.4243411E+01  0.1732738E+02
Si  0.3149824E+02  0.1574232E+02  0.8350957E+01
Si  0.2404400E+02  0.3051177E+01  0.6867628E+01
Si  0.2469206E+02  0.1001820E+02  0.1422196E+02
Si  0.2676049E+02  0.2815871E+01  0.6606780E+01
Si  0.4932470E+02  0.1140361E+02  0.1954610E+01
Si  0.3511803E+02  0.7529721E+01  0.4098540E+00
Si  0.3050472E+02  0.3956957E+01  0.5727898E+01
Si  0.3519052E+02  0.1215478E+02  0.1777338E+02
Si  0.4286987E+02  0.1343212E+02  0.6575456E+01
Si  0.3372603E+02  0.6608896E+01  0.4886055E+01
Si  0.3629131E+02  0.1406701E+02  0.1488069E+02
Si  0.2760599E+02  0.1927612E+02  0.1430392E+02
Si  0.3295995E+02  0.6932335E+01  0.8080579E+01
Si  0.2998446E+02  0.1790991E+02  0.6900971E+01
Si  0.3508072E+02  0.6596131E+01  0.1087123E+02
Si  0.4268375E+02  0.1509618E+02  0.9547688E+00
Si  0.2486851E+02  0.2059422E+02  0.1909398E+02
Si  0.1921733E+02  0.1351888E+01  0.8896955E+01
Si  0.3700261E+02  0.4756917E+01  0.1906251E+02
Si  0.3683671E+02  0.6949498E+01  0.1902388E+02
Si  0.3585353E+02  0.1753025E+02  0.2009706E+02
Si  0.2665179E+02  0.5575229E+01  0.1937974E+02
Si  0.1369421E+02  0.2151411E+02  0.6130325E+01
Si  0.3522854E+02  0.3890594E+01  0.2860891E+01
Si  0.3827692E+02  0.2030792E+02  0.2307141E+01
Si  0.1969926E+02  0.5229039E+01  0.2583256E+01
Si  0.2869948E+02  0.8973722E+01  0.1329097E+02
Si  0.1783981E+02  0.1638400E+02  0.1867419E+02
Si  0.4471687E+02  0.3729886E+01  0.7129052E+01
Si  0.2572209E+02  0.1146576E+02  0.1264460E+02
Si  0.3537041E+02  0.9318981E+01  0.1561236E+02
Si  0.1739171E+02  0.3711248E+01  0.1559244E+02
Si  0.3696338E+02  0.2013109E+02  0.5926639E+01
Si  0.2159918E+02  0.1733492E+02  0.9812540E+01
Si  0.4865316E+02  0.5672187E+01  0.1961322E+02
Si  0.2446572E+02  0.1535779E+02  0.7141048E+01
Si  0.2572388E+02  0.1692070E+02  0.1051400E+02
Si  0.2900925E+02  0.8951689E+01  0.1862468E+02
Si  0.3254194E+02  0.1391140E+02  0.1858597E+02
Si  0.2995237E+02  0.1876918E+01  0.8912451E+01
Si  0.3483702E+02  0.1732794E+02  0.7291270E+01
Si  0.4536335E+02  0.9016415E+01  0.9290607E+01
Si  0.2838518E+02  0.1856440E+02  0.5330841E+01
Si  0.4722745E+02  0.1218966E+02  0.8833807E+01
Si  0.2535706E+02  0.7747122E+01  0.1379425E+02
Si  0.4256242E+02  0.1158968E+02  0.9429379E+01
Si  0.2138069E+02  0.1597676E+02  0.1177539E+02
Si  0.3540519E+02  0.1855283E+02  0.1669281E+02
Si  0.4875973E+02  0.2140034E+02  0.4470584E+01
Si  0.4414592E+02  0.8338328E+01  0.2142849E+01
Si  0.2785843E+02  0.1632655E+02  0.1547207E+02
Si  0.3732694E+02  0.1583216E+02  0.1926010E+02
Si  0.2706442E+02  0.2369538E+01  0.1629671E+02
Si  0.3107090E+02  0.4831031E+01  0.1325058E+02
Si  0.2364115E+02  0.1794754E+02  0.1488526E+02
Si  0.3106522E+02  0.1328027E+02  0.1497888E+02
Si  0.3178623E+02  0.1488666E+02  0.1650511E+02
Si  0.4362233E+02  0.3263425E+01  0.1360447E+02
Si  0.3794082E+02  0.7233691E+01  0.2111754E+02
Si  0.3824337E+02  0.7466773E+01  0.1700764E+02
Si  0.2676612E+02  0.8074536E+00  0.5160268E+01
Si  0.3461638E+02  0.7059384E+01  0.1801039E+02
Si  0.2544900E+02  0.2168771E+02  0.9993363E+01
Si  0.3051393E+02  0.8890616E+01  0.1168118E+02
Si  0.1143075E+02  0.2775429E+01  0.1713062E+02
Si  0.3769676E+02  0.2143931E+02  0.8710056E+01
Si  0.1554908E+02  0.1478718E+02  0.3161454E+01
Si  0.2132335E+02  0.8049333E+01  0.1327853E+02
Si  0.2129638E+02  0.6997473E+00  0.1894544E+02
Si  0.2796845E+02  0.1458904E+02  0.1350461E+02
Si  0.4417826E+02  0.6042104E+01  0.8661382E+01
Si  0.2313884E+02  0.5112560E+01  0.1190837E+02
Si  0.2157484E+02  0.1941791E+02  0.1441815E+02
Si  0.2521793E+02  0.6615146E+01  0.3747868E+01
Si  0.3839803E+02  0.1688045E+02  0.5630386E+01
Si  0.2693348E+02  0.1452367E+02  0.7193318E+01
Si  0.2043576E+02  0.2036415E+02  0.1890059E+02
Si  0.3136585E+02  0.1438794E+02  0.4185415E+01
Si  0.2819990E+02  0.6150249E+01  0.2128580E+02
Si  0.2503244E+02  0.1802636E+02  0.1978556E+01
Si  0.1606395E+02  0.6794348E+01  0.1674156E+02
Si  0.4295130E+02  0.7976852E+01  0.1157972E+02
Si  0.4821737E+02  0.7730504E+01  0.1462429E+02
Si  0.3477711E+02  0.1569891E+02  0.2153933E+02
Si  0.1605406E+02  0.3639880E+01  0.8635343E+01
Si  0.3246260E+02  0.3993459E+01  0.1136822E+02
Si  0.2429456E+02  0.9543922E+01  0.1814044E+02
Si  0.3374198E+02  0.6771787E+00  0.2020250E+02
Si  0.1919129E+02  0.1769509E+02  0.2004069E+02
Si  0.3158035E+02  0.3525852E+00  0.1221232E+02
Si  0.3567732E+02  0.1237303E+02  0.9773639E+00
Si  0.3165522E+02  0.1167992E+02  0.1036326E+01
Si  0.3183510E+02  0.2470475E+01  0.1330235E+02
Si  0.4672841E+02  0.3198032E+01  0.1597873E+02
Si  0.3614519E+02  0.3766979E+01  0.5291463E+01
Si  0.3547998E+02  0.2107049E+02  0.4371843E+01
Si  0.2347415E+02  0.2029476E+02  0.9353318E+01
Si  0.3595140E+02  0.1758289E+02  0.1937091E+01
Si  0.2145725E+02  0.1891481E+02  0.6528539E+01
Si  0.4699949E+02  0.6872317E+01  0.1645114E+02
Si  0.4024901E+02  0.8576389E+01  0.4603717E+01
Si  0.3439293E+02  0.1217717E+02  0.3124628E+01
Si  0.2194412E+02  0.7519435E+01  0.7034557E+01
Si  0.1974958E+02  0.1117430E+02  0.1621011E+02
Si  0.3760369E+02  0.8895821E+01  0.1084560E+02
Si  0.3762141E+02  0.1862555E+02  0.1021830E+02
Si  0.2819496E+02  0.1163984E+01  0.7486575E+01
Si  0.3777072E+02  0.1408020E+02  0.1673011E+02
Si  0.3738134E+02  0.8518918E+01  0.1496821E+02
Si  0.2583548E+02  0.1856477E+02  0.1806195E+02
Si  0.4232846E+02  0.2068258E+02  0.1378942E+02
Si  0.2711688E+02  0.2098890E+02  0.1282978E+02
Si  0.2881853E+02  0.2006229E+02  0.9385572E+01
Si  0.4472113E+02  0.7584290E+01  0.1441458E+02
Si  0.2269561E+02  0.1359291E+02  0.2229756E+00
Si  0.4530618E+02  0.1967492E+02  0.1209390E+02
Si  0.3809038E+02  0.1148555E+02  0.5684693E+00
Si  0.4527370E+02  0.1576800E+01  0.1284122E+02
Si  0.4222963E+02  0.1450661E+01  0.1419973E+02
Si  0.4433628E+02  0.2609038E+01  0.3727716E+01
Si  0.3836905E+02  0.2056188E+02  0.1511105E+02
Si  0.4097940E+02  0.8158017E+01  0.2164633E+02
Si  0.2156663E+02  0.7006365E+01  0.2046553E+02
Si  0.3408563E+02  0.1464278E+02  0.1376489E+02
Si  0.1363815E+02  0.1447658E+02  0.2158393E+02
Si  0.2591882E+02  0.9852403E+01  0.2070286E+02
Si  0.2847067E+02  0.1077032E+02  0.6256088E+01
Si  0.3267865E+02  0.4224926E+01  0.2811848E+00
Si  0.2169334E+02  0.1624206E+00  0.1565440E+02
Si  0.4237631E+02  0.6572427E+01  0.7730445E+01
Si  0.2630065E+02  0.9907742E+01  0.9096339E+01
Si  0.2200191E+02  0.1708697E+02  0.2950137E+01
Si  0.5246463E+02  0.5840608E+01  0.2103577E+02
Si  0.3090379E+02  0.5407228E+01  0.2093592E+02
Si  0.4117464E+02  0.1574020E+02  0.1980798E+02
Si  0.3115920E+02  0.2050018E+01  0.7102441E+01
Si  0.2695134E+02  0.7942612E+01  0.1958342E+02
Si  0.1659865E+02  0.6689264E+01  0.1966189E+01
Si  0.1935859E+02  0.1093472E+02  0.8828578E+01
Si  0.2334654E+02  0.7387449E+00  0.8053464E+01
Si  0.4033698E+02  0.3231801E+01  0.2080422E+02
Si  0.2967126E+02  0.1983973E+02  0.1614869E+01
Si  0.3388345E+02  0.1208187E+02  0.7151763E+01
Si  0.4069601E+02  0.4290480E+01  0.1260689E+02
Si  0.2366305E+02  0.7811324E+01  0.2065953E+01
Si  0.2068544E+02  0.5289965E+01  0.1118624E+02
Si  0.3649324E+02  0.1718907E+01  0.3920980E+01
Si  0.2632754E+02  0.8671250E+01  0.4468143E+01
Si  0.3032280E+02  0.1939645E+02  0.1119266E+02
Si  0.4378250E+02  0.1425669E+01  0.5829769E+01
Si  0.3082073E+02  0.7446154E+01  0.7440154E+01
Si  0.1545803E+02  0.1863115E+02  0.4072501E+00
Si  0.3914296E+02  0.1330366E+02  0.7074376E+01
Si  0.4477634E+02  0.6034208E+01  0.1998426E+02
Si  0.3653694E+02  0.1513831E+01  0.1140996E+02
Si  0.2728211E+02  0.1697311E+02  0.2193785E+01
Si  0.5015719E+02  0.2064482E+02  0.6453747E+01
Si  0.4052666E+02  0.2116827E+02  0.2803953E+01
Si  0.4337869E+02  0.9060522E+01  0.1888911E+02
Si  0.4192917E+02  0.1626995E+02  0.1347366E+02
Si  0.2399989E+02  0.3942653E+01  0.1797603E+02
Si  0.3069641E+02  0.1765432E+02  0.1533987E+02
Si  0.4368236E+02  0.2162434E+02  0.1208208E+02
Si  0.3632467E+02  0.1336787E+02  0.3829897E+01
Si  0.3357788E+02  0.1989100E+02  0.1066129E+02
Si  0.3719416E+02  0.8184101E+01  0.6508367E+01
Si  0.3515228E+02  0.4421470E+01  0.9958081E+01
Si  0.1793241E+02  0.7365197E+00  0.1084561E+02
Si  0.3534690E+02  0.9154692E+01  0.4297348E+01
Si  0.3057870E+02  0.4803142E+01  0.1551227E+02
Si  0.2846117E+02  0.5751982E+01  0.1476952E+02
Si  0.3382775E+02  0.1689767E+02  0.2882322E+01
Si  0.2914507E+02  0.1618797E+02  0.1987872E+02
Si  0.2173432E+02  0.1116685E+02  0.9604686E+01
Si  0.4068431E+02  0.4426450E+01  0.1610061E+02
Si  0.2941820E+02  0.1726068E+02  0.1134366E+02
Si  0.4436775E+02  0.1830038E+02  0.3295391E-01
Si  0.3089441E+02  0.1409111E+02  0.1083220E+02
Si  0.3323082E+02  0.4545173E+01  0.8498023E+01
Si  0.2802462E+02  0.7389242E+00  0.1470938E+02
Si  0.3287416E+02  0.9512072E+01  0.1206117E+01
Si  0.2464980E+02  0.1029495E+01  0.3642763E+00
Si  0.1841164E+02  0.8741350E+01  0.1060721E+02
Si  0.2199637E+02  0.1497544E+02  0.6171509E+01
Si  0.3781431E+02  0.1865523E+02  0.7788577E+01
Si  0.3285207E+02  0.2144318E+02  0.4273115E+01
Si  0.4314796E+02  0.1025403E+02  0.5822870E+01
Si  0.3588278E+02  0.2010179E+02  0.2141332E+01
Si  0.1563668E+02  0.1344794E+02  0.1125693E+02
Si  0.3623340E+02  0.4842970E+00  0.2053807E+02
Si  0.2056342E+02  0.4287599E+01  0.2096571E+02
Si  0.4491262E+02  0.8066422E+01  0.2148198E+02
Si  0.3657605E+02  0.1013189E+02  0.6076713E+01
Si  0.2321870E+02  0.1436674E+02  0.1708610E+02
Si  0.3387362E+02  0.1124584E+02  0.1593667E+02
Si  0.2498190E+02  0.1747018E+02  0.5951393E+01
Si  0.1470465E+02  0.4549341E+01  0.1328474E+02
Si  0.3847532E+02  0.1117621E+02  0.1028502E+02
Si  0.2597113E+02  0.1360425E+02  0.1579925E+01
Si  0.1499650E+02  0.1769006E+02  0.1404706E+02
Si  0.4849131E+02  0.1770905E+02  0.1506808E+02
Si  0.1562624E+02  0.1254808E+02  0.2514233E+01
Si  0.3151450E+02  0.7911696E+01  0.1603961E+02
Si  0.4256476E+02  0.1766129E+02  0.2076997E+02
Si  0.3174993E+02  0.2018130E+02  0.9307016E+01
Si  0.3557976E+02  0.1947849E+02  0.1218072E+02
Si  0.2502225E+02  0.1769694E+01  0.1407247E+02
Si  0.2697800E+02  0.7442378E+01  0.1251264E+02
Si  0.3266665E+02  0.1404012E+02  0.6848844E+00
Si  0.4298210E+02  0.4218773E+01  0.1165643E+02
Si  0.3279109E+02  0.8436257E+01  0.1412765E+02
Si  0.2173047E+02  0.8367469E+01  0.9395050E+01
Si  0.4237120E+02  0.1590127E+02  0.6784638E+01
Si  0.5110416E+02  0.1159035E+02  0.9989538E+01
Si  0.4305407E+02  0.2159024E+02  0.9583311E+01
Si  0.2672124E+02  0.7392365E+01  0.7048109E+01
Si  0.4436955E+02  0.1769231E+02  0.1098432E+02
Si  0.3323974E+02  0.1981514E+02  0.1886255E+01
Si  0.2595530E+02  0.7885969E+01  0.1052892E+02
Si  0.2139186E+02  0.1939960E+02  0.2082457E+02
Si  0.3781349E+02  0.2142452E+01  0.8191985E+01
Si  0.3582186E+02  0.1289349E+02  0.8824132E+01
Si  0.1946307E+02  0.7381554E+01  0.7743157E+01
Si  0.2492436E+02  0.4422743E+00  0.3572736E+01
Si  0.3065289E+02  0.1850951E+00  0.5625128E+01
Si  0.3336460E+02  0.1443970E+02  0.3159558E+01
Si  0.2264381E+02  0.2602323E+01  0.1363625E+02
Si  0.2375507E+02  0.1150700E+02  0.1104908E+02
Si  0.2337925E+02  0.7435836E+01  0.1238139E+02
Si  0.2979823E+02  0.1065568E+02  0.2077953E+01
Si  0.3480799E+02  0.5508669E+01  0.2111286E+02
Si  0.2504549E+02  0.1924053E+02  0.4324749E+01
Si  0.4073587E+02  0.6833380E+01  0.1671264E+02
Si  0.3540556E+02  0.5068085E+00  0.1014496E+01
Si  0.3428358E+02  0.6755900E+00  0.1813332E+02
Si  0.5440255E+02  0.2862919E+01  0.1061884E+01
Si  0.4003819E+02  0.1689219E+01  0.8566594E+01
Si  0.1771655E+02  0.1997154E+02  0.1027098E+02
Si  0.2640331E+02  0.9761797E+01  0.6771280E+01
Si  0.3839974E+02  0.2453070E+01  0.1873693E+02
Si  0.4787804E+02  0.8627561E+01  0.1748239E+02
Si  0.2247710E+02  0.7958097E+01  0.1830271E+02
Si  0.2988595E+02  0.1923635E+02  0.1356277E+02
Si  0.4403207E+02  0.5939468E+01  0.2183105E+01
Si  0.3755747E+02  0.6216092E+01  0.1505255E+02
Si  0.2356523E+02  0.5819867E+01  0.8089904E+01
Si  0.4342808E+02  0.1905772E+02  0.1527798E+02
Si  0.4153559E+02  0.2019309E+02  0.1084740E+02
Si  0.3676650E+02  0.5005460E+00  0.1815954E+02
Si  0.2504045E+02  0.3106787E+01  0.3854355E+01
Si  0.4352064E+02  0.1041189E+02  0.1207902E+02
Si  0.2536633E+02  0.2159440E+02  0.1562359E+02
Si  0.1751452E+02  0.8534113E+01  0.1366006E+02
Si  0.2943111E+02  0.1276930E+02  0.9529098E+01
Si  0.2839923E+02  0.7482716E+01  0.3849487E+01
Si  0.2638789E+02  0.1116027E+02  0.1597113E+02
Si  0.3047866E+02  0.4777771E+00  0.2082565E+02
Si  0.2474317E+02  0.1515640E+02  0.1286625E+02
Si  0.3566461E+02  0.1373840E+02  0.2061385E+02
Si  0.4726812E+02  0.1065614E+02  0.1663852E+02
Si  0.4672054E+02  0.2987648E+01  0.8094323E+01
Si  0.3686480E+02  0.3992257E+01  0.2148949E+02
Si  0.4673186E+02  0.2010693E+02  0.8133359E+01
Si  0.1876416E+02  0.5232215E+01  0.4691795E+01
Si  0.4149873E+02  0.1816928E+01  0.6652590E+01
Si  0.3319170E+02  0.2582522E+00  0.8938362E+00
Si  0.3818653E+02  0.1657261E+02  0.1449492E+02
Si  0.4189585E+02  0.3755761E+00  0.1871111E+02
Si  0.2361432E+02  0.8772478E+00  0.5672422E+01
Si  0.2476216E+02  0.2124807E+02  0.1322597E+02
Si  0.2079651E+02  0.1747800E+02  0.1382914E+02
Si  0.1157301E+02  0.2091356E+02  0.7296252E+01
Si  0.1657365E+02  0.1932565E+02  0.1812844E+02
Si  0.2000040E+02  0.8303722E+01  0.2204291E+00
Si  0.2792705E+02  0.1661520E+02  0.9452938E+01
Si  0.2992962E+02  0.2162662E+02  0.1381409E+02
Si  0.4441206E+02  0.5869177E+01  0.1107479E+02
Si  0.3326160E+02  0.2563010E+01  0.6209496E+01
Si  0.3185224E+02  0.2357645E+01  0.2041287E+02
Si  0.2898716E+02  0.1138475E+02  0.1683393E+02
Si  0.3954591E+02  0.5761282E+01  0.5844001E+01
Si  0.3186107E+02  0.6291651E+00  0.9741221E+01
Si  0.3733760E+02  0.1039664E+02  0.2011672E+02
Si  0.3920642E+02  0.5384265E+01  0.2026032E+02
Si  0.3306865E+02  0.7874220E+01  0.1039326E+02
Si  0.2686414E+02  0.1254669E+02  0.1420159E+02
Si  0.4046731E+02  0.1461311E+02  0.1105144E+02
Si  0.5170050E+02  0.2889966E+01  0.6141515E+01
Si  0.3301613E+02  0.5984677E+01  0.1974265E+02
Si  0.3098723E+02  0.4087356E+01  0.9388558E+01
Si  0.4221478E+02  0.1930191E+02  0.1893695E+02
Si  0.1327173E+02  0.8735794E+01  0.3066279E+00
Si  0.3403606E+02  0.5917071E+01  0.1635443E+02
Si  0.2612500E+02  0.1622572E+02  0.1739288E+02
Si  0.1904493E+02  0.1653380E+02  0.1127025E+02
Si  0.1991316E+02  0.1154232E+01  0.5383985E+01
Si  0.1298548E+02  0.2863717E-02  0.2157996E+01
Si  0.3173039E+02  0.3482703E+01  0.1829261E+02
Si  0.2288840E+02  0.2027540E+02  0.5051085E+01
Si  0.2952901E+02  0.6129843E+01  0.5875389E+01
Si  0.4138810E+02  0.8629093E+01  0.1501600E+02
Si  0.3617586E+02  0.6274305E+01  0.5538804E+01
Si  0.4250967E+02  0.1057821E+01  0.3145201E+01
Si  0.2017677E+02  0.1732778E+02  0.8119843E+01
Si  0.4328666E+02  0.9265982E+01  0.1397714E+02
Si  0.1645016E+02  0.1918321E+02  0.1570215E+02
Si  0.3032766E+02  0.1825486E+02  0.2159535E+02
Si  0.4369764E+02  0.1553832E+02  0.1186053E+02
Si  0.3186438E+02  0.1044066E+02  0.1315098E+02
Si  0.2386605E+02  0.1654489E+02  0.9000978E+01
Si  0.4047850E+02  0.4779165E+01  0.7987152E+01
Si  0.1172506E+02  0.3546015E+01  0.9916580E+01
Si  0.3520605E+02  0.1008814E+02  0.2018853E+01
Si  0.2445298E+02  0.1878217E+02  0.1102656E+02
Si  0.3988488E+02  0.1920985E+02  0.1975626E+02
Si  0.3956690E+02  0.1043051E+02  0.1431464E+02
Si  0.3399286E+02  0.1557874E+02  0.1595107E+02
Si  0.4749738E+02  0.2083364E+02  0.1190103E+02
Si  0.4258689E+02  0.3818650E+01  0.1603278E+01
Si  0.3899921E+02  0.2062546E+02  0.2164359E+02
Si  0.1396242E+02  0.2975286E+01  0.1105625E+02
Si  0.4036900E+02  0.1914120E+02  0.1416122E+02
Si  0.2730815E+02  0.1302634E+02  0.1948948E+02
Si  0.1949023E+02  0.1884562E+02  0.4995301E+01
Si  0.2750194E+02  0.2003016E+02  0.1871271E+02
Si  0.4334815E+02  0.1261896E+02  0.1283639E+02
Si  0.4343193E+02  0.2107946E+02  0.4659681E+01
Si  0.2254340E+02  0.1503464E+02  0.1371589E+02
Si  0.1439573E+02  0.1942516E+02  0.8179426E+01
Si  0.3893362E+02  0.5971592E+01  0.1318872E+02
Si  0.2437436E+02  0.1529262E+02  0.1895398E+02
Si  0.1317213E+02  0.6473998E+01  0.1368387E+02
Si  0.2351529E+02  0.9927978E+01  0.2156385E+02
Si  0.3098958E+02  0.9768984E+01  0.1730159E+02
Si  0.2654911E+02  0.1226441E+02  0.3634629E+01
Si  0.2534679E+02  0.1178943E+02  0.1885918E+02
Si  0.2978770E+02  0.1611013E+02  0.1710843E+02
Si  0.3074218E+02  0.1517800E+02  0.2119021E+02
Si  0.4512848E+02  0.1235033E+01  0.9534631E+01
Si  0.2383058E+02  0.6359556E+01  0.1514928E+02
Si  0.1903279E+02  0.1110926E+02  0.1185824E+02
Si  0.3842683E+02  0.3583194E+01  0.6390214E+01
Si  0.2844903E+02  0.2770969E+01  0.2284348E+01
Si  0.4038439E+02  0.1554392E+02  0.4759858E+00
Si  0.3810135E+02  0.2119924E+01  0.2121165E+02
Si  0.3212471E+02  0.1904316E+02  0.1716844E+02
Si  0.2120865E+02  0.1800818E+02  0.1034558E+01
Si  0.3608674E+02  0.1476933E+02  0.1723469E+01
Si  0.4922455E+02  0.1115358E+02  0.1527977E+02
Si  0.3868393E+02  0.1106096E+01  0.1389393E+02
Si  0.4531955E+02  0.4775866E+01  0.3726229E+01
Si  0.4296538E+02  0.9080942E+01  0.9325496E+01
Si  0.4883733E+02  0.2130274E+02  0.2067089E+01
Si  0.3156944E+02  0.1630339E+02  0.1060491E+02
Si  0.4692152E+02  0.1293942E+02  0.1364738E+02
Si  0.4494630E+02  0.9240469E+00  0.2244424E+01
Si  0.5172377E+02  0.2147916E+02  0.2069271E+02
Si  0.5093381E+02  0.2820346E+01  0.8402238E+01
Si  0.4722529E+02  0.1634507E+02  0.9929425E+00
Si  0.4485598E+02  0.2021907E+02  0.6361301E+01
Si  0.3892583E+02  0.9006183E+01  0.8712385E+00
Si  0.5074029E+02  0.4690172E+01  0.1982119E+02
Si  0.4484623E+02  0.1191158E+02  0.6907786E+01
Si  0.4805805E+02  0.2886049E+01  0.1787293E+02
Si  0.5273579E+02  0.1868891E+02  0.1349859E+01
Si  0.5269795E+02  0.4686502E+00  0.3216044E+01
Si  0.4839148E+02  0.1863918E+02  0.1745031E+02
Si  0.4170100E+02  0.1604967E+02  0.3660563E+01
Si  0.5388872E+02  0.4863796E-01  0.2027735E+02
Si  0.5707409E+02  0.2581208E+01  0.2097551E+02
Si  0.5678995E+02  0.2165932E+02  0.1841391E+01
Si  0.5208823E+02  0.2419070E+01  0.1566585E+01
Si  0.5547120E+02  0.1054623E+01  0.2754260E-01
Si  0.5816430E+02  0.4091712E+01  0.7415636E+00
Si  0.5833601E+02  0.1204623E+01  0.3175669E+01
Si  0.5401588E+02  0.4382923E+01  0.5147541E+01
Si  0.5990300E+02  0.2140164E+02  0.2102582E+02
Si  0.6221841E+02  0.2806086E+01  0.2127935E+02
Si  0.6243962E+02  0.6480553E-01  0.2043624E+01
Si  0.5946729E+02  0.2688573E+01  0.2031427E+01
Si  0.6086718E+02  0.1352097E+01  0.7979758E+00
Si  0.6368304E+02  0.4223294E+01  0.9483538E+00
Si  0.6380030E+02  0.1312931E+01  0.3295274E+01
Si  0.6093022E+02  0.4107645E+01  0.3612924E+01
Si  0.3411814E+02  0.1766897E+02  0.1503154E+02
Si  0.3249269E+02  0.1015998E+02  0.1066641E+02
Si  0.5073850E+02  0.7662704E+01  0.4583453E+01
Si  0.4078344E+02  0.8374898E+01  0.8454941E+01
Si  0.5251209E+02  0.1015629E+02  0.1848419E+02
Si  0.5225118E+02  0.1623780E+02  0.1437924E+01
Si  0.4464309E+02  0.5938987E+01  0.1627525E+02
Si  0.3452356E+02  0.3397367E+00  0.1472933E+02
Si  0.5142428E+02  0.7223971E+01  0.6891340E+01
Si  0.4885580E+02  0.6512161E+01  0.1453247E+01
Si  0.5201744E+02  0.1914702E+02  0.2079606E+02
Si  0.4243273E+02  0.3234797E+01  0.8246539E+01
Si  0.4898406E+02  0.1187939E+02  0.1014326E+02
Si  0.5290206E+02  0.8057496E+01  0.1958434E+02
Si  0.5137710E+02  0.6182050E+01  0.1331065E+01
Si  0.4802398E+02  0.1730285E+02  0.8639103E+01
Si  0.5434876E+02  0.4606599E+01  0.2138159E+02
Si  0.5680421E+02  0.7721255E+01  0.2118373E+02
Si  0.5690685E+02  0.5313044E+01  0.2618538E+01
Si  0.5404518E+02  0.7798705E+01  0.2487916E+01
Si  0.5543468E+02  0.6387455E+01  0.9769292E+00
Si  0.5803772E+02  0.9357719E+01  0.6688495E+00
Si  0.5844760E+02  0.6847335E+01  0.3547360E+01
Si  0.5520152E+02  0.9519565E+01  0.3677193E+01
Si  0.5936684E+02  0.5228325E+01  0.2081760E+02
Si  0.6219880E+02  0.8120372E+01  0.2114821E+02
Si  0.6205114E+02  0.5418504E+01  0.2025530E+01
Si  0.5959657E+02  0.8173541E+01  0.1811280E+01
Si  0.6059026E+02  0.6547500E+01  0.4125548E+00
Si  0.6357533E+02  0.9579637E+01  0.7725156E+00
Si  0.6367473E+02  0.6674542E+01  0.3356017E+01
Si  0.6115956E+02  0.9024178E+01  0.3499421E+01
Si  0.4651115E+02  0.2033556E+02  0.4695855E+01
Si  0.4214494E+02  0.1692118E+02  0.1576536E+02
Si  0.4106995E+02  0.6689502E+01  0.1972833E+02
Si  0.3791771E+02  0.1167295E+02  0.1295897E+02
Si  0.4110217E+02  0.1201318E+02  0.7490080E+01
Si  0.4370703E+02  0.1376719E+02  0.2627799E+01
Si  0.3979220E+02  0.1725533E+02  0.1289929E+02
Si  0.3508605E+02  0.7965118E+01  0.1367798E+02
Si  0.5141812E+02  0.8332651E+01  0.1225991E+02
Si  0.5113898E+02  0.9577480E+01  0.7475441E+01
Si  0.4862498E+02  0.1878746E+01  0.3154284E+01
Si  0.3416967E+02  0.1835461E+02  0.1846730E+02
Si  0.4301429E+02  0.9559925E+01  0.2122436E+02
Si  0.4452155E+02  0.1580286E+02  0.3913153E+01
Si  0.5084223E+02  0.9909528E+01  0.2136531E+02
Si  0.5181181E+02  0.1436943E+02  0.2047442E+02
Si  0.5415608E+02  0.1040379E+02  0.2111959E+02
Si  0.5667681E+02  0.1337857E+02  0.2125771E+02
Si  0.5668865E+02  0.1073453E+02  0.1977029E+01
Si  0.4619166E+02  0.1331834E+02  0.2771741E+01
Si  0.5525060E+02  0.1181686E+02  0.6052984E+00
Si  0.5809859E+02  0.1473949E+02  0.8561697E+00
Si  0.5835467E+02  0.1177410E+02  0.3304814E+01
Si  0.5514785E+02  0.1453774E+02  0.3956474E+01
Si  0.5938045E+02  0.1072174E+02  0.2091760E+02
Si  0.6232831E+02  0.1328394E+02  0.2103702E+02
Si  0.6220464E+02  0.1067657E+02  0.2046695E+01
Si  0.5959023E+02  0.1330923E+02  0.2123686E+01
Si  0.6081242E+02  0.1197297E+02  0.6756283E+00
Si  0.6375282E+02  0.1470032E+02  0.3716851E+00
Si  0.6358977E+02  0.1210792E+02  0.3298654E+01
Si  0.6090288E+02  0.1480225E+02  0.3489789E+01
Si  0.4512984E+02  0.1927178E+02  0.2644238E+01
Si  0.5294609E+02  0.8744316E+01  0.1594250E+02
Si  0.4077757E+02  0.9962381E+01  0.6576219E+01
Si  0.4235990E+02  0.3540174E+01  0.1743984E+02
Si  0.3389099E+02  0.2770038E+01  0.1757412E+02
Si  0.4139535E+02  0.1727276E+02  0.1745731E+01
Si  0.4190900E+02  0.5637745E+01  0.2826903E+01
Si  0.4601396E+02  0.1105557E+01  0.1497575E+02
Si  0.4431284E+02  0.1504389E+02  0.7843470E+01
Si  0.4585585E+02  0.1585555E+02  0.1756456E+02
Si  0.4112287E+02  0.1204962E+02  0.1870184E+02
Si  0.5111751E+02  0.1013003E+02  0.5065846E+01
Si  0.4771658E+02  0.1611011E+02  0.4607253E+01
Si  0.5174208E+02  0.2000281E+02  0.3183667E+01
Si  0.4535616E+02  0.9019841E+01  0.5590839E+01
Si  0.3671413E+02  0.1628728E+02  0.1013741E+02
Si  0.5381378E+02  0.1501567E+02  0.2154521E+02
Si  0.5703536E+02  0.1847365E+02  0.2114202E+02
Si  0.5639013E+02  0.1593905E+02  0.2156190E+01
Si  0.5317065E+02  0.1147801E+02  0.2110316E+01
Si  0.5546108E+02  0.1679304E+02  0.1538807E+00
Si  0.5823279E+02  0.2013579E+02  0.6160139E+00
Si  0.5805432E+02  0.1741035E+02  0.3444539E+01
Si  0.5346003E+02  0.1772727E+02  0.4573316E+01
Si  0.5975360E+02  0.1587143E+02  0.2120525E+02
Si  0.6224475E+02  0.1883996E+02  0.2091293E+02
Si  0.6235738E+02  0.1599233E+02  0.1846429E+01
Si  0.5960663E+02  0.1866716E+02  0.2166979E+01
Si  0.6104401E+02  0.1751972E+02  0.6818020E+00
Si  0.6362169E+02  0.2021124E+02  0.5021394E+00
Si  0.6357565E+02  0.1752900E+02  0.3225743E+01
Si  0.6097799E+02  0.2034874E+02  0.3152445E+01
Si  0.4726554E+02  0.2751134E+01  0.1998731E+02
Si  0.5278104E+02  0.5143609E+00  0.1489556E+02
Si  0.5056337E+02  0.2092400E+02  0.1506387E+02
Si  0.4807483E+02  0.4368576E+00  0.1369578E+02
Si  0.4706516E+02  0.3444932E-01  0.9706193E+01
Si  0.3654760E+02  0.5943524E+01  0.3196984E+01
Si  0.4328888E+02  0.2071771E+02  0.1697594E+02
Si  0.5239861E+02  0.1428606E+02  0.1069499E+02
Si  0.5304785E+02  0.1043137E+01  0.5574488E+01
Si  0.4776205E+02  0.1843166E+02  0.4593055E+01
Si  0.4692893E+02  0.1763627E+02  0.1069141E+02
Si  0.4512554E+02  0.3969285E+01  0.8322162E+00
Si  0.4684074E+02  0.1127981E+02  0.2087960E+02
Si  0.5177761E+02  0.2153166E+02  0.9195307E+01
Si  0.5282380E+02  0.1941193E+02  0.1116210E+02
Si  0.5483151E+02  0.6295988E+01  0.9279368E+01
Si  0.5544440E+02  0.2022868E+02  0.4190078E+01
Si  0.5662445E+02  0.2259862E+01  0.4587070E+01
Si  0.5699913E+02  0.3834112E-01  0.7338373E+01
Si  0.5424911E+02  0.2066260E+02  0.1984578E+01
Si  0.5342645E+02  0.4060506E+01  0.7279745E+01
Si  0.5802972E+02  0.3515025E+01  0.5967601E+01
Si  0.5842350E+02  0.1299443E+01  0.8895167E+01
Si  0.5541476E+02  0.4003613E+01  0.8590737E+01
Si  0.5973369E+02  0.2150128E+02  0.4669900E+01
Si  0.6239397E+02  0.2480663E+01  0.4637345E+01
Si  0.6234648E+02  0.2167737E+02  0.7381300E+01
Si  0.5966057E+02  0.2228648E+01  0.7259047E+01
Si  0.6110734E+02  0.1073260E+01  0.5971009E+01
Si  0.6372715E+02  0.3837890E+01  0.5949967E+01
Si  0.6387985E+02  0.1199719E+01  0.8536108E+01
Si  0.6097511E+02  0.3573912E+01  0.8876359E+01
Si  0.4026821E+02  0.4282247E+01  0.1300506E+01
Si  0.4943785E+02  0.1858881E+01  0.5663478E+01
Si  0.5261823E+02  0.2068615E+02  0.7020305E+01
Si  0.3515881E+02  0.1843367E+02  0.9363090E+01
Si  0.4318665E+02  0.7741397E+01  0.5755983E+01
Si  0.2962801E+02  0.4330861E+00  0.1381888E+01
Si  0.4777021E+02  0.6446274E+01  0.7152506E+01
Si  0.3811616E+02  0.5604383E+01  0.1163106E+01
Si  0.3929095E+02  0.1932654E+02  0.5299103E+01
Si  0.5539550E+02  0.2883268E+00  0.5518135E+01
Si  0.4718889E+02  0.3051981E+01  0.1202224E+02
Si  0.5097131E+02  0.2264484E+01  0.1303137E+02
Si  0.4666729E+02  0.3098705E+01  0.2442561E+01
Si  0.5011144E+02  0.1182015E+02  0.7594093E+01
Si  0.5575193E+02  0.7546082E+01  0.7681648E+01
Si  0.4364247E+02  0.1384289E+02  0.1507387E+02
Si  0.5258362E+02  0.6279320E+01  0.3647678E+01
Si  0.5684020E+02  0.8108975E+01  0.4798135E+01
Si  0.5691686E+02  0.5315008E+01  0.7307357E+01
Si  0.5334447E+02  0.7758753E+01  0.5502067E+01
Si  0.5553738E+02  0.6369961E+01  0.5512388E+01
Si  0.5829476E+02  0.9083492E+01  0.6179821E+01
Si  0.5858272E+02  0.6454094E+01  0.8788107E+01
Si  0.5554904E+02  0.9756720E+01  0.9155283E+01
Si  0.5959471E+02  0.5355246E+01  0.5076094E+01
Si  0.6252703E+02  0.7858302E+01  0.4920685E+01
Si  0.6255084E+02  0.5155343E+01  0.7841404E+01
Si  0.5981584E+02  0.7657344E+01  0.7573903E+01
Si  0.6127541E+02  0.6314624E+01  0.6307062E+01
Si  0.6392670E+02  0.9423517E+01  0.6230522E+01
Si  0.6383562E+02  0.6883114E+01  0.8881960E+01
Si  0.6112777E+02  0.9405027E+01  0.8833360E+01
Si  0.2668113E+02  0.2188089E+01  0.1042813E+02
Si  0.4005170E+02  0.4331293E+01  0.3911210E+01
Si  0.4274723E+02  0.1178244E+02  0.1892468E+01
Si  0.4724591E+02  0.1042475E+02  0.5455204E+01
Si  0.4296107E+02  0.1764339E+02  0.5057321E+01
Si  0.5292057E+02  0.1215405E+02  0.1161146E+02
Si  0.5080906E+02  0.1213166E+02  0.2030817E+02
Si  0.5027818E+02  0.1986767E+02  0.1043022E+02
Si  0.4923245E+02  0.1131441E+02  0.4322612E+01
Si  0.4879173E+02  0.2084024E+01  0.2161347E+02
Si  0.4777333E+02  0.1007483E+02  0.1385222E+02
Si  0.4833825E+02  0.7458051E+01  0.3592882E+01
Si  0.4935806E+02  0.7574198E+01  0.1061800E+02
Si  0.5011742E+02  0.1570604E+02  0.2762939E+01
Si  0.4856843E+02  0.1367820E+02  0.1184947E+02
Si  0.4644887E+02  0.1287563E+02  0.5262607E+01
Si  0.5437173E+02  0.1045556E+02  0.5665814E+01
Si  0.5718531E+02  0.1347085E+02  0.4810152E+01
Si  0.5680593E+02  0.1093418E+02  0.7396506E+01
Si  0.5270506E+02  0.1149767E+02  0.4407818E+01
Si  0.5542031E+02  0.1250748E+02  0.6110672E+01
Si  0.5834340E+02  0.1500910E+02  0.6445047E+01
Si  0.5831328E+02  0.1216237E+02  0.8725806E+01
Si  0.5537953E+02  0.1743302E+02  0.6137547E+01
Si  0.5977487E+02  0.1051279E+02  0.4686715E+01
Si  0.6220651E+02  0.1333557E+02  0.4954737E+01
Si  0.6240707E+02  0.1067820E+02  0.7419914E+01
Si  0.5972986E+02  0.1341271E+02  0.7355416E+01
Si  0.6117661E+02  0.1178039E+02  0.6140411E+01
Si  0.6367233E+02  0.1486731E+02  0.5991640E+01
Si  0.6362340E+02  0.1218393E+02  0.8937819E+01
Si  0.6107817E+02  0.1503419E+02  0.8670264E+01
Si  0.3774002E+02  0.1889959E+02  0.1327727E+02
Si  0.3555236E+02  0.1327762E+02  0.6159959E+01
Si  0.3726384E+02  0.1691715E+02  0.1695685E+02
Si  0.3820655E+02  0.1325372E+02  0.9193423E+01
Si  0.3280855E+02  0.1264861E+02  0.1118089E+02
Si  0.4795499E+02  0.1565492E+02  0.1632780E+02
Si  0.4318805E+02  0.1440804E+02  0.2047805E+02
Si  0.3832277E+02  0.1421803E+02  0.1354433E+02
Si  0.3924662E+02  0.1205384E+02  0.2033688E+02
Si  0.5189619E+02  0.1915987E+02  0.5431499E+01
Si  0.5097076E+02  0.1338403E+02  0.1707428E+02
Si  0.4201981E+02  0.1417133E+02  0.1804504E+02
Si  0.4503167E+02  0.1708929E+02  0.8617533E+01
Si  0.4568944E+02  0.7607322E+01  0.7591433E+01
Si  0.5272630E+02  0.1805210E+02  0.9162379E+01
Si  0.5094300E+02  0.1607715E+02  0.6563710E+01
Si  0.5379452E+02  0.1553924E+02  0.5456419E+01
Si  0.5703846E+02  0.1888059E+02  0.5126967E+01
Si  0.5710746E+02  0.1629970E+02  0.7531724E+01
Si  0.5421799E+02  0.1896058E+02  0.7710867E+01
Si  0.5087760E+02  0.1713005E+02  0.4534669E+01
Si  0.5851114E+02  0.2031124E+02  0.6351614E+01
Si  0.5838952E+02  0.1755745E+02  0.8757094E+01
Si  0.5597714E+02  0.2001504E+02  0.8898512E+01
Si  0.5943500E+02  0.1614935E+02  0.4735627E+01
Si  0.6237274E+02  0.1889389E+02  0.4628412E+01
Si  0.6252767E+02  0.1640586E+02  0.7265179E+01
Si  0.5953882E+02  0.1884667E+02  0.7554576E+01
Si  0.6087061E+02  0.1764926E+02  0.5868475E+01
Si  0.6389938E+02  0.2026956E+02  0.5998525E+01
Si  0.6387520E+02  0.1776031E+02  0.8565380E+01
Si  0.6100957E+02  0.2025725E+02  0.8821826E+01
Si  0.4479800E+02  0.5863004E+01  0.5818250E+01
Si  0.4606859E+02  0.1825172E+02  0.1827704E+02
Si  0.4931544E+02  0.2111744E+02  0.1979839E+02
Si  0.3179538E+02  0.1619056E+02  0.1389022E+02
Si  0.4970388E+02  0.1868606E+02  0.3086720E+01
Si  0.5026568E+02  0.1497574E+02  0.5456045E+00
Si  0.4865540E+02  0.6261407E+01  0.1266699E+02
Si  0.4705095E+02  0.2133124E+02  0.1653630E+02
Si  0.4883476E+02  0.9828372E+01  0.1167076E+02
Si  0.5020840E+02  0.1879542E+02  0.1367620E+02
Si  0.5160988E+02  0.2395169E+01  0.1583001E+02
Si  0.4141333E+02  0.6491397E+01  0.1351310E+02
Si  0.5089037E+02  0.6142668E+01  0.1301906E+02
Si  0.5042145E+02  0.4712751E+01  0.9445099E+01
Si  0.5431175E+02  0.1673105E+01  0.1369481E+02
Si  0.5248649E+02  0.5777646E+01  0.8493791E+01
Si  0.5408087E+02  0.2110291E+02  0.9938083E+01
Si  0.5665746E+02  0.2440677E+01  0.9940312E+01
Si  0.5701158E+02  0.2162121E+02  0.1287433E+02
Si  0.5049481E+02  0.4169045E+01  0.1449601E+02
Si  0.5521354E+02  0.9747424E+00  0.1146958E+02
Si  0.5800989E+02  0.3819308E+01  0.1129269E+02
Si  0.5818148E+02  0.1309018E+01  0.1447840E+02
Si  0.5549262E+02  0.3711222E+01  0.1420039E+02
Si  0.5960079E+02  0.2134312E+02  0.1028389E+02
Si  0.6242120E+02  0.2299782E+01  0.1018429E+02
Si  0.6245408E+02  0.2161596E+02  0.1292968E+02
Si  0.5946093E+02  0.2529572E+01  0.1272022E+02
Si  0.6100289E+02  0.1224215E+01  0.1150321E+02
Si  0.6381560E+02  0.3798504E+01  0.1151353E+02
Si  0.6388985E+02  0.1258328E+01  0.1431841E+02
Si  0.6074114E+02  0.3671316E+01  0.1415420E+02
Si  0.3864731E+02  0.5352164E+01  0.9447534E+01
Si  0.5108821E+02  0.9533856E+01  0.1447782E+02
Si  0.4891197E+02  0.1460932E+02  0.1807393E+02
Si  0.4887450E+02  0.1580008E+02  0.1360409E+02
Si  0.4726083E+02  0.5126355E+01  0.1109957E+02
Si  0.5251866E+02  0.1523297E+02  0.1349422E+02
Si  0.4229456E+02  0.1210235E+02  0.2102617E+02
Si  0.3545253E+02  0.5248244E+01  0.1441994E+02
Si  0.4936530E+02  0.3967729E+01  0.4621724E+01
Si  0.5489744E+02  0.1074864E+02  0.1112581E+02
Si  0.5019454E+02  0.3193712E+01  0.1133091E+02
Si  0.4070250E+02  0.1029793E+02  0.3153853E+01
Si  0.5353379E+02  0.9399653E+01  0.7561140E+01
Si  0.5343533E+02  0.1258243E+02  0.1462927E+02
Si  0.5306775E+02  0.7350726E+01  0.1383674E+02
Si  0.5091400E+02  0.1109574E+02  0.1705331E+02
Si  0.5224739E+02  0.1890236E+01  0.1014278E+02
Si  0.5747056E+02  0.8045862E+01  0.1033291E+02
Si  0.5674394E+02  0.5139261E+01  0.1266777E+02
Si  0.5471097E+02  0.8636323E+01  0.1245330E+02
Si  0.5580377E+02  0.6850273E+01  0.1131146E+02
Si  0.5862728E+02  0.9526772E+01  0.1131963E+02
Si  0.5800423E+02  0.6687395E+01  0.1412359E+02
Si  0.5570394E+02  0.9626174E+01  0.1444488E+02
Si  0.5981084E+02  0.5404390E+01  0.1010196E+02
Si  0.6236041E+02  0.8154761E+01  0.1024565E+02
Si  0.6234565E+02  0.4904822E+01  0.1288613E+02
Si  0.5954774E+02  0.8159024E+01  0.1284638E+02
Si  0.6088686E+02  0.6754501E+01  0.1173665E+02
Si  0.6413477E+02  0.9516569E+01  0.1151945E+02
Si  0.6358722E+02  0.6613139E+01  0.1406490E+02
Si  0.6094957E+02  0.9490828E+01  0.1398801E+02
Si  0.3553691E+02  0.2049160E+02  0.8012244E+01
Si  0.3791592E+02  0.1193922E+02  0.3496554E+01
Si  0.5412027E+02  0.1374728E+02  0.1999098E+01
Si  0.3760431E+02  0.1922920E+02  0.2008059E+02
Si  0.5221685E+02  0.1942971E+02  0.1588255E+02
Si  0.4596903E+02  0.1175382E+02  0.1866107E+02
Si  0.3829881E+02  0.7326330E+01  0.4505734E+01
Si  0.3749930E+02  0.9429356E+01  0.3132428E+01
Si  0.5050400E+02  0.1757073E+02  0.8390096E+01
Si  0.4769620E+02  0.5567241E+01  0.4817422E+01
Si  0.5133248E+02  0.1305076E+02  0.1341962E+02
Si  0.3556672E+02  0.1438920E+02  0.1853826E+02
Si  0.4133205E+02  0.1413127E+02  0.1566447E+02
Si  0.5284054E+02  0.1735003E+02  0.1462608E+02
Si  0.5450913E+02  0.1076620E+02  0.1591143E+02
Si  0.4824838E+02  0.1038421E+02  0.7539006E+01
Si  0.5220129E+02  0.1323307E+02  0.8550512E+01
Si  0.5717133E+02  0.1363536E+02  0.1016079E+02
Si  0.5731348E+02  0.1058678E+02  0.1288281E+02
Si  0.5433695E+02  0.1383521E+02  0.1275720E+02
Si  0.5572689E+02  0.1491365E+02  0.9069851E+01
Si  0.5856136E+02  0.1491267E+02  0.1165888E+02
Si  0.5847740E+02  0.1210400E+02  0.1421468E+02
Si  0.5626740E+02  0.1253496E+02  0.1195493E+02
Si  0.5965019E+02  0.1087282E+02  0.9927957E+01
Si  0.6241506E+02  0.1385314E+02  0.1018709E+02
Si  0.6258786E+02  0.1092281E+02  0.1289082E+02
Si  0.5989341E+02  0.1352083E+02  0.1286734E+02
Si  0.6114798E+02  0.1206152E+02  0.1139524E+02
Si  0.6392656E+02  0.1514097E+02  0.1142820E+02
Si  0.6383036E+02  0.1238996E+02  0.1444116E+02
Si  0.6110419E+02  0.1494487E+02  0.1413136E+02
Si  0.3262899E+02  0.1130793E+02  0.1816186E+02
Si  0.4492012E+02  0.1139583E+02  0.9141418E+01
Si  0.3875848E+02  0.7826036E+00  0.3691828E+01
Si  0.4082353E+02  0.8215740E+01  0.1085918E+02
Si  0.4535759E+02  0.1833803E+02  0.1403626E+02
Si  0.4369483E+02  0.1174830E+01  0.1592861E+02
Si  0.4443163E+02  0.1206375E+02  0.1671834E+02
Si  0.4288908E+02  0.2153729E+01  0.1025153E+02
Si  0.4903584E+02  0.1972964E+02  0.8447213E+01
Si  0.5055845E+02  0.1306941E+02  0.4106174E+01
Si  0.4777441E+02  0.2160171E+02  0.2143339E+02
Si  0.4848067E+02  0.1254841E+02  0.1914680E+02
Si  0.4882612E+02  0.1866087E+02  0.1175432E+02
Si  0.4638482E+02  0.1814256E+02  0.6800869E+01
Si  0.5425115E+02  0.1597788E+02  0.1586514E+02
Si  0.4691457E+02  0.1556422E+02  0.1202641E+02
Si  0.5400772E+02  0.1628159E+02  0.1009125E+02
Si  0.5707490E+02  0.1854290E+02  0.1052245E+02
Si  0.5714230E+02  0.1628078E+02  0.1298706E+02
Si  0.4727994E+02  0.1978565E+02  0.1459997E+02
Si  0.5543727E+02  0.1725506E+02  0.1167460E+02
Si  0.5821611E+02  0.2011778E+02  0.1164861E+02
Si  0.5853212E+02  0.1770080E+02  0.1447933E+02
Si  0.5522076E+02  0.2056220E+02  0.1410638E+02
Si  0.5987039E+02  0.1637318E+02  0.1004490E+02
Si  0.6252135E+02  0.1896968E+02  0.1025071E+02
Si  0.6248417E+02  0.1621007E+02  0.1280118E+02
Si  0.5996045E+02  0.1899660E+02  0.1289065E+02
Si  0.6110708E+02  0.1761488E+02  0.1159314E+02
Si  0.6384118E+02  0.2019167E+02  0.1153694E+02
Si  0.6353607E+02  0.1753885E+02  0.1435879E+02
Si  0.6121094E+02  0.2021017E+02  0.1423940E+02
Si  0.4846975E+02  0.1822688E+01  0.1057281E+02
Si  0.5126940E+02  0.2067661E+02  0.1252311E+02
Si  0.4606693E+02  0.1426333E+02  0.1550713E+02
Si  0.4490678E+02  0.1702369E+02  0.1872358E+01
Si  0.5098093E+02  0.1301682E+02  0.1727231E+01
Si  0.4595453E+02  0.5787497E+00  0.1959106E+02
Si  0.5528297E+02  0.3694079E+01  0.3207653E+01
Si  0.4601689E+02  0.1716796E+02  0.2061243E+02
Si  0.4537589E+02  0.1589601E+02  0.1371497E+02
Si  0.4857321E+02  0.2641839E+01  0.1405029E+02
Si  0.4941517E+02  0.2077593E+02  0.1725194E+02
Si  0.4878954E+02  0.1420862E+01  0.8165930E+01
Si  0.4958205E+02  0.1884836E+02  0.2081847E+02
Si  0.5264148E+02  0.8279433E+00  0.1216565E+02
Si  0.5434621E+02  0.1719109E+02  0.2348892E+01
Si  0.4447651E+02  0.3478187E+01  0.1604205E+02
Si  0.5440507E+02  0.2071955E+02  0.1624052E+02
Si  0.5674829E+02  0.2699056E+01  0.1581814E+02
Si  0.5700046E+02  0.2158450E+02  0.1857215E+02
Si  0.5419597E+02  0.1979891E+01  0.1856866E+02
Si  0.5565163E+02  0.9657403E+00  0.1700352E+02
Si  0.5832224E+02  0.3904074E+01  0.1692426E+02
Si  0.5845335E+02  0.1356464E+01  0.1969742E+02
Si  0.5555617E+02  0.3562377E+01  0.1953295E+02
Si  0.5981717E+02  0.2167221E+02  0.1563667E+02
Si  0.6216182E+02  0.2546524E+01  0.1555099E+02
Si  0.6247670E+02  0.1056665E+00  0.1844173E+02
Si  0.5957424E+02  0.2713804E+01  0.1818067E+02
Si  0.6099268E+02  0.1382070E+01  0.1727649E+02
Si  0.6359889E+02  0.3993299E+01  0.1680487E+02
Si  0.6365731E+02  0.1580318E+01  0.1977820E+02
Si  0.6100990E+02  0.4035032E+01  0.1950666E+02
Si  0.3191867E+02  0.5696911E+01  0.1719061E+02
Si  0.4571633E+02  0.1488130E+02  0.1976523E+02
Si  0.3983943E+02  0.2363457E+01  0.4971807E+01
Si  0.4594902E+02  0.1518320E+02  0.5838983E+01
Si  0.4989806E+02  0.7955850E+01  0.1602540E+02
Si  0.4014266E+02  0.1204953E+02  0.1662199E+01
Si  0.4521095E+02  0.2050868E+02  0.1785624E+02
Si  0.5279170E+02  0.9212765E+01  0.1056990E+01
Si  0.4111320E+02  0.8092551E+01  0.2270992E+01
Si  0.4998597E+02  0.1532182E+01  0.1746192E+02
Si  0.5352082E+02  0.3409929E+01  0.1683921E+02
Si  0.5166616E+02  0.6265543E+01  0.1076757E+02
Si  0.5037231E+02  0.5659343E+01  0.1628169E+02
Si  0.5162886E+02  0.2300470E+01  0.1902482E+02
Si  0.4825585E+02  0.4180874E+01  0.1126500E+01
Si  0.5108630E+02  0.1927610E+01  0.2121834E+02
Si  0.5394780E+02  0.5233551E+01  0.1513600E+02
Si  0.5659466E+02  0.7920404E+01  0.1559148E+02
Si  0.5664909E+02  0.5272454E+01  0.1815643E+02
Si  0.5290539E+02  0.6996898E+01  0.1745151E+02
Si  0.5518594E+02  0.6602142E+01  0.1699376E+02
Si  0.5798595E+02  0.9308247E+01  0.1673929E+02
Si  0.5808383E+02  0.6680112E+01  0.1943014E+02
Si  0.5556312E+02  0.8907728E+01  0.1980123E+02
Si  0.5943876E+02  0.5082436E+01  0.1526406E+02
Si  0.6210195E+02  0.7968715E+01  0.1552072E+02
Si  0.6228491E+02  0.5488731E+01  0.1823994E+02
Si  0.5932212E+02  0.7961339E+01  0.1803560E+02
Si  0.6065106E+02  0.6657328E+01  0.1652622E+02
Si  0.6379091E+02  0.9104532E+01  0.1695138E+02
Si  0.6365666E+02  0.6629558E+01  0.1980861E+02
Si  0.6074712E+02  0.9433800E+01  0.1956524E+02
Si  0.4279092E+02  0.5281736E+01  0.1916644E+02
Si  0.4815458E+02  0.1445426E+02  0.2091835E+02
Si  0.3969684E+02  0.1354691E+02  0.3621006E+01
Si  0.4309308E+02  0.9940988E+01  0.3480468E+01
Si  0.4008922E+02  0.1837639E+02  0.1070295E+02
Si  0.3346297E+02  0.1296915E+02  0.2062282E+02
Si  0.4493791E+02  0.7622591E+01  0.1804246E+02
Si  0.3752646E+02  0.6439349E+01  0.1130952E+02
Si  0.4931220E+02  0.7909492E+01  0.8000283E+01
Si  0.5060200E+02  0.1500857E+02  0.1200239E+02
Si  0.4105852E+02  0.1148844E+02  0.1272720E+02
Si  0.3867592E+02  0.1137409E+02  0.5830778E+01
Si  0.5324263E+02  0.1371957E+02  0.1664029E+02
Si  0.4520239E+02  0.1022320E+02  0.1539332E+02
Si  0.5303154E+02  0.1221068E+02  0.1975810E+02
Si  0.4702570E+02  0.8933829E+01  0.2135809E+02
Si  0.5060295E+02  0.8857087E+01  0.1941470E+02
Si  0.5706440E+02  0.1308326E+02  0.1568275E+02
Si  0.5684998E+02  0.1051300E+02  0.1863963E+02
Si  0.4829985E+02  0.8157238E+01  0.1968560E+02
Si  0.5586666E+02  0.1205753E+02  0.1738111E+02
Si  0.5820794E+02  0.1471527E+02  0.1696229E+02
Si  0.5804158E+02  0.1227899E+02  0.1973865E+02
Si  0.5569361E+02  0.1511281E+02  0.1990498E+02
Si  0.5971029E+02  0.1074531E+02  0.1579944E+02
Si  0.6253601E+02  0.1356628E+02  0.1595171E+02
Si  0.6222496E+02  0.1055257E+02  0.1819571E+02
Si  0.5955959E+02  0.1364337E+02  0.1837763E+02
Si  0.6097035E+02  0.1223619E+02  0.1716240E+02
Si  0.6363972E+02  0.1504279E+02  0.1716783E+02
Si  0.6366325E+02  0.1195562E+02  0.1968047E+02
Si  0.6092656E+02  0.1467584E+02  0.1974757E+02
Si  0.4748772E+02  0.1268915E+02  0.8304524E+00
Si  0.5119561E+02  0.1379216E+02  0.6343212E+01
Si  0.4669829E+02  0.5046852E+01  0.2109960E+02
Si  0.5414187E+02  0.1415430E+02  0.7474163E+01
Si  0.4832474E+02  0.1836910E+02  0.1071919E+01
Si  0.4369501E+02  0.1749485E+02  0.1850722E+02
Si  0.5060524E+02  0.4258180E+01  0.2436507E+01
Si  0.4817033E+02  0.4690290E+01  0.8958639E+01
Si  0.4572534E+02  0.1087769E+02  0.1283618E+02
Si  0.5450700E+02  0.1372704E+02  0.1864443E+02
Si  0.5589883E+02  0.1489125E+02  0.1440032E+02
Si  0.4672523E+02  0.2006190E+02  0.1298614E+01
Si  0.5111640E+02  0.1543061E+02  0.1855715E+02
Si  0.5438244E+02  0.1922260E+02  0.1833528E+02
Si  0.4907488E+02  0.9018461E+01  0.1288172E+01
Si  0.4223686E+02  0.1559114E+02  0.9252010E+01
Si  0.5711682E+02  0.1621676E+02  0.1810521E+02
Si  0.5690836E+02  0.1913142E+02  0.1536628E+02
Si  0.5573141E+02  0.1775165E+02  0.1677232E+02
Si  0.5201373E+02  0.1885674E+02  0.1841698E+02
Si  0.4995150E+02  0.1752324E+02  0.1906647E+02
Si  0.5836516E+02  0.2013892E+02  0.1710316E+02
Si  0.5862624E+02  0.1718273E+02  0.1970031E+02
Si  0.5572212E+02  0.2011884E+02  0.2008081E+02
Si  0.5988768E+02  0.1598339E+02  0.1571435E+02
Si  0.6263625E+02  0.1891867E+02  0.1585780E+02
Si  0.6222208E+02  0.1626395E+02  0.1854267E+02
Si  0.5976051E+02  0.1867050E+02  0.1835482E+02
Si  0.6116481E+02  0.1741903E+02  0.1701110E+02
Si  0.6368329E+02  0.2062004E+02  0.1696733E+02
Si  0.6384829E+02  0.1753300E+02  0.1958641E+02
Si  0.6122216E+02  0.2004077E+02  0.1939426E+02
