         
  0.6515772E+02  0.0000000E+00  0.2171924E+02
  0.0000000E+00  0.0000000E+00  0.2171924E+02
Si  0.6511303E+02  0.2133632E+02  0.2100487E+02
Si  0.2648687E+01  0.2215158E+01  0.2124213E+02
Si  0.2484689E+01  0.2137620E+02  0.2297649E+01
Si  0.6503489E+02  0.2397575E+01  0.1825968E+01
Si  0.1292834E+01  0.8865490E+00  0.7214984E+00
Si  0.3932757E+01  0.3617460E+01  0.8886098E+00
Si  0.4161536E+01  0.7199047E+00  0.3578593E+01
Si  0.1405468E+01  0.3470033E+01  0.3251653E+01
Si  0.5023051E+01  0.2133612E+02  0.2106901E+02
Si  0.7887304E+01  0.2213643E+01  0.2126156E+02
Si  0.8037836E+01  0.2144428E+02  0.2428017E+01
Si  0.5450600E+01  0.2344959E+01  0.2255523E+01
Si  0.6516782E+01  0.8006418E+00  0.8652674E+00
Si  0.9275623E+01  0.3539389E+01  0.9410899E+00
Si  0.9716574E+01  0.1471626E+01  0.2091375E+01
Si  0.6738400E+01  0.3833555E+01  0.3661302E+01
Si  0.8730289E+01  0.2416350E+00  0.2051682E+02
Si  0.2225200E+02  0.7946012E+01  0.2817290E+01
Si  0.1882849E+02  0.1577734E+01  0.9259878E+00
Si  0.1145392E+02  0.4541673E+01  0.1155929E+00
Si  0.1437722E+02  0.1873242E+01  0.2126617E+02
Si  0.3165116E+02  0.9109014E+01  0.2076883E+02
Si  0.1408821E+02  0.1451877E+02  0.3007244E+01
Si  0.1561620E+02  0.3853523E+01  0.6615035E-01
Si  0.2038517E+02  0.1305063E+02  0.1412829E+00
Si  0.1944689E+02  0.3881044E+01  0.1646251E+00
Si  0.1970178E+02  0.5602727E+01  0.9342980E+01
Si  0.1522257E+02  0.3201169E+00  0.1186313E+01
Si  0.1892464E+02  0.3709716E+01  0.5527230E+01
Si  0.2083942E+02  0.2335136E+01  0.4711514E+01
Si  0.1713869E+02  0.2098043E+02  0.1110011E+02
Si  0.2799505E+02  0.1651841E+02  0.4613421E+00
Si  0.2235985E-01  0.5387297E+01  0.2121886E+02
Si  0.2697981E+01  0.7948607E+01  0.2110638E+02
Si  0.2755871E+01  0.5160352E+01  0.2057930E+01
Si  0.6505448E+02  0.8063599E+01  0.2115758E+01
Si  0.1324256E+01  0.6864047E+01  0.1076035E+01
Si  0.4149188E+01  0.9114992E+01  0.6782688E+00
Si  0.4072276E+01  0.6361209E+01  0.3590332E+01
Si  0.1359984E+01  0.9260458E+01  0.3541741E+01
Si  0.5223730E+01  0.4780236E+01  0.2091907E+02
Si  0.8101057E+01  0.7602259E+01  0.2094793E+02
Si  0.8135606E+01  0.5012713E+01  0.2251889E+01
Si  0.5438033E+01  0.7523214E+01  0.2124817E+01
Si  0.6702234E+01  0.6072750E+01  0.7683411E+00
Si  0.9586429E+01  0.8922289E+01  0.4123361E+00
Si  0.9754552E+01  0.6555188E+01  0.3030438E+01
Si  0.6695623E+01  0.8954872E+01  0.3314484E+01
Si  0.1378973E+02  0.5261135E+01  0.2153110E+02
Si  0.1820050E+02  0.9105781E+01  0.2009469E+02
Si  0.2212761E+02  0.1324699E+02  0.1311991E+02
Si  0.1022432E+02  0.9049686E+01  0.4051600E+01
Si  0.1988884E+02  0.7040273E+01  0.1777629E+02
Si  0.1588797E+02  0.1101434E+02  0.7514928E+01
Si  0.2549492E+02  0.2964205E+00  0.2020832E+02
Si  0.1076701E+02  0.1380205E+02  0.7933758E+01
Si  0.1839950E+02  0.1139351E+02  0.1909732E+02
Si  0.1347083E+02  0.1258287E+02  0.5702740E+01
Si  0.1929105E+02  0.1579231E+02  0.1066606E+02
Si  0.1875840E+02  0.8990078E+01  0.7789361E+01
Si  0.2043212E+02  0.7568303E+01  0.1557267E+01
Si  0.2899002E+02  0.1301486E+02  0.2072267E+02
Si  0.2382449E+02  0.6782867E+01  0.7968680E+01
Si  0.1574681E+02  0.1464249E+02  0.2063348E+02
Si  0.6497807E+02  0.1069583E+02  0.2088871E+02
Si  0.2375696E+01  0.1329735E+02  0.2090041E+02
Si  0.2798098E+01  0.1042870E+02  0.1876351E+01
Si  0.6498304E+02  0.1324442E+02  0.1947202E+01
Si  0.1257710E+01  0.1192536E+02  0.7323279E+00
Si  0.3939151E+01  0.1459483E+02  0.3855913E+00
Si  0.3813941E+01  0.1169970E+02  0.3732117E+01
Si  0.1045758E+01  0.1440872E+02  0.3433677E+01
Si  0.5525279E+01  0.1043018E+02  0.2123194E+02
Si  0.7845546E+01  0.1325005E+02  0.2168506E+02
Si  0.8202797E+01  0.1022596E+02  0.2129820E+01
Si  0.4931425E+01  0.1320634E+02  0.2248333E+01
Si  0.6600746E+01  0.1187196E+02  0.1486276E+01
Si  0.9293116E+01  0.1478286E+02  0.1165015E+01
Si  0.8990444E+01  0.1197572E+02  0.3454037E+01
Si  0.6471196E+01  0.1473756E+02  0.3522493E+01
Si  0.1097413E+02  0.1085801E+02  0.2120200E+02
Si  0.1195583E+02  0.1380970E+02  0.4476930E+01
Si  0.1876344E+02  0.1410194E+02  0.1240625E+02
Si  0.1077140E+02  0.1312103E+02  0.2403846E+01
Si  0.1186088E+02  0.1147635E+02  0.1468413E+01
Si  0.2476752E+02  0.1556186E+02  0.2048214E+02
Si  0.1647854E+02  0.3780433E+01  0.2388000E+01
Si  0.1977267E+02  0.1538454E+02  0.5030354E+01
Si  0.1619340E+02  0.9273451E+01  0.2090769E+02
Si  0.2270136E+02  0.1817423E+02  0.4487346E+01
Si  0.2789289E+02  0.1707311E+02  0.5341194E+01
Si  0.1884863E+02  0.1331645E+02  0.4997717E+01
Si  0.1845277E+02  0.1198999E+02  0.1058192E+01
Si  0.3019692E+02  0.3531634E+01  0.1674655E+02
Si  0.3284131E+02  0.1072828E+02  0.8205308E+01
Si  0.2885039E+02  0.4026642E+01  0.1846580E+01
Si  0.6483431E+02  0.1592157E+02  0.2099439E+02
Si  0.2459947E+01  0.1859732E+02  0.2114218E+02
Si  0.2412645E+01  0.1591924E+02  0.2019840E+01
Si  0.6476736E+02  0.1881716E+02  0.2109911E+01
Si  0.9708251E+00  0.1723781E+02  0.8142786E+00
Si  0.3733453E+01  0.1995516E+02  0.9986777E+00
Si  0.3532440E+01  0.1738358E+02  0.3611393E+01
Si  0.1026877E+01  0.2004919E+02  0.3559431E+01
Si  0.5296632E+01  0.1595807E+02  0.2121513E+02
Si  0.7759070E+01  0.1870726E+02  0.2105353E+02
Si  0.7969691E+01  0.1620447E+02  0.2319610E+01
Si  0.5092469E+01  0.1867141E+02  0.2366726E+01
Si  0.6508748E+01  0.1746437E+02  0.9177666E+00
Si  0.8825515E+01  0.2016237E+02  0.5608241E+00
Si  0.1132116E+02  0.1725487E+02  0.1389998E+01
Si  0.6718026E+01  0.1974855E+02  0.3580078E+01
Si  0.1028601E+02  0.1616645E+02  0.2130694E+02
Si  0.1291298E+02  0.2072158E+02  0.1859473E+02
Si  0.1639698E+02  0.2005379E+02  0.2749939E+00
Si  0.1346073E+02  0.2048576E+02  0.2061608E+01
Si  0.1458969E+02  0.2071544E+02  0.3907635E+01
Si  0.1924004E+02  0.1828016E+02  0.2955114E+01
Si  0.1738169E+02  0.8895058E+01  0.4632958E+01
Si  0.1257615E+02  0.2606213E+01  0.8607219E+00
Si  0.2079959E+02  0.1154561E+02  0.1858979E+02
Si  0.1680612E+02  0.9895353E+01  0.1333308E+01
Si  0.2624178E+02  0.1303054E+02  0.2842301E+01
Si  0.2054099E+02  0.2153833E+02  0.4383212E+01
Si  0.8465638E+01  0.2155973E+01  0.1625785E+02
Si  0.2208940E+02  0.1538686E+02  0.4746273E+01
Si  0.1775077E+02  0.1620202E+02  0.1237073E+02
Si  0.1253627E+02  0.2105932E+01  0.1770748E+02
Si  0.6480229E+02  0.2140800E+02  0.4757051E+01
Si  0.2814042E+01  0.2003234E+01  0.4912032E+01
Si  0.2227698E+01  0.2150869E+02  0.7467329E+01
Si  0.6481346E+02  0.2436009E+01  0.7390677E+01
Si  0.1038064E+01  0.1016706E+01  0.6104576E+01
Si  0.4197961E+01  0.3653223E+01  0.6108703E+01
Si  0.3881087E+01  0.7985525E+00  0.8828311E+01
Si  0.1283265E+01  0.3691487E+01  0.8442404E+01
Si  0.5497504E+01  0.2093831E+02  0.5103098E+01
Si  0.7862319E+01  0.2136364E+01  0.5157922E+01
Si  0.8151889E+01  0.2134403E+02  0.7563575E+01
Si  0.5229425E+01  0.2111696E+01  0.7745327E+01
Si  0.6398017E+01  0.7923736E+00  0.6353409E+01
Si  0.1163338E+02  0.5753286E+01  0.4647430E+01
Si  0.9311116E+01  0.1943187E+02  0.6863317E+01
Si  0.6668142E+01  0.3368320E+01  0.9065884E+01
Si  0.1836802E+02  0.8478666E+01  0.2560451E+01
Si  0.1144100E+02  0.7670888E+01  0.6443138E+01
Si  0.1356355E+02  0.6285866E+01  0.3298498E+01
Si  0.9837934E+01  0.2290033E+01  0.6654717E+01
Si  0.1569937E+02  0.5011077E+01  0.8939282E+01
Si  0.2230021E+02  0.1094615E+02  0.1658846E+02
Si  0.2163662E+02  0.4383911E+01  0.1713544E+02
Si  0.1234086E+02  0.2103505E+02  0.1635456E+02
Si  0.1748629E+02  0.2507458E+01  0.7209412E+01
Si  0.1684502E+02  0.7852856E+00  0.1915344E+02
Si  0.1627598E+02  0.1831886E+02  0.8816203E+01
Si  0.1061862E+02  0.6875357E+01  0.8125534E+00
Si  0.1427253E+02  0.1642749E+02  0.1235660E+02
Si  0.2515787E+02  0.2749807E+01  0.2010780E+02
Si  0.2693728E+02  0.8783278E+01  0.2066657E+02
Si  0.1556733E+02  0.7372818E+01  0.4183352E+01
Si  0.3470253E+00  0.5268328E+01  0.4506536E+01
Si  0.2726175E+01  0.7792232E+01  0.4842433E+01
Si  0.2778492E+01  0.5114012E+01  0.7327749E+01
Si  0.6491417E+02  0.8248964E+01  0.7442628E+01
Si  0.1215626E+01  0.6668193E+01  0.6206750E+01
Si  0.4385962E+01  0.8665214E+01  0.6216255E+01
Si  0.4142168E+01  0.6319632E+01  0.8989188E+01
Si  0.1087931E+01  0.9235893E+01  0.8945306E+01
Si  0.5470239E+01  0.5109334E+01  0.4933251E+01
Si  0.7977807E+01  0.7203738E+01  0.4433701E+01
Si  0.7022725E+01  0.6257631E+01  0.6528371E+01
Si  0.5634992E+01  0.7563670E+01  0.7851900E+01
Si  0.8405700E+01  0.4815974E+01  0.7943033E+01
Si  0.9193828E+01  0.8665619E+01  0.6186899E+01
Si  0.9762324E+01  0.6387224E+01  0.9261817E+01
Si  0.6972191E+01  0.8985321E+01  0.9284633E+01
Si  0.1672912E+02  0.4899646E+00  0.6312676E+01
Si  0.1123996E+02  0.8527259E+01  0.9553791E+01
Si  0.1357185E+02  0.1019846E+02  0.6387461E+01
Si  0.1017322E+02  0.4655563E+01  0.6438718E+01
Si  0.1024115E+02  0.2289258E+01  0.4244896E+01
Si  0.1090293E+02  0.1061930E+02  0.1041777E+02
Si  0.1408547E+02  0.6707066E+01  0.8636302E+01
Si  0.1773041E+02  0.5462303E+01  0.1270246E+02
Si  0.1751784E+02  0.6192137E+01  0.1024030E+02
Si  0.1754575E+02  0.1679729E+02  0.3504688E+01
Si  0.1729316E+02  0.8608583E+01  0.9817748E+01
Si  0.1943537E+02  0.1284491E+02  0.9023652E+01
Si  0.2676186E+02  0.6690173E+01  0.1078698E+02
Si  0.1222076E+02  0.1493462E+02  0.1551439E+02
Si  0.2877907E+02  0.1432659E+02  0.1313161E+02
Si  0.1437034E+02  0.1104990E+01  0.6555900E+01
Si  0.6514347E+02  0.1086634E+02  0.4761908E+01
Si  0.2573006E+01  0.1316430E+02  0.5021660E+01
Si  0.2997300E+01  0.1022451E+02  0.7356067E+01
Si  0.6480919E+02  0.1314036E+02  0.7678790E+01
Si  0.1293800E+01  0.1191738E+02  0.6348113E+01
Si  0.3796788E+01  0.1470811E+02  0.6298361E+01
Si  0.4070838E+01  0.1198905E+02  0.8683058E+01
Si  0.8444983E+00  0.1453487E+02  0.8879348E+01
Si  0.5498236E+01  0.1033763E+02  0.4955275E+01
Si  0.7763463E+01  0.1324642E+02  0.4759167E+01
Si  0.7707150E+01  0.1027605E+02  0.7492244E+01
Si  0.5373343E+01  0.1331754E+02  0.7654269E+01
Si  0.6515489E+01  0.1191671E+02  0.6277768E+01
Si  0.9192829E+01  0.1423807E+02  0.6174413E+01
Si  0.9297185E+01  0.1174863E+02  0.8862765E+01
Si  0.6927412E+01  0.1431830E+02  0.9261291E+01
Si  0.1001672E+02  0.1082112E+02  0.5580101E+01
Si  0.1568369E+02  0.1845596E+02  0.3998948E+01
Si  0.1650440E+02  0.1103354E+02  0.1336521E+02
Si  0.1641068E+02  0.1480246E+02  0.7550267E+01
Si  0.1261837E+02  0.1293495E+02  0.1166268E+02
Si  0.1164983E+02  0.1167915E+02  0.6923548E+01
Si  0.1234614E+02  0.1585960E+02  0.7650028E+01
Si  0.1244782E+02  0.1292984E+02  0.1700723E+02
Si  0.2523603E+02  0.6059083E+01  0.2925559E+01
Si  0.1850051E+02  0.2111289E+02  0.7479614E+01
Si  0.2760476E+02  0.7286685E+01  0.7981309E+01
Si  0.2681272E+02  0.1380772E+02  0.8749193E+01
Si  0.1791438E+02  0.1853798E+02  0.2000538E+02
Si  0.2643185E+02  0.7392750E+01  0.1794325E+02
Si  0.1533510E+02  0.1157882E+02  0.2022019E+02
Si  0.1893255E+02  0.1404098E+02  0.2010812E+02
Si  0.6494607E+02  0.1597577E+02  0.4872579E+01
Si  0.2202214E+01  0.1864844E+02  0.5030476E+01
Si  0.2173398E+01  0.1596794E+02  0.7639856E+01
Si  0.6443748E+02  0.1859016E+02  0.7539974E+01
Si  0.9185113E+00  0.1729389E+02  0.6316391E+01
Si  0.3854741E+01  0.1993727E+02  0.6348541E+01
Si  0.3724111E+01  0.1708901E+02  0.9017932E+01
Si  0.8543220E+00  0.1976602E+02  0.8538448E+01
Si  0.4964556E+01  0.1603548E+02  0.4813943E+01
Si  0.9857756E+01  0.1758476E+02  0.3549990E+01
Si  0.7768323E+01  0.1573211E+02  0.7540810E+01
Si  0.5037728E+01  0.1854475E+02  0.7560576E+01
Si  0.6598451E+01  0.1729661E+02  0.6133037E+01
Si  0.8314007E+01  0.1874055E+02  0.5045647E+01
Si  0.8610273E+01  0.1786597E+02  0.8579085E+01
Si  0.6804980E+01  0.1961284E+02  0.8960752E+01
Si  0.1381679E+02  0.1684294E+02  0.3738334E+01
Si  0.1169354E+02  0.1937550E+02  0.6503694E+01
Si  0.1676806E+02  0.8475391E-01  0.4049569E+01
Si  0.1076062E+02  0.1574749E+02  0.4999761E+01
Si  0.1242575E+02  0.1715427E+02  0.5772442E+01
Si  0.1996695E+02  0.2004519E+02  0.2005000E+02
Si  0.2955048E+02  0.2096072E+02  0.1814946E+01
Si  0.1293524E+02  0.1962713E+00  0.8559564E+01
Si  0.1230249E+02  0.9387746E+01  0.2810022E+01
Si  0.2433938E+02  0.1624545E+02  0.1267651E+01
Si  0.1787886E+02  0.1053872E+02  0.6380578E+01
Si  0.2002111E+02  0.1344204E+02  0.1441885E+02
Si  0.2191752E+02  0.1621941E+02  0.9822582E+00
Si  0.1413458E+02  0.9322559E+01  0.4416106E+01
Si  0.1046224E+02  0.1896781E+02  0.1128138E+02
Si  0.9908377E+01  0.2131451E+02  0.1146128E+02
Si  0.6477638E+02  0.2137415E+02  0.1010274E+02
Si  0.2455540E+01  0.2296933E+01  0.9703477E+01
Si  0.2728959E+01  0.2137423E+02  0.1276653E+02
Si  0.1044950E+00  0.2477100E+01  0.1264266E+02
Si  0.1352458E+01  0.8522026E+00  0.1136058E+02
Si  0.3873534E+01  0.3363870E+01  0.1136622E+02
Si  0.4061829E+01  0.8811014E+00  0.1429849E+02
Si  0.1350489E+01  0.3431830E+01  0.1428970E+02
Si  0.5109411E+01  0.2099188E+02  0.9986402E+01
Si  0.7867527E+01  0.1680741E+01  0.1023780E+02
Si  0.7807843E+01  0.2110925E+02  0.1266702E+02
Si  0.5347950E+01  0.2251704E+01  0.1288681E+02
Si  0.6311953E+01  0.6244517E+00  0.1144657E+02
Si  0.1247159E+02  0.5382719E+01  0.7560926E+01
Si  0.1067799E+02  0.2424601E+01  0.1362281E+02
Si  0.7037111E+01  0.3624120E+01  0.1418409E+02
Si  0.9424899E+01  0.3394100E+00  0.9302744E+01
Si  0.2104584E+02  0.7487099E+01  0.1416986E+02
Si  0.1550670E+02  0.1542558E+02  0.1852156E+02
Si  0.1363621E+02  0.9885299E+00  0.1559388E+02
Si  0.1114470E+02  0.1915608E+02  0.1383828E+02
Si  0.2001150E+02  0.7592893E+01  0.6223926E+01
Si  0.1419413E+02  0.1989205E+02  0.9088402E+01
Si  0.1922163E+02  0.1110767E+00  0.1168124E+02
Si  0.2458148E+02  0.1950655E+02  0.1082512E+02
Si  0.2180340E+02  0.1522808E+01  0.1460044E+02
Si  0.1694784E+02  0.1457083E+01  0.2387386E+01
Si  0.1777421E+02  0.1287100E+02  0.7304609E+01
Si  0.1840011E+02  0.8840051E+01  0.1756627E+02
Si  0.2175896E+02  0.4021404E+01  0.2062829E+02
Si  0.1960078E+02  0.2077937E+02  0.1402968E+02
Si  0.1294473E+02  0.9930202E+01  0.1163756E+02
Si  0.4280686E-01  0.5029637E+01  0.1004904E+02
Si  0.2753522E+01  0.7980520E+01  0.9930254E+01
Si  0.2739232E+01  0.4855480E+01  0.1278412E+02
Si  0.2997612E+00  0.7577088E+01  0.1287441E+02
Si  0.1498470E+01  0.6290514E+01  0.1122717E+02
Si  0.3963124E+01  0.9228671E+01  0.1161454E+02
Si  0.3989347E+01  0.6304560E+01  0.1432695E+02
Si  0.1517218E+01  0.8995677E+01  0.1425556E+02
Si  0.5417367E+01  0.4701051E+01  0.1039209E+02
Si  0.8204394E+01  0.7848845E+01  0.1057492E+02
Si  0.8335609E+01  0.5010424E+01  0.1269832E+02
Si  0.5327088E+01  0.7829576E+01  0.1304555E+02
Si  0.6627043E+01  0.6400194E+01  0.1167831E+02
Si  0.9698521E+01  0.9375114E+01  0.1189140E+02
Si  0.9301782E+01  0.6421131E+01  0.1454414E+02
Si  0.6931727E+01  0.9109421E+01  0.1407949E+02
Si  0.9243599E+01  0.3026017E+01  0.1168580E+02
Si  0.1161396E+02  0.5998294E+01  0.1191483E+02
Si  0.1294112E+02  0.3169187E+01  0.7182799E+01
Si  0.1079862E+02  0.7798166E+01  0.1324580E+02
Si  0.1134185E+02  0.4753090E+01  0.9720490E+01
Si  0.1726763E+02  0.1272102E+02  0.2087119E+02
Si  0.1114921E+02  0.9259028E+01  0.1516552E+02
Si  0.1207185E+02  0.6169431E+01  0.1642450E+02
Si  0.1128699E+02  0.1954582E+02  0.1016682E+01
Si  0.1412858E+02  0.4225276E+01  0.2019187E+01
Si  0.3207985E+02  0.1804641E+02  0.1145657E+02
Si  0.1167197E+02  0.1668606E+02  0.1160783E+02
Si  0.3082814E+02  0.1125990E+02  0.1587999E+02
Si  0.1392642E+02  0.1181548E+02  0.5931488E+00
Si  0.1312304E+02  0.7623247E+01  0.1067259E+02
Si  0.1676998E+02  0.5503984E+01  0.4965654E+01
Si  0.6471417E+02  0.1052118E+02  0.1035954E+02
Si  0.2442961E+01  0.1336115E+02  0.9873061E+01
Si  0.2674730E+01  0.1058723E+02  0.1276169E+02
Si  0.6490672E+02  0.1294975E+02  0.1293449E+02
Si  0.1190931E+01  0.1194736E+02  0.1144148E+02
Si  0.3785070E+01  0.1431597E+02  0.1156900E+02
Si  0.4337843E+01  0.1167645E+02  0.1400209E+02
Si  0.1315616E+01  0.1416879E+02  0.1435056E+02
Si  0.5264242E+01  0.1032072E+02  0.1009378E+02
Si  0.8556180E+01  0.1337983E+02  0.1041162E+02
Si  0.8008750E+01  0.1073735E+02  0.1277161E+02
Si  0.5587161E+01  0.1325629E+02  0.1263496E+02
Si  0.6645688E+01  0.1179478E+02  0.1123774E+02
Si  0.9105115E+01  0.1404373E+02  0.1273765E+02
Si  0.9413973E+01  0.1200955E+02  0.1386311E+02
Si  0.6614479E+01  0.1445833E+02  0.1458803E+02
Si  0.1978164E+02  0.7845116E+01  0.1223944E+02
Si  0.1611159E+02  0.1773642E+02  0.1127134E+02
Si  0.1810538E+02  0.8451108E-01  0.1726794E+02
Si  0.1292375E+02  0.1142105E+02  0.1514872E+02
Si  0.1411160E+02  0.1392319E+02  0.7775581E+01
Si  0.1717844E+02  0.1584060E+02  0.5619149E+01
Si  0.1132016E+02  0.6550402E+01  0.2020875E+02
Si  0.1485881E+02  0.2106451E+02  0.1111502E+02
Si  0.2261884E+02  0.5686973E+01  0.1406568E+02
Si  0.2733495E+02  0.1478254E+02  0.2036985E+02
Si  0.2463709E+02  0.1078099E+02  0.4857951E+01
Si  0.1457553E+02  0.3975758E+01  0.1456041E+02
Si  0.3391992E+02  0.3970512E+01  0.1111277E+02
Si  0.3284425E+02  0.7498448E+01  0.1113117E+02
Si  0.4021258E+02  0.1698809E+01  0.1328444E+01
Si  0.1310863E+02  0.1235747E+02  0.1933261E+02
Si  0.6490113E+02  0.1613552E+02  0.1034423E+02
Si  0.2413063E+01  0.1881549E+02  0.1007241E+02
Si  0.2562503E+01  0.1564281E+02  0.1285380E+02
Si  0.6501028E+02  0.1860989E+02  0.1299936E+02
Si  0.1404963E+01  0.1737664E+02  0.1155679E+02
Si  0.3904211E+01  0.2007509E+02  0.1138182E+02
Si  0.3891584E+01  0.1730550E+02  0.1425196E+02
Si  0.1160922E+01  0.2017935E+02  0.1426903E+02
Si  0.5334336E+01  0.1567596E+02  0.1019750E+02
Si  0.8989217E+01  0.1726148E+02  0.1072985E+02
Si  0.7840220E+01  0.1597727E+02  0.1329587E+02
Si  0.5135920E+01  0.1860001E+02  0.1284306E+02
Si  0.6639873E+01  0.1721193E+02  0.1169506E+02
Si  0.1499893E+02  0.2015660E+02  0.1321671E+02
Si  0.9370217E+01  0.1743041E+02  0.1431698E+02
Si  0.6364614E+01  0.2002180E+02  0.1430292E+02
Si  0.1425927E+02  0.1025664E+02  0.9402409E+01
Si  0.1834809E+02  0.1717514E+02  0.1639626E+02
Si  0.1346409E+02  0.1652759E+02  0.9939167E+01
Si  0.1311593E+02  0.1705941E+02  0.1651016E+02
Si  0.1139211E+02  0.2152470E+02  0.1337302E+02
Si  0.2002851E+02  0.2140161E+02  0.1831911E+02
Si  0.2115228E+02  0.9078703E+01  0.4671226E+01
Si  0.1745557E+02  0.1911444E+02  0.1241393E+02
Si  0.1127967E+02  0.2164594E+02  0.4112562E+01
Si  0.1747361E+02  0.6411192E+01  0.1752458E+02
Si  0.2030071E+02  0.1886559E+02  0.9581338E+01
Si  0.2408695E+02  0.1293018E+02  0.3992279E+01
Si  0.1456074E+02  0.1409306E+02  0.1236019E+02
Si  0.3095521E+02  0.8308780E+01  0.1508365E+01
Si  0.2889436E+02  0.3420694E+01  0.4405642E+01
Si  0.2150995E+02  0.3991682E-01  0.1279598E+02
Si  0.6491031E+02  0.2137122E+02  0.1569106E+02
Si  0.2711555E+01  0.2089057E+01  0.1548284E+02
Si  0.2677029E+01  0.2149849E+02  0.1808288E+02
Si  0.6498736E+02  0.2546972E+01  0.1840587E+02
Si  0.1178211E+01  0.1011066E+01  0.1695119E+02
Si  0.3995388E+01  0.3664872E+01  0.1681697E+02
Si  0.3693766E+01  0.1059923E+01  0.1966019E+02
Si  0.1315748E+01  0.3405235E+01  0.1997196E+02
Si  0.5239852E+01  0.2134466E+02  0.1566804E+02
Si  0.8382663E+01  0.1868607E+01  0.1380694E+02
Si  0.7867348E+01  0.2129209E+02  0.1843896E+02
Si  0.5129965E+01  0.2314165E+01  0.1829145E+02
Si  0.6548723E+01  0.8091969E+00  0.1702410E+02
Si  0.1253892E+02  0.3940051E+01  0.1299955E+02
Si  0.9359819E+01  0.4168742E+01  0.1676587E+02
Si  0.6649931E+01  0.3485304E+01  0.1967307E+02
Si  0.1839371E+02  0.1971295E+02  0.1614308E+02
Si  0.2007954E+02  0.4706157E+01  0.1292794E+02
Si  0.1823730E+02  0.2151516E+02  0.2104443E+02
Si  0.1021405E+02  0.2093298E+02  0.1560787E+02
Si  0.1084068E+02  0.1819726E+02  0.1650166E+02
Si  0.1801149E+02  0.1829300E+02  0.8499897E+00
Si  0.2411678E+02  0.2110608E+02  0.1599308E+02
Si  0.1283274E+02  0.7532095E+01  0.1444572E+02
Si  0.2372516E+02  0.1983417E+02  0.1906976E+01
Si  0.1770193E+02  0.4693350E+01  0.2020892E+02
Si  0.2397753E+02  0.4524155E+01  0.2115038E+02
Si  0.2343558E+02  0.1562610E+01  0.2148974E+02
Si  0.1642284E+02  0.1848751E+02  0.1742179E+02
Si  0.3061799E+02  0.6292527E+01  0.1399950E+02
Si  0.1653817E+02  0.1474642E+02  0.1966608E+01
Si  0.2202073E+02  0.2983079E+01  0.1484412E+01
Si  0.2975197E-01  0.5012247E+01  0.1564652E+02
Si  0.2793043E+01  0.7606751E+01  0.1561974E+02
Si  0.2587336E+01  0.4767087E+01  0.1845390E+02
Si  0.6515073E+02  0.7646170E+01  0.1837404E+02
Si  0.1322675E+01  0.6283926E+01  0.1714562E+02
Si  0.4106643E+01  0.9061851E+01  0.1683223E+02
Si  0.3856331E+01  0.6347364E+01  0.1984075E+02
Si  0.1228839E+01  0.9295773E+01  0.1965591E+02
Si  0.5561025E+01  0.4907023E+01  0.1564852E+02
Si  0.8018351E+01  0.7805618E+01  0.1581448E+02
Si  0.7474663E+01  0.5007860E+01  0.1810742E+02
Si  0.5047681E+01  0.7708698E+01  0.1860040E+02
Si  0.6308532E+01  0.6704766E+01  0.1719147E+02
Si  0.1067828E+02  0.1009018E+02  0.1726662E+02
Si  0.9173384E+01  0.6439291E+01  0.1896754E+02
Si  0.6768164E+01  0.9017752E+01  0.1970276E+02
Si  0.1441189E+02  0.6942556E+01  0.1249567E+02
Si  0.1608143E+02  0.8408630E+01  0.1683066E+02
Si  0.1670988E+02  0.3068060E+01  0.4817946E+01
Si  0.1084500E+02  0.4588118E+01  0.1469774E+02
Si  0.1335243E+02  0.4099369E+01  0.1657159E+02
Si  0.1295706E+02  0.8828721E+01  0.7962805E+01
Si  0.1507012E+02  0.2787635E+01  0.1761948E+02
Si  0.1027002E+02  0.7733904E+01  0.1714190E+02
Si  0.2764433E+02  0.1907988E+00  0.1978764E+02
Si  0.2802505E+02  0.1623055E+02  0.1172370E+02
Si  0.2429768E+02  0.4079868E+01  0.1757009E+01
Si  0.2077898E+02  0.1110525E+02  0.1495718E+02
Si  0.2105969E+02  0.8082201E+00  0.9972969E+00
Si  0.1496284E+02  0.1256706E+02  0.1431233E+02
Si  0.2367734E+02  0.6793525E+01  0.2081760E+02
Si  0.2581884E+02  0.9814151E+01  0.1233025E+02
Si  0.6514452E+02  0.1020080E+02  0.1568161E+02
Si  0.2710464E+01  0.1278746E+02  0.1555829E+02
Si  0.2702168E+01  0.1064412E+02  0.1834253E+02
Si  0.6497558E+02  0.1326018E+02  0.1841951E+02
Si  0.9822086E+00  0.1163427E+02  0.1703884E+02
Si  0.4013860E+01  0.1402698E+02  0.1708150E+02
Si  0.3984724E+01  0.1198101E+02  0.1987767E+02
Si  0.1113525E+01  0.1450402E+02  0.1979487E+02
Si  0.5575579E+01  0.1038339E+02  0.1566747E+02
Si  0.7959138E+01  0.1303210E+02  0.1561722E+02
Si  0.8375658E+01  0.1037672E+02  0.1835904E+02
Si  0.5407806E+01  0.1316874E+02  0.1857294E+02
Si  0.6736194E+01  0.1171002E+02  0.1715907E+02
Si  0.9077664E+01  0.1420696E+02  0.1743309E+02
Si  0.9354275E+01  0.1196697E+02  0.2011310E+02
Si  0.6759016E+01  0.1462401E+02  0.1992774E+02
Si  0.1173851E+02  0.1131012E+02  0.1312557E+02
Si  0.1649855E+02  0.1307684E+02  0.1616674E+02
Si  0.2069900E+02  0.3494796E+01  0.8442004E+01
Si  0.1077204E+02  0.1340245E+02  0.1876205E+02
Si  0.1205764E+02  0.1011357E+02  0.1905759E+02
Si  0.1112979E+02  0.4952546E+01  0.1834202E+02
Si  0.1327189E+02  0.7928586E+01  0.1954878E+02
Si  0.1655884E+02  0.1635209E+02  0.4066132E+00
Si  0.1377202E+02  0.4668244E+00  0.1326122E+02
Si  0.1993051E+02  0.1623072E+02  0.1958740E+02
Si  0.2352036E+02  0.4823771E+01  0.1050508E+02
Si  0.2882716E+02  0.1191628E+02  0.1241568E+02
Si  0.1562893E+02  0.8884515E+01  0.1370976E+02
Si  0.2253983E+02  0.1438552E+02  0.2613413E+01
Si  0.2476108E+02  0.4011970E+01  0.1594638E+02
Si  0.1822350E+02  0.1487328E+02  0.1563570E+02
Si  0.4572421E-01  0.1569561E+02  0.1566788E+02
Si  0.2343044E+01  0.1881457E+02  0.1551815E+02
Si  0.2449034E+01  0.1562008E+02  0.1807232E+02
Si  0.2262956E+00  0.1857525E+02  0.1858086E+02
Si  0.1106401E+01  0.1726235E+02  0.1692739E+02
Si  0.3800066E+01  0.1974314E+02  0.1698067E+02
Si  0.3865361E+01  0.1723696E+02  0.1984558E+02
Si  0.1551032E+01  0.2013204E+02  0.1965355E+02
Si  0.5141615E+01  0.1576036E+02  0.1579360E+02
Si  0.7555691E+01  0.1817742E+02  0.1577380E+02
Si  0.8423778E+01  0.1599323E+02  0.1861905E+02
Si  0.5134710E+01  0.1851981E+02  0.1828673E+02
Si  0.6614282E+01  0.1675412E+02  0.1711235E+02
Si  0.8994431E+01  0.1962888E+02  0.1717439E+02
Si  0.9474412E+01  0.1777795E+02  0.1978599E+02
Si  0.6288908E+01  0.1991259E+02  0.1972186E+02
Si  0.9953633E+01  0.1564002E+02  0.1567930E+02
Si  0.1407396E+02  0.1885830E+02  0.1998695E+02
Si  0.1205084E+02  0.1514967E+02  0.2009240E+02
Si  0.1079908E+02  0.1926239E+02  0.1882754E+02
Si  0.1346332E+02  0.1678578E+02  0.1865310E+02
Si  0.1657428E+02  0.1668031E+02  0.1463429E+02
Si  0.2301660E+02  0.1191747E+02  0.1924084E+01
Si  0.1097695E+02  0.1145035E+00  0.1950069E+02
Si  0.1147407E+02  0.1468959E+02  0.1305205E+02
Si  0.2091199E+02  0.2023787E+02  0.7602743E+01
Si  0.2116383E+02  0.1093776E+02  0.2077508E+02
Si  0.1364058E+02  0.1638741E+02  0.1298636E+01
Si  0.2253111E+02  0.1578670E+02  0.1772882E+02
Si  0.2453154E+02  0.1662700E+02  0.1490990E+02
Si  0.2250866E+02  0.1335133E+02  0.1799292E+02
Si  0.1571655E+02  0.2057096E+01  0.1530999E+02
Si  0.3316593E+02  0.1853718E+02  0.6544777E+01
Si  0.2733632E+02  0.3452536E+01  0.1227384E+02
Si  0.1839970E+02  0.1370326E+02  0.2714923E+01
Si  0.2876426E+02  0.8879030E+01  0.2067857E+01
Si  0.3484026E+02  0.1793113E+01  0.2165389E+02
Si  0.3705582E+02  0.7988590E+01  0.1176968E+02
Si  0.5143435E+02  0.5697117E+01  0.1866335E+02
Si  0.3616506E+02  0.3812849E+01  0.8682929E+01
Si  0.2776120E+02  0.5593661E+01  0.3446261E+01
Si  0.2775911E+02  0.1562968E+02  0.7235592E+01
Si  0.2025496E+02  0.3412060E+01  0.1528172E+02
Si  0.3876070E+02  0.5135044E+01  0.1636364E+02
Si  0.3056637E+02  0.7590655E+01  0.1730233E+02
Si  0.3581123E+02  0.1623127E+02  0.5822190E+01
Si  0.3597942E+02  0.2843211E+01  0.1410720E+02
Si  0.3291331E+02  0.1115419E+02  0.2151392E+02
Si  0.3245037E+02  0.1872458E+02  0.4086842E+01
Si  0.3710174E+02  0.1631613E+02  0.1120463E+02
Si  0.3973235E+02  0.1692700E+02  0.1512820E+02
Si  0.1973198E+02  0.3547210E+01  0.1084663E+02
Si  0.2957556E+02  0.1437215E+02  0.9677515E+00
Si  0.3197506E+02  0.1125451E+02  0.4861690E+01
Si  0.2695506E+02  0.4872882E+01  0.8130639E+01
Si  0.2040177E+02  0.1460206E+02  0.1767477E+01
Si  0.5082361E+02  0.1373649E+02  0.1415111E+02
Si  0.1461674E+02  0.1337347E+02  0.1767296E+02
Si  0.3890030E+02  0.1276122E+02  0.1658331E+02
Si  0.3220267E+02  0.5029175E+01  0.5760739E+01
Si  0.3433656E+02  0.5664124E+01  0.2082115E+02
Si  0.3191055E+02  0.3551267E+00  0.1192498E+02
Si  0.3739594E+02  0.3800326E+01  0.1084202E+02
Si  0.4120241E+02  0.1005183E+02  0.1929266E+02
Si  0.3431509E+02  0.8994410E+01  0.3900106E+01
Si  0.4170935E+02  0.1210533E+02  0.1789041E+02
Si  0.2595102E+02  0.2110410E+02  0.8641076E+01
Si  0.2746827E+02  0.1181787E+02  0.1014066E+02
Si  0.4389984E+02  0.2066069E+02  0.1052341E+02
Si  0.2396348E+02  0.1856006E+02  0.1598173E+02
Si  0.3326094E+02  0.9784523E+00  0.6982668E+01
Si  0.3499741E+02  0.4973107E+01  0.1306112E+02
Si  0.3967245E+02  0.3736637E+01  0.1488120E+02
Si  0.4380713E+02  0.2158646E+02  0.2033022E+01
Si  0.3020262E+02  0.1676700E+02  0.1974946E+02
Si  0.3108649E+02  0.4465207E+01  0.1410756E+01
Si  0.4019974E+02  0.1867695E+02  0.9551917E+01
Si  0.2606451E+02  0.4406362E+01  0.1045764E+02
Si  0.2310141E+02  0.1745314E+01  0.9027229E+01
Si  0.2306078E+02  0.4304983E+00  0.1102198E+02
Si  0.2912094E+02  0.2042758E+02  0.7978654E+01
Si  0.4258240E+02  0.2056361E+02  0.5061010E+01
Si  0.3866240E+02  0.1577661E+02  0.2170570E+01
Si  0.1445512E+02  0.7583713E+01  0.2169624E+02
Si  0.4659553E+02  0.1422844E+02  0.7209948E+01
Si  0.3026138E+02  0.1728205E+02  0.4577737E+01
Si  0.4179144E+02  0.1611389E+02  0.1415947E+02
Si  0.3148604E+02  0.1880077E+01  0.1694040E+01
Si  0.3724015E+02  0.1885892E+02  0.1716476E+02
Si  0.3991750E+02  0.2118718E+02  0.9360390E+01
Si  0.2677562E+02  0.1653297E+02  0.1385761E+02
Si  0.3309542E+02  0.1268644E+02  0.9598618E+01
Si  0.2446525E+02  0.1200849E+02  0.1026970E+02
Si  0.4665600E+02  0.9070121E+01  0.1040531E+02
Si  0.1432594E+02  0.9715642E+00  0.1902120E+02
Si  0.3364014E+02  0.1345120E+02  0.1427885E+02
Si  0.3422809E+02  0.1057587E+02  0.1070319E+02
Si  0.2257601E+02  0.1997686E+01  0.5930412E+01
Si  0.2140505E+02  0.1277849E+02  0.1060517E+02
Si  0.2509385E+02  0.1603123E+02  0.7055596E+01
Si  0.2612392E+02  0.1408978E+02  0.1390920E+02
Si  0.2298200E+02  0.5592313E+01  0.3315310E+01
Si  0.3993839E+02  0.1583472E+02  0.1935698E+02
Si  0.2864827E+02  0.1308981E+02  0.4483031E+01
Si  0.3579483E+02  0.1128209E+02  0.9216136E+01
Si  0.3051125E+02  0.1300175E+02  0.5970191E+01
Si  0.3136549E+02  0.2992691E+00  0.2007585E+02
Si  0.2091776E+02  0.4170101E+01  0.3165481E+01
Si  0.2940575E+02  0.9542096E+01  0.2063776E+02
Si  0.3852681E+02  0.8803956E+01  0.8875002E+01
Si  0.3955726E+02  0.7363977E+01  0.1188385E+02
Si  0.3924746E+02  0.1030083E+01  0.1103279E+02
Si  0.3411138E+02  0.1525026E+02  0.2097402E+02
Si  0.3084569E+02  0.4529417E+01  0.3932234E+01
Si  0.2932605E+02  0.1166515E+02  0.8481489E+01
Si  0.2897631E+02  0.2035752E+02  0.2126936E+02
Si  0.3200242E+02  0.2000819E+00  0.1765772E+02
Si  0.3401791E+02  0.1608072E+01  0.1467583E+02
Si  0.3054861E+02  0.1629320E+02  0.6608001E+01
Si  0.3511266E+02  0.1729502E+01  0.9336116E+01
Si  0.2099493E+02  0.9957605E+01  0.1114856E+02
Si  0.3435617E+02  0.5377643E+01  0.2694902E+01
Si  0.3294658E+02  0.1215605E+01  0.3383673E+01
Si  0.2888111E+02  0.2012494E+01  0.1030904E+02
Si  0.3656408E+02  0.1581940E+02  0.1879920E+01
Si  0.4443675E+02  0.1440171E+02  0.1174998E+02
Si  0.4307654E+02  0.1244758E+02  0.1234347E+02
Si  0.1573727E+02  0.7360717E+01  0.1906461E+02
Si  0.2592136E+02  0.1965225E+02  0.4937696E+01
Si  0.2636728E+02  0.1906650E+02  0.1597458E+02
Si  0.1977253E+02  0.1506207E+02  0.8379023E+01
Si  0.2109973E+02  0.1483624E+02  0.1161806E+02
Si  0.3161063E+02  0.2079481E+02  0.3156051E+01
Si  0.2374844E+02  0.1263648E+02  0.1573430E+02
Si  0.2887318E+02  0.1588419E+02  0.1768491E+02
Si  0.1774627E+02  0.1124701E+02  0.1700442E+02
Si  0.3704173E+02  0.9335167E+01  0.1661088E+02
Si  0.3340088E+02  0.1931713E+02  0.1918321E+02
Si  0.4912113E+02  0.5017478E+01  0.1859626E+02
Si  0.4589123E+02  0.7243780E+01  0.1195095E+02
Si  0.4455759E+02  0.5938576E+01  0.3668238E+01
Si  0.3457899E+02  0.9572224E+01  0.1892287E+02
Si  0.2659927E+02  0.8388325E+01  0.1419700E+01
Si  0.4087858E+02  0.4328300E+01  0.1986828E+02
Si  0.3007391E+02  0.6405425E+01  0.4857866E+00
Si  0.2842147E+02  0.6537347E+01  0.1647902E+02
Si  0.3881914E+02  0.1158566E+02  0.1449163E+02
Si  0.2494710E+02  0.2004249E+02  0.2151224E+02
Si  0.3954639E+02  0.1570057E+02  0.6113606E+01
Si  0.2651635E+02  0.1425440E+02  0.5207085E+01
Si  0.4820336E+02  0.1605712E+02  0.7689195E+01
Si  0.4093798E+02  0.1958401E+02  0.3736842E+01
Si  0.2985699E+02  0.1517104E+02  0.3303030E+01
Si  0.3783859E+02  0.1357853E+01  0.1774721E+02
Si  0.1420686E+02  0.9282553E+01  0.1534914E+02
Si  0.3794968E+02  0.1769832E+02  0.9366273E+01
Si  0.2288319E+02  0.4169400E+01  0.8439456E+01
Si  0.2901272E+02  0.7409451E+01  0.9908649E+01
Si  0.3121695E+02  0.1830958E+02  0.1830790E+02
Si  0.2664445E+02  0.1938554E+02  0.1422796E+01
Si  0.1258169E+02  0.1817230E+02  0.8493754E+01
Si  0.4258292E+02  0.1730425E+02  0.1757644E+02
Si  0.2620446E+02  0.1088390E+02  0.6811339E+01
Si  0.2859604E+02  0.1868809E+02  0.1929545E+02
Si  0.3333344E+02  0.9129980E+01  0.6299632E+01
Si  0.3592538E+02  0.2122625E+02  0.8954284E+01
Si  0.5448330E+02  0.1874502E+02  0.1287254E+02
Si  0.1411498E+02  0.1245524E+02  0.9831143E+01
Si  0.2461892E+02  0.4569600E+01  0.4816894E+01
Si  0.3928844E+02  0.1803025E+02  0.7522918E+00
Si  0.2347310E+02  0.6098542E+01  0.1771359E+02
Si  0.2850855E+02  0.1109535E+02  0.3196101E+01
Si  0.1623503E+02  0.1066028E+02  0.1106289E+02
Si  0.3960479E+02  0.1783995E+02  0.4761241E+01
Si  0.3022511E+02  0.1211702E+01  0.1616913E+02
Si  0.3225735E+02  0.1458911E+02  0.6459596E+01
Si  0.2893669E+02  0.1852521E+02  0.1285579E+01
Si  0.4896348E+02  0.1539275E+02  0.2594707E+01
Si  0.2771732E+02  0.1012527E+02  0.1361305E+02
Si  0.3471778E+02  0.1759278E+02  0.1399196E+02
Si  0.1842863E+02  0.2726052E+01  0.1845501E+02
Si  0.3646201E+02  0.2589306E+01  0.2872110E+01
Si  0.3152346E+02  0.1575335E+02  0.1244069E+02
Si  0.2852628E+02  0.3220285E+01  0.1833796E+02
Si  0.1802003E+02  0.2400203E+01  0.1607306E+02
Si  0.4255752E+02  0.2684986E+01  0.2021117E+02
Si  0.1636704E+02  0.1610021E+02  0.9562213E+01
Si  0.3409667E+02  0.1435603E+02  0.1873978E+02
Si  0.3645601E+02  0.1078614E+02  0.1809533E+02
Si  0.2559269E+02  0.1432079E+01  0.1240386E+02
Si  0.3824373E+02  0.8303977E+01  0.1876392E+02
Si  0.3660143E+02  0.3243892E+01  0.1652764E+02
Si  0.3095932E+02  0.1369440E+02  0.8391678E+01
Si  0.2487576E+02  0.1401778E+01  0.6618666E+01
Si  0.2599680E+02  0.8675759E+01  0.1582374E+02
Si  0.2672379E+02  0.8942515E+00  0.4968949E+01
Si  0.4765158E+02  0.1269550E+02  0.1827443E+01
Si  0.3348095E+02  0.7034100E+01  0.9408393E+00
Si  0.3087283E+02  0.7004590E+01  0.4917765E+01
Si  0.3633540E+02  0.1304278E+02  0.1733176E+02
Si  0.4338674E+02  0.1404467E+02  0.7338113E+01
Si  0.3456423E+02  0.4660875E+01  0.5306308E+01
Si  0.3637522E+02  0.1509218E+02  0.1603493E+02
Si  0.2706031E+02  0.1887884E+02  0.1374981E+02
Si  0.3219099E+02  0.7958464E+01  0.7842238E+01
Si  0.3145789E+02  0.1992659E+02  0.7854884E+01
Si  0.3453540E+02  0.6287028E+01  0.9857217E+01
Si  0.4310340E+02  0.1865602E+02  0.2036082E+01
Si  0.2575994E+02  0.1980561E+02  0.1926804E+02
Si  0.1924691E+02  0.1627107E+01  0.8435638E+01
Si  0.3775463E+02  0.5348805E+01  0.1866881E+02
Si  0.3619375E+02  0.7078156E+01  0.1946981E+02
Si  0.3665772E+02  0.1932052E+02  0.2024346E+02
Si  0.2626346E+02  0.3581892E+01  0.1816523E+02
Si  0.1297485E+02  0.2112627E+02  0.5506084E+01
Si  0.3438967E+02  0.3088902E+01  0.2023897E+01
Si  0.3673722E+02  0.9111946E+00  0.1072904E+01
Si  0.1915694E+02  0.5586281E+01  0.1961397E+01
Si  0.2976447E+02  0.8598556E+01  0.1421523E+02
Si  0.1781558E+02  0.1656748E+02  0.1868688E+02
Si  0.4403936E+02  0.3481877E+01  0.6651747E+01
Si  0.2479921E+02  0.1090896E+02  0.1428607E+02
Si  0.3642209E+02  0.1073180E+02  0.1482158E+02
Si  0.1922250E+02  0.5711659E+01  0.1510924E+02
Si  0.3813872E+02  0.2088580E+02  0.5451726E+01
Si  0.2262123E+02  0.1838604E+02  0.1152192E+02
Si  0.4815002E+02  0.6963612E+01  0.2114873E+02
Si  0.2205068E+02  0.1502302E+02  0.7351520E+01
Si  0.2627536E+02  0.1564591E+02  0.1020338E+02
Si  0.3140476E+02  0.7157963E+01  0.1943278E+02
Si  0.3203287E+02  0.1313256E+02  0.1866866E+02
Si  0.3010800E+02  0.3533121E+01  0.8832917E+01
Si  0.3382008E+02  0.1635087E+02  0.7170193E+01
Si  0.4496669E+02  0.1052248E+02  0.9308210E+01
Si  0.2767500E+02  0.1916667E+02  0.6174572E+01
Si  0.4626000E+02  0.1246145E+02  0.8902847E+01
Si  0.2674519E+02  0.6664201E+01  0.1477363E+02
Si  0.4290920E+02  0.1150309E+02  0.9977280E+01
Si  0.2305435E+02  0.1611244E+02  0.1114913E+02
Si  0.3535636E+02  0.1796035E+02  0.1852547E+02
Si  0.4815766E+02  0.2143994E+02  0.5492388E+01
Si  0.4350588E+02  0.7865322E+01  0.2710147E+01
Si  0.2913288E+02  0.1241308E+02  0.1701029E+02
Si  0.3753125E+02  0.1565539E+02  0.2012925E+02
Si  0.2862282E+02  0.3523971E+00  0.1763065E+02
Si  0.2957324E+02  0.4675510E+01  0.1219466E+02
Si  0.2231367E+02  0.1869585E+02  0.1406869E+02
Si  0.3114723E+02  0.1376699E+02  0.1420606E+02
Si  0.3109225E+02  0.1404914E+02  0.1660624E+02
Si  0.4455694E+02  0.3491458E+01  0.1451816E+02
Si  0.3707188E+02  0.7220618E+01  0.2160875E+02
Si  0.4080104E+02  0.8383987E+01  0.1564399E+02
Si  0.2675478E+02  0.2108910E+02  0.2899911E+01
Si  0.3531221E+02  0.7725009E+01  0.1731430E+02
Si  0.2527482E+02  0.1047042E+01  0.9984598E+01
Si  0.2983240E+02  0.9946719E+01  0.1025271E+02
Si  0.1045049E+02  0.1075494E+01  0.1722918E+02
Si  0.3685146E+02  0.7618349E-01  0.1115751E+02
Si  0.1517154E+02  0.1267912E+02  0.2363839E+01
Si  0.2203126E+02  0.9668070E+01  0.1344447E+02
Si  0.2158302E+02  0.2425216E+00  0.2037328E+02
Si  0.2838272E+02  0.1448719E+02  0.1566284E+02
Si  0.4349967E+02  0.5660525E+01  0.9530693E+01
Si  0.2384180E+02  0.6540747E+01  0.1205860E+02
Si  0.2083091E+02  0.1961259E+02  0.1586926E+02
Si  0.2419977E+02  0.7702910E+01  0.1301019E+01
Si  0.3766583E+02  0.1686620E+02  0.7372871E+01
Si  0.2525420E+02  0.1297497E+02  0.7478387E+01
Si  0.2137316E+02  0.1780358E+02  0.1755905E+02
Si  0.3225981E+02  0.1515812E+02  0.4175008E+01
Si  0.2783458E+02  0.5402890E+01  0.1858160E+02
Si  0.2592068E+02  0.1750880E+02  0.2544180E+01
Si  0.1650079E+02  0.4345724E+01  0.1636799E+02
Si  0.4193374E+02  0.8241067E+01  0.1222882E+02
Si  0.4867221E+02  0.8036058E+01  0.1361219E+02
Si  0.3695342E+02  0.1734348E+02  0.1574984E+00
Si  0.1518573E+02  0.3492799E+01  0.6889547E+01
Si  0.3190574E+02  0.5147696E+01  0.1140653E+02
Si  0.2359421E+02  0.8785340E+01  0.1570874E+02
Si  0.3458518E+02  0.2038570E+02  0.2086552E+02
Si  0.2139596E+02  0.1819535E+02  0.2001669E+02
Si  0.2996326E+02  0.2162840E+01  0.1246570E+02
Si  0.3505956E+02  0.9973447E+01  0.2127759E+02
Si  0.3081844E+02  0.1170514E+02  0.2799270E+01
Si  0.3295261E+02  0.3715946E+01  0.1349686E+02
Si  0.4904034E+02  0.4523423E+01  0.1339244E+02
Si  0.3393737E+02  0.2398970E+01  0.5171931E+01
Si  0.3568522E+02  0.2090881E+02  0.5118259E+01
Si  0.2227696E+02  0.2025124E+02  0.1013698E+02
Si  0.3585234E+02  0.1749049E+02  0.3768150E+01
Si  0.1895143E+02  0.1912094E+02  0.6082883E+01
Si  0.4714902E+02  0.5523364E+01  0.1704188E+02
Si  0.3745017E+02  0.1020372E+02  0.2739318E+01
Si  0.3350899E+02  0.1301055E+02  0.4167201E+01
Si  0.2248098E+02  0.8008637E+01  0.6407772E+01
Si  0.1844161E+02  0.1151100E+02  0.1473529E+02
Si  0.3749794E+02  0.1006888E+02  0.1042124E+02
Si  0.3485876E+02  0.1675810E+02  0.1057106E+02
Si  0.2723902E+02  0.9723605E+00  0.7289995E+01
Si  0.3872987E+02  0.1515872E+02  0.1641863E+02
Si  0.3934353E+02  0.1015072E+02  0.1646019E+02
Si  0.2529277E+02  0.1728365E+02  0.1890401E+02
Si  0.4113135E+02  0.1282338E+01  0.1420458E+02
Si  0.2582891E+02  0.2082172E+02  0.1255171E+02
Si  0.2657295E+02  0.1877425E+02  0.8285947E+01
Si  0.4631253E+02  0.8326608E+01  0.1403872E+02
Si  0.2352540E+02  0.1275607E+02  0.2157006E+02
Si  0.4583546E+02  0.1991163E+02  0.1396003E+02
Si  0.3760573E+02  0.1223533E+02  0.1702173E+01
Si  0.4539680E+02  0.1565867E+01  0.1334453E+02
Si  0.4297113E+02  0.2217002E+01  0.1568283E+02
Si  0.4560117E+02  0.3052489E+01  0.3020543E+01
Si  0.3868534E+02  0.2087955E+02  0.1505887E+02
Si  0.4152121E+02  0.1123441E+02  0.2129540E+02
Si  0.2145078E+02  0.7354333E+01  0.1975435E+02
Si  0.3522753E+02  0.1511709E+02  0.1374336E+02
Si  0.1361137E+02  0.1425383E+02  0.1981811E-01
Si  0.2477704E+02  0.8714908E+01  0.1926822E+02
Si  0.2864593E+02  0.1039396E+02  0.6428490E+01
Si  0.3314138E+02  0.4157010E+01  0.3175116E+00
Si  0.2182676E+02  0.6361976E-01  0.1656054E+02
Si  0.4177807E+02  0.8494144E+01  0.7751730E+01
Si  0.2578332E+02  0.1022304E+02  0.9243204E+01
Si  0.2160823E+02  0.1836474E+02  0.2305422E+01
Si  0.4972522E+02  0.5121807E+01  0.2093951E+02
Si  0.3286182E+02  0.7103845E+01  0.3421460E+01
Si  0.4208503E+02  0.1745214E+02  0.1456258E+00
Si  0.2866918E+02  0.2846467E+01  0.6803959E+01
Si  0.2893644E+02  0.7008358E+01  0.2015536E+02
Si  0.1699836E+02  0.6123049E+01  0.2565694E+01
Si  0.2027045E+02  0.1128905E+02  0.5233522E+01
Si  0.2223344E+02  0.2034591E+02  0.5631817E+01
Si  0.4054618E+02  0.4059638E+01  0.7778686E+00
Si  0.3077230E+02  0.1858116E+02  0.2145419E+02
Si  0.3490864E+02  0.1026695E+02  0.7175815E+01
Si  0.4093812E+02  0.6000071E+01  0.1398756E+02
Si  0.2276877E+02  0.9547978E+01  0.1038603E+01
Si  0.2104455E+02  0.6211770E+01  0.1111185E+02
Si  0.3624180E+02  0.1590707E+01  0.5065920E+01
Si  0.2766830E+02  0.6114840E+01  0.1142535E+01
Si  0.2831843E+02  0.1937648E+02  0.9942700E+01
Si  0.4192528E+02  0.1180253E+01  0.4598829E+01
Si  0.2982895E+02  0.8251198E+01  0.7486973E+01
Si  0.1471755E+02  0.1823050E+02  0.3446186E+00
Si  0.3815691E+02  0.1438158E+02  0.7974065E+01
Si  0.4405952E+02  0.7610692E+01  0.2034487E+02
Si  0.3567135E+02  0.2321897E+01  0.1152848E+02
Si  0.2776646E+02  0.1607373E+02  0.2835100E+01
Si  0.5020663E+02  0.2102248E+02  0.6406054E+01
Si  0.3900878E+02  0.1975764E+02  0.2385991E+01
Si  0.4294580E+02  0.1001249E+02  0.1794983E+02
Si  0.4305545E+02  0.1789301E+02  0.1348613E+02
Si  0.2377105E+02  0.3758499E+01  0.1822555E+02
Si  0.2939081E+02  0.1859601E+02  0.1359964E+02
Si  0.4408118E+02  0.2165774E+02  0.1395908E+02
Si  0.3566722E+02  0.1421033E+02  0.4511249E+01
Si  0.3238114E+02  0.2112692E+02  0.9778459E+01
Si  0.3807103E+02  0.7387251E+01  0.6120503E+01
Si  0.3522759E+02  0.5832485E+01  0.7706469E+01
Si  0.1804103E+02  0.1603637E+01  0.1031474E+02
Si  0.3643554E+02  0.8026275E+01  0.3557645E+01
Si  0.2895317E+02  0.4647717E+01  0.1500551E+02
Si  0.2661245E+02  0.4283736E+01  0.1438794E+02
Si  0.3361531E+02  0.1698634E+02  0.3038664E+01
Si  0.3090920E+02  0.1620864E+02  0.3772898E+00
Si  0.2289644E+02  0.1304979E+02  0.8573484E+01
Si  0.4089666E+02  0.5474519E+01  0.1750912E+02
Si  0.2978607E+02  0.1787597E+02  0.1096538E+02
Si  0.4320909E+02  0.2074781E+02  0.2156281E+02
Si  0.3396396E+02  0.1513937E+02  0.1183461E+02
Si  0.3284270E+02  0.5624511E+01  0.8189398E+01
Si  0.2718329E+02  0.4069752E+00  0.1409902E+02
Si  0.3197207E+02  0.9372779E+01  0.3350961E+01
Si  0.2576955E+02  0.1666525E+01  0.7482751E+00
Si  0.2086255E+02  0.9336449E+01  0.8718343E+01
Si  0.2397482E+02  0.1424941E+02  0.5978324E+01
Si  0.3811629E+02  0.2128751E+02  0.7840227E+01
Si  0.3098346E+02  0.7836461E+00  0.4768095E+01
Si  0.4409030E+02  0.1027462E+02  0.4788771E+01
Si  0.3481580E+02  0.1953419E+02  0.3638871E+01
Si  0.1591063E+02  0.1385016E+02  0.1040362E+02
Si  0.3771094E+02  0.2135986E+02  0.2098716E+02
Si  0.2000897E+02  0.4690780E+01  0.1897538E+02
Si  0.4507851E+02  0.7922866E+01  0.7290487E+00
Si  0.3665053E+02  0.9127792E+01  0.5687832E+01
Si  0.2460447E+02  0.1492493E+02  0.1652523E+02
Si  0.3488402E+02  0.1204890E+02  0.1582159E+02
Si  0.2423626E+02  0.1851758E+02  0.8698409E+01
Si  0.1551002E+02  0.4985423E+01  0.1239047E+02
Si  0.3911488E+02  0.1211101E+02  0.1096222E+02
Si  0.2536017E+02  0.1408501E+02  0.7663177E+00
Si  0.1356282E+02  0.1838598E+02  0.1370941E+02
Si  0.4793979E+02  0.1813098E+02  0.1814548E+02
Si  0.1584534E+02  0.1066845E+02  0.3650599E+01
Si  0.3279148E+02  0.6934615E+01  0.1500445E+02
Si  0.4148015E+02  0.1936331E+02  0.2064893E+02
Si  0.2993023E+02  0.2135062E+02  0.1033279E+02
Si  0.3800042E+02  0.2013773E+02  0.1278991E+02
Si  0.2359164E+02  0.2726826E+01  0.1188547E+02
Si  0.2583675E+02  0.7645934E+01  0.1282118E+02
Si  0.3176343E+02  0.1307387E+02  0.1169713E+01
Si  0.4335280E+02  0.5762075E+01  0.1418269E+02
Si  0.3340851E+02  0.8455706E+01  0.1317678E+02
Si  0.2109022E+02  0.1150235E+02  0.7589039E+01
Si  0.4132753E+02  0.1564653E+02  0.7800267E+01
Si  0.5182720E+02  0.1376117E+02  0.9992399E+01
Si  0.4277227E+02  0.7839946E+00  0.1204166E+02
Si  0.2277747E+02  0.1042972E+02  0.6218141E+01
Si  0.4512306E+02  0.1894454E+02  0.1179048E+02
Si  0.3344149E+02  0.2050607E+02  0.1745645E+01
Si  0.2531735E+02  0.8132023E+01  0.9664588E+01
Si  0.2358591E+02  0.1884988E+02  0.1859087E+02
Si  0.3947612E+02  0.3008707E+01  0.1061153E+02
Si  0.3609182E+02  0.1350839E+02  0.8280653E+01
Si  0.2156076E+02  0.7059248E+01  0.8757330E+01
Si  0.2456959E+02  0.3677545E+00  0.2390436E+01
Si  0.2869155E+02  0.9681364E+00  0.3838317E+01
Si  0.3375117E+02  0.1270268E+02  0.1984894E+01
Si  0.2323893E+02  0.3313924E+01  0.1403033E+02
Si  0.2353446E+02  0.1094856E+02  0.1218938E+02
Si  0.2346063E+02  0.8763321E+01  0.1083331E+02
Si  0.2953159E+02  0.1097073E+02  0.8385249E+00
Si  0.3604560E+02  0.5067360E+01  0.5251334E+00
Si  0.2498824E+02  0.1742825E+02  0.5073347E+01
Si  0.4041552E+02  0.7694709E+01  0.1807488E+02
Si  0.3602916E+02  0.1015404E+01  0.1951398E+02
Si  0.3433502E+02  0.2119669E+02  0.1794612E+02
Si  0.5455246E+02  0.3061813E+01  0.1595755E+01
Si  0.4085925E+02  0.2128309E+02  0.7049959E+01
Si  0.1808437E+02  0.1985347E+02  0.9255262E+01
Si  0.2696911E+02  0.8617142E+01  0.6065193E+01
Si  0.3744471E+02  0.3095251E+01  0.1969456E+02
Si  0.4855067E+02  0.7343392E+01  0.1642136E+02
Si  0.2300570E+02  0.8360725E+01  0.1811151E+02
Si  0.3044266E+02  0.2052472E+02  0.1317662E+02
Si  0.4369753E+02  0.3874253E+01  0.2645393E+01
Si  0.3896301E+02  0.7166739E+01  0.1481440E+02
Si  0.2480689E+02  0.4842794E+01  0.7348290E+01
Si  0.4309240E+02  0.1966034E+02  0.1513488E+02
Si  0.4062413E+02  0.3664141E-01  0.1235660E+02
Si  0.3669105E+02  0.2122405E+02  0.1695835E+02
Si  0.2469756E+02  0.1996066E+01  0.4362957E+01
Si  0.4588633E+02  0.1028206E+02  0.1246591E+02
Si  0.2672008E+02  0.2128225E+02  0.1630712E+02
Si  0.1793798E+02  0.7466255E+01  0.1389734E+02
Si  0.2956234E+02  0.1563000E+02  0.8848925E+01
Si  0.2857559E+02  0.7676948E+01  0.4259246E+01
Si  0.2713310E+02  0.9746847E+01  0.1742052E+02
Si  0.2934773E+02  0.1754388E+01  0.2036767E+02
Si  0.2552330E+02  0.1384817E+02  0.1146772E+02
Si  0.3662054E+02  0.1177500E+02  0.2122956E+02
Si  0.4659278E+02  0.9724016E+01  0.1749185E+02
Si  0.4593996E+02  0.2942332E+01  0.7857116E+01
Si  0.3828214E+02  0.4028586E+01  0.2419849E+01
Si  0.4685746E+02  0.2006960E+02  0.8956039E+01
Si  0.1916229E+02  0.6118869E+01  0.4815279E+01
Si  0.4255891E+02  0.1394642E+01  0.6883505E+01
Si  0.3466557E+02  0.1856194E+02  0.6132868E+00
Si  0.3662725E+02  0.1793361E+02  0.1290544E+02
Si  0.4156161E+02  0.7780285E+00  0.2114613E+02
Si  0.2448672E+02  0.2069422E+02  0.6743605E+01
Si  0.2359952E+02  0.2063293E+02  0.1370208E+02
Si  0.1976052E+02  0.1932542E+02  0.1188778E+02
Si  0.1118478E+02  0.1584756E+01  0.8303614E+01
Si  0.1603369E+02  0.1990843E+02  0.1940960E+02
Si  0.2034192E+02  0.8840531E+01  0.2119160E+02
Si  0.3051151E+02  0.1788002E+02  0.8584837E+01
Si  0.2933412E+02  0.6907561E+00  0.1413564E+02
Si  0.4352645E+02  0.6539940E+01  0.1173108E+02
Si  0.3093646E+02  0.1802543E+01  0.6938162E+01
Si  0.3249131E+02  0.1961806E+01  0.2121146E+02
Si  0.2929285E+02  0.9653529E+01  0.1646424E+02
Si  0.3991094E+02  0.6329121E+01  0.8194056E+01
Si  0.3282746E+02  0.1903973E+01  0.8964413E+01
Si  0.3782973E+02  0.1008206E+02  0.2001718E+02
Si  0.3896301E+02  0.5927512E+01  0.2072582E+02
Si  0.3206014E+02  0.9570479E+01  0.1016784E+02
Si  0.2692907E+02  0.1173674E+02  0.1503780E+02
Si  0.4273774E+02  0.1622763E+02  0.1143124E+02
Si  0.5175905E+02  0.2689956E+01  0.6015561E+01
Si  0.3294898E+02  0.5355106E+01  0.1915258E+02
Si  0.3064716E+02  0.5750932E+01  0.9417117E+01
Si  0.4069007E+02  0.2126571E+02  0.1917701E+02
Si  0.1270716E+02  0.7601883E+01  0.1521274E+01
Si  0.3563905E+02  0.5492163E+01  0.1631816E+02
Si  0.2665421E+02  0.1346954E+02  0.1683595E+02
Si  0.2000443E+02  0.1728304E+02  0.7702762E+01
Si  0.2141891E+02  0.7440181E+00  0.7800249E+01
Si  0.1173636E+02  0.4174814E+00  0.1668022E+01
Si  0.3259738E+02  0.3616233E+01  0.1730726E+02
Si  0.2145579E+02  0.2063830E+02  0.2139731E+01
Si  0.2900726E+02  0.5917635E+01  0.6574282E+01
Si  0.4288582E+02  0.9065766E+01  0.1426038E+02
Si  0.3710724E+02  0.2928592E+01  0.6736249E+01
Si  0.4249750E+02  0.1869095E+01  0.2427269E+01
Si  0.2145932E+02  0.1723467E+02  0.6095388E+01
Si  0.4350028E+02  0.1147533E+02  0.1451366E+02
Si  0.1487939E+02  0.1809140E+02  0.1567542E+02
Si  0.3324959E+02  0.1675062E+02  0.6763927E+00
Si  0.4502031E+02  0.1669632E+02  0.1231138E+02
Si  0.3156009E+02  0.9833545E+01  0.1412132E+02
Si  0.2441583E+02  0.1631153E+02  0.9207482E+01
Si  0.4022979E+02  0.3853355E+01  0.8404868E+01
Si  0.1165936E+02  0.2396440E+01  0.1080415E+02
Si  0.3533155E+02  0.8454269E+01  0.1234394E+01
Si  0.2565629E+02  0.1753770E+02  0.1183912E+02
Si  0.3987994E+02  0.2112949E+02  0.5106081E+00
Si  0.4077994E+02  0.1323761E+02  0.1500373E+02
Si  0.3328322E+02  0.1585390E+02  0.1489106E+02
Si  0.4726894E+02  0.2097014E+02  0.1239141E+02
Si  0.4375744E+02  0.4063625E+01  0.1501385E+00
Si  0.3857810E+02  0.3096182E+00  0.2640130E+01
Si  0.1386737E+02  0.1488821E+01  0.1033690E+02
Si  0.4092070E+02  0.2089773E+02  0.1539355E+02
Si  0.2822648E+02  0.1127165E+02  0.1904182E+02
Si  0.1848358E+02  0.2021031E+02  0.4001494E+01
Si  0.2725255E+02  0.1775328E+02  0.1761974E+02
Si  0.4532183E+02  0.1419465E+02  0.1399971E+02
Si  0.4254494E+02  0.1955796E+02  0.7126192E+01
Si  0.2391899E+02  0.1500175E+02  0.1301856E+02
Si  0.1663724E+02  0.1834891E+02  0.6401599E+01
Si  0.3866512E+02  0.5121702E+01  0.1328065E+02
Si  0.2649013E+02  0.1257774E+02  0.2050111E+02
Si  0.1530546E+02  0.3451833E+01  0.1065179E+02
Si  0.2352632E+02  0.1034260E+02  0.2057408E+02
Si  0.3286379E+02  0.8123129E+01  0.1696570E+02
Si  0.2625960E+02  0.1044554E+02  0.3202066E+01
Si  0.2423113E+02  0.1244648E+02  0.1934473E+02
Si  0.3087651E+02  0.1646006E+02  0.1666878E+02
Si  0.3193716E+02  0.1440620E+02  0.2076583E+02
Si  0.4463691E+02  0.1421249E+01  0.9187397E+01
Si  0.2429154E+02  0.6486541E+01  0.1539493E+02
Si  0.1777271E+02  0.1251608E+02  0.1077351E+02
Si  0.3899749E+02  0.1917013E+01  0.7896362E+01
Si  0.2923774E+02  0.1633726E+01  0.1186608E+01
Si  0.4021565E+02  0.1584779E+02  0.1972994E+00
Si  0.3827874E+02  0.4108689E+01  0.1439499E+00
Si  0.3023390E+02  0.2036859E+02  0.1847908E+02
Si  0.2228533E+02  0.1585543E+02  0.2016687E+02
Si  0.3532950E+02  0.1415681E+02  0.8638949E+00
Si  0.4638329E+02  0.1053001E+02  0.1519333E+02
Si  0.3889452E+02  0.1590051E+01  0.1545232E+02
Si  0.4607346E+02  0.3229086E+01  0.5090553E+01
Si  0.4062944E+02  0.1071619E+02  0.9571288E+01
Si  0.4799576E+02  0.2146061E+02  0.3054317E+01
Si  0.3319742E+02  0.1880034E+02  0.9525103E+01
Si  0.4851008E+02  0.1365699E+02  0.1339904E+02
Si  0.4556138E+02  0.5616336E+00  0.3276639E+01
Si  0.5174852E+02  0.1109352E+01  0.2074506E+02
Si  0.5091484E+02  0.2314134E+01  0.8119233E+01
Si  0.4716652E+02  0.1690065E+02  0.3428189E+01
Si  0.4463716E+02  0.2019801E+02  0.8237575E+01
Si  0.4043565E+02  0.8601489E+01  0.8627590E+00
Si  0.5272508E+02  0.4113997E+01  0.1977165E+02
Si  0.4416761E+02  0.1267620E+02  0.5439390E+01
Si  0.4904773E+02  0.2801598E+01  0.2012042E+02
Si  0.5138287E+02  0.1992571E+02  0.6669611E+00
Si  0.5245947E+02  0.2160877E+02  0.3106288E+01
Si  0.4708147E+02  0.1689611E+02  0.2014071E+02
Si  0.4146989E+02  0.1501201E+02  0.3873378E+01
Si  0.5392862E+02  0.2164960E+02  0.2101758E+02
Si  0.5728448E+02  0.2354815E+01  0.2124979E+02
Si  0.5702270E+02  0.2163950E+02  0.1890657E+01
Si  0.5251488E+02  0.2142138E+01  0.2426324E+01
Si  0.5563002E+02  0.1163833E+01  0.5814733E+00
Si  0.5828802E+02  0.4023245E+01  0.5797561E+00
Si  0.5820425E+02  0.1423406E+01  0.3144884E+01
Si  0.5424034E+02  0.4913179E+01  0.4738815E+01
Si  0.5972025E+02  0.2142979E+02  0.2070154E+02
Si  0.6244625E+02  0.2447627E+01  0.2108216E+02
Si  0.6213648E+02  0.2144366E+02  0.2157482E+01
Si  0.5972989E+02  0.2527217E+01  0.1906746E+01
Si  0.6098607E+02  0.1138737E+01  0.5643101E+00
Si  0.6367495E+02  0.3956643E+01  0.6391571E+00
Si  0.6372104E+02  0.1024508E+01  0.3300845E+01
Si  0.6118861E+02  0.3806031E+01  0.3376508E+01
Si  0.3249672E+02  0.1887741E+02  0.1386082E+02
Si  0.3091005E+02  0.1104967E+02  0.1205713E+02
Si  0.4969423E+02  0.7470769E+01  0.4259961E+01
Si  0.4178878E+02  0.1222539E+02  0.7899549E+01
Si  0.5200331E+02  0.1103517E+02  0.1904400E+02
Si  0.5359559E+02  0.1502924E+02  0.1970289E+01
Si  0.4498630E+02  0.6572377E+01  0.1699277E+02
Si  0.3271183E+02  0.2129807E+02  0.1421719E+02
Si  0.5035801E+02  0.7346656E+01  0.6462606E+01
Si  0.4804892E+02  0.7826244E+01  0.2315715E+01
Si  0.5055697E+02  0.2075808E+02  0.2033441E+02
Si  0.4263752E+02  0.3515571E+01  0.8566261E+01
Si  0.4869083E+02  0.1214416E+02  0.9323288E+01
Si  0.5249250E+02  0.8197103E+01  0.1980104E+02
Si  0.5089370E+02  0.5477156E+01  0.2908916E+01
Si  0.4811204E+02  0.1700152E+02  0.1003440E+02
Si  0.5417299E+02  0.4839615E+01  0.6101622E-02
Si  0.5684092E+02  0.7957310E+01  0.2084490E+02
Si  0.5714630E+02  0.5521383E+01  0.2228047E+01
Si  0.5411026E+02  0.7930882E+01  0.1976274E+01
Si  0.5567078E+02  0.6569856E+01  0.7627661E+00
Si  0.5823303E+02  0.9174237E+01  0.4263705E+00
Si  0.5841816E+02  0.6713819E+01  0.3596969E+01
Si  0.5549212E+02  0.9341900E+01  0.3316187E+01
Si  0.5954961E+02  0.5169911E+01  0.2102350E+02
Si  0.6237617E+02  0.7805249E+01  0.2100086E+02
Si  0.6219697E+02  0.5149137E+01  0.1818252E+01
Si  0.5960936E+02  0.8144092E+01  0.2036095E+01
Si  0.6071964E+02  0.6686296E+01  0.7203809E+00
Si  0.6353893E+02  0.9291938E+01  0.6751714E+00
Si  0.6370529E+02  0.6455966E+01  0.3328173E+01
Si  0.6093726E+02  0.9483114E+01  0.3400614E+01
Si  0.4622168E+02  0.2016909E+02  0.6313794E+01
Si  0.4107346E+02  0.1849523E+02  0.1621019E+02
Si  0.4092249E+02  0.7441690E+01  0.2045516E+02
Si  0.4068688E+02  0.1277210E+02  0.1258891E+02
Si  0.4043303E+02  0.1397124E+02  0.8989281E+01
Si  0.4426913E+02  0.1401505E+02  0.3418905E+01
Si  0.3915044E+02  0.1720597E+02  0.1283180E+02
Si  0.3583536E+02  0.8499915E+01  0.1373943E+02
Si  0.5244167E+02  0.8006871E+01  0.1603785E+02
Si  0.5120708E+02  0.1116473E+02  0.6698758E+01
Si  0.4889667E+02  0.2428638E+01  0.3990769E+01
Si  0.3441209E+02  0.1619422E+02  0.1703620E+02
Si  0.4396154E+02  0.1088125E+02  0.5666761E-01
Si  0.4354764E+02  0.1647562E+02  0.4498131E+01
Si  0.5088747E+02  0.9671421E+01  0.4246103E+00
Si  0.5152656E+02  0.1565305E+02  0.2108460E+02
Si  0.5493117E+02  0.1069487E+02  0.2146641E+02
Si  0.5706396E+02  0.1360630E+02  0.2135591E+02
Si  0.5698851E+02  0.1037120E+02  0.2024125E+01
Si  0.4675706E+02  0.1440609E+02  0.3221879E+01
Si  0.5590696E+02  0.1251169E+02  0.1249069E+01
Si  0.5844287E+02  0.1496311E+02  0.7454954E+00
Si  0.5844132E+02  0.1194122E+02  0.3368956E+01
Si  0.5565105E+02  0.1449551E+02  0.3146206E+01
Si  0.5965063E+02  0.1088076E+02  0.2077516E+02
Si  0.6241403E+02  0.1331562E+02  0.2117545E+02
Si  0.6226898E+02  0.1071506E+02  0.2214582E+01
Si  0.5969390E+02  0.1348530E+02  0.2084728E+01
Si  0.6091414E+02  0.1200148E+02  0.7504918E+00
Si  0.6363019E+02  0.1459071E+02  0.5853269E+00
Si  0.6368189E+02  0.1225763E+02  0.3402836E+01
Si  0.6090252E+02  0.1480502E+02  0.3283834E+01
Si  0.4481408E+02  0.2021863E+02  0.4444051E+01
Si  0.5353842E+02  0.9429434E+01  0.1788734E+02
Si  0.4234901E+02  0.1043013E+02  0.6388337E+01
Si  0.4325595E+02  0.5315809E+01  0.1779833E+02
Si  0.3462978E+02  0.1833114E+01  0.1685880E+02
Si  0.4162068E+02  0.1722996E+02  0.3201642E+01
Si  0.4113105E+02  0.7635868E+01  0.2704697E+01
Si  0.4648405E+02  0.3346493E+01  0.1625277E+02
Si  0.4443567E+02  0.1672560E+02  0.8563811E+01
Si  0.4583241E+02  0.1512212E+02  0.1871146E+02
Si  0.4210636E+02  0.1314642E+02  0.1980922E+02
Si  0.4982472E+02  0.9952736E+01  0.3898168E+01
Si  0.4726383E+02  0.1832642E+02  0.5581188E+01
Si  0.5027310E+02  0.2078329E+02  0.2762695E+01
Si  0.4609444E+02  0.9337759E+01  0.5365268E+01
Si  0.3407132E+02  0.1485656E+02  0.9167350E+01
Si  0.5403230E+02  0.1591947E+02  0.2158502E+02
Si  0.5626204E+02  0.1890909E+02  0.2080034E+02
Si  0.5706981E+02  0.1617244E+02  0.2060000E+01
Si  0.5190468E+02  0.1150290E+02  0.1803725E+01
Si  0.5571158E+02  0.1744418E+02  0.7399879E+00
Si  0.5791246E+02  0.2003680E+02  0.2300406E+00
Si  0.5829310E+02  0.1736550E+02  0.3391555E+01
Si  0.5266129E+02  0.1803744E+02  0.3148247E+01
Si  0.5947814E+02  0.1632927E+02  0.2089397E+02
Si  0.6215142E+02  0.1868981E+02  0.2097226E+02
Si  0.6230281E+02  0.1605738E+02  0.1946871E+01
Si  0.5929244E+02  0.1898696E+02  0.1891244E+01
Si  0.6083933E+02  0.1736718E+02  0.7207148E+00
Si  0.6334272E+02  0.2000330E+02  0.6772848E+00
Si  0.6353906E+02  0.1731696E+02  0.3512186E+01
Si  0.6075277E+02  0.2017050E+02  0.3396184E+01
Si  0.4558640E+02  0.9554164E+00  0.4862912E+00
Si  0.5043130E+02  0.2126002E+02  0.1589449E+02
Si  0.4992758E+02  0.1667487E+01  0.1693561E+02
Si  0.4853903E+02  0.2152978E+02  0.1445997E+02
Si  0.4602952E+02  0.5460691E-01  0.1050337E+02
Si  0.3660680E+02  0.5887353E+01  0.5025225E+01
Si  0.4394159E+02  0.2087482E+02  0.1716681E+02
Si  0.5123561E+02  0.1631483E+02  0.9517951E+01
Si  0.5305656E+02  0.5190785E+00  0.5413697E+01
Si  0.4985980E+02  0.1862154E+02  0.5307750E+01
Si  0.4822030E+02  0.1731082E+02  0.1236585E+02
Si  0.4597363E+02  0.3430913E+01  0.2983532E+00
Si  0.4609417E+02  0.1224850E+02  0.1882079E+00
Si  0.5273293E+02  0.5659593E+00  0.8315453E+01
Si  0.5276134E+02  0.1957113E+02  0.1153527E+02
Si  0.5432820E+02  0.6350691E+01  0.9636658E+01
Si  0.5568158E+02  0.2081641E+02  0.3390548E+01
Si  0.5639018E+02  0.2394630E+01  0.4509467E+01
Si  0.5688925E+02  0.2141091E+02  0.7279400E+01
Si  0.5395580E+02  0.2054390E+02  0.1602265E+01
Si  0.5408065E+02  0.3608970E+01  0.6583985E+01
Si  0.5809434E+02  0.3837048E+01  0.5805218E+01
Si  0.5806882E+02  0.1191978E+01  0.8711564E+01
Si  0.5527755E+02  0.4217507E+01  0.8753199E+01
Si  0.5966104E+02  0.1151474E+00  0.4683350E+01
Si  0.6252405E+02  0.2456267E+01  0.4864921E+01
Si  0.6231348E+02  0.2156757E+02  0.7349690E+01
Si  0.5939332E+02  0.2721185E+01  0.7397223E+01
Si  0.6100385E+02  0.1233953E+01  0.6167223E+01
Si  0.6385790E+02  0.4035489E+01  0.5982553E+01
Si  0.6344418E+02  0.1030598E+01  0.8966153E+01
Si  0.6099137E+02  0.3717407E+01  0.8671118E+01
Si  0.4141262E+02  0.5049465E+01  0.2457470E+01
Si  0.4803297E+02  0.1913123E+01  0.6028385E+01
Si  0.5257741E+02  0.2032557E+02  0.6708908E+01
Si  0.3568596E+02  0.1896458E+02  0.9765517E+01
Si  0.4341151E+02  0.5703580E+01  0.5879251E+01
Si  0.3221031E+02  0.2052180E+02  0.2132589E+02
Si  0.4681532E+02  0.6685855E+01  0.7568993E+01
Si  0.3859414E+02  0.4476864E+01  0.4934187E+01
Si  0.3775294E+02  0.1897932E+02  0.4210805E+01
Si  0.5541766E+02  0.5393887E+00  0.5398121E+01
Si  0.4664019E+02  0.1937387E+01  0.1135923E+02
Si  0.5060148E+02  0.2566998E+01  0.1302383E+02
Si  0.4772418E+02  0.3531993E+01  0.2161300E+01
Si  0.5049592E+02  0.1309912E+02  0.7891863E+01
Si  0.5567565E+02  0.7794769E+01  0.8099548E+01
Si  0.4663710E+02  0.1295952E+02  0.1561919E+02
Si  0.5292861E+02  0.6380076E+01  0.3402105E+01
Si  0.5716201E+02  0.8138777E+01  0.4641869E+01
Si  0.5658575E+02  0.5080534E+01  0.7189456E+01
Si  0.5269062E+02  0.7777717E+01  0.5459337E+01
Si  0.5554664E+02  0.6748014E+01  0.5839496E+01
Si  0.5806014E+02  0.9531557E+01  0.6053286E+01
Si  0.5824519E+02  0.6263403E+01  0.8377464E+01
Si  0.5492742E+02  0.1013777E+02  0.8597157E+01
Si  0.5965214E+02  0.5114979E+01  0.4752870E+01
Si  0.6233619E+02  0.7977696E+01  0.4599835E+01
Si  0.6246842E+02  0.5108219E+01  0.7628501E+01
Si  0.5944948E+02  0.8165452E+01  0.7322019E+01
Si  0.6108301E+02  0.6516312E+01  0.6237427E+01
Si  0.6352426E+02  0.9425642E+01  0.5972082E+01
Si  0.6380077E+02  0.6484424E+01  0.8874946E+01
Si  0.6085413E+02  0.9148982E+01  0.9046759E+01
Si  0.2695819E+02  0.2553253E+01  0.9130268E+01
Si  0.4117281E+02  0.5029185E+01  0.4953195E+01
Si  0.4344063E+02  0.1303878E+02  0.1179956E+01
Si  0.4791009E+02  0.1091304E+02  0.5109455E+01
Si  0.4270542E+02  0.1719749E+02  0.6635746E+01
Si  0.5319554E+02  0.1215662E+02  0.1116454E+02
Si  0.5029628E+02  0.1155306E+02  0.2076748E+02
Si  0.5062020E+02  0.6026369E+00  0.9880021E+01
Si  0.4786523E+02  0.1044859E+02  0.2583963E+01
Si  0.4853434E+02  0.1933085E+01  0.6294883E+00
Si  0.4972201E+02  0.1001042E+02  0.1285270E+02
Si  0.4640793E+02  0.7389458E+01  0.4041999E+01
Si  0.4967527E+02  0.7901997E+01  0.1001331E+02
Si  0.5108628E+02  0.1447105E+02  0.2841300E+01
Si  0.4981075E+02  0.1315939E+02  0.1120635E+02
Si  0.4741818E+02  0.1325834E+02  0.5081004E+01
Si  0.5431792E+02  0.1060401E+02  0.5241366E+01
Si  0.5696637E+02  0.1314673E+02  0.4639531E+01
Si  0.5700595E+02  0.1118082E+02  0.7675079E+01
Si  0.5209674E+02  0.1124704E+02  0.4332340E+01
Si  0.5530489E+02  0.1228034E+02  0.6245962E+01
Si  0.5802049E+02  0.1464470E+02  0.6142162E+01
Si  0.5822125E+02  0.1215709E+02  0.9295039E+01
Si  0.5541508E+02  0.1775654E+02  0.6289010E+01
Si  0.5953778E+02  0.1065979E+02  0.4991469E+01
Si  0.6239116E+02  0.1365481E+02  0.4604609E+01
Si  0.6201598E+02  0.1060841E+02  0.7370193E+01
Si  0.5916427E+02  0.1316716E+02  0.7216053E+01
Si  0.6081021E+02  0.1226449E+02  0.5985193E+01
Si  0.6358735E+02  0.1471189E+02  0.6332171E+01
Si  0.6317265E+02  0.1179485E+02  0.8867162E+01
Si  0.6035246E+02  0.1431427E+02  0.8973335E+01
Si  0.3665785E+02  0.1748378E+02  0.1532556E+02
Si  0.3509936E+02  0.1260089E+02  0.6254557E+01
Si  0.3823771E+02  0.1695569E+02  0.1817973E+02
Si  0.3829978E+02  0.1438239E+02  0.1050914E+02
Si  0.3261410E+02  0.1292162E+02  0.1196843E+02
Si  0.4747520E+02  0.1597475E+02  0.1736999E+02
Si  0.4366153E+02  0.1607735E+02  0.2051319E+02
Si  0.4048073E+02  0.1526530E+02  0.1223792E+02
Si  0.3993173E+02  0.1234278E+02  0.1179995E+01
Si  0.5374109E+02  0.1989805E+02  0.4572674E+01
Si  0.5194769E+02  0.1271751E+02  0.1613930E+02
Si  0.4205876E+02  0.1544061E+02  0.1889667E+02
Si  0.4606412E+02  0.1801685E+02  0.9802603E+01
Si  0.4573332E+02  0.8708939E+01  0.7925198E+01
Si  0.5313534E+02  0.1757952E+02  0.1002975E+02
Si  0.5038646E+02  0.1637115E+02  0.5645410E+01
Si  0.5462456E+02  0.1579416E+02  0.5073966E+01
Si  0.5676316E+02  0.1887871E+02  0.4695193E+01
Si  0.5668416E+02  0.1616813E+02  0.7479010E+01
Si  0.5404126E+02  0.1850626E+02  0.7886036E+01
Si  0.5235441E+02  0.1606899E+02  0.4506013E+01
Si  0.5834887E+02  0.2041403E+02  0.5827810E+01
Si  0.5832554E+02  0.1738696E+02  0.8720238E+01
Si  0.5545830E+02  0.1994149E+02  0.8962696E+01
Si  0.5938439E+02  0.1595357E+02  0.4546375E+01
Si  0.6211496E+02  0.1867675E+02  0.4736607E+01
Si  0.6192226E+02  0.1575831E+02  0.7683352E+01
Si  0.5958903E+02  0.1895872E+02  0.7263410E+01
Si  0.6069300E+02  0.1724910E+02  0.6178536E+01
Si  0.6351261E+02  0.2000252E+02  0.6024411E+01
Si  0.6322659E+02  0.1715733E+02  0.8824843E+01
Si  0.6085216E+02  0.2028790E+02  0.8445195E+01
Si  0.4383777E+02  0.7182115E+01  0.7750682E+01
Si  0.4461409E+02  0.1834454E+02  0.1975232E+02
Si  0.4819912E+02  0.2097081E+02  0.2015560E+02
Si  0.3095293E+02  0.1693838E+02  0.1440607E+02
Si  0.5003052E+02  0.1838989E+02  0.2931415E+01
Si  0.4951454E+02  0.1487236E+02  0.2354973E+00
Si  0.4774449E+02  0.6015557E+01  0.1225686E+02
Si  0.4695762E+02  0.8778859E+00  0.1634674E+02
Si  0.4880053E+02  0.1010100E+02  0.1069707E+02
Si  0.5027213E+02  0.1982990E+02  0.1377441E+02
Si  0.5275268E+02  0.2772769E+01  0.1411318E+02
Si  0.4434584E+02  0.7574806E+01  0.1489712E+02
Si  0.5142284E+02  0.6218738E+01  0.1083292E+02
Si  0.5115229E+02  0.3589514E+01  0.9961878E+01
Si  0.5412023E+02  0.3182535E+01  0.1245953E+02
Si  0.5315958E+02  0.7048128E+01  0.7754406E+01
Si  0.5390298E+02  0.2117859E+02  0.1021404E+02
Si  0.5635136E+02  0.2473278E+01  0.9926979E+01
Si  0.5659533E+02  0.2244892E+00  0.1297203E+02
Si  0.5142722E+02  0.5183725E+01  0.1305261E+02
Si  0.5496143E+02  0.1216690E+01  0.1165034E+02
Si  0.5795124E+02  0.3695449E+01  0.1117347E+02
Si  0.5827081E+02  0.1507599E+01  0.1443385E+02
Si  0.5578401E+02  0.3716282E+01  0.1386250E+02
Si  0.5945194E+02  0.2140004E+02  0.1003698E+02
Si  0.6185937E+02  0.2198594E+01  0.1039425E+02
Si  0.6214048E+02  0.2126841E+02  0.1302296E+02
Si  0.5956381E+02  0.2713938E+01  0.1284019E+02
Si  0.6054913E+02  0.7721969E+00  0.1177315E+02
Si  0.6367248E+02  0.3685853E+01  0.1123793E+02
Si  0.6374302E+02  0.1070406E+01  0.1410729E+02
Si  0.6135064E+02  0.3835625E+01  0.1421575E+02
Si  0.3742080E+02  0.6842190E+01  0.8150795E+01
Si  0.5120476E+02  0.9810618E+01  0.1485021E+02
Si  0.4927867E+02  0.1480254E+02  0.1822834E+02
Si  0.5129266E+02  0.1803771E+02  0.1522708E+02
Si  0.4617763E+02  0.4554178E+01  0.1131542E+02
Si  0.5308730E+02  0.1444291E+02  0.1205638E+02
Si  0.4410837E+02  0.1364264E+02  0.2070557E+02
Si  0.3675439E+02  0.6248189E+01  0.1420850E+02
Si  0.4934191E+02  0.4804460E+01  0.6398948E+01
Si  0.5337688E+02  0.9800100E+01  0.1043160E+02
Si  0.5209869E+02  0.1801067E+01  0.1115155E+02
Si  0.4062146E+02  0.1047942E+02  0.2603264E+01
Si  0.5304519E+02  0.9545913E+01  0.6937064E+01
Si  0.5279818E+02  0.1141071E+02  0.1434097E+02
Si  0.5394285E+02  0.7100301E+01  0.1424845E+02
Si  0.5048394E+02  0.1092538E+02  0.1726211E+02
Si  0.5316473E+02  0.4636214E+01  0.1071943E+02
Si  0.5760814E+02  0.8096392E+01  0.9776555E+01
Si  0.5680479E+02  0.5381272E+01  0.1259640E+02
Si  0.5446055E+02  0.8430050E+01  0.1218473E+02
Si  0.5607654E+02  0.7031349E+01  0.1116452E+02
Si  0.5851279E+02  0.9190105E+01  0.1154821E+02
Si  0.5825482E+02  0.6618067E+01  0.1405156E+02
Si  0.5537986E+02  0.9280662E+01  0.1423105E+02
Si  0.5968202E+02  0.5052989E+01  0.1001212E+02
Si  0.6248251E+02  0.7786355E+01  0.1013834E+02
Si  0.6273848E+02  0.5005676E+01  0.1282643E+02
Si  0.6015072E+02  0.7756473E+01  0.1292361E+02
Si  0.6130526E+02  0.6236158E+01  0.1134390E+02
Si  0.6391063E+02  0.9051620E+01  0.1172837E+02
Si  0.6424673E+02  0.6225415E+01  0.1414108E+02
Si  0.6149689E+02  0.9014048E+01  0.1434856E+02
Si  0.3443195E+02  0.2034959E+02  0.7198848E+01
Si  0.3739856E+02  0.1248459E+02  0.4210311E+01
Si  0.5345468E+02  0.1290145E+02  0.5550870E+00
Si  0.3860709E+02  0.2000635E+02  0.1891075E+02
Si  0.5006063E+02  0.1856604E+02  0.1725545E+02
Si  0.4722728E+02  0.1155651E+02  0.1910865E+02
Si  0.4055799E+02  0.7284167E+01  0.6087879E+01
Si  0.3826454E+02  0.9344073E+01  0.4284435E+00
Si  0.4976919E+02  0.1565285E+02  0.1150114E+02
Si  0.4714584E+02  0.5424725E+01  0.5516663E+01
Si  0.5128105E+02  0.1186298E+02  0.1263028E+02
Si  0.3623193E+02  0.1365596E+02  0.1964379E+02
Si  0.4415132E+02  0.1709775E+02  0.1580393E+02
Si  0.5326434E+02  0.1745504E+02  0.1419923E+02
Si  0.5434620E+02  0.1045974E+02  0.1615526E+02
Si  0.4886814E+02  0.1045531E+02  0.7364762E+01
Si  0.5171930E+02  0.1519889E+02  0.7397378E+01
Si  0.5679472E+02  0.1346749E+02  0.1048279E+02
Si  0.5690594E+02  0.1049925E+02  0.1273990E+02
Si  0.5426187E+02  0.1324473E+02  0.1371310E+02
Si  0.5540112E+02  0.1469021E+02  0.8846149E+01
Si  0.5828774E+02  0.1473088E+02  0.1191828E+02
Si  0.5837590E+02  0.1185702E+02  0.1423083E+02
Si  0.5538523E+02  0.1215168E+02  0.1204054E+02
Si  0.5986908E+02  0.1081295E+02  0.1038427E+02
Si  0.6193262E+02  0.1324754E+02  0.1047280E+02
Si  0.6264679E+02  0.1039373E+02  0.1297619E+02
Si  0.5951920E+02  0.1319932E+02  0.1302112E+02
Si  0.6126087E+02  0.1187288E+02  0.1208285E+02
Si  0.6367606E+02  0.1448476E+02  0.1158524E+02
Si  0.6361492E+02  0.1166213E+02  0.1447963E+02
Si  0.6088096E+02  0.1462861E+02  0.1426764E+02
Si  0.3297081E+02  0.1047968E+02  0.1650414E+02
Si  0.4459336E+02  0.1366630E+02  0.9475706E+01
Si  0.3955690E+02  0.9388303E+00  0.4603679E+01
Si  0.4059911E+02  0.8341157E+01  0.9789803E+01
Si  0.4620585E+02  0.1834728E+02  0.1563484E+02
Si  0.4195488E+02  0.4093255E+00  0.1711136E+02
Si  0.4567198E+02  0.1304021E+02  0.1784314E+02
Si  0.4235340E+02  0.6301270E+00  0.9427888E+01
Si  0.5018302E+02  0.1847965E+02  0.9815108E+01
Si  0.5276296E+02  0.1365781E+02  0.4601700E+01
Si  0.4767299E+02  0.2155963E+02  0.7863765E+00
Si  0.4934652E+02  0.1243205E+02  0.1865783E+02
Si  0.4887622E+02  0.1939117E+02  0.1185422E+02
Si  0.4909686E+02  0.1924279E+02  0.7680309E+01
Si  0.5427052E+02  0.1615247E+02  0.1597541E+02
Si  0.4946659E+02  0.1647528E+02  0.1445394E+02
Si  0.5439935E+02  0.1569321E+02  0.1066724E+02
Si  0.5697625E+02  0.1865537E+02  0.1028634E+02
Si  0.5698127E+02  0.1601640E+02  0.1340471E+02
Si  0.4591187E+02  0.1902182E+02  0.1792476E+02
Si  0.5590945E+02  0.1739152E+02  0.1177896E+02
Si  0.5798600E+02  0.2040486E+02  0.1183227E+02
Si  0.5811416E+02  0.1753606E+02  0.1430982E+02
Si  0.5533173E+02  0.2045917E+02  0.1426911E+02
Si  0.5917497E+02  0.1589164E+02  0.1007180E+02
Si  0.6186929E+02  0.1872683E+02  0.1007891E+02
Si  0.6230010E+02  0.1609820E+02  0.1279766E+02
Si  0.5961810E+02  0.1866580E+02  0.1291773E+02
Si  0.6056701E+02  0.1746026E+02  0.1137263E+02
Si  0.6346041E+02  0.1986155E+02  0.1146130E+02
Si  0.6362909E+02  0.1706494E+02  0.1440026E+02
Si  0.6062414E+02  0.2006705E+02  0.1438266E+02
Si  0.4895415E+02  0.2170936E+01  0.1041991E+02
Si  0.5146228E+02  0.2150125E+02  0.1248312E+02
Si  0.4812880E+02  0.1496299E+02  0.1543822E+02
Si  0.4495437E+02  0.1806281E+02  0.3490762E+01
Si  0.5000708E+02  0.1262888E+02  0.1337023E+01
Si  0.4611728E+02  0.2099678E+02  0.1957251E+02
Si  0.5562730E+02  0.4104732E+01  0.3260386E+01
Si  0.4541261E+02  0.1968684E+02  0.2140826E+02
Si  0.4616491E+02  0.1637199E+02  0.1450023E+02
Si  0.4859019E+02  0.2118228E+01  0.1482205E+02
Si  0.4824442E+02  0.1150398E+01  0.1850028E+02
Si  0.4860736E+02  0.3020203E+01  0.8067087E+01
Si  0.4999702E+02  0.1807554E+02  0.3697877E+00
Si  0.5234651E+02  0.4601701E+00  0.1468381E+02
Si  0.5351338E+02  0.1856680E+02  0.1007060E+01
Si  0.4360388E+02  0.2892987E+01  0.1806651E+02
Si  0.5410622E+02  0.2152471E+02  0.1615103E+02
Si  0.5672803E+02  0.2847541E+01  0.1572042E+02
Si  0.5672255E+02  0.1836880E+00  0.1817528E+02
Si  0.5427560E+02  0.3110926E+01  0.1834061E+02
Si  0.5525098E+02  0.1669864E+01  0.1703939E+02
Si  0.5826310E+02  0.4032957E+01  0.1689721E+02
Si  0.5828498E+02  0.1304250E+01  0.1952748E+02
Si  0.5597500E+02  0.3784046E+01  0.2025589E+02
Si  0.5956914E+02  0.2168546E+02  0.1569636E+02
Si  0.6222686E+02  0.2349333E+01  0.1564038E+02
Si  0.6240284E+02  0.2144937E+02  0.1816512E+02
Si  0.5967813E+02  0.2563677E+01  0.1831601E+02
Si  0.6086480E+02  0.1191858E+01  0.1701783E+02
Si  0.6351552E+02  0.3834994E+01  0.1685082E+02
Si  0.6358228E+02  0.1124705E+01  0.1962371E+02
Si  0.6098745E+02  0.3818453E+01  0.1986668E+02
Si  0.3374696E+02  0.4702171E+01  0.1536027E+02
Si  0.4502328E+02  0.1747439E+02  0.9883115E+00
Si  0.4009054E+02  0.2974932E+01  0.6024883E+01
Si  0.4596931E+02  0.1670680E+02  0.6823276E+01
Si  0.5007978E+02  0.6443767E+01  0.1461083E+02
Si  0.4128355E+02  0.1412178E+02  0.1510809E+01
Si  0.4534408E+02  0.1069492E+01  0.1827188E+02
Si  0.5316221E+02  0.9243757E+01  0.1236659E+00
Si  0.4114078E+02  0.9062624E+01  0.4659801E+01
Si  0.5051184E+02  0.3970994E+01  0.1681322E+02
Si  0.5299038E+02  0.3646431E+01  0.1638647E+02
Si  0.5178409E+02  0.8424162E+01  0.9443103E+01
Si  0.5197126E+02  0.8072997E+01  0.1360452E+02
Si  0.5096569E+02  0.2528904E+01  0.1898814E+02
Si  0.4880425E+02  0.5485300E+01  0.1511939E+01
Si  0.5102580E+02  0.2223544E+01  0.7968595E+00
Si  0.5477785E+02  0.5084963E+01  0.1552985E+02
Si  0.5692748E+02  0.8004098E+01  0.1542662E+02
Si  0.5692259E+02  0.5086202E+01  0.1843695E+02
Si  0.5353890E+02  0.6790320E+01  0.1786295E+02
Si  0.5593624E+02  0.6682270E+01  0.1700903E+02
Si  0.5851148E+02  0.9181256E+01  0.1678799E+02
Si  0.5804379E+02  0.6617399E+01  0.1960152E+02
Si  0.5555657E+02  0.9490926E+01  0.1931261E+02
Si  0.5942866E+02  0.5391180E+01  0.1550065E+02
Si  0.6264466E+02  0.7115472E+01  0.1541052E+02
Si  0.6250950E+02  0.5111518E+01  0.1849815E+02
Si  0.5975174E+02  0.7813450E+01  0.1839252E+02
Si  0.6098934E+02  0.6325076E+01  0.1692210E+02
Si  0.6353697E+02  0.8875702E+01  0.1678434E+02
Si  0.6391918E+02  0.6528170E+01  0.1971838E+02
Si  0.6108535E+02  0.9363635E+01  0.1961942E+02
Si  0.4262138E+02  0.5750364E+01  0.2014052E+02
Si  0.4787776E+02  0.1446485E+02  0.2017511E+02
Si  0.3911465E+02  0.1429479E+02  0.4121004E+01
Si  0.4308274E+02  0.1028622E+02  0.2445043E+01
Si  0.3993156E+02  0.1918660E+02  0.1198097E+02
Si  0.3238233E+02  0.1069956E+02  0.1894303E+02
Si  0.4483000E+02  0.8498017E+01  0.1828100E+02
Si  0.3697213E+02  0.5996660E+01  0.1060717E+02
Si  0.4887001E+02  0.8049427E+01  0.7857343E+01
Si  0.5158684E+02  0.1595987E+02  0.1316406E+02
Si  0.4294938E+02  0.1396343E+02  0.1443688E+02
Si  0.3867597E+02  0.9980574E+01  0.4902656E+01
Si  0.5312732E+02  0.1451369E+02  0.1711946E+02
Si  0.4399315E+02  0.1182543E+02  0.1674701E+02
Si  0.5353731E+02  0.1206899E+02  0.2018993E+02
Si  0.4622937E+02  0.1009564E+02  0.2092467E+02
Si  0.5023997E+02  0.9161224E+01  0.1968582E+02
Si  0.5704623E+02  0.1319699E+02  0.1585900E+02
Si  0.5740536E+02  0.1064961E+02  0.1813229E+02
Si  0.4894379E+02  0.9063417E+01  0.1772335E+02
Si  0.5572858E+02  0.1196168E+02  0.1714906E+02
Si  0.5833231E+02  0.1470461E+02  0.1712204E+02
Si  0.5821916E+02  0.1223977E+02  0.1985688E+02
Si  0.5558273E+02  0.1490582E+02  0.2013029E+02
Si  0.5976691E+02  0.1062817E+02  0.1539670E+02
Si  0.6211116E+02  0.1329755E+02  0.1565435E+02
Si  0.6236695E+02  0.1060142E+02  0.1801760E+02
Si  0.5975543E+02  0.1345618E+02  0.1855062E+02
Si  0.6077155E+02  0.1198127E+02  0.1696595E+02
Si  0.6360963E+02  0.1456760E+02  0.1692015E+02
Si  0.6363169E+02  0.1190698E+02  0.1950033E+02
Si  0.6101967E+02  0.1509971E+02  0.1975018E+02
Si  0.4585569E+02  0.1538606E+02  0.2152832E+02
Si  0.4907917E+02  0.1427437E+02  0.6301158E+01
Si  0.4560352E+02  0.5897715E+01  0.2122482E+02
Si  0.5391573E+02  0.1418425E+02  0.6688671E+01
Si  0.4765858E+02  0.1921140E+02  0.2166332E+00
Si  0.4294644E+02  0.1947481E+02  0.1862864E+02
Si  0.5063825E+02  0.3949468E+01  0.4576284E+01
Si  0.4586215E+02  0.5058887E+01  0.9058877E+01
Si  0.4792212E+02  0.1123834E+02  0.1357384E+02
Si  0.5456282E+02  0.1343184E+02  0.1847478E+02
Si  0.5571987E+02  0.1466803E+02  0.1470627E+02
Si  0.4787123E+02  0.1892039E+02  0.2579359E+01
Si  0.5160084E+02  0.1587248E+02  0.1848079E+02
Si  0.5398919E+02  0.1963798E+02  0.1780635E+02
Si  0.4803698E+02  0.9135151E+01  0.3117294E+00
Si  0.4220714E+02  0.1743291E+02  0.9170644E+01
Si  0.5673210E+02  0.1590473E+02  0.1837208E+02
Si  0.5664605E+02  0.1892915E+02  0.1571124E+02
Si  0.5541542E+02  0.1768056E+02  0.1746323E+02
Si  0.5167299E+02  0.1965923E+02  0.1854842E+02
Si  0.5086585E+02  0.1772271E+02  0.1992860E+02
Si  0.5815246E+02  0.2029318E+02  0.1699866E+02
Si  0.5801365E+02  0.1769864E+02  0.1955197E+02
Si  0.5539387E+02  0.2047996E+02  0.1948063E+02
Si  0.5963534E+02  0.1616249E+02  0.1573446E+02
Si  0.6243439E+02  0.1894251E+02  0.1548347E+02
Si  0.6235034E+02  0.1603437E+02  0.1815685E+02
Si  0.5960537E+02  0.1871011E+02  0.1809140E+02
Si  0.6112629E+02  0.1743034E+02  0.1683695E+02
Si  0.6403273E+02  0.2008969E+02  0.1715801E+02
Si  0.6344393E+02  0.1723404E+02  0.1979367E+02
Si  0.6089674E+02  0.2001077E+02  0.1936067E+02
