         
  0.6515772E+02  0.0000000E+00  0.2171924E+02
  0.0000000E+00  0.0000000E+00  0.2171924E+02
  0.6498679E+02  0.2012813E+02  0.1274409E+01
  0.2711696E+01  0.1249821E+01  0.1057534E+01
  0.2628814E+01  0.2034868E+02  0.4156955E+01
  0.6495240E+02  0.1182685E+01  0.3843958E+01
  0.1212031E+01  0.2169342E+02  0.2404308E+01
  0.3724625E+01  0.2762976E+01  0.2560046E+01
  0.4347016E+01  0.2151749E+02  0.4869914E+01
  0.1276923E+01  0.2041497E+01  0.5677728E+01
  0.5333979E+01  0.2017793E+02  0.1272039E+01
  0.8432479E+01  0.1869932E+01  0.1632299E+01
  0.8836553E+01  0.2064011E+02  0.4747814E+01
  0.5417385E+01  0.1161508E+01  0.3341235E+01
  0.6689992E+01  0.2092371E+02  0.2644158E+01
  0.7631148E+01  0.9635381E+01  0.2095796E+02
  0.8111902E+01  0.1141047E+01  0.6466383E+01
  0.6405710E+01  0.2300384E+01  0.5087994E+01
  0.1636646E+02  0.3842619E+01  0.9169298E+01
  0.2922301E+02  0.6172393E+01  0.1302282E+02
  0.1019421E+02  0.2030017E+02  0.1850306E+02
  0.1730896E+02  0.1078275E+02  0.1873733E+02
  0.1156597E+02  0.1209264E+01  0.1018859E+02
  0.3423188E+02  0.4094549E+01  0.2704094E+01
  0.9593379E+01  0.7959606E+01  0.7958016E+01
  0.3583536E+02  0.6373467E+00  0.4352187E+01
  0.1659632E+02  0.2164054E+02  0.1364391E+02
  0.1302408E+02  0.1118195E+02  0.1522437E+02
  0.3399724E+02  0.1610781E+02  0.1678566E+02
  0.1160197E+02  0.1855995E+02  0.1185215E+02
  0.2067114E+02  0.2096869E+02  0.1357296E+02
  0.3155399E+02  0.9435746E+01  0.7845298E+01
  0.1266065E+02  0.2046135E+02  0.6032501E+01
  0.3450156E+02  0.8225680E+01  0.5150702E+01
  0.6503714E+02  0.3786897E+01  0.1223421E+01
  0.2679390E+01  0.6636750E+01  0.1585698E+01
  0.2495531E+01  0.3706966E+01  0.4154115E+01
  0.6506895E+02  0.6654836E+01  0.4086610E+01
  0.1108096E+01  0.5197215E+01  0.2791773E+01
  0.3899507E+01  0.7900518E+01  0.2814492E+01
  0.3883122E+01  0.4918938E+01  0.5541230E+01
  0.1148772E+01  0.7818167E+01  0.5443214E+01
  0.5239267E+01  0.3770997E+01  0.1024839E+01
  0.6620489E+01  0.5082088E+01  0.2571438E+01
  0.1035750E+02  0.5873974E+01  0.5641533E+01
  0.5133627E+01  0.6208756E+01  0.4008361E+01
  0.9881929E+01  0.3667782E+01  0.4472827E+01
  0.1175553E+02  0.6414896E+01  0.3710246E+01
  0.9794309E+01  0.2425026E+01  0.7826303E+01
  0.7997262E+01  0.8618438E+01  0.3784442E+01
  0.1321703E+02  0.1253162E+02  0.6403313E+01
  0.3421314E+02  0.1002603E+02  0.1432892E+02
  0.3137631E+02  0.1261620E+02  0.9431742E+01
  0.1700496E+02  0.7113755E+01  0.2959366E+01
  0.2133411E+02  0.1516978E+02  0.7276706E+01
  0.1060100E+02  0.6239561E+01  0.9008659E+01
  0.2195105E+02  0.7266872E+01  0.1948035E+02
  0.1352081E+02  0.9680338E+01  0.2101647E+01
  0.3754265E+02  0.1235807E+02  0.7872698E+01
  0.1407928E+02  0.3019100E+01  0.1373616E+02
  0.2160890E+02  0.1135329E+02  0.8790790E+01
  0.2484789E+02  0.1311923E+02  0.1134598E+02
  0.1370465E+02  0.7399102E-01  0.8126579E+01
  0.1232595E+02  0.3376950E+01  0.4974171E+01
  0.1055187E+02  0.9636082E+01  0.6569887E+01
  0.9550618E+01  0.1766922E+02  0.2047541E+02
  0.6503732E+02  0.9113957E+01  0.9993359E+00
  0.2295657E+01  0.1188573E+02  0.9768711E+00
  0.2387185E+01  0.9229526E+01  0.4055250E+01
  0.2519936E-02  0.1189509E+02  0.3926044E+01
  0.1342032E+01  0.1043895E+02  0.2450605E+01
  0.3767183E+01  0.1324001E+02  0.2144900E+01
  0.4016689E+01  0.1033990E+02  0.5480660E+01
  0.1179805E+01  0.1313162E+02  0.5250623E+01
  0.5284606E+01  0.8838135E+01  0.9481061E+00
  0.1286472E+02  0.8832362E+01  0.1539737E+02
  0.7871365E+01  0.1234628E+02  0.6364035E+01
  0.5003383E+01  0.1159750E+02  0.3585578E+01
  0.6353610E+01  0.1010160E+02  0.2688397E+01
  0.9038354E+01  0.1395615E+02  0.1778863E+01
  0.1608702E+02  0.9409069E+01  0.2015933E+02
  0.6185444E+01  0.1338629E+02  0.5202108E+01
  0.8973252E+01  0.1556356E+02  0.2148902E+02
  0.2813380E+02  0.1361230E+02  0.2090229E+02
  0.2455099E+02  0.3871971E+01  0.5127654E+01
  0.1298941E+02  0.1319440E+02  0.2089462E+02
  0.1386573E+02  0.6768375E+01  0.1438306E+02
  0.2601218E+02  0.6333536E+01  0.2976537E+01
  0.3171381E+02  0.1410301E+01  0.7658513E+01
  0.2994386E+02  0.2943794E+01  0.7523459E+01
  0.1759338E+02  0.1975642E+02  0.1237510E+02
  0.2099341E+02  0.1766700E+02  0.1054061E+02
  0.1406746E+02  0.1763621E+02  0.1315135E+01
  0.1594622E+02  0.1406071E+02  0.7402111E+01
  0.2817876E+02  0.5612384E+01  0.9611754E+01
  0.2684473E+02  0.6594401E+01  0.1324788E+02
  0.3117697E+02  0.1599737E+02  0.1479952E+02
  0.3626366E+02  0.4674199E+01  0.1933333E+02
  0.6502464E+02  0.1455905E+02  0.1178425E+01
  0.2447467E+01  0.1722441E+02  0.1306649E+01
  0.2712937E+01  0.1438295E+02  0.3889680E+01
  0.6480821E+02  0.1727991E+02  0.4021906E+01
  0.1209680E+01  0.1579308E+02  0.2828545E+01
  0.3742546E+01  0.1892370E+02  0.2563457E+01
  0.3858067E+01  0.1624911E+02  0.5251103E+01
  0.1084805E+01  0.1877442E+02  0.5284724E+01
  0.5229241E+01  0.1480857E+02  0.1076587E+01
  0.1236461E+02  0.1951355E+02  0.1176396E+01
  0.1668040E+02  0.1469927E+02  0.5256477E+01
  0.5240495E+01  0.1772244E+02  0.3878753E+01
  0.6454811E+01  0.1618511E+02  0.2541627E+01
  0.1159995E+02  0.1634482E+02  0.2036309E+02
  0.2677939E+02  0.1734946E+02  0.1149327E+02
  0.6735525E+01  0.1934671E+02  0.4601726E+01
  0.1948266E+02  0.1410069E+02  0.1085150E+01
  0.7847383E+01  0.1740026E+02  0.9420102E+00
  0.1009116E+02  0.1206190E+02  0.8915662E+01
  0.1500655E+02  0.1153999E+02  0.2089973E+02
  0.2287798E+02  0.3001806E+01  0.1034983E+01
  0.1568743E+02  0.1200402E+02  0.1381446E+02
  0.1599981E+02  0.1677532E+02  0.1026659E+02
  0.1122848E+02  0.2056147E+02  0.3145441E+01
  0.2047448E+02  0.1309808E+01  0.1868008E+01
  0.8394041E+01  0.1992143E+02  0.7772213E+01
  0.2974286E+02  0.1036943E+02  0.1980164E+01
  0.1346717E+02  0.1712118E+02  0.3843420E+01
  0.2106058E+02  0.1026901E+00  0.1834429E+02
  0.1806756E+02  0.9210553E+01  0.2159224E+02
  0.1886205E+02  0.1817004E+02  0.6058372E+01
  0.1618650E+02  0.5368375E+01  0.4277787E+01
  0.6487414E+02  0.2002083E+02  0.6618712E+01
  0.2707067E+01  0.6295587E+00  0.6649675E+01
  0.2715975E+01  0.2040657E+02  0.9563049E+01
  0.6513186E+02  0.1059650E+01  0.9427969E+01
  0.1230513E+01  0.2144475E+02  0.8109499E+01
  0.3857581E+01  0.2404434E+01  0.7853241E+01
  0.4159577E+01  0.2166848E+02  0.1109174E+02
  0.1225065E+01  0.2197281E+01  0.1094889E+02
  0.5356002E+01  0.2009486E+02  0.6333652E+01
  0.9347206E+01  0.2159342E+01  0.1304616E+02
  0.7799590E+01  0.1998041E+02  0.1013721E+02
  0.5260969E+01  0.9372633E+00  0.9241267E+01
  0.6837485E+01  0.2157991E+02  0.7872746E+01
  0.2038498E+02  0.5675857E+01  0.1839207E+02
  0.1423019E+02  0.1553287E+02  0.9892554E+01
  0.6726732E+01  0.1935410E+01  0.1078328E+02
  0.3308955E+02  0.2810121E+01  0.1742461E+02
  0.1724063E+02  0.1631945E+02  0.2814305E+01
  0.1851291E+02  0.6589839E+01  0.1585529E+02
  0.2979209E+02  0.7278135E+01  0.1934135E+02
  0.1080874E+02  0.8972900E+01  0.1199961E+02
  0.1997852E+02  0.1071797E+02  0.6291311E+01
  0.1548583E+02  0.1662266E+02  0.4752714E+01
  0.2269853E+02  0.1199266E+02  0.2173575E+01
  0.1279335E+02  0.1142407E+02  0.1135293E+02
  0.2387616E+02  0.9012929E+01  0.1457852E+02
  0.1051526E+02  0.1446342E+02  0.1924904E+02
  0.1204248E+02  0.8347350E+01  0.5504733E+01
  0.1536492E+02  0.7297071E+01  0.2153530E+02
  0.2428632E+02  0.3982131E+01  0.2790703E+01
  0.2016990E+02  0.1767372E+02  0.1543413E+02
  0.1424314E+02  0.5197745E+00  0.1049436E+02
  0.1500910E+00  0.3648567E+01  0.6970475E+01
  0.2544861E+01  0.6277049E+01  0.6797887E+01
  0.2674400E+01  0.3398234E+01  0.9535456E+01
  0.6510240E+02  0.6593050E+01  0.9535439E+01
  0.1393587E+01  0.4901600E+01  0.8341113E+01
  0.3902996E+01  0.8003328E+01  0.7994401E+01
  0.3917366E+01  0.4846034E+01  0.1078708E+02
  0.1348402E+01  0.7999065E+01  0.1089977E+02
  0.5333259E+01  0.3558350E+01  0.6555213E+01
  0.1610756E+02  0.8622649E-01  0.8716581E+01
  0.6675972E+01  0.5056995E+01  0.7948216E+01
  0.5121758E+01  0.6402100E+01  0.9349791E+01
  0.7910098E+01  0.3409222E+01  0.9155004E+01
  0.1408790E+02  0.1592345E+02  0.1751286E+02
  0.1363996E+02  0.1484054E+02  0.1972273E+02
  0.6565952E+01  0.7583512E+01  0.1055998E+02
  0.2971087E+02  0.1417481E+02  0.8579594E+01
  0.7532514E+01  0.1132606E+02  0.9440124E+00
  0.1295575E+02  0.6207962E+01  0.2627173E+00
  0.1062490E+02  0.3254226E+01  0.1159333E+02
  0.1199595E+02  0.1820984E+02  0.5266695E+01
  0.1254272E+02  0.4487830E+01  0.1268684E+02
  0.2520200E+02  0.6385777E+01  0.5211219E+01
  0.2167516E+02  0.1581753E+02  0.1522891E+02
  0.1668670E+02  0.1689272E+02  0.2064887E+02
  0.1790370E+02  0.1838413E+02  0.1794635E+01
  0.1567964E+02  0.1257820E+00  0.2493204E+01
  0.4444465E+02  0.8343891E+01  0.5850337E+01
  0.2380505E+02  0.8354190E+00  0.1078459E+01
  0.1267115E+02  0.1633940E+02  0.1171375E+02
  0.2645711E+02  0.1978231E+02  0.3459216E+01
  0.1145366E+02  0.1110268E+02  0.1340641E+02
  0.6499306E+02  0.9222832E+01  0.6895938E+01
  0.2372866E+01  0.1165322E+02  0.6776527E+01
  0.2554095E+01  0.9366215E+01  0.9339555E+01
  0.6481139E+02  0.1206908E+02  0.9395847E+01
  0.1087518E+01  0.1067309E+02  0.8148740E+01
  0.3783044E+01  0.1319168E+02  0.7957616E+01
  0.4266489E+01  0.1059757E+02  0.1046554E+02
  0.1087008E+01  0.1327084E+02  0.1063601E+02
  0.5560203E+01  0.9024761E+01  0.6575807E+01
  0.1373688E+02  0.5229763E+01  0.7506931E+01
  0.6686012E+01  0.7686653E+01  0.5379909E+01
  0.5620434E+01  0.1183825E+02  0.8893436E+01
  0.6846171E+01  0.1054296E+02  0.7529654E+01
  0.7319236E+01  0.1498103E+02  0.9144563E+01
  0.7784213E+01  0.9036225E+01  0.9050515E+01
  0.6375481E+01  0.1299098E+02  0.1054964E+02
  0.1015917E+02  0.1841785E+02  0.1023398E+01
  0.2071128E+02  0.2982977E+01  0.6507105E+01
  0.1642721E+02  0.9413016E+01  0.1700878E+02
  0.2297494E+02  0.3384392E+01  0.6884427E+01
  0.1840931E+02  0.7270468E+00  0.2149878E+00
  0.1411714E+02  0.2234922E+01  0.1119956E+00
  0.2290054E+02  0.1020981E+02  0.1263003E+02
  0.7620585E+01  0.1465574E+02  0.3882807E+01
  0.2062279E+02  0.1027563E+02  0.1818480E+02
  0.2116904E+02  0.1211194E+02  0.1251721E+02
  0.2620921E+02  0.9778057E+01  0.4588824E+01
  0.3008630E+02  0.1804790E+02  0.1394318E+02
  0.2452345E+02  0.1390947E+02  0.7550431E+01
  0.3756625E+02  0.1626301E+02  0.1658498E+02
  0.3297474E+02  0.1376151E+02  0.2014623E+02
  0.3289954E+02  0.1308325E+02  0.1127557E+02
  0.1336300E+00  0.1460693E+02  0.6651648E+01
  0.2723165E+01  0.1768193E+02  0.6767191E+01
  0.2572031E+01  0.1485539E+02  0.9456733E+01
  0.6506697E+02  0.1734397E+02  0.9639399E+01
  0.1476548E+01  0.1634423E+02  0.8117627E+01
  0.4240343E+01  0.1913994E+02  0.8187452E+01
  0.3932924E+01  0.1594438E+02  0.1081139E+02
  0.1298176E+01  0.1880800E+02  0.1080627E+02
  0.4985851E+01  0.1472857E+02  0.6546945E+01
  0.1965426E+02  0.1775930E+02  0.3745867E+00
  0.1138810E+02  0.1316322E+02  0.1074631E+02
  0.5309273E+01  0.1737316E+02  0.9398364E+01
  0.6486868E+01  0.1639577E+02  0.7589965E+01
  0.7673432E+01  0.1810214E+02  0.6356707E+01
  0.8322520E+01  0.1709985E+02  0.1197926E+02
  0.6495275E+01  0.1836461E+02  0.1111367E+02
  0.2091819E+02  0.1610956E+02  0.2064732E+02
  0.1379472E+02  0.4922341E+01  0.1053689E+02
  0.1474739E+02  0.7412364E+01  0.1660858E+02
  0.1649038E+02  0.2021291E+02  0.1023859E+02
  0.9364193E+01  0.1260564E+02  0.1340447E+02
  0.2459388E+02  0.1413037E+02  0.1658816E+02
  0.2492504E+02  0.1079624E+01  0.1267498E+02
  0.1418610E+02  0.2059349E+02  0.1631062E+02
  0.1269405E+02  0.1693956E+01  0.1523771E+02
  0.2023693E+02  0.1239531E+02  0.1030818E+02
  0.1747980E+02  0.4863551E+01  0.1437734E+02
  0.1843546E+02  0.4608886E+00  0.4271495E+01
  0.1374471E+02  0.2161220E+02  0.4155606E+01
  0.9279298E+01  0.1019149E+02  0.1037621E+02
  0.8996777E+01  0.1375749E+02  0.7720006E+01
  0.2140839E+02  0.1460708E+02  0.1315118E+02
  0.6489729E+02  0.2002399E+02  0.1221221E+02
  0.2388080E+01  0.9419788E+00  0.1247480E+02
  0.2580206E+01  0.1986897E+02  0.1494888E+02
  0.6506109E+02  0.9508438E+00  0.1519457E+02
  0.1141719E+01  0.2119721E+02  0.1370789E+02
  0.4220563E+01  0.2237479E+01  0.1326199E+02
  0.4051392E+01  0.2140461E+02  0.1624956E+02
  0.1356598E+01  0.2266887E+01  0.1628205E+02
  0.5126397E+01  0.1979960E+02  0.1253016E+02
  0.9876390E+01  0.2143881E+02  0.9959132E+01
  0.8491815E+01  0.1996984E+02  0.1488270E+02
  0.5624193E+01  0.9516194E+00  0.1470044E+02
  0.7030724E+01  0.2115306E+02  0.1348025E+02
  0.1060340E+02  0.3190620E+01  0.2113673E+01
  0.1019031E+02  0.1457583E+02  0.1216945E+02
  0.6738081E+01  0.2500709E+01  0.1617648E+02
  0.9836829E+01  0.1848197E+02  0.1340633E+02
  0.2191356E+02  0.1697052E+02  0.2855464E+01
  0.2643178E+02  0.8825357E+01  0.1959584E+02
  0.2051596E+02  0.1522278E+02  0.1079840E+02
  0.1040522E+02  0.1494732E+02  0.6102362E+01
  0.2291645E+02  0.2789528E+01  0.9272358E+01
  0.8240924E+01  0.2758035E+00  0.1158435E+02
  0.1581842E+02  0.1944111E+02  0.1385952E+02
  0.4353100E+02  0.4930230E+01  0.5462246E+01
  0.1954638E+02  0.9674508E+01  0.1461760E+02
  0.1815153E+02  0.9370157E+01  0.5479932E+01
  0.1584881E+02  0.1271740E+02  0.1890524E+02
  0.2779769E+02  0.2138979E+02  0.2456936E+01
  0.3344805E+02  0.1736118E+02  0.7034110E+01
  0.2639583E+02  0.1362369E+01  0.3236181E+01
  0.1727279E+02  0.1924123E+02  0.1963785E+02
  0.6513682E+02  0.3788133E+01  0.1219583E+02
  0.2495660E+01  0.6350190E+01  0.1205967E+02
  0.2726998E+01  0.3626585E+01  0.1467013E+02
  0.6480193E+02  0.6508722E+01  0.1478878E+02
  0.1283765E+01  0.5136175E+01  0.1351911E+02
  0.3855095E+01  0.7884443E+01  0.1331851E+02
  0.3770810E+01  0.5072656E+01  0.1606894E+02
  0.1224041E+01  0.7949764E+01  0.1605750E+02
  0.5511601E+01  0.3748201E+01  0.1196281E+02
  0.8232588E+01  0.6346869E+01  0.1188562E+02
  0.8251655E+01  0.3663003E+01  0.1463323E+02
  0.5188515E+01  0.6449772E+01  0.1448071E+02
  0.7000253E+01  0.5071338E+01  0.1333932E+02
  0.9626287E+01  0.7515439E+01  0.1325441E+02
  0.9638355E+01  0.4935425E+01  0.2129789E+02
  0.6454442E+01  0.7865211E+01  0.1585130E+02
  0.9585007E+01  0.5340578E+01  0.1552104E+02
  0.1960528E+02  0.1849204E+02  0.8500502E+01
  0.2120341E+02  0.8828259E+01  0.2663413E+01
  0.1013650E+02  0.6438319E+01  0.1955709E+02
  0.1759250E+02  0.6872115E+01  0.5675338E+00
  0.2809281E+02  0.2489333E+01  0.1329235E+02
  0.1481393E+02  0.1041089E+02  0.1245160E+02
  0.1518771E+02  0.1138713E+02  0.2141095E+01
  0.7715572E+01  0.3398259E+01  0.3456877E+01
  0.1260836E+02  0.2691307E+01  0.1859483E+02
  0.2322741E+02  0.5786660E+01  0.1243838E+02
  0.1115402E+02  0.1337932E+02  0.2591904E+01
  0.2035799E+02  0.3096867E+01  0.1314990E+02
  0.1049325E+02  0.1590774E+01  0.5652893E+01
  0.1118473E+02  0.3267450E+01  0.2132344E+02
  0.2643997E+02  0.4418580E+01  0.8116079E+01
  0.6504384E+02  0.9212906E+01  0.1219558E+02
  0.2221939E+01  0.1156458E+02  0.1192091E+02
  0.2673705E+01  0.9113271E+01  0.1484943E+02
  0.6489273E+02  0.1185097E+02  0.1468958E+02
  0.1252460E+01  0.1050027E+02  0.1361470E+02
  0.3936094E+01  0.1286803E+02  0.1330807E+02
  0.3785740E+01  0.1060661E+02  0.1625311E+02
  0.1141333E+01  0.1315165E+02  0.1628527E+02
  0.5460004E+01  0.8837832E+01  0.1215738E+02
  0.7991748E+01  0.1166097E+02  0.1198738E+02
  0.8355364E+01  0.8900424E+01  0.1483200E+02
  0.5354756E+01  0.1167274E+02  0.1462823E+02
  0.6780601E+01  0.1036855E+02  0.1359999E+02
  0.1489835E+02  0.1111480E+02  0.5534532E+01
  0.9423736E+01  0.1042027E+02  0.1623173E+02
  0.6543724E+01  0.1332394E+02  0.1598620E+02
  0.2125237E+02  0.9104693E+01  0.9496925E+01
  0.1767115E+02  0.5583980E+01  0.1795890E+02
  0.2253850E+02  0.1912586E+02  0.3670873E+01
  0.1064472E+02  0.1094083E+02  0.2085104E+02
  0.1716767E+02  0.2087166E+01  0.2738309E+01
  0.2860643E+02  0.1419562E+02  0.1087303E+02
  0.1547674E+02  0.6547602E+01  0.6260057E+01
  0.1751635E+02  0.4634418E+00  0.1600689E+02
  0.1982228E+02  0.8574037E+01  0.1979584E+02
  0.3773947E+02  0.2191576E+00  0.2104724E+02
  0.3307065E+02  0.5108834E+01  0.7193275E+01
  0.1804094E+02  0.1236152E+02  0.1402625E+02
  0.4176626E+02  0.1842647E+02  0.9977140E+01
  0.4123760E+02  0.1544678E+02  0.1776517E+00
  0.4676185E+02  0.1227399E+02  0.1828652E+02
  0.1609873E+02  0.4012868E+01  0.2094157E+01
  0.6495565E+02  0.1456416E+02  0.1204455E+02
  0.2319246E+01  0.1706485E+02  0.1212865E+02
  0.2673785E+01  0.1430663E+02  0.1480313E+02
  0.6505432E+02  0.1734644E+02  0.1483066E+02
  0.9701836E+00  0.1557196E+02  0.1357088E+02
  0.3744691E+01  0.1837229E+02  0.1362978E+02
  0.3916084E+01  0.1569693E+02  0.1645537E+02
  0.1113275E+01  0.1878941E+02  0.1635357E+02
  0.5075464E+01  0.1450652E+02  0.1199331E+02
  0.1101831E+02  0.1934802E+02  0.9661456E+01
  0.8095431E+01  0.1427359E+02  0.1442728E+02
  0.5317426E+01  0.1701836E+02  0.1494018E+02
  0.6874135E+01  0.1585645E+02  0.1338425E+02
  0.2479245E+02  0.1747135E+02  0.1530612E+02
  0.1655394E+02  0.1219749E+02  0.1039154E+02
  0.6869586E+01  0.1848014E+02  0.1606989E+02
  0.1361913E+02  0.1459698E+02  0.7619523E+01
  0.2165674E+02  0.1191734E+02  0.1486636E+02
  0.1347969E+02  0.8698463E+01  0.2170576E+02
  0.1812290E+02  0.1334246E+02  0.1834470E+02
  0.1917999E+02  0.1091250E+02  0.1260927E+02
  0.2416133E+02  0.2083542E+02  0.1949981E+02
  0.2201961E+02  0.1894644E+02  0.7340779E+01
  0.1066884E+02  0.1436354E+02  0.1710006E+02
  0.1130918E+02  0.1753732E+02  0.1494866E+02
  0.3590699E+02  0.1767168E+01  0.1348630E+02
  0.1812185E+02  0.4586093E+01  0.7138159E+00
  0.1432982E+02  0.3056248E+01  0.6228598E+01
  0.1248398E+02  0.2097149E+02  0.1886189E+02
  0.2041580E+02  0.8536416E+01  0.7345706E+01
  0.1621357E+02  0.3697289E+01  0.2140426E+02
  0.1886114E+02  0.1792011E+02  0.1161493E+02
  0.6500395E+02  0.2015630E+02  0.1761424E+02
  0.2764171E+01  0.1014367E+01  0.1754804E+02
  0.2791858E+01  0.2018703E+02  0.2017062E+02
  0.6478154E+02  0.1066312E+01  0.2021265E+02
  0.1331575E+01  0.2146920E+02  0.1894930E+02
  0.3905906E+01  0.2391310E+01  0.1889587E+02
  0.4080162E+01  0.2157341E+02  0.2158775E+02
  0.1262941E+01  0.2347440E+01  0.2139618E+02
  0.5425152E+01  0.2000125E+02  0.1740345E+02
  0.1548816E+02  0.1678323E+01  0.1650610E+02
  0.8070451E+01  0.1953134E+02  0.1957671E+02
  0.5438804E+01  0.1222477E+01  0.2012595E+02
  0.6685500E+01  0.2155498E+02  0.1879479E+02
  0.2914958E+02  0.1936341E+02  0.1038785E+02
  0.9983803E+01  0.2145016E+02  0.1617763E+02
  0.6879137E+01  0.2426157E+01  0.2150377E+02
  0.1358747E+02  0.1944423E+02  0.1273064E+02
  0.1125778E+02  0.2029373E+02  0.2109725E+02
  0.4298622E+02  0.2128638E+02  0.9777170E+01
  0.2504490E+02  0.1001468E+02  0.9565757E+01
  0.2674084E+02  0.7831968E+01  0.6044484E+01
  0.1656129E+02  0.1863307E+02  0.5319267E+01
  0.9677909E+01  0.1846196E+02  0.3936142E+01
  0.1138144E+02  0.6137963E+01  0.1419139E+02
  0.2363375E+02  0.9147092E+01  0.4560373E+01
  0.1243142E+02  0.6896015E+01  0.1696632E+02
  0.2622751E+02  0.1799464E+02  0.1732536E+01
  0.2946547E+02  0.3293545E+01  0.2021431E+01
  0.1462341E+02  0.1730765E+02  0.1917543E+02
  0.5391989E+02  0.5296077E+01  0.2143080E+02
  0.1546023E+02  0.1665973E+01  0.1238481E+02
  0.9498631E+01  0.6900242E+01  0.3289565E+01
  0.6497963E+02  0.3666694E+01  0.1754524E+02
  0.2586401E+01  0.6291371E+01  0.1734033E+02
  0.2598729E+01  0.3911926E+01  0.2013542E+02
  0.6487449E+02  0.6618307E+01  0.2015200E+02
  0.1062676E+01  0.5050270E+01  0.1890851E+02
  0.3832593E+01  0.7745978E+01  0.1888499E+02
  0.4010503E+01  0.5445015E+01  0.9188541E-02
  0.1337186E+01  0.7721592E+01  0.2154521E+02
  0.5142863E+01  0.3843410E+01  0.1755476E+02
  0.8117839E+01  0.6471150E+01  0.1701760E+02
  0.7937594E+01  0.3960043E+01  0.2008920E+02
  0.5510083E+01  0.6696784E+01  0.2036040E+02
  0.6819338E+01  0.5479996E+01  0.1885698E+02
  0.8132841E+01  0.6506801E+01  0.6649890E+01
  0.1205917E+02  0.9258861E+01  0.1981827E+02
  0.6962862E+01  0.7665057E+01  0.2161767E+02
  0.2127544E+02  0.1910891E+02  0.1699013E+02
  0.2183099E+02  0.7390649E+01  0.4738029E+01
  0.1099729E+02  0.6192801E+00  0.1404746E+02
  0.1391805E+02  0.1301964E+02  0.1735887E+02
  0.3114276E+02  0.1759196E+02  0.7787281E+01
  0.1135269E+02  0.1291936E+02  0.4932137E+01
  0.1082831E+02  0.1382900E+01  0.1966801E+02
  0.1102220E+02  0.9244074E+01  0.1694191E+02
  0.2783618E+02  0.1566080E+01  0.2133540E+02
  0.3185230E+02  0.8762806E+01  0.1934249E+02
  0.9765721E+01  0.1174627E+02  0.1260651E+01
  0.3811222E+02  0.3621885E+01  0.8956398E+01
  0.2117065E+02  0.8681946E+01  0.1333367E+02
  0.1654836E+02  0.1968411E+02  0.3046339E+01
  0.1751397E+02  0.1677557E+01  0.9674843E+01
  0.2379792E+02  0.1749055E+02  0.4800768E+01
  0.6491252E+02  0.9150727E+01  0.1734549E+02
  0.2558454E+01  0.1195932E+02  0.1768086E+02
  0.2493980E+01  0.9237523E+01  0.2029387E+02
  0.6486113E+02  0.1186725E+02  0.2032267E+02
  0.1002256E+01  0.1049171E+02  0.1893599E+02
  0.3972519E+01  0.1318301E+02  0.1898642E+02
  0.3852182E+01  0.1033807E+02  0.2158531E+02
  0.1126624E+01  0.1322334E+02  0.2146857E+02
  0.5170672E+01  0.9167645E+01  0.1748372E+02
  0.7961323E+01  0.1186402E+02  0.1712383E+02
  0.9163035E+01  0.8242828E+01  0.1819424E+02
  0.5211041E+01  0.1168488E+02  0.2025140E+02
  0.6822486E+01  0.1038907E+02  0.1879812E+02
  0.8422219E+01  0.1405030E+02  0.1998817E+02
  0.1523686E+02  0.8781932E+01  0.3368051E+01
  0.6732121E+01  0.1318935E+02  0.2169310E+02
  0.1337320E+02  0.8387577E+00  0.1715850E+02
  0.2071015E+02  0.1315991E+02  0.2905536E+01
  0.2313332E+02  0.1851309E+02  0.2048039E+02
  0.1305904E+02  0.9810376E+01  0.9516981E+01
  0.1546743E+02  0.3927621E+01  0.1549039E+02
  0.2151361E+02  0.2128888E+02  0.7196350E+01
  0.2127817E+02  0.2121381E+02  0.4693208E+01
  0.2946404E+02  0.1343265E+02  0.3812427E+01
  0.9445220E+01  0.2801524E+01  0.1874868E+02
  0.1648661E+02  0.1054049E+02  0.4007356E+01
  0.2694241E+02  0.1890942E+02  0.1497129E+02
  0.1407508E+02  0.7235787E+01  0.9472054E+01
  0.2417448E+02  0.3528199E+01  0.1228125E+02
  0.1217987E+02  0.5451144E+01  0.1884192E+02
  0.2820167E+02  0.1611713E+01  0.1733550E+02
  0.2036488E+02  0.2114269E+02  0.1612400E+02
  0.6490728E+02  0.1464215E+02  0.1776545E+02
  0.2731324E+01  0.1746558E+02  0.1757881E+02
  0.2472191E+01  0.1457520E+02  0.2015159E+02
  0.2857588E-01  0.1757829E+02  0.2029503E+02
  0.1193133E+01  0.1603546E+02  0.1899570E+02
  0.4092196E+01  0.1875648E+02  0.1895549E+02
  0.4006878E+01  0.1603432E+02  0.2145973E+02
  0.1395945E+01  0.1879176E+02  0.2168973E+02
  0.5313990E+01  0.1449618E+02  0.1768612E+02
  0.8126346E+01  0.1778127E+02  0.1782881E+02
  0.9870260E+01  0.1222032E+02  0.1876044E+02
  0.5604305E+01  0.1713969E+02  0.1995673E+02
  0.7094559E+01  0.1569685E+02  0.1861603E+02
  0.9023132E+01  0.2142642E+02  0.2512392E+01
  0.1143595E+02  0.1705522E+02  0.9903316E+01
  0.6559211E+01  0.1875517E+02  0.2144989E+02
  0.1179629E+02  0.7842040E+01  0.1045174E+02
  0.2332408E+02  0.1287042E+02  0.9347227E+01
  0.1449745E+02  0.1339081E+02  0.1118179E+02
  0.1040623E+02  0.2097989E+02  0.6520281E+01
  0.3186183E+02  0.8071895E+01  0.2165825E+02
  0.2580796E+02  0.2177610E+00  0.1696625E+02
  0.2901578E+02  0.1983614E+02  0.1545779E+02
  0.2361353E+02  0.1831902E+02  0.1804559E+02
  0.1199014E+02  0.1119861E+02  0.7858873E+01
  0.1043025E+02  0.1514155E+02  0.1447629E+02
  0.1175822E+02  0.1206644E+02  0.1714186E+02
  0.1920080E+02  0.1624790E+02  0.7619818E+01
  0.1310575E+02  0.1134642E+02  0.1916987E+02
  0.1952817E+02  0.5198530E+01  0.1302934E+02
  0.2619697E+02  0.9476512E+01  0.7784264E+01
  0.3274365E+02  0.1826933E+02  0.1759942E+02
  0.3723616E+02  0.1400668E+02  0.1314795E+02
  0.3898430E+02  0.1778809E+02  0.4206241E+01
  0.1855111E+02  0.1568017E+02  0.2132816E+02
  0.3192458E+02  0.1020866E+02  0.1506595E+02
  0.3810018E+02  0.1211532E+02  0.1576946E+02
  0.4980608E+02  0.1346964E+02  0.5419320E+01
  0.5076547E+02  0.1351729E+01  0.1075255E+02
  0.3106690E+02  0.1981236E+02  0.1837572E+02
  0.4764045E+02  0.1729459E+02  0.2135870E+02
  0.2827413E+02  0.1729934E+02  0.2131759E+02
  0.1972226E+02  0.1766630E+01  0.8498079E+01
  0.4138115E+02  0.1661640E+02  0.2294279E+01
  0.2941596E+02  0.7794813E+01  0.1695856E+02
  0.5297272E+02  0.1103472E+02  0.1149462E+02
  0.3168417E+02  0.1887037E+02  0.9878825E+01
  0.4329837E+02  0.1802913E+02  0.8170186E+01
  0.2797951E+02  0.1193650E+02  0.1009452E+01
  0.3446839E+02  0.1301866E+02  0.2716651E+01
  0.4580261E+02  0.1439634E+02  0.1731734E+02
  0.1691885E+02  0.1193484E+02  0.7936489E+01
  0.3180344E+02  0.8368895E+01  0.1181630E+02
  0.2799067E+02  0.2896330E+01  0.1934388E+02
  0.2694916E+02  0.1362510E+02  0.6776051E+01
  0.2294769E+02  0.2590340E+01  0.2025353E+02
  0.5210867E+02  0.9019960E+01  0.2066793E+02
  0.1956171E+02  0.1503215E+01  0.1722558E+02
  0.3057054E+02  0.8472063E+01  0.1743686E+01
  0.3470175E+02  0.1134406E+02  0.1620210E+02
  0.2191564E+02  0.1847998E+02  0.8592135E+00
  0.3822007E+02  0.1460084E+02  0.5575755E+01
  0.5064796E+02  0.1522355E+02  0.6781680E+01
  0.3150240E+02  0.2623068E+01  0.1112604E+02
  0.2911157E+02  0.5436115E+01  0.7827780E+00
  0.3444312E+02  0.1181910E+02  0.1271957E+02
  0.3518891E+02  0.3816964E+01  0.2122827E+02
  0.2148803E+02  0.2086630E+02  0.9328326E+00
  0.5423211E+02  0.7052891E+01  0.9337553E+01
  0.3564199E+02  0.1536623E+02  0.1533892E+02
  0.3400794E+02  0.1513688E+02  0.1045024E+02
  0.3338066E+02  0.1109712E+02  0.3291456E+01
  0.3546392E+02  0.9639296E+00  0.1419643E+01
  0.5054555E+02  0.1913983E+01  0.5337746E+01
  0.3313242E+02  0.1503230E+02  0.2602420E+01
  0.2998617E+02  0.4688338E+01  0.1119842E+02
  0.4018817E+02  0.1121519E+02  0.9690807E+01
  0.2937406E+02  0.1448352E+02  0.1674482E+02
  0.2279633E+02  0.6567670E+00  0.1360132E+02
  0.2370124E+02  0.6382402E+01  0.3227270E+01
  0.3648504E+02  0.7357855E+01  0.1173409E+01
  0.4272040E+02  0.8108835E+01  0.1250154E+02
  0.4240234E+02  0.1797535E+02  0.1997671E+02
  0.2439589E+02  0.6823617E+01  0.4146442E+00
  0.3001939E+02  0.9885274E+00  0.1353289E+02
  0.2472406E+02  0.4587257E+01  0.9514876E-01
  0.3195854E+02  0.2459555E+01  0.1367985E+02
  0.3802555E+02  0.1601014E+02  0.7345712E+01
  0.2128099E+02  0.1784146E+02  0.1887690E+02
  0.3920001E+02  0.9746828E+01  0.3225016E+01
  0.3941822E+02  0.9820952E+00  0.1618563E+02
  0.3940181E+02  0.2031275E+02  0.2150489E+02
  0.2008381E+02  0.2117437E+02  0.2059398E+02
  0.3655769E+02  0.7347638E+01  0.1309966E+02
  0.1606726E+02  0.3572125E+01  0.1799631E+02
  0.5213735E+02  0.1683031E+02  0.1811996E+02
  0.3042992E+02  0.1812514E+02  0.4745996E+01
  0.2671014E+02  0.1124691E+02  0.1061692E+02
  0.1400852E+02  0.1709989E+02  0.1549552E+02
  0.1513624E+02  0.1437100E+02  0.1346392E+02
  0.3543089E+02  0.2121909E+02  0.1809781E+02
  0.1995200E+02  0.2869372E+01  0.2161417E+02
  0.4025258E+02  0.4904432E+00  0.1405422E+02
  0.3550099E+02  0.1299780E+01  0.2071916E+02
  0.3943587E+02  0.1220752E+02  0.1166188E+02
  0.2363057E+02  0.2162840E+02  0.4552942E+01
  0.2836642E+02  0.1542389E+02  0.2317790E+01
  0.1752553E+02  0.1386661E+02  0.2406774E+01
  0.2469954E+02  0.1326790E+02  0.2881626E+01
  0.4285018E+02  0.2026842E+02  0.2283600E+01
  0.3812570E+02  0.4937965E+01  0.4381620E+01
  0.4665474E+02  0.1853939E+02  0.1551997E+02
  0.2970704E+02  0.1526184E+02  0.2139803E+00
  0.1883419E+02  0.4674086E+01  0.2005140E+02
  0.3730969E+02  0.1292572E+02  0.1916257E+02
  0.2730325E+02  0.1345929E+02  0.2881368E+01
  0.3823247E+02  0.1039261E+02  0.1378973E+02
  0.3187712E+02  0.6622168E+01  0.4121752E+01
  0.2462428E+02  0.1084370E+02  0.6123861E+01
  0.3461570E+02  0.6428862E+01  0.1638746E+02
  0.9347313E+01  0.1579850E+02  0.1018908E+02
  0.3658692E+02  0.1099458E+02  0.1487851E+00
  0.4160460E+02  0.9227628E+01  0.7903094E+00
  0.3799358E+02  0.2729761E+01  0.6620446E+01
  0.4165277E+02  0.4181539E+00  0.1687979E+02
  0.4957321E+02  0.3901847E+01  0.2436527E+01
  0.4898188E+02  0.3551828E+01  0.5944207E+01
  0.2309542E+02  0.1705656E+01  0.1557408E+02
  0.1981993E+02  0.1212879E+02  0.1964703E+02
  0.2559516E+02  0.1638866E+02  0.3479270E+01
  0.2243678E+02  0.5146890E+00  0.2087226E+02
  0.2688670E+02  0.2081071E+02  0.1339608E+02
  0.3117421E+02  0.1183176E+02  0.8306033E+00
  0.2436362E+02  0.2053422E+02  0.1329918E+02
  0.2565803E+02  0.2045276E+02  0.5546482E+01
  0.2693475E+02  0.4321478E+01  0.1478968E+01
  0.3114267E+02  0.1064549E+02  0.1111470E+02
  0.3566558E+02  0.1629822E+01  0.1104474E+02
  0.4731202E+02  0.1195593E+01  0.1212372E+02
  0.4178708E+02  0.1767197E+02  0.1607576E+02
  0.4942452E+02  0.1714554E+02  0.1055721E+02
  0.2514509E+02  0.1941288E+02  0.9128734E+01
  0.1605650E+02  0.7608047E+01  0.1855928E+02
  0.5414198E+02  0.1897839E+02  0.1846100E+02
  0.1613741E+02  0.1699331E+02  0.1463337E+02
  0.2599125E+02  0.1220064E+02  0.4701721E+01
  0.3306151E+02  0.5659807E+00  0.2138966E+01
  0.3798256E+02  0.1820832E+02  0.9752023E+01
  0.4984942E+02  0.9206505E+01  0.1835576E+02
  0.1315130E+02  0.1932928E+02  0.8352416E+01
  0.5079889E+02  0.2013193E+02  0.1455207E+02
  0.4126042E+02  0.4614391E+01  0.3000822E+00
  0.2651055E+02  0.1053279E+02  0.1765533E+02
  0.4294314E+02  0.4134083E+00  0.1507536E+02
  0.3514280E+02  0.1920547E+02  0.7307866E+01
  0.4201998E+02  0.2724221E+01  0.1749917E+02
  0.3530088E+02  0.4920814E+01  0.7255539E+01
  0.3099401E+02  0.5134995E+01  0.1870851E+02
  0.1946353E+02  0.1918726E+02  0.1377645E+02
  0.2343252E+02  0.1710078E-01  0.1737686E+02
  0.9731417E+01  0.1594946E+02  0.3769234E+01
  0.2613810E+02  0.1752784E+02  0.2016822E+02
  0.1748225E+02  0.1438386E+02  0.1303493E+02
  0.1436667E+02  0.8656076E+01  0.5405822E+01
  0.3132875E+02  0.1551085E+01  0.1827396E+02
  0.3010948E+02  0.2097040E+02  0.1177149E+02
  0.5349388E+02  0.1601579E+02  0.1610148E+02
  0.1240459E+02  0.4715366E+01  0.2185486E+01
  0.9553517E+01  0.1129084E+02  0.5076710E+01
  0.4447834E+02  0.2148759E+02  0.7849229E+01
  0.4096608E+02  0.1981756E+02  0.1701028E+02
  0.3634852E+02  0.1567882E+02  0.1139436E+02
  0.1288922E+02  0.1918223E+02  0.1508285E+02
  0.5150060E+02  0.1907726E+02  0.7043486E+01
  0.4199646E+02  0.1005594E+02  0.1290345E+02
  0.2343470E+02  0.1634090E+02  0.1683432E+02
  0.9789219E+01  0.8693208E+01  0.2049409E+02
  0.4394991E+02  0.1852439E+02  0.1569695E+02
  0.3760045E+02  0.2117537E+02  0.9795329E+01
  0.3390658E+02  0.2118212E+02  0.1994477E+02
  0.3536420E+02  0.9752715E+01  0.1784856E+02
  0.3263000E+02  0.1658514E+02  0.9462449E+00
  0.3223927E+02  0.1418763E+02  0.7433460E+01
  0.2677092E+02  0.7703738E+01  0.2173584E+00
  0.1529856E+02  0.8827457E+00  0.5625497E+01
  0.2898810E+02  0.4962928E-01  0.9423627E+01
  0.1594869E+02  0.5201666E+01  0.1115272E+02
  0.3045876E+02  0.1061381E+02  0.1872176E+02
  0.3116369E+02  0.3324256E+01  0.1578752E+02
  0.3028129E+02  0.1779860E+02  0.6098267E+00
  0.3972750E+02  0.1895889E+02  0.1535163E+02
  0.3565448E+02  0.1746497E+02  0.1292480E+02
  0.1534805E+02  0.1146379E+02  0.1606304E+02
  0.1400103E+02  0.1932145E+02  0.2953266E+01
  0.2367048E+02  0.9530309E+01  0.1695990E+02
  0.2938986E+02  0.5831706E+01  0.1547009E+02
  0.4679722E+02  0.1895907E+02  0.1303467E+02
  0.3759919E+02  0.1078473E+02  0.1785214E+02
  0.2244561E+02  0.1493051E+02  0.9368599E+01
  0.2398173E+02  0.1698430E+02  0.1608202E+01
  0.4033972E+02  0.1139320E+02  0.1375446E+02
  0.4415020E+02  0.4587134E+01  0.7695605E+01
  0.3482628E+02  0.3606592E+01  0.9067519E+01
  0.2463579E+02  0.1895300E+02  0.1149543E+02
  0.3641579E+02  0.2098693E+02  0.6231853E+01
  0.2671342E+02  0.4560822E+01  0.5917068E+01
  0.2802435E+02  0.6008712E+01  0.2045796E+02
  0.3903409E+02  0.5854412E+01  0.7443011E+01
  0.2692805E+02  0.1394716E+02  0.1698700E+02
  0.1701412E+02  0.1667568E+02  0.1232123E+02
  0.3704301E+02  0.5002346E+01  0.1320459E+02
  0.5096008E+02  0.6033117E+01  0.1320176E+02
  0.1922258E+02  0.2120113E+02  0.2179403E+01
  0.4183632E+02  0.1174270E+02  0.9912023E+00
  0.2818318E+02  0.1902716E+02  0.8159361E+01
  0.4122160E+02  0.1403628E+02  0.1764111E+02
  0.3972128E+02  0.1900223E+02  0.8421857E+01
  0.2323048E+02  0.1804909E+02  0.9444179E+01
  0.1638914E+02  0.1988112E+02  0.1606684E+02
  0.2018451E+02  0.5209446E+01  0.7514702E+01
  0.4644390E+02  0.1923655E+02  0.3057289E+01
  0.1733046E+02  0.8494587E+01  0.1481240E+02
  0.3768349E+02  0.2018148E+02  0.1415684E+02
  0.1815416E+02  0.7466675E+01  0.9965960E+01
  0.3927374E+02  0.6748636E+01  0.2244633E+01
  0.3712183E+02  0.6986516E+01  0.1091615E+02
  0.4909558E+02  0.6753161E+01  0.9143068E+01
  0.2660483E+02  0.5067454E+00  0.1129973E+02
  0.1771171E+02  0.6843598E+01  0.6805458E+01
  0.3431760E+02  0.8354992E+01  0.1260474E+02
  0.2139448E+02  0.1390743E+02  0.1984473E+02
  0.3616862E+02  0.1425957E+02  0.7059788E+01
  0.2875050E+02  0.1769285E+02  0.1200496E+02
  0.4660160E+02  0.1043820E+02  0.9435037E+00
  0.2209705E+02  0.1467357E+02  0.2070427E+00
  0.3816444E+02  0.1595847E+02  0.9802694E+01
  0.3022752E+02  0.1592416E+02  0.1186580E+02
  0.3418953E+02  0.1523567E+02  0.8153260E+01
  0.3505924E+02  0.1236588E+02  0.1981167E+02
  0.4394725E+02  0.2452204E+01  0.9701865E+01
  0.4491685E+02  0.1050521E+02  0.2605875E+01
  0.5430953E+02  0.1803923E+02  0.1503071E+02
  0.1974786E+02  0.1140082E+02  0.1622546E+02
  0.3748113E+02  0.1676262E+02  0.1421078E+02
  0.4537932E+02  0.1294883E+02  0.1545417E+02
  0.3962407E+02  0.2140689E+01  0.1244561E+02
  0.1382669E+02  0.2887297E+01  0.2176469E+01
  0.4256647E+02  0.7292317E+01  0.1774175E+02
  0.3433320E+02  0.1023558E+02  0.1111893E+02
  0.3861247E+02  0.3996597E+01  0.1894496E+02
  0.3774821E+02  0.4864200E+01  0.1533395E+02
  0.4059526E+02  0.7300744E+01  0.8704924E+01
  0.1744505E+02  0.1513201E+02  0.9051775E+01
  0.2434584E+02  0.7942962E+01  0.1257436E+02
  0.3104982E+02  0.9595496E+00  0.4701388E+01
  0.3260581E+02  0.4992091E+01  0.1686871E+02
  0.2526281E+02  0.7563877E+01  0.1734483E+02
  0.3605194E+02  0.7135699E+01  0.6665339E+01
  0.1786369E+02  0.9063474E+01  0.7875525E+01
  0.2199409E+02  0.6733764E+01  0.6930923E+01
  0.1296547E+02  0.1530067E+02  0.1393004E+02
  0.2378453E+02  0.1488087E+02  0.1273739E+02
  0.5189560E+02  0.6929968E+01  0.1495916E+02
  0.3216694E+02  0.2851431E+00  0.1624406E+02
  0.2369327E+02  0.4072129E+01  0.1614568E+02
  0.2614175E+02  0.1373960E+02  0.1956217E+02
  0.4205559E+02  0.1998070E+02  0.4598404E+01
  0.3600000E+02  0.1370846E+02  0.4560650E+01
  0.1552905E+02  0.9925835E+01  0.1019209E+02
  0.2645151E+02  0.8881081E+01  0.1413458E+02
  0.3800497E+02  0.1005984E+02  0.8748752E+01
  0.3018059E+02  0.7575685E+01  0.6611129E+01
  0.3366124E+02  0.2032346E+02  0.1415039E+02
  0.3297478E+02  0.1027476E+02  0.1072339E+01
  0.4054178E+02  0.5501741E+01  0.1200515E+02
  0.2658501E+02  0.1744577E+02  0.9297578E+01
  0.1351547E+02  0.1914740E+02  0.1789332E+02
  0.3184175E+02  0.1443278E+02  0.1302370E+02
  0.2599068E+02  0.2043698E+01  0.1033400E+01
  0.1624334E+02  0.1507984E+02  0.1571615E+02
  0.1994046E+02  0.5909648E+01  0.1079183E+02
  0.3061527E+02  0.5763372E+01  0.8896977E+01
  0.3249977E+02  0.2526461E+01  0.3391222E+01
  0.3332527E+02  0.1879574E+02  0.1985489E+02
  0.2951411E+02  0.1169519E+02  0.1239995E+02
  0.4714481E+02  0.1647634E+02  0.1636745E+02
  0.2787793E+02  0.1266142E+02  0.8690671E+01
  0.3119321E+02  0.1739192E+02  0.1993357E+02
  0.2324459E+02  0.1164996E+01  0.6810057E+01
  0.3807165E+02  0.7225388E+01  0.1602241E+02
  0.1669466E+02  0.2953892E+01  0.5082069E+01
  0.5389544E+02  0.2098616E+02  0.1249908E+02
  0.3002149E+02  0.1087759E+02  0.4381760E+01
  0.3230318E+02  0.1176348E+02  0.7238430E+01
  0.1214219E+02  0.1461961E+01  0.3237687E+01
  0.1711293E+02  0.3148378E+01  0.1153257E+02
  0.3819953E+02  0.1129410E+02  0.6070832E+01
  0.4489862E+02  0.7546098E+01  0.9133894E+00
  0.2681165E+02  0.7152174E+01  0.1076672E+02
  0.3927142E+02  0.1431845E+02  0.1627424E+02
  0.3899233E+02  0.8315463E+01  0.7118014E+01
  0.3604514E+02  0.1711310E+02  0.1820151E+02
  0.3881699E+02  0.1771839E+02  0.1224106E+02
  0.1836230E+02  0.1371801E+02  0.1589374E+02
  0.4032529E+02  0.1486384E+02  0.3583172E+01
  0.4582960E+02  0.1447808E+01  0.1900081E+02
  0.2274638E+02  0.1140057E+02  0.4668355E+01
  0.4389514E+02  0.1665097E+02  0.1952823E+01
  0.4510253E+02  0.1144860E+02  0.2011870E+02
  0.4146416E+02  0.1629892E+02  0.1814381E+02
  0.3533695E+02  0.9999186E+01  0.4202490E+01
  0.5182424E+02  0.6365893E+01  0.2150040E+02
  0.3701286E+02  0.5067049E+00  0.1525393E+02
  0.4613081E+02  0.1018971E+02  0.1410937E+02
  0.2126639E+02  0.4066262E+01  0.1674469E+02
  0.1258073E+02  0.1593967E+02  0.6141599E+01
  0.8299371E+01  0.1071029E+01  0.1731924E+02
  0.1929459E+02  0.2527902E+01  0.1935483E+02
  0.2730023E+02  0.1283582E+02  0.1248279E+02
  0.4505020E+02  0.9676433E+01  0.1727813E+02
  0.2471535E+02  0.1696660E+02  0.1278704E+02
  0.3602631E+02  0.1292011E+02  0.1490127E+02
  0.2885872E+02  0.9704330E+01  0.6004033E+01
  0.2428987E+02  0.1647408E+02  0.2105459E+02
  0.5031583E+02  0.2150226E+01  0.1838555E+02
  0.2691323E+02  0.1981947E+02  0.1890071E+02
  0.4801617E+02  0.2097308E+02  0.1078721E+02
  0.3621787E+02  0.1101869E+02  0.9891115E+01
  0.3355859E+02  0.1677097E+02  0.1435057E+02
  0.2460798E+02  0.1599847E+02  0.8988552E+01
  0.2391666E+02  0.1079637E+02  0.8194328E+00
  0.1637538E+02  0.2033524E+02  0.6718330E+01
  0.3790993E+02  0.1747544E+01  0.1062112E+02
  0.1913608E+02  0.1224341E+01  0.1396240E+02
  0.3691718E+02  0.1167218E+02  0.1216690E+02
  0.3857253E+02  0.6638507E+01  0.5902315E-01
  0.3555881E+02  0.1977491E+02  0.1302781E+02
  0.1931201E+02  0.1239563E+02  0.7845140E+01
  0.2226753E+02  0.5896169E+01  0.1045359E+02
  0.2904385E+02  0.1881862E+02  0.1777957E+02
  0.3069932E+02  0.1442127E+02  0.5605108E+01
  0.4391266E+02  0.1155288E+02  0.1206045E+02
  0.2682543E+02  0.4676317E+01  0.1910002E+02
  0.1598073E+02  0.1901414E+02  0.1200502E+00
  0.4743437E+02  0.9194072E+01  0.3403859E+01
  0.5420694E+02  0.4837513E+01  0.1672108E+02
  0.3628024E+02  0.1754710E+01  0.1852191E+02
  0.3806884E+02  0.1818686E+01  0.5559651E+00
  0.4472528E+02  0.1614457E+02  0.8584582E+01
  0.2792285E+02  0.9258293E+01  0.1105388E+02
  0.3967217E+02  0.1446169E+02  0.1101003E+02
  0.2969383E+02  0.6846468E+01  0.3072326E+01
  0.2323970E+02  0.5338205E+01  0.8396993E+01
  0.1962855E+02  0.8793449E+01  0.1154377E+02
  0.5207065E+02  0.1576261E+02  0.1283618E+02
  0.2819381E+02  0.1041594E+02  0.8148223E+01
  0.3225345E+02  0.1148299E+02  0.1716212E+02
  0.2635549E+02  0.3382283E+00  0.1965842E+02
  0.3423983E+02  0.1819558E+02  0.1422973E+01
  0.1696639E+02  0.2164020E+02  0.2026212E+02
  0.2355502E+02  0.1340941E+02  0.1476421E+02
  0.4126387E+02  0.1205098E+02  0.1595293E+02
  0.1925274E+02  0.1164581E+02  0.3417722E+00
  0.3150037E+02  0.2146846E+02  0.2005954E+02
  0.2135362E+02  0.6511694E+01  0.1386888E+02
  0.2012426E+02  0.1351368E+02  0.5099117E+01
  0.3851304E+02  0.1981103E+02  0.6091963E+01
  0.1779705E+02  0.1777607E+02  0.1633569E+02
  0.4884427E+02  0.9722154E+01  0.1641878E+02
  0.3397476E+02  0.9974891E+01  0.1971131E+02
  0.3828083E+02  0.1030444E+02  0.2033954E+02
  0.3610699E+02  0.1793945E+02  0.1098394E-02
  0.3106254E+02  0.5937083E+01  0.2116809E+02
  0.2239976E+02  0.3520786E+01  0.1400121E+02
  0.1537513E+02  0.8200493E+01  0.1338164E+02
  0.2107887E+02  0.1834737E+00  0.9564364E+01
  0.2691663E+02  0.2193892E+01  0.5361434E+01
  0.3998884E+02  0.2127166E+02  0.4756151E+01
  0.4508923E+02  0.9475131E+01  0.8078269E+01
  0.4130911E+02  0.1743961E+02  0.4478913E+01
  0.1203781E+02  0.8363784E+00  0.8321953E-01
  0.4889805E+02  0.5544407E+01  0.7082512E+00
  0.1595367E+02  0.7587349E+01  0.1101829E+02
  0.3953618E+02  0.1231976E+02  0.2012095E+02
  0.2873051E+02  0.3456473E+01  0.1555804E+02
  0.3260856E+02  0.1944450E+02  0.4865018E+01
  0.3531643E+02  0.2082446E+02  0.1074623E+02
  0.2058371E+02  0.1785370E+01  0.4200154E+01
  0.3110969E+02  0.1234191E+02  0.1424314E+02
  0.3793959E+02  0.1135015E+02  0.1887080E+01
  0.3223012E+02  0.1754464E+02  0.1183062E+02
  0.1565690E+02  0.9858319E+01  0.7546275E+01
  0.4829275E+02  0.1314120E+02  0.9064496E+01
  0.9862782E+01  0.1727276E+02  0.6003576E+01
  0.2427664E+02  0.1402785E+02  0.2106380E+02
  0.3753902E+02  0.1895008E+02  0.1619960E+02
  0.1353873E+02  0.1336392E+02  0.1841305E+01
  0.4921423E+02  0.1034937E+02  0.6739478E+01
  0.2432640E+02  0.1170260E+02  0.1736396E+02
  0.1818562E+02  0.1403087E+02  0.1079104E+02
  0.2925836E+02  0.2552985E+01  0.5314882E+01
  0.4022544E+02  0.1869959E+02  0.1574190E+01
  0.4334181E+02  0.1349175E+01  0.1886557E+02
  0.1423742E+02  0.3007628E+01  0.8628818E+01
  0.3708333E+02  0.6841882E+01  0.1972325E+02
  0.5106517E+02  0.8268613E+01  0.9901080E+01
  0.5257071E+02  0.1680378E+02  0.7094393E+01
  0.2849484E+02  0.1526329E+02  0.5963682E+01
  0.5043866E+02  0.1065938E+02  0.1508259E+02
  0.3513179E+02  0.6115810E+01  0.9763414E+01
  0.2727022E+02  0.8683729E+01  0.1629917E+02
  0.2188982E+02  0.1561345E+02  0.4958419E+01
  0.4390746E+02  0.1001550E+02  0.1009120E+02
  0.3334537E+02  0.5784397E+00  0.1144039E+02
  0.2481838E+02  0.3857827E+01  0.1002116E+02
  0.2068491E+02  0.3925278E+01  0.9695947E+01
  0.3946013E+02  0.3211348E+01  0.1501021E+02
  0.3125491E+02  0.2889485E+01  0.2936379E+00
  0.2096265E+02  0.6408214E+01  0.1616571E+02
  0.2640713E+02  0.1016799E+02  0.1603294E+00
  0.2891418E+02  0.1657715E+02  0.7987119E+01
  0.3344373E+02  0.2686952E+01  0.7420082E+01
  0.4773909E+02  0.1744636E+02  0.1843265E+02
  0.2791329E+02  0.8069286E+01  0.3853219E+01
  0.4438731E+02  0.1445066E+02  0.8136288E+00
  0.3302798E+02  0.6456628E+01  0.9212031E+01
  0.2872457E+02  0.1670960E+02  0.1910425E+02
  0.4639940E+02  0.4134211E+01  0.6556170E+01
  0.3568611E+02  0.1878187E+02  0.9466211E+01
  0.1315257E+02  0.4107303E+01  0.2047279E+02
  0.3475598E+02  0.3938347E+01  0.1326074E+02
  0.4675017E+02  0.7328003E+01  0.1158445E+02
  0.3889905E+02  0.2021193E+02  0.1215838E+02
  0.1394378E+02  0.1533376E+02  0.4236262E+00
  0.2439893E+02  0.4691525E+01  0.1938527E+02
  0.3138039E+02  0.8991518E+01  0.1686918E+02
  0.2775550E+02  0.1966964E+02  0.2113274E+02
  0.1892938E+02  0.2081721E+02  0.6311511E+01
  0.4941937E+02  0.1248484E+02  0.2119397E+02
  0.5558296E+02  0.2794776E+01  0.1618583E+02
  0.2688544E+02  0.2459246E+00  0.7105230E+01
  0.2027733E+02  0.9282324E+01  0.2850759E+00
  0.4117969E+02  0.1777590E+02  0.1229356E+02
  0.3399358E+02  0.7881792E+01  0.1209299E+01
  0.9860389E+01  0.1009307E+02  0.3169904E+01
  0.1732921E+02  0.1906603E+02  0.8490873E+01
  0.2155134E+02  0.8298891E+01  0.1735721E+02
  0.2369805E+02  0.2427388E+01  0.1799120E+02
  0.2854851E+02  0.1174762E+02  0.1804057E+02
  0.1440269E+02  0.1875407E+02  0.1045459E+02
  0.4879912E+02  0.1348454E+02  0.1618607E+02
  0.4010762E+02  0.9750022E+01  0.5500605E+01
  0.4257436E+02  0.4848843E+01  0.1801426E+02
  0.3052577E+02  0.8213911E+01  0.1374502E+02
  0.3624217E+02  0.7708884E+01  0.1768727E+02
  0.2662447E+02  0.1576787E+02  0.1849651E+02
  0.3840197E+02  0.4563035E+01  0.2073905E+01
  0.3092738E+02  0.5197609E+01  0.6435956E+01
  0.4937358E+02  0.1814032E+01  0.1503496E+02
  0.5046833E+02  0.1920618E+02  0.1577600E+01
  0.1952816E+02  0.1887443E+02  0.1997407E+02
  0.2620429E+02  0.2029522E+02  0.9659506E+00
  0.1644344E+02  0.1606049E+02  0.1772944E+02
  0.1179885E+02  0.3216770E+01  0.9294572E+01
  0.1168579E+02  0.8859816E+01  0.3196262E+01
  0.3041004E+02  0.1942953E+02  0.2673726E+01
  0.2821842E+02  0.1812419E+02  0.5958234E+01
  0.3295707E+02  0.8817221E+01  0.9600748E+01
  0.4281110E+02  0.1043711E+01  0.3037805E+01
  0.2331748E+02  0.8753742E+01  0.1056232E+02
  0.3124576E+02  0.2123423E+02  0.6216756E+01
  0.2751378E+02  0.1386516E+02  0.1457704E+02
  0.3615736E+02  0.3693328E+01  0.5510988E+01
  0.2696828E+02  0.1141780E+01  0.1520920E+02
  0.2568997E+02  0.1201991E+00  0.9181025E+01
  0.5046050E+02  0.9388505E+01  0.3375895E+01
  0.3309484E+02  0.4619285E+01  0.3370285E+00
  0.2742137E+02  0.5219622E+01  0.1689728E+02
  0.3697450E+02  0.1455565E+02  0.7878186E+00
  0.4259781E+02  0.1414274E+02  0.3885674E+01
  0.4399974E+02  0.1622691E+02  0.1437015E+02
  0.3365126E+02  0.1620525E+02  0.4950438E+01
  0.4343008E+02  0.1006300E+02  0.4690709E+01
  0.8270871E+01  0.6125366E+01  0.1060333E+01
  0.4027279E+02  0.6710067E+01  0.1706527E+02
  0.1697416E+02  0.2369642E+01  0.1964849E+02
  0.1159368E+02  0.1805183E+02  0.1860325E+02
  0.2083572E+02  0.1355030E+02  0.1644588E+02
  0.1139606E+02  0.4719718E+01  0.7437116E+01
  0.4197070E+02  0.2162816E+02  0.2044060E+02
  0.1689607E+02  0.1199035E+02  0.7017214E+00
  0.1801052E+02  0.5507231E+01  0.8617393E+01
  0.4100848E+02  0.1690805E+02  0.8126473E+01
  0.3162896E+02  0.1960342E+02  0.1301623E+02
  0.4107306E+02  0.1021344E+02  0.1758454E+02
  0.1878738E+02  0.1566973E+02  0.5244001E+01
  0.4351159E+02  0.2013529E+02  0.1392794E+02
  0.1024286E+02  0.1693039E+02  0.1696531E+02
  0.2426343E+02  0.2055927E+02  0.2479664E+01
  0.4539477E+02  0.3871125E+01  0.1469244E+02
  0.2844898E+02  0.1874619E+01  0.1096721E+02
  0.2568954E+02  0.1946325E+02  0.1707659E+02
  0.4339708E+02  0.1419358E+02  0.9151627E+01
  0.9238902E+01  0.4965858E+01  0.1033448E+02
  0.2541788E+02  0.5854517E+01  0.1562616E+02
  0.3517953E+02  0.1770153E+02  0.3585829E+01
  0.3409118E+02  0.2272071E+01  0.5102253E+01
  0.4061837E+02  0.3502236E+01  0.8926215E+01
  0.2919275E+02  0.1250890E+02  0.1563885E+02
  0.5126457E+02  0.1521384E+02  0.1060112E+02
  0.5290278E+02  0.1106170E+02  0.1576910E+02
  0.3341695E+02  0.1626105E+02  0.2028678E+02
  0.1498804E+02  0.2133737E+02  0.8106016E-01
  0.2559669E+02  0.1250506E+02  0.6322809E+00
  0.2447296E+02  0.7056194E+01  0.1965045E+02
  0.1738247E+02  0.1269965E+02  0.4349809E+01
  0.2916569E+02  0.2154869E+02  0.2083536E+02
  0.3997971E+02  0.8901826E+01  0.1943562E+02
  0.3198526E+02  0.6016909E+01  0.1134850E+02
  0.3512535E+02  0.2084329E+01  0.1634711E+02
  0.2038301E+02  0.1071190E+02  0.3753901E+01
  0.3868779E+02  0.1978199E+02  0.2903724E+01
  0.1930829E+02  0.3362346E+01  0.1534656E+02
  0.1864732E+02  0.5431873E+01  0.5136875E+01
  0.3151299E+02  0.1605987E+02  0.4048578E+01
  0.2257151E+02  0.1350102E+02  0.1798137E+02
  0.3106787E+02  0.1396167E+02  0.1966436E+01
  0.2862025E+02  0.4615235E+01  0.4074860E+01
  0.2872812E+02  0.9536852E+01  0.1329891E+02
  0.2888777E+02  0.2114769E+02  0.7179399E+01
  0.4578744E+02  0.1856413E+01  0.5641212E+01
  0.1631853E+02  0.1521036E+02  0.8175374E+00
  0.1080740E+02  0.4254659E+01  0.1719321E+02
  0.4457562E+02  0.7015140E+01  0.1610508E+02
  0.2369515E+02  0.8521955E+01  0.2176281E+01
  0.3175458E+02  0.1612366E+02  0.9848472E+01
  0.4378510E+02  0.2056155E+02  0.2160811E+02
  0.3038028E+02  0.3071740E+01  0.1987686E+02
  0.1236562E+02  0.2160271E+02  0.1210428E+02
  0.4916027E+02  0.1703784E+02  0.4758864E+01
  0.4980283E+02  0.6403459E+01  0.1612528E+02
  0.3375900E+02  0.3063901E+01  0.1114380E+02
  0.4801805E+02  0.6279194E+01  0.2791105E+01
  0.4135805E+02  0.1526006E+02  0.1266757E+02
  0.5185768E+02  0.1204298E+01  0.7195014E+01
  0.2949427E+02  0.1386160E+02  0.1914311E+02
  0.5280241E+02  0.2168761E+02  0.1051573E+02
  0.5054969E+02  0.1979113E+02  0.1213236E+02
  0.4656115E+02  0.1559209E+02  0.1964988E+02
  0.5063020E+02  0.1443368E+02  0.2038321E+02
  0.5020972E+02  0.1999908E+02  0.1757469E+02
  0.4121549E+02  0.1556607E+00  0.1559256E+01
  0.4203217E+02  0.2162841E+01  0.1370687E+02
  0.3872777E+02  0.1809264E+01  0.1828993E+02
  0.3529052E+02  0.8949799E+01  0.2141176E+02
  0.4638909E+02  0.2681067E+01  0.1184139E+00
  0.5089463E+02  0.1987753E+02  0.4665692E+01
  0.5196382E+02  0.1538011E+02  0.3399857E+00
  0.5562831E+02  0.1339145E+02  0.1651012E+02
  0.4492640E+02  0.2158119E+02  0.2382149E+01
  0.4797698E+02  0.1503639E+02  0.1450708E+02
  0.5705896E+02  0.1139985E+01  0.1266294E+01
  0.5663923E+02  0.1988705E+02  0.4255833E+01
  0.5035667E+02  0.1506400E+02  0.2059891E+01
  0.5548667E+02  0.2144003E+02  0.2710209E+01
  0.5835115E+02  0.2491564E+01  0.2674345E+01
  0.5807955E+02  0.2123520E+02  0.5343342E+01
  0.4719455E+02  0.4125187E+01  0.9193175E+01
  0.5930460E+02  0.2017517E+02  0.1277167E+01
  0.6221644E+02  0.1205493E+01  0.1171279E+01
  0.6196906E+02  0.2007509E+02  0.3890214E+01
  0.5959243E+02  0.1340288E+01  0.4233953E+01
  0.6057407E+02  0.2159038E+02  0.2567451E+01
  0.6339802E+02  0.2510834E+01  0.2707621E+01
  0.6351864E+02  0.2148449E+02  0.5048533E+01
  0.6114608E+02  0.2684054E+01  0.5781827E+01
  0.4890454E+02  0.7451300E+01  0.1964788E+02
  0.3180073E+02  0.1500846E+02  0.1688573E+02
  0.4334120E+02  0.1578371E+02  0.2096136E+02
  0.4498337E+02  0.2168833E+02  0.1729308E+02
  0.5356569E+02  0.2014041E+02  0.1574105E+01
  0.4392591E+02  0.2082018E+01  0.7314821E+01
  0.4817014E+02  0.2156439E+02  0.2659221E+01
  0.2985218E+02  0.1257392E+00  0.1586713E+02
  0.4998573E+02  0.3421190E+00  0.3770357E+01
  0.5395249E+02  0.6709531E+01  0.3958417E+01
  0.3386901E+02  0.2026693E+02  0.1664772E+02
  0.3904406E+02  0.1900673E+02  0.1948549E+02
  0.4857752E+02  0.1939846E+02  0.4546363E+01
  0.5335459E+02  0.1348265E+02  0.5082521E+01
  0.4386184E+02  0.1170951E+02  0.1816282E+02
  0.5326269E+02  0.1381405E+02  0.1483877E+02
  0.5153740E+02  0.6518436E+00  0.1527671E+02
  0.5714293E+02  0.6435528E+01  0.1421094E+01
  0.5692046E+02  0.3952881E+01  0.4061155E+01
  0.5409307E+02  0.1185895E+02  0.2065844E+02
  0.5392170E+02  0.3343910E+01  0.2009643E+02
  0.5833936E+02  0.7770072E+01  0.2809308E+01
  0.5837403E+02  0.5262937E+01  0.5576031E+01
  0.5155167E+02  0.3787343E+01  0.3956666E+01
  0.5990785E+02  0.4059431E+01  0.1485273E+01
  0.6253471E+02  0.6402445E+01  0.1279619E+01
  0.6240685E+02  0.3800109E+01  0.4344175E+01
  0.5985247E+02  0.6423302E+01  0.4140822E+01
  0.6121142E+02  0.5302017E+01  0.2863409E+01
  0.6374506E+02  0.7884758E+01  0.2538252E+01
  0.6403396E+02  0.4983096E+01  0.5534097E+01
  0.6124191E+02  0.8004427E+01  0.5356626E+01
  0.4898173E+02  0.1804804E+02  0.1268697E+02
  0.4170946E+02  0.1198008E+02  0.1921497E+02
  0.4992206E+02  0.1490248E+01  0.8443218E+01
  0.4885336E+02  0.4051460E+01  0.1827559E+02
  0.3907509E+02  0.7028814E+00  0.2635733E+01
  0.5276381E+02  0.2143418E+02  0.5685926E+01
  0.3634784E+02  0.3132525E+01  0.1597428E+01
  0.2416714E+02  0.1203826E+02  0.1968798E+02
  0.5374907E+02  0.6825799E+01  0.1955609E+02
  0.5484662E+02  0.1188583E+02  0.1486998E+02
  0.4768292E+02  0.5884888E+00  0.8800812E+01
  0.3453549E+02  0.1741025E+02  0.1093494E+02
  0.5281985E+02  0.7429374E+01  0.1134832E+02
  0.5374705E+02  0.1039241E+02  0.2701189E+01
  0.4958472E+02  0.1930370E+00  0.1244328E+02
  0.5334631E+02  0.2108955E+02  0.1660965E+02
  0.5239517E+02  0.8129145E+01  0.2757780E+01
  0.5677570E+02  0.1213578E+02  0.1737022E+01
  0.5704450E+02  0.9158068E+01  0.4284854E+01
  0.4011911E+02  0.2836942E+01  0.2616974E+01
  0.5585506E+02  0.1016629E+02  0.2642321E+01
  0.5819610E+02  0.1345547E+02  0.2830190E+01
  0.5817171E+02  0.1090063E+02  0.5326769E+01
  0.5559736E+02  0.1398874E+02  0.5992095E+01
  0.5961449E+02  0.9098559E+01  0.1171348E+01
  0.6231552E+02  0.1201405E+02  0.1228872E+01
  0.6244824E+02  0.9413300E+01  0.3775912E+01
  0.5958277E+02  0.1204596E+02  0.3886656E+01
  0.6096157E+02  0.1055742E+02  0.2439080E+01
  0.6362852E+02  0.1329507E+02  0.2612053E+01
  0.6365425E+02  0.1063555E+02  0.5259125E+01
  0.6086944E+02  0.1329554E+02  0.5231552E+01
  0.4213285E+02  0.9734642E+01  0.2010452E+02
  0.5047108E+02  0.1144772E+02  0.1131792E+01
  0.4461472E+02  0.1774876E+02  0.2141714E+02
  0.4625296E+02  0.7646377E+01  0.1769742E+02
  0.4012590E+02  0.4857712E+00  0.6815018E+01
  0.3982035E+02  0.1638861E+02  0.2020207E+02
  0.3535390E+02  0.1278563E+02  0.4547520E+00
  0.4654330E+02  0.1823180E+01  0.3189594E+01
  0.5235128E+02  0.1186993E+02  0.8424444E+01
  0.4633071E+02  0.1794525E+02  0.8734682E+01
  0.4570986E+02  0.1466891E+02  0.1378566E+02
  0.4538850E+02  0.6936077E+01  0.7979994E+01
  0.3804156E+02  0.7120973E+01  0.5320583E+01
  0.5074832E+02  0.6091657E+01  0.3394442E+01
  0.2033317E+02  0.2023202E+02  0.1113912E+02
  0.3783467E+02  0.5541718E+00  0.7641186E+01
  0.5263529E+02  0.1063764E+02  0.5783463E+00
  0.5647897E+02  0.1728795E+02  0.1142706E+01
  0.5675222E+02  0.1488183E+02  0.3993607E+01
  0.4987955E+02  0.1630751E+02  0.1890923E+02
  0.5500739E+02  0.1594086E+02  0.2476106E+01
  0.5789628E+02  0.1866175E+02  0.2487011E+01
  0.5821060E+02  0.1619013E+02  0.5480120E+01
  0.5434595E+02  0.1179186E+02  0.9805477E+01
  0.5953742E+02  0.1457865E+02  0.1191027E+01
  0.6225416E+02  0.1741482E+02  0.1203530E+01
  0.6215414E+02  0.1453606E+02  0.3762447E+01
  0.5940183E+02  0.1736879E+02  0.3770640E+01
  0.6084260E+02  0.1603375E+02  0.2430891E+01
  0.6376786E+02  0.1878461E+02  0.2623063E+01
  0.6349700E+02  0.1590698E+02  0.5299598E+01
  0.6068719E+02  0.1850129E+02  0.5144214E+01
  0.5377006E+02  0.9032487E+01  0.1272951E+02
  0.5067630E+02  0.1371049E+02  0.8928129E+01
  0.4616005E+02  0.2028111E+01  0.1004344E+02
  0.4361672E+02  0.4373255E+01  0.4089526E+00
  0.4376107E+02  0.1259480E+02  0.2135737E+01
  0.4710057E+02  0.1956587E+02  0.1759751E+02
  0.4040301E+02  0.1330274E+02  0.4795523E+00
  0.5267195E+02  0.1260052E+02  0.2929490E+01
  0.4158302E+02  0.5408554E+01  0.9846152E+01
  0.3995373E+02  0.2168882E+02  0.1021051E+02
  0.4720522E+02  0.1601581E+02  0.3967089E+01
  0.5152426E+02  0.2142178E+02  0.1976462E+02
  0.4945933E+02  0.2011989E+02  0.1981034E+02
  0.5262316E+02  0.1146845E+02  0.6046086E+01
  0.5413732E+02  0.1458571E+02  0.1276555E+02
  0.5460835E+02  0.3648382E+01  0.1235776E+02
  0.5163124E+02  0.1774456E+02  0.5647003E-01
  0.5685614E+02  0.1080385E+01  0.6604324E+01
  0.5700736E+02  0.2016315E+02  0.9500711E+01
  0.4701180E+02  0.1216975E+02  0.2112924E+02
  0.3113610E+02  0.1236019E+02  0.2038820E+02
  0.5829496E+02  0.2305080E+01  0.8055154E+01
  0.5849283E+02  0.2147525E+02  0.1103920E+02
  0.5535699E+02  0.1864798E+02  0.5588829E+01
  0.5940517E+02  0.1975527E+02  0.6561798E+01
  0.6231640E+02  0.8081381E+00  0.6831849E+01
  0.6218774E+02  0.1996335E+02  0.9388271E+01
  0.5955889E+02  0.7903265E+00  0.9436834E+01
  0.6069376E+02  0.2122589E+02  0.7743232E+01
  0.6380903E+02  0.2226357E+01  0.8012852E+01
  0.6372751E+02  0.2136247E+02  0.1068483E+02
  0.6101609E+02  0.2338350E+01  0.1065944E+02
  0.4651274E+02  0.2105601E+02  0.1554217E+02
  0.4920934E+02  0.7787903E+01  0.4475785E+01
  0.5035272E+02  0.1278291E+02  0.3016431E+01
  0.3790227E+02  0.1508246E+02  0.2024413E+02
  0.4730533E+02  0.1373422E+02  0.4775824E+01
  0.3116565E+02  0.4271534E+01  0.3572449E+01
  0.3221812E+02  0.8446526E+01  0.5435585E+01
  0.5010096E+02  0.1823008E+02  0.1581500E+02
  0.3501141E+02  0.2012100E+02  0.4248643E+01
  0.5568901E+02  0.2159235E+02  0.8152287E+01
  0.5456696E+02  0.1111443E+01  0.9593146E+01
  0.4499275E+02  0.1686505E+02  0.1099735E+02
  0.4134972E+02  0.4388185E+01  0.1394086E+02
  0.4172801E+02  0.1263827E+02  0.5583030E+01
  0.5235088E+02  0.1881588E+02  0.3183018E+01
  0.4682863E+02  0.3273887E+01  0.1785295E+02
  0.4338043E+02  0.7515362E+01  0.1012459E+02
  0.5673599E+02  0.6674843E+01  0.6552547E+01
  0.5704186E+02  0.4091788E+01  0.9393807E+01
  0.5563793E+02  0.8380009E+01  0.1063047E+02
  0.4969183E+02  0.3997880E+01  0.1592286E+02
  0.5816225E+02  0.8031866E+01  0.7780222E+01
  0.5827274E+02  0.5385241E+01  0.1084744E+02
  0.5405256E+02  0.9710543E+01  0.6693846E+01
  0.5970151E+02  0.3821944E+01  0.6760210E+01
  0.6258538E+02  0.6485161E+01  0.6703474E+01
  0.6232214E+02  0.3789351E+01  0.9418787E+01
  0.5957819E+02  0.6709831E+01  0.9290394E+01
  0.6101987E+02  0.5323195E+01  0.8052769E+01
  0.6376928E+02  0.7822615E+01  0.8210149E+01
  0.6380102E+02  0.5175270E+01  0.1093728E+02
  0.6115313E+02  0.8001379E+01  0.1048375E+02
  0.3025759E+02  0.2145354E+02  0.2935801E+01
  0.4999161E+02  0.7895602E+01  0.2788344E+00
  0.4380074E+02  0.1062553E+02  0.1449040E+02
  0.4684889E+02  0.6186575E+01  0.2165130E+02
  0.4702387E+02  0.5855183E+01  0.1917977E+02
  0.4769984E+02  0.1607289E+02  0.9217235E+01
  0.4335066E+02  0.9158642E+01  0.1613382E+02
  0.4865831E+02  0.2087324E+02  0.3702840E+00
  0.3580809E+02  0.1600878E+02  0.2026523E+02
  0.5540036E+02  0.5291958E+01  0.2697824E+01
  0.4592763E+02  0.5694425E+01  0.1009474E+02
  0.5395863E+02  0.1723907E+02  0.4010471E+01
  0.3940270E+02  0.8913014E+01  0.1008373E+01
  0.2956946E+02  0.9216850E+01  0.9689760E+01
  0.3687912E+02  0.1963103E+02  0.1851165E+02
  0.5270452E+02  0.5209759E+01  0.5471643E+01
  0.4671389E+02  0.2143244E+02  0.6801935E+01
  0.5691864E+02  0.1238213E+02  0.6789516E+01
  0.5699858E+02  0.9538642E+01  0.9402418E+01
  0.4371746E+02  0.4765739E+01  0.1010515E+02
  0.5554181E+02  0.1096000E+02  0.7986433E+01
  0.5792209E+02  0.1376537E+02  0.8221466E+01
  0.5825042E+02  0.1079262E+02  0.1073672E+02
  0.5496780E+02  0.1591501E+02  0.7797204E+01
  0.5961021E+02  0.9530823E+01  0.6412227E+01
  0.6251451E+02  0.1207947E+02  0.6608644E+01
  0.6241210E+02  0.9399100E+01  0.9426825E+01
  0.5942978E+02  0.1222689E+02  0.9362784E+01
  0.6091785E+02  0.1086598E+02  0.8060419E+01
  0.6369213E+02  0.1343555E+02  0.7822977E+01
  0.6365363E+02  0.1072926E+02  0.1092590E+02
  0.6118202E+02  0.1348436E+02  0.1066827E+02
  0.4612459E+02  0.1926379E+02  0.1108669E+02
  0.4765493E+02  0.6126182E+01  0.7387845E+01
  0.3841739E+02  0.4987101E+01  0.1116298E+02
  0.4840000E+02  0.1612950E+01  0.2092731E+02
  0.1927445E+02  0.7626029E+01  0.4226723E+01
  0.4902480E+02  0.7195393E+01  0.1149193E+02
  0.3154556E+02  0.6815117E+01  0.1561880E+02
  0.3980435E+02  0.7416262E+00  0.1992843E+02
  0.3732682E+02  0.8063011E+01  0.3288983E+01
  0.5071498E+02  0.1051253E+02  0.1082992E+02
  0.4939763E+02  0.3895812E+01  0.2064168E+02
  0.5218231E+02  0.1337715E+02  0.1183778E+02
  0.4703386E+02  0.9940876E+01  0.5792001E+01
  0.4354777E+02  0.1982727E+02  0.6453361E+01
  0.4573351E+02  0.3853964E+01  0.2202673E+01
  0.4543326E+02  0.4410342E+01  0.2057657E+02
  0.5418944E+02  0.4019073E+01  0.6791639E+01
  0.5658822E+02  0.1724298E+02  0.6770835E+01
  0.5658312E+02  0.1505689E+02  0.9363739E+01
  0.5320899E+02  0.1568951E+02  0.9329840E+01
  0.3990273E+02  0.2949278E+01  0.2084524E+02
  0.5798999E+02  0.1862781E+02  0.8020392E+01
  0.5810618E+02  0.1624050E+02  0.1077902E+02
  0.5523203E+02  0.1931465E+02  0.1123172E+02
  0.5954739E+02  0.1467066E+02  0.6649288E+01
  0.6214259E+02  0.1725375E+02  0.6765437E+01
  0.6235074E+02  0.1478992E+02  0.9463502E+01
  0.5958502E+02  0.1723184E+02  0.9105368E+01
  0.6089713E+02  0.1579183E+02  0.8093907E+01
  0.6353675E+02  0.1850933E+02  0.8089375E+01
  0.6368552E+02  0.1615074E+02  0.1093017E+02
  0.6064635E+02  0.1871288E+02  0.1063355E+02
  0.5080685E+02  0.1225239E+02  0.1685097E+02
  0.2442996E+02  0.1890411E+02  0.6770022E+01
  0.4159662E+02  0.9243058E+01  0.9728983E+01
  0.3945598E+02  0.6585790E+01  0.1924760E+02
  0.5350170E+02  0.1771442E+02  0.2024577E+02
  0.4649966E+02  0.1491250E+02  0.7404459E+01
  0.4441507E+02  0.8111594E+01  0.1919384E+02
  0.4944931E+02  0.2017302E+02  0.7748785E+01
  0.4379748E+02  0.1166582E+02  0.6552263E+01
  0.4269344E+02  0.1354349E+02  0.1154406E+02
  0.4340203E+02  0.1427073E+02  0.6356774E+01
  0.5249893E+02  0.8378902E+01  0.8159045E+01
  0.4396568E+02  0.2787594E+01  0.4349319E+01
  0.5360490E+02  0.1812979E+02  0.1002128E+02
  0.5602152E+02  0.2485408E+01  0.1091610E+02
  0.4295140E+02  0.7284395E+01  0.3978535E+01
  0.5566224E+02  0.2747741E+00  0.1367932E+02
  0.5716804E+02  0.9167568E+00  0.1232896E+02
  0.5681621E+02  0.2030365E+02  0.1509954E+02
  0.4682070E+02  0.5312115E+01  0.1354001E+02
  0.5291371E+02  0.1945396E+02  0.1401658E+02
  0.5846790E+02  0.2431282E+01  0.1339480E+02
  0.5802612E+02  0.2154859E+02  0.1645217E+02
  0.5422434E+02  0.1946539E+01  0.1422077E+02
  0.5972111E+02  0.2013056E+02  0.1230950E+02
  0.6241653E+02  0.9186364E+00  0.1200124E+02
  0.6257385E+02  0.2007903E+02  0.1488777E+02
  0.5967212E+02  0.1097906E+01  0.1491672E+02
  0.6121320E+02  0.2144944E+02  0.1348091E+02
  0.6372158E+02  0.2373894E+01  0.1348704E+02
  0.6365537E+02  0.2145984E+02  0.1645990E+02
  0.6100756E+02  0.2318867E+01  0.1621952E+02
  0.3271725E+02  0.1969899E+02  0.2422100E+01
  0.4149331E+02  0.2414672E+01  0.7012746E+01
  0.5236215E+02  0.1796123E+02  0.1217172E+02
  0.4495988E+02  0.4317594E+01  0.1717093E+02
  0.4263767E+02  0.7071375E+01  0.3792806E+00
  0.4916303E+02  0.4542568E+01  0.1383281E+02
  0.3848147E+02  0.1778742E+02  0.5377910E-01
  0.3455808E+02  0.6339153E+01  0.1398595E+02
  0.4507307E+02  0.7995590E+01  0.3350483E+01
  0.5157176E+02  0.6678039E+01  0.6923570E+01
  0.4569846E+02  0.2108058E+02  0.1340398E+02
  0.3683234E+02  0.1791793E+02  0.6108789E+01
  0.5547186E+02  0.5366084E+01  0.8149591E+01
  0.5110564E+02  0.5394255E+01  0.9154670E+01
  0.4726923E+02  0.1841202E+01  0.1605607E+02
  0.4653254E+02  0.1428098E+02  0.4713828E-01
  0.4515945E+02  0.1298181E+02  0.7907597E+01
  0.5693285E+02  0.6886386E+01  0.1227867E+02
  0.5710929E+02  0.3902037E+01  0.1489680E+02
  0.4663813E+02  0.1287737E+02  0.1084444E+02
  0.5588433E+02  0.5120865E+01  0.1361613E+02
  0.5861350E+02  0.7981773E+01  0.1347877E+02
  0.5820556E+02  0.5567668E+01  0.1589746E+02
  0.5425654E+02  0.6335426E+01  0.1490419E+02
  0.5972648E+02  0.3695977E+01  0.1211231E+02
  0.6223404E+02  0.6361198E+01  0.1194427E+02
  0.6232504E+02  0.3800426E+01  0.1474280E+02
  0.5976660E+02  0.6443082E+01  0.1459900E+02
  0.6105141E+02  0.5064699E+01  0.1332474E+02
  0.6345652E+02  0.7911068E+01  0.1351596E+02
  0.6369218E+02  0.5051104E+01  0.1633516E+02
  0.6091849E+02  0.7962000E+01  0.1609886E+02
  0.3588768E+02  0.1986246E+02  0.2060052E+02
  0.4101584E+02  0.2086998E+02  0.8249732E+01
  0.4429191E+02  0.6138924E+01  0.1303068E+02
  0.4338788E+02  0.1738304E+02  0.5744886E+01
  0.5688751E+02  0.1177996E+02  0.1774631E+02
  0.3287874E+02  0.1306808E+02  0.1566341E+02
  0.4947090E+02  0.2504836E+01  0.1253851E+02
  0.3198505E+02  0.1069668E+02  0.5024279E+01
  0.4495756E+02  0.1711735E+02  0.3918020E+01
  0.2232268E+02  0.1324645E+02  0.6263903E+01
  0.3592513E+02  0.4338541E+01  0.1681772E+02
  0.4154417E+02  0.9168496E+01  0.3187442E+01
  0.3921927E+02  0.1489205E+02  0.1391778E+02
  0.3718558E+02  0.1612907E+02  0.4099768E+01
  0.5539111E+02  0.8275037E+01  0.1587544E+02
  0.5559554E+02  0.1651336E+02  0.1365359E+02
  0.4437746E+02  0.3788836E+01  0.1234767E+02
  0.5702797E+02  0.1203365E+02  0.1207122E+02
  0.5687397E+02  0.9297087E+01  0.1466440E+02
  0.4949616E+02  0.1762410E+02  0.7097153E+01
  0.4031678E+02  0.7752127E+01  0.1226878E+02
  0.5937512E+02  0.1200567E+02  0.1460906E+02
  0.5575312E+02  0.1038144E+02  0.1309780E+02
  0.5260442E+02  0.1338966E+02  0.1921385E+02
  0.5983778E+02  0.9357054E+01  0.1192641E+02
  0.6241610E+02  0.1226783E+02  0.1202121E+02
  0.6221500E+02  0.9416396E+01  0.1476326E+02
  0.5797024E+02  0.1062358E+02  0.1598911E+02
  0.6099032E+02  0.1093113E+02  0.1336691E+02
  0.6340090E+02  0.1339894E+02  0.1372882E+02
  0.6359984E+02  0.1056511E+02  0.1617162E+02
  0.6084081E+02  0.1329972E+02  0.1605207E+02
  0.2827584E+02  0.3234204E+01  0.9019479E+01
  0.4753849E+02  0.1910145E+02  0.6729836E+01
  0.3678622E+02  0.1171145E+02  0.4100207E+01
  0.4801772E+02  0.1427665E+02  0.1848964E+02
  0.3901708E+02  0.8570146E+01  0.1028172E+02
  0.5283191E+02  0.2335834E+01  0.2578592E+01
  0.4316881E+02  0.5015274E+01  0.1507548E+02
  0.5229655E+02  0.1583362E+02  0.4870414E+01
  0.3851197E+02  0.8039364E+01  0.1377505E+02
  0.5514761E+02  0.8128029E+01  0.5239554E+01
  0.5089873E+02  0.1416227E+02  0.1509428E+02
  0.4554140E+02  0.1958736E+02  0.2025488E+02
  0.5230544E+02  0.9199984E+01  0.1448208E+02
  0.3357775E+02  0.1081703E+01  0.1388580E+02
  0.5063872E+02  0.1667695E+01  0.1623900E+01
  0.3085907E+02  0.7533779E+00  0.8385110E+00
  0.4936472E+02  0.7862150E+01  0.6890328E+01
  0.5690774E+02  0.1780941E+02  0.1213009E+02
  0.5683005E+02  0.1504786E+02  0.1496150E+02
  0.4777390E+02  0.4065053E+01  0.3644820E+01
  0.5540297E+02  0.1358371E+02  0.1087714E+02
  0.5817041E+02  0.1907677E+02  0.1377974E+02
  0.5817595E+02  0.1599092E+02  0.1678594E+02
  0.5583554E+02  0.1894581E+02  0.1681163E+02
  0.5972222E+02  0.1486490E+02  0.1199334E+02
  0.6201070E+02  0.1745626E+02  0.1201305E+02
  0.6234971E+02  0.1488627E+02  0.1521438E+02
  0.5938863E+02  0.1747490E+02  0.1531579E+02
  0.6083322E+02  0.1628868E+02  0.1377220E+02
  0.6350488E+02  0.1839910E+02  0.1369111E+02
  0.6361645E+02  0.1619766E+02  0.1645016E+02
  0.6117692E+02  0.1873284E+02  0.1653474E+02
  0.4161694E+02  0.3791778E+01  0.4132058E+01
  0.3869192E+02  0.1367265E+02  0.2172954E+01
  0.5203570E+02  0.8308753E+01  0.1828586E+02
  0.5196983E+02  0.3436053E+01  0.1015317E+02
  0.5026858E+02  0.1236172E+02  0.1338866E+02
  0.4526893E+02  0.9239461E+01  0.2100812E+02
  0.5542396E+02  0.2516674E+01  0.5191301E+01
  0.5058936E+02  0.1153689E+02  0.1937945E+02
  0.4897193E+02  0.9660762E+01  0.1536914E+01
  0.3994007E+02  0.4243997E+01  0.5864172E+01
  0.4944777E+02  0.3744489E+01  0.8304121E+01
  0.5267630E+02  0.1990892E+02  0.8843538E+01
  0.5080855E+02  0.1110388E+02  0.4749283E+01
  0.5343975E+02  0.1801722E+01  0.1662361E+02
  0.5431277E+02  0.2004981E+02  0.6955468E+01
  0.4355229E+02  0.1799794E+02  0.1264517E+02
  0.5219045E+02  0.1896913E+02  0.1692205E+02
  0.5670156E+02  0.1423514E+01  0.1765213E+02
  0.5648095E+02  0.2015405E+02  0.2051963E+02
  0.4784781E+02  0.2300542E+00  0.1921127E+02
  0.5555800E+02  0.5582368E+00  0.1951041E+02
  0.5811260E+02  0.2667702E+01  0.1880608E+02
  0.5823463E+02  0.2146305E+02  0.2134527E+02
  0.5574729E+02  0.2273135E+01  0.2125271E+02
  0.5937411E+02  0.2022299E+02  0.1764269E+02
  0.6236562E+02  0.1058228E+01  0.1803191E+02
  0.6190040E+02  0.2032216E+02  0.2034164E+02
  0.5965007E+02  0.1426963E+01  0.2012037E+02
  0.6082766E+02  0.2131466E+02  0.1904536E+02
  0.6343321E+02  0.2680921E+01  0.1909521E+02
  0.6348067E+02  0.2133882E+02  0.3981417E-02
  0.6097653E+02  0.2822623E+01  0.4210460E-01
  0.1896513E+02  0.3331316E+01  0.4256195E+01
  0.4500252E+02  0.2140513E+02  0.1136422E+02
  0.3634908E+02  0.2081929E+02  0.2427236E+01
  0.5078742E+02  0.1004412E+02  0.8407006E+01
  0.5458470E+02  0.3355112E+01  0.1295779E+01
  0.2781139E+02  0.1682688E+02  0.4087586E+01
  0.4500021E+02  0.1438958E+02  0.1161252E+02
  0.4692743E+02  0.1910951E+02  0.6398859E+00
  0.4876693E+02  0.1153584E+02  0.1182582E+02
  0.5235291E+02  0.4240335E+01  0.1831010E+02
  0.5155509E+02  0.2129614E+02  0.6532183E+00
  0.5329681E+02  0.2463913E+01  0.8376141E+01
  0.4305523E+02  0.1353662E+02  0.1617612E+02
  0.4689411E+02  0.8051805E+01  0.1389849E+02
  0.4173850E+02  0.1546882E+02  0.1504926E+02
  0.4991374E+02  0.1795001E+02  0.2043860E+02
  0.5225373E+02  0.3757834E+01  0.1599435E+02
  0.5685000E+02  0.6929492E+01  0.1749273E+02
  0.5665493E+02  0.3929014E+01  0.2014919E+02
  0.5081492E+02  0.1876442E+01  0.2063871E+02
  0.5551634E+02  0.5372443E+01  0.1875101E+02
  0.5837238E+02  0.8068376E+01  0.1913073E+02
  0.5833481E+02  0.5053227E+01  0.2151702E+02
  0.5585744E+02  0.8572886E+01  0.9259654E+00
  0.5953644E+02  0.4151927E+01  0.1739985E+02
  0.6230312E+02  0.6734549E+01  0.1740681E+02
  0.6206809E+02  0.4101891E+01  0.2018398E+02
  0.5941658E+02  0.6441068E+01  0.2026044E+02
  0.6099309E+02  0.5443031E+01  0.1882329E+02
  0.6354658E+02  0.8105601E+01  0.1908780E+02
  0.6379214E+02  0.5081117E+01  0.2148503E+02
  0.6086342E+02  0.7611195E+01  0.3462736E-01
  0.4239686E+02  0.2237068E+01  0.9639612E+00
  0.4033295E+02  0.4268024E+01  0.1700693E+02
  0.5085927E+02  0.1693918E+02  0.3147075E+01
  0.4619077E+02  0.1057230E+02  0.1164426E+02
  0.4752596E+02  0.1282286E+02  0.7017384E+01
  0.3984392E+02  0.1471027E+02  0.8555006E+01
  0.2341550E+02  0.4210855E+00  0.9135460E+01
  0.4255698E+02  0.1999720E+02  0.1877816E+02
  0.4934686E+02  0.4972253E+00  0.1718194E+02
  0.4793916E+02  0.9408154E+01  0.1030263E+02
  0.2620270E+02  0.4310808E+01  0.1367310E+02
  0.3129374E+02  0.4188788E+00  0.9954085E+01
  0.4710746E+02  0.1057275E+02  0.8322893E+01
  0.4015607E+02  0.1238023E+02  0.7539713E+01
  0.5416749E+02  0.1104879E+01  0.3973469E+01
  0.4785553E+02  0.1560271E+02  0.1515178E+01
  0.4163497E+02  0.5732324E+01  0.2594966E+01
  0.5819018E+02  0.1380207E+02  0.1332461E+02
  0.5690389E+02  0.9279670E+01  0.2048093E+02
  0.4579139E+02  0.1153685E+02  0.4572030E+01
  0.5530123E+02  0.1040962E+02  0.1913492E+02
  0.5821576E+02  0.1309299E+02  0.1918966E+02
  0.5816187E+02  0.1076201E+02  0.1739564E+00
  0.5523048E+02  0.1341199E+02  0.2388747E+00
  0.5938493E+02  0.9253217E+01  0.1750570E+02
  0.6210837E+02  0.1184122E+02  0.1755953E+02
  0.6201338E+02  0.9086865E+01  0.2053941E+02
  0.5954155E+02  0.1185101E+02  0.2040301E+02
  0.6083562E+02  0.1040100E+02  0.1906631E+02
  0.6349996E+02  0.1327572E+02  0.1898151E+02
  0.6351718E+02  0.1061888E+02  0.2165399E+02
  0.6097422E+02  0.1342514E+02  0.2154419E+02
  0.5002030E+02  0.1642657E+02  0.1404083E+02
  0.5268056E+02  0.4855211E+01  0.1193155E+02
  0.5378659E+02  0.7829047E+01  0.4296337E-01
  0.4484305E+02  0.1943355E+02  0.1800064E+02
  0.3421557E+02  0.6550229E+01  0.3381779E+01
  0.5421534E+02  0.1469263E+02  0.1802714E+02
  0.4118874E+02  0.1995780E+02  0.1352704E+02
  0.4449584E+02  0.1083360E+01  0.2463906E+00
  0.4679088E+02  0.1101469E+02  0.1638870E+02
  0.5342533E+02  0.1420455E+02  0.1679086E+01
  0.5380528E+02  0.9761149E+01  0.1737551E+02
  0.4327633E+02  0.1617883E+01  0.1194569E+02
  0.5371491E+02  0.2098800E+02  0.1927086E+02
  0.4790984E+02  0.7597532E+01  0.1612625E+02
  0.4473535E+02  0.2112167E+01  0.1591253E+02
  0.4116471E+02  0.1979389E+01  0.1070410E+02
  0.5670274E+02  0.1453964E+02  0.2046159E+02
  0.5664277E+02  0.1715623E+02  0.1809948E+02
  0.5512006E+02  0.1617436E+02  0.1946261E+02
  0.4968142E+02  0.1962480E+02  0.9846211E+01
  0.5126621E+02  0.6344223E+01  0.1908136E+02
  0.5778639E+02  0.1889139E+02  0.1905194E+02
  0.5808107E+02  0.1600564E+02  0.2167605E+02
  0.5500188E+02  0.1880632E+02  0.2170046E+02
  0.5942540E+02  0.1442399E+02  0.1788197E+02
  0.6226124E+02  0.1722299E+02  0.1826771E+02
  0.6234525E+02  0.1491003E+02  0.2025142E+02
  0.5931602E+02  0.1772746E+02  0.2034896E+02
  0.6044156E+02  0.1589037E+02  0.1928141E+02
  0.6365608E+02  0.1888228E+02  0.1920972E+02
  0.6372132E+02  0.1607485E+02  0.2164566E+02
  0.6084334E+02  0.1885658E+02  0.2161522E+02
