         
  0.6515772E+02  0.0000000E+00  0.2171924E+02
  0.0000000E+00  0.0000000E+00  0.2171924E+02
Si  0.1461700E+00  0.1903856E+02  0.2069199E+02
Si  0.3119714E+01  0.2453281E+00  0.2049264E+02
Si  0.2756266E+01  0.1917869E+02  0.1580829E+01
Si  0.3263332E+00  0.1219008E+00  0.1342970E+01
Si  0.1620988E+01  0.2060899E+02  0.4130889E-01
Si  0.4318854E+01  0.1313011E+01  0.2683108E+00
Si  0.4298572E+01  0.2039017E+02  0.3019715E+01
Si  0.1539111E+01  0.1362067E+01  0.2773444E+01
Si  0.5348140E+01  0.1921611E+02  0.2053175E+02
Si  0.8075783E+01  0.5219687E+00  0.2085876E+02
Si  0.8030930E+01  0.1919786E+02  0.1393691E+01
Si  0.5756043E+01  0.1581791E+00  0.1786880E+01
Si  0.6730618E+01  0.2065924E+02  0.2123952E+00
Si  0.9681280E+01  0.1534163E+01  0.2009209E+00
Si  0.1033914E+02  0.1518608E+00  0.6081078E+01
Si  0.7352365E+01  0.1270888E+01  0.3322855E+01
Si  0.1235894E+02  0.2070677E+02  0.1634561E+02
Si  0.1864692E+02  0.8842341E+01  0.5321344E+01
Si  0.2046808E+02  0.2558267E+01  0.2048981E+02
Si  0.1207756E+02  0.2748734E+01  0.1894445E+02
Si  0.1249262E+02  0.4069674E+00  0.7009485E+00
Si  0.2739165E+02  0.1229668E+02  0.3949684E+01
Si  0.1593152E+02  0.1730457E+02  0.3708624E+01
Si  0.1648111E+02  0.4744874E+01  0.1847309E+02
Si  0.1997808E+02  0.1421281E+02  0.3365290E+01
Si  0.1537010E+02  0.7772194E+01  0.5248451E+01
Si  0.2497325E+02  0.1947720E+01  0.1542990E+02
Si  0.1333933E+02  0.2291110E+01  0.2116033E+02
Si  0.2090686E+02  0.2073645E+02  0.7035050E+01
Si  0.2161368E+02  0.3081211E+01  0.9489994E+01
Si  0.1039345E+02  0.1900695E+02  0.2037579E+02
Si  0.2447212E+02  0.3938881E+01  0.1163871E+02
Si  0.1918451E+00  0.2995656E+01  0.2062712E+02
Si  0.2566833E+01  0.5570404E+01  0.2049096E+02
Si  0.2803171E+01  0.2697065E+01  0.1406412E+01
Si  0.3013300E+00  0.5739805E+01  0.1428705E+01
Si  0.1645339E+01  0.4378765E+01  0.1224530E+00
Si  0.4004483E+01  0.7007052E+01  0.2382059E+00
Si  0.4389023E+01  0.4050834E+01  0.2645091E+01
Si  0.1640408E+01  0.6949238E+01  0.2836400E+01
Si  0.5485389E+01  0.3051361E+01  0.2082122E+02
Si  0.7980002E+01  0.6042589E+01  0.2085699E+02
Si  0.8294666E+01  0.2812300E+01  0.1795671E+01
Si  0.5482765E+01  0.5890328E+01  0.1324829E+01
Si  0.6882453E+01  0.4210926E+01  0.2971618E+00
Si  0.9825550E+01  0.6595811E+01  0.5355656E+00
Si  0.9337046E+01  0.4464632E+01  0.3298366E+01
Si  0.6738643E+01  0.7567741E+01  0.2037279E+01
Si  0.1653679E+02  0.8951645E+01  0.1739499E+01
Si  0.2486679E+02  0.6955983E+01  0.1659880E+02
Si  0.2717113E+02  0.1360541E+02  0.1277855E+02
Si  0.1175241E+02  0.8206819E+01  0.5872123E+01
Si  0.1542746E+02  0.1124405E+02  0.1775346E+01
Si  0.1335331E+02  0.7185250E+01  0.2281980E+01
Si  0.2184143E+02  0.6485009E+01  0.2034736E+02
Si  0.9046193E+01  0.1169030E+02  0.6655956E+01
Si  0.2168415E+02  0.1645831E+02  0.1928924E+02
Si  0.1820675E+02  0.1255170E+02  0.3779673E+01
Si  0.1736590E+02  0.1467813E+02  0.9062756E+01
Si  0.1584886E+02  0.6849982E+01  0.1255699E+02
Si  0.2279962E+02  0.9677079E+01  0.6996125E+01
Si  0.2604461E+02  0.2072301E+02  0.1272363E+01
Si  0.2547859E+02  0.7290797E+01  0.1360701E+02
Si  0.1932945E+02  0.1651630E+02  0.2087894E+02
Si  0.6510149E+02  0.8465799E+01  0.2058408E+02
Si  0.2837041E+01  0.1101479E+02  0.2047860E+02
Si  0.2543921E+01  0.8662826E+01  0.1446906E+01
Si  0.6504382E+02  0.1123242E+02  0.1398825E+01
Si  0.1383042E+01  0.9929902E+01  0.2054491E+00
Si  0.4029787E+01  0.1242572E+02  0.2786699E-01
Si  0.4114916E+01  0.9607850E+01  0.2725294E+01
Si  0.1322605E+01  0.1224086E+02  0.2924790E+01
Si  0.5168653E+01  0.8308310E+01  0.2062233E+02
Si  0.7957848E+01  0.1093918E+02  0.2071451E+02
Si  0.1076475E+02  0.1065489E+02  0.8291698E+00
Si  0.5389025E+01  0.1093898E+02  0.1376889E+01
Si  0.6734518E+01  0.9361594E+01  0.3381033E+00
Si  0.9275519E+01  0.1246033E+02  0.2146677E+02
Si  0.1065484E+02  0.1183896E+02  0.3007049E+01
Si  0.6741911E+01  0.1248863E+02  0.2803346E+01
Si  0.1066290E+02  0.8527138E+01  0.2143879E+02
Si  0.1749907E+02  0.1901053E+02  0.2037649E+02
Si  0.1574522E+02  0.1079514E+02  0.1413672E+02
Si  0.1401581E+02  0.1204232E+02  0.3793228E+01
Si  0.1328698E+02  0.9842139E+01  0.6327201E+00
Si  0.2167564E+02  0.1631542E+02  0.2808237E+01
Si  0.1384020E+02  0.1859765E+01  0.3500863E+01
Si  0.2463522E+02  0.9441645E+01  0.8763808E+01
Si  0.1315172E+02  0.5140438E+01  0.1290038E+02
Si  0.2345112E+02  0.1883550E+01  0.1261860E+02
Si  0.2741425E+02  0.2168656E+02  0.3884711E+01
Si  0.2125417E+02  0.1132852E+02  0.7894392E+01
Si  0.2013070E+02  0.1294535E+02  0.1147326E+00
Si  0.3328534E+02  0.6055553E+01  0.1861153E+00
Si  0.4215396E+02  0.1644604E+02  0.9330846E+01
Si  0.3022635E+02  0.1039736E+02  0.2150214E+02
Si  0.3005007E+00  0.1361557E+02  0.2041192E+02
Si  0.2685047E+01  0.1640132E+02  0.2055494E+02
Si  0.2738634E+01  0.1372609E+02  0.1673826E+01
Si  0.6511727E+02  0.1649480E+02  0.1501494E+01
Si  0.1363645E+01  0.1494296E+02  0.1275135E+00
Si  0.4152791E+01  0.1788874E+02  0.2193831E+00
Si  0.3927503E+01  0.1522962E+02  0.3025657E+01
Si  0.1235375E+01  0.1792594E+02  0.2770821E+01
Si  0.5392714E+01  0.1366358E+02  0.2021519E+02
Si  0.7889627E+01  0.1628475E+02  0.2009876E+02
Si  0.8001693E+01  0.1375904E+02  0.1384242E+01
Si  0.5451654E+01  0.1637086E+02  0.1383323E+01
Si  0.6630183E+01  0.1495758E+02  0.2159806E+02
Si  0.8826870E+01  0.1767543E+02  0.1811760E-01
Si  0.1497604E+02  0.1971749E+02  0.2462864E+00
Si  0.6701969E+01  0.1773990E+02  0.2777839E+01
Si  0.1052067E+02  0.1525864E+02  0.2095023E+02
Si  0.1151887E+02  0.1822906E+02  0.1836758E+02
Si  0.1493679E+02  0.1798970E+02  0.1693946E+01
Si  0.1888735E+02  0.3837720E+01  0.2417259E-01
Si  0.1174356E+02  0.1976052E+02  0.3121138E+01
Si  0.1891710E+02  0.2423477E+01  0.6260465E+01
Si  0.1920096E+02  0.5359763E+01  0.9438908E+01
Si  0.1154617E+02  0.2977078E+01  0.3944146E+01
Si  0.2261448E+02  0.1229750E+02  0.2100257E+02
Si  0.1680561E+02  0.7001421E+01  0.7092578E+01
Si  0.2908450E+02  0.1954661E+02  0.7573933E+01
Si  0.1832828E+02  0.2033946E+02  0.5940606E+01
Si  0.1536493E+02  0.1990652E+02  0.1967447E+02
Si  0.2183046E+02  0.1069962E+02  0.1008580E+02
Si  0.1790343E+02  0.1523509E+02  0.1338736E+02
Si  0.1461413E+02  0.1384636E+01  0.1930251E+02
Si  0.2807263E-01  0.1942753E+02  0.4054641E+01
Si  0.2984773E+01  0.1328247E+00  0.4260673E+01
Si  0.2816919E+01  0.1923898E+02  0.7097219E+01
Si  0.3972671E+00  0.3689841E-01  0.6778199E+01
Si  0.1730727E+01  0.2053629E+02  0.5475653E+01
Si  0.4358617E+01  0.1621818E+01  0.6000148E+01
Si  0.4116044E+01  0.2058185E+02  0.8716799E+01
Si  0.1478053E+01  0.1588259E+01  0.8355321E+01
Si  0.5503350E+01  0.1888625E+02  0.4464884E+01
Si  0.8479155E+01  0.2129366E+02  0.4639979E+01
Si  0.8553833E+01  0.1877664E+02  0.6872098E+01
Si  0.5544123E+01  0.2171635E+02  0.7277111E+01
Si  0.6851200E+01  0.2009377E+02  0.5847562E+01
Si  0.1422902E+02  0.3232012E+01  0.1605180E+01
Si  0.1001663E+02  0.1736784E+02  0.5498345E+01
Si  0.6762839E+01  0.1533033E+01  0.8461802E+01
Si  0.2515889E+02  0.5846529E+01  0.4471488E+01
Si  0.1861668E+02  0.2617490E+01  0.2316717E+01
Si  0.1546672E+02  0.3977726E+01  0.1130559E+02
Si  0.1151519E+02  0.3353133E+01  0.1079740E+02
Si  0.1731710E+02  0.2522512E+01  0.1207744E+02
Si  0.2159282E+02  0.1117564E+02  0.1247251E+02
Si  0.2246335E+02  0.2085306E+02  0.2914266E+01
Si  0.1097040E+02  0.1341395E+00  0.1821901E+02
Si  0.1742655E+02  0.2136051E+02  0.8138027E+01
Si  0.1847811E+02  0.2021073E+02  0.1570476E+02
Si  0.1518801E+02  0.6953540E+00  0.8977826E+01
Si  0.9161939E+01  0.7098196E+01  0.2748368E+01
Si  0.1321610E+02  0.1981210E+02  0.1227822E+02
Si  0.2029073E+02  0.2923192E+00  0.1506733E+02
Si  0.2004159E+02  0.1508975E+02  0.5532790E+01
Si  0.1362454E+02  0.4754996E+01  0.6421837E+01
Si  0.1587991E+00  0.2657521E+01  0.4359279E+01
Si  0.2714626E+01  0.5330966E+01  0.4253898E+01
Si  0.2892007E+01  0.2914424E+01  0.7044778E+01
Si  0.6487202E+02  0.5745073E+01  0.6861776E+01
Si  0.1299155E+01  0.4071071E+01  0.5584470E+01
Si  0.3981450E+01  0.6945220E+01  0.5326648E+01
Si  0.4000554E+01  0.4698285E+01  0.8336283E+01
Si  0.1031744E+01  0.7257151E+01  0.8090032E+01
Si  0.5753026E+01  0.2853717E+01  0.4437261E+01
Si  0.8977630E+01  0.6105904E+01  0.5124835E+01
Si  0.7253577E+01  0.4419216E+01  0.5699810E+01
Si  0.5329257E+01  0.5616316E+01  0.6649609E+01
Si  0.8336405E+01  0.3184479E+01  0.7425995E+01
Si  0.1137619E+02  0.6959635E+01  0.7873177E+01
Si  0.1129222E+02  0.2563871E+01  0.8442076E+01
Si  0.6492260E+01  0.7376925E+01  0.7739505E+01
Si  0.1714429E+02  0.1656995E+02  0.5629709E+01
Si  0.1530600E+02  0.1039999E+02  0.5253413E+01
Si  0.1114606E+02  0.1023017E+02  0.4726714E+01
Si  0.9551619E+01  0.2428650E+01  0.5496370E+01
Si  0.9615406E+01  0.2039002E+02  0.2743132E+01
Si  0.1066201E+02  0.8499765E+01  0.9539340E+01
Si  0.1383798E+02  0.9037974E+01  0.6549287E+01
Si  0.2126121E+02  0.3181184E+01  0.1204361E+02
Si  0.1149864E+02  0.2030434E+02  0.9004309E+01
Si  0.1849755E+02  0.1806774E+02  0.7009705E+01
Si  0.1909363E+02  0.5271441E+01  0.1305450E+02
Si  0.2376166E+02  0.9382862E+01  0.1087364E+02
Si  0.2804501E+02  0.7836236E+01  0.1907404E+02
Si  0.1127052E+02  0.1378565E+02  0.1301176E+02
Si  0.3088291E+02  0.1838559E+02  0.1351956E+02
Si  0.1386418E+02  0.1352213E+02  0.1108311E+02
Si  0.5337239E-01  0.8242864E+01  0.4140172E+01
Si  0.2738394E+01  0.1111885E+02  0.4186022E+01
Si  0.2636683E+01  0.8330570E+01  0.6912759E+01
Si  0.5930487E-01  0.1132994E+02  0.6909333E+01
Si  0.1462469E+01  0.9872754E+01  0.5482732E+01
Si  0.4069148E+01  0.1253215E+02  0.5633485E+01
Si  0.3942450E+01  0.9772441E+01  0.7949499E+01
Si  0.1244396E+01  0.1265459E+02  0.8357578E+01
Si  0.5370269E+01  0.8346584E+01  0.3888054E+01
Si  0.8506875E+01  0.1141801E+02  0.4280858E+01
Si  0.7716261E+01  0.7979796E+01  0.5958641E+01
Si  0.5304279E+01  0.1091907E+02  0.6896463E+01
Si  0.6729909E+01  0.9952585E+01  0.5231789E+01
Si  0.8096895E+01  0.1390273E+02  0.7193903E+01
Si  0.9614839E+01  0.9432962E+01  0.6321148E+01
Si  0.6742455E+01  0.1232157E+02  0.8439175E+01
Si  0.1247951E+02  0.1181909E+02  0.2125742E+02
Si  0.1448366E+02  0.1893539E+02  0.4922431E+01
Si  0.1513568E+02  0.1145989E+02  0.9503843E+01
Si  0.1749041E+02  0.1422708E+02  0.5270716E+01
Si  0.1290139E+02  0.1141841E+02  0.1219716E+02
Si  0.1295537E+02  0.1117027E+02  0.7592891E+01
Si  0.2225419E+02  0.1329444E+02  0.7796891E+01
Si  0.1531857E+02  0.1610050E+02  0.1559776E+02
Si  0.2759439E+02  0.6459736E+01  0.7079789E+01
Si  0.1570059E+02  0.1495324E+02  0.1083831E+02
Si  0.2602108E+02  0.7563500E+01  0.5864495E+01
Si  0.2174037E+02  0.1731908E+02  0.1330368E+02
Si  0.2248248E+02  0.1203539E+02  0.2750905E+01
Si  0.2833584E+02  0.7914205E+01  0.7947759E-01
Si  0.2255020E+02  0.1400546E+02  0.1945246E+02
Si  0.2377546E+02  0.1588721E+02  0.2032207E+02
Si  0.2085629E-01  0.1370535E+02  0.4182031E+01
Si  0.2733122E+01  0.1672366E+02  0.4173075E+01
Si  0.2705556E+01  0.1403387E+02  0.6994770E+01
Si  0.6497822E+02  0.1680700E+02  0.6882063E+01
Si  0.1340368E+01  0.1531772E+02  0.5473464E+01
Si  0.4094901E+01  0.1769492E+02  0.5901491E+01
Si  0.4129003E+01  0.1525475E+02  0.8478052E+01
Si  0.1376324E+01  0.1774308E+02  0.8238339E+01
Si  0.5466168E+01  0.1372083E+02  0.4356645E+01
Si  0.9439131E+01  0.1492917E+02  0.2841161E+01
Si  0.9920386E+01  0.1527834E+02  0.8154718E+01
Si  0.5560950E+01  0.1626735E+02  0.7149578E+01
Si  0.6775224E+01  0.1506201E+02  0.5828067E+01
Si  0.8172733E+01  0.1634870E+02  0.4339604E+01
Si  0.8632205E+01  0.1638937E+02  0.1005999E+02
Si  0.7090817E+01  0.1744158E+02  0.8341564E+01
Si  0.1503026E+02  0.1504815E+02  0.3630327E+01
Si  0.1271204E+02  0.1846901E+02  0.8116502E+01
Si  0.1743365E+02  0.1976035E+01  0.4345863E+01
Si  0.1229812E+02  0.1221116E+02  0.5510426E+01
Si  0.1180345E+02  0.1403021E+02  0.2574861E+01
Si  0.1308251E+02  0.2101216E+02  0.1934912E+02
Si  0.2381717E+02  0.4224192E+01  0.2551676E+01
Si  0.1475233E+02  0.1992231E+02  0.1430996E+02
Si  0.1263172E+02  0.4759597E+01  0.2604290E+01
Si  0.1797882E+02  0.1802126E+02  0.6406411E+00
Si  0.2254060E+02  0.7087130E+01  0.7412868E+01
Si  0.2329565E+02  0.7877200E+01  0.1376951E+02
Si  0.1778313E+02  0.1628226E+02  0.2420514E+01
Si  0.1055287E+02  0.1078185E+02  0.8120291E+01
Si  0.1188514E+02  0.1633871E+02  0.7528167E+01
Si  0.9543514E+01  0.2077242E+02  0.7850071E+01
Si  0.3575347E-01  0.1903481E+02  0.9611552E+01
Si  0.2565308E+01  0.9937803E-01  0.9846400E+01
Si  0.3122040E+01  0.1913336E+02  0.1233231E+02
Si  0.6509273E+02  0.1415444E+00  0.1229410E+02
Si  0.1372142E+01  0.2027766E+02  0.1108095E+02
Si  0.3887439E+01  0.1599909E+01  0.1106136E+02
Si  0.4059275E+01  0.2054117E+02  0.1383561E+02
Si  0.1308194E+01  0.1459977E+01  0.1358505E+02
Si  0.5883457E+01  0.1912515E+02  0.9653668E+01
Si  0.8394109E+01  0.1122417E+00  0.9512247E+01
Si  0.8021207E+01  0.1908364E+02  0.1247899E+02
Si  0.5337627E+01  0.2975208E+00  0.1230158E+02
Si  0.6779572E+01  0.2068853E+02  0.1097090E+02
Si  0.1039416E+02  0.9483764E+00  0.2264320E+01
Si  0.9218252E+01  0.2082133E+02  0.1372361E+02
Si  0.6739123E+01  0.1796236E+01  0.1366703E+02
Si  0.1118482E+02  0.1949497E+02  0.1124774E+02
Si  0.2282934E+02  0.2941457E+01  0.2070817E+02
Si  0.1371942E+02  0.1100818E+02  0.1650758E+02
Si  0.1291811E+02  0.1723600E+01  0.1202903E+02
Si  0.1203188E+02  0.1764159E+02  0.1441934E+02
Si  0.1928941E+02  0.3294833E+01  0.1064778E+02
Si  0.1087873E+02  0.1628376E+00  0.1186239E+02
Si  0.1538628E+02  0.1893191E+02  0.1237729E+02
Si  0.2782852E+02  0.1403327E+01  0.1800376E+02
Si  0.1876132E+02  0.2073517E+02  0.1884436E+02
Si  0.1588469E+02  0.3118383E+01  0.7491999E+01
Si  0.1814868E+02  0.8150846E+01  0.9887682E+01
Si  0.1657545E+02  0.1336187E+02  0.2017934E+02
Si  0.1954956E+02  0.8090989E+01  0.3218610E+01
Si  0.2400815E+02  0.3009246E+01  0.1746231E+02
Si  0.1222528E+02  0.9123109E+01  0.1120445E+02
Si  0.6499582E+02  0.3166412E+01  0.9688076E+01
Si  0.2160587E+01  0.5922494E+01  0.9624344E+01
Si  0.2544308E+01  0.2978761E+01  0.1248800E+02
Si  0.6483493E+02  0.5884976E+01  0.1227386E+02
Si  0.1145147E+01  0.4409698E+01  0.1114436E+02
Si  0.4035208E+01  0.6724100E+01  0.1076562E+02
Si  0.4233332E+01  0.4186051E+01  0.1356797E+02
Si  0.1424466E+01  0.7091609E+01  0.1358584E+02
Si  0.5261333E+01  0.3142998E+01  0.9442094E+01
Si  0.7906219E+01  0.6002575E+01  0.9182907E+01
Si  0.8292607E+01  0.3019115E+01  0.1224674E+02
Si  0.5551433E+01  0.5582364E+01  0.1211399E+02
Si  0.7047526E+01  0.4227795E+01  0.1071721E+02
Si  0.9414703E+01  0.6932582E+01  0.1089366E+02
Si  0.9406404E+01  0.4278350E+01  0.1358313E+02
Si  0.6729778E+01  0.7011558E+01  0.1390955E+02
Si  0.9726315E+01  0.1876583E+01  0.1062014E+02
Si  0.1937055E+02  0.7119873E+01  0.1152966E+02
Si  0.1491467E+02  0.1919624E+02  0.7298403E+01
Si  0.1081282E+02  0.5539642E+01  0.1190796E+02
Si  0.1785045E+02  0.4661713E+01  0.6929039E+01
Si  0.1868223E+02  0.8096399E+01  0.7748445E+01
Si  0.1084191E+02  0.8687451E+01  0.1503978E+02
Si  0.1304089E+02  0.8289731E+01  0.1858318E+02
Si  0.9338988E+01  0.2090458E+02  0.1936417E+02
Si  0.2045798E+02  0.1170549E+02  0.4170734E+01
Si  0.3163712E+02  0.8099940E+00  0.1272060E+02
Si  0.1106939E+02  0.1373867E+02  0.9678352E+01
Si  0.2540900E+02  0.1689445E+02  0.1110261E+02
Si  0.1561256E+02  0.9394314E+01  0.2114299E+02
Si  0.1142564E+02  0.3817732E+01  0.6210216E+01
Si  0.1637451E+02  0.6816140E+01  0.1013708E+02
Si  0.6500084E+02  0.8552725E+01  0.9596601E+01
Si  0.2794951E+01  0.1112483E+02  0.9464343E+01
Si  0.2826189E+01  0.8427429E+01  0.1210937E+02
Si  0.1438008E+00  0.1112707E+02  0.1209125E+02
Si  0.1378185E+01  0.9786683E+01  0.1080815E+02
Si  0.4165448E+01  0.1223449E+02  0.1102611E+02
Si  0.4003290E+01  0.9593218E+01  0.1376587E+02
Si  0.1338251E+01  0.1236337E+02  0.1358757E+02
Si  0.5192847E+01  0.8602212E+01  0.9540460E+01
Si  0.8377963E+01  0.1097470E+02  0.9412510E+01
Si  0.7967388E+01  0.8249736E+01  0.1233842E+02
Si  0.5327000E+01  0.1088449E+02  0.1240911E+02
Si  0.6837873E+01  0.9867253E+01  0.1091567E+02
Si  0.9421189E+01  0.1264751E+02  0.1086534E+02
Si  0.9220965E+01  0.9814888E+01  0.1359230E+02
Si  0.6661190E+01  0.1254987E+02  0.1374638E+02
Si  0.2461063E+02  0.5258694E+01  0.1490929E+02
Si  0.1682977E+02  0.1191501E+02  0.7945221E+01
Si  0.1859151E+02  0.7167154E+00  0.1702460E+02
Si  0.1411900E+02  0.1433679E+02  0.1614415E+02
Si  0.1715569E+02  0.1139594E+02  0.1410295E+00
Si  0.2581224E+02  0.1217398E+02  0.8700813E+01
Si  0.1168376E+02  0.5037316E+01  0.2414263E+00
Si  0.1855365E+02  0.1751002E+02  0.1023732E+02
Si  0.1609486E+02  0.4415825E+01  0.8085875E+00
Si  0.2263624E+02  0.1738098E+02  0.3762752E+00
Si  0.2829168E+02  0.1110218E+02  0.5706346E+01
Si  0.1437349E+02  0.4803565E+01  0.1686410E+02
Si  0.4095561E+02  0.6618126E+01  0.1287291E+02
Si  0.3541398E+02  0.7959957E+01  0.1245228E+02
Si  0.3917962E+02  0.1812910E+02  0.2146238E+02
Si  0.1277846E+02  0.1364229E+02  0.1947697E+02
Si  0.2012735E-01  0.1399738E+02  0.9649100E+01
Si  0.2599236E+01  0.1662170E+02  0.9688236E+01
Si  0.2790730E+01  0.1378448E+02  0.1241931E+02
Si  0.6512740E+02  0.1654442E+02  0.1227527E+02
Si  0.1351017E+01  0.1511037E+02  0.1094489E+02
Si  0.4302659E+01  0.1794281E+02  0.1108783E+02
Si  0.4160907E+01  0.1498761E+02  0.1377106E+02
Si  0.1607474E+01  0.1778413E+02  0.1355581E+02
Si  0.5599415E+01  0.1378284E+02  0.9840814E+01
Si  0.1232048E+02  0.1745231E+02  0.1190055E+02
Si  0.8530866E+01  0.1389065E+02  0.1257776E+02
Si  0.5387729E+01  0.1630128E+02  0.1241555E+02
Si  0.7061226E+01  0.1522585E+02  0.1118993E+02
Si  0.1689027E+02  0.1748017E+02  0.1360972E+02
Si  0.1190113E+02  0.1486165E+02  0.1738007E+02
Si  0.6675005E+01  0.1794789E+02  0.1401935E+02
Si  0.1340011E+02  0.5666534E+01  0.8460567E+01
Si  0.2353280E+02  0.1213701E+02  0.1713929E+02
Si  0.1674364E+02  0.1383513E+02  0.2322245E+01
Si  0.1324639E+02  0.1665727E+02  0.1832729E+02
Si  0.9778303E+01  0.1765144E+02  0.1190013E+02
Si  0.2056808E+02  0.5740732E+00  0.1650007E+00
Si  0.2571107E+02  0.8931386E+01  0.1205602E+02
Si  0.1149456E+02  0.1528932E+02  0.1498410E+02
Si  0.1061366E+02  0.1654707E+02  0.1355664E+01
Si  0.2182029E+02  0.1022288E+02  0.2813258E+00
Si  0.1387218E+02  0.1950315E+02  0.1762054E+02
Si  0.2714784E+02  0.9474257E+01  0.7037317E+01
Si  0.1579957E+02  0.1107879E+02  0.1166935E+02
Si  0.2175622E+02  0.8304541E+01  0.3750770E+01
Si  0.2602955E+02  0.2068257E+02  0.7089875E+01
Si  0.2334044E+02  0.1667069E+02  0.1624205E+02
Si  0.2579471E+00  0.1905355E+02  0.1498969E+02
Si  0.2704773E+01  0.2443343E+00  0.1502508E+02
Si  0.2708689E+01  0.1930826E+02  0.1770594E+02
Si  0.2220961E+00  0.2894176E+00  0.1814858E+02
Si  0.1220305E+01  0.2072011E+02  0.1631598E+02
Si  0.4237873E+01  0.1472874E+01  0.1658423E+02
Si  0.4116164E+01  0.2063044E+02  0.1917570E+02
Si  0.1587624E+01  0.1490115E+01  0.1940583E+02
Si  0.5323274E+01  0.1941517E+02  0.1553732E+02
Si  0.8120254E+01  0.7529763E+00  0.1506533E+02
Si  0.8072752E+01  0.1939534E+02  0.1756402E+02
Si  0.5712879E+01  0.3400675E+00  0.1828446E+02
Si  0.6714898E+01  0.2099749E+02  0.1651695E+02
Si  0.1327372E+02  0.4517614E+01  0.2009073E+02
Si  0.9684653E+01  0.1488557E+01  0.1668104E+02
Si  0.6892157E+01  0.1936828E+01  0.1941026E+02
Si  0.2245531E+02  0.1488370E+02  0.1169067E+02
Si  0.1594026E+02  0.2057843E+02  0.1657663E+02
Si  0.1312283E+02  0.2154627E+02  0.2855954E+01
Si  0.1647703E+02  0.1098621E+00  0.1844311E+02
Si  0.1077526E+02  0.1973096E+02  0.1496017E+02
Si  0.1992341E+02  0.1925169E+02  0.4261114E+01
Si  0.2068896E+02  0.2041443E+02  0.2057036E+02
Si  0.1120493E+02  0.1086360E+02  0.1617701E+02
Si  0.1407809E+02  0.5969147E+01  0.4291393E+01
Si  0.1500586E+02  0.7373853E+01  0.4107522E+00
Si  0.2330177E+02  0.4150849E+01  0.4838840E+01
Si  0.2043035E+02  0.1847134E+02  0.4459095E+00
Si  0.1578519E+02  0.1414993E+02  0.1795032E+02
Si  0.3185288E+02  0.1207908E+02  0.2072757E+02
Si  0.1964897E+02  0.1520599E+02  0.9864656E+01
Si  0.2104412E+02  0.2265669E+01  0.5023295E+01
Si  0.3562522E-01  0.2973198E+01  0.1521886E+02
Si  0.2684268E+01  0.5607514E+01  0.1501456E+02
Si  0.2933040E+01  0.2984227E+01  0.1774554E+02
Si  0.6492249E+02  0.5659330E+01  0.1784795E+02
Si  0.1145393E+01  0.4265583E+01  0.1657623E+02
Si  0.3879636E+01  0.6898220E+01  0.1639622E+02
Si  0.4011299E+01  0.4309004E+01  0.1934332E+02
Si  0.1266571E+01  0.7047384E+01  0.1911436E+02
Si  0.5281018E+01  0.2795553E+01  0.1512259E+02
Si  0.8077343E+01  0.5689907E+01  0.1506853E+02
Si  0.8093748E+01  0.3097612E+01  0.1780532E+02
Si  0.5044951E+01  0.5441048E+01  0.1774064E+02
Si  0.6620516E+01  0.4402949E+01  0.1630950E+02
Si  0.9392107E+01  0.7261779E+01  0.1633499E+02
Si  0.9148102E+01  0.4690417E+01  0.1915707E+02
Si  0.6230842E+01  0.6969130E+01  0.1945697E+02
Si  0.1374915E+02  0.2575693E+01  0.8315756E+01
Si  0.1897220E+02  0.1429629E+02  0.1987817E+02
Si  0.1472822E+02  0.2164570E+02  0.1135231E+02
Si  0.1070972E+02  0.3469882E+01  0.1577646E+02
Si  0.1889871E+02  0.4813214E+01  0.1798585E+02
Si  0.1360744E+02  0.9637923E+01  0.2953471E+01
Si  0.2067517E+02  0.2684426E+01  0.1584239E+02
Si  0.1040506E+02  0.5424380E+01  0.1728824E+02
Si  0.2448298E+02  0.4501702E+01  0.2053987E+02
Si  0.3216595E+02  0.1828788E+02  0.1082474E+02
Si  0.2199692E+02  0.4216590E+01  0.1044844E+01
Si  0.2707655E+02  0.8260428E+01  0.1051322E+02
Si  0.1717358E+02  0.2121017E+01  0.3772169E+00
Si  0.1628243E+02  0.1292643E+02  0.1448550E+02
Si  0.2023836E+02  0.6394877E+01  0.7346181E+01
Si  0.2704735E+02  0.1561243E+02  0.9949107E+01
Si  0.6063846E-01  0.8433882E+01  0.1533015E+02
Si  0.2620402E+01  0.1094403E+02  0.1516800E+02
Si  0.2594437E+01  0.8354672E+01  0.1780575E+02
Si  0.6508710E+02  0.1113953E+02  0.1779773E+02
Si  0.1275498E+01  0.9752896E+01  0.1652022E+02
Si  0.3935581E+01  0.1250424E+02  0.1640251E+02
Si  0.4061808E+01  0.9719207E+01  0.1903712E+02
Si  0.1390473E+01  0.1233801E+02  0.1900569E+02
Si  0.5414925E+01  0.8404403E+01  0.1522161E+02
Si  0.7983841E+01  0.1107922E+02  0.1506289E+02
Si  0.7958999E+01  0.8041792E+01  0.1812149E+02
Si  0.5171014E+01  0.1093242E+02  0.1768675E+02
Si  0.6821654E+01  0.9615241E+01  0.1652374E+02
Si  0.9124671E+01  0.1179063E+02  0.1717293E+02
Si  0.9366570E+01  0.9479376E+01  0.1963763E+02
Si  0.6782369E+01  0.1216326E+02  0.1894006E+02
Si  0.1385949E+02  0.9689226E+01  0.9441351E+01
Si  0.1341086E+02  0.4681050E+01  0.1039803E+02
Si  0.1703742E+02  0.2063443E+02  0.1129779E+02
Si  0.1034594E+02  0.1337524E+02  0.1960117E+02
Si  0.1328999E+02  0.1070533E+02  0.1890406E+02
Si  0.1546417E+02  0.3086127E+01  0.4789684E+01
Si  0.1712298E+02  0.7024014E+01  0.1956900E+02
Si  0.2033645E+02  0.2026751E+02  0.2184010E+01
Si  0.1209086E+02  0.3206118E+01  0.1422213E+02
Si  0.2140712E+02  0.1341396E+02  0.1729597E+02
Si  0.2851573E+02  0.5692244E+01  0.1665065E+02
Si  0.2731322E+02  0.1138595E+02  0.1158736E+02
Si  0.1503331E+02  0.8166964E+01  0.1443660E+02
Si  0.2120130E+02  0.1512410E+02  0.7902904E+01
Si  0.2645761E+02  0.6130403E+01  0.1796128E+02
Si  0.1292085E+02  0.8713577E+01  0.1603948E+02
Si  0.5621097E-01  0.1377586E+02  0.1485600E+02
Si  0.2695502E+01  0.1623047E+02  0.1512917E+02
Si  0.2516483E+01  0.1370639E+02  0.1770753E+02
Si  0.3063533E+00  0.1665970E+02  0.1747159E+02
Si  0.1199467E+01  0.1499362E+02  0.1619151E+02
Si  0.3936508E+01  0.1764600E+02  0.1643957E+02
Si  0.3886157E+01  0.1488879E+02  0.1908338E+02
Si  0.1563337E+01  0.1790296E+02  0.1905909E+02
Si  0.5511690E+01  0.1391898E+02  0.1543415E+02
Si  0.8436168E+01  0.1655714E+02  0.1511227E+02
Si  0.8420045E+01  0.1399040E+02  0.1818586E+02
Si  0.5383033E+01  0.1620966E+02  0.1783927E+02
Si  0.7183495E+01  0.1517653E+02  0.1654212E+02
Si  0.9822314E+01  0.1815280E+02  0.1631769E+02
Si  0.9978528E+01  0.1634800E+02  0.1879620E+02
Si  0.6724483E+01  0.1791466E+02  0.1880461E+02
Si  0.9684731E+01  0.1588028E+02  0.1329896E+02
Si  0.1496053E+02  0.1639656E+02  0.2156751E+02
Si  0.1093664E+02  0.1109608E+02  0.1873016E+02
Si  0.1778747E+02  0.1635871E+02  0.1566181E+02
Si  0.1612597E+02  0.1005504E+02  0.1648199E+02
Si  0.1755395E+02  0.1394383E+02  0.1639338E+02
Si  0.2312867E+02  0.2053724E+02  0.2054035E+02
Si  0.1260059E+02  0.5775274E+01  0.1816563E+02
Si  0.1042912E+02  0.1152847E+02  0.1255070E+02
Si  0.1518532E+02  0.1120992E+01  0.1570172E+02
Si  0.2092579E+02  0.9968498E+01  0.5573996E+01
Si  0.1365514E+02  0.1491604E+02  0.7109358E+01
Si  0.2038346E+02  0.9137081E+01  0.2049382E+02
Si  0.2099233E+02  0.1674286E+02  0.1691968E+02
Si  0.2045730E+02  0.1057731E+02  0.1951112E+01
Si  0.1959654E+02  0.8688035E+01  0.1695589E+02
Si  0.4215148E+02  0.2031183E+02  0.6292646E+01
Si  0.2957155E+02  0.5721649E+01  0.1264243E+02
Si  0.2285200E+02  0.1296539E+02  0.1025208E+02
Si  0.2868936E+02  0.7480049E+01  0.2628223E+01
Si  0.3703904E+02  0.6947972E-01  0.2091439E+02
Si  0.3686002E+02  0.9591146E+01  0.1337531E+02
Si  0.5244560E+02  0.3984276E+01  0.1973423E+02
Si  0.3469198E+02  0.5811530E+01  0.1486001E+02
Si  0.3234796E+02  0.4050434E+01  0.2948175E+01
Si  0.2429670E+02  0.1608352E+02  0.5709831E+01
Si  0.1404300E+02  0.1828938E+02  0.1563333E+02
Si  0.3667940E+02  0.3689084E+01  0.1833343E+02
Si  0.2758874E+02  0.1160619E+02  0.1820204E+02
Si  0.4210432E+02  0.1640703E+02  0.4472398E+01
Si  0.3666429E+02  0.4886954E+01  0.1396608E+02
Si  0.3574015E+02  0.1792337E+02  0.2055734E+02
Si  0.3156143E+02  0.2127420E+02  0.5545672E+01
Si  0.3469794E+02  0.2020843E+02  0.1190992E+02
Si  0.3919172E+02  0.1982148E+02  0.1452779E+02
Si  0.1914931E+02  0.1783467E+02  0.1270886E+02
Si  0.2651391E+02  0.1565465E+02  0.4205190E+01
Si  0.3265912E+02  0.1428273E+02  0.4081537E+01
Si  0.2931440E+02  0.7991941E+01  0.1078815E+02
Si  0.1880025E+02  0.1441122E+02  0.1298571E+01
Si  0.4896669E+02  0.8565046E+01  0.1622886E+02
Si  0.1747835E+02  0.4766959E+01  0.1612216E+02
Si  0.3510941E+02  0.1680532E+02  0.1119348E+02
Si  0.3112068E+02  0.1934877E+01  0.6515261E+01
Si  0.3315055E+02  0.1710969E+02  0.1787476E+02
Si  0.3277248E+02  0.2069510E+02  0.1968379E+00
Si  0.3480693E+02  0.5995041E+01  0.8110253E+01
Si  0.3959631E+02  0.1029708E+02  0.1547610E+02
Si  0.3126789E+02  0.1244314E+02  0.5131078E+01
Si  0.3746828E+02  0.1086497E+02  0.1652534E+02
Si  0.2426929E+02  0.2159320E+02  0.1008682E+02
Si  0.2750261E+02  0.1664928E+02  0.1453402E+02
Si  0.4794541E+02  0.2039120E+02  0.1303441E+02
Si  0.1984127E+02  0.1601734E+02  0.1466242E+02
Si  0.3166795E+02  0.4989757E+01  0.9208302E+01
Si  0.3852006E+02  0.2524764E+01  0.1623151E+02
Si  0.4123871E+02  0.5795845E+01  0.7495835E+01
Si  0.4675310E+02  0.9613386E+01  0.2039995E+02
Si  0.2251425E+02  0.8963002E+00  0.1562026E+01
Si  0.3299316E+02  0.4735695E+01  0.7059433E+01
Si  0.4071895E+02  0.7198007E+00  0.6892112E+01
Si  0.2812487E+02  0.7849090E+01  0.1555613E+02
Si  0.2395135E+02  0.7307586E+01  0.9528700E+01
Si  0.2646535E+02  0.3298011E+01  0.1020562E+02
Si  0.2896676E+02  0.2083749E+02  0.9765531E+01
Si  0.3792464E+02  0.1258181E+02  0.2667271E+01
Si  0.4280609E+02  0.1713585E+02  0.6649406E+01
Si  0.1674291E+02  0.4688911E+01  0.1310870E+02
Si  0.4525431E+02  0.1555368E+02  0.1934755E+01
Si  0.2845357E+02  0.1208441E+01  0.1994935E+01
Si  0.3654719E+02  0.1493473E+02  0.1025194E+02
Si  0.3129023E+02  0.6399074E+00  0.3366617E+01
Si  0.3516981E+02  0.2160298E+02  0.1545911E+02
Si  0.4144494E+02  0.2851758E+01  0.8019557E+01
Si  0.3059780E+02  0.6264297E+00  0.1483858E+02
Si  0.3215743E+02  0.1138916E+02  0.1299307E+02
Si  0.2393842E+02  0.1509495E+02  0.1417123E+02
Si  0.4129063E+02  0.1452449E+02  0.1418490E+02
Si  0.1390518E+02  0.2319071E+01  0.1731083E+02
Si  0.3019971E+02  0.1394045E+02  0.1720799E+02
Si  0.3050519E+02  0.9627232E+01  0.1297790E+02
Si  0.2291809E+02  0.1507844E+01  0.6625444E+01
Si  0.1926308E+02  0.1156359E+02  0.1511297E+02
Si  0.2384576E+02  0.1367729E+02  0.5834341E+01
Si  0.2870396E+02  0.1544830E+02  0.1842507E+02
Si  0.2209999E+02  0.6202152E+01  0.4969309E+01
Si  0.3947354E+02  0.1589175E+02  0.1737832E+02
Si  0.2399576E+02  0.1686596E+02  0.2172206E+01
Si  0.3857215E+02  0.1293968E+02  0.9602946E+01
Si  0.3202338E+02  0.1640444E+02  0.5575528E+01
Si  0.3057254E+02  0.4135229E+00  0.1010547E+01
Si  0.1821852E+02  0.6971820E+01  0.2167202E+02
Si  0.2539536E+02  0.1350461E+02  0.3670461E+01
Si  0.3730329E+02  0.8347643E+01  0.7306292E+01
Si  0.3897981E+02  0.1172015E+02  0.1178368E+02
Si  0.4052694E+02  0.8982765E+00  0.9328837E+01
Si  0.3323110E+02  0.1423276E+02  0.2010291E+02
Si  0.2923226E+02  0.4705115E+01  0.6223741E+01
Si  0.3187861E+02  0.1375194E+02  0.1199094E+02
Si  0.3015761E+02  0.5644091E+01  0.2025927E+02
Si  0.3425565E+02  0.4193258E+01  0.1254743E+01
Si  0.3240589E+02  0.5080919E+01  0.1677225E+02
Si  0.2955726E+02  0.1658959E+02  0.5430209E+01
Si  0.3400715E+02  0.4572643E+01  0.9941226E+01
Si  0.1959301E+02  0.1730910E+01  0.8568930E+01
Si  0.3529893E+02  0.7539383E+01  0.6235969E+01
Si  0.3382054E+02  0.4719534E+01  0.4850924E+01
Si  0.3038655E+02  0.6971886E+01  0.9406816E+01
Si  0.3931137E+02  0.2013516E+02  0.9462523E+00
Si  0.4708559E+02  0.1803838E+02  0.1394405E+02
Si  0.4107700E+02  0.1434128E+02  0.8956920E+01
Si  0.1678390E+02  0.4626211E+01  0.9217170E+01
Si  0.2482241E+02  0.1541936E+01  0.8141440E+01
Si  0.2341170E+02  0.6829791E+00  0.1804640E+02
Si  0.2233156E+02  0.1695652E+02  0.8796566E+01
Si  0.2233240E+02  0.1326861E+02  0.1371166E+02
Si  0.3408476E+02  0.1575926E+01  0.1842183E+02
Si  0.2423875E+02  0.1205125E+02  0.1492838E+02
Si  0.2593138E+02  0.1087498E+01  0.2775031E+00
Si  0.1983298E+02  0.1224259E+02  0.1855039E+02
Si  0.3850225E+02  0.1444410E+02  0.1153467E+02
Si  0.2988320E+02  0.1642034E+02  0.2110909E+02
Si  0.4731314E+02  0.4456434E+01  0.1889599E+02
Si  0.4796913E+02  0.1485673E+02  0.8480294E+01
Si  0.4356272E+02  0.1683494E+02  0.2785471E+01
Si  0.2933732E+02  0.1343298E+02  0.1397129E+02
Si  0.2693563E+02  0.8405900E+01  0.3954446E+01
Si  0.4611129E+02  0.3939927E+01  0.2903641E+01
Si  0.1871735E+02  0.8971945E+01  0.1001908E+01
Si  0.2561799E+02  0.1872707E+01  0.1888364E+02
Si  0.3558474E+02  0.1279151E+02  0.1128383E+02
Si  0.2419568E+02  0.1936749E+02  0.2134515E+01
Si  0.4443444E+02  0.1901003E+02  0.6722339E+01
Si  0.2222572E+02  0.1374034E+02  0.9846862E+00
Si  0.4869217E+02  0.1963321E+02  0.1526524E+02
Si  0.4100645E+02  0.3782626E-01  0.2031818E+02
Si  0.3292142E+02  0.1623276E+02  0.1358810E+01
Si  0.4350043E+02  0.4394193E+01  0.1362403E+02
Si  0.1592175E+02  0.6486612E+01  0.1564996E+02
Si  0.3727188E+02  0.3835662E+00  0.5283283E+01
Si  0.2645393E+02  0.3491145E+01  0.1417751E+02
Si  0.3024752E+02  0.1018626E+02  0.1065751E+02
Si  0.2438866E+02  0.1184628E+02  0.5540984E+00
Si  0.2493300E+02  0.7557338E+01  0.9847566E+00
Si  0.1213582E+02  0.1848196E+02  0.5386874E+01
Si  0.4301349E+02  0.1587150E+02  0.1303215E+02
Si  0.2811763E+02  0.1753067E+02  0.1116418E+02
Si  0.1535768E+02  0.5525600E+01  0.2036034E+02
Si  0.3578704E+02  0.1248278E+02  0.7480319E+01
Si  0.4170632E+02  0.2902370E+01  0.1239710E+02
Si  0.5387913E+02  0.1660693E+02  0.1186967E+02
Si  0.1213730E+02  0.1514589E+02  0.1117659E+02
Si  0.2185997E+02  0.5019250E+00  0.8753546E+01
Si  0.4009554E+02  0.1953633E+02  0.3292922E+01
Si  0.2305633E+02  0.3386994E+01  0.1511745E+02
Si  0.3331416E+02  0.1266973E+02  0.1055201E+02
Si  0.1467694E+02  0.7605483E+01  0.8453154E+01
Si  0.4455155E+02  0.8529025E+00  0.4096125E+01
Si  0.3621791E+02  0.7219644E+01  0.1757282E+02
Si  0.2770037E+02  0.1827887E+02  0.6090414E+01
Si  0.2605234E+02  0.5990784E+01  0.2444456E+01
Si  0.4009452E+02  0.1308972E+02  0.2029025E+01
Si  0.2561027E+02  0.1572443E+02  0.1577037E+02
Si  0.3723487E+02  0.1153579E+01  0.1490535E+02
Si  0.2400090E+02  0.2167867E+02  0.1421231E+02
Si  0.3692775E+02  0.2024872E+02  0.1242665E+01
Si  0.3330293E+02  0.2502931E+01  0.1290528E+02
Si  0.3064992E+02  0.5431493E+01  0.2715556E+01
Si  0.1516054E+02  0.2016033E+02  0.2814682E+01
Si  0.4685295E+02  0.3388149E+01  0.1683830E+02
Si  0.1328308E+02  0.1320706E+02  0.8723680E+01
Si  0.3480756E+02  0.1523850E+02  0.1833574E+02
Si  0.3338573E+02  0.1024991E+02  0.2006739E+02
Si  0.2807247E+02  0.2426333E+01  0.8476666E+01
Si  0.4081607E+02  0.1096555E+02  0.1743922E+02
Si  0.3514158E+02  0.1296775E+02  0.1736742E+02
Si  0.2964251E+02  0.2066244E+02  0.4217138E+01
Si  0.2628251E+02  0.6488411E+01  0.9635814E+01
Si  0.2609737E+02  0.1271929E+02  0.2087901E+02
Si  0.2747017E+02  0.3169214E+01  0.5781456E+01
Si  0.4643462E+02  0.1930536E+02  0.2147740E+02
Si  0.3281276E+02  0.1868250E+02  0.5207774E+01
Si  0.3094166E+02  0.7707889E+01  0.3409401E+01
Si  0.3454493E+02  0.1656829E+02  0.1365005E+02
Si  0.4553152E+02  0.1504947E+02  0.4272712E+01
Si  0.3014992E+02  0.7063301E+01  0.5664664E+01
Si  0.4282984E+02  0.2053781E+02  0.8803745E+01
Si  0.2953506E+02  0.2135543E+01  0.1974149E+02
Si  0.3064182E+02  0.1026129E+02  0.5417026E+01
Si  0.2412539E+02  0.1958620E+02  0.6465961E+01
Si  0.3640524E+02  0.9287070E+01  0.9387512E+01
Si  0.4163969E+02  0.1891895E+02  0.5237117E+00
Si  0.2332807E+02  0.1851884E+02  0.1468756E+02
Si  0.2015930E+02  0.2101118E+02  0.1214426E+02
Si  0.3901548E+02  0.3321575E+01  0.1859529E+02
Si  0.3496435E+02  0.8551909E+01  0.1266285E+01
Si  0.3237534E+02  0.5642213E+00  0.2016171E+02
Si  0.2317467E+02  0.8682215E+01  0.1734579E+01
Si  0.1542691E+02  0.1682187E+02  0.7191105E+01
Si  0.3353405E+02  0.2349610E+01  0.6673192E+01
Si  0.3661752E+02  0.2041308E+02  0.3727827E+01
Si  0.1916004E+02  0.5784502E+01  0.2749055E+01
Si  0.2090947E+02  0.1001873E+02  0.1851278E+02
Si  0.1569139E+02  0.1428475E+02  0.4486806E+00
Si  0.4614552E+02  0.2144968E+02  0.7552793E+01
Si  0.2658919E+02  0.1237100E+02  0.1469591E+02
Si  0.3150434E+02  0.1432919E+02  0.1427593E+02
Si  0.1908462E+02  0.9190095E+01  0.1464204E+02
Si  0.3626675E+02  0.4299607E+01  0.1042100E+02
Si  0.2483999E+02  0.1492443E+02  0.1186977E+02
Si  0.4585645E+02  0.8691413E+01  0.2276844E+01
Si  0.2598512E+02  0.2061531E+02  0.1158200E+02
Si  0.2288170E+02  0.1711396E+02  0.1113314E+02
Si  0.2832612E+02  0.1171066E+02  0.2117166E+02
Si  0.2973193E+02  0.1832998E+02  0.3150086E+01
Si  0.2946602E+02  0.8305770E+01  0.7355094E+01
Si  0.3429670E+02  0.1728704E+02  0.8929985E+01
Si  0.4486033E+02  0.1195283E+02  0.2907432E+01
Si  0.2612782E+02  0.1957289E+02  0.4836637E+01
Si  0.4785936E+02  0.1331622E+02  0.1056520E+02
Si  0.2833444E+02  0.1275311E+02  0.1629806E+02
Si  0.4070463E+02  0.1846484E+02  0.1084732E+02
Si  0.2300872E+02  0.1020208E+02  0.1410627E+02
Si  0.3661148E+02  0.2031156E+02  0.1715924E+02
Si  0.4787438E+02  0.3272113E+01  0.5167349E+01
Si  0.4468485E+02  0.9620736E+01  0.6374366E+01
Si  0.3040542E+02  0.1633084E+02  0.1745653E+01
Si  0.3832402E+02  0.1489047E+02  0.3579313E+01
Si  0.3275675E+02  0.7320392E+01  0.1765969E+02
Si  0.3242530E+02  0.8701412E+01  0.1564039E+02
Si  0.2230906E+02  0.1955684E+02  0.1651508E+02
Si  0.2892670E+02  0.1859471E+02  0.1498197E+02
Si  0.3293442E+02  0.1946365E+02  0.1870159E+02
Si  0.4295895E+02  0.7570894E+01  0.1150385E+02
Si  0.4081623E+02  0.2375060E+01  0.1637277E+02
Si  0.3624313E+02  0.9610162E+01  0.1843477E+02
Si  0.2719733E+02  0.8773878E+00  0.5996779E+01
Si  0.3009448E+02  0.9275777E+01  0.1591371E+02
Si  0.2901011E+02  0.2088062E+02  0.1462242E+02
Si  0.2961227E+02  0.9848553E+01  0.1815394E+02
Si  0.1277434E+02  0.1154463E+01  0.1552177E+02
Si  0.3375665E+02  0.2097521E+01  0.9141749E+01
Si  0.1899142E+02  0.1695567E+02  0.4405756E+01
Si  0.1855285E+02  0.6564718E+01  0.1517924E+02
Si  0.2316989E+02  0.6494303E+01  0.1171505E+02
Si  0.3092273E+02  0.2100832E+02  0.1862107E+02
Si  0.4600205E+02  0.7710403E+01  0.5260446E+01
Si  0.2611960E+02  0.8218026E+01  0.2065450E+02
Si  0.2004547E+02  0.1910944E+02  0.1742278E+02
Si  0.2681108E+02  0.1032072E+02  0.9418307E+01
Si  0.4403481E+02  0.1934798E+02  0.2408957E+01
Si  0.2965993E+02  0.1677547E+02  0.7937564E+01
Si  0.2162487E+02  0.1894274E+02  0.5627338E+01
Si  0.2831440E+02  0.2046537E+02  0.3761790E+00
Si  0.2702509E+02  0.9975345E+01  0.5561278E+00
Si  0.2515386E+02  0.1289005E+01  0.4424975E+01
Si  0.2050356E+02  0.6058863E+01  0.1661243E+02
Si  0.3963234E+02  0.1142885E+02  0.6590473E+01
Si  0.5198888E+02  0.9732337E+01  0.9772004E+01
Si  0.3816747E+02  0.1849600E+02  0.4405914E+01
Si  0.1623958E+02  0.4944267E+01  0.3332197E+01
Si  0.3690462E+02  0.6109004E+01  0.1192177E+02
Si  0.2736320E+02  0.3196670E+01  0.9248837E+00
Si  0.3536333E+02  0.2902183E+01  0.2006355E+02
Si  0.1782410E+02  0.1171549E+02  0.1709919E+02
Si  0.3010303E+02  0.4965499E+01  0.1490412E+02
Si  0.3579995E+02  0.1151082E+02  0.2159077E+02
Si  0.3463963E+02  0.1570400E+02  0.2901342E+01
Si  0.3303280E+02  0.3883934E+01  0.1478346E+02
Si  0.4947500E+02  0.3219137E+01  0.2144478E+02
Si  0.3252523E+02  0.8154686E+01  0.8802793E+01
Si  0.3784282E+02  0.2461578E+01  0.3337383E+01
Si  0.2254115E+02  0.2158391E+02  0.1612246E+02
Si  0.3436870E+02  0.1983862E+02  0.3365327E+01
Si  0.2433492E+02  0.1736788E+02  0.7731652E+01
Si  0.4815952E+02  0.9449797E+01  0.1836030E+02
Si  0.3798888E+02  0.1755244E+02  0.6692568E+01
Si  0.3187398E+02  0.1927061E+02  0.3118612E+01
Si  0.2163518E+02  0.8292675E+01  0.1187003E+02
Si  0.1969069E+02  0.7255897E+01  0.1907372E+02
Si  0.3871867E+02  0.1053572E+02  0.3889670E+01
Si  0.2944340E+02  0.1427300E+01  0.1008955E+02
Si  0.2528290E+02  0.1981307E+02  0.1394344E+02
Si  0.3629430E+02  0.1852066E+02  0.1261640E+02
Si  0.3362619E+02  0.1105992E+02  0.1518423E+02
Si  0.2847845E+02  0.3999657E+01  0.2068754E+02
Si  0.3972844E+02  0.5356256E+01  0.1116841E+02
Si  0.2605960E+02  0.1825547E+02  0.1816556E+02
Si  0.2896158E+02  0.1815053E+01  0.1251186E+02
Si  0.5138416E+02  0.7688204E+01  0.1119292E+02
Si  0.1601919E+02  0.1400699E+02  0.7131199E+01
Si  0.4424337E+02  0.3143188E+00  0.1499688E+02
Si  0.3660321E+02  0.1369166E+02  0.1927740E+02
Si  0.4666407E+02  0.5631065E+01  0.1131127E+02
Si  0.4519158E+02  0.1056936E+01  0.1276327E+02
Si  0.4477234E+02  0.3183411E+01  0.1002299E+01
Si  0.4285080E+02  0.8042545E+00  0.1226998E+02
Si  0.4098748E+02  0.1182679E+02  0.1975076E+02
Si  0.2026345E+02  0.5834616E+01  0.5045542E+00
Si  0.2997169E+02  0.1909449E+02  0.1122958E+02
Si  0.1280905E+02  0.1585361E+02  0.2061474E+02
Si  0.2455063E+02  0.1068331E+02  0.2534066E+01
Si  0.3106987E+02  0.1281812E+02  0.7418645E+01
Si  0.3121975E+02  0.1130451E+02  0.1932119E+01
Si  0.1865736E+02  0.1650816E+00  0.1437755E+01
Si  0.4356245E+02  0.1276165E+02  0.6473040E+01
Si  0.2594916E+02  0.8695750E+01  0.1555471E+02
Si  0.1786624E+02  0.1721050E+02  0.1894305E+02
Si  0.5327543E+02  0.4611245E+01  0.3358217E+01
Si  0.3322656E+02  0.1416660E+02  0.7999994E+00
Si  0.3760089E+02  0.1326943E+02  0.1697017E+02
Si  0.2934447E+02  0.2508811E+00  0.6876867E+01
Si  0.2906793E+02  0.1398605E+02  0.1423448E+00
Si  0.1947497E+02  0.2715904E+01  0.1809495E+02
Si  0.1776472E+02  0.1026190E+02  0.1077523E+02
Si  0.2068765E+02  0.1844277E+02  0.7830334E+01
Si  0.4252077E+02  0.3919571E+01  0.3314517E+00
Si  0.3123339E+02  0.3735306E+01  0.1933418E+02
Si  0.4286685E+02  0.1478300E+02  0.7457279E+01
Si  0.3878753E+02  0.7584451E+01  0.1198613E+02
Si  0.2452177E+02  0.1440711E+02  0.1754530E+01
Si  0.1831430E+02  0.2013818E+02  0.1321982E+02
Si  0.3926050E+02  0.1270358E+01  0.4982234E+01
Si  0.2666653E+02  0.1035707E+02  0.2971894E+01
Si  0.2798776E+02  0.2135932E+02  0.1246777E+02
Si  0.4929865E+02  0.6461481E+01  0.4950508E+01
Si  0.3239362E+02  0.9152180E+01  0.4726125E+01
Si  0.1261657E+02  0.1976380E+02  0.2140503E+02
Si  0.4157237E+02  0.1333341E+02  0.5175366E+01
Si  0.4301740E+02  0.1087704E+02  0.2077887E+02
Si  0.3557668E+02  0.3360008E+01  0.1234251E+02
Si  0.2581407E+02  0.1796820E+02  0.3197619E+01
Si  0.5391750E+02  0.2164655E+02  0.9235347E+01
Si  0.3833561E+02  0.6189758E+01  0.4954250E+01
Si  0.3883812E+02  0.9820633E+01  0.1839678E+02
Si  0.3967785E+02  0.2736378E+01  0.1100427E+02
Si  0.2642979E+02  0.4083798E+01  0.1938069E+02
Si  0.3158946E+02  0.5720719E+00  0.1684141E+02
Si  0.4466259E+02  0.2492170E+01  0.1603829E+02
Si  0.3694481E+02  0.1791794E+02  0.9062746E+00
Si  0.3171095E+02  0.1091171E+01  0.1020862E+02
Si  0.3496895E+02  0.1149955E+02  0.3462532E+01
Si  0.3445089E+02  0.7597952E+01  0.9964320E+01
Si  0.1426058E+02  0.3830156E+01  0.1474348E+02
Si  0.3298710E+02  0.1049153E+02  0.8412996E+01
Si  0.3180087E+02  0.9116462E+01  0.1887337E+02
Si  0.2455860E+02  0.9253517E+01  0.1921283E+02
Si  0.3276067E+02  0.1991340E+02  0.7359742E+01
Si  0.2772091E+02  0.1725432E+02  0.1975392E+02
Si  0.2905720E+02  0.1226497E+02  0.1013964E+02
Si  0.4303346E+02  0.1136204E+02  0.1113854E+02
Si  0.3213080E+02  0.1642640E+02  0.1245609E+02
Si  0.4327033E+02  0.1471847E+02  0.2100442E+02
Si  0.3238906E+02  0.1654323E+02  0.8023898E+01
Si  0.3215996E+02  0.6738559E+01  0.6885150E+01
Si  0.3049346E+02  0.6200733E+01  0.1792368E+02
Si  0.3078167E+02  0.1401179E+02  0.1683454E+01
Si  0.2482477E+02  0.2889404E+01  0.6101039E+01
Si  0.2144660E+02  0.5364198E+01  0.1284186E+02
Si  0.2521516E+02  0.1246734E+02  0.1084525E+02
Si  0.3931730E+02  0.1924427E+02  0.7764117E+01
Si  0.3664521E+02  0.4175501E+01  0.8016856E+01
Si  0.4535842E+02  0.1343485E+02  0.1038786E+01
Si  0.3606929E+02  0.2484037E+01  0.6357975E+01
Si  0.1923706E+02  0.1077481E+02  0.1265362E+02
Si  0.3651204E+02  0.2057620E+01  0.3106233E+00
Si  0.1545688E+02  0.8019525E+01  0.1769439E+02
Si  0.4494267E+02  0.1282833E+02  0.1739084E+02
Si  0.3252661E+02  0.1032360E+02  0.1072279E+02
Si  0.2571377E+02  0.1489032E+02  0.2153814E+02
Si  0.3327052E+02  0.1878037E+02  0.1351202E+02
Si  0.2337013E+02  0.2136215E+02  0.5050789E+01
Si  0.2013786E+02  0.1938068E+02  0.1025550E+02
Si  0.3658253E+02  0.1183440E+02  0.9526890E+01
Si  0.2772720E+02  0.1515814E+02  0.6068123E+01
Si  0.1310419E+02  0.1393688E+02  0.3071310E+00
Si  0.4761049E+02  0.1641431E+02  0.1048175E+02
Si  0.1761130E+02  0.1115693E+02  0.5752502E+01
Si  0.2544489E+02  0.1251001E+02  0.1852907E+02
Si  0.4230169E+02  0.1983040E+02  0.1914298E+02
Si  0.3030586E+02  0.3503425E+01  0.7972591E+01
Si  0.3873946E+02  0.2142401E+02  0.1617837E+02
Si  0.2789944E+02  0.4033490E+01  0.1220355E+02
Si  0.2782273E+02  0.3322265E+01  0.1618517E+02
Si  0.2771349E+02  0.1822349E+02  0.1666693E+01
Si  0.4138341E+02  0.8230814E+01  0.6436128E+01
Si  0.3345323E+02  0.7473953E+01  0.1383238E+02
Si  0.2110346E+02  0.1023623E+02  0.1555235E+02
Si  0.4504656E+02  0.1298533E+02  0.4954452E+01
Si  0.4709327E+02  0.1225213E+02  0.1426587E+02
Si  0.4114802E+02  0.2789777E+01  0.4649379E+01
Si  0.2656153E+02  0.1662520E+02  0.7719092E+01
Si  0.4967743E+02  0.1792022E+02  0.1049590E+02
Si  0.3221545E+02  0.2684366E+01  0.1732333E+02
Si  0.2668562E+02  0.9557816E+01  0.1780816E+02
Si  0.2068790E+02  0.3600051E+01  0.3144530E+01
Si  0.3760489E+02  0.7316041E+01  0.3040024E+01
Si  0.3119531E+02  0.1850148E+02  0.8621972E+01
Si  0.2557743E+02  0.2129375E+00  0.1706368E+02
Si  0.2426457E+02  0.3720382E+01  0.9164387E+01
Si  0.3198084E+02  0.5526850E+01  0.1326768E+02
Si  0.3440761E+02  0.1981270E+02  0.2035356E+02
Si  0.2367575E+02  0.1745687E+02  0.1848689E+02
Si  0.2310138E+02  0.9966471E+01  0.1761972E+02
Si  0.2211222E+02  0.5750292E+01  0.1508430E+02
Si  0.2959057E+02  0.1257256E+02  0.3331168E+01
Si  0.3947926E+02  0.7113829E+01  0.1767265E+02
Si  0.1697939E+02  0.1921261E+02  0.8395173E+01
Si  0.3746167E+02  0.1029945E+02  0.5942373E+01
Si  0.3599721E+02  0.1801320E+02  0.1645500E+02
Si  0.3496829E+02  0.4914122E+01  0.1723145E+02
Si  0.5480338E+02  0.4530318E+00  0.1074477E+01
Si  0.3914060E+02  0.7026729E+01  0.7024259E+01
Si  0.1651227E+02  0.1683788E+02  0.9306454E+01
Si  0.2761358E+02  0.1349552E+02  0.8669570E+01
Si  0.4126322E+02  0.2138479E+02  0.9847500E+00
Si  0.5041137E+02  0.1495625E+02  0.1309626E+02
Si  0.1897848E+02  0.1106507E+02  0.2040618E+02
Si  0.3346610E+02  0.2081876E+02  0.1701352E+02
Si  0.4137870E+02  0.6189681E+01  0.2740585E+01
Si  0.4103428E+02  0.8294565E+01  0.1469985E+02
Si  0.2625361E+02  0.5655834E+01  0.1206574E+02
Si  0.4175916E+02  0.3550863E+00  0.1555645E+02
Si  0.4749555E+02  0.1842062E+02  0.1173856E+02
Si  0.3970973E+02  0.1020113E+01  0.1259256E+02
Si  0.2671151E+02  0.2157723E+02  0.9425732E+01
Si  0.3872538E+02  0.1239308E+02  0.1494963E+02
Si  0.2310564E+02  0.4996034E+01  0.1847316E+02
Si  0.1339036E+02  0.7531624E+01  0.1263161E+02
Si  0.3079060E+02  0.1484059E+02  0.8569225E+01
Si  0.3059647E+02  0.1047757E+02  0.7985900E+01
Si  0.2679696E+02  0.1884886E+02  0.2124563E+02
Si  0.3086252E+02  0.2877217E+01  0.4283840E+01
Si  0.2203461E+02  0.1654451E+02  0.5141416E+01
Si  0.3525050E+02  0.1180334E+02  0.1938616E+02
Si  0.4511017E+02  0.1155364E+02  0.1548625E+02
Si  0.5016577E+02  0.5725151E+01  0.1023884E+02
Si  0.3649241E+02  0.7376766E+01  0.2122048E+02
Si  0.5073708E+02  0.1591354E+02  0.5978134E+01
Si  0.1979620E+02  0.5579361E+01  0.5176473E+01
Si  0.4405944E+02  0.5556549E+01  0.1418031E+01
Si  0.3491573E+02  0.1937868E+01  0.2124823E+01
Si  0.4123447E+02  0.4689831E+01  0.1638512E+02
Si  0.4230691E+02  0.1569761E+01  0.2123769E+02
Si  0.2194127E+02  0.4667728E+00  0.1110449E+02
Si  0.2381146E+02  0.8180806E+00  0.2133168E+02
Si  0.2044544E+02  0.1376520E+02  0.1529723E+02
Si  0.1241265E+02  0.5598541E+00  0.7439945E+01
Si  0.1540892E+02  0.1641227E+02  0.1920238E+02
Si  0.1742098E+02  0.6605431E+01  0.4713239E+01
Si  0.2659656E+02  0.1801912E+02  0.1286712E+02
Si  0.2919696E+02  0.2829828E+01  0.1463639E+02
Si  0.3987402E+02  0.1075432E+02  0.9777626E+01
Si  0.3336603E+02  0.3412732E-01  0.2374275E+01
Si  0.3711244E+02  0.5876699E+01  0.1948070E+02
Si  0.3020115E+02  0.1377431E+02  0.1962153E+02
Si  0.3683533E+02  0.9577981E+01  0.2747483E+01
Si  0.3216517E+02  0.3935249E+01  0.1135058E+02
Si  0.3420643E+02  0.8068228E+01  0.2056270E+02
Si  0.4136803E+02  0.1901566E+01  0.1855257E+02
Si  0.2865816E+02  0.7672153E+01  0.1325502E+02
Si  0.2882451E+02  0.1557452E+02  0.1253188E+02
Si  0.3863232E+02  0.1888567E+02  0.1227969E+02
Si  0.4860761E+02  0.2169386E+02  0.8063180E+01
Si  0.3079301E+02  0.8251405E+01  0.2074479E+02
Si  0.2921498E+02  0.1095647E+02  0.1401676E+02
Si  0.4065993E+02  0.4612628E+01  0.1388072E+02
Si  0.1276849E+02  0.7840297E+01  0.2105408E+02
Si  0.3778129E+02  0.6816473E+01  0.1584491E+02
Si  0.2453836E+02  0.2138771E+01  0.2117387E+01
Si  0.1890128E+02  0.1302684E+02  0.1068271E+02
Si  0.1537746E+02  0.2126787E+02  0.6696525E+01
Si  0.1245682E+02  0.1823767E+02  0.1522986E+01
Si  0.3441192E+02  0.6485420E+01  0.1878220E+02
Si  0.1687790E+02  0.1306703E+02  0.1221931E+02
Si  0.2648141E+02  0.4473618E+01  0.8225193E+01
Si  0.3910089E+02  0.1549643E+02  0.1347342E+02
Si  0.3391025E+02  0.9406186E+01  0.6390884E+01
Si  0.4149297E+02  0.8883996E+01  0.2101881E+02
Si  0.1888146E+02  0.2168614E+02  0.1003266E+02
Si  0.4158043E+02  0.1288289E+02  0.1253820E+02
Si  0.1384780E+02  0.1253127E+02  0.1459688E+02
Si  0.2858577E+02  0.2952618E+01  0.3586110E+01
Si  0.4583116E+02  0.2165900E+02  0.1077289E+02
Si  0.2691900E+02  0.1019666E+02  0.1392636E+02
Si  0.1977011E+02  0.3801039E+00  0.5368268E+01
Si  0.4767145E+02  0.3421224E+01  0.1224399E+02
Si  0.9497298E+01  0.5511121E+01  0.7324314E+01
Si  0.3427350E+02  0.1571150E+02  0.5556038E+01
Si  0.2666351E+02  0.1916686E+02  0.1595408E+02
Si  0.4215637E+02  0.4107234E+01  0.1020007E+02
Si  0.3666053E+02  0.1683089E+02  0.8425957E+01
Si  0.3360151E+02  0.1864735E+02  0.1604926E+02
Si  0.4814983E+02  0.1382185E+01  0.1087043E+02
Si  0.4307148E+02  0.5710920E+01  0.1809010E+02
Si  0.3375288E+02  0.1853555E+02  0.1378224E+01
Si  0.1507377E+02  0.1813978E+01  0.1307936E+02
Si  0.4275609E+02  0.8830614E+00  0.9922114E+01
Si  0.2385631E+02  0.1996554E+02  0.1830621E+02
Si  0.1664467E+02  0.2143440E+02  0.4361855E+01
Si  0.2824012E+02  0.5022865E+01  0.2484953E+01
Si  0.4400600E+02  0.1723240E+02  0.1037959E+02
Si  0.4243238E+02  0.1653039E+02  0.7037923E+00
Si  0.2685507E+02  0.1436850E+02  0.1738392E+02
Si  0.1308768E+02  0.1418353E+02  0.4414193E+01
Si  0.3798868E+02  0.9726936E+01  0.1115073E+02
Si  0.2440297E+02  0.1882655E+02  0.2163053E+02
Si  0.1055016E+02  0.3401062E+01  0.2054856E+02
Si  0.2465078E+02  0.1168756E+02  0.6976989E+01
Si  0.2764128E+02  0.1615774E+02  0.4323027E+00
Si  0.2887147E+02  0.1315822E+02  0.6599231E+01
Si  0.2328182E+02  0.7271525E+01  0.1834724E+02
Si  0.3154150E+02  0.1583853E+02  0.1931829E+02
Si  0.2948306E+02  0.2154513E+02  0.2053111E+02
Si  0.4952813E+02  0.5642583E+01  0.1240259E+02
Si  0.1937116E+02  0.2782323E+01  0.1357704E+02
Si  0.1877045E+02  0.1152684E+02  0.8949757E+01
Si  0.4026520E+02  0.2632423E+01  0.5709394E+00
Si  0.3136558E+02  0.2417993E+01  0.2153464E+02
Si  0.4304136E+02  0.6366141E-01  0.2534206E+01
Si  0.3906556E+02  0.1472276E+01  0.2026181E+02
Si  0.3312893E+02  0.3887361E+01  0.2081279E+02
Si  0.1893728E+02  0.1550641E+02  0.1776341E+02
Si  0.3659107E+02  0.1341819E+02  0.9585485E+00
Si  0.4495619E+02  0.1594776E+02  0.1976455E+02
Si  0.4275758E+02  0.9356933E+01  0.7990696E+01
Si  0.4880772E+02  0.1336295E+02  0.2971852E+01
Si  0.4443014E+02  0.1363569E+02  0.8775087E+01
Si  0.5298774E+02  0.2123856E+02  0.1965943E+02
Si  0.3350745E+02  0.1273397E+02  0.8118100E+01
Si  0.4785940E+02  0.3971399E-01  0.1649607E+02
Si  0.4647604E+02  0.2129923E+02  0.9684628E+00
Si  0.4989994E+02  0.1958908E+02  0.1808701E+02
Si  0.5045712E+02  0.6538666E+01  0.7235977E+01
Si  0.4519682E+02  0.1520133E+01  0.2000623E+02
Si  0.4098216E+02  0.1504788E+01  0.2514311E+01
Si  0.3789173E+02  0.1049564E+02  0.8737381E+00
Si  0.5117831E+02  0.2143677E+02  0.7569499E-01
Si  0.4051070E+02  0.1502650E+02  0.3069828E+01
Si  0.4675176E+02  0.6491411E+01  0.1758008E+02
Si  0.5257166E+02  0.1943253E+02  0.3629708E+01
Si  0.5470642E+02  0.1883769E+02  0.4397324E+01
Si  0.5423972E+02  0.1332243E+02  0.1503703E+02
Si  0.3924441E+02  0.4164535E+01  0.4363011E+01
Si  0.5471211E+02  0.1958636E+02  0.2026951E+02
Si  0.5723370E+02  0.6487810E+00  0.2026363E+02
Si  0.5732858E+02  0.1949062E+02  0.1028341E+01
Si  0.5281278E+02  0.2057916E+02  0.1483984E+01
Si  0.5607004E+02  0.2072021E+02  0.2153994E+02
Si  0.5848603E+02  0.1798211E+01  0.3429020E+00
Si  0.5855362E+02  0.2048328E+02  0.2661893E+01
Si  0.5414824E+02  0.2519154E+01  0.4389968E+01
Si  0.6018736E+02  0.1903325E+02  0.2004465E+02
Si  0.6254968E+02  0.4140073E+00  0.2039481E+02
Si  0.6251862E+02  0.1907433E+02  0.1232803E+01
Si  0.5972593E+02  0.2029529E+00  0.1500960E+01
Si  0.6112856E+02  0.2064653E+02  0.2157690E+02
Si  0.6390671E+02  0.1553191E+01  0.2171797E+02
Si  0.6393048E+02  0.2064725E+02  0.2459445E+01
Si  0.6113855E+02  0.1481925E+01  0.2729523E+01
Si  0.3694042E+02  0.1719302E+02  0.1450266E+02
Si  0.3589338E+02  0.1155217E+02  0.1459586E+02
Si  0.4910202E+02  0.1292179E+02  0.1276795E+02
Si  0.3930146E+02  0.8531062E+01  0.3180126E+00
Si  0.5202069E+02  0.1775341E+02  0.1987742E+02
Si  0.4748540E+02  0.1786904E+01  0.5934573E+00
Si  0.4780804E+02  0.7448850E+01  0.9939057E+01
Si  0.3483782E+02  0.5860046E+00  0.1311144E+02
Si  0.4825555E+02  0.8572031E+01  0.5463200E+01
Si  0.5038236E+02  0.9259327E+01  0.3373930E+01
Si  0.4841174E+02  0.1947118E+02  0.2014435E+02
Si  0.4241580E+02  0.3661081E+01  0.2888730E+01
Si  0.4789314E+02  0.1507828E+02  0.1249414E+02
Si  0.5392733E+02  0.9417061E+01  0.1573644E+01
Si  0.5236231E+02  0.1219260E+02  0.1774374E+02
Si  0.5157819E+02  0.1348677E+01  0.9124635E+01
Si  0.5421640E+02  0.2867406E+01  0.2029040E+02
Si  0.5686736E+02  0.5422277E+01  0.2065313E+02
Si  0.5666103E+02  0.2710355E+01  0.1681523E+01
Si  0.5329393E+02  0.7304102E+01  0.2120634E+02
Si  0.5527251E+02  0.4359916E+01  0.3207225E+00
Si  0.5842076E+02  0.6888577E+01  0.5327300E-02
Si  0.5834289E+02  0.4162103E+01  0.2729911E+01
Si  0.5485979E+02  0.7325426E+01  0.2729015E+01
Si  0.5975342E+02  0.2822478E+01  0.2035733E+02
Si  0.6248227E+02  0.5664300E+01  0.2046343E+02
Si  0.6269426E+02  0.2855594E+01  0.1368078E+01
Si  0.5985650E+02  0.5315997E+01  0.1303201E+01
Si  0.6143075E+02  0.3859835E+01  0.5844489E-01
Si  0.6403349E+02  0.7014913E+01  0.3321763E-01
Si  0.6417677E+02  0.4221882E+01  0.2904961E+01
Si  0.6129495E+02  0.6681226E+01  0.2616339E+01
Si  0.5177875E+02  0.3796345E+01  0.3874848E+00
Si  0.4072111E+02  0.2028316E+02  0.1719142E+02
Si  0.4512822E+02  0.9634901E+01  0.1717089E+02
Si  0.3818175E+02  0.1527231E+02  0.5941257E+01
Si  0.4603084E+02  0.1750082E+02  0.9242785E+01
Si  0.4572185E+02  0.1554226E+02  0.7877647E+01
Si  0.4357839E+02  0.2618659E+01  0.8912587E+01
Si  0.3304879E+02  0.1335128E+02  0.1605302E+02
Si  0.4710049E+02  0.7268852E+01  0.2119123E+02
Si  0.5136372E+02  0.1178700E+02  0.1261078E+02
Si  0.4963509E+02  0.8368420E+01  0.1437953E+01
Si  0.3117751E+02  0.6601686E+01  0.6436035E+00
Si  0.3795788E+02  0.1460348E+02  0.2119847E+02
Si  0.4682783E+02  0.1702114E+02  0.2143848E+02
Si  0.5360375E+02  0.1768621E+02  0.1698545E+02
Si  0.4610266E+02  0.1389414E+02  0.2060407E+02
Si  0.5496017E+02  0.8360966E+01  0.1991628E+02
Si  0.5705563E+02  0.1073377E+02  0.2024872E+02
Si  0.5709491E+02  0.7879263E+01  0.1876068E+01
Si  0.4020156E+02  0.1588854E+02  0.6699304E-01
Si  0.5582731E+02  0.9000092E+01  0.6278361E-01
Si  0.5831924E+02  0.1218952E+02  0.6423770E-01
Si  0.5827303E+02  0.9624837E+01  0.2770459E+01
Si  0.5553760E+02  0.1284746E+02  0.2983090E+01
Si  0.5964068E+02  0.8118090E+01  0.2031105E+02
Si  0.6236342E+02  0.1105402E+02  0.2034579E+02
Si  0.6254187E+02  0.8140879E+01  0.1464982E+01
Si  0.5965690E+02  0.1058869E+02  0.1289681E+01
Si  0.6107662E+02  0.9397600E+01  0.2155579E+02
Si  0.6367471E+02  0.1257653E+02  0.2161604E+02
Si  0.6382256E+02  0.9811126E+01  0.2787291E+01
Si  0.6109205E+02  0.1217967E+02  0.2471085E+01
Si  0.4632453E+02  0.3258605E+01  0.2090411E+02
Si  0.4560330E+02  0.5751630E+01  0.1973989E+02
Si  0.3617232E+02  0.1489906E+02  0.7105165E+01
Si  0.4175381E+02  0.7601454E+01  0.1710317E+02
Si  0.3855578E+02  0.4586204E+01  0.1519162E+02
Si  0.3699763E+02  0.1673660E+02  0.3321431E+01
Si  0.3330268E+02  0.1004381E+02  0.2548932E+01
Si  0.4622340E+02  0.6943140E+01  0.1373180E+02
Si  0.4495914E+02  0.1705228E+01  0.7056415E+01
Si  0.3945314E+02  0.1825562E+02  0.1642787E+02
Si  0.3760074E+02  0.9402319E+01  0.2027801E+02
Si  0.5017442E+02  0.1262910E+02  0.1905516E+02
Si  0.5087255E+02  0.1673297E+02  0.3985004E+00
Si  0.5287391E+02  0.1598821E+01  0.1071141E+00
Si  0.4283226E+02  0.1360422E+02  0.1064935E+02
Si  0.3451879E+02  0.2149309E+02  0.9667827E+01
Si  0.5449854E+02  0.1412356E+02  0.1957638E+02
Si  0.5757981E+02  0.1656303E+02  0.2036853E+02
Si  0.5704073E+02  0.1370538E+02  0.1323425E+01
Si  0.5494290E+02  0.1610271E+02  0.1809628E+02
Si  0.5597306E+02  0.1520133E+02  0.2145633E+02
Si  0.5874057E+02  0.1800710E+02  0.2149504E+02
Si  0.5835859E+02  0.1507900E+02  0.2732805E+01
Si  0.5283851E+02  0.1601346E+02  0.1913143E+01
Si  0.5992145E+02  0.1366851E+02  0.2052453E+02
Si  0.6288793E+02  0.1612757E+02  0.2027538E+02
Si  0.6248062E+02  0.1383033E+02  0.1303909E+01
Si  0.5953602E+02  0.1644051E+02  0.1266821E+01
Si  0.6113878E+02  0.1527220E+02  0.2171046E+02
Si  0.6382358E+02  0.1770623E+02  0.6186704E-01
Si  0.6359576E+02  0.1511551E+02  0.2950390E+01
Si  0.6102752E+02  0.1768286E+02  0.2394633E+01
Si  0.4888810E+02  0.6241954E+01  0.2351331E+01
Si  0.5189298E+02  0.2153835E+02  0.1338529E+02
Si  0.5241462E+02  0.1968687E+02  0.1463605E+02
Si  0.4455042E+02  0.4132857E+01  0.7342374E+01
Si  0.5082647E+02  0.4548415E+01  0.2554106E+01
Si  0.3473593E+02  0.1347400E+02  0.2504089E+01
Si  0.4344928E+02  0.4700419E+01  0.1587056E+02
Si  0.5256378E+02  0.7937835E+01  0.7194935E+01
Si  0.5381690E+02  0.1741792E+02  0.6307985E+01
Si  0.4931227E+02  0.1694007E+02  0.4704199E+01
Si  0.4512203E+02  0.1670565E+02  0.5994477E+01
Si  0.4672986E+02  0.1081848E+02  0.2556277E+01
Si  0.4437958E+02  0.2103142E+02  0.1835980E+02
Si  0.5179795E+02  0.1314806E+02  0.1439453E+02
Si  0.5060046E+02  0.2088191E+02  0.8913935E+01
Si  0.5445592E+02  0.3010146E+01  0.9980633E+01
Si  0.5585530E+02  0.1831388E+02  0.2565758E+01
Si  0.5717307E+02  0.1088690E+00  0.3838909E+01
Si  0.5692603E+02  0.1939627E+02  0.6752165E+01
Si  0.5047525E+02  0.1912148E+02  0.2122816E+02
Si  0.5204480E+02  0.2032455E+01  0.5185057E+01
Si  0.5845114E+02  0.1430778E+01  0.5534713E+01
Si  0.5854745E+02  0.2039254E+02  0.8258110E+01
Si  0.5386200E+02  0.2150585E+02  0.6959173E+01
Si  0.5993186E+02  0.1923911E+02  0.3912917E+01
Si  0.6256095E+02  0.2171442E+02  0.4026513E+01
Si  0.6247534E+02  0.1909812E+02  0.6963363E+01
Si  0.5966951E+02  0.2160827E+02  0.6418555E+01
Si  0.6144396E+02  0.2025664E+02  0.5421859E+01
Si  0.6390910E+02  0.1247472E+01  0.5580011E+01
Si  0.6391793E+02  0.2046468E+02  0.8012783E+01
Si  0.6125220E+02  0.1563582E+01  0.8067457E+01
Si  0.4137349E+02  0.7053342E+01  0.1939533E+02
Si  0.4553056E+02  0.2747250E+01  0.4873179E+01
Si  0.4990823E+02  0.2003322E+02  0.6549996E+01
Si  0.3496748E+02  0.1946157E+02  0.8271006E+01
Si  0.4252002E+02  0.6440804E+01  0.4747094E+01
Si  0.3554220E+02  0.3163491E+01  0.4056158E+01
Si  0.3941988E+02  0.6592546E+01  0.1556216E+01
Si  0.3712295E+02  0.3976100E+01  0.1547054E+01
Si  0.4130849E+02  0.1860250E+02  0.8621902E+01
Si  0.5565938E+02  0.2065683E+02  0.5341237E+01
Si  0.5035311E+02  0.2218998E+01  0.1120703E+02
Si  0.5094098E+02  0.1744971E+01  0.1444703E+02
Si  0.4233415E+02  0.7321982E+01  0.9885155E+00
Si  0.5020374E+02  0.1149443E+02  0.5838507E+01
Si  0.5473185E+02  0.5443280E+01  0.6684935E+01
Si  0.4328228E+02  0.1253441E+02  0.1416271E+02
Si  0.5341942E+02  0.3679220E+01  0.7920383E+01
Si  0.5732030E+02  0.5527805E+01  0.4374940E+01
Si  0.5736306E+02  0.2643495E+01  0.7130072E+01
Si  0.5385465E+02  0.9390509E+01  0.3910611E+01
Si  0.5600119E+02  0.3904289E+01  0.5628783E+01
Si  0.5863843E+02  0.7134689E+01  0.5350317E+01
Si  0.5872092E+02  0.4276023E+01  0.8209025E+01
Si  0.5555401E+02  0.7094346E+01  0.7946610E+01
Si  0.5984069E+02  0.2895321E+01  0.4176606E+01
Si  0.6269326E+02  0.5544823E+01  0.3998865E+01
Si  0.6271392E+02  0.3111364E+01  0.6724819E+01
Si  0.5981552E+02  0.5614957E+01  0.6749806E+01
Si  0.6131314E+02  0.4390291E+01  0.5175270E+01
Si  0.6357840E+02  0.7059156E+01  0.5629663E+01
Si  0.6379135E+02  0.4608110E+01  0.8289947E+01
Si  0.6107110E+02  0.6977280E+01  0.8012346E+01
Si  0.2775277E+02  0.2115696E+02  0.1648518E+02
Si  0.3922417E+02  0.5594851E+01  0.1945924E+02
Si  0.4001330E+02  0.1339411E+02  0.2131652E+02
Si  0.4926487E+02  0.1320350E+02  0.2149124E+02
Si  0.4303615E+02  0.7889004E+00  0.5973577E+01
Si  0.5070132E+02  0.9683907E+01  0.7477625E+01
Si  0.4248537E+02  0.1755066E+02  0.2011606E+02
Si  0.4985503E+02  0.2633674E+01  0.8183205E+01
Si  0.5259727E+02  0.9392816E+01  0.1999096E+02
Si  0.5355598E+02  0.5956194E+01  0.1383266E+01
Si  0.4419400E+02  0.9379274E+01  0.1237779E+02
Si  0.5397666E+02  0.1900435E+01  0.6738515E+01
Si  0.4858031E+02  0.9498539E+01  0.1402156E+02
Si  0.4586130E+02  0.2063551E+02  0.3335329E+01
Si  0.4561375E+02  0.1991374E+02  0.1377150E+02
Si  0.4789864E+02  0.1091151E+02  0.3814507E+00
Si  0.5020281E+02  0.1043248E+02  0.1876623E+00
Si  0.5718541E+02  0.1126924E+02  0.3871607E+01
Si  0.5687579E+02  0.8304060E+01  0.6455110E+01
Si  0.4845319E+02  0.1064747E+02  0.4261989E+01
Si  0.5573902E+02  0.1009594E+02  0.5252334E+01
Si  0.5850391E+02  0.1229175E+02  0.5479513E+01
Si  0.5802858E+02  0.9679592E+01  0.8154749E+01
Si  0.5569026E+02  0.1477636E+02  0.4413059E+01
Si  0.5994344E+02  0.8369706E+01  0.3842038E+01
Si  0.6239670E+02  0.1113881E+02  0.4077370E+01
Si  0.6231112E+02  0.8531953E+01  0.6873860E+01
Si  0.5964145E+02  0.1084858E+02  0.6752398E+01
Si  0.6110479E+02  0.9609429E+01  0.5296989E+01
Si  0.6373859E+02  0.1253102E+02  0.5607730E+01
Si  0.6380458E+02  0.1003548E+02  0.8067534E+01
Si  0.6091964E+02  0.1233473E+02  0.8067264E+01
Si  0.3713859E+02  0.1179254E+01  0.1239115E+02
Si  0.3648024E+02  0.1927358E+02  0.6061721E+01
Si  0.4194439E+02  0.1911656E+02  0.1251330E+02
Si  0.3815307E+02  0.2093525E+02  0.1149394E+02
Si  0.3008563E+02  0.1418784E+02  0.1080659E+02
Si  0.4492250E+02  0.1667960E+02  0.1648068E+02
Si  0.3562075E+02  0.2146999E+02  0.1892883E+02
Si  0.3767603E+02  0.2049290E+02  0.9039808E+01
Si  0.3351795E+02  0.1111133E+02  0.5516198E+00
Si  0.5206631E+02  0.1457304E+02  0.3904094E+01
Si  0.5178482E+02  0.9886419E+01  0.1774236E+02
Si  0.4052057E+02  0.1753215E+02  0.1422676E+02
Si  0.4631623E+02  0.2013415E+02  0.5589983E+01
Si  0.4645184E+02  0.1099076E+02  0.5707348E+01
Si  0.5210550E+02  0.1358092E+02  0.9130859E+01
Si  0.4912124E+02  0.1293089E+02  0.7740109E+01
Si  0.5077261E+02  0.1238919E+02  0.1666709E+01
Si  0.5695745E+02  0.1675528E+02  0.3925501E+01
Si  0.5691824E+02  0.1390111E+02  0.6502584E+01
Si  0.5365982E+02  0.1511511E+02  0.5521329E+01
Si  0.4882235E+02  0.1531167E+02  0.1178353E+01
Si  0.5839861E+02  0.1806275E+02  0.5366262E+01
Si  0.5827855E+02  0.1518310E+02  0.8032432E+01
Si  0.5554118E+02  0.1797324E+02  0.7890661E+01
Si  0.5979941E+02  0.1378100E+02  0.3953139E+01
Si  0.6195519E+02  0.1657274E+02  0.4138160E+01
Si  0.6242029E+02  0.1382427E+02  0.6819383E+01
Si  0.5973793E+02  0.1638142E+02  0.6741086E+01
Si  0.6101587E+02  0.1499816E+02  0.5503094E+01
Si  0.6372808E+02  0.1790647E+02  0.5141042E+01
Si  0.6358448E+02  0.1520903E+02  0.7990711E+01
Si  0.6099344E+02  0.1773873E+02  0.8152763E+01
Si  0.4405275E+02  0.8290377E+01  0.4330118E+01
Si  0.4624969E+02  0.1848007E+02  0.1761832E+02
Si  0.4914829E+02  0.2696829E+01  0.1614196E+02
Si  0.3241562E+02  0.2070320E+02  0.1108907E+02
Si  0.5140767E+02  0.1765209E+02  0.2459658E+01
Si  0.5341413E+02  0.1856829E+02  0.1140357E+00
Si  0.4854329E+02  0.9056556E+01  0.8160801E+01
Si  0.4982191E+02  0.2166428E+02  0.1196957E+02
Si  0.4795011E+02  0.7745921E+01  0.1235085E+02
Si  0.4857329E+02  0.1811248E+02  0.1702441E+02
Si  0.4976048E+02  0.1132885E+01  0.1014273E+01
Si  0.4530616E+02  0.1152497E+02  0.1158816E+02
Si  0.5080103E+02  0.2873052E+01  0.1818110E+02
Si  0.4924158E+02  0.1426121E+01  0.6206305E+01
Si  0.5592893E+02  0.1450002E+01  0.8781250E+01
Si  0.4582323E+02  0.2478873E+01  0.1095897E+02
Si  0.5456037E+02  0.1923645E+02  0.9450505E+01
Si  0.5717728E+02  0.2163705E+02  0.9967390E+01
Si  0.5706293E+02  0.1889479E+02  0.1249089E+02
Si  0.5122118E+02  0.6768590E+01  0.1366757E+02
Si  0.5578003E+02  0.2045096E+02  0.1128320E+02
Si  0.5853722E+02  0.1444856E+01  0.1095365E+02
Si  0.5852713E+02  0.2045853E+02  0.1351151E+02
Si  0.5568150E+02  0.1816435E+01  0.1373633E+02
Si  0.5977856E+02  0.1878350E+02  0.9625167E+01
Si  0.6267516E+02  0.8172037E-01  0.9527673E+01
Si  0.6233399E+02  0.1921253E+02  0.1248165E+02
Si  0.6004364E+02  0.1098429E+00  0.1238435E+02
Si  0.6110100E+02  0.2039054E+02  0.1097324E+02
Si  0.6383662E+02  0.1502265E+01  0.1087340E+02
Si  0.6390222E+02  0.2068354E+02  0.1388242E+02
Si  0.6135890E+02  0.1579275E+01  0.1368178E+02
Si  0.4594566E+02  0.1178133E+02  0.9518517E+01
Si  0.5291084E+02  0.1196673E+02  0.1064721E+02
Si  0.5060892E+02  0.1559732E+02  0.1986021E+02
Si  0.4508266E+02  0.1665048E+02  0.1400506E+02
Si  0.4665213E+02  0.8408728E+01  0.1571255E+02
Si  0.5307959E+02  0.9325883E+01  0.1220571E+02
Si  0.4111376E+02  0.1079521E+02  0.4789589E+01
Si  0.3860795E+02  0.8600649E+01  0.1437092E+02
Si  0.4865707E+02  0.3776947E+01  0.2811820E+01
Si  0.5402094E+02  0.8455435E+01  0.9124375E+01
Si  0.5292060E+02  0.1647747E+01  0.1093291E+02
Si  0.4193714E+02  0.1140447E+02  0.7181703E+01
Si  0.5366745E+02  0.6372012E+01  0.4808734E+01
Si  0.4925176E+02  0.7685755E+01  0.1998542E+02
Si  0.5182179E+02  0.3328992E+01  0.1599905E+02
Si  0.5100790E+02  0.1985585E+02  0.1096536E+02
Si  0.4824812E+02  0.1908087E+02  0.5225000E+01
Si  0.5702887E+02  0.5626711E+01  0.9127646E+01
Si  0.5745286E+02  0.3163164E+01  0.1200832E+02
Si  0.5381355E+02  0.7176909E+01  0.1091315E+02
Si  0.5591203E+02  0.4494793E+01  0.1096420E+02
Si  0.5801763E+02  0.6824190E+01  0.1073429E+02
Si  0.5865483E+02  0.4627570E+01  0.1376880E+02
Si  0.5530166E+02  0.6210981E+01  0.1256007E+02
Si  0.5996106E+02  0.2832228E+01  0.9512126E+01
Si  0.6219494E+02  0.6017173E+01  0.9636505E+01
Si  0.6275861E+02  0.2993329E+01  0.1227836E+02
Si  0.5959266E+02  0.5846471E+01  0.1219173E+02
Si  0.6106057E+02  0.4383487E+01  0.1106880E+02
Si  0.6366473E+02  0.7420813E+01  0.1085458E+02
Si  0.6380077E+02  0.4293117E+01  0.1400063E+02
Si  0.6095576E+02  0.7060849E+01  0.1366481E+02
Si  0.3591990E+02  0.6073362E+01  0.4502791E+01
Si  0.3824352E+02  0.1820217E+02  0.9807337E+01
Si  0.5383938E+02  0.1189128E+02  0.1713600E+01
Si  0.3809688E+02  0.1861925E+02  0.1856440E+02
Si  0.5384700E+02  0.8916278E+01  0.1763945E+02
Si  0.4266285E+02  0.9870401E+01  0.1643023E+02
Si  0.3532348E+02  0.1098176E+02  0.5693925E+01
Si  0.3623112E+02  0.2144134E+02  0.7405985E+01
Si  0.5148781E+02  0.1827257E+02  0.6789760E+01
Si  0.4232334E+02  0.1220380E+02  0.2903268E+01
Si  0.5205945E+02  0.1193593E+02  0.7287506E+01
Si  0.3787731E+02  0.1518898E+02  0.1562943E+02
Si  0.4418613E+02  0.1827640E+02  0.1240707E+02
Si  0.5083669E+02  0.1808063E+02  0.1457938E+02
Si  0.5532102E+02  0.7500189E+01  0.1504122E+02
Si  0.5052870E+02  0.1494174E+02  0.8094965E+01
Si  0.5436024E+02  0.1139310E+02  0.6303644E+01
Si  0.5677150E+02  0.1114536E+02  0.9223047E+01
Si  0.5669590E+02  0.8279655E+01  0.1216755E+02
Si  0.5463615E+02  0.1098749E+02  0.1206001E+02
Si  0.5560051E+02  0.1247162E+02  0.7961485E+01
Si  0.5822605E+02  0.1243892E+02  0.1064216E+02
Si  0.5834907E+02  0.9398269E+01  0.1332856E+02
Si  0.5556106E+02  0.9700542E+01  0.1041858E+02
Si  0.5919337E+02  0.8209454E+01  0.9337096E+01
Si  0.6235825E+02  0.1101412E+02  0.9605395E+01
Si  0.6220565E+02  0.8535667E+01  0.1223012E+02
Si  0.5953376E+02  0.1125027E+02  0.1219609E+02
Si  0.6072082E+02  0.9575478E+01  0.1088267E+02
Si  0.6377826E+02  0.1257682E+02  0.1095176E+02
Si  0.6394681E+02  0.9700273E+01  0.1367983E+02
Si  0.6095558E+02  0.1244224E+02  0.1367054E+02
Si  0.3188132E+02  0.1562255E+02  0.1633664E+02
Si  0.4745193E+02  0.1119822E+02  0.7860424E+01
Si  0.3815525E+02  0.3165286E+01  0.6235838E+01
Si  0.3966698E+02  0.9352074E+01  0.7710729E+01
Si  0.4103366E+02  0.2090343E+02  0.1364171E+02
Si  0.4177463E+02  0.6254967E+01  0.9729150E+01
Si  0.4074513E+02  0.1316221E+02  0.1615791E+02
Si  0.4842331E+02  0.5860047E+01  0.8491615E+01
Si  0.5018417E+02  0.1367216E+02  0.4815032E+01
Si  0.5201228E+02  0.1058680E+02  0.2986502E+01
Si  0.4640423E+02  0.2123022E+02  0.1979607E+02
Si  0.4292993E+02  0.1336194E+02  0.1890367E+02
Si  0.4992882E+02  0.3340610E+01  0.1320975E+02
Si  0.4740642E+02  0.1666231E+02  0.2216032E+01
Si  0.5205814E+02  0.1609253E+02  0.1573909E+02
Si  0.4612338E+02  0.1448962E+02  0.1431684E+02
Si  0.5439914E+02  0.1356543E+02  0.9515841E+01
Si  0.5674197E+02  0.1645961E+02  0.9322469E+01
Si  0.5709325E+02  0.1370445E+02  0.1232898E+02
Si  0.4862670E+02  0.2144595E+02  0.1895404E+02
Si  0.5566849E+02  0.1498383E+02  0.1085351E+02
Si  0.5843158E+02  0.1775946E+02  0.1098677E+02
Si  0.5820547E+02  0.1501603E+02  0.1384268E+02
Si  0.5549362E+02  0.1743018E+02  0.1325413E+02
Si  0.5957684E+02  0.1392168E+02  0.9477833E+01
Si  0.6239728E+02  0.1649122E+02  0.9595870E+01
Si  0.6235796E+02  0.1367197E+02  0.1229904E+02
Si  0.5969148E+02  0.1632711E+02  0.1236426E+02
Si  0.6110172E+02  0.1502516E+02  0.1117163E+02
Si  0.6367120E+02  0.1790574E+02  0.1100309E+02
Si  0.6387359E+02  0.1512543E+02  0.1343456E+02
Si  0.6106977E+02  0.1762517E+02  0.1382377E+02
Si  0.5121087E+02  0.4679507E+01  0.8078571E+01
Si  0.5280207E+02  0.1810010E+02  0.1055933E+02
Si  0.4349687E+02  0.1647015E+02  0.1801918E+02
Si  0.4870096E+02  0.5498700E+01  0.1817094E+00
Si  0.4807743E+02  0.1537459E+02  0.2051028E+02
Si  0.4444888E+02  0.8055249E+01  0.5467572E+00
Si  0.5553215E+02  0.1366617E+01  0.3018319E+01
Si  0.4637927E+02  0.1460607E+02  0.1672865E+02
Si  0.5136324E+02  0.1699152E+02  0.8745066E+01
Si  0.4569921E+02  0.3151223E+01  0.1385974E+02
Si  0.5025580E+02  0.5146791E+00  0.1653082E+02
Si  0.5194673E+02  0.2039570E+02  0.5640368E+01
Si  0.5092221E+02  0.2007734E+01  0.2978932E+01
Si  0.5418015E+02  0.2117739E+00  0.1257826E+02
Si  0.5481256E+02  0.1666849E+02  0.9355658E+00
Si  0.4289634E+02  0.1024281E+02  0.1422140E+02
Si  0.5442910E+02  0.1857216E+02  0.1514857E+02
Si  0.5715366E+02  0.2821670E+00  0.1477349E+02
Si  0.5717055E+02  0.1934213E+02  0.1763716E+02
Si  0.5495104E+02  0.2161125E+02  0.1787815E+02
Si  0.5595764E+02  0.2054029E+02  0.1605153E+02
Si  0.5857316E+02  0.1684618E+01  0.1618417E+02
Si  0.5854089E+02  0.2063189E+02  0.1887697E+02
Si  0.5581636E+02  0.1938266E+01  0.1884602E+02
Si  0.5986026E+02  0.1910243E+02  0.1503066E+02
Si  0.6251621E+02  0.2217263E+00  0.1495851E+02
Si  0.6271754E+02  0.1916198E+02  0.1766932E+02
Si  0.5984558E+02  0.4066731E+00  0.1754993E+02
Si  0.6124723E+02  0.2049781E+02  0.1632318E+02
Si  0.6400485E+02  0.1416607E+01  0.1635316E+02
Si  0.6394426E+02  0.2037551E+02  0.1930110E+02
Si  0.6125941E+02  0.1590433E+01  0.1897167E+02
Si  0.2350243E+02  0.6078987E+01  0.9158927E-01
Si  0.4183871E+02  0.1492556E+02  0.1748211E+02
Si  0.4245256E+02  0.4229432E+01  0.6208651E+01
Si  0.4888923E+02  0.1848928E+02  0.2841247E+01
Si  0.5097701E+02  0.9864743E+01  0.1361953E+02
Si  0.4320695E+02  0.1261179E+02  0.6043796E+00
Si  0.4424001E+02  0.8006294E+00  0.2838989E+00
Si  0.5056620E+02  0.1505594E+02  0.1746585E+02
Si  0.3611361E+02  0.6395362E+01  0.1693494E+01
Si  0.5078791E+02  0.8922920E+00  0.1952152E+02
Si  0.5360123E+02  0.1355130E+01  0.1647770E+02
Si  0.5128074E+02  0.7754394E+01  0.4890296E+01
Si  0.4602684E+02  0.5144357E+01  0.1547267E+02
Si  0.5233944E+02  0.2100385E+02  0.1647151E+02
Si  0.4609590E+02  0.1187204E+02  0.1917179E+02
Si  0.5051498E+02  0.4310441E+00  0.4512189E+01
Si  0.5405674E+02  0.3387334E+01  0.1477771E+02
Si  0.5713108E+02  0.5775513E+01  0.1507018E+02
Si  0.5723001E+02  0.3154483E+01  0.1748168E+02
Si  0.5383219E+02  0.5182797E+01  0.1777308E+02
Si  0.5555044E+02  0.4278370E+01  0.1619710E+02
Si  0.5853748E+02  0.7100859E+01  0.1663512E+02
Si  0.5831810E+02  0.3997353E+01  0.1927791E+02
Si  0.5575461E+02  0.6401387E+01  0.1886918E+02
Si  0.5999252E+02  0.3046299E+01  0.1505769E+02
Si  0.6228959E+02  0.5592723E+01  0.1491336E+02
Si  0.6263487E+02  0.2854926E+01  0.1776120E+02
Si  0.5984771E+02  0.5497677E+01  0.1798343E+02
Si  0.6121309E+02  0.4249382E+01  0.1651381E+02
Si  0.6376034E+02  0.6702586E+01  0.1633087E+02
Si  0.6385468E+02  0.4150594E+01  0.1927213E+02
Si  0.6114098E+02  0.6938501E+01  0.1916740E+02
Si  0.4465739E+02  0.9281211E+01  0.2004503E+02
Si  0.4534669E+02  0.1813011E+02  0.1978062E+02
Si  0.4233307E+02  0.1908841E+02  0.3964398E+01
Si  0.3885972E+02  0.1644971E+02  0.1966203E+02
Si  0.4449406E+02  0.5700082E+01  0.1204172E+02
Si  0.3660519E+02  0.1685404E+02  0.1844932E+02
Si  0.4478041E+02  0.7505070E+01  0.1826781E+02
Si  0.3915315E+02  0.4673443E+01  0.7489274E-01
Si  0.4179259E+02  0.9437760E+01  0.1046576E+02
Si  0.5147074E+02  0.8604458E+01  0.1562576E+02
Si  0.3723055E+02  0.1295465E+02  0.1308038E+02
Si  0.3978385E+02  0.1375700E+02  0.7084361E+01
Si  0.5344139E+02  0.5585020E+01  0.1396582E+02
Si  0.4798341E+02  0.1190484E+02  0.1803322E+02
Si  0.5321688E+02  0.6924743E+01  0.1615238E+02
Si  0.4870718E+02  0.1131074E+02  0.1576548E+02
Si  0.5087165E+02  0.6140800E+01  0.2133286E+02
Si  0.5718835E+02  0.1097111E+02  0.1485363E+02
Si  0.5682162E+02  0.8328055E+01  0.1762584E+02
Si  0.4837295E+02  0.1587639E+02  0.1733018E+02
Si  0.5564523E+02  0.9556122E+01  0.1605611E+02
Si  0.5860068E+02  0.1214372E+02  0.1648321E+02
Si  0.5836193E+02  0.9532662E+01  0.1894140E+02
Si  0.5568072E+02  0.1210464E+02  0.1901505E+02
Si  0.5960518E+02  0.8459523E+01  0.1512929E+02
Si  0.6243635E+02  0.1118996E+02  0.1476769E+02
Si  0.6264834E+02  0.7865966E+01  0.1773109E+02
Si  0.6008830E+02  0.1080092E+02  0.1768176E+02
Si  0.6143314E+02  0.9499776E+01  0.1630070E+02
Si  0.6377306E+02  0.1245222E+02  0.1623729E+02
Si  0.6372161E+02  0.9601009E+01  0.1882397E+02
Si  0.6110825E+02  0.1239088E+02  0.1909656E+02
Si  0.4778810E+02  0.1534656E+02  0.4104751E+01
Si  0.5353117E+02  0.1269254E+02  0.4718062E+01
Si  0.5022385E+02  0.9672384E+01  0.1965764E+02
Si  0.5237124E+02  0.1373149E+02  0.8045570E+00
Si  0.4365829E+02  0.1621518E+01  0.1803756E+02
Si  0.4575580E+02  0.2049707E+02  0.1632591E+02
Si  0.4537636E+02  0.6366253E+01  0.3070906E+01
Si  0.4740016E+02  0.2233740E+01  0.8660736E+01
Si  0.4449402E+02  0.1371521E+02  0.1230303E+02
Si  0.5205523E+02  0.1360636E+02  0.1998749E+02
Si  0.5590067E+02  0.1233686E+02  0.1349208E+02
Si  0.4695277E+02  0.4128476E+01  0.7457935E+01
Si  0.5043545E+02  0.1282105E+02  0.1651434E+02
Si  0.5290924E+02  0.1518566E+02  0.1375981E+02
Si  0.5457848E+02  0.1172016E+02  0.1691464E+02
Si  0.4516717E+02  0.1993311E+02  0.9015929E+01
Si  0.5730411E+02  0.1359255E+02  0.1764410E+02
Si  0.5673306E+02  0.1647475E+02  0.1488410E+02
Si  0.5569454E+02  0.1478505E+02  0.1631966E+02
Si  0.5104307E+02  0.1723845E+02  0.1239967E+02
Si  0.5235384E+02  0.1933549E+02  0.1814031E+02
Si  0.5829148E+02  0.1765981E+02  0.1634086E+02
Si  0.5858296E+02  0.1503922E+02  0.1922252E+02
Si  0.5598778E+02  0.1794392E+02  0.1905823E+02
Si  0.5974175E+02  0.1362568E+02  0.1519010E+02
Si  0.6260598E+02  0.1649654E+02  0.1496865E+02
Si  0.6250334E+02  0.1364288E+02  0.1755653E+02
Si  0.5985845E+02  0.1635589E+02  0.1771549E+02
Si  0.6118514E+02  0.1509681E+02  0.1632373E+02
Si  0.6392238E+02  0.1787978E+02  0.1641846E+02
Si  0.6404276E+02  0.1493358E+02  0.1874585E+02
Si  0.6156565E+02  0.1757857E+02  0.1895174E+02
