         
  0.6515772E+02  0.0000000E+00  0.2171924E+02
  0.0000000E+00  0.0000000E+00  0.2171924E+02
  0.6514575E+02  0.2027501E+02  0.6598787E-01
  0.2791022E+01  0.1129458E+01  0.2130846E+00
  0.2717863E+01  0.1995599E+02  0.2887419E+01
  0.6503255E+02  0.1025790E+01  0.2743866E+01
  0.1616144E+01  0.2158459E+02  0.1471477E+01
  0.4009582E+01  0.2406222E+01  0.1552221E+01
  0.4073996E+01  0.2145956E+02  0.4238867E+01
  0.1377918E+01  0.2624209E+01  0.4144666E+01
  0.5584628E+01  0.2017637E+02  0.1841908E+00
  0.8244388E+01  0.1202728E+01  0.2167819E+02
  0.8385272E+01  0.1997388E+02  0.2939222E+01
  0.5449941E+01  0.1086971E+01  0.2843977E+01
  0.7142246E+01  0.2143226E+02  0.1566598E+01
  0.9126751E+01  0.5440080E+01  0.4062382E+01
  0.7964325E+01  0.1247864E+01  0.5589952E+01
  0.6621005E+01  0.2554409E+01  0.3991988E+01
  0.1086513E+02  0.1137227E+01  0.1876672E+02
  0.2445186E+02  0.1130511E+02  0.4911054E+01
  0.2008786E+02  0.5135671E+01  0.1399592E+02
  0.1450347E+02  0.7093035E+01  0.2074630E+02
  0.1604201E+02  0.5656642E+01  0.2665762E+01
  0.3334650E+02  0.1124896E+02  0.3552970E+01
  0.1018435E+02  0.1047720E+02  0.6778126E+01
  0.2563384E+02  0.2085300E+02  0.1167306E+02
  0.1722417E+02  0.1214845E+02  0.4296273E+01
  0.1700698E+02  0.1123927E+02  0.2160106E+02
  0.2676192E+02  0.4142397E+01  0.1538976E+02
  0.1235628E+02  0.3043558E+01  0.1958047E+02
  0.1873789E+02  0.2100659E+01  0.5220822E+01
  0.2346860E+02  0.1127838E+01  0.6385692E+01
  0.1114753E+02  0.2006488E+02  0.2161506E+02
  0.2427185E+02  0.4877263E+01  0.1068260E+02
  0.2934373E-01  0.3768303E+01  0.7378101E-01
  0.2462200E+01  0.6607375E+01  0.3353496E+00
  0.2694723E+01  0.4028300E+01  0.2643980E+01
  0.6499936E+02  0.6511463E+01  0.2740910E+01
  0.1245533E+01  0.5285389E+01  0.1569713E+01
  0.3736342E+01  0.7828360E+01  0.1574772E+01
  0.3589098E+01  0.5108894E+01  0.4584346E+01
  0.1167711E+01  0.7863650E+01  0.4251011E+01
  0.5180521E+01  0.3790390E+01  0.1574455E+00
  0.7907286E+01  0.6401935E+01  0.2126233E+00
  0.7993444E+01  0.3877318E+01  0.2627453E+01
  0.4963067E+01  0.6549409E+01  0.3222464E+01
  0.6346199E+01  0.5258180E+01  0.1699831E+01
  0.1129075E+02  0.6618205E+01  0.1143476E+01
  0.9939493E+01  0.2196039E+01  0.6895628E+01
  0.6577725E+01  0.7729393E+01  0.4471130E+01
  0.1485776E+02  0.4117230E+01  0.4047976E+01
  0.2838214E+02  0.6728860E+01  0.1371003E+02
  0.2718466E+02  0.1438462E+02  0.6932776E+01
  0.9556095E+01  0.7992103E+01  0.7178318E+01
  0.1524878E+02  0.1618986E+02  0.3273896E+00
  0.1683449E+02  0.1327797E+01  0.4185307E+01
  0.2159144E+02  0.7980824E+01  0.1691368E+02
  0.9566055E+01  0.1644365E+02  0.4677106E+01
  0.2761890E+02  0.7946521E+00  0.2745375E+01
  0.1837078E+02  0.9937863E+01  0.4790871E+01
  0.1717146E+02  0.1376377E+02  0.1071025E+02
  0.2052451E+02  0.1409578E+02  0.1688414E+02
  0.1827834E+02  0.1728367E+02  0.5217202E+01
  0.2170072E+02  0.1958653E+02  0.1081416E+01
  0.2077545E+02  0.7254454E+01  0.9906658E+01
  0.1730118E+02  0.1997608E+02  0.1840758E+02
  0.6491468E+02  0.9324609E+01  0.2200754E+00
  0.2714300E+01  0.1196678E+02  0.2866210E+00
  0.2401264E+01  0.9410898E+01  0.2954377E+01
  0.6512927E+02  0.1233332E+02  0.3059785E+01
  0.1209239E+01  0.1090255E+02  0.1617199E+01
  0.4199000E+01  0.1343638E+02  0.1561929E+01
  0.4068439E+01  0.1057378E+02  0.4161190E+01
  0.1662322E+01  0.1348253E+02  0.4172559E+01
  0.5375583E+01  0.9055767E+01  0.1711607E+00
  0.8374309E+01  0.1204270E+02  0.6195274E-01
  0.1207717E+02  0.1248552E+02  0.4265254E+01
  0.5605375E+01  0.1217852E+02  0.3085453E+01
  0.6574177E+01  0.1099885E+02  0.1145820E+01
  0.9676273E+01  0.1320567E+02  0.1563414E+01
  0.1303735E+02  0.2011506E+02  0.5563165E+01
  0.7121727E+01  0.1333197E+02  0.4104763E+01
  0.1094197E+02  0.1124203E+02  0.2630327E+01
  0.1604680E+02  0.1759439E+02  0.1840948E+02
  0.2193345E+02  0.1423973E+02  0.9204467E+01
  0.1671733E+02  0.1570832E+02  0.1416579E+02
  0.1601377E+02  0.1708276E+02  0.4549450E+01
  0.1937727E+02  0.1138715E+02  0.6444854E+01
  0.2096248E+02  0.2145086E+02  0.1858685E+02
  0.2527469E+02  0.7906757E+01  0.3690720E+01
  0.1269376E+02  0.7199721E+01  0.1278035E+02
  0.2379647E+02  0.2320161E+00  0.1033627E+02
  0.2093902E+02  0.8279985E+01  0.2022390E+01
  0.1321851E+02  0.1466822E+02  0.1373116E+02
  0.1792656E+02  0.1395276E+02  0.8403048E+01
  0.3304323E+02  0.1617886E+02  0.4136708E+01
  0.4019522E+02  0.1415731E+02  0.1277453E+02
  0.3868205E+02  0.4579567E+01  0.1808103E+02
  0.3361259E+00  0.1527351E+02  0.9124053E-01
  0.3045831E+01  0.1750551E+02  0.1108313E-01
  0.2976910E+01  0.1493730E+02  0.2955868E+01
  0.6533892E-01  0.1768940E+02  0.2990301E+01
  0.1647216E+01  0.1647248E+02  0.1703233E+01
  0.4283762E+01  0.1880800E+02  0.1551314E+01
  0.4299065E+01  0.1617089E+02  0.4483241E+01
  0.1361175E+01  0.1883584E+02  0.4277972E+01
  0.5814961E+01  0.1473438E+02  0.1652726E+00
  0.8356530E+01  0.1729338E+02  0.1021342E+00
  0.8702240E+01  0.1486762E+02  0.3122345E+01
  0.5606818E+01  0.1753880E+02  0.2965985E+01
  0.7125913E+01  0.1609067E+02  0.1756410E+01
  0.9789071E+01  0.1878943E+02  0.1361341E+01
  0.1782147E+02  0.1774646E+01  0.2103617E+01
  0.6871204E+01  0.1900719E+02  0.4524853E+01
  0.1606224E+02  0.2072725E+02  0.2158469E+02
  0.1434282E+02  0.1737745E+02  0.2020129E+02
  0.1831624E+02  0.1465521E+02  0.2925432E+01
  0.2305595E+02  0.1202235E+02  0.1236933E+02
  0.1408265E+02  0.1745411E+01  0.2063148E+02
  0.2173071E+02  0.1555035E+01  0.3400442E+01
  0.1826709E+02  0.5642279E+01  0.1962758E+01
  0.9541299E+01  0.3056317E+01  0.7520482E+00
  0.2168404E+02  0.1468217E+02  0.2138855E+02
  0.1591978E+02  0.9939425E+01  0.8530519E+01
  0.3056439E+02  0.2641705E+01  0.5644813E+01
  0.1725866E+02  0.5518427E+00  0.2031759E+02
  0.1812771E+02  0.1909840E+02  0.1637891E+02
  0.2366809E+02  0.9892350E+01  0.1013918E+02
  0.2130833E+02  0.1518579E+02  0.1483707E+02
  0.1328641E+02  0.1887229E+02  0.2131943E+02
  0.6497747E+02  0.2015499E+02  0.5559708E+01
  0.2784870E+01  0.1155076E+01  0.5500459E+01
  0.2743190E+01  0.2035393E+02  0.8378741E+01
  0.6490629E+02  0.1039466E+01  0.8050728E+01
  0.1380171E+01  0.2162790E+02  0.6774579E+01
  0.4026858E+01  0.2553517E+01  0.6853010E+01
  0.4318026E+01  0.2159433E+02  0.9442161E+01
  0.1177164E+01  0.2489678E+01  0.9420372E+01
  0.5236047E+01  0.2022252E+02  0.5774093E+01
  0.1412319E+02  0.1740945E+01  0.6084987E+01
  0.8118660E+01  0.2057844E+02  0.8204007E+01
  0.5379039E+01  0.1492723E+01  0.8399849E+01
  0.6702451E+01  0.2154397E+02  0.6975502E+01
  0.1746304E+02  0.6965218E+01  0.1898960E+02
  0.9451767E+01  0.1897252E+02  0.7200725E+01
  0.6870899E+01  0.2565718E+01  0.9934916E+01
  0.2847269E+02  0.3256503E+01  0.4464050E+00
  0.2351774E+02  0.2742856E+01  0.1973895E+02
  0.1474326E+02  0.1139377E+02  0.1406692E+02
  0.1251663E+02  0.4563094E+01  0.4005940E+01
  0.1457049E+02  0.1240751E+02  0.1804558E+02
  0.1866248E+02  0.1620938E+02  0.7290095E+01
  0.1417564E+02  0.1778675E+02  0.1551860E+01
  0.1387058E+02  0.4515094E+00  0.1607799E+02
  0.1629728E+02  0.2754069E+01  0.7983998E+01
  0.1656238E+02  0.5788516E+01  0.1495735E+02
  0.1352423E+02  0.2064610E+02  0.1416696E+02
  0.9296266E+01  0.7965943E+01  0.1436980E+01
  0.1161150E+02  0.1916272E+02  0.1406554E+02
  0.2270554E+02  0.3596412E+01  0.9381338E+01
  0.2085497E+02  0.1589567E+02  0.7910080E+01
  0.1095535E+02  0.1227966E+02  0.8197197E+01
  0.1715939E+00  0.3938637E+01  0.5705599E+01
  0.2569663E+01  0.6627776E+01  0.5584618E+01
  0.2838944E+01  0.3853965E+01  0.8464789E+01
  0.6512163E+02  0.6903675E+01  0.8180317E+01
  0.1450092E+01  0.5255986E+01  0.7219516E+01
  0.3937455E+01  0.7951272E+01  0.6822159E+01
  0.4285347E+01  0.5367848E+01  0.9678635E+01
  0.1443724E+01  0.8032535E+01  0.9776559E+01
  0.5354643E+01  0.3737750E+01  0.5276002E+01
  0.9282215E+01  0.4921863E+01  0.2118841E+02
  0.6681268E+01  0.4994596E+01  0.6897347E+01
  0.5406999E+01  0.6606586E+01  0.8022758E+01
  0.8291790E+01  0.3545622E+01  0.8213254E+01
  0.1331586E+02  0.4905600E+01  0.1335559E+02
  0.1255849E+02  0.5406004E+00  0.1205384E+02
  0.6795369E+01  0.7813797E+01  0.9760314E+01
  0.1991281E+02  0.2170317E+02  0.5811279E+01
  0.7766488E+01  0.9608944E+01  0.2893000E+01
  0.9898838E+01  0.9828919E+01  0.4294905E+01
  0.1139974E+02  0.6576694E+01  0.7914292E+01
  0.9496980E+01  0.2166635E+02  0.4200629E+01
  0.1082285E+02  0.9088167E+01  0.1083291E+02
  0.1260250E+02  0.1589183E+02  0.5402786E+01
  0.2500832E+02  0.2010167E+01  0.1797433E+02
  0.1452628E+02  0.1127930E+01  0.8435512E+01
  0.2147269E+02  0.1787240E+02  0.9284310E+01
  0.2114401E+02  0.4512357E+01  0.1200256E+02
  0.3025135E+02  0.2678867E+01  0.1132501E+02
  0.3408050E+02  0.2697859E+01  0.1789167E+02
  0.1138052E+02  0.1768936E+02  0.1207498E+02
  0.2674948E+02  0.1513974E+02  0.1285037E+02
  0.1341761E+02  0.1836531E+02  0.1106802E+02
  0.6500179E+02  0.9417651E+01  0.5619421E+01
  0.2671384E+01  0.1182818E+02  0.5734943E+01
  0.2853130E+01  0.9346410E+01  0.8383700E+01
  0.6478075E+02  0.1191301E+02  0.8376026E+01
  0.1278393E+01  0.1074172E+02  0.7266762E+01
  0.4251775E+01  0.1339843E+02  0.6926408E+01
  0.4185815E+01  0.1088607E+02  0.9857032E+01
  0.1123487E+01  0.1339321E+02  0.9675086E+01
  0.5415981E+01  0.9420217E+01  0.5835131E+01
  0.8810557E+01  0.1181926E+02  0.5172452E+01
  0.7848485E+01  0.6752911E+01  0.5756822E+01
  0.5190914E+01  0.1233551E+02  0.8601982E+01
  0.7294344E+01  0.1045051E+02  0.6694833E+01
  0.8197325E+01  0.1486783E+02  0.8358391E+01
  0.8305747E+01  0.9215145E+01  0.8734344E+01
  0.6881392E+01  0.1356015E+02  0.9886141E+01
  0.1228794E+02  0.1306662E+02  0.2085490E+02
  0.1433829E+02  0.1591494E+01  0.3700831E+01
  0.2150612E+02  0.1393535E+02  0.1277022E+02
  0.2032760E+02  0.8287257E+00  0.9119435E+01
  0.1475323E+02  0.1558305E+02  0.1771747E+02
  0.1276566E+02  0.1629446E+02  0.8038723E+01
  0.2566445E+02  0.1703778E+02  0.8103354E+01
  0.1520618E+02  0.1884222E+02  0.1658467E+02
  0.2326584E+02  0.1073674E+02  0.1681000E+01
  0.1660119E+02  0.1734600E+02  0.1234813E+02
  0.2927676E+02  0.7552543E+01  0.1421768E+01
  0.2339224E+02  0.1836215E+02  0.1056765E+02
  0.2172233E+02  0.1475283E+02  0.1995705E+01
  0.3139550E+02  0.1065405E+02  0.1025892E+01
  0.2684168E+02  0.7716915E+01  0.1680458E+02
  0.2869701E+02  0.1343870E+02  0.1708145E+02
  0.6512582E+02  0.1485595E+02  0.5403931E+01
  0.2717086E+01  0.1758710E+02  0.5601644E+01
  0.2794901E+01  0.1466354E+02  0.8433419E+01
  0.1688693E+00  0.1760384E+02  0.8318097E+01
  0.1449356E+01  0.1594800E+02  0.6938947E+01
  0.3822089E+01  0.1879777E+02  0.7029169E+01
  0.4022200E+01  0.1604885E+02  0.9801174E+01
  0.1490387E+01  0.1903288E+02  0.9798771E+01
  0.5709997E+01  0.1480517E+02  0.5741801E+01
  0.1073699E+02  0.1805965E+02  0.3443739E+01
  0.9651909E+01  0.1630717E+02  0.9392332E+01
  0.5440884E+01  0.1744584E+02  0.8269638E+01
  0.7002394E+01  0.1612904E+02  0.6873180E+01
  0.8174956E+01  0.1759811E+02  0.5825566E+01
  0.8129843E+01  0.1744897E+02  0.1094262E+02
  0.6945614E+01  0.1894437E+02  0.9516636E+01
  0.1858219E+02  0.1961792E+02  0.6167297E+01
  0.1933636E+02  0.1892297E+02  0.1004651E+02
  0.1557429E+02  0.7725681E+01  0.3849555E+01
  0.1788120E+02  0.1815672E+02  0.8137212E+01
  0.1137902E+02  0.1460321E+02  0.9100707E+01
  0.1648956E+02  0.2024513E+02  0.1526153E+02
  0.2404253E+02  0.7407673E+01  0.2140637E+02
  0.1628143E+02  0.7650364E+00  0.1597206E+02
  0.1295515E+02  0.4816327E+01  0.1570410E+01
  0.1861771E+02  0.1720141E+02  0.1476648E+02
  0.2235908E+02  0.5476576E+01  0.6830009E+01
  0.2078066E+02  0.1131669E+02  0.1520568E+02
  0.1193577E+02  0.3032176E+01  0.8704867E-01
  0.9518404E+01  0.1097198E+02  0.9884636E+01
  0.1468806E+02  0.1849447E+02  0.5988448E+01
  0.9577110E+01  0.1800956E+00  0.9675910E+01
  0.6511584E+02  0.2025691E+02  0.1100759E+02
  0.2531875E+01  0.1095164E+01  0.1054255E+02
  0.2415786E+01  0.2020743E+02  0.1353291E+02
  0.8292418E-02  0.1612716E+01  0.1356467E+02
  0.1271527E+01  0.1213701E+00  0.1231533E+02
  0.3501359E+01  0.2710209E+01  0.1198589E+02
  0.3760407E+01  0.2169022E+02  0.1480630E+02
  0.1135292E+01  0.2656282E+01  0.1513731E+02
  0.5658057E+01  0.2015860E+02  0.1085375E+02
  0.8150489E+01  0.1123809E+01  0.1122816E+02
  0.8094816E+01  0.2015367E+02  0.1343237E+02
  0.5016582E+01  0.1239007E+01  0.1323992E+02
  0.6695250E+01  0.2153639E+02  0.1205477E+02
  0.1190944E+02  0.5858443E+00  0.4109315E+01
  0.9672422E+01  0.2141878E+02  0.1498902E+02
  0.6564840E+01  0.2289045E+01  0.1505545E+02
  0.9454346E+01  0.1920013E+02  0.1197477E+02
  0.2090808E+02  0.3141075E+01  0.5615349E+00
  0.1655989E+02  0.8547841E+01  0.1770283E+02
  0.1501879E+02  0.2138119E+02  0.1224840E+02
  0.1056702E+02  0.1674143E+02  0.1893371E+02
  0.1639731E+02  0.1060520E+02  0.1276349E+02
  0.1147641E+02  0.3648996E+01  0.1228299E+02
  0.1740991E+02  0.2102050E+02  0.1307635E+02
  0.2542434E+02  0.2081061E+02  0.2511918E+00
  0.1685968E+02  0.3043790E+01  0.1625429E+02
  0.1517768E+02  0.1252480E+02  0.5137219E+01
  0.2036816E+02  0.9588527E+01  0.1066954E+02
  0.2116235E+02  0.1212177E+02  0.5193781E+01
  0.2061586E+02  0.1082934E+02  0.2138205E+02
  0.2554759E+02  0.1763461E+01  0.9861078E+01
  0.1198479E+02  0.9468905E+01  0.1850215E+02
  0.6499425E+02  0.3912265E+01  0.1088205E+02
  0.2810844E+01  0.6595011E+01  0.1104738E+02
  0.2318240E+01  0.3943193E+01  0.1361406E+02
  0.1869690E+00  0.6662910E+01  0.1378001E+02
  0.1311214E+01  0.5268775E+01  0.1230110E+02
  0.3806657E+01  0.8132540E+01  0.1251187E+02
  0.3546457E+01  0.5170707E+01  0.1486890E+02
  0.1250510E+01  0.7973462E+01  0.1567672E+02
  0.5398515E+01  0.3810807E+01  0.1097576E+02
  0.8286446E+01  0.6306290E+01  0.1096653E+02
  0.8097991E+01  0.3978297E+01  0.1386847E+02
  0.5073309E+01  0.6665215E+01  0.1375709E+02
  0.6674586E+01  0.5247805E+01  0.1251382E+02
  0.9115346E+01  0.8037975E+01  0.1232024E+02
  0.9322416E+01  0.5585076E+01  0.1496932E+02
  0.6452367E+01  0.7944255E+01  0.1508828E+02
  0.9503807E+01  0.2335205E+01  0.1277533E+02
  0.1884375E+02  0.6351627E+01  0.1103203E+02
  0.1595571E+02  0.2097617E+02  0.8380647E+01
  0.1064176E+02  0.7291492E+01  0.1404723E+02
  0.1699159E+02  0.8002666E+01  0.5772475E+01
  0.1887762E+02  0.9237391E+01  0.2583956E+01
  0.9302689E+01  0.1066595E+02  0.1511307E+02
  0.1468807E+02  0.1127444E+02  0.5217359E+00
  0.9428358E+01  0.2146383E+02  0.2031721E+02
  0.1196819E+02  0.1032400E+02  0.5409444E+01
  0.3081789E+02  0.1914182E+02  0.1534571E+02
  0.1483767E+02  0.1599505E+02  0.6613319E+01
  0.2733458E+02  0.1868287E+02  0.8045345E+01
  0.1428526E+02  0.1050122E+02  0.6197737E+01
  0.1093479E+02  0.6472322E+01  0.3604799E+01
  0.1962122E+02  0.8100889E+01  0.5836450E+01
  0.7693925E-01  0.9374784E+01  0.1110555E+02
  0.2430732E+01  0.1193498E+02  0.1101017E+02
  0.2231596E+01  0.9312332E+01  0.1396019E+02
  0.7965843E-01  0.1206035E+02  0.1443063E+02
  0.1194202E+01  0.1091249E+02  0.1275840E+02
  0.3920311E+01  0.1329178E+02  0.1226607E+02
  0.3933824E+01  0.1067312E+02  0.1489885E+02
  0.1542181E+01  0.1336654E+02  0.1549155E+02
  0.5345077E+01  0.9183239E+01  0.1097306E+02
  0.8126386E+01  0.1231372E+02  0.1148736E+02
  0.7713383E+01  0.9456149E+01  0.1387801E+02
  0.5457326E+01  0.1201159E+02  0.1365892E+02
  0.6517440E+01  0.1058785E+02  0.1237682E+02
  0.1001385E+02  0.1314368E+02  0.1275137E+02
  0.1127055E+02  0.1152222E+02  0.1428833E+02
  0.6802112E+01  0.1329944E+02  0.1493841E+02
  0.3138314E+02  0.2171142E+02  0.4828077E+01
  0.1894181E+02  0.1119954E+02  0.1377033E+01
  0.2283942E+02  0.1716756E+02  0.1254642E+02
  0.1516399E+02  0.1899263E+02  0.1235938E+02
  0.2195635E+02  0.1249033E+02  0.1834807E+02
  0.2433096E+02  0.1431332E+02  0.4654062E+01
  0.1134002E+02  0.1608382E+01  0.1797527E+01
  0.1746676E+02  0.1984612E+01  0.1405748E+02
  0.1511868E+02  0.7939693E+01  0.7337337E+01
  0.3016214E+02  0.1977337E+02  0.3678081E+01
  0.2728527E+02  0.8227949E+01  0.4822340E+00
  0.1134803E+02  0.1079432E+02  0.1726646E+00
  0.4612289E+02  0.4362013E+01  0.1463183E+02
  0.3050540E+02  0.5899440E+01  0.2979383E+01
  0.4415883E+02  0.1805383E+02  0.1730083E+02
  0.1390134E+02  0.2118906E+02  0.2049539E+02
  0.6504510E+02  0.1480873E+02  0.1131633E+02
  0.2657828E+01  0.1740267E+02  0.1115513E+02
  0.2708466E+01  0.1461498E+02  0.1378811E+02
  0.2357337E-01  0.1780319E+02  0.1381367E+02
  0.1213503E+01  0.1597627E+02  0.1259382E+02
  0.4065151E+01  0.1878907E+02  0.1223930E+02
  0.4026313E+01  0.1609527E+02  0.1495319E+02
  0.1442656E+01  0.1899622E+02  0.1521122E+02
  0.5411573E+01  0.1464159E+02  0.1114887E+02
  0.1144177E+02  0.1174307E+01  0.8560804E+01
  0.8181674E+01  0.1467517E+02  0.1357498E+02
  0.5473390E+01  0.1763470E+02  0.1379306E+02
  0.6641621E+01  0.1611783E+02  0.1230107E+02
  0.2831605E+02  0.1140704E+02  0.1462930E+02
  0.1492154E+02  0.1498491E+02  0.1536690E+02
  0.6814556E+01  0.1903196E+02  0.1481169E+02
  0.1237813E+02  0.2461886E+01  0.1041845E+02
  0.2768581E+02  0.1154903E+02  0.1094774E+02
  0.1458472E+02  0.1496288E+02  0.4412046E+01
  0.1272499E+02  0.1571468E+02  0.1946225E+02
  0.1230882E+02  0.1976793E+02  0.9470484E+01
  0.1801221E+02  0.3432609E+01  0.1943310E+02
  0.2499329E+02  0.9034902E+01  0.1584222E+02
  0.1400190E+02  0.1832542E+02  0.1447210E+02
  0.1051845E+02  0.1977522E+02  0.5170606E+01
  0.2182004E+02  0.5127089E+01  0.3084352E+00
  0.1060385E+02  0.1942913E+02  0.1628960E+02
  0.2372242E+02  0.9544590E+01  0.6438671E+01
  0.1298019E+02  0.1089861E+02  0.1595359E+02
  0.2537880E+02  0.6483824E+01  0.1683661E+01
  0.2340197E+02  0.1778884E+02  0.6941269E+01
  0.2505334E+02  0.2106056E+02  0.1515541E+02
  0.8540801E-01  0.2040681E+02  0.1654065E+02
  0.2381801E+01  0.1334228E+01  0.1632136E+02
  0.2758030E+01  0.2012258E+02  0.1905069E+02
  0.6505682E+02  0.1090067E+01  0.1931176E+02
  0.1535658E+01  0.2166932E+02  0.1793874E+02
  0.3635944E+01  0.2420451E+01  0.1762729E+02
  0.4085783E+01  0.2153502E+02  0.2043727E+02
  0.1317453E+01  0.2442916E+01  0.2070864E+02
  0.5221280E+01  0.2036231E+02  0.1628727E+02
  0.7964597E+01  0.1106859E+01  0.1617258E+02
  0.8104168E+01  0.1996240E+02  0.1916517E+02
  0.5148486E+01  0.1366349E+01  0.1887223E+02
  0.6813888E+01  0.2153103E+02  0.1774108E+02
  0.2171951E+02  0.5621542E+01  0.1755651E+02
  0.9243280E+01  0.2559360E+01  0.1765941E+02
  0.6627298E+01  0.2467791E+01  0.2050625E+02
  0.2412348E+02  0.1941022E+02  0.1273420E+02
  0.1728109E+02  0.5430460E+01  0.1719011E+02
  0.2312492E+02  0.2152882E+02  0.8367117E-01
  0.1819396E+02  0.2099496E+02  0.9497256E+01
  0.1180285E+02  0.2130793E+02  0.1708097E+02
  0.2001226E+02  0.1630837E+02  0.2392118E+01
  0.1557241E+02  0.2660052E+01  0.1891765E+02
  0.1228969E+02  0.7875538E+01  0.1573946E+02
  0.1153759E+02  0.7789616E+01  0.5662919E+01
  0.1674586E+02  0.8499309E+01  0.1878355E+01
  0.2971608E+02  0.5189893E+01  0.8969270E+00
  0.2077389E+02  0.1289755E+02  0.2034922E+02
  0.1061197E+02  0.1520496E+02  0.1697895E+02
  0.3777083E+02  0.9599919E+01  0.3969532E+00
  0.2182036E+02  0.1922763E+02  0.3546588E+01
  0.1592803E+02  0.4188861E+01  0.2065447E+02
  0.9789683E-01  0.4125482E+01  0.1668393E+02
  0.2635448E+01  0.6545533E+01  0.1672114E+02
  0.2565099E+01  0.3856876E+01  0.1930493E+02
  0.6512878E+02  0.6630495E+01  0.1925403E+02
  0.1373586E+01  0.5356864E+01  0.1806364E+02
  0.4142742E+01  0.7738450E+01  0.1802593E+02
  0.3725048E+01  0.5176715E+01  0.2070813E+02
  0.1238330E+01  0.7995925E+01  0.2062611E+02
  0.4933192E+01  0.3777730E+01  0.1624888E+02
  0.7708167E+01  0.6702459E+01  0.1652341E+02
  0.7970660E+01  0.3983057E+01  0.1929168E+02
  0.5347428E+01  0.6331627E+01  0.1921580E+02
  0.6431031E+01  0.4912495E+01  0.1771269E+02
  0.1075496E+02  0.9484613E+01  0.1662837E+02
  0.1009211E+02  0.6781701E+01  0.1955451E+02
  0.6708785E+01  0.7628157E+01  0.2065421E+02
  0.1601716E+02  0.5892490E+01  0.8331507E+01
  0.2389439E+02  0.1339726E+02  0.1817719E+02
  0.1070627E+02  0.2090541E+02  0.1109569E+02
  0.1320144E+02  0.2551517E+01  0.1481316E+02
  0.2220577E+02  0.9954730E+01  0.1207033E+02
  0.1081538E+02  0.1436648E+02  0.5268216E+01
  0.1364812E+02  0.5375437E+01  0.8418233E+01
  0.9192484E+01  0.8127225E+01  0.1774496E+02
  0.2351757E+02  0.4795420E+01  0.1609294E+02
  0.2766856E+02  0.1623965E+00  0.5317517E+01
  0.1772453E+02  0.1034526E+02  0.1882724E+02
  0.2727825E+02  0.8715084E+01  0.6425985E+01
  0.1739255E+02  0.8865464E+01  0.1545570E+02
  0.1274089E+02  0.1420035E+02  0.1772354E+02
  0.1944658E+02  0.5632274E+01  0.6246101E+01
  0.2945680E+02  0.1324642E+02  0.6800428E+01
  0.6497686E+02  0.9326492E+01  0.1675203E+02
  0.3196360E+01  0.1207907E+02  0.1674931E+02
  0.2666764E+01  0.9205188E+01  0.1922930E+02
  0.1546565E+00  0.1231000E+02  0.1919250E+02
  0.1444657E+01  0.1085102E+02  0.1782706E+02
  0.4405127E+01  0.1366331E+02  0.1797808E+02
  0.4107213E+01  0.1064489E+02  0.2053313E+02
  0.1608005E+01  0.1351014E+02  0.2062116E+02
  0.5144258E+01  0.9400057E+01  0.1656458E+02
  0.8193943E+01  0.1204722E+02  0.1643523E+02
  0.7803954E+01  0.9164908E+01  0.1935737E+02
  0.5577656E+01  0.1196878E+02  0.1910828E+02
  0.6621185E+01  0.1046456E+02  0.1768734E+02
  0.9243806E+01  0.1356675E+02  0.1804020E+02
  0.8986605E+01  0.9624518E+01  0.2155286E+02
  0.6870739E+01  0.1328027E+02  0.2042641E+02
  0.1110716E+02  0.1795905E+02  0.8448666E+01
  0.1368733E+02  0.4289748E+01  0.1081344E+02
  0.2508162E+02  0.2166767E+02  0.8139884E+01
  0.1279265E+02  0.1236262E+02  0.1589152E+01
  0.1421377E+02  0.1005219E+02  0.1773657E+02
  0.1471202E+02  0.5434177E+01  0.5490692E+00
  0.2550679E+02  0.1151491E+02  0.1776010E+02
  0.2357189E+02  0.1858174E+02  0.1858402E+02
  0.1136255E+02  0.1163356E+01  0.1390835E+02
  0.2726056E+02  0.1523952E+02  0.1768708E+02
  0.2542577E+02  0.7431782E+00  0.1310840E+02
  0.1984298E+02  0.1058466E+02  0.8517973E+01
  0.1350113E+02  0.9238446E+01  0.1409424E+02
  0.1545980E+02  0.1440799E+02  0.8369640E+01
  0.2901021E+02  0.4427868E+00  0.1911970E+02
  0.1303053E+02  0.1223641E+02  0.1254264E+02
  0.1143626E-01  0.1490216E+02  0.1670765E+02
  0.2926283E+01  0.1756151E+02  0.1625745E+02
  0.3092631E+01  0.1502847E+02  0.1912055E+02
  0.3038426E+00  0.1766341E+02  0.1897823E+02
  0.1602270E+01  0.1625373E+02  0.1774479E+02
  0.4290286E+01  0.1890779E+02  0.1759932E+02
  0.4414652E+01  0.1621023E+02  0.2052437E+02
  0.1615762E+01  0.1882994E+02  0.2063238E+02
  0.5545847E+01  0.1498232E+02  0.1622876E+02
  0.8189714E+01  0.1765368E+02  0.1619140E+02
  0.7818889E+01  0.1511009E+02  0.1937331E+02
  0.5536851E+01  0.1771029E+02  0.1902312E+02
  0.6803475E+01  0.1646452E+02  0.1751101E+02
  0.9464476E+01  0.1846471E+02  0.1798752E+02
  0.9802652E+01  0.1560616E+02  0.2080750E+02
  0.6876256E+01  0.1860958E+02  0.2063750E+02
  0.9631276E+01  0.1628354E+02  0.1491099E+02
  0.1420481E+02  0.2066310E+02  0.1797423E+02
  0.1187580E+02  0.1355370E+02  0.1544644E+02
  0.1399540E+02  0.4267105E+01  0.1799237E+02
  0.2513661E+02  0.1521117E+02  0.1901730E+02
  0.2041217E+02  0.1696385E+02  0.1335989E+02
  0.2721810E+02  0.1747420E+01  0.1862075E+02
  0.1690754E+02  0.1271207E+02  0.1871279E+02
  0.9437883E+01  0.1326592E+02  0.6953155E+01
  0.1060177E+02  0.4323644E+01  0.1669407E+02
  0.1661934E+02  0.8082338E+01  0.2114489E+02
  0.2157082E+02  0.2164128E+02  0.7369537E+01
  0.1864313E+02  0.1391604E+02  0.1992386E+02
  0.1641750E+02  0.1841284E+02  0.8139523E+00
  0.2536111E+02  0.1182515E+02  0.1230433E+01
  0.2540671E+02  0.9658899E+01  0.1938754E+02
  0.4023928E+02  0.1913773E+02  0.1005265E+02
  0.3376153E+02  0.3495767E+01  0.1201100E+02
  0.2680383E+02  0.1206662E+02  0.4631572E+01
  0.3052833E+02  0.9156674E+01  0.6303322E+01
  0.4559389E+02  0.1835443E+02  0.1683370E+01
  0.3333839E+02  0.5829928E+01  0.6381197E+01
  0.4928284E+02  0.7573480E+01  0.1803996E+02
  0.3788125E+02  0.1204740E+01  0.1654494E+02
  0.3596177E+02  0.4281079E+01  0.4093685E+01
  0.2209769E+02  0.1608929E+02  0.5874595E+01
  0.1872018E+02  0.1844446E+02  0.1225933E+02
  0.4057431E+02  0.1322319E+02  0.1466416E+02
  0.3043888E+02  0.2425197E+01  0.1616876E+02
  0.4071107E+02  0.1471905E+02  0.2296724E+01
  0.3667407E+02  0.2099876E+02  0.9255608E+01
  0.3309298E+02  0.1469303E+02  0.1950176E+02
  0.2240740E+02  0.6173717E+01  0.1114771E+02
  0.3571314E+02  0.1784041E+02  0.1320743E+02
  0.3600508E+02  0.3538313E+01  0.1094359E+02
  0.1990416E+02  0.2066712E+02  0.1273106E+02
  0.2822784E+02  0.5831395E+01  0.1855365E+02
  0.3414389E+02  0.7892328E+01  0.5934390E+01
  0.2851052E+02  0.3870501E+01  0.4991909E+01
  0.1836350E+02  0.1724086E+02  0.1824142E+02
  0.4959849E+02  0.1358403E+02  0.1866005E+02
  0.1193214E+02  0.7254535E+01  0.1018523E+02
  0.4019086E+02  0.1243040E+02  0.7381387E+01
  0.3595492E+02  0.2014295E+02  0.5497421E+01
  0.3030973E+02  0.8233286E+01  0.1771768E+02
  0.3405744E+02  0.9180913E+01  0.7971452E+01
  0.3618932E+02  0.1883683E+02  0.3516146E+01
  0.3192537E+02  0.5304911E+01  0.9159175E+01
  0.3500482E+02  0.1546124E+02  0.5626101E+01
  0.3626998E+02  0.4249735E+01  0.1514210E+02
  0.3506702E+02  0.1802792E+02  0.6932781E+01
  0.2669708E+02  0.1945228E+02  0.1491705E+02
  0.5096565E+02  0.3090322E+01  0.1216498E+02
  0.2485439E+02  0.1710716E+02  0.1410554E+02
  0.2755582E+02  0.4322586E+01  0.7238968E+01
  0.3814440E+02  0.3356957E+01  0.1226025E+02
  0.4590033E+02  0.2126483E+02  0.8425999E+01
  0.5072738E+02  0.3043934E+01  0.6128028E+00
  0.2283459E+02  0.1601661E+02  0.3491717E+01
  0.3685274E+02  0.1955277E+02  0.7555155E+01
  0.3733203E+02  0.2307830E+01  0.7752407E+00
  0.2556160E+02  0.6485006E+01  0.1525160E+02
  0.1944487E+02  0.4018682E+01  0.1029098E+02
  0.2652735E+02  0.2685330E+01  0.1844719E+01
  0.3295674E+02  0.2745444E+01  0.5652931E+01
  0.3398424E+02  0.4391430E+01  0.1660283E+02
  0.4475446E+02  0.9926057E+01  0.8679269E+01
  0.1911894E+02  0.1247342E+02  0.1689844E+02
  0.3733927E+02  0.1535324E+02  0.1944246E+02
  0.2271197E+02  0.1752767E+02  0.1943553E+00
  0.3409947E+02  0.1824381E+02  0.1127425E+02
  0.3282946E+02  0.1593575E+02  0.7047075E-02
  0.3578730E+02  0.1957260E+02  0.1639028E+02
  0.3760984E+02  0.4288336E+01  0.2102636E+02
  0.3261777E+02  0.2076746E+02  0.1471762E+02
  0.2970629E+02  0.1218528E+02  0.9988171E+01
  0.2937084E+02  0.1273583E+02  0.1318292E+02
  0.3774554E+02  0.1185699E+02  0.7625765E+01
  0.1448308E+02  0.7976649E+01  0.1695214E+02
  0.3494160E+02  0.1543946E+02  0.1345649E+02
  0.3153510E+02  0.7681286E+01  0.1121773E+02
  0.2032918E+02  0.3153894E+01  0.4119398E+01
  0.2115477E+02  0.1830039E+02  0.1662457E+02
  0.1603516E+02  0.1508437E+02  0.2317796E+01
  0.2915950E+02  0.1119106E+02  0.1685117E+02
  0.2356292E+02  0.9548494E+01  0.3698677E+01
  0.4058840E+02  0.1325245E+02  0.1862143E+02
  0.2535785E+02  0.1769195E+02  0.3903684E+01
  0.3513146E+02  0.2739356E+01  0.1399862E+02
  0.2234105E+02  0.1074757E+02  0.8080264E+01
  0.2471651E+02  0.2894173E+01  0.3848074E+00
  0.1471556E+02  0.4351827E+01  0.1573042E+02
  0.2212915E+02  0.1252632E+02  0.2901589E+01
  0.3534838E+02  0.3117136E+01  0.1840946E+01
  0.3279436E+02  0.7428011E+01  0.9353611E+01
  0.4227497E+02  0.6135954E+01  0.1076879E+02
  0.3223489E+02  0.9233521E+01  0.1723912E+02
  0.2398377E+02  0.1920117E+02  0.4875161E+01
  0.3151378E+02  0.9659171E+01  0.1519010E+02
  0.3088521E+02  0.6054415E+01  0.1855298E+02
  0.3551344E+02  0.4239722E+01  0.1960099E+02
  0.3344881E+02  0.2036539E+02  0.1829618E+02
  0.3052145E+02  0.1203038E+02  0.5088772E+01
  0.3344207E+02  0.1238963E+00  0.8152329E+01
  0.1344702E+02  0.9618608E+01  0.8404802E+01
  0.3825806E+02  0.4706212E+01  0.3000276E+01
  0.4301886E+02  0.4691896E+01  0.1377662E+01
  0.3392612E+02  0.7244381E+00  0.4220501E+01
  0.3882678E+02  0.2063488E+02  0.2160535E+02
  0.4892071E+02  0.2317023E+01  0.9927027E+01
  0.4025785E+02  0.1618988E+02  0.6260626E+01
  0.1614838E+02  0.1590668E+02  0.1045181E+02
  0.2606348E+02  0.2015330E+02  0.6426672E+01
  0.2321972E+02  0.2092606E+02  0.1927463E+02
  0.1850447E+02  0.3383335E+01  0.7220285E+01
  0.2710351E+02  0.1383196E+02  0.1085516E+02
  0.3032893E+02  0.2300617E+01  0.1969381E+01
  0.2752023E+02  0.1543687E+02  0.9049235E+01
  0.2122198E+02  0.1798593E+02  0.1921652E+02
  0.2602425E+02  0.1120437E+02  0.1532245E+02
  0.3637707E+02  0.9548188E+01  0.1200037E+02
  0.3046968E+02  0.1523902E+02  0.1626525E+02
  0.4723612E+02  0.7153740E+01  0.1676240E+02
  0.4258617E+02  0.1043683E+02  0.9723865E+01
  0.4136569E+02  0.1241819E+02  0.9610779E+01
  0.2676847E+02  0.9130640E+01  0.1134605E+02
  0.2771503E+02  0.3734252E+01  0.1975209E+02
  0.4792750E+02  0.3002729E+01  0.2318156E+01
  0.2362716E+02  0.1303463E+02  0.8054603E+01
  0.3138302E+02  0.2967802E+01  0.2142207E+02
  0.2800030E+02  0.8022787E+01  0.8695554E+01
  0.2238517E+02  0.1382569E+02  0.6133078E+01
  0.4109664E+02  0.1851091E+02  0.6117870E+01
  0.2418071E+02  0.1687383E+02  0.1724746E+02
  0.4953222E+02  0.1719128E+02  0.1403365E+02
  0.4980686E+02  0.1087222E+01  0.1200030E+02
  0.3700531E+02  0.1152056E+02  0.1761115E+01
  0.4164834E+02  0.1009470E+02  0.1319457E+02
  0.1838666E+02  0.1183266E+02  0.1327670E+02
  0.3559099E+02  0.5349268E+00  0.1948976E+00
  0.2608663E+02  0.2097395E+01  0.5352314E+01
  0.2562672E+02  0.8831696E+01  0.9034164E+01
  0.2145110E+02  0.1045596E+02  0.1737793E+02
  0.2484621E+02  0.5637407E+01  0.6833369E+01
  0.1286760E+02  0.2101922E+02  0.7909288E+01
  0.3971086E+02  0.8998940E+01  0.1443409E+02
  0.2571055E+02  0.1240544E+02  0.6796232E+01
  0.1295524E+02  0.8160693E+01  0.3765672E+00
  0.3714092E+02  0.8484881E+01  0.3330097E+01
  0.3361885E+02  0.2392032E+00  0.1073470E+02
  0.5463668E+02  0.1773555E+02  0.1375782E+02
  0.1565987E+02  0.1870181E+02  0.7972125E+01
  0.1720025E+02  0.4413726E+01  0.1134917E+02
  0.3971266E+02  0.1858363E+02  0.5841378E+00
  0.3104465E+02  0.1464872E+02  0.1392818E+02
  0.3251116E+02  0.1786065E+02  0.7404788E+01
  0.1069813E+02  0.5591836E+01  0.1115309E+02
  0.4795987E+02  0.2157936E+02  0.5551530E+01
  0.3636953E+02  0.5847043E+00  0.1442212E+02
  0.2591015E+02  0.1588195E+02  0.5554814E+01
  0.2378203E+02  0.4616707E+01  0.1634999E+01
  0.3541342E+02  0.9251032E+01  0.2390400E+00
  0.2995970E+02  0.1671190E+02  0.1077473E+02
  0.3676627E+02  0.2009445E+02  0.2051902E+02
  0.2710624E+02  0.3837939E+01  0.1308749E+02
  0.3464415E+02  0.1738146E+02  0.2078646E+02
  0.3755350E+02  0.1748772E+02  0.1178149E+02
  0.2764651E+02  0.8185904E+01  0.3115306E+01
  0.1544614E+02  0.2102248E+02  0.5810308E+01
  0.4224094E+02  0.5475314E+01  0.1485612E+02
  0.1441247E+02  0.1719043E+02  0.9294216E+01
  0.3497426E+02  0.1397526E+02  0.2084507E+02
  0.3173307E+02  0.1292084E+02  0.1978771E+02
  0.2597590E+02  0.5339863E+01  0.8949617E+01
  0.3605380E+02  0.9934451E+01  0.1955670E+02
  0.3514835E+02  0.8345773E+01  0.1737981E+02
  0.2980340E+02  0.2168104E+02  0.2091752E+01
  0.2227936E+02  0.9164941E+01  0.1026871E+00
  0.2755931E+02  0.1200221E+02  0.1878398E+02
  0.2429040E+02  0.2090151E+02  0.3610557E+01
  0.4894232E+02  0.1742423E+01  0.1594317E+02
  0.3312897E+02  0.1405553E+02  0.5409392E+01
  0.2860433E+02  0.1130446E+02  0.7447296E+01
  0.3670187E+02  0.1186208E+02  0.1827162E+02
  0.4333547E+02  0.1138827E+02  0.7271465E+01
  0.3189674E+02  0.3875589E+01  0.2911382E+01
  0.3980127E+02  0.1870816E+02  0.1241570E+02
  0.3016910E+02  0.2051490E+02  0.2063047E+02
  0.3515978E+02  0.1191110E+02  0.5292883E+01
  0.2919525E+02  0.1690413E+02  0.8572427E+01
  0.3670619E+02  0.8665281E+01  0.9617910E+01
  0.4006526E+02  0.1858518E+02  0.1661621E+02
  0.2597946E+02  0.1748777E+02  0.1220999E+02
  0.2059403E+02  0.2873015E+01  0.8227463E+01
  0.3954118E+02  0.1403290E+01  0.1676385E+00
  0.4345739E+02  0.8380065E+01  0.1658420E+01
  0.3002364E+02  0.1606369E+02  0.1934633E+02
  0.2839491E+02  0.1089434E+02  0.2092778E+02
  0.1764777E+02  0.4222857E+01  0.1352248E+02
  0.3170975E+02  0.8950438E+01  0.2902051E+01
  0.4306898E+02  0.1816883E+02  0.7456377E+01
  0.1608586E+02  0.1274930E+02  0.2212190E+01
  0.2001071E+02  0.9832803E+01  0.1334165E+02
  0.1533636E+02  0.1893770E+02  0.3183360E+01
  0.4716101E+02  0.1745732E+02  0.5072580E+01
  0.2466593E+02  0.1244274E+02  0.1390653E+02
  0.3235979E+02  0.1332478E+02  0.1060642E+02
  0.1797251E+02  0.9711208E+01  0.9686826E+01
  0.3689320E+02  0.5396407E+01  0.6032818E+01
  0.2846351E+02  0.1957689E+02  0.5876110E+01
  0.4364257E+02  0.9122025E+01  0.6339489E+01
  0.2764761E+02  0.9126604E+00  0.1389556E+02
  0.1726455E+02  0.2066241E+02  0.4401652E+01
  0.2887080E+02  0.1077870E+02  0.1732727E+01
  0.2945646E+02  0.1371027E+02  0.1944585E+02
  0.3262309E+02  0.9341562E+01  0.5054883E+01
  0.3598081E+02  0.1062893E+02  0.8623531E+01
  0.4292902E+02  0.1244531E+02  0.4207144E+01
  0.2894450E+02  0.1477940E+02  0.1677573E+01
  0.4120300E+02  0.7892438E+01  0.1243215E+02
  0.3072047E+02  0.1092495E+02  0.1270630E+02
  0.3208662E+02  0.1705795E+02  0.1380267E+02
  0.2325344E+02  0.1471539E+02  0.1620249E+02
  0.3649524E+02  0.1743284E+02  0.1538977E+02
  0.5068828E+02  0.1760964E+02  0.3131102E+01
  0.4358884E+02  0.8191210E+01  0.2003587E+02
  0.2662613E+02  0.1031603E+02  0.2849590E+01
  0.4133019E+02  0.1151482E+02  0.2005807E+02
  0.3939036E+02  0.5591735E+01  0.1499660E+02
  0.3506044E+02  0.7742088E+01  0.1324014E+02
  0.2413028E+02  0.1542188E+02  0.2102713E+02
  0.3500852E+02  0.1574674E+02  0.1609382E+02
  0.3276810E+02  0.1513051E+02  0.1218414E+02
  0.4671784E+02  0.9763790E+01  0.6639341E+01
  0.3825718E+02  0.1964990E+01  0.1397385E+02
  0.3357702E+02  0.4555599E+01  0.4613342E+01
  0.2184585E+02  0.5234035E+01  0.4631929E+01
  0.2032557E+02  0.5326190E+01  0.8413399E+01
  0.3226575E+02  0.1648704E+02  0.1032627E+02
  0.3050784E+02  0.6126801E+01  0.1297418E+02
  0.1388458E+02  0.6501625E+01  0.1863601E+02
  0.3974815E+02  0.2002534E+02  0.7838463E+01
  0.1639180E+02  0.2137432E+01  0.6820976E-01
  0.1942794E+02  0.1322652E+02  0.1172717E+02
  0.1633921E+02  0.1173534E+02  0.1076667E+02
  0.2564005E+02  0.1838827E+02  0.1984460E+02
  0.4770175E+02  0.1486933E+02  0.2782080E+01
  0.2852940E+02  0.5752531E+01  0.1616909E+02
  0.2312420E+02  0.1963784E+02  0.1608452E+02
  0.2588301E+02  0.1359055E+02  0.2975415E+01
  0.4152863E+02  0.1582080E+01  0.4828637E+01
  0.2991995E+02  0.1296769E+02  0.2885643E+01
  0.1534846E+02  0.1208943E+02  0.7809514E+01
  0.2612416E+02  0.1021086E+02  0.2139908E+02
  0.3105174E+02  0.5265527E+01  0.2063833E+02
  0.2428991E+02  0.1729956E+02  0.1822926E+01
  0.1960996E+02  0.5186735E+01  0.1643480E+02
  0.3509186E+02  0.1450900E+02  0.2141388E+01
  0.5197789E+02  0.1522546E+02  0.9771148E+01
  0.3037199E+02  0.1797213E+02  0.2109174E+01
  0.1176795E+02  0.2679271E+01  0.5447026E+01
  0.3087588E+02  0.6068892E+01  0.6935112E+01
  0.2535219E+02  0.7875301E+01  0.6008999E+01
  0.2584174E+02  0.1863115E+02  0.3804610E+00
  0.1182881E+02  0.1420088E+02  0.1148664E+02
  0.2946386E+02  0.1861094E+02  0.1714060E+02
  0.3159565E+02  0.4472355E+01  0.1688427E+02
  0.3901640E+02  0.1093215E+02  0.5569531E+01
  0.3213464E+02  0.1425666E+01  0.1203555E+02
  0.4982119E+02  0.1412347E+01  0.2369491E+01
  0.2908337E+02  0.7218484E+01  0.5935226E+01
  0.3655598E+02  0.1545313E+02  0.3071616E+00
  0.1638935E+02  0.8253000E+01  0.1254074E+02
  0.3289762E+02  0.1835496E+02  0.5052440E+01
  0.2052953E+02  0.1671598E+02  0.2105366E+02
  0.5003133E+02  0.1091873E+02  0.1686659E+02
  0.3736198E+02  0.1500369E+02  0.5817024E+01
  0.2781708E+02  0.1680898E+02  0.1959023E+02
  0.1870639E+02  0.7947737E+01  0.1277547E+02
  0.2148627E+02  0.9014404E+01  0.1936408E+02
  0.4559444E+02  0.7347076E+01  0.1851848E+02
  0.3742555E+02  0.2482318E+00  0.5303670E+01
  0.2098184E+02  0.1599277E+00  0.1466523E+02
  0.3827262E+02  0.1329795E+02  0.9697919E+01
  0.3698310E+02  0.6336281E+01  0.1430136E+02
  0.2962310E+02  0.2135804E+02  0.1481446E+02
  0.3504197E+02  0.4297590E+01  0.7268363E+01
  0.2630717E+02  0.1700996E+02  0.1609763E+02
  0.3061972E+02  0.1888365E+02  0.8885543E+01
  0.5188705E+02  0.6420629E+01  0.1390718E+02
  0.2282897E+02  0.1966552E+02  0.8108633E+01
  0.4989238E+02  0.1952496E+02  0.1008992E+02
  0.3591567E+02  0.7190287E+01  0.1424923E+01
  0.4510843E+02  0.3397181E+01  0.9748800E+01
  0.3929631E+02  0.1027001E+02  0.1233699E+02
  0.4942399E+02  0.1943590E+02  0.2514109E+01
  0.4336403E+02  0.1231331E+01  0.1332618E+02
  0.4475087E+02  0.1493712E+02  0.1841048E+02
  0.1898750E+02  0.3112959E+01  0.1717714E+02
  0.2993496E+02  0.1456655E+02  0.4897888E+01
  0.1636008E+02  0.2855887E+00  0.1830081E+02
  0.2352621E+02  0.8122980E+01  0.1909717E+02
  0.2435152E+02  0.1198627E+02  0.1021432E+02
  0.3332863E+02  0.1878109E+01  0.2127976E+01
  0.2016236E+02  0.2619221E+01  0.2025437E+02
  0.4404306E+02  0.1166086E+02  0.8210578E+00
  0.2348701E+02  0.3301216E+01  0.6993596E+01
  0.1827100E+02  0.1604759E+02  0.2024891E+02
  0.5245177E+02  0.5391292E+01  0.4162182E+01
  0.3475501E+02  0.1250102E+02  0.1181887E+01
  0.4450811E+02  0.1915999E+02  0.1098111E+02
  0.3084438E+02  0.1911583E+02  0.6352505E+01
  0.2695896E+02  0.6015789E+01  0.1196366E+02
  0.2116407E+02  0.2325557E+01  0.1300839E+02
  0.2852769E+02  0.1993315E+02  0.9737458E+01
  0.1947429E+02  0.1976292E+02  0.3108476E+00
  0.3678672E+02  0.1873349E+02  0.1852644E+02
  0.2693957E+02  0.2097720E+02  0.2030389E+02
  0.3935226E+02  0.6783292E+01  0.1125993E+02
  0.3808367E+02  0.6399053E+01  0.9173849E+01
  0.2944710E+02  0.1759090E+02  0.2129952E+02
  0.1966463E+02  0.2085345E+01  0.1490834E+02
  0.4071180E+02  0.1795187E+02  0.1998260E+02
  0.2997041E+02  0.9508531E+01  0.1941801E+02
  0.2777717E+02  0.1915104E+02  0.1287493E+02
  0.4498946E+02  0.2135679E+02  0.1847351E+02
  0.3787201E+02  0.8248436E+01  0.7507777E+01
  0.1276634E+02  0.2161069E+02  0.8395427E+00
  0.4241794E+02  0.1789176E+02  0.2131510E+02
  0.4320164E+02  0.1024742E+02  0.1913882E+02
  0.3479620E+02  0.1910148E+01  0.7047585E+01
  0.2813517E+02  0.1329513E+02  0.2138342E+02
  0.5249819E+02  0.1803002E+02  0.7408448E+01
  0.4062506E+02  0.6443239E+01  0.9332755E+01
  0.3309244E+02  0.7175821E+01  0.1635690E+02
  0.3347283E+02  0.5987815E+01  0.1221220E+02
  0.2541982E+02  0.4178000E+01  0.2000122E+02
  0.3105908E+02  0.1990816E+02  0.1838400E+02
  0.4679828E+02  0.2125572E+02  0.2166432E+02
  0.3581216E+02  0.1376863E+02  0.1894154E+02
  0.3014279E+02  0.5093745E+01  0.1102440E+02
  0.3858785E+02  0.1347824E+02  0.1744690E+02
  0.3644354E+02  0.7633454E+01  0.5509923E+01
  0.1549420E+02  0.7806324E+01  0.1479418E+02
  0.2660418E+02  0.1099307E+02  0.8741513E+01
  0.3872570E+02  0.1246626E+02  0.1526557E+02
  0.2506519E+02  0.6172047E+01  0.1865050E+02
  0.2859770E+02  0.2044155E+02  0.5209596E+00
  0.2892044E+02  0.1669620E+02  0.1558196E+02
  0.2341291E+02  0.3359948E+01  0.1356511E+02
  0.3437939E+02  0.1097538E+02  0.1205610E+02
  0.3353475E+02  0.1974659E+02  0.9440607E+01
  0.4197564E+02  0.1319690E+02  0.1673406E+02
  0.2898662E+02  0.9470753E+01  0.1212257E+02
  0.4061516E+02  0.4485884E+01  0.1779676E+01
  0.3334393E+02  0.5966645E+01  0.2149765E+02
  0.3351955E+02  0.1075995E+02  0.2170410E+02
  0.2125800E+02  0.1026181E+02  0.3635254E+01
  0.1905731E+02  0.7089299E+01  0.1485375E+02
  0.2522742E+02  0.1481242E+02  0.1468682E+02
  0.3450429E+02  0.2126526E+02  0.1597960E+02
  0.3543662E+02  0.2038832E+02  0.1126656E+02
  0.4091734E+02  0.6883790E+01  0.6335806E+01
  0.4029372E+02  0.2098895E+02  0.5423549E+01
  0.1866774E+02  0.1567042E+02  0.1660976E+02
  0.3561065E+02  0.1608733E+02  0.8216701E+01
  0.1819982E+02  0.1331991E+02  0.7281855E+00
  0.5041374E+02  0.1579441E+02  0.1850789E+02
  0.2508060E+02  0.7578921E+01  0.1098954E+02
  0.2634925E+02  0.6244468E+01  0.2106622E+02
  0.3062200E+02  0.1443637E+02  0.9689889E+01
  0.1975611E+02  0.1534715E+00  0.2061632E+02
  0.1687958E+02  0.5358554E+01  0.6159630E+01
  0.3486735E+02  0.7230049E+01  0.1043899E+02
  0.2970268E+02  0.4733070E+00  0.6402233E+01
  0.1495613E+02  0.2135930E+02  0.2051529E+01
  0.4735069E+02  0.1667521E+02  0.9808032E+01
  0.1007717E+02  0.1320339E+02  0.2048034E+02
  0.2674274E+02  0.7783324E+01  0.1925799E+02
  0.3931245E+02  0.1455117E+02  0.2035198E+02
  0.2821973E+02  0.1832800E+02  0.1387440E+01
  0.3655052E+02  0.2012704E+02  0.1328491E+02
  0.2527245E+02  0.2959241E+01  0.1195824E+02
  0.2812557E+02  0.2039436E+02  0.1662785E+02
  0.3276274E+02  0.1653688E+02  0.1600216E+02
  0.3887756E+02  0.1048368E+02  0.3034454E+01
  0.3353244E+02  0.1993882E+01  0.1553782E+02
  0.2003140E+02  0.1289491E+02  0.9461327E+01
  0.4564065E+02  0.1489024E+02  0.2060685E+02
  0.5017811E+02  0.8513616E+01  0.1588253E+02
  0.4572998E+02  0.2551229E+01  0.5138424E+01
  0.3286676E+02  0.1400575E+02  0.2780446E+01
  0.5025244E+02  0.1390297E+02  0.1543900E+02
  0.3134353E+02  0.1692043E+02  0.1779508E+02
  0.3047552E+02  0.4498642E+01  0.1494720E+02
  0.1773759E+02  0.5741057E+01  0.2112414E+02
  0.3979009E+02  0.8838616E+01  0.1272845E+01
  0.3840797E+02  0.1940968E+02  0.2589065E+01
  0.3255004E+02  0.1932345E+02  0.1277722E+02
  0.2078560E+02  0.7241112E+01  0.4083783E+01
  0.3121544E+02  0.7474703E+00  0.8320239E+01
  0.3338478E+02  0.1188763E+02  0.1626745E+02
  0.1992286E+02  0.2073519E+02  0.1658899E+02
  0.2355760E+02  0.7902744E+01  0.1266810E+02
  0.2491435E+02  0.2815557E+01  0.1564179E+02
  0.2865975E+02  0.1058593E+02  0.5254879E+01
  0.4030702E+02  0.2042294E+02  0.1991281E+02
  0.2199349E+02  0.1807737E+01  0.1083589E+02
  0.3890705E+02  0.6933261E+01  0.2415265E+01
  0.3282119E+02  0.1146123E+02  0.1387017E+02
  0.3218517E+02  0.1945719E+02  0.2139298E+02
  0.5316695E+02  0.7441017E-01  0.3308206E+01
  0.3774031E+02  0.1126806E+02  0.1071598E+02
  0.1325333E+02  0.1189974E+02  0.8812776E+01
  0.2972866E+02  0.3108293E+00  0.1011968E+02
  0.4377846E+02  0.6313574E+01  0.3008301E+01
  0.4324714E+02  0.9731591E+01  0.1505574E+02
  0.1911507E+02  0.1353585E+02  0.5037110E+01
  0.3564894E+02  0.2106519E+02  0.1866493E+02
  0.3670442E+02  0.8569352E+00  0.7392788E+01
  0.3680585E+02  0.1487778E+02  0.1047450E+02
  0.2408404E+02  0.1297850E+01  0.4154657E+01
  0.4682412E+02  0.2106064E+00  0.1421061E+02
  0.5304921E+02  0.2151929E+02  0.1506076E+02
  0.3978274E+02  0.2161252E+02  0.1582043E+02
  0.2754053E+02  0.1895235E+02  0.3809095E+01
  0.3787149E+02  0.9357205E+01  0.1801433E+02
  0.2725100E+02  0.1945547E+01  0.1612540E+02
  0.1179052E+02  0.5101918E+01  0.1883044E+02
  0.3144747E+02  0.2028705E+02  0.1078208E+02
  0.2980729E+02  0.8507264E+01  0.1007065E+02
  0.2639730E+02  0.2010492E+02  0.1831876E+02
  0.2440381E+02  0.2143156E+02  0.1747614E+02
  0.1699216E+02  0.7491052E+01  0.1037166E+02
  0.3344891E+02  0.7179622E+01  0.1948855E+01
  0.4538514E+02  0.1067633E+02  0.1514216E+02
  0.4929896E+02  0.4859628E+01  0.2927860E+01
  0.4180196E+02  0.1905137E+02  0.1875833E+01
  0.5166277E+02  0.1026872E+02  0.6594347E+01
  0.1998403E+02  0.6618059E+01  0.3999231E+00
  0.3385822E+02  0.1924273E+02  0.2954401E+01
  0.3445536E+02  0.2098338E+01  0.2021574E+02
  0.4475209E+02  0.1834292E+01  0.8163613E+01
  0.4201286E+02  0.2126502E+02  0.1830787E+02
  0.1697230E+02  0.7576201E+00  0.1108155E+02
  0.2270641E+02  0.1731356E+01  0.1324532E+01
  0.2287853E+02  0.1517476E+02  0.1121979E+02
  0.1456326E+02  0.4042074E+01  0.6501967E+01
  0.1302151E+02  0.1512804E+02  0.4625869E-01
  0.1932056E+02  0.1974951E+02  0.1965292E+02
  0.2564120E+02  0.2792535E+01  0.7454437E+01
  0.3273411E+02  0.1835290E+02  0.1931289E+02
  0.4444209E+02  0.5450589E+01  0.8480994E+01
  0.2636783E+02  0.3979309E+01  0.3752162E+01
  0.3354866E+02  0.3561470E+01  0.2458644E+00
  0.2770566E+02  0.9127762E+01  0.1401659E+02
  0.3421926E+02  0.2064561E+02  0.2057697E+02
  0.2841074E+02  0.6118612E+01  0.3985125E+01
  0.3158881E+02  0.1168534E+01  0.1439747E+02
  0.4149341E+02  0.1983770E+02  0.1549054E+02
  0.3147461E+02  0.3001946E+01  0.9129623E+01
  0.3081445E+02  0.1606453E+02  0.6795120E+01
  0.4296133E+02  0.1576971E+02  0.1003238E+02
  0.5003744E+02  0.2967603E+01  0.7441214E+01
  0.3213290E+02  0.8510730E+01  0.4106511E+00
  0.2825919E+02  0.5898422E+01  0.9897015E+01
  0.3580360E+02  0.5422389E+01  0.9400296E+01
  0.1448926E+02  0.9217683E+01  0.1991927E+01
  0.3826175E+02  0.1874334E+01  0.8987659E+01
  0.1855456E+02  0.9530788E+01  0.2063122E+02
  0.2478858E+02  0.1647889E+02  0.1026306E+02
  0.1916210E+02  0.3549158E+01  0.2263926E+01
  0.1256376E+02  0.1656683E+02  0.2981002E+01
  0.3453266E+02  0.6072725E+01  0.1824839E+02
  0.1785632E+02  0.1334912E+02  0.1505851E+02
  0.2382518E+02  0.3853403E+01  0.4074910E+01
  0.3206823E+02  0.1058573E+02  0.1969022E+02
  0.3044660E+02  0.1033772E+02  0.8611832E+01
  0.4174804E+02  0.1089402E+02  0.7385607E+00
  0.1564214E+02  0.2677721E+01  0.1044324E+02
  0.3950716E+02  0.5009318E+01  0.1289091E+02
  0.1195948E+02  0.1672673E+02  0.1414984E+02
  0.2057046E+02  0.2118400E+02  0.3538898E+01
  0.3976617E+02  0.2641025E+01  0.1082979E+02
  0.2327074E+02  0.5851130E+01  0.1395383E+02
  0.2060790E+02  0.1745822E+02  0.4255214E+01
  0.4783884E+02  0.4406370E+01  0.1303646E+02
  0.9879252E+01  0.5135101E+01  0.9162957E+01
  0.3360641E+02  0.1483124E+02  0.8883505E+01
  0.2961005E+02  0.1783314E+02  0.1356672E+02
  0.4212105E+02  0.2046227E+02  0.8095836E+01
  0.3728761E+02  0.1260094E+02  0.5251564E+01
  0.3392525E+02  0.1384422E+02  0.1760435E+02
  0.4792347E+02  0.2095491E+02  0.9494203E+01
  0.5092219E+02  0.4424802E+01  0.1741012E+02
  0.3121744E+02  0.1432386E+02  0.1188521E+01
  0.1267231E+02  0.5425136E+01  0.1551550E+02
  0.4088029E+02  0.1521189E+01  0.1738170E+02
  0.2141653E+02  0.1919976E+02  0.1430987E+02
  0.1873553E+02  0.2118554E+02  0.2409804E+01
  0.2922155E+02  0.2925035E+01  0.1343255E+02
  0.3844498E+02  0.1254490E+02  0.1276265E+02
  0.4145819E+02  0.1527226E+02  0.1955405E+02
  0.3551759E+02  0.1060639E+02  0.1643299E+02
  0.1102293E+02  0.1569871E+02  0.1243096E+01
  0.3913990E+02  0.5058771E+01  0.6067441E+01
  0.2543661E+02  0.1516062E+02  0.1239209E+01
  0.1122104E+02  0.8576177E+01  0.2059485E+02
  0.2770905E+02  0.1480823E+02  0.3980262E+01
  0.2899533E+02  0.8725393E+01  0.1609533E+02
  0.2725459E+02  0.1559043E+02  0.1129420E+00
  0.2295015E+02  0.8136667E+01  0.1495062E+02
  0.3141199E+02  0.1168616E+02  0.1749379E+02
  0.2198822E+02  0.4364379E+01  0.1968256E+02
  0.5092184E+02  0.3570601E+01  0.9854893E+01
  0.1560330E+02  0.1272031E+02  0.1588571E+02
  0.1261028E+02  0.1042455E+02  0.1076352E+02
  0.4102366E+02  0.3510337E+01  0.1901444E+02
  0.2636496E+02  0.2061776E+02  0.2515570E+01
  0.4719031E+02  0.1557763E+02  0.1878470E+02
  0.3884148E+02  0.2024571E+02  0.1819543E+02
  0.2980876E+02  0.2804481E+01  0.1862436E+02
  0.1863324E+02  0.1755401E+02  0.7274335E+00
  0.3580769E+02  0.1046525E+02  0.3596799E+01
  0.4613529E+02  0.2014335E+02  0.6274126E+01
  0.4347782E+02  0.2125822E+02  0.1004195E+02
  0.4760192E+02  0.1243155E+02  0.2076875E+01
  0.4227347E+02  0.5459171E+01  0.7824686E+01
  0.5286436E+02  0.1041035E+01  0.2007806E+02
  0.3160804E+02  0.1406953E+02  0.7503910E+01
  0.4925735E+02  0.4698887E+00  0.1406541E+02
  0.4588765E+02  0.1977734E+02  0.1446669E+02
  0.5237517E+02  0.2745451E+01  0.1806636E+02
  0.5144317E+02  0.6311504E+01  0.6070837E+01
  0.4467305E+02  0.1910485E+02  0.2140290E+02
  0.3569018E+02  0.1674940E+02  0.1849541E+02
  0.3670012E+02  0.5675847E+01  0.1781037E+02
  0.4718005E+02  0.1912312E+02  0.3261611E+01
  0.3883589E+02  0.1451475E+02  0.1026181E+01
  0.4078351E+02  0.5814800E+01  0.1863596E+02
  0.4633395E+02  0.1470231E+02  0.9236702E+01
  0.5519432E+02  0.1828210E+02  0.3695924E+01
  0.5434047E+02  0.1480248E+02  0.1654424E+02
  0.4359996E+02  0.2187706E+01  0.3503025E+01
  0.5377868E+02  0.1964133E+02  0.2097733E+02
  0.5754678E+02  0.1094513E+01  0.3161806E+00
  0.5711754E+02  0.1977896E+02  0.2742800E+01
  0.5227123E+02  0.1840460E+02  0.6601323E+00
  0.5570002E+02  0.2157351E+02  0.1292584E+01
  0.5877650E+02  0.2870891E+01  0.1137886E+01
  0.5830703E+02  0.2108855E+02  0.4008165E+01
  0.5431503E+02  0.4168570E+01  0.5269580E+01
  0.6004553E+02  0.2046838E+02  0.1507203E+00
  0.6236152E+02  0.1288584E+01  0.1659894E+00
  0.6227314E+02  0.2017128E+02  0.2834694E+01
  0.5934731E+02  0.1243244E+01  0.2812247E+01
  0.6115844E+02  0.5985436E-01  0.1659609E+01
  0.6376046E+02  0.2524246E+01  0.1333682E+01
  0.6360700E+02  0.2146262E+02  0.4327084E+01
  0.6091241E+02  0.2591286E+01  0.4252340E+01
  0.4589653E+02  0.1235853E+02  0.1156145E+02
  0.3004618E+02  0.4046052E+01  0.7548048E+01
  0.4185041E+02  0.6787718E+01  0.4030473E+01
  0.4171387E+02  0.8837972E+01  0.1695651E+02
  0.5073092E+02  0.9729346E-01  0.2015593E+02
  0.4878190E+02  0.1660593E+02  0.6492510E+00
  0.4841560E+02  0.5770881E+01  0.7517592E+01
  0.3878381E+02  0.2302799E+01  0.1851872E+02
  0.4424863E+02  0.3809036E+01  0.1811053E+02
  0.4978219E+02  0.9728761E+01  0.7610672E+01
  0.4951682E+02  0.1606785E+02  0.1622864E+02
  0.4400076E+02  0.2012569E+02  0.2544069E+01
  0.4680374E+02  0.8189052E+01  0.1312967E+02
  0.5440116E+02  0.1183075E+02  0.3179681E+01
  0.4951164E+02  0.1808463E+02  0.1845751E+02
  0.5186674E+02  0.2085003E+02  0.1317282E+02
  0.5451932E+02  0.3513517E+01  0.2165363E+02
  0.5643849E+02  0.6768020E+01  0.2013793E+00
  0.5711006E+02  0.3559585E+01  0.2560236E+01
  0.5322454E+02  0.7895400E+01  0.1079792E+01
  0.5543876E+02  0.4994331E+01  0.1550062E+01
  0.5825684E+02  0.7939096E+01  0.1608444E+01
  0.5794324E+02  0.5105991E+01  0.4028902E+01
  0.5579555E+02  0.7949096E+01  0.4281167E+01
  0.5997586E+02  0.4484163E+01  0.2167659E+02
  0.6251926E+02  0.6535785E+01  0.4040458E+00
  0.6244967E+02  0.3760506E+01  0.3080955E+01
  0.5980616E+02  0.6323795E+01  0.2929895E+01
  0.6137954E+02  0.5095972E+01  0.1835023E+01
  0.6357684E+02  0.8378159E+01  0.1805180E+01
  0.6384337E+02  0.5132964E+01  0.4458492E+01
  0.6109043E+02  0.7866432E+01  0.4289601E+01
  0.5155030E+02  0.5130851E+01  0.1883690E+01
  0.4648379E+02  0.1897982E+02  0.9589907E+01
  0.4723526E+02  0.8909685E+01  0.1517861E+02
  0.4440363E+02  0.2709099E+01  0.1053115E+01
  0.4863188E+02  0.1139255E+02  0.9127096E+01
  0.4505257E+02  0.1619775E+02  0.1069862E+02
  0.4347438E+02  0.2891033E+01  0.1148904E+02
  0.3242082E+02  0.9903562E+01  0.1143218E+02
  0.4717907E+02  0.7742252E+01  0.2023259E+02
  0.4788720E+02  0.1317697E+02  0.1059951E+02
  0.4367015E+02  0.1131915E+02  0.1695429E+02
  0.3018933E+02  0.7727217E+01  0.2082763E+02
  0.4168950E+02  0.8409509E+01  0.2154409E+02
  0.5056532E+02  0.1492354E+02  0.3907419E+00
  0.5167581E+02  0.1725523E+02  0.1624825E+02
  0.4799276E+02  0.1124340E+02  0.2145963E+02
  0.5453489E+02  0.9864149E+01  0.3163826E+00
  0.5696082E+02  0.1246105E+02  0.4756845E+00
  0.5709700E+02  0.9277370E+01  0.2988003E+01
  0.4899970E+02  0.1851551E+02  0.2079402E+02
  0.5590237E+02  0.1094568E+02  0.1907914E+01
  0.5845623E+02  0.1347134E+02  0.1774766E+01
  0.5847598E+02  0.1051339E+02  0.4373907E+01
  0.5541791E+02  0.1347256E+02  0.4496500E+01
  0.5943573E+02  0.9473754E+01  0.7374075E-03
  0.6265273E+02  0.1203208E+02  0.4014378E+00
  0.6241953E+02  0.9827504E+01  0.3404949E+01
  0.5973527E+02  0.1215606E+02  0.2856200E+01
  0.6110919E+02  0.1060572E+02  0.1471196E+01
  0.6415386E+02  0.1359446E+02  0.1279883E+01
  0.6390964E+02  0.1103860E+02  0.4578342E+01
  0.6112047E+02  0.1333719E+02  0.4410281E+01
  0.4686930E+02  0.1915740E+02  0.2064951E+02
  0.4447753E+02  0.2750169E+01  0.2032401E+02
  0.3821371E+02  0.1582014E+02  0.3647002E+01
  0.3780022E+02  0.6508902E+01  0.3500440E+00
  0.4006023E+02  0.3127273E+01  0.7535507E+01
  0.4277669E+02  0.1374858E+02  0.1023447E+01
  0.4492754E+02  0.1021982E+02  0.4622988E+01
  0.4309744E+02  0.7487081E+01  0.1401954E+02
  0.4766838E+02  0.9022559E+01  0.5764053E+00
  0.4579990E+02  0.1289635E+01  0.1214007E+02
  0.3996054E+02  0.3631080E+01  0.2108479E+02
  0.4747603E+02  0.9612327E+01  0.4197011E+01
  0.4941743E+02  0.1305831E+02  0.7292020E+01
  0.5389661E+02  0.2034877E+01  0.1750244E+01
  0.3807973E+02  0.8028352E+01  0.1302100E+02
  0.3842216E+02  0.1771976E+02  0.9658381E+01
  0.5402355E+02  0.1477556E+02  0.9087041E+00
  0.5677464E+02  0.1785801E+02  0.5287070E+00
  0.5703937E+02  0.1473905E+02  0.3285910E+01
  0.5464160E+02  0.1751847E+02  0.1869814E+02
  0.5540038E+02  0.1649311E+02  0.2160440E+01
  0.5879321E+02  0.1893741E+02  0.1646327E+01
  0.5852728E+02  0.1592068E+02  0.4487452E+01
  0.5069667E+02  0.1207105E+02  0.5385903E+01
  0.5971520E+02  0.1471817E+02  0.3034368E+00
  0.6283317E+02  0.1747488E+02  0.4558487E+00
  0.6237940E+02  0.1450775E+02  0.2658391E+01
  0.5963359E+02  0.1739184E+02  0.3074713E+01
  0.6115644E+02  0.1603743E+02  0.1597303E+01
  0.6394123E+02  0.1905139E+02  0.1574680E+01
  0.6371337E+02  0.1605930E+02  0.3921123E+01
  0.6107983E+02  0.1893329E+02  0.4230351E+01
  0.4928686E+02  0.8510826E+01  0.2072277E+01
  0.5141459E+02  0.1014647E+01  0.1654513E+02
  0.5239237E+02  0.1153002E+02  0.1482656E+02
  0.5138118E+02  0.2100863E+02  0.7839879E+01
  0.4829915E+02  0.8016016E+01  0.6748387E+01
  0.4501562E+02  0.1827589E+02  0.5858503E+01
  0.4339500E+02  0.3996065E+00  0.2024977E+02
  0.5154307E+02  0.8661869E+01  0.9070489E+01
  0.4982527E+02  0.1974235E+02  0.1232561E+02
  0.3956009E+02  0.6494927E+00  0.1226543E+02
  0.4628310E+02  0.2066001E+02  0.1134615E+02
  0.4790910E+02  0.5241470E+01  0.1595667E+02
  0.4185298E+02  0.1946981E+02  0.1325632E+02
  0.5290364E+02  0.1393674E+02  0.1834904E+02
  0.5175120E+02  0.1277116E+02  0.9645829E+01
  0.5446317E+02  0.3962906E+01  0.1102596E+02
  0.5303962E+02  0.1724834E+02  0.3061558E+01
  0.5718250E+02  0.8698839E+00  0.5022135E+01
  0.5718175E+02  0.2022301E+02  0.7860872E+01
  0.5062029E+02  0.1992271E+02  0.2152071E+02
  0.4904085E+02  0.2041074E+02  0.7405395E+01
  0.5836066E+02  0.2287867E+01  0.6620006E+01
  0.5825264E+02  0.2166755E+02  0.9267959E+01
  0.5232035E+02  0.1992230E+02  0.6014578E+01
  0.5948707E+02  0.1992991E+02  0.5743316E+01
  0.6225726E+02  0.1042356E+01  0.5527248E+01
  0.6233249E+02  0.2009086E+02  0.8423495E+01
  0.5966759E+02  0.1224326E+01  0.8100833E+01
  0.6107247E+02  0.2137812E+02  0.6973500E+01
  0.6360651E+02  0.2506630E+01  0.6780498E+01
  0.6368268E+02  0.1524256E-01  0.9770154E+01
  0.6071353E+02  0.2780810E+01  0.9427601E+01
  0.4445269E+02  0.2129409E+02  0.6040129E+00
  0.5001064E+02  0.2141547E+02  0.4288634E+01
  0.5443881E+02  0.1714816E+02  0.8723157E+01
  0.4043692E+02  0.1922748E+02  0.3800123E+01
  0.4230742E+02  0.2161832E+02  0.3453242E+01
  0.3469421E+02  0.2145326E+02  0.2353571E+01
  0.3578481E+02  0.1284917E+02  0.1115965E+02
  0.4590600E+02  0.6344070E+01  0.1884573E+01
  0.4233565E+02  0.1504722E+02  0.4046975E+01
  0.5591410E+02  0.2145807E+02  0.6345907E+01
  0.5447456E+02  0.1230768E+01  0.7697864E+01
  0.4549521E+02  0.1265028E+02  0.1814683E+02
  0.4422518E+02  0.4804852E+01  0.1589416E+02
  0.4758015E+02  0.7258854E+01  0.9250130E+01
  0.5291242E+02  0.5311294E+01  0.9612945E+01
  0.3719480E+02  0.7690401E+01  0.1633588E+02
  0.5389702E+02  0.2073453E+02  0.8599401E+01
  0.5701016E+02  0.6705781E+01  0.5767701E+01
  0.5698762E+02  0.3649908E+01  0.8030333E+01
  0.5455315E+02  0.9177171E+01  0.6004084E+01
  0.5556483E+02  0.5351040E+01  0.6908426E+01
  0.5819658E+02  0.7736119E+01  0.7271642E+01
  0.5799271E+02  0.4813888E+01  0.9860501E+01
  0.5562983E+02  0.7854699E+01  0.9960261E+01
  0.5955445E+02  0.4027349E+01  0.5546921E+01
  0.6238480E+02  0.6476126E+01  0.5651651E+01
  0.6247505E+02  0.4136278E+01  0.8205609E+01
  0.5960358E+02  0.6366374E+01  0.8871178E+01
  0.6088081E+02  0.5291145E+01  0.6950420E+01
  0.6371465E+02  0.8136406E+01  0.6826510E+01
  0.6391026E+02  0.5519597E+01  0.9603875E+01
  0.6115635E+02  0.8066151E+01  0.9616840E+01
  0.2925856E+02  0.1533760E+02  0.1263637E+02
  0.4509163E+02  0.4830655E+01  0.5207763E-01
  0.4523059E+02  0.1128534E+02  0.1967109E+02
  0.5137607E+02  0.1216382E+02  0.5337013E+00
  0.4985147E+02  0.5086996E+01  0.1143522E+02
  0.5084289E+02  0.1169063E+02  0.1286861E+02
  0.4333120E+02  0.1551776E+02  0.2115680E+02
  0.5386352E+02  0.1821083E+01  0.5011681E+01
  0.5173288E+02  0.8903481E+01  0.2860005E+01
  0.5422789E+02  0.6699109E+01  0.2912834E+01
  0.4402852E+02  0.1333072E+02  0.1278204E+02
  0.5265210E+02  0.2971454E+01  0.7055457E+01
  0.4764460E+02  0.6388620E+01  0.1150068E+02
  0.4420211E+02  0.1445447E+02  0.3078591E+01
  0.4191190E+02  0.4464827E+01  0.1248733E+02
  0.4648733E+02  0.1108689E+02  0.8793799E+01
  0.4877468E+02  0.4416897E+01  0.1978483E+02
  0.5715510E+02  0.1208413E+02  0.5579124E+01
  0.5688673E+02  0.9298966E+01  0.8509871E+01
  0.4732337E+02  0.5643931E+01  0.2146622E+02
  0.5555729E+02  0.1086053E+02  0.7297519E+01
  0.5845849E+02  0.1355853E+02  0.6973811E+01
  0.5810553E+02  0.1087066E+02  0.9739107E+01
  0.5547993E+02  0.1592891E+02  0.6907105E+01
  0.5966526E+02  0.8932989E+01  0.5925193E+01
  0.6217870E+02  0.1223268E+02  0.6074173E+01
  0.6250919E+02  0.9303973E+01  0.8495468E+01
  0.5966025E+02  0.1211738E+02  0.8473650E+01
  0.6108771E+02  0.1063194E+02  0.7339738E+01
  0.6365578E+02  0.1362181E+02  0.7055112E+01
  0.6383708E+02  0.1043986E+02  0.9688349E+01
  0.6130091E+02  0.1320890E+02  0.9604624E+01
  0.4038743E+02  0.1712653E+02  0.1446304E+02
  0.4032594E+02  0.1696951E+02  0.3700773E+01
  0.4705148E+02  0.1837163E+02  0.1600101E+02
  0.3892495E+02  0.2053984E+02  0.1371517E+02
  0.2785024E+02  0.2133931E+02  0.1174827E+02
  0.4393995E+02  0.1829886E+02  0.1405559E+02
  0.3204576E+02  0.1838609E+01  0.1921227E+02
  0.3911714E+02  0.2149015E+02  0.9878399E+01
  0.3605437E+02  0.1859915E+01  0.4039996E+01
  0.5156321E+02  0.1428329E+02  0.7503250E+01
  0.5291206E+02  0.1068768E+02  0.2088340E+02
  0.3799935E+02  0.1025358E+02  0.1563690E+02
  0.5115346E+02  0.2153686E+02  0.1019777E+02
  0.4731575E+02  0.4240992E+01  0.4472487E+01
  0.5423706E+02  0.1549434E+02  0.1068899E+02
  0.3811094E+02  0.1353198E+02  0.2999730E+01
  0.5290856E+02  0.8089691E+01  0.7000589E+01
  0.5669211E+02  0.1728060E+02  0.5401953E+01
  0.5695417E+02  0.1482872E+02  0.8267509E+01
  0.5399185E+02  0.1431156E+02  0.6311840E+01
  0.4890434E+02  0.1136875E+02  0.3789780E+01
  0.5820901E+02  0.1846286E+02  0.6710685E+01
  0.5826249E+02  0.1614856E+02  0.9753346E+01
  0.5570858E+02  0.1902855E+02  0.9405085E+01
  0.5999292E+02  0.1480284E+02  0.5767470E+01
  0.6244401E+02  0.1748887E+02  0.5510613E+01
  0.6272720E+02  0.1497859E+02  0.8699491E+01
  0.5972563E+02  0.1738905E+02  0.8187454E+01
  0.6142683E+02  0.1609500E+02  0.6909136E+01
  0.6382269E+02  0.1888343E+02  0.7004330E+01
  0.6382414E+02  0.1631731E+02  0.9927983E+01
  0.6079581E+02  0.1895051E+02  0.9639739E+01
  0.4024650E+02  0.9931334E+01  0.1862835E+02
  0.3727977E+02  0.1549125E+02  0.1265456E+02
  0.4850094E+02  0.3517862E+01  0.1745787E+02
  0.4094635E+02  0.1458796E+02  0.8097550E+01
  0.4639323E+02  0.1616663E+02  0.1039502E+01
  0.5102498E+02  0.1997045E+02  0.1855516E+02
  0.4187504E+02  0.8900358E+01  0.4938636E+01
  0.5290716E+02  0.4185107E+00  0.1160981E+02
  0.4520919E+02  0.6483140E+01  0.1338638E+02
  0.4527454E+02  0.1439234E+02  0.1435086E+02
  0.4905258E+02  0.2148534E+02  0.9975740E+00
  0.4539116E+02  0.1289171E+02  0.7626862E+01
  0.4824487E+02  0.3331205E+01  0.1696371E+00
  0.4861883E+02  0.1808207E+02  0.6720006E+01
  0.5552905E+02  0.2542066E+01  0.9403271E+01
  0.4454776E+02  0.5871100E+01  0.1096279E+02
  0.5453668E+02  0.2021808E+02  0.1112909E+02
  0.5685767E+02  0.1190444E+01  0.1090093E+02
  0.5717442E+02  0.2034155E+02  0.1371630E+02
  0.5487573E+02  0.1041012E+02  0.1650672E+02
  0.5581980E+02  0.2168015E+02  0.1239248E+02
  0.5795697E+02  0.2710902E+01  0.1266321E+02
  0.5848772E+02  0.2161289E+02  0.1520389E+02
  0.5587667E+02  0.2351685E+01  0.1546096E+02
  0.5958784E+02  0.2078108E+02  0.1098188E+02
  0.6209424E+02  0.1476107E+01  0.1110274E+02
  0.6269027E+02  0.2056228E+02  0.1381907E+02
  0.5956960E+02  0.1393433E+01  0.1401355E+02
  0.6093353E+02  0.1614755E+00  0.1270033E+02
  0.6353292E+02  0.2738252E+01  0.1257740E+02
  0.6395716E+02  0.2409844E+00  0.1531299E+02
  0.6101667E+02  0.2567036E+01  0.1552065E+02
  0.4222590E+02  0.1385171E+02  0.1137803E+02
  0.4876974E+02  0.1463354E+02  0.1255538E+02
  0.4540758E+02  0.1203256E+02  0.3027414E+01
  0.4718453E+02  0.1305990E+02  0.1355457E+02
  0.4770692E+02  0.3292347E+01  0.8018983E+01
  0.5246960E+02  0.9143456E+01  0.1548144E+02
  0.3801190E+02  0.1695863E+02  0.1697239E+01
  0.3850646E+02  0.3519333E+01  0.1584237E+02
  0.4951330E+02  0.4900784E+01  0.5570207E+01
  0.5438588E+02  0.9044429E+01  0.1158942E+02
  0.5327099E+02  0.2514325E+01  0.1263651E+02
  0.4022203E+02  0.8480619E+01  0.7873274E+01
  0.5431180E+02  0.6785675E+01  0.8374736E+01
  0.4956762E+02  0.1295491E+02  0.2103347E+02
  0.4952069E+02  0.9835701E+01  0.1863023E+02
  0.4753586E+02  0.1910927E+02  0.1269725E+02
  0.4773154E+02  0.1468287E+02  0.7297207E+01
  0.5705085E+02  0.6325263E+01  0.1129567E+02
  0.5693145E+02  0.4187714E+01  0.1442333E+02
  0.5393024E+02  0.7889440E+01  0.1371683E+02
  0.5566687E+02  0.5389437E+01  0.1283938E+02
  0.5831233E+02  0.7966587E+01  0.1243878E+02
  0.5835595E+02  0.5285571E+01  0.1572340E+02
  0.5358535E+02  0.4420608E+01  0.1411759E+02
  0.5981092E+02  0.3787285E+01  0.1138313E+02
  0.6255195E+02  0.6697151E+01  0.1114810E+02
  0.6227706E+02  0.4107942E+01  0.1413747E+02
  0.5952077E+02  0.6706893E+01  0.1403639E+02
  0.6095618E+02  0.5371566E+01  0.1263144E+02
  0.6398680E+02  0.8134813E+01  0.1259515E+02
  0.6402559E+02  0.5592525E+01  0.1518933E+02
  0.6094778E+02  0.8088712E+01  0.1514316E+02
  0.4218629E+02  0.4954990E+00  0.6544482E+01
  0.3929416E+02  0.1543520E+02  0.1009021E+02
  0.5313470E+02  0.1315378E+02  0.1757381E+01
  0.4261343E+02  0.1706911E+02  0.1559038E+02
  0.5326020E+02  0.8903140E+01  0.1766303E+02
  0.3295159E+02  0.7670036E+01  0.1418652E+02
  0.3807587E+02  0.1603955E+02  0.7747308E+01
  0.3261622E+02  0.1794781E+02  0.1368196E+01
  0.5279239E+02  0.1518694E+02  0.1253691E+02
  0.3277885E+02  0.1163034E+02  0.5846178E+01
  0.5032204E+02  0.1070532E+02  0.2195355E+01
  0.4094950E+02  0.1017319E+02  0.6702597E+01
  0.4198473E+02  0.2156740E+02  0.1210990E+02
  0.5313735E+02  0.1893577E+02  0.1227590E+02
  0.5561752E+02  0.8590155E+01  0.1521544E+02
  0.5090311E+02  0.1758564E+02  0.9411155E+01
  0.5308754E+02  0.1056614E+02  0.9850196E+01
  0.5680526E+02  0.1242360E+02  0.1110454E+02
  0.5699099E+02  0.9506995E+01  0.1372337E+02
  0.5465320E+02  0.1169669E+02  0.1466283E+02
  0.5545165E+02  0.1359835E+02  0.9692086E+01
  0.5839852E+02  0.1356902E+02  0.1236181E+02
  0.5847344E+02  0.1108741E+02  0.1512009E+02
  0.5576626E+02  0.1093914E+02  0.1242130E+02
  0.5955574E+02  0.9346191E+01  0.1101584E+02
  0.6244244E+02  0.1178454E+02  0.1109956E+02
  0.6239909E+02  0.9283997E+01  0.1383917E+02
  0.5969622E+02  0.1219678E+02  0.1367646E+02
  0.6092910E+02  0.1061158E+02  0.1251875E+02
  0.6379412E+02  0.1303636E+02  0.1256533E+02
  0.6354624E+02  0.1065622E+02  0.1525910E+02
  0.6108072E+02  0.1350041E+02  0.1489384E+02
  0.3018698E+02  0.2327698E+00  0.1698546E+02
  0.4530868E+02  0.7568774E+01  0.9420731E+01
  0.3710555E+02  0.2158899E+02  0.2600861E+01
  0.4065367E+02  0.4756724E+01  0.4069182E+01
  0.4250567E+02  0.1805896E+02  0.9863591E+01
  0.4198591E+02  0.3764558E+01  0.5972115E+01
  0.4007636E+02  0.7813487E+01  0.1989861E+02
  0.4520026E+02  0.7946970E+01  0.8357292E-01
  0.4473656E+02  0.1388649E+02  0.5446479E+01
  0.5308693E+02  0.1004812E+02  0.4402460E+01
  0.4618015E+02  0.1915785E+02  0.1834380E+02
  0.4392928E+02  0.7107169E+01  0.1674201E+02
  0.4930149E+02  0.9925634E+01  0.1389142E+02
  0.4363456E+02  0.1615972E+02  0.5833681E+01
  0.5062059E+02  0.5799017E+01  0.1931757E+02
  0.4540832E+02  0.1646797E+02  0.1325631E+02
  0.5077527E+02  0.1081092E+02  0.1051667E+02
  0.5721864E+02  0.1774460E+02  0.1098105E+02
  0.5701955E+02  0.1498761E+02  0.1377917E+02
  0.4950884E+02  0.3416504E+01  0.1430107E+02
  0.5582650E+02  0.1629265E+02  0.1228628E+02
  0.5871370E+02  0.1907440E+02  0.1240338E+02
  0.5855149E+02  0.1628409E+02  0.1483684E+02
  0.5606435E+02  0.1875402E+02  0.1525692E+02
  0.5987248E+02  0.1473018E+02  0.1076659E+02
  0.6222938E+02  0.1763516E+02  0.1105961E+02
  0.6275548E+02  0.1473435E+02  0.1381775E+02
  0.6005383E+02  0.1755011E+02  0.1370714E+02
  0.6124333E+02  0.1600830E+02  0.1214285E+02
  0.6372984E+02  0.1902187E+02  0.1242227E+02
  0.6419712E+02  0.1616679E+02  0.1502268E+02
  0.6128858E+02  0.1881650E+02  0.1515870E+02
  0.4904297E+02  0.7799409E+01  0.1265281E+02
  0.4749385E+02  0.1676569E+02  0.1224069E+02
  0.4612677E+02  0.1256854E+02  0.2163981E+02
  0.4560899E+02  0.1881950E+01  0.1741832E+02
  0.4842502E+02  0.1239884E+02  0.1553191E+02
  0.4724208E+02  0.5600579E+00  0.1876848E+02
  0.5579379E+02  0.1426542E+01  0.3238033E+01
  0.4368738E+02  0.1490680E+02  0.1641587E+02
  0.5126329E+02  0.1748049E+02  0.1235086E+02
  0.4655573E+02  0.1870263E+01  0.2073292E+02
  0.4699886E+02  0.3132536E+01  0.1127246E+02
  0.5108648E+02  0.1647817E+02  0.6479746E+01
  0.5083593E+02  0.1026353E+01  0.6323379E+01
  0.5455323E+02  0.1157709E+01  0.1389791E+02
  0.5439029E+02  0.2010598E+02  0.5110310E+01
  0.4179774E+02  0.1319165E+01  0.1023565E+02
  0.5445580E+02  0.2031229E+02  0.1641617E+02
  0.5732195E+02  0.1196895E+01  0.1666578E+02
  0.5713312E+02  0.2011734E+02  0.1903570E+02
  0.5517483E+02  0.1663437E+01  0.1927779E+02
  0.5580396E+02  0.2160935E+02  0.1791814E+02
  0.5795608E+02  0.2878196E+01  0.1834527E+02
  0.5843728E+02  0.2151461E+02  0.2056565E+02
  0.5673250E+02  0.2863672E+01  0.2051035E+02
  0.6005545E+02  0.2039618E+02  0.1650874E+02
  0.6252216E+02  0.1328634E+01  0.1665943E+02
  0.6255717E+02  0.2028639E+02  0.1918904E+02
  0.5960396E+02  0.1195579E+01  0.1935691E+02
  0.6116800E+02  0.2164847E+02  0.1805450E+02
  0.6393190E+02  0.2574667E+01  0.1788822E+02
  0.6370002E+02  0.2149887E+02  0.2062986E+02
  0.6099234E+02  0.2704305E+01  0.2052698E+02
  0.1895635E+02  0.1019414E+02  0.1678699E+02
  0.3887463E+02  0.1519927E+02  0.1440234E+02
  0.4592244E+02  0.1683539E+01  0.2723206E+01
  0.4712212E+02  0.1511239E+02  0.5060922E+01
  0.5187363E+02  0.9340281E+01  0.1939279E+02
  0.4268094E+02  0.1021406E+02  0.3177779E+01
  0.4595783E+02  0.1632781E+02  0.1688416E+02
  0.5262255E+02  0.1541430E+02  0.4723218E+01
  0.3763437E+02  0.8002736E+01  0.2013390E+02
  0.5328089E+02  0.2169543E+02  0.4820787E+00
  0.5228437E+02  0.3546955E+01  0.2040165E+02
  0.5064992E+02  0.6304812E+01  0.8444584E+01
  0.4947297E+02  0.6444386E+01  0.1461381E+02
  0.4961282E+02  0.1104201E+00  0.1811794E+02
  0.4767073E+02  0.1353263E+02  0.1741704E+02
  0.5173100E+02  0.1510207E+01  0.3995505E+01
  0.5477213E+02  0.3272557E+01  0.1727711E+02
  0.5684707E+02  0.7150852E+01  0.1672109E+02
  0.5730036E+02  0.4945962E+01  0.1932252E+02
  0.5409623E+02  0.7185536E+01  0.1937356E+02
  0.5536725E+02  0.5483448E+01  0.1817641E+02
  0.5841641E+02  0.8133589E+01  0.1789413E+02
  0.5869151E+02  0.6200447E+01  0.2082039E+02
  0.5558663E+02  0.8774422E+01  0.2039092E+02
  0.5964133E+02  0.3821201E+01  0.1689443E+02
  0.6230027E+02  0.6581737E+01  0.1631904E+02
  0.6243010E+02  0.3789455E+01  0.1911088E+02
  0.5984239E+02  0.6604103E+01  0.1912858E+02
  0.6107923E+02  0.5267768E+01  0.1783820E+02
  0.6357232E+02  0.7755689E+01  0.1786249E+02
  0.6384209E+02  0.5201425E+01  0.2055725E+02
  0.6099696E+02  0.7828504E+01  0.2097875E+02
  0.4755992E+02  0.7449080E+01  0.3638183E+01
  0.4166787E+02  0.1746913E+02  0.1801713E+02
  0.5046051E+02  0.1837334E+02  0.5335377E+01
  0.3741077E+02  0.1576599E+02  0.1689427E+02
  0.5100142E+02  0.1409392E+02  0.1331986E+02
  0.3539685E+02  0.1653164E+02  0.3457724E+01
  0.4097863E+02  0.6675810E+01  0.1649611E+02
  0.4059751E+02  0.2131773E+02  0.1659612E+01
  0.4514636E+02  0.1798083E+01  0.1502895E+02
  0.5160419E+02  0.1266535E+02  0.1691279E+02
  0.3264308E+02  0.1090354E+02  0.9151770E+01
  0.3449194E+02  0.1246343E+02  0.9198449E+01
  0.5127965E+02  0.4894249E+01  0.1510212E+02
  0.4735484E+02  0.1002702E+02  0.1962835E+02
  0.5215737E+02  0.7040769E+01  0.2070702E+02
  0.4937954E+02  0.1854671E+02  0.1611322E+02
  0.5101626E+02  0.7107876E+01  0.1132584E+01
  0.5732736E+02  0.1239483E+02  0.1696751E+02
  0.5727107E+02  0.9822590E+01  0.1918995E+02
  0.4540913E+02  0.1031532E+02  0.1278814E+02
  0.5563791E+02  0.1133190E+02  0.1829826E+02
  0.5864538E+02  0.1388518E+02  0.1832506E+02
  0.5832718E+02  0.1136193E+02  0.2054428E+02
  0.5541262E+02  0.1382930E+02  0.2115432E+02
  0.5982142E+02  0.9513471E+01  0.1664565E+02
  0.6245891E+02  0.1240948E+02  0.1651048E+02
  0.6227352E+02  0.9295725E+01  0.1928632E+02
  0.6005348E+02  0.1200706E+02  0.1927492E+02
  0.6151735E+02  0.1092811E+02  0.1767031E+02
  0.6380162E+02  0.1366287E+02  0.1788276E+02
  0.6388301E+02  0.1082189E+02  0.2044068E+02
  0.6126863E+02  0.1350383E+02  0.2076716E+02
  0.4598931E+02  0.2123765E+02  0.3565606E+01
  0.5406365E+02  0.1217346E+02  0.8487547E+01
  0.5166594E+02  0.1359217E+02  0.3493769E+01
  0.4958254E+02  0.7095519E+01  0.4997602E+01
  0.4365472E+02  0.2006511E+02  0.1656488E+02
  0.5301359E+02  0.1887267E+02  0.1765045E+02
  0.4305808E+02  0.6014185E+01  0.1857644E+02
  0.4685266E+02  0.1455169E+01  0.7154606E+01
  0.4338631E+02  0.1107476E+02  0.1196701E+02
  0.4999697E+02  0.1528322E+02  0.2742715E+01
  0.5583003E+02  0.1368053E+02  0.1538864E+02
  0.4234873E+02  0.2348094E+01  0.8012347E+01
  0.5252821E+02  0.1622353E+02  0.1942476E+02
  0.5333398E+02  0.1611737E+02  0.1486840E+02
  0.5403580E+02  0.1244595E+02  0.1982202E+02
  0.4343842E+02  0.1447919E+02  0.7978008E+01
  0.5686067E+02  0.1517557E+02  0.1963851E+02
  0.5722643E+02  0.1744372E+02  0.1634000E+02
  0.5579599E+02  0.1606815E+02  0.1760631E+02
  0.4920307E+02  0.1641373E+02  0.8309189E+01
  0.5245572E+02  0.1636012E+02  0.2164206E+02
  0.5879579E+02  0.1876814E+02  0.1766479E+02
  0.5850841E+02  0.1646400E+02  0.2084318E+02
  0.5587762E+02  0.1878625E+02  0.2032358E+02
  0.5973448E+02  0.1468944E+02  0.1627171E+02
  0.6271483E+02  0.1761561E+02  0.1667527E+02
  0.6248958E+02  0.1503147E+02  0.1918847E+02
  0.5991117E+02  0.1742198E+02  0.1934701E+02
  0.6118432E+02  0.1612226E+02  0.1747083E+02
  0.6413717E+02  0.1908739E+02  0.1796906E+02
  0.6390273E+02  0.1641074E+02  0.2036246E+02
  0.6125963E+02  0.1896928E+02  0.2068670E+02
