         
  0.6515772E+02  0.0000000E+00  0.2171924E+02
  0.0000000E+00  0.0000000E+00  0.2171924E+02
Si  0.6509484E+02  0.2113258E+02  0.5969984E+00
Si  0.2838794E+01  0.1952807E+01  0.4443834E+00
Si  0.2667924E+01  0.2117589E+02  0.3524003E+01
Si  0.2955608E+00  0.2348443E+01  0.2893095E+01
Si  0.1416916E+01  0.7173985E+00  0.1874275E+01
Si  0.3937927E+01  0.3520442E+01  0.1726865E+01
Si  0.4156840E+01  0.7116100E+00  0.5035859E+01
Si  0.1277002E+01  0.3609318E+01  0.4671128E+01
Si  0.5428186E+01  0.2122305E+02  0.8219393E+00
Si  0.8156343E+01  0.1964081E+01  0.6221380E+00
Si  0.8001768E+01  0.2111024E+02  0.3411822E+01
Si  0.5209907E+01  0.2187329E+01  0.3281873E+01
Si  0.6704145E+01  0.8226360E+00  0.2034942E+01
Si  0.9618232E+01  0.3367830E+01  0.1867368E+01
Si  0.9715416E+01  0.7166863E+00  0.4755436E+01
Si  0.6876233E+01  0.3543283E+01  0.4520524E+01
Si  0.1097435E+02  0.2120770E+02  0.6508224E+00
Si  0.1747015E+02  0.3558988E+01  0.2038016E+02
Si  0.1493077E+02  0.1971172E+02  0.5192354E+01
Si  0.1093812E+02  0.1927015E+01  0.3143823E+01
Si  0.1259028E+02  0.3849355E+00  0.2218392E+01
Si  0.2821538E+02  0.1920424E+02  0.3085261E+00
Si  0.1349334E+02  0.5548228E+01  0.3605895E+01
Si  0.1225375E+02  0.3603099E+01  0.4383901E+01
Si  0.2097850E+02  0.1898380E+02  0.2682695E+00
Si  0.1544057E+02  0.1747650E+01  0.2753812E+01
Si  0.1409071E+02  0.2012423E+02  0.2937704E+01
Si  0.1295713E+02  0.2116447E+02  0.5034147E+01
Si  0.1945610E+02  0.1932646E+02  0.8138004E+01
Si  0.1837936E+02  0.3144224E+01  0.6618852E+00
Si  0.2652693E+02  0.5289268E+01  0.3076662E+01
Si  0.2788534E+02  0.4454267E+01  0.1815637E+02
Si  0.4396480E-01  0.4858154E+01  0.6792977E+00
Si  0.2748086E+01  0.7349458E+01  0.6868895E+00
Si  0.2713888E+01  0.4947099E+01  0.3381389E+01
Si  0.7846939E-01  0.7636335E+01  0.3589373E+01
Si  0.1293675E+01  0.6307791E+01  0.2300949E+01
Si  0.4067779E+01  0.8628328E+01  0.2313192E+01
Si  0.4157167E+01  0.6412103E+01  0.4548544E+01
Si  0.1474505E+01  0.8950407E+01  0.4807754E+01
Si  0.5612750E+01  0.4646982E+01  0.6052088E+00
Si  0.7982254E+01  0.7528629E+01  0.4553289E+00
Si  0.8198909E+01  0.4894452E+01  0.3105006E+01
Si  0.5698984E+01  0.7664924E+01  0.3483076E+01
Si  0.6692061E+01  0.6404513E+01  0.1792363E+01
Si  0.9625655E+01  0.9178056E+01  0.1517120E+01
Si  0.9370248E+01  0.6235311E+01  0.4413272E+01
Si  0.6919116E+01  0.9198617E+01  0.4679665E+01
Si  0.1096347E+02  0.4735344E+01  0.6188218E+00
Si  0.1532577E+02  0.7399447E+01  0.1686690E+02
Si  0.1536663E+02  0.5392747E+01  0.2113525E+01
Si  0.1062297E+02  0.7505293E+01  0.2786819E+01
Si  0.1203289E+02  0.6328137E+01  0.1928823E+01
Si  0.1564059E+02  0.1193188E+02  0.1815904E+01
Si  0.1372340E+02  0.7845910E+01  0.1011032E+01
Si  0.1218311E+02  0.8879286E+01  0.4246180E+01
Si  0.2504377E+02  0.3676464E+01  0.1975423E+02
Si  0.1634701E+02  0.2239934E+01  0.6637749E+01
Si  0.2066925E+02  0.8767545E+01  0.1181138E+02
Si  0.1384794E+02  0.1025821E+02  0.5786929E+01
Si  0.2301280E+02  0.3231220E+01  0.7870264E+00
Si  0.2776857E+02  0.8688722E+00  0.1949911E+02
Si  0.2454400E+02  0.5060204E+01  0.4376665E+01
Si  0.2110951E+02  0.1403233E+02  0.1882771E+02
Si  0.3095464E+00  0.1011296E+02  0.4377786E+00
Si  0.2822160E+01  0.1299465E+02  0.3765195E+00
Si  0.2939547E+01  0.1023034E+02  0.3266793E+01
Si  0.3068342E+00  0.1288868E+02  0.3378317E+01
Si  0.1431102E+01  0.1159922E+02  0.1939641E+01
Si  0.4095054E+01  0.1447826E+02  0.1918867E+01
Si  0.3823209E+01  0.1171129E+02  0.4547909E+01
Si  0.1351445E+01  0.1464533E+02  0.4814137E+01
Si  0.5675668E+01  0.1022256E+02  0.1017135E+01
Si  0.8183135E+01  0.1328339E+02  0.7781793E+00
Si  0.8273902E+01  0.1028357E+02  0.3083942E+01
Si  0.5366160E+01  0.1322832E+02  0.3235725E+01
Si  0.6986768E+01  0.1191684E+02  0.2073609E+01
Si  0.9882352E+01  0.1446878E+02  0.1800685E+01
Si  0.9416148E+01  0.1186414E+02  0.4354658E+01
Si  0.6856506E+01  0.1448500E+02  0.4707082E+01
Si  0.1098729E+02  0.1074296E+02  0.6254692E+00
Si  0.1400984E+02  0.1337643E+02  0.1596560E+01
Si  0.1543179E+02  0.1221092E+02  0.6055224E+01
Si  0.1091876E+02  0.1346328E+02  0.3414737E+01
Si  0.1232345E+02  0.1196136E+02  0.2079898E+01
Si  0.1814088E+02  0.1788504E+02  0.2819830E+01
Si  0.1541137E+02  0.1448731E+02  0.6375689E+01
Si  0.1200303E+02  0.1514398E+02  0.4813581E+01
Si  0.1851350E+02  0.7275484E+01  0.2030188E+02
Si  0.1748577E+02  0.1593301E+02  0.3696999E+01
Si  0.2334687E+02  0.1141133E+02  0.2112008E+02
Si  0.1792268E+02  0.1076943E+02  0.5498405E+01
Si  0.1989726E+02  0.8560427E+01  0.1815028E+01
Si  0.2891822E+02  0.6239457E+01  0.1490878E+02
Si  0.3168679E+02  0.2087291E+02  0.1424874E+01
Si  0.2092444E+02  0.6794622E+01  0.4673845E+01
Si  0.2322231E-01  0.1564807E+02  0.6460330E+00
Si  0.2937756E+01  0.1818100E+02  0.8131417E+00
Si  0.2946603E+01  0.1590413E+02  0.3505631E+01
Si  0.3285627E+00  0.1826907E+02  0.3412045E+01
Si  0.1449372E+01  0.1699725E+02  0.1976759E+01
Si  0.4124237E+01  0.1995840E+02  0.2033599E+01
Si  0.4044600E+01  0.1715572E+02  0.4751566E+01
Si  0.1284343E+01  0.1993450E+02  0.4876833E+01
Si  0.5634710E+01  0.1571424E+02  0.5673316E+00
Si  0.8039047E+01  0.1842630E+02  0.5748659E+00
Si  0.8360668E+01  0.1561395E+02  0.3490146E+01
Si  0.5282848E+01  0.1836023E+02  0.3355375E+01
Si  0.6811778E+01  0.1697510E+02  0.2131836E+01
Si  0.9380185E+01  0.1998359E+02  0.1796919E+01
Si  0.9155696E+01  0.1738151E+02  0.4830421E+01
Si  0.6649914E+01  0.1990773E+02  0.4965007E+01
Si  0.1091999E+02  0.1634858E+02  0.8316742E+00
Si  0.1336424E+02  0.1831770E+02  0.2482389E+00
Si  0.1789348E+02  0.1991267E+02  0.3973388E+01
Si  0.1043948E+02  0.1877371E+02  0.3441274E+01
Si  0.1228483E+02  0.1781292E+02  0.2271108E+01
Si  0.1440807E+02  0.1742418E+02  0.1979043E+02
Si  0.1712184E+02  0.1677802E+02  0.6105934E+01
Si  0.1622859E+02  0.2140815E+02  0.2692375E+01
Si  0.1890120E+02  0.1566729E+02  0.1401224E+02
Si  0.1907089E+02  0.1055436E+02  0.8827138E+00
Si  0.1934327E+02  0.1463723E+02  0.2122579E+02
Si  0.2036834E+02  0.1978989E+02  0.4422323E+01
Si  0.1773627E+02  0.1808845E+02  0.3151919E+00
Si  0.2341095E+02  0.1870117E+02  0.2973206E+01
Si  0.1908250E+02  0.1841400E+02  0.5857012E+01
Si  0.1188136E+02  0.2162264E+02  0.8030420E+01
Si  0.6514585E+02  0.2130975E+02  0.6063299E+01
Si  0.2768021E+01  0.2340436E+01  0.6083990E+01
Si  0.2537596E+01  0.2109446E+02  0.8758379E+01
Si  0.1208864E+00  0.2314648E+01  0.8803793E+01
Si  0.1230503E+01  0.7512228E+00  0.7306671E+01
Si  0.4126286E+01  0.3629181E+01  0.7313711E+01
Si  0.4355285E+01  0.5103574E+00  0.1009923E+02
Si  0.1664647E+01  0.3397406E+01  0.1026303E+02
Si  0.5544243E+01  0.2117881E+02  0.6408709E+01
Si  0.8409931E+01  0.1991275E+01  0.5973110E+01
Si  0.8239546E+01  0.2136295E+02  0.8982082E+01
Si  0.5623875E+01  0.2019342E+01  0.8803688E+01
Si  0.6957696E+01  0.6894005E+00  0.7472918E+01
Si  0.9783834E+01  0.3366913E+01  0.7664639E+01
Si  0.9572063E+01  0.7975593E+00  0.1048374E+02
Si  0.6673975E+01  0.3857070E+01  0.9743225E+01
Si  0.1073354E+02  0.2032503E+02  0.5099581E+01
Si  0.1452694E+02  0.2595733E+01  0.4963308E+01
Si  0.1586609E+02  0.2087920E+02  0.7341728E+01
Si  0.1113716E+02  0.2035355E+01  0.8956739E+01
Si  0.1327476E+02  0.2958349E+01  0.9258233E+01
Si  0.1786413E+02  0.1851399E+02  0.9678852E+01
Si  0.2128854E+02  0.1986733E+02  0.1277428E+02
Si  0.1276064E+02  0.4776509E+01  0.1066719E+02
Si  0.1678380E+02  0.2538664E+00  0.5169979E+01
Si  0.2077015E+02  0.2041906E+02  0.1893128E+02
Si  0.1553241E+02  0.2024474E+02  0.1673288E+02
Si  0.1338811E+02  0.6189862E+01  0.8999460E+01
Si  0.1846520E+02  0.6493703E+01  0.4999130E+01
Si  0.1684768E+02  0.3627067E+01  0.2526751E+01
Si  0.2174203E+02  0.1498279E+01  0.1445244E+01
Si  0.1746174E+02  0.4462492E+00  0.7070796E+00
Si  0.1662542E-01  0.4887836E+01  0.6189144E+01
Si  0.2809232E+01  0.7603087E+01  0.6030039E+01
Si  0.2780918E+01  0.4913528E+01  0.8725231E+01
Si  0.6508394E+02  0.7373203E+01  0.8817543E+01
Si  0.1525656E+01  0.6241069E+01  0.7437475E+01
Si  0.3974302E+01  0.9185570E+01  0.7262166E+01
Si  0.4169967E+01  0.6167056E+01  0.9973683E+01
Si  0.1488459E+01  0.8674763E+01  0.1011676E+02
Si  0.5501329E+01  0.5037719E+01  0.5940865E+01
Si  0.8056217E+01  0.7697449E+01  0.5898613E+01
Si  0.8360830E+01  0.5127245E+01  0.8503373E+01
Si  0.5329024E+01  0.7645562E+01  0.8610900E+01
Si  0.6742337E+01  0.6488920E+01  0.7270766E+01
Si  0.9435518E+01  0.9074788E+01  0.7464094E+01
Si  0.9657443E+01  0.6552183E+01  0.9942366E+01
Si  0.6532655E+01  0.9013952E+01  0.1017829E+02
Si  0.1080243E+02  0.4870222E+01  0.5735251E+01
Si  0.1329608E+02  0.7195754E+01  0.5289130E+01
Si  0.1554188E+02  0.9453471E+01  0.1545653E+01
Si  0.1117333E+02  0.7976254E+01  0.8946619E+01
Si  0.1200474E+02  0.6667984E+01  0.7277359E+01
Si  0.1599240E+02  0.9376544E+01  0.7802372E+01
Si  0.1745991E+02  0.8516153E+01  0.4759321E+01
Si  0.1181770E+02  0.8428351E+01  0.1135928E+02
Si  0.1774985E+02  0.4194490E+01  0.7100345E+01
Si  0.2032169E+02  0.1636153E+02  0.5571096E+01
Si  0.1537501E+02  0.6552002E+01  0.1038982E+02
Si  0.1720856E+02  0.1136259E+02  0.7689254E+01
Si  0.2123421E+02  0.9035276E+01  0.3728746E+01
Si  0.1290308E+02  0.1284291E+02  0.1441194E+02
Si  0.2201702E+02  0.1838010E+02  0.7825862E+01
Si  0.1441382E+02  0.1224747E+01  0.7694020E+01
Si  0.6710829E-01  0.1033801E+02  0.6159825E+01
Si  0.2619338E+01  0.1307309E+02  0.6042175E+01
Si  0.2668641E+01  0.1011715E+02  0.8830803E+01
Si  0.4217471E-01  0.1321967E+02  0.9093167E+01
Si  0.1354796E+01  0.1171079E+02  0.7681587E+01
Si  0.4217657E+01  0.1427501E+02  0.6934423E+01
Si  0.3856638E+01  0.1159480E+02  0.1023544E+02
Si  0.1669944E+01  0.1456166E+02  0.1003706E+02
Si  0.5486114E+01  0.1054891E+02  0.5814406E+01
Si  0.8077673E+01  0.1298426E+02  0.5924379E+01
Si  0.7891302E+01  0.1026642E+02  0.8722397E+01
Si  0.5103306E+01  0.1315924E+02  0.8934766E+01
Si  0.6626230E+01  0.1160295E+02  0.7418142E+01
Si  0.9386417E+01  0.1471597E+02  0.7164717E+01
Si  0.9063259E+01  0.1161563E+02  0.1031152E+02
Si  0.6739380E+01  0.1486156E+02  0.9709338E+01
Si  0.1057295E+02  0.1023420E+02  0.5557997E+01
Si  0.1304950E+02  0.1394485E+02  0.6457220E+01
Si  0.1378184E+02  0.9999036E+01  0.8262845E+01
Si  0.1021794E+02  0.1266008E+02  0.8474492E+01
Si  0.1212436E+02  0.1162902E+02  0.6850319E+01
Si  0.1753210E+02  0.1498764E+02  0.7620459E+01
Si  0.1592002E+02  0.1347228E+02  0.1020279E+02
Si  0.1153486E+02  0.1456929E+02  0.9643177E+01
Si  0.2158248E+02  0.7886181E+01  0.7032719E+01
Si  0.1662027E+02  0.1241496E+02  0.4133636E+01
Si  0.2507782E+02  0.6201375E+01  0.1136338E+01
Si  0.1698060E+02  0.7993900E+01  0.9396600E+01
Si  0.2928566E+02  0.1359190E+02  0.1196574E+02
Si  0.2236156E+02  0.2165397E+02  0.2143066E+02
Si  0.2345974E+02  0.8777849E+01  0.1448570E+02
Si  0.2314552E+02  0.1284897E+02  0.1545734E+02
Si  0.6513462E+02  0.1593481E+02  0.6255464E+01
Si  0.2731231E+01  0.1863037E+02  0.5931736E+01
Si  0.2722210E+01  0.1569237E+02  0.8172694E+01
Si  0.6488141E+02  0.1851855E+02  0.8568170E+01
Si  0.1468345E+01  0.1748451E+02  0.7366254E+01
Si  0.4015933E+01  0.1962067E+02  0.7500238E+01
Si  0.3974941E+01  0.1681635E+02  0.1007561E+02
Si  0.9059874E+00  0.1974619E+02  0.1004281E+02
Si  0.5384622E+01  0.1594882E+02  0.6092577E+01
Si  0.8171661E+01  0.1876900E+02  0.6053888E+01
Si  0.8314131E+01  0.1618114E+02  0.8658820E+01
Si  0.5228043E+01  0.1846208E+02  0.8924581E+01
Si  0.6690204E+01  0.1744690E+02  0.7319454E+01
Si  0.9610256E+01  0.2029572E+02  0.7338564E+01
Si  0.9779112E+01  0.1705600E+02  0.9985779E+01
Si  0.6852182E+01  0.1969923E+02  0.1026550E+02
Si  0.1054654E+02  0.1628994E+02  0.6092095E+01
Si  0.1278863E+02  0.1434215E+01  0.6078113E+01
Si  0.1556843E+02  0.1792633E+02  0.9234103E+01
Si  0.1079537E+02  0.1859759E+02  0.8512028E+01
Si  0.1241852E+02  0.1741097E+02  0.7128764E+01
Si  0.1984562E+02  0.1698774E+02  0.2127134E+02
Si  0.1439695E+02  0.1876948E+02  0.7266272E+01
Si  0.1164871E+02  0.1935521E+02  0.1056266E+02
Si  0.1530101E+02  0.8325377E+01  0.5909621E+01
Si  0.2350726E+02  0.1627574E+02  0.3814877E+01
Si  0.1834211E+02  0.6874690E+01  0.1146848E+01
Si  0.1819580E+02  0.2091836E+02  0.1323879E+02
Si  0.1902928E+02  0.1434858E+02  0.5840158E+01
Si  0.1879080E+02  0.1577740E+01  0.4629060E+01
Si  0.1709567E+02  0.2081360E+02  0.9588079E+01
Si  0.1430726E+02  0.2563047E+00  0.1282212E+02
Si  0.6488040E+02  0.2127577E+02  0.1152746E+02
Si  0.3002219E+01  0.1799781E+01  0.1154802E+02
Si  0.2668049E+01  0.2114684E+02  0.1398630E+02
Si  0.1615439E+00  0.1951649E+01  0.1426585E+02
Si  0.1260577E+01  0.7001814E+00  0.1291825E+02
Si  0.4306964E+01  0.3262278E+01  0.1277357E+02
Si  0.4023280E+01  0.7320311E+00  0.1546260E+02
Si  0.1490135E+01  0.3374454E+01  0.1553241E+02
Si  0.5254259E+01  0.2087677E+02  0.1167102E+02
Si  0.7889765E+01  0.2413021E+01  0.1139564E+02
Si  0.8043934E+01  0.2138451E+02  0.1402886E+02
Si  0.5511482E+01  0.2092186E+01  0.1441678E+02
Si  0.6842184E+01  0.8052594E+00  0.1266601E+02
Si  0.9464070E+01  0.3538378E+01  0.1276772E+02
Si  0.9406162E+01  0.1092461E+01  0.1542538E+02
Si  0.6903002E+01  0.3640428E+01  0.1555585E+02
Si  0.1077455E+02  0.2110383E+02  0.1199885E+02
Si  0.1569931E+02  0.2330840E+01  0.1233847E+02
Si  0.1431075E+02  0.1720036E+02  0.1398943E+02
Si  0.1100437E+02  0.2224815E+01  0.1433884E+02
Si  0.1273090E+02  0.2137018E+02  0.1038277E+02
Si  0.1926636E+02  0.7582196E+01  0.7073471E+01
Si  0.1354285E+02  0.1943622E+02  0.1679159E+02
Si  0.1228787E+02  0.3266177E+01  0.1602179E+02
Si  0.1975736E+02  0.1691044E+01  0.1186285E+02
Si  0.2442139E+02  0.2120192E+02  0.1774709E+02
Si  0.2014139E+02  0.1799694E+00  0.1703627E+02
Si  0.2091448E+02  0.4689578E+01  0.9895283E+01
Si  0.1976985E+02  0.4192560E+01  0.1751491E+02
Si  0.2035644E+02  0.4170731E+01  0.4020204E+01
Si  0.1782389E+02  0.7038014E+00  0.1781603E+02
Si  0.1726714E+02  0.2803677E+01  0.1053153E+02
Si  0.3829026E-01  0.4658354E+01  0.1158124E+02
Si  0.2972546E+01  0.7616165E+01  0.1166203E+02
Si  0.2748561E+01  0.4871203E+01  0.1403665E+02
Si  0.6507759E+02  0.7367355E+01  0.1430648E+02
Si  0.1293807E+01  0.6332281E+01  0.1277446E+02
Si  0.4092595E+01  0.9147409E+01  0.1313223E+02
Si  0.4073583E+01  0.6191809E+01  0.1538288E+02
Si  0.1242067E+01  0.8654674E+01  0.1565803E+02
Si  0.5400134E+01  0.5004046E+01  0.1158616E+02
Si  0.8164731E+01  0.7606244E+01  0.1148895E+02
Si  0.8446352E+01  0.4981504E+01  0.1401745E+02
Si  0.5590462E+01  0.7883597E+01  0.1449885E+02
Si  0.6679133E+01  0.6356328E+01  0.1293367E+02
Si  0.9292773E+01  0.9014011E+01  0.1286106E+02
Si  0.9361386E+01  0.6117704E+01  0.1598834E+02
Si  0.7122698E+01  0.9092936E+01  0.1594307E+02
Si  0.1058706E+02  0.5040658E+01  0.1164410E+02
Si  0.1400890E+02  0.8833265E+01  0.1057727E+02
Si  0.1428906E+02  0.4207473E+01  0.1253306E+02
Si  0.1049871E+02  0.7694200E+01  0.1464523E+02
Si  0.1175790E+02  0.6851609E+01  0.1295397E+02
Si  0.1529875E+02  0.8909869E+01  0.1240178E+02
Si  0.1369802E+02  0.6620014E+01  0.1401197E+02
Si  0.1216580E+02  0.9471851E+01  0.1502121E+02
Si  0.1458770E+02  0.1205696E+01  0.1024052E+02
Si  0.1906238E+02  0.3912460E+01  0.1128728E+02
Si  0.3106465E+02  0.8836027E+01  0.5647451E+01
Si  0.1314352E+02  0.1109764E+02  0.1078957E+02
Si  0.2303426E+02  0.7374993E+01  0.1134526E+02
Si  0.2139877E+02  0.5765090E+01  0.1455808E+02
Si  0.2185336E+02  0.2509443E+01  0.4641319E+01
Si  0.2117160E+02  0.9332365E+01  0.1519683E+02
Si  0.9985132E-01  0.9818350E+01  0.1165004E+02
Si  0.2462458E+01  0.1296065E+02  0.1149625E+02
Si  0.2639162E+01  0.1021877E+02  0.1433768E+02
Si  0.6512179E+02  0.1268202E+02  0.1438711E+02
Si  0.1223081E+01  0.1136889E+02  0.1287905E+02
Si  0.3868293E+01  0.1417383E+02  0.1276641E+02
Si  0.3964629E+01  0.1158445E+02  0.1557197E+02
Si  0.1586715E+01  0.1424823E+02  0.1572409E+02
Si  0.5393771E+01  0.1043686E+02  0.1164002E+02
Si  0.7932292E+01  0.1341578E+02  0.1144016E+02
Si  0.7944245E+01  0.1048805E+02  0.1404846E+02
Si  0.5445855E+01  0.1301852E+02  0.1437715E+02
Si  0.6780590E+01  0.1206073E+02  0.1278260E+02
Si  0.9628528E+01  0.1414677E+02  0.1304348E+02
Si  0.9181704E+01  0.1168537E+02  0.1562038E+02
Si  0.6869708E+01  0.1436764E+02  0.1571751E+02
Si  0.1087423E+02  0.1065851E+02  0.1175634E+02
Si  0.1363744E+02  0.1452129E+02  0.1285517E+02
Si  0.1686049E+02  0.1459180E+02  0.1442210E+02
Si  0.1059349E+02  0.1320789E+02  0.1483666E+02
Si  0.1350959E+02  0.1363052E+02  0.1052677E+02
Si  0.1658212E+02  0.1591683E+02  0.1114684E+02
Si  0.1411634E+02  0.9643903E+01  0.1652491E+02
Si  0.1293118E+02  0.1533893E+02  0.1703277E+02
Si  0.1853030E+02  0.7785886E+01  0.1128923E+02
Si  0.2521307E+02  0.1764744E+02  0.7200824E+01
Si  0.1750462E+02  0.9038294E+01  0.1880047E+02
Si  0.1302651E+02  0.1095937E+02  0.1312506E+02
Si  0.2275114E+02  0.9934680E+01  0.7945349E+01
Si  0.2521931E+02  0.6784325E+01  0.1087184E+02
Si  0.2700081E+02  0.1084181E+02  0.1585733E+02
Si  0.1574357E+02  0.1321822E+02  0.1930016E+02
Si  0.2750866E+00  0.1602215E+02  0.1126913E+02
Si  0.2394849E+01  0.1832354E+02  0.1126320E+02
Si  0.2850839E+01  0.1555307E+02  0.1409027E+02
Si  0.6494520E+02  0.1848240E+02  0.1429842E+02
Si  0.1307977E+01  0.1718005E+02  0.1314558E+02
Si  0.3853381E+01  0.1938932E+02  0.1276247E+02
Si  0.4145493E+01  0.1691332E+02  0.1552777E+02
Si  0.1323192E+01  0.1976803E+02  0.1544461E+02
Si  0.5466166E+01  0.1565091E+02  0.1159683E+02
Si  0.8379123E+01  0.1843486E+02  0.1141254E+02
Si  0.8269670E+01  0.1571699E+02  0.1426829E+02
Si  0.5402752E+01  0.1823297E+02  0.1403604E+02
Si  0.7019173E+01  0.1676260E+02  0.1289671E+02
Si  0.9370805E+01  0.1981372E+02  0.1279013E+02
Si  0.9675490E+01  0.1692069E+02  0.1549205E+02
Si  0.6700551E+01  0.1977279E+02  0.1537674E+02
Si  0.1076971E+02  0.1570770E+02  0.1176752E+02
Si  0.2283949E+02  0.1462270E+02  0.1194754E+02
Si  0.1431257E+02  0.1645390E+02  0.1162930E+02
Si  0.1069122E+02  0.1852683E+02  0.1424337E+02
Si  0.1226766E+02  0.1698319E+02  0.1309504E+02
Si  0.1717899E+02  0.1819288E+02  0.1207656E+02
Si  0.1613359E+02  0.1101804E+02  0.1858900E+02
Si  0.1186731E+02  0.2029495E+02  0.1558203E+02
Si  0.2185034E+02  0.1239015E+02  0.1122002E+02
Si  0.1911015E+02  0.5476714E+01  0.1460928E+02
Si  0.1834297E+02  0.1314395E+02  0.9067183E+01
Si  0.1534678E+02  0.1560771E+02  0.8831726E+01
Si  0.1856241E+02  0.1365962E+02  0.3663346E+01
Si  0.1460597E+02  0.1638948E+01  0.1707096E+02
Si  0.2108086E+02  0.1567300E+02  0.3313005E+01
Si  0.1709756E+02  0.2039036E+02  0.1899500E+02
Si  0.1760481E+00  0.2102504E+02  0.1712768E+02
Si  0.2957857E+01  0.2147212E+01  0.1698738E+02
Si  0.2943978E+01  0.2111212E+02  0.1953213E+02
Si  0.1324139E+00  0.2158841E+01  0.1966756E+02
Si  0.1540815E+01  0.8406355E+00  0.1838950E+02
Si  0.4194847E+01  0.3511318E+01  0.1834219E+02
Si  0.4275809E+01  0.8094967E+00  0.2095814E+02
Si  0.1424966E+01  0.3479917E+01  0.2102515E+02
Si  0.5138307E+01  0.2098798E+02  0.1697611E+02
Si  0.8198467E+01  0.2390582E+01  0.1707829E+02
Si  0.8257314E+01  0.2108952E+02  0.1966725E+02
Si  0.5659381E+01  0.2059970E+01  0.1951917E+02
Si  0.6863935E+01  0.5676382E+00  0.1808535E+02
Si  0.9397349E+01  0.3737662E+01  0.1850782E+02
Si  0.9527095E+01  0.8283726E+00  0.2106332E+02
Si  0.6940993E+01  0.3569706E+01  0.2104472E+02
Si  0.1067254E+02  0.2171799E+02  0.1715881E+02
Si  0.1405335E+02  0.4152861E+01  0.1496684E+02
Si  0.1397009E+02  0.1960652E+02  0.1934891E+02
Si  0.1093327E+02  0.2526835E+01  0.1974813E+02
Si  0.1243790E+02  0.1531389E+01  0.1782592E+02
Si  0.1233068E+02  0.1911529E+00  0.1373532E+02
Si  0.1374686E+02  0.1948851E+01  0.8205169E+00
Si  0.1262818E+02  0.3602579E+01  0.2098354E+02
Si  0.1740184E+02  0.1812048E+02  0.1826825E+02
Si  0.2886457E+02  0.4079408E+01  0.1385761E+02
Si  0.2151405E+02  0.5109017E+01  0.5926719E+00
Si  0.1497857E+02  0.3321947E+01  0.2043624E+02
Si  0.1470363E+02  0.2728254E+00  0.1911926E+02
Si  0.3011675E+02  0.8365200E+01  0.7930848E+01
Si  0.2077051E+02  0.1715882E+02  0.1133446E+02
Si  0.1688788E+02  0.5701933E+01  0.1969420E+02
Si  0.9909318E-01  0.4618993E+01  0.1662740E+02
Si  0.2650490E+01  0.7454866E+01  0.1681484E+02
Si  0.2850326E+01  0.4696615E+01  0.1955423E+02
Si  0.7840139E-01  0.7318112E+01  0.1962166E+02
Si  0.1345636E+01  0.5987075E+01  0.1820236E+02
Si  0.3906770E+01  0.8705325E+01  0.1835440E+02
Si  0.4261808E+01  0.5963437E+01  0.2088975E+02
Si  0.1510803E+01  0.8494024E+01  0.2091756E+02
Si  0.5419717E+01  0.5031890E+01  0.1692378E+02
Si  0.8238296E+01  0.7720755E+01  0.1714823E+02
Si  0.8011770E+01  0.5037229E+01  0.1978590E+02
Si  0.5554468E+01  0.7698824E+01  0.1994127E+02
Si  0.6728910E+01  0.6472852E+01  0.1846232E+02
Si  0.9567584E+01  0.9297506E+01  0.1822072E+02
Si  0.9761989E+01  0.6488144E+01  0.2090436E+02
Si  0.6830371E+01  0.9182116E+01  0.2106526E+02
Si  0.1102366E+02  0.5013389E+01  0.1715560E+02
Si  0.1292685E+02  0.7355629E+01  0.1628139E+02
Si  0.1551703E+02  0.6614771E+01  0.2163622E+02
Si  0.1123858E+02  0.8102876E+01  0.1964089E+02
Si  0.1226353E+02  0.6782431E+01  0.1840790E+02
Si  0.1539179E+02  0.1115975E+02  0.1370810E+02
Si  0.1442860E+02  0.5814225E+01  0.1960272E+02
Si  0.1251895E+02  0.9435439E+01  0.2112911E+02
Si  0.1736576E+02  0.1704380E+01  0.1554070E+02
Si  0.2874667E+02  0.7583064E+01  0.9676953E+01
Si  0.1799402E+02  0.5921289E+01  0.1241625E+02
Si  0.2086480E+02  0.1167147E+02  0.1795521E+02
Si  0.1653899E+02  0.1977966E+02  0.1459583E+02
Si  0.2269431E+02  0.1173258E+02  0.1317950E+02
Si  0.2649336E+02  0.5734841E+01  0.1937530E+02
Si  0.2128222E+02  0.7492188E+01  0.1910230E+00
Si  0.6506562E+02  0.1017320E+02  0.1687465E+02
Si  0.2757965E+01  0.1281032E+02  0.1704816E+02
Si  0.2641181E+01  0.1021858E+02  0.1964264E+02
Si  0.6489471E+02  0.1231439E+02  0.2010456E+02
Si  0.1126704E+01  0.1155204E+02  0.1857807E+02
Si  0.4083669E+01  0.1438472E+02  0.1803451E+02
Si  0.4150701E+01  0.1149750E+02  0.2098786E+02
Si  0.1121271E+01  0.1444937E+02  0.2097751E+02
Si  0.5238431E+01  0.1017509E+02  0.1699392E+02
Si  0.7871624E+01  0.1268111E+02  0.1688675E+02
Si  0.8183672E+01  0.1056392E+02  0.1969155E+02
Si  0.5272496E+01  0.1297223E+02  0.1981928E+02
Si  0.6413114E+01  0.1154103E+02  0.1846933E+02
Si  0.9350605E+01  0.1396025E+02  0.1819078E+02
Si  0.9279352E+01  0.1182798E+02  0.2114282E+02
Si  0.6880968E+01  0.1433415E+02  0.2107467E+02
Si  0.1073762E+02  0.1033289E+02  0.1689970E+02
Si  0.1377685E+02  0.1319935E+02  0.1679136E+02
Si  0.1390556E+02  0.1038743E+02  0.1909583E+02
Si  0.1086040E+02  0.1310664E+02  0.1986011E+02
Si  0.1215888E+02  0.1192907E+02  0.1810484E+02
Si  0.1422885E+02  0.1412386E+02  0.2090820E+02
Si  0.1612347E+02  0.1136879E+02  0.2110422E+02
Si  0.1381868E+02  0.1595847E+02  0.3342956E+01
Si  0.1656765E+02  0.4759984E+01  0.9356689E+01
Si  0.2209057E+02  0.1819527E+02  0.1697343E+02
Si  0.2666840E+02  0.7173465E+01  0.1516918E+02
Si  0.2006658E+02  0.1102072E+02  0.1232817E+02
Si  0.1694728E+02  0.8915022E+01  0.1600481E+02
Si  0.2039986E+02  0.1247810E+02  0.8601430E+01
Si  0.2341553E+02  0.6558966E+01  0.1355440E+02
Si  0.1574933E+02  0.1325782E+02  0.1251059E+02
Si  0.6496435E+02  0.1534866E+02  0.1711934E+02
Si  0.2678975E+01  0.1835005E+02  0.1678713E+02
Si  0.2647871E+01  0.1578137E+02  0.1951981E+02
Si  0.1531886E+00  0.1851402E+02  0.1965583E+02
Si  0.1136853E+01  0.1708850E+02  0.1807539E+02
Si  0.4069127E+01  0.1962183E+02  0.1825743E+02
Si  0.4262909E+01  0.1694909E+02  0.2117397E+02
Si  0.1593367E+01  0.1988273E+02  0.2095915E+02
Si  0.5658936E+01  0.1569596E+02  0.1686522E+02
Si  0.7979662E+01  0.1830679E+02  0.1675085E+02
Si  0.8186032E+01  0.1541194E+02  0.1968747E+02
Si  0.5576135E+01  0.1846836E+02  0.1964238E+02
Si  0.6801461E+01  0.1704830E+02  0.1856779E+02
Si  0.9405422E+01  0.1996412E+02  0.1788459E+02
Si  0.9383994E+01  0.1726600E+02  0.2081584E+02
Si  0.6852213E+01  0.1971916E+02  0.2103132E+02
Si  0.1069172E+02  0.1507318E+02  0.1649245E+02
Si  0.1614004E+02  0.1371652E+02  0.1689699E+02
Si  0.1182200E+02  0.1488823E+02  0.2096107E+02
Si  0.1078920E+02  0.1844920E+02  0.1937509E+02
Si  0.1235841E+02  0.1657747E+02  0.1919663E+02
Si  0.1489284E+02  0.1909071E+02  0.1304200E+02
Si  0.1518283E+02  0.1803944E+02  0.1998377E+01
Si  0.1207327E+02  0.1986027E+02  0.2086489E+02
Si  0.1589610E+02  0.1122883E+02  0.1604170E+02
Si  0.2230829E+02  0.1968323E+02  0.1004005E+02
Si  0.1931613E+02  0.1018269E+02  0.2020980E+02
Si  0.1584983E+02  0.1668644E+02  0.2165287E+02
Si  0.2257163E+02  0.1538056E+02  0.1558887E+02
Si  0.2065152E+02  0.2084233E+02  0.1489468E+02
Si  0.2131000E+02  0.1550924E+02  0.7679146E+00
Si  0.1510769E+02  0.3619137E+01  0.1813661E+02
Si  0.3070217E+02  0.1792349E+02  0.3999809E+01
Si  0.2356936E+02  0.4420248E+01  0.1709597E+02
Si  0.1726629E+02  0.9451817E+01  0.2155446E+02
Si  0.2327716E+02  0.7939720E+01  0.1323379E+01
Si  0.3155273E+02  0.7899467E+01  0.3383408E+01
Si  0.3597507E+02  0.1220319E+02  0.3495004E+01
Si  0.4372282E+02  0.2059995E+02  0.1776132E+02
Si  0.3768087E+02  0.2959472E+01  0.3143046E+01
Si  0.2940281E+02  0.5687472E+01  0.1703127E+02
Si  0.2323558E+02  0.1822428E+02  0.1437543E+02
Si  0.1873873E+02  0.7906549E+01  0.1465979E+02
Si  0.4561535E+02  0.7142194E+01  0.1226234E+02
Si  0.2931060E+02  0.1318155E+02  0.4718123E+00
Si  0.3915491E+02  0.1558936E+02  0.6327478E+00
Si  0.3785933E+02  0.4145486E+01  0.1272863E+02
Si  0.2343485E+02  0.1273092E+02  0.1900247E+02
Si  0.3152174E+02  0.1593928E+02  0.2934357E+01
Si  0.3019486E+02  0.9568855E+01  0.1697494E+02
Si  0.4147167E+02  0.1246103E+02  0.8788438E+01
Si  0.2476215E+02  0.5054689E+00  0.6763262E+01
Si  0.2128086E+02  0.8819806E+01  0.9349190E+01
Si  0.3896744E+02  0.1127180E+02  0.3586492E+01
Si  0.2104258E+02  0.1187974E+02  0.1504935E+02
Si  0.2688809E+02  0.1639722E+02  0.1925137E+01
Si  0.4456405E+02  0.1211732E+02  0.1680273E+02
Si  0.1908519E+02  0.1046083E+02  0.1429278E+02
Si  0.3954575E+02  0.7015790E+01  0.6201294E+00
Si  0.3383610E+02  0.1915831E+01  0.8502697E+01
Si  0.3977352E+02  0.2896493E+01  0.1835824E+02
Si  0.2528632E+02  0.1221126E+02  0.1141388E+02
Si  0.3338162E+02  0.7424080E+01  0.1393671E+02
Si  0.4070123E+02  0.1625647E+02  0.1725259E+02
Si  0.3280553E+02  0.7781724E+01  0.2111211E+02
Si  0.3560205E+02  0.3445689E+01  0.2245969E+01
Si  0.2767308E+02  0.4205058E+01  0.6205474E+01
Si  0.2084103E+02  0.1265613E+02  0.6089922E+01
Si  0.4104998E+02  0.8697902E+00  0.8416735E+01
Si  0.2665542E+02  0.1987836E+02  0.1515989E+02
Si  0.3001101E+02  0.9848440E+01  0.2886731E+01
Si  0.3066508E+02  0.4719921E+01  0.1221218E+02
Si  0.4781926E+02  0.6182948E+01  0.1705249E+02
Si  0.2977282E+02  0.1959902E+02  0.2230899E+01
Si  0.2393048E+02  0.1477357E+02  0.2000523E+02
Si  0.2863875E+02  0.6365184E+01  0.6290546E+01
Si  0.3137171E+02  0.4411441E+01  0.1306510E+01
Si  0.3580047E+02  0.3349431E+01  0.9429124E+01
Si  0.3085361E+02  0.2062124E+02  0.8441359E+01
Si  0.2615555E+02  0.4632213E+00  0.1205968E+02
Si  0.3151662E+02  0.1801316E+02  0.1541354E+02
Si  0.3788252E+02  0.6367246E+01  0.2242110E+01
Si  0.3729061E+02  0.1960928E+02  0.3541104E+00
Si  0.1878165E+02  0.1469453E+02  0.1878992E+02
Si  0.4154728E+02  0.1283841E+02  0.1101040E+02
Si  0.3121206E+02  0.1960680E+01  0.6324770E+01
Si  0.4155182E+02  0.1026085E+01  0.3938586E+01
Si  0.2939395E+02  0.2535400E+01  0.1737710E+02
Si  0.4132602E+02  0.1065707E+02  0.1503719E+01
Si  0.3169640E+02  0.4154676E+01  0.3802548E+01
Si  0.2626309E+02  0.9629792E+01  0.3783116E+01
Si  0.4002985E+02  0.1721755E+02  0.2087471E+02
Si  0.2959508E+02  0.1273550E+02  0.1649412E+02
Si  0.4605858E+02  0.6375492E+01  0.8803092E+01
Si  0.1427622E+02  0.1722987E+02  0.1624644E+02
Si  0.3129191E+02  0.1783116E+02  0.1156561E+02
Si  0.3406807E+02  0.1447827E+02  0.6716576E+01
Si  0.1556236E+02  0.1453400E+02  0.3186060E+01
Si  0.1885387E+02  0.7663026E+01  0.1707966E+02
Si  0.2434104E+02  0.5389366E+01  0.9042314E+01
Si  0.2993163E+02  0.1483172E+02  0.1922529E+02
Si  0.2912183E+02  0.8854079E+01  0.2157892E+02
Si  0.4288087E+02  0.1021895E+02  0.1685748E+02
Si  0.2508726E+02  0.1869541E+02  0.2149210E+02
Si  0.3320438E+02  0.6536291E+01  0.7858184E+01
Si  0.3171409E+02  0.1332148E+02  0.1970815E+02
Si  0.3025998E+02  0.1721203E+02  0.1966519E+02
Si  0.1937432E+02  0.1187989E+01  0.1420536E+02
Si  0.3306427E+02  0.3856166E+01  0.1646895E+02
Si  0.3968650E+02  0.6775419E+00  0.1755748E+02
Si  0.4115121E+02  0.1091189E+02  0.4885879E+01
Si  0.3597877E+02  0.1473832E+01  0.1512756E+02
Si  0.3768575E+02  0.1538677E+02  0.6502542E+01
Si  0.2533614E+02  0.1311998E+02  0.5032872E+01
Si  0.2593189E+02  0.4657543E+01  0.1205849E+02
Si  0.2947654E+02  0.1968222E+02  0.1203510E+02
Si  0.3260412E+02  0.1232622E+02  0.1763630E+02
Si  0.3167786E+02  0.7397794E+01  0.9594970E+01
Si  0.2647038E+02  0.1312170E+02  0.6993570E+01
Si  0.3677397E+02  0.1374819E+02  0.1500873E+01
Si  0.3399764E+02  0.4973103E+01  0.1427006E+02
Si  0.4320495E+02  0.2075993E+01  0.1424190E+00
Si  0.2895938E+02  0.6390842E+01  0.6250216E+00
Si  0.3135884E+02  0.2087557E+02  0.4799378E+01
Si  0.4197823E+02  0.5971701E+01  0.4017355E+00
Si  0.4189471E+02  0.1904830E+02  0.2125420E+02
Si  0.4134343E+02  0.2525421E+00  0.1950960E+02
Si  0.2165136E+02  0.5164221E+01  0.1985635E+02
Si  0.2872231E+02  0.1650101E+02  0.4613013E+01
Si  0.3879190E+02  0.2056059E+02  0.1082764E+02
Si  0.2238167E+02  0.1108422E+02  0.2971909E+01
Si  0.2723577E+02  0.1720971E+02  0.8716696E+01
Si  0.3376294E+02  0.1099412E+02  0.5491268E+01
Si  0.2148363E+02  0.1096421E+02  0.5136801E+00
Si  0.2583455E+02  0.1308906E+02  0.1835773E+02
Si  0.1827718E+02  0.6083854E+01  0.8691048E+01
Si  0.3413251E+02  0.9758726E+01  0.9739348E+01
Si  0.2954386E+02  0.1618620E+02  0.1202319E+02
Si  0.3628852E+02  0.3784641E+01  0.1456537E+02
Si  0.3995764E+02  0.3081822E+01  0.1329938E+02
Si  0.3932386E+02  0.4290979E+01  0.1535978E+02
Si  0.2516571E+02  0.9699835E+01  0.8395618E+01
Si  0.3177947E+02  0.1141244E+02  0.1390566E+02
Si  0.4385967E+02  0.8960067E+01  0.4009167E+01
Si  0.3237299E+02  0.8518309E+01  0.1572027E+02
Si  0.3164273E+02  0.2319061E+01  0.1225044E+02
Si  0.3994756E+02  0.1059756E+02  0.1966941E+02
Si  0.2784520E+02  0.2024162E+01  0.1174872E+02
Si  0.3853702E+02  0.1796333E+01  0.1074419E+01
Si  0.2432148E+02  0.9036437E+01  0.2096782E+02
Si  0.4054715E+02  0.1979558E+02  0.1909450E+02
Si  0.4439779E+02  0.1967400E+02  0.3463937E+01
Si  0.2424541E+02  0.1105006E+02  0.4367877E+01
Si  0.3397732E+02  0.1600207E+01  0.1225699E+02
Si  0.1595168E+02  0.5206783E+01  0.1656204E+02
Si  0.4205755E+02  0.9718277E+00  0.1443942E+02
Si  0.1755835E+02  0.1219314E+02  0.1482740E+02
Si  0.2853175E+02  0.6635723E+01  0.2891552E+01
Si  0.3512089E+02  0.6884984E+01  0.5088263E+01
Si  0.3255733E+02  0.1373806E+02  0.3660169E+01
Si  0.1413988E+02  0.1878679E+02  0.1082394E+02
Si  0.3531629E+02  0.1161577E+01  0.1028977E+02
Si  0.2092298E+02  0.1312066E+02  0.1070230E+01
Si  0.2597212E+02  0.1221022E+00  0.1453939E+02
Si  0.2536300E+02  0.3856935E+01  0.2664650E+00
Si  0.3528199E+02  0.1883475E+02  0.9964055E+01
Si  0.4647650E+02  0.1823007E+02  0.1966717E+02
Si  0.2138846E+02  0.7369029E+01  0.1659395E+02
Si  0.2331700E+02  0.3052057E+00  0.3184463E+01
Si  0.3818334E+02  0.6971906E+01  0.1968275E+02
Si  0.2466387E+02  0.1589670E+02  0.1445164E+02
Si  0.3444484E+02  0.9005692E+01  0.6445076E+01
Si  0.2361525E+02  0.9678228E+01  0.1031472E+02
Si  0.3742119E+02  0.1330974E+01  0.4843046E+01
Si  0.2528172E+02  0.5416953E+01  0.1418036E+02
Si  0.2842176E+02  0.1781060E+02  0.6548793E+01
Si  0.2666557E+02  0.3213932E+00  0.8216070E+01
Si  0.4652495E+02  0.1518675E+01  0.8943200E+01
Si  0.3581967E+02  0.5975853E+01  0.7294358E+01
Si  0.3402371E+02  0.1588419E+02  0.1720740E+02
Si  0.2481361E+02  0.1643548E+02  0.1819094E+02
Si  0.3186751E+02  0.1084224E+02  0.1858015E+01
Si  0.3708497E+02  0.1093861E+02  0.1860871E+01
Si  0.2344175E+02  0.9432609E+00  0.1963363E+02
Si  0.1775329E+02  0.3957711E+01  0.1552182E+02
Si  0.3989500E+02  0.2053908E+02  0.1608391E+02
Si  0.1309022E+02  0.1548918E+02  0.8404115E+01
Si  0.2828811E+02  0.1076259E+02  0.1309823E+02
Si  0.3675802E+02  0.9117027E+01  0.1189533E+02
Si  0.4040075E+02  0.1636912E+01  0.6031103E+01
Si  0.3876897E+02  0.1347015E+02  0.1500055E+02
Si  0.3286767E+02  0.7281263E+01  0.5749870E+01
Si  0.3734659E+02  0.1172123E+02  0.5428917E+01
Si  0.2473655E+02  0.1538131E+02  0.1851236E+01
Si  0.2780684E+02  0.7700666E+00  0.1700708E+02
Si  0.2806706E+02  0.1924683E+01  0.5235683E+01
Si  0.4914731E+02  0.1855125E+02  0.2739655E+01
Si  0.3168182E+02  0.1320575E+02  0.1503508E+01
Si  0.2815144E+02  0.2135727E+02  0.6399625E+01
Si  0.2802075E+02  0.1248892E+02  0.5011382E+01
Si  0.4470795E+02  0.1047595E+02  0.5904108E+01
Si  0.2703790E+02  0.1978892E+02  0.4929976E+01
Si  0.3224683E+02  0.1068496E+02  0.8352887E+01
Si  0.2351831E+02  0.6659178E+01  0.1747305E+02
Si  0.3143651E+02  0.6838312E+01  0.1038136E+01
Si  0.3311123E+02  0.1916775E+02  0.1146962E+02
Si  0.3750516E+02  0.1568253E+02  0.2823223E+01
Si  0.3543544E+02  0.1456047E+02  0.1284143E+00
Si  0.3108372E+02  0.2133354E+02  0.2080426E+02
Si  0.2746019E+02  0.2048684E+01  0.9521734E+01
Si  0.3369288E+02  0.1043701E+02  0.1512893E+02
Si  0.2665767E+02  0.1923838E+01  0.6184803E+00
Si  0.3870576E+02  0.1539209E+02  0.1660673E+02
Si  0.2912557E+02  0.7872278E+01  0.1831972E+02
Si  0.2020669E+02  0.2152081E+02  0.8494977E+01
Si  0.2911522E+02  0.4747251E+01  0.2049103E+02
Si  0.3871156E+02  0.8996235E+01  0.2099444E+02
Si  0.2828292E+02  0.8691581E+01  0.4303105E+01
Si  0.3199409E+02  0.4514926E+01  0.8155426E+01
Si  0.2790406E+02  0.1893854E+02  0.1692726E+02
Si  0.3018215E+02  0.1127029E+02  0.5037189E+01
Si  0.2614321E+02  0.1360961E+02  0.2064296E+02
Si  0.2675220E+02  0.1337781E+02  0.2948823E+01
Si  0.2063609E+02  0.1693671E+02  0.1544232E+02
Si  0.2986367E+02  0.1877763E+02  0.9644337E+01
Si  0.2340777E+02  0.1629168E+02  0.2162282E+02
Si  0.4643243E+02  0.1136676E+02  0.1788400E+02
Si  0.2684777E+02  0.6888886E+01  0.2140266E+02
Si  0.3338178E+02  0.1575534E+02  0.8929575E+01
Si  0.3313133E+02  0.1407347E+02  0.2146843E+02
Si  0.3548262E+02  0.5822547E+01  0.2081166E+02
Si  0.3023567E+02  0.3634893E+01  0.9905847E+01
Si  0.2368566E+02  0.1356226E+02  0.9998110E+01
Si  0.4374692E+02  0.8626950E+01  0.1524048E+02
Si  0.3519710E+02  0.2015194E+02  0.1840907E+01
Si  0.4760296E+02  0.1068571E+02  0.1596061E+02
Si  0.3025607E+02  0.1317343E+02  0.1411230E+02
Si  0.4444337E+02  0.1786371E+02  0.1095657E+02
Si  0.2981761E+02  0.1988435E+02  0.6559550E+01
Si  0.4075713E+02  0.1289755E+02  0.1963790E+02
Si  0.4953047E+02  0.1044018E+01  0.2914833E+00
Si  0.3993386E+02  0.4238069E+01  0.8236752E+01
Si  0.3594653E+02  0.1058272E+02  0.1916608E+02
Si  0.4206731E+02  0.1254950E+02  0.2168279E+02
Si  0.3442974E+02  0.1911881E+02  0.2036091E+02
Si  0.2499203E+02  0.3399581E+01  0.1528066E+02
Si  0.2696555E+02  0.1707194E+02  0.2126638E+02
Si  0.3017483E+02  0.1459687E+02  0.4599780E+01
Si  0.3041317E+02  0.1485283E+02  0.1560978E+02
Si  0.3758297E+02  0.2135219E+02  0.1833759E+02
Si  0.4091974E+02  0.2015159E+02  0.4286788E+01
Si  0.4028939E+02  0.6126692E+01  0.1866142E+02
Si  0.2482524E+02  0.1945567E+02  0.1154040E+02
Si  0.3380539E+02  0.1176659E+02  0.3159042E+01
Si  0.2537997E+02  0.2166401E+02  0.4304513E+01
Si  0.2668768E+02  0.8856893E+01  0.1032522E+02
Si  0.1552334E+02  0.2928495E+00  0.1513423E+02
Si  0.3312200E+02  0.1999816E+02  0.9212305E+01
Si  0.1801728E+02  0.4142936E+01  0.4624202E+01
Si  0.1954007E+02  0.1008049E+02  0.8115284E+01
Si  0.1562647E+02  0.1743416E+02  0.4286038E+01
Si  0.2739042E+02  0.1283523E+02  0.1336590E+02
Si  0.3511797E+02  0.1224305E+02  0.6588832E+01
Si  0.2848346E+02  0.1528147E+02  0.8128063E+01
Si  0.2765177E+02  0.1971644E+01  0.1405612E+02
Si  0.2310043E+02  0.1341978E+02  0.2245883E+01
Si  0.3357675E+02  0.1785700E+02  0.8094765E+01
Si  0.2784113E+02  0.1831301E+02  0.1068267E+02
Si  0.3048652E+02  0.2986343E+01  0.1523903E+02
Si  0.3284210E+02  0.1689944E+02  0.1099157E+01
Si  0.3038702E+02  0.9445471E+01  0.1267776E+02
Si  0.2659161E+02  0.1518829E+02  0.4319344E+01
Si  0.1841720E+02  0.1645308E+02  0.1642896E+02
Si  0.3879318E+02  0.1267167E+01  0.1201796E+02
Si  0.4316792E+02  0.6605155E+01  0.1621145E+02
Si  0.3809731E+02  0.1858240E+02  0.3965000E+01
Si  0.2510983E+02  0.1285577E+02  0.1060173E+01
Si  0.3351124E+02  0.1223949E+02  0.1251667E+02
Si  0.2304859E+02  0.1123204E+02  0.1719989E+02
Si  0.2968245E+02  0.1685448E+02  0.1443254E+02
Si  0.1757856E+02  0.2036912E+02  0.2133682E+02
Si  0.3279570E+02  0.2812385E+01  0.1448206E+02
Si  0.3508092E+02  0.1252103E+02  0.1812715E+02
Si  0.3050884E+02  0.6098253E+01  0.4597422E+01
Si  0.2925881E+02  0.8027205E+00  0.1493261E+02
Si  0.4495833E+02  0.2120875E+01  0.1230543E+02
Si  0.3267596E+02  0.3994005E+01  0.5920873E+01
Si  0.4529016E+02  0.2102469E+02  0.2104832E+02
Si  0.2567416E+02  0.1798403E+02  0.1368033E+02
Si  0.2703744E+02  0.4000861E+00  0.2567833E+01
Si  0.2401037E+02  0.2623898E+01  0.5969608E+01
Si  0.4072626E+02  0.1203264E+02  0.1517862E+02
Si  0.3768099E+02  0.9665955E+01  0.1411933E+02
Si  0.3221856E+02  0.1801686E+02  0.5981109E+01
Si  0.2037951E+02  0.1027870E+02  0.5657884E+01
Si  0.2189831E+02  0.5781927E+01  0.8172331E+01
Si  0.4137637E+02  0.5378635E+01  0.4133395E+01
Si  0.2244265E+02  0.1587428E+02  0.9881977E+01
Si  0.3244220E+02  0.2158247E+02  0.6828415E+01
Si  0.4414054E+02  0.1345540E+02  0.2096871E+02
Si  0.3545758E+02  0.1196656E+02  0.1573263E+02
Si  0.2288355E+02  0.2037435E+02  0.1574557E+02
Si  0.3801907E+02  0.1117695E+02  0.1852928E+02
Si  0.2536711E+02  0.1259496E+01  0.1647597E+02
Si  0.2208488E+02  0.1805116E+01  0.1167869E+02
Si  0.4028327E+02  0.1046189E+02  0.8128425E+01
Si  0.2469527E+02  0.9623040E+01  0.1634598E+02
Si  0.4437647E+02  0.2197808E+01  0.1459029E+02
Si  0.4551319E+02  0.1726633E+02  0.2156019E+02
Si  0.4124556E+02  0.5061095E+01  0.1219805E+02
Si  0.3472922E+02  0.6045651E+01  0.1844706E+02
Si  0.4064777E+02  0.4096813E+01  0.1950383E+01
Si  0.3216357E+02  0.2166824E+02  0.1271676E+02
Si  0.4205061E+02  0.6971754E+01  0.1986693E+02
Si  0.3382120E+02  0.1912818E+01  0.1767232E+02
Si  0.3523877E+02  0.1778692E+02  0.1622753E+02
Si  0.1663370E+02  0.1527359E+02  0.1956876E+02
Si  0.2163787E+02  0.1002361E+02  0.1972452E+02
Si  0.2770752E+02  0.1820554E+02  0.3171637E+01
Si  0.3488521E+02  0.1094854E+01  0.1724246E+01
Si  0.2183182E+02  0.1642337E+02  0.1355501E+02
Si  0.4652873E+02  0.5649255E+01  0.6438857E+01
Si  0.2295425E+02  0.6400587E+01  0.3214979E+01
Si  0.2050966E+02  0.1788727E+02  0.2430922E+01
Si  0.3948942E+02  0.1692286E+02  0.2724437E+01
Si  0.2889399E+02  0.1086049E+02  0.8548842E+00
Si  0.4204697E+02  0.3178558E+01  0.1771815E+02
Si  0.2546534E+02  0.4618559E+01  0.6852782E+01
Si  0.2196242E+02  0.2126094E+02  0.5310115E+01
Si  0.1932490E+02  0.1389413E+01  0.2168362E+01
Si  0.2257434E+02  0.4616191E+01  0.5837900E+01
Si  0.2318167E+02  0.2048487E+02  0.7308699E+01
Si  0.3859059E+02  0.1735275E+02  0.1810637E+02
Si  0.2907292E+02  0.2049847E+02  0.2009642E+02
Si  0.3531939E+02  0.8034194E+01  0.1949366E+02
Si  0.4500239E+02  0.5351252E+01  0.1559056E+02
Si  0.1770511E+02  0.2976811E+01  0.1827586E+02
Si  0.1959982E+02  0.4933489E+01  0.1823629E+01
Si  0.2895663E+02  0.2320620E+01  0.2119856E+02
Si  0.3140406E+02  0.3595683E+01  0.2010364E+02
Si  0.3680573E+02  0.1621845E+02  0.8451602E+01
Si  0.3569139E+02  0.5747052E+01  0.2985496E+01
Si  0.3147382E+02  0.5039012E+01  0.1810679E+02
Si  0.1564440E+02  0.1653698E+02  0.1785438E+02
Si  0.3523001E+02  0.1691233E+02  0.2962913E+01
Si  0.4400568E+02  0.9096825E+01  0.1870904E+02
Si  0.3246953E+02  0.8179267E+01  0.1175325E+02
Si  0.2954161E+02  0.2166133E+02  0.3440622E+01
Si  0.4868259E+02  0.4009453E+01  0.7772234E+01
Si  0.3904644E+02  0.2135660E+02  0.5296012E+01
Si  0.4781172E+02  0.3784957E+01  0.1613931E+02
Si  0.4027936E+02  0.1864297E+01  0.1548879E+02
Si  0.3016573E+02  0.7161061E+01  0.1150548E+02
Si  0.2577935E+02  0.1515285E+02  0.8233124E+01
Si  0.4210875E+02  0.1954739E+02  0.1637162E+02
Si  0.4336305E+02  0.1343899E+01  0.1868033E+02
Si  0.4040736E+02  0.1781144E+02  0.1207140E+02
Si  0.3624956E+02  0.1519047E+01  0.1753595E+02
Si  0.3920204E+02  0.7569635E+01  0.6081556E+01
Si  0.1886788E+02  0.1996390E+02  0.1590481E+02
Si  0.4230591E+02  0.9489320E+01  0.8312726E+01
Si  0.3045922E+02  0.6721533E+01  0.1981456E+02
Si  0.3120256E+02  0.2013429E+02  0.1655959E+02
Si  0.3650784E+02  0.7839220E+01  0.2165713E+02
Si  0.2669232E+02  0.1077117E+02  0.1588862E+01
Si  0.2706870E+02  0.8225164E+01  0.7308819E+01
Si  0.3974973E+02  0.8413783E+01  0.1328594E+02
Si  0.3631958E+02  0.1932495E+02  0.1878677E+02
Si  0.3759458E+02  0.1972920E+02  0.6219615E+01
Si  0.3293982E+02  0.1412038E+02  0.1571179E+02
Si  0.3022567E+02  0.2190498E+01  0.4347802E+01
Si  0.2840276E+02  0.4369167E+01  0.1134608E+02
Si  0.3188011E+02  0.1201487E+02  0.6340612E+01
Si  0.3332200E+02  0.2104240E+02  0.1719800E+02
Si  0.2287106E+02  0.3461623E+01  0.1906204E+02
Si  0.2644279E+02  0.2048423E+02  0.8398799E+00
Si  0.3095339E+02  0.1504934E+02  0.8558021E+01
Si  0.4287359E+02  0.1105670E+02  0.3259213E+01
Si  0.4268605E+02  0.1244948E+02  0.1292386E+02
Si  0.3380378E+02  0.1750821E+02  0.1427039E+02
Si  0.2192909E+02  0.1764912E+02  0.2032030E+02
Si  0.4466968E+02  0.1348738E+01  0.2053585E+02
Si  0.3172289E+02  0.1002330E+02  0.1846645E+02
Si  0.4420449E+02  0.6640884E+01  0.1847285E+02
Si  0.3692725E+02  0.1883855E+01  0.2042523E+02
Si  0.2598746E+02  0.1499670E+02  0.1638928E+02
Si  0.3558805E+02  0.1246696E+02  0.2067828E+02
Si  0.2247311E+02  0.1370485E+02  0.7682433E+01
Si  0.2596036E+02  0.6582413E+01  0.1709582E+02
Si  0.3962381E+02  0.1425025E+02  0.1299027E+02
Si  0.2567346E+02  0.1995561E+02  0.1953667E+02
Si  0.1933413E+02  0.1922577E+02  0.1167790E+02
Si  0.4194320E+02  0.1793291E+02  0.1816596E+02
Si  0.2138736E+02  0.2345261E+01  0.1772018E+02
Si  0.3729414E+02  0.4492456E+01  0.2002601E+02
Si  0.3940055E+02  0.1802419E+02  0.1422621E+02
Si  0.3524927E+02  0.7573523E+01  0.1082525E+02
Si  0.3404891E+02  0.1886019E+02  0.1794817E+02
Si  0.2772602E+02  0.1179838E+02  0.1794252E+02
Si  0.2835200E+02  0.1479521E+02  0.1727516E+02
Si  0.2802433E+02  0.1792821E+02  0.1302825E+02
Si  0.3800567E+02  0.6587331E+01  0.1533064E+02
Si  0.3620516E+02  0.5158629E+01  0.1099758E+02
Si  0.2916050E+02  0.3061672E+01  0.7765554E+01
Si  0.3727196E+02  0.1497847E+02  0.1989462E+02
Si  0.4839947E+02  0.1290720E+02  0.1510941E+02
Si  0.3874217E+02  0.2018000E+02  0.8295995E+01
Si  0.1980271E+02  0.2101812E+02  0.2106106E+02
Si  0.4477936E+02  0.1305046E+02  0.9262765E+01
Si  0.3455547E+02  0.7029281E+01  0.1615683E+02
Si  0.2760224E+02  0.1112486E+02  0.1072322E+02
Si  0.3324747E+02  0.1568994E+02  0.1953972E+02
Si  0.3513508E+02  0.3896025E+00  0.7486857E+01
Si  0.3526211E+02  0.7913318E+01  0.8419600E+01
Si  0.2562592E+02  0.1293017E+02  0.1519470E+02
Si  0.2906314E+02  0.2051862E+02  0.1772543E+02
Si  0.3065235E+02  0.1792364E+02  0.3244758E+00
Si  0.2472531E+02  0.8466788E+01  0.1858617E+02
Si  0.2738273E+02  0.1100643E+02  0.8190779E+01
Si  0.2506540E+02  0.1383327E+02  0.1300823E+02
Si  0.2528487E+02  0.3228412E+01  0.1002432E+02
Si  0.3060113E+02  0.1122796E+02  0.2026669E+02
Si  0.4167637E+02  0.2075456E+02  0.1254852E+01
Si  0.2990953E+02  0.7471219E+00  0.1179666E+01
Si  0.3541983E+02  0.1111139E+02  0.1113798E+02
Si  0.3823720E+02  0.8844259E+01  0.3149804E+01
Si  0.3457176E+02  0.1303145E+01  0.2112325E+02
Si  0.4164820E+02  0.4216191E+01  0.9985411E+01
Si  0.3936461E+02  0.1917559E+02  0.1578104E+01
Si  0.2217757E+02  0.1615626E+02  0.7421584E+01
Si  0.3237587E+02  0.1798862E+02  0.2030942E+02
Si  0.3324283E+02  0.2896881E+00  0.1932903E+02
Si  0.4368314E+02  0.4701092E+01  0.1370085E+02
Si  0.1869872E+02  0.1627836E+02  0.1181827E+02
Si  0.3330314E+02  0.3377594E+01  0.1080063E+00
Si  0.4359027E+02  0.2962551E+01  0.3100549E+01
Si  0.3464415E+02  0.3510074E+01  0.6830990E+01
Si  0.2506692E+02  0.2512024E+01  0.1233179E+02
Si  0.3657783E+02  0.2051488E+02  0.1638486E+02
Si  0.3924460E+02  0.1554164E+01  0.2038095E+02
Si  0.3688614E+02  0.3194567E+01  0.6704654E+01
Si  0.2673552E+02  0.2069256E+02  0.1027297E+02
Si  0.3735493E+02  0.1356423E+02  0.1212449E+02
Si  0.2454038E+02  0.2017737E+02  0.9230304E+01
Si  0.1646190E+02  0.7664868E+01  0.2621237E+01
Si  0.2224853E+02  0.1606745E+02  0.1864686E+02
Si  0.2401230E+02  0.1988857E+02  0.4988384E+01
Si  0.3741217E+02  0.1089501E+02  0.1619764E+02
Si  0.2360418E+02  0.3098780E+01  0.3201362E+01
Si  0.1989522E+02  0.1845693E+02  0.1791880E+02
Si  0.3414733E+02  0.1430978E+02  0.1364771E+02
Si  0.4242274E+02  0.6970583E+01  0.2685095E+01
Si  0.4320609E+02  0.4418039E+01  0.2114818E+02
Si  0.2883252E+02  0.1358029E+02  0.2705805E+01
Si  0.4308528E+02  0.6944765E+00  0.2084858E+01
Si  0.2293170E+02  0.9206115E+01  0.5607548E+01
Si  0.3768337E+02  0.2123890E+02  0.2197471E+01
Si  0.3858878E+02  0.8684748E+01  0.1613014E+02
Si  0.3167054E+02  0.1433821E+02  0.6593005E+01
Si  0.3369084E+02  0.2000923E+02  0.4750300E+01
Si  0.1934767E+02  0.3226075E+01  0.8752718E+01
Si  0.2184903E+02  0.3751967E+01  0.1549047E+02
Si  0.2952603E+02  0.5488629E+01  0.8400986E+01
Si  0.1801179E+02  0.2094725E+02  0.6977744E+01
Si  0.1856933E+02  0.1405195E+02  0.1636275E+02
Si  0.2308611E+02  0.1981465E+02  0.9124944E+00
Si  0.2395438E+02  0.1788262E+02  0.9315558E+01
Si  0.2295325E+02  0.3541156E+01  0.9971415E+01
Si  0.3729711E+02  0.4109635E+00  0.8733617E+01
Si  0.3479594E+02  0.1926057E+02  0.1294825E+02
Si  0.2851460E+02  0.1686969E+02  0.1634902E+02
Si  0.3018213E+02  0.8341878E+01  0.1482340E+02
Si  0.3858285E+02  0.9766719E+01  0.6537390E+01
Si  0.3864829E+02  0.9923897E+01  0.1080497E+02
Si  0.4336043E+02  0.6901712E+01  0.1342609E+02
Si  0.4055747E+02  0.8866654E+01  0.9975603E+01
Si  0.3434740E+02  0.5388861E+01  0.1149805E+01
Si  0.2422973E+02  0.8294610E+01  0.3496022E+01
Si  0.4360748E+02  0.1195777E+02  0.7580089E+01
Si  0.5001280E+02  0.3504173E+01  0.4374013E+01
Si  0.3140840E+02  0.9560201E+01  0.2140138E+02
Si  0.3089857E+02  0.1479304E+01  0.1917375E+02
Si  0.3712604E+02  0.2157525E+02  0.1425559E+02
Si  0.1528708E+02  0.5127006E+00  0.2127952E+02
Si  0.3177121E+02  0.1179774E+02  0.1062150E+02
Si  0.2987238E+02  0.1066638E+02  0.9216448E+01
Si  0.2441457E+02  0.1570409E+02  0.6350127E+01
Si  0.2323189E+02  0.2127251E+02  0.1175264E+02
Si  0.1854095E+02  0.8219378E+00  0.9899564E+01
Si  0.3256316E+02  0.7345836E+01  0.1875479E+02
Si  0.2633522E+02  0.2763911E+01  0.1823129E+02
Si  0.2716571E+02  0.2804463E+01  0.3165330E+01
Si  0.3768325E+02  0.1086385E+02  0.8861787E+01
Si  0.3520210E+02  0.1611280E+02  0.2016525E+02
Si  0.4130603E+02  0.5065781E+01  0.1662070E+02
Si  0.2649311E+02  0.9411525E+01  0.1400863E+02
Si  0.5009553E+02  0.1549633E+02  0.1628540E+01
Si  0.2359719E+02  0.2949841E+00  0.1400534E+02
Si  0.2826291E+02  0.1501067E+02  0.2092552E+02
Si  0.4556030E+02  0.4551943E+01  0.1240086E+02
Si  0.3685449E+02  0.1689289E+02  0.4782492E+01
Si  0.2433113E+02  0.1018470E+02  0.1263135E+02
Si  0.3804066E+02  0.2836957E+01  0.9026118E+01
Si  0.1992900E+02  0.6244358E+01  0.1865558E+02
Si  0.3609135E+02  0.8256733E+01  0.2348454E+01
Si  0.3447604E+02  0.2141952E+02  0.1367117E+02
Si  0.4591312E+02  0.3526449E+01  0.1999219E+02
Si  0.4245495E+02  0.1296960E+02  0.1615912E+02
Si  0.3311817E+02  0.1628692E+02  0.1239748E+02
Si  0.4512001E+02  0.2127037E+02  0.9799380E+01
Si  0.4169477E+02  0.9159600E+01  0.1868765E+02
Si  0.2951896E+02  0.3013522E+01  0.2148828E+01
Si  0.1567844E+02  0.6263988E+01  0.1283061E+02
Si  0.3638778E+02  0.1372881E+02  0.1429805E+02
Si  0.2988148E+02  0.1303623E+02  0.9722223E+01
Si  0.2578759E+02  0.1716601E+02  0.4880736E+01
Si  0.2984877E+02  0.4178022E+00  0.1233071E+02
Si  0.3934968E+02  0.1839259E+02  0.1009773E+02
Si  0.4174808E+02  0.2124697E+02  0.1273652E+02
Si  0.2851994E+02  0.1002922E+02  0.1948509E+02
Si  0.2043525E+02  0.1465990E+01  0.6543116E+01
Si  0.3825861E+02  0.5457502E+01  0.6765422E+01
Si  0.3338894E+02  0.2151370E+02  0.2834564E+01
Si  0.2298727E+02  0.2472519E+01  0.1376138E+02
Si  0.2276225E+02  0.7567213E+01  0.1970597E+02
Si  0.3523969E+02  0.9018914E+01  0.1410608E+02
Si  0.2585344E+02  0.3398876E+00  0.2059119E+02
Si  0.3170539E+02  0.1842033E+02  0.1782726E+02
Si  0.2652459E+02  0.1782060E+02  0.1885547E+02
Si  0.2666463E+02  0.9218407E+01  0.2144304E+02
Si  0.4081494E+02  0.7776524E+01  0.4405537E+01
Si  0.2873966E+02  0.9807516E+01  0.6380555E+01
Si  0.2086414E+02  0.1348126E+02  0.3553691E+01
Si  0.3945339E+02  0.2145269E+02  0.1394982E+02
Si  0.3502148E+02  0.1753172E+02  0.5256855E+00
Si  0.3844771E+02  0.1352603E+02  0.2159880E+02
Si  0.3395167E+02  0.1028591E+02  0.1775009E+02
Si  0.3487860E+02  0.1679896E+02  0.6374005E+01
Si  0.2311288E+02  0.1949398E+02  0.1892225E+02
Si  0.3704143E+02  0.1721792E+02  0.1473010E+02
Si  0.4921203E+02  0.1236035E+02  0.1721870E+02
Si  0.4022307E+02  0.6675107E+01  0.8789851E+01
Si  0.3900531E+02  0.4820393E+01  0.3329358E+01
Si  0.3923167E+02  0.1165789E+02  0.1227765E+01
Si  0.4689790E+02  0.4378799E+01  0.1414698E+02
Si  0.4121935E+02  0.4099453E+01  0.6236283E+01
Si  0.4820080E+02  0.2074670E+02  0.1787370E+00
Si  0.4089273E+02  0.3237224E+01  0.2132682E+02
Si  0.4667861E+02  0.3648825E+01  0.5192538E+00
Si  0.4631466E+02  0.5752171E+00  0.4824993E+01
Si  0.5287800E+02  0.9235930E+00  0.4656080E+01
Si  0.4535824E+02  0.2140291E+02  0.1932585E+01
Si  0.4394786E+02  0.4462150E+01  0.1883369E+02
Si  0.5131876E+02  0.2685338E+01  0.7814159E+00
Si  0.4698365E+02  0.1536114E+02  0.6792697E+01
Si  0.5034705E+02  0.6533847E+01  0.2253445E+01
Si  0.4946195E+02  0.2060518E+01  0.2604196E+01
Si  0.5295334E+02  0.3810550E+01  0.2007410E+01
Si  0.5066742E+02  0.4674086E+00  0.3580193E+01
Si  0.4757455E+02  0.1702123E+02  0.5272338E+01
Si  0.5409100E+02  0.2115720E+02  0.9837122E+00
Si  0.5686284E+02  0.2179304E+01  0.4506369E+00
Si  0.5687302E+02  0.2108249E+02  0.3619478E+01
Si  0.5411121E+02  0.2356521E+01  0.3400798E+01
Si  0.5570007E+02  0.9488084E+00  0.2116921E+01
Si  0.5833443E+02  0.3747261E+01  0.1931624E+01
Si  0.5845275E+02  0.7979627E+00  0.4797924E+01
Si  0.5562916E+02  0.3301048E+01  0.5121883E+01
Si  0.5974081E+02  0.2113876E+02  0.7428373E+00
Si  0.6251535E+02  0.1850065E+01  0.4492559E+00
Si  0.6281585E+02  0.2094847E+02  0.3247518E+01
Si  0.5988329E+02  0.2351300E+01  0.3255581E+01
Si  0.6118608E+02  0.6682434E+00  0.2158849E+01
Si  0.6359896E+02  0.3514783E+01  0.1808276E+01
Si  0.6413648E+02  0.1127532E+01  0.4411888E+01
Si  0.6109826E+02  0.3346167E+01  0.5010720E+01
Si  0.3752126E+02  0.3824207E+01  0.1789807E+02
Si  0.4804847E+02  0.1335707E+02  0.5524892E+01
Si  0.4834016E+02  0.1011908E+02  0.2108032E+02
Si  0.4123681E+02  0.1299130E+02  0.5704648E+01
Si  0.4640799E+02  0.9638075E+01  0.1964158E+02
Si  0.4717590E+02  0.1108996E+02  0.2075345E+01
Si  0.4292427E+02  0.6038888E+01  0.6121359E+01
Si  0.3058344E+02  0.1744410E+02  0.7638112E+01
Si  0.4778113E+02  0.4175471E+01  0.3840110E+01
Si  0.5122200E+02  0.8061869E+01  0.7934040E+00
Si  0.5151780E+02  0.4910692E+01  0.3417269E+01
Si  0.4655450E+02  0.8754394E+01  0.8843838E+01
Si  0.4572138E+02  0.2754244E+01  0.3795424E+01
Si  0.5288342E+02  0.9200866E+01  0.2076733E+01
Si  0.5257565E+02  0.6189458E+01  0.4740519E+01
Si  0.4944609E+02  0.8508118E+01  0.3874913E+01
Si  0.5449223E+02  0.5112748E+01  0.7265651E+00
Si  0.5722855E+02  0.7385341E+01  0.5253450E+00
Si  0.5708585E+02  0.4717570E+01  0.3737094E+01
Si  0.5411645E+02  0.7401722E+01  0.3353681E+01
Si  0.5584788E+02  0.6185662E+01  0.2170271E+01
Si  0.5847313E+02  0.8756050E+01  0.2154127E+01
Si  0.5838757E+02  0.6233493E+01  0.4922931E+01
Si  0.5585295E+02  0.8626592E+01  0.4387870E+01
Si  0.5998994E+02  0.4626233E+01  0.4250056E+00
Si  0.6224049E+02  0.7400190E+01  0.8654715E+00
Si  0.6229227E+02  0.4710626E+01  0.3440023E+01
Si  0.5990698E+02  0.7412731E+01  0.3456047E+01
Si  0.6108856E+02  0.5948343E+01  0.2173016E+01
Si  0.6374447E+02  0.8833285E+01  0.2186648E+01
Si  0.6376212E+02  0.6065881E+01  0.4549604E+01
Si  0.6113354E+02  0.9118429E+01  0.4752704E+01
Si  0.3851250E+02  0.1906880E+02  0.1999322E+02
Si  0.4535795E+02  0.1353439E+02  0.1891667E+02
Si  0.4049735E+02  0.8377768E+01  0.2161719E+01
Si  0.4545365E+02  0.1552518E+02  0.1022129E+02
Si  0.3908574E+02  0.1336834E+02  0.6400373E+01
Si  0.4133903E+02  0.1455243E+02  0.9741884E+00
Si  0.4151971E+02  0.1661908E+02  0.6042552E+01
Si  0.4259584E+02  0.1364376E+02  0.3647375E+01
Si  0.4989389E+02  0.8190656E+01  0.2046198E+02
Si  0.5270354E+02  0.1248789E+02  0.1374154E+01
Si  0.5170993E+02  0.1111741E+02  0.3159031E+01
Si  0.4341764E+02  0.1538024E+02  0.2234926E+01
Si  0.5209116E+02  0.1350835E+02  0.3943400E+01
Si  0.5242120E+02  0.1534770E+02  0.2377340E+01
Si  0.5169546E+02  0.1027422E+02  0.5954273E+01
Si  0.5164875E+02  0.1894062E+02  0.4171571E+01
Si  0.5450993E+02  0.1010530E+02  0.7428547E+00
Si  0.5677615E+02  0.1311314E+02  0.2870868E+00
Si  0.5717182E+02  0.1023933E+02  0.3515107E+01
Si  0.5465051E+02  0.1356020E+02  0.2405409E+01
Si  0.5583222E+02  0.1169331E+02  0.1997153E+01
Si  0.5841094E+02  0.1416915E+02  0.1528717E+01
Si  0.5837037E+02  0.1161016E+02  0.4858559E+01
Si  0.5572760E+02  0.1441113E+02  0.4758117E+01
Si  0.5956273E+02  0.1042309E+02  0.7374322E+00
Si  0.6273198E+02  0.1284914E+02  0.8774384E+00
Si  0.6258949E+02  0.1037839E+02  0.3435498E+01
Si  0.5945046E+02  0.1300506E+02  0.3434721E+01
Si  0.6098452E+02  0.1163502E+02  0.2090474E+01
Si  0.6377210E+02  0.1426986E+02  0.2190318E+01
Si  0.6382744E+02  0.1169493E+02  0.4852512E+01
Si  0.6093800E+02  0.1395689E+02  0.4733537E+01
Si  0.3628597E+02  0.1622848E+02  0.1796635E+02
Si  0.4950386E+02  0.1741631E+02  0.1370444E+00
Si  0.3944633E+02  0.1198943E+02  0.1181262E+02
Si  0.4113839E+02  0.1515439E+02  0.2031561E+02
Si  0.3819330E+02  0.1880368E+02  0.1625750E+02
Si  0.4497876E+02  0.1861606E+02  0.7727954E+01
Si  0.4527832E+02  0.1389824E+02  0.1222715E+01
Si  0.4387256E+02  0.1593669E+02  0.2062410E+02
Si  0.4693884E+02  0.1940320E+02  0.1971060E+01
Si  0.5061388E+02  0.2032165E+02  0.1736734E+01
Si  0.4838341E+02  0.1639081E+02  0.2899379E+01
Si  0.4797446E+02  0.2053639E+02  0.3912943E+01
Si  0.4596452E+02  0.1784997E+02  0.3633512E+01
Si  0.5271798E+02  0.1921930E+02  0.1945509E+01
Si  0.5250817E+02  0.1675681E+02  0.4525761E+01
Si  0.4175114E+02  0.1647204E+02  0.3711735E+01
Si  0.5450424E+02  0.1567946E+02  0.1168693E+01
Si  0.5706564E+02  0.1841537E+02  0.6427925E+00
Si  0.5718329E+02  0.1547369E+02  0.3167395E+01
Si  0.5414126E+02  0.1816623E+02  0.3311136E+01
Si  0.5588441E+02  0.1724917E+02  0.2212811E+01
Si  0.5840256E+02  0.1987154E+02  0.2327377E+01
Si  0.5831097E+02  0.1704865E+02  0.4729968E+01
Si  0.5540546E+02  0.1953847E+02  0.4754616E+01
Si  0.5979396E+02  0.1555494E+02  0.7177503E+00
Si  0.6241688E+02  0.1807370E+02  0.6190218E+00
Si  0.6254228E+02  0.1548961E+02  0.3740943E+01
Si  0.5969878E+02  0.1819002E+02  0.3337422E+01
Si  0.6126682E+02  0.1694606E+02  0.2210736E+01
Si  0.6394301E+02  0.1944238E+02  0.1929823E+01
Si  0.6371771E+02  0.1728475E+02  0.4897095E+01
Si  0.6097454E+02  0.1975107E+02  0.4566385E+01
Si  0.3987938E+02  0.2726539E+00  0.2190205E+01
Si  0.4292110E+02  0.1706775E+01  0.1072987E+02
Si  0.4647115E+02  0.2156720E+02  0.7204244E+01
Si  0.4872101E+02  0.1133731E+01  0.1018607E+02
Si  0.4349421E+02  0.3792500E+01  0.5489432E+01
Si  0.4648755E+02  0.3205721E+01  0.7155738E+01
Si  0.4252148E+02  0.1708468E+02  0.9805914E+01
Si  0.4285738E+02  0.2093726E+02  0.8706066E+01
Si  0.4964815E+02  0.2109887E+02  0.5529503E+01
Si  0.5004545E+02  0.2314040E+01  0.6570435E+01
Si  0.5126070E+02  0.2133305E+02  0.8630778E+01
Si  0.4283922E+02  0.2428232E+00  0.6564184E+01
Si  0.4900117E+02  0.2103995E+00  0.7792383E+01
Si  0.5249532E+02  0.2868689E+01  0.6672232E+01
Si  0.5252741E+02  0.5028305E+00  0.1034380E+02
Si  0.4989415E+02  0.3297357E+01  0.1062387E+02
Si  0.5406071E+02  0.2085264E+02  0.5998795E+01
Si  0.5703401E+02  0.1839126E+01  0.6107765E+01
Si  0.5691811E+02  0.2103687E+02  0.8322220E+01
Si  0.5351168E+02  0.1808889E+01  0.8557540E+01
Si  0.5541434E+02  0.6351628E+00  0.7262068E+01
Si  0.5812306E+02  0.3317295E+01  0.7568882E+01
Si  0.5814729E+02  0.4684952E+00  0.1032680E+02
Si  0.5509175E+02  0.3228792E+01  0.9960480E+01
Si  0.5984147E+02  0.2128654E+02  0.5965230E+01
Si  0.6279287E+02  0.2021822E+01  0.6331623E+01
Si  0.6241278E+02  0.2116480E+02  0.8650848E+01
Si  0.5958061E+02  0.2012397E+01  0.8936989E+01
Si  0.6101430E+02  0.9491793E+00  0.7467958E+01
Si  0.6403459E+02  0.3578072E+01  0.7516125E+01
Si  0.6383202E+02  0.6432194E+00  0.9824704E+01
Si  0.6105027E+02  0.3327468E+01  0.1034827E+02
Si  0.4257662E+02  0.9357727E+01  0.5912818E+01
Si  0.4727515E+02  0.8163194E+01  0.4730885E+01
Si  0.4466886E+02  0.2041546E+02  0.6062267E+01
Si  0.3553878E+02  0.1233371E+02  0.9042133E+01
Si  0.4987948E+02  0.1306685E+02  0.3952832E+01
Si  0.4493819E+02  0.1204716E+02  0.2815374E+01
Si  0.4854907E+02  0.4300219E+01  0.1232705E+02
Si  0.3336098E+02  0.1842359E+02  0.2960143E+01
Si  0.4424461E+02  0.2237356E+01  0.6969629E+01
Si  0.5118818E+02  0.7761563E+01  0.5500205E+01
Si  0.5066332E+02  0.4756046E+01  0.8823328E+01
Si  0.4861626E+02  0.7987447E+01  0.9955859E+01
Si  0.4923455E+02  0.6615852E+01  0.7893176E+01
Si  0.5253684E+02  0.8496161E+01  0.7421383E+01
Si  0.5262556E+02  0.5922169E+01  0.1014662E+02
Si  0.5029174E+02  0.9523049E+01  0.1048034E+02
Si  0.5392188E+02  0.4767998E+01  0.6090480E+01
Si  0.5679436E+02  0.7531022E+01  0.6158802E+01
Si  0.5650003E+02  0.4609268E+01  0.8721685E+01
Si  0.5393025E+02  0.7281999E+01  0.8681370E+01
Si  0.5516165E+02  0.6174992E+01  0.7341970E+01
Si  0.5816276E+02  0.8801237E+01  0.7357737E+01
Si  0.5815488E+02  0.5979976E+01  0.9823473E+01
Si  0.5549892E+02  0.8590738E+01  0.9873729E+01
Si  0.5949718E+02  0.4742480E+01  0.6216504E+01
Si  0.6256062E+02  0.7579994E+01  0.5943546E+01
Si  0.6234842E+02  0.4660932E+01  0.8692904E+01
Si  0.5955025E+02  0.7594732E+01  0.8637749E+01
Si  0.6104170E+02  0.5927967E+01  0.7422526E+01
Si  0.6379601E+02  0.8845628E+01  0.7482020E+01
Si  0.6381635E+02  0.5951518E+01  0.1010876E+02
Si  0.6117669E+02  0.8497277E+01  0.9839938E+01
Si  0.3578097E+02  0.2115399E+02  0.5517687E+01
Si  0.4685224E+02  0.1339583E+02  0.3431826E+01
Si  0.4344092E+02  0.1685359E+02  0.7592265E+01
Si  0.4499487E+02  0.1515337E+02  0.7720413E+01
Si  0.4860020E+02  0.5428425E+01  0.5825008E+01
Si  0.4881477E+02  0.1306958E+02  0.1043450E+02
Si  0.4462772E+02  0.1311314E+02  0.1169111E+02
Si  0.4146691E+02  0.1945448E+02  0.9895657E+01
Si  0.4872894E+02  0.1119657E+02  0.6196501E+01
Si  0.5191590E+02  0.1287804E+02  0.6129031E+01
Si  0.5152593E+02  0.1041527E+02  0.8547719E+01
Si  0.4820730E+02  0.1629363E+02  0.8851634E+01
Si  0.4951681E+02  0.1201713E+02  0.8443274E+01
Si  0.5354086E+02  0.1415647E+02  0.7397880E+01
Si  0.5291469E+02  0.1162696E+02  0.1024322E+02
Si  0.5060988E+02  0.1476653E+02  0.1058585E+02
Si  0.5419151E+02  0.9980473E+01  0.5964873E+01
Si  0.5676880E+02  0.1278825E+02  0.5976128E+01
Si  0.5664989E+02  0.1023616E+02  0.8600983E+01
Si  0.5448278E+02  0.1286266E+02  0.9023250E+01
Si  0.5532896E+02  0.1136892E+02  0.7335937E+01
Si  0.5816604E+02  0.1407355E+02  0.7404703E+01
Si  0.5811388E+02  0.1131622E+02  0.1031300E+02
Si  0.5548737E+02  0.1447298E+02  0.1037395E+02
Si  0.5950714E+02  0.1023163E+02  0.6250025E+01
Si  0.6225170E+02  0.1287035E+02  0.6352634E+01
Si  0.6251499E+02  0.1038239E+02  0.9088392E+01
Si  0.5948450E+02  0.1273781E+02  0.9000054E+01
Si  0.6087417E+02  0.1137792E+02  0.7674059E+01
Si  0.6380443E+02  0.1440951E+02  0.7504500E+01
Si  0.6399497E+02  0.1169924E+02  0.1056593E+02
Si  0.6098279E+02  0.1404973E+02  0.1028575E+02
Si  0.4312082E+02  0.1754074E+02  0.1027208E+01
Si  0.3329271E+02  0.1664760E+02  0.4535242E+01
Si  0.3864628E+02  0.1371975E+02  0.1839764E+02
Si  0.3625952E+02  0.1755958E+02  0.1239382E+02
Si  0.3559240E+02  0.1458199E+02  0.9470177E+01
Si  0.4814598E+02  0.1922994E+02  0.6173919E+01
Si  0.4544417E+02  0.1795252E+02  0.1318555E+02
Si  0.3985215E+02  0.1851864E+02  0.5821907E+01
Si  0.5000623E+02  0.1381361E+02  0.6907441E+01
Si  0.5066231E+02  0.1850989E+02  0.6344463E+01
Si  0.5196813E+02  0.1518020E+02  0.8791940E+01
Si  0.4505413E+02  0.1744377E+02  0.1538024E+02
Si  0.5043159E+02  0.1645647E+02  0.7457384E+01
Si  0.5232899E+02  0.1977280E+02  0.7555450E+01
Si  0.5289800E+02  0.1713954E+02  0.1017953E+02
Si  0.5025805E+02  0.1947162E+02  0.9834497E+01
Si  0.5429734E+02  0.1597552E+02  0.6058172E+01
Si  0.5703062E+02  0.1816518E+02  0.6056558E+01
Si  0.5708322E+02  0.1571437E+02  0.8802738E+01
Si  0.5415315E+02  0.1853550E+02  0.8839048E+01
Si  0.5568618E+02  0.1715042E+02  0.7599483E+01
Si  0.5843483E+02  0.1974165E+02  0.7358543E+01
Si  0.5829770E+02  0.1717976E+02  0.9954468E+01
Si  0.5576446E+02  0.1996659E+02  0.9972845E+01
Si  0.5953718E+02  0.1545837E+02  0.5883448E+01
Si  0.6212012E+02  0.1855366E+02  0.6061076E+01
Si  0.6223698E+02  0.1584639E+02  0.8743152E+01
Si  0.5972008E+02  0.1845758E+02  0.8825028E+01
Si  0.6085545E+02  0.1692135E+02  0.7280472E+01
Si  0.6361645E+02  0.2006715E+02  0.7245199E+01
Si  0.6383934E+02  0.1722926E+02  0.9911024E+01
Si  0.6113098E+02  0.1985304E+02  0.9934091E+01
Si  0.4412546E+02  0.7931194E+01  0.8887696E+01
Si  0.4734003E+02  0.2110532E+02  0.1494135E+02
Si  0.4131198E+02  0.1555892E+02  0.1241286E+02
Si  0.3628613E+02  0.5326152E+01  0.1656036E+02
Si  0.4830662E+02  0.1858517E+02  0.8456425E+01
Si  0.4904018E+02  0.2116035E+02  0.1755986E+02
Si  0.4834031E+02  0.1801396E+02  0.1463933E+02
Si  0.4068140E+02  0.5746543E+00  0.1083468E+02
Si  0.4850199E+02  0.2059361E+02  0.1133576E+02
Si  0.5125974E+02  0.1830959E+01  0.1193490E+02
Si  0.5140043E+02  0.2080832E+02  0.1441060E+02
Si  0.4852191E+02  0.1494298E+01  0.1416628E+02
Si  0.4998181E+02  0.2416932E+00  0.1276670E+02
Si  0.5262178E+02  0.3501473E+01  0.1283721E+02
Si  0.5281329E+02  0.4870191E+00  0.1578739E+02
Si  0.5001637E+02  0.3060741E+01  0.1569233E+02
Si  0.5428160E+02  0.2122010E+02  0.1137177E+02
Si  0.5660732E+02  0.1961192E+01  0.1144859E+02
Si  0.5704633E+02  0.2109325E+02  0.1442148E+02
Si  0.5389818E+02  0.1804077E+01  0.1405465E+02
Si  0.5552503E+02  0.6823326E+00  0.1303382E+02
Si  0.5807131E+02  0.3209600E+01  0.1281391E+02
Si  0.5850118E+02  0.8735222E+00  0.1546353E+02
Si  0.5537304E+02  0.3265506E+01  0.1554004E+02
Si  0.5960599E+02  0.2093135E+02  0.1132504E+02
Si  0.6249270E+02  0.1911271E+01  0.1137810E+02
Si  0.6232726E+02  0.2150592E+02  0.1445237E+02
Si  0.5972033E+02  0.2240391E+01  0.1396574E+02
Si  0.6104935E+02  0.7438630E+00  0.1279842E+02
Si  0.6393344E+02  0.3237072E+01  0.1282286E+02
Si  0.6404146E+02  0.7435181E+00  0.1592500E+02
Si  0.6122884E+02  0.3469488E+01  0.1545899E+02
Si  0.3821734E+02  0.5341053E+01  0.9634726E+01
Si  0.4385507E+02  0.9399311E+01  0.1072205E+02
Si  0.4257129E+02  0.6150034E+01  0.8542192E+01
Si  0.4247446E+02  0.2585971E+01  0.8450755E+01
Si  0.4732478E+02  0.6073225E+01  0.1083896E+02
Si  0.4659649E+02  0.1399278E+02  0.1404592E+02
Si  0.4105451E+02  0.1513360E+02  0.1010090E+02
Si  0.3930633E+02  0.6030395E+01  0.1338880E+02
Si  0.4400465E+02  0.2157201E+02  0.1190331E+02
Si  0.5116118E+02  0.7373960E+01  0.1128746E+02
Si  0.5148496E+02  0.4488610E+01  0.1451516E+02
Si  0.4554650E+02  0.9720605E+01  0.1241960E+02
Si  0.5012659E+02  0.5845384E+01  0.1291950E+02
Si  0.5295163E+02  0.8464209E+01  0.1237482E+02
Si  0.5273713E+02  0.5972695E+01  0.1572821E+02
Si  0.5000030E+02  0.1025378E+02  0.1258392E+02
Si  0.5424076E+02  0.4660541E+01  0.1156052E+02
Si  0.5700010E+02  0.7290367E+01  0.1137026E+02
Si  0.5663278E+02  0.4467553E+01  0.1412506E+02
Si  0.5384101E+02  0.7332140E+01  0.1431913E+02
Si  0.5549697E+02  0.6131708E+01  0.1284584E+02
Si  0.5826379E+02  0.8728571E+01  0.1275834E+02
Si  0.5809622E+02  0.6040379E+01  0.1554897E+02
Si  0.5534070E+02  0.8714063E+01  0.1537471E+02
Si  0.5948960E+02  0.4641234E+01  0.1157533E+02
Si  0.6239927E+02  0.7229674E+01  0.1128163E+02
Si  0.6255837E+02  0.4819816E+01  0.1397069E+02
Si  0.5959361E+02  0.7362491E+01  0.1437900E+02
Si  0.6092008E+02  0.6042695E+01  0.1285912E+02
Si  0.6383924E+02  0.8457475E+01  0.1272141E+02
Si  0.6393419E+02  0.6100365E+01  0.1554595E+02
Si  0.6100791E+02  0.8680990E+01  0.1557354E+02
Si  0.3398740E+02  0.1182519E+02  0.7080461E+00
Si  0.4350113E+02  0.1397444E+02  0.5835091E+01
Si  0.4911845E+02  0.9758920E+01  0.1756742E+02
Si  0.4264277E+02  0.1444698E+02  0.1424678E+02
Si  0.4486252E+02  0.1208718E+02  0.1431852E+02
Si  0.4965502E+02  0.1460625E+02  0.1393779E+02
Si  0.4676850E+02  0.1216189E+02  0.1263273E+02
Si  0.4641835E+02  0.7714867E+01  0.1829332E+02
Si  0.4599550E+02  0.1071678E+02  0.1020519E+02
Si  0.5189852E+02  0.1319410E+02  0.1162979E+02
Si  0.5184291E+02  0.9936921E+01  0.1410094E+02
Si  0.4834326E+02  0.1237867E+02  0.4384003E+00
Si  0.4982238E+02  0.1268280E+02  0.1251716E+02
Si  0.5291135E+02  0.1436741E+02  0.1298359E+02
Si  0.5288022E+02  0.1170914E+02  0.1546805E+02
Si  0.5178921E+02  0.1563467E+02  0.1461637E+02
Si  0.5438581E+02  0.1013040E+02  0.1135737E+02
Si  0.5706699E+02  0.1314525E+02  0.1179167E+02
Si  0.5669165E+02  0.1028257E+02  0.1417681E+02
Si  0.5410345E+02  0.1297205E+02  0.1423217E+02
Si  0.5554734E+02  0.1167028E+02  0.1274383E+02
Si  0.5855954E+02  0.1432776E+02  0.1283208E+02
Si  0.5830853E+02  0.1167285E+02  0.1545334E+02
Si  0.5569565E+02  0.1402756E+02  0.1576340E+02
Si  0.5957447E+02  0.9707298E+01  0.1126957E+02
Si  0.6238280E+02  0.1301282E+02  0.1172090E+02
Si  0.6274415E+02  0.9917798E+01  0.1417867E+02
Si  0.6006135E+02  0.1277993E+02  0.1393184E+02
Si  0.6123163E+02  0.1085464E+02  0.1274719E+02
Si  0.6403174E+02  0.1452091E+02  0.1280221E+02
Si  0.6353427E+02  0.1148267E+02  0.1553964E+02
Si  0.6113311E+02  0.1421071E+02  0.1569067E+02
Si  0.3489311E+02  0.1663647E+02  0.1077087E+02
Si  0.3803277E+02  0.1573483E+02  0.1188485E+02
Si  0.4690242E+02  0.9700562E+01  0.6675983E+01
Si  0.3933568E+02  0.1705461E+02  0.7440294E+01
Si  0.3884958E+02  0.1601474E+02  0.9472222E+01
Si  0.4249996E+02  0.1893409E+02  0.1208516E+02
Si  0.4335118E+02  0.1867828E+02  0.1439709E+02
Si  0.4616654E+02  0.1916898E+02  0.9716550E+01
Si  0.5033696E+02  0.1629372E+02  0.1252725E+02
Si  0.5156540E+02  0.1845650E+02  0.1159459E+02
Si  0.5054590E+02  0.1773698E+02  0.1516029E+02
Si  0.5271521E+02  0.1858880E+02  0.1595357E+02
Si  0.4666909E+02  0.1884660E+02  0.1601773E+02
Si  0.5292393E+02  0.1979626E+02  0.1283841E+02
Si  0.5368225E+02  0.1662359E+02  0.1541161E+02
Si  0.4945753E+02  0.2006825E+02  0.1527016E+02
Si  0.5418387E+02  0.1579028E+02  0.1163713E+02
Si  0.5702272E+02  0.1843998E+02  0.1149321E+02
Si  0.5692438E+02  0.1551517E+02  0.1412412E+02
Si  0.5449151E+02  0.1873919E+02  0.1420776E+02
Si  0.5555597E+02  0.1705732E+02  0.1298765E+02
Si  0.5832368E+02  0.1976638E+02  0.1306978E+02
Si  0.5827151E+02  0.1716906E+02  0.1555682E+02
Si  0.5549376E+02  0.1999612E+02  0.1595487E+02
Si  0.5965118E+02  0.1570916E+02  0.1141401E+02
Si  0.6241703E+02  0.1842902E+02  0.1145585E+02
Si  0.6256940E+02  0.1562498E+02  0.1426143E+02
Si  0.5989212E+02  0.1848765E+02  0.1424215E+02
Si  0.6121565E+02  0.1708207E+02  0.1284815E+02
Si  0.6354454E+02  0.2003380E+02  0.1289806E+02
Si  0.6391768E+02  0.1691426E+02  0.1580219E+02
Si  0.6108974E+02  0.1985507E+02  0.1569849E+02
Si  0.4719445E+02  0.2629203E+01  0.1804626E+02
Si  0.4674313E+02  0.2940409E+00  0.1742912E+02
Si  0.4218332E+02  0.1895033E+02  0.2766854E+01
Si  0.4356429E+02  0.1978054E+02  0.1985750E+02
Si  0.4977144E+02  0.1926773E+02  0.1886239E+02
Si  0.4856351E+02  0.2162696E+01  0.2003249E+02
Si  0.4682260E+02  0.1628721E+01  0.2019825E+01
Si  0.4457452E+02  0.1011715E+01  0.1674856E+02
Si  0.4166386E+02  0.1682496E+02  0.1486031E+02
Si  0.5171585E+02  0.2156545E+01  0.1711021E+02
Si  0.5162896E+02  0.2138702E+02  0.2015481E+02
Si  0.4460795E+02  0.4308371E+01  0.1486072E+01
Si  0.5038911E+02  0.1002841E+01  0.1860502E+02
Si  0.5257856E+02  0.3883297E+01  0.1868474E+02
Si  0.5287742E+02  0.1065792E+01  0.2151610E+02
Si  0.4983502E+02  0.4049823E+01  0.2125938E+02
Si  0.5408668E+02  0.2131252E+02  0.1768249E+02
Si  0.5684193E+02  0.1941306E+01  0.1675607E+02
Si  0.5701130E+02  0.2112807E+02  0.1966395E+02
Si  0.5404362E+02  0.2213436E+01  0.1994946E+02
Si  0.5557915E+02  0.1208478E+01  0.1857953E+02
Si  0.5809594E+02  0.3417647E+01  0.1828438E+02
Si  0.5840691E+02  0.7528898E+00  0.2101767E+02
Si  0.5576551E+02  0.3837207E+01  0.2103699E+02
Si  0.5976092E+02  0.2138662E+02  0.1693788E+02
Si  0.6217039E+02  0.1960877E+01  0.1699039E+02
Si  0.6237045E+02  0.2088990E+02  0.1986443E+02
Si  0.5960380E+02  0.2281427E+01  0.1957226E+02
Si  0.6098246E+02  0.6194685E+00  0.1841248E+02
Si  0.6381486E+02  0.3333915E+01  0.1787773E+02
Si  0.6383992E+02  0.6380223E+00  0.2077116E+02
Si  0.6123446E+02  0.3395562E+01  0.2076075E+02
Si  0.4191381E+02  0.8652542E+01  0.1207100E+02
Si  0.4692877E+02  0.6654595E+01  0.1500010E+02
Si  0.3939377E+02  0.5133022E+01  0.2066152E+02
Si  0.4719665E+02  0.6353563E+01  0.2907699E+01
Si  0.4767918E+02  0.9799222E+01  0.1297441E+02
Si  0.4219024E+02  0.1448081E+02  0.1811652E+02
Si  0.4889993E+02  0.9012757E+01  0.1406275E+01
Si  0.4891000E+02  0.1088883E+02  0.3967475E+01
Si  0.4746592E+02  0.2069169E+01  0.1214580E+02
Si  0.5134722E+02  0.7445002E+01  0.1664973E+02
Si  0.5114564E+02  0.5373419E+01  0.1981384E+02
Si  0.4589028E+02  0.8736294E+01  0.1607795E+02
Si  0.4850377E+02  0.7643539E+01  0.1371333E+02
Si  0.5296254E+02  0.8926312E+01  0.1803141E+02
Si  0.5282676E+02  0.6274398E+01  0.2118754E+02
Si  0.4993079E+02  0.6619728E+01  0.1850301E+02
Si  0.5413319E+02  0.4506323E+01  0.1702481E+02
Si  0.5690202E+02  0.7464179E+01  0.1680562E+02
Si  0.5714491E+02  0.5074636E+01  0.1961799E+02
Si  0.5414719E+02  0.7510336E+01  0.1958699E+02
Si  0.5550029E+02  0.6145889E+01  0.1812481E+02
Si  0.5836246E+02  0.8867846E+01  0.1815542E+02
Si  0.5857642E+02  0.6134735E+01  0.2084100E+02
Si  0.5571698E+02  0.8725929E+01  0.2101473E+02
Si  0.5954576E+02  0.4672289E+01  0.1694707E+02
Si  0.6250292E+02  0.7366425E+01  0.1676091E+02
Si  0.6256581E+02  0.4860841E+01  0.1929485E+02
Si  0.5973257E+02  0.7756823E+01  0.1943379E+02
Si  0.6084595E+02  0.6106806E+01  0.1805970E+02
Si  0.6388027E+02  0.8886700E+01  0.1833027E+02
Si  0.6380985E+02  0.5946629E+01  0.2100603E+02
Si  0.6094166E+02  0.8768576E+01  0.2101663E+02
Si  0.4515427E+02  0.6977349E+01  0.5376152E+01
Si  0.4783570E+02  0.1594590E+02  0.1332061E+02
Si  0.4755714E+02  0.1385288E+02  0.2033304E+02
Si  0.4032710E+02  0.1031028E+02  0.1679525E+02
Si  0.4804255E+02  0.1790608E+02  0.1779911E+02
Si  0.4103277E+02  0.1070802E+02  0.1332671E+02
Si  0.4961358E+02  0.1322632E+02  0.1930209E+02
Si  0.3903833E+02  0.1307987E+02  0.8707530E+01
Si  0.5014698E+02  0.9078129E+01  0.1545498E+02
Si  0.5148003E+02  0.1313962E+02  0.1682061E+02
Si  0.5106010E+02  0.9575273E+01  0.1889674E+02
Si  0.5038749E+02  0.1300855E+02  0.1564713E+01
Si  0.5040189E+02  0.1115952E+02  0.2043121E+02
Si  0.5294446E+02  0.1442470E+02  0.1839980E+02
Si  0.5283138E+02  0.1119252E+02  0.2106463E+02
Si  0.4637093E+02  0.1571556E+02  0.2523802E+01
Si  0.5415066E+02  0.1044049E+02  0.1675862E+02
Si  0.5709730E+02  0.1279114E+02  0.1714837E+02
Si  0.5690986E+02  0.1022649E+02  0.1973431E+02
Si  0.5405017E+02  0.1290495E+02  0.1976469E+02
Si  0.5560461E+02  0.1161060E+02  0.1846169E+02
Si  0.5825121E+02  0.1433912E+02  0.1852178E+02
Si  0.5824937E+02  0.1170555E+02  0.2090418E+02
Si  0.5525396E+02  0.1448397E+02  0.2112591E+02
Si  0.5954317E+02  0.1011732E+02  0.1676464E+02
Si  0.6247134E+02  0.1288944E+02  0.1706500E+02
Si  0.6230636E+02  0.1010839E+02  0.1955301E+02
Si  0.5974996E+02  0.1294332E+02  0.1977081E+02
Si  0.6101995E+02  0.1151363E+02  0.1824635E+02
Si  0.6408522E+02  0.1400205E+02  0.1861156E+02
Si  0.6355174E+02  0.1111533E+02  0.2129803E+02
Si  0.6125361E+02  0.1401980E+02  0.2122468E+02
Si  0.4432046E+02  0.1752075E+02  0.1879849E+02
Si  0.4771666E+02  0.1534346E+02  0.1106686E+02
Si  0.4851987E+02  0.5237000E+01  0.1278949E+01
Si  0.4716190E+02  0.1968304E+02  0.1311297E+02
Si  0.4471525E+02  0.1505891E+02  0.1535357E+02
Si  0.4483893E+02  0.6014252E+01  0.3162368E+01
Si  0.4745400E+02  0.1573824E+02  0.2164663E+02
Si  0.4441155E+02  0.1534977E+02  0.1756466E+02
Si  0.4983041E+02  0.1684972E+02  0.1723494E+02
Si  0.5198247E+02  0.1839366E+02  0.1829357E+02
Si  0.5081665E+02  0.1536940E+02  0.1864519E+02
Si  0.4716293E+02  0.2058117E+02  0.1983701E+02
Si  0.5137420E+02  0.1701982E+02  0.2031310E+02
Si  0.5323695E+02  0.2014719E+02  0.1925242E+02
Si  0.5335319E+02  0.1751569E+02  0.3281074E+00
Si  0.5034095E+02  0.1971566E+02  0.2100904E+02
Si  0.5466770E+02  0.1567179E+02  0.1714784E+02
Si  0.5694785E+02  0.1850411E+02  0.1701246E+02
Si  0.5706271E+02  0.1566586E+02  0.2000677E+02
Si  0.5426684E+02  0.1842710E+02  0.2008969E+02
Si  0.5565409E+02  0.1721036E+02  0.1861511E+02
Si  0.5848483E+02  0.1974357E+02  0.1826784E+02
Si  0.5847905E+02  0.1710427E+02  0.2120351E+02
Si  0.5585875E+02  0.2011568E+02  0.2141572E+02
Si  0.5960396E+02  0.1570236E+02  0.1696961E+02
Si  0.6242952E+02  0.1841829E+02  0.1705766E+02
Si  0.6259939E+02  0.1555660E+02  0.1977488E+02
Si  0.5966771E+02  0.1835224E+02  0.1959377E+02
Si  0.6110427E+02  0.1713215E+02  0.1848098E+02
Si  0.6373223E+02  0.1983700E+02  0.1846188E+02
Si  0.6401258E+02  0.1682966E+02  0.2105411E+02
Si  0.6091083E+02  0.1965973E+02  0.2118522E+02
