         
  0.6515772E+02  0.0000000E+00  0.2171924E+02
  0.0000000E+00  0.0000000E+00  0.2171924E+02
  0.3648906E-02  0.1970183E+02  0.2141358E+02
  0.2371269E+01  0.7682426E+00  0.2157214E+02
  0.2929613E+01  0.1968690E+02  0.2261167E+01
  0.6511813E+02  0.6242538E+00  0.2400045E+01
  0.1362724E+01  0.2098629E+02  0.1088372E+01
  0.3870708E+01  0.2127415E+01  0.8834316E+00
  0.4162899E+01  0.2115724E+02  0.3616253E+01
  0.1410050E+01  0.2102663E+01  0.3777115E+01
  0.5376800E+01  0.1966522E+02  0.2139814E+02
  0.7864124E+01  0.4668071E+00  0.2082875E+02
  0.8156285E+01  0.1992086E+02  0.2552237E+01
  0.5325758E+01  0.8707528E+00  0.2255577E+01
  0.6865329E+01  0.2104787E+02  0.9055881E+00
  0.8856539E+01  0.8080363E+01  0.1935635E+02
  0.8025908E+01  0.8883766E+00  0.4935846E+01
  0.6611729E+01  0.2284947E+01  0.3601900E+01
  0.1492083E+02  0.2043444E+02  0.2736473E+01
  0.3093807E+02  0.6890500E+01  0.9111263E-01
  0.1501364E+02  0.2036427E+02  0.1447663E+02
  0.1658331E+02  0.1182375E+02  0.1689978E+02
  0.1789800E+02  0.1094621E+01  0.6610791E+01
  0.3664975E+02  0.2014947E-01  0.2015973E+02
  0.9595379E+01  0.8289313E+01  0.6005239E+01
  0.3513761E+02  0.2455686E+01  0.5392167E+01
  0.2039085E+02  0.1975111E+02  0.1575970E+02
  0.1123252E+02  0.1214019E+02  0.2002175E+02
  0.3369160E+02  0.1373250E+02  0.1685979E+02
  0.1113623E+02  0.1533426E+02  0.6000347E+01
  0.2066738E+02  0.2077345E+02  0.1358133E+02
  0.3034412E+02  0.4596951E+01  0.1410065E+02
  0.1348401E+02  0.1699260E+02  0.2246762E+01
  0.2828342E+02  0.8638204E+01  0.9286729E+01
  0.6484145E+02  0.3177540E+01  0.2137778E+02
  0.2377255E+01  0.6271640E+01  0.2137840E+02
  0.2450944E+01  0.3383314E+01  0.2394261E+01
  0.6512443E+02  0.6112617E+01  0.2185245E+01
  0.1247098E+01  0.4651448E+01  0.9332301E+00
  0.3878771E+01  0.7338421E+01  0.9003140E+00
  0.3990141E+01  0.4723901E+01  0.3720404E+01
  0.1405674E+01  0.7476333E+01  0.3375865E+01
  0.5199919E+01  0.3815128E+01  0.2146345E+02
  0.7230385E+01  0.5392916E+01  0.2147309E+02
  0.9229608E+01  0.4075877E+01  0.2137564E+02
  0.5175600E+01  0.5870869E+01  0.2024707E+01
  0.6732044E+01  0.4043825E+01  0.1775059E+01
  0.9728581E+01  0.6189436E+01  0.2094714E+02
  0.9410062E+01  0.2130018E+01  0.6332147E+01
  0.6548156E+01  0.7300937E+01  0.3418563E+01
  0.1147372E+02  0.8340612E+01  0.2368357E+01
  0.3011929E+02  0.1298299E+02  0.1844355E+02
  0.2748835E+02  0.1080914E+02  0.1261646E+02
  0.1087343E+02  0.1044977E+02  0.3523176E+01
  0.2187632E+02  0.1823733E+02  0.4502530E+01
  0.1180952E+02  0.6020209E+01  0.9404726E+01
  0.1637892E+02  0.6497182E+01  0.5605099E+01
  0.9788913E+01  0.1347475E+02  0.3958114E+01
  0.3492808E+02  0.5039561E+01  0.8846610E+01
  0.2066157E+02  0.9243678E+01  0.2108778E+01
  0.1678881E+02  0.1222805E+02  0.1060386E+02
  0.1845385E+02  0.1375847E+02  0.1377195E+02
  0.1424442E+02  0.2132413E+02  0.6167508E+01
  0.1092197E+02  0.3036012E+01  0.3685183E+01
  0.8881149E+01  0.5883511E+01  0.5720278E+01
  0.1132631E+02  0.1664791E+02  0.1898940E+02
  0.6508920E+02  0.8963321E+01  0.2153276E+02
  0.2900832E+01  0.1140773E+02  0.2127472E+02
  0.2660000E+01  0.8921137E+01  0.2001874E+01
  0.6500144E+02  0.1170772E+02  0.2470632E+01
  0.1283161E+01  0.1051295E+02  0.9241854E+00
  0.3969539E+01  0.1287474E+02  0.8789397E+00
  0.4033746E+01  0.1020074E+02  0.3530448E+01
  0.1274560E+01  0.1283198E+02  0.3866349E+01
  0.5388284E+01  0.8315274E+01  0.2120511E+02
  0.1365087E+02  0.8553289E+01  0.1747413E+02
  0.8133345E+01  0.1137603E+02  0.4881931E+01
  0.5362993E+01  0.1159153E+02  0.2154691E+01
  0.6734538E+01  0.1039767E+02  0.4193828E+00
  0.8164096E+01  0.1432076E+02  0.2426209E+01
  0.1217835E+02  0.1769138E+02  0.1480724E+02
  0.6795414E+01  0.1292697E+02  0.3633586E+01
  0.8161329E+01  0.1183716E+02  0.2136981E+02
  0.2283762E+02  0.1334366E+02  0.7100137E+01
  0.2646169E+02  0.2980199E+01  0.1252284E+02
  0.1522985E+02  0.1578529E+02  0.1917350E+02
  0.1248920E+02  0.1221376E+02  0.1750798E+02
  0.2321704E+02  0.7754326E+01  0.3810925E+01
  0.2755019E+02  0.2084922E+02  0.1823943E+02
  0.2486357E+02  0.1024815E+02  0.4744610E+01
  0.2040580E+02  0.3803348E+01  0.1248572E+02
  0.2411124E+02  0.3899248E+01  0.1468954E+02
  0.1932087E+02  0.1564097E+02  0.2052380E+02
  0.1352281E+02  0.9650494E+01  0.1333860E+02
  0.2229606E+02  0.6047034E+01  0.2616593E+01
  0.2963982E+02  0.3181091E+00  0.1543951E+02
  0.3722022E+02  0.1182127E+02  0.1465045E+02
  0.3168081E+02  0.1343252E+01  0.1759010E+02
  0.5271385E-01  0.1438632E+02  0.2129477E+02
  0.2516211E+01  0.1703710E+02  0.2134457E+02
  0.2706133E+01  0.1400261E+02  0.2566441E+01
  0.8086163E-01  0.1712808E+02  0.2466158E+01
  0.1404840E+01  0.1546962E+02  0.1147871E+01
  0.4250798E+01  0.1824629E+02  0.1007781E+01
  0.4082565E+01  0.1554360E+02  0.3857928E+01
  0.1795837E+01  0.1827958E+02  0.3665440E+01
  0.5398216E+01  0.1419517E+02  0.2137675E+02
  0.9349633E+01  0.1598206E+02  0.1999963E+02
  0.1191810E+02  0.1214034E+02  0.2055129E+01
  0.5431655E+01  0.1691770E+02  0.2464216E+01
  0.6668154E+01  0.1575874E+02  0.1028232E+01
  0.1072234E+02  0.1911052E+02  0.2097246E+02
  0.1815643E+02  0.1410660E+02  0.1131758E+02
  0.6901275E+01  0.1840286E+02  0.3894529E+01
  0.2219288E+02  0.1837228E+02  0.6783547E+01
  0.8283876E+01  0.1714937E+02  0.2143673E+02
  0.1247002E+02  0.1201450E+02  0.4291071E+01
  0.2080574E+02  0.1403805E+02  0.1683112E+02
  0.2220051E+02  0.5522542E+00  0.5730958E+01
  0.2077378E+02  0.1462109E+02  0.1335061E+02
  0.1645907E+02  0.2089088E+02  0.7380978E+01
  0.1169322E+02  0.2125790E+02  0.4633089E+01
  0.2167797E+02  0.1105023E+02  0.7061029E+01
  0.1201955E+02  0.4153989E+01  0.7833936E+01
  0.3352966E+02  0.8245553E+01  0.8397835E+01
  0.2305663E+02  0.1131605E+01  0.9036604E+01
  0.1856049E+02  0.1882994E+02  0.1966039E+02
  0.1999781E+02  0.1220773E+02  0.8092332E+01
  0.2457871E+02  0.2008639E+02  0.2858582E+01
  0.1017560E+02  0.6511614E+00  0.2159396E+02
  0.1633613E+00  0.1976099E+02  0.4871413E+01
  0.2852659E+01  0.6835929E+00  0.4967415E+01
  0.2777464E+01  0.1983951E+02  0.7925269E+01
  0.1400942E+00  0.7249326E+00  0.7585727E+01
  0.1645285E+01  0.2098958E+02  0.6305411E+01
  0.4069248E+01  0.2000702E+01  0.6276189E+01
  0.4244408E+01  0.2100494E+02  0.9298359E+01
  0.1299782E+01  0.1956504E+01  0.9169459E+01
  0.5353937E+01  0.1964094E+02  0.5222866E+01
  0.9869511E+01  0.3412309E+01  0.1165918E+02
  0.8296236E+01  0.2024004E+02  0.7707107E+01
  0.5469533E+01  0.8183756E+00  0.7756915E+01
  0.6713608E+01  0.2129964E+02  0.6297656E+01
  0.1735915E+02  0.4393210E+01  0.1674309E+02
  0.1187293E+02  0.1339780E+02  0.6880797E+01
  0.6818210E+01  0.1481466E+01  0.9407922E+01
  0.2748270E+02  0.7305039E+00  0.4222831E+01
  0.2460753E+02  0.1347636E+02  0.1918416E+02
  0.2179923E+02  0.2081347E+02  0.1953820E+02
  0.1768376E+02  0.4604854E+01  0.4909618E+01
  0.1063077E+02  0.1118791E+02  0.1254214E+02
  0.1859698E+02  0.1788277E+02  0.6595228E+01
  0.1982942E+02  0.1585932E+01  0.5306813E+01
  0.1980173E+02  0.2101514E+02  0.8446537E+01
  0.1516013E+02  0.1679529E+02  0.1494302E+02
  0.2359075E+02  0.1139516E+02  0.1874526E+02
  0.1181070E+02  0.1913606E+02  0.1859122E+02
  0.1441245E+02  0.6246689E+01  0.4202935E+01
  0.1701233E+02  0.1384551E+02  0.1573169E+02
  0.2209550E+02  0.1610278E+01  0.2001923E+02
  0.1686049E+02  0.1782486E+02  0.1018323E+02
  0.1480612E+02  0.6866337E+01  0.7509329E+01
  0.4482215E-01  0.3519193E+01  0.5181521E+01
  0.2710452E+01  0.6210359E+01  0.5067271E+01
  0.2600960E+01  0.3384769E+01  0.7682121E+01
  0.6509086E+02  0.6051762E+01  0.7766128E+01
  0.1434598E+01  0.4741602E+01  0.6461734E+01
  0.4261509E+01  0.7527842E+01  0.6331413E+01
  0.4088513E+01  0.4850478E+01  0.9136546E+01
  0.1325511E+01  0.7453266E+01  0.9107156E+01
  0.5418032E+01  0.3408452E+01  0.5088787E+01
  0.9768005E+01  0.1473310E+01  0.2154055E+01
  0.6704769E+01  0.4571450E+01  0.6739305E+01
  0.5585051E+01  0.6256493E+01  0.7763255E+01
  0.8095589E+01  0.3266706E+01  0.8213954E+01
  0.1736614E+02  0.8714258E+01  0.1495824E+02
  0.1284283E+02  0.1774615E+02  0.8488398E+01
  0.7010259E+01  0.7362721E+01  0.9488468E+01
  0.2146492E+02  0.1389584E+02  0.8947354E+01
  0.7844730E+01  0.8631518E+01  0.1752817E+01
  0.1100695E+02  0.9847030E+01  0.2120155E+02
  0.1470043E+02  0.1412879E+01  0.1020926E+02
  0.9513571E+01  0.9210327E-02  0.3636519E+01
  0.1159157E+02  0.9875116E+01  0.1065611E+02
  0.1563305E+02  0.9463567E+01  0.1041358E+02
  0.2192789E+02  0.2660153E+01  0.4362179E+01
  0.1203569E+02  0.1858978E+02  0.1263689E+02
  0.2168118E+02  0.1736792E+02  0.1757008E+02
  0.2126203E+02  0.2015999E+01  0.7434933E+01
  0.4319725E+02  0.4417857E+01  0.4267492E+01
  0.2923897E+02  0.1385465E+01  0.2137652E+02
  0.1174095E+02  0.1518700E+02  0.1237471E+02
  0.2842390E+02  0.5138168E+01  0.5814512E+01
  0.1212148E+02  0.1229553E+02  0.1516171E+02
  0.2698258E+00  0.8962187E+01  0.4887072E+01
  0.2841068E+01  0.1157390E+02  0.5236894E+01
  0.2917264E+01  0.8695129E+01  0.7961242E+01
  0.5686258E-02  0.1135627E+02  0.7931850E+01
  0.1521566E+01  0.1015071E+02  0.6470334E+01
  0.4317767E+01  0.1289444E+02  0.6331466E+01
  0.4427792E+01  0.1027208E+02  0.9214875E+01
  0.1176285E+01  0.1260028E+02  0.8925765E+01
  0.5492546E+01  0.8948547E+01  0.4781471E+01
  0.1128507E+02  0.9899305E+01  0.5898025E+01
  0.7649970E+01  0.5271000E+01  0.3529060E+01
  0.5617265E+01  0.1153925E+02  0.7742942E+01
  0.6938480E+01  0.1004287E+02  0.6450138E+01
  0.8275427E+01  0.1452005E+02  0.7799996E+01
  0.8264934E+01  0.8857205E+01  0.7818978E+01
  0.7106254E+01  0.1306327E+02  0.8961166E+01
  0.1198704E+02  0.1525866E+02  0.9918045E+00
  0.1582283E+02  0.2701882E+01  0.5225892E+01
  0.1437785E+02  0.1734500E+02  0.2095554E+02
  0.2140012E+02  0.5992991E+01  0.1238738E+02
  0.1947466E+02  0.2100237E+02  0.1883194E+02
  0.1189636E+02  0.1627721E+02  0.1656308E+02
  0.2216567E+02  0.9478710E+01  0.8980354E+01
  0.1491606E+02  0.1247036E+02  0.2163512E+02
  0.2267232E+02  0.9199047E+01  0.5784608E+01
  0.2227559E+02  0.1575160E+02  0.1134565E+02
  0.3084100E+02  0.1055529E+02  0.4242419E+01
  0.2421969E+02  0.1540270E+02  0.1513292E+02
  0.1803684E+02  0.1269478E+02  0.1877745E+02
  0.3551716E+02  0.1239305E+02  0.1789821E+02
  0.3166778E+02  0.8367252E+01  0.1824952E+02
  0.3272140E+02  0.2982340E+01  0.1917315E+02
  0.5840664E-01  0.1413213E+02  0.5302230E+01
  0.2632255E+01  0.1683911E+02  0.5239197E+01
  0.2929505E+01  0.1391309E+02  0.7893403E+01
  0.5029676E+00  0.1676708E+02  0.7799486E+01
  0.1563819E+01  0.1528961E+02  0.6682551E+01
  0.4020036E+01  0.1825880E+02  0.6556057E+01
  0.4046504E+01  0.1543546E+02  0.9133970E+01
  0.1457025E+01  0.1847353E+02  0.9175084E+01
  0.5532459E+01  0.1435549E+02  0.5032270E+01
  0.1772049E+02  0.1131700E+02  0.1008059E+01
  0.1071710E+02  0.1427875E+02  0.1064501E+02
  0.5441579E+01  0.1696557E+02  0.7873998E+01
  0.6783747E+01  0.1572586E+02  0.6684441E+01
  0.8122377E+01  0.1710021E+02  0.5491156E+01
  0.7890951E+01  0.1674693E+02  0.1062121E+02
  0.6975927E+01  0.1854224E+02  0.8980935E+01
  0.2075542E+02  0.8690105E+01  0.4427956E+01
  0.1381633E+02  0.6169246E+00  0.8179902E+01
  0.1795354E+02  0.9328344E+01  0.2327679E+01
  0.1498690E+02  0.1504792E+02  0.8405102E+01
  0.9162668E+01  0.1280447E+02  0.1191265E+02
  0.2801378E+02  0.1500244E+02  0.2193025E-01
  0.2588227E+02  0.5352636E+01  0.1175568E+02
  0.1347907E+02  0.4359726E+00  0.1362395E+02
  0.1876906E+02  0.1609238E+01  0.1851234E+02
  0.1991963E+02  0.1648523E+02  0.1627315E+02
  0.1591974E+02  0.4536137E+01  0.1462078E+02
  0.2271958E+02  0.8104317E+00  0.5432695E+00
  0.1347590E+02  0.2144216E+02  0.1030376E+01
  0.9461079E+01  0.1024496E+02  0.9281842E+01
  0.9313894E+01  0.1274355E+02  0.6462446E+01
  0.1438932E+02  0.1772799E+02  0.1052201E+02
  0.6490477E+02  0.1975532E+02  0.1032520E+02
  0.2814669E+01  0.6847924E+00  0.1061562E+02
  0.2936598E+01  0.1976404E+02  0.1296323E+02
  0.6325890E-01  0.6001194E+00  0.1315312E+02
  0.1488546E+01  0.2094707E+02  0.1182457E+02
  0.4199205E+01  0.2265579E+01  0.1191046E+02
  0.4208305E+01  0.2125132E+02  0.1439973E+02
  0.1430885E+01  0.2147808E+01  0.1442940E+02
  0.5650722E+01  0.1961101E+02  0.1036120E+02
  0.1013321E+02  0.1511094E+00  0.7500491E+01
  0.7947536E+01  0.2005283E+02  0.1342490E+02
  0.5534322E+01  0.1008744E+01  0.1319083E+02
  0.6615371E+01  0.2121771E+02  0.1173209E+02
  0.1317896E+02  0.4945944E+01  0.2170193E+02
  0.1040930E+02  0.1699724E+02  0.1333260E+02
  0.6752970E+01  0.2286287E+01  0.1483409E+02
  0.9163539E+01  0.1849666E+02  0.1190173E+02
  0.2026810E+02  0.1499522E+01  0.1573295E+02
  0.1864698E+02  0.8872342E+01  0.2043232E+02
  0.1970685E+02  0.1569114E+02  0.7202736E+01
  0.1425582E+02  0.1466507E+02  0.6073180E+01
  0.1955657E+02  0.5499385E+01  0.8555266E+01
  0.8369662E+01  0.1087893E+01  0.1130008E+02
  0.1909017E+02  0.3396101E+01  0.1436866E+02
  0.3870294E+02  0.1219926E+01  0.9166964E+00
  0.1408652E+02  0.3749770E+01  0.1854886E+02
  0.1808246E+02  0.1140428E+02  0.3926637E+01
  0.1864325E+02  0.1038303E+01  0.1261272E+02
  0.2661812E+02  0.2012028E+02  0.6521640E+01
  0.2884884E+02  0.1634025E+02  0.1193072E+02
  0.2481991E+02  0.8980994E+01  0.1791337E+02
  0.1074581E+02  0.1420600E+02  0.1607435E+02
  0.1145459E+00  0.3126625E+01  0.1026384E+02
  0.2602274E+01  0.5824419E+01  0.1033096E+02
  0.2839189E+01  0.3468869E+01  0.1287948E+02
  0.6493878E+02  0.5842974E+01  0.1327661E+02
  0.1235868E+01  0.4719300E+01  0.1160079E+02
  0.4000298E+01  0.7249510E+01  0.1176684E+02
  0.4063375E+01  0.4949026E+01  0.1434862E+02
  0.1135670E+01  0.7148076E+01  0.1464579E+02
  0.5733273E+01  0.3435637E+01  0.1039112E+02
  0.8513475E+01  0.6175919E+01  0.1095802E+02
  0.8600783E+01  0.3453882E+01  0.1359698E+02
  0.5508988E+01  0.6199041E+01  0.1328936E+02
  0.7028859E+01  0.4796303E+01  0.1206102E+02
  0.9741031E+01  0.7212190E+01  0.1263248E+02
  0.1051048E+02  0.3498718E+01  0.1757104E+02
  0.6713988E+01  0.7687418E+01  0.1453669E+02
  0.1210007E+02  0.2237097E+01  0.1117799E+02
  0.2229877E+02  0.2409032E+01  0.1301731E+02
  0.1264653E+02  0.3907906E+01  0.2183582E+01
  0.1213296E+02  0.5977630E+01  0.1449025E+02
  0.1572353E+02  0.9475412E+01  0.5266100E+01
  0.2645157E+02  0.3754042E+01  0.1476711E+02
  0.1290701E+02  0.1198197E+02  0.1279693E+02
  0.1750255E+02  0.2001127E+02  0.2912941E+01
  0.9752871E+01  0.2097407E+02  0.1976795E+02
  0.1095713E+02  0.1694623E+02  0.2259429E+01
  0.2256584E+02  0.7222375E+01  0.1866181E+02
  0.1679726E+02  0.1448417E+02  0.4895191E+00
  0.2573935E+02  0.7217199E+01  0.1631041E+02
  0.1230570E+02  0.7335591E+01  0.7381178E+01
  0.1142120E+02  0.4877118E+01  0.2004026E+02
  0.1781102E+02  0.6975970E+01  0.9548526E+01
  0.6498579E+02  0.8877866E+01  0.1060294E+02
  0.2634656E+01  0.1143161E+02  0.1019464E+02
  0.2526058E+01  0.8748671E+01  0.1314328E+02
  0.6500965E+02  0.1152397E+02  0.1317030E+02
  0.1462516E+01  0.1016878E+02  0.1172096E+02
  0.3722450E+01  0.1268475E+02  0.1186593E+02
  0.3683405E+01  0.1037220E+02  0.1462733E+02
  0.1364488E+01  0.1324054E+02  0.1430479E+02
  0.5355499E+01  0.8734305E+01  0.1086756E+02
  0.7922421E+01  0.1161783E+02  0.1035765E+02
  0.8058199E+01  0.8920721E+01  0.1273088E+02
  0.5195447E+01  0.1153570E+02  0.1333924E+02
  0.6574362E+01  0.1041095E+02  0.1178481E+02
  0.1290100E+02  0.1179795E+02  0.9291675E+01
  0.9430054E+01  0.1005452E+02  0.1424503E+02
  0.6653978E+01  0.1278272E+02  0.1464143E+02
  0.2562633E+02  0.1075795E+02  0.6940506E+01
  0.1192599E+02  0.1572165E+01  0.2046595E+02
  0.3374330E+02  0.1909231E+02  0.1833366E+01
  0.1441825E+02  0.1089338E+02  0.1764805E+02
  0.1920656E+02  0.4925609E+00  0.2136817E+02
  0.2428876E+02  0.1056483E+02  0.2087483E+02
  0.1108977E+02  0.5624236E+01  0.6162152E+01
  0.1423517E+02  0.6121843E+01  0.1806391E+02
  0.1678423E+02  0.8716026E+01  0.1235514E+00
  0.3112091E+02  0.2133248E+00  0.4235014E+01
  0.3363621E+02  0.6790045E+01  0.1823935E+02
  0.1648007E+02  0.6754637E+01  0.1381757E+02
  0.3774857E+02  0.1281788E+02  0.1681124E+02
  0.3694356E+02  0.9317287E+01  0.1997495E+02
  0.4472976E+02  0.1372446E+02  0.1803394E+02
  0.1486766E+02  0.3098243E+01  0.2864304E+01
  0.6505132E+02  0.1425104E+02  0.1033263E+02
  0.2676345E+01  0.1689284E+02  0.1039008E+02
  0.2907975E+01  0.1437223E+02  0.1321840E+02
  0.2660993E+00  0.1714765E+02  0.1293149E+02
  0.1349289E+01  0.1546506E+02  0.1173132E+02
  0.4344947E+01  0.1835360E+02  0.1170086E+02
  0.4039975E+01  0.1554575E+02  0.1479138E+02
  0.1538931E+01  0.1854573E+02  0.1450020E+02
  0.5491437E+01  0.1395246E+02  0.1053636E+02
  0.1119307E+02  0.2002777E+02  0.6431687E+01
  0.7972314E+01  0.1420146E+02  0.1337331E+02
  0.5460196E+01  0.1688766E+02  0.1331036E+02
  0.6663671E+01  0.1547202E+02  0.1215022E+02
  0.2914084E+02  0.1835445E+02  0.2093358E+02
  0.1756619E+02  0.1609164E+02  0.1677231E+02
  0.6826804E+01  0.1830913E+02  0.1470471E+02
  0.1307766E+02  0.1621807E+02  0.4603240E+01
  0.2660808E+02  0.1227944E+02  0.1952585E+02
  0.1646787E+02  0.7855691E+01  0.3553903E+01
  0.1732600E+02  0.1786971E+02  0.1503680E+02
  0.2001553E+02  0.9865840E+01  0.1599658E+02
  0.2529752E+02  0.1659688E+02  0.1852732E+01
  0.2590577E+02  0.4512930E+01  0.2054599E+01
  0.9220616E+01  0.1554658E+02  0.1498272E+02
  0.1084965E+02  0.1673693E+02  0.7980602E+01
  0.3319034E+02  0.4559612E+01  0.2165558E+02
  0.1412070E+02  0.1898772E+02  0.1787524E+02
  0.2036523E+02  0.9019933E+01  0.1054262E+02
  0.1533313E+02  0.2059283E+01  0.1262481E+02
  0.2482840E+02  0.1361087E+02  0.1008671E+02
  0.1700124E+02  0.4428528E+01  0.2354573E+01
  0.2338404E+02  0.1931904E+01  0.2654251E+01
  0.2361684E+00  0.1973812E+02  0.1599383E+02
  0.2600697E+01  0.6881879E+00  0.1571182E+02
  0.2571458E+01  0.1967357E+02  0.1883950E+02
  0.2456702E-01  0.5000645E+00  0.1837077E+02
  0.1353698E+01  0.2093218E+02  0.1721027E+02
  0.3917648E+01  0.2330695E+01  0.1706266E+02
  0.3836933E+01  0.2110674E+02  0.2030134E+02
  0.1214441E+01  0.1949899E+01  0.1986643E+02
  0.5415555E+01  0.1980984E+02  0.1595169E+02
  0.1118521E+02  0.2023265E+02  0.1653557E+02
  0.7791425E+01  0.2020235E+02  0.1869631E+02
  0.4895443E+01  0.1008353E+01  0.1875084E+02
  0.6372753E+01  0.2167251E+02  0.1743080E+02
  0.2423133E+02  0.1032726E+02  0.1520182E+02
  0.8377383E+01  0.1193913E+01  0.1638047E+02
  0.6396631E+01  0.2369857E+01  0.1990460E+02
  0.1809867E+02  0.1860196E+02  0.1210912E+02
  0.1276378E+02  0.2733219E+01  0.1709103E+02
  0.4408418E+02  0.1526365E+02  0.1092238E+02
  0.2565090E+02  0.9513195E+01  0.1342842E+02
  0.2545243E+02  0.1290306E+02  0.7668619E+01
  0.1345061E+02  0.1955976E+02  0.4575460E+01
  0.9416963E+01  0.1858219E+02  0.1249587E+01
  0.1305876E+02  0.7255798E+01  0.1258193E+02
  0.2074831E+02  0.4391645E+01  0.3324870E+01
  0.1583510E+02  0.6813689E+01  0.2074909E+02
  0.2842957E+02  0.1882475E+02  0.2356537E+01
  0.2718337E+02  0.8280966E+01  0.2152714E+02
  0.1425027E+02  0.1684557E+02  0.1717352E+02
  0.4642424E+02  0.6240712E+01  0.1879449E+02
  0.1642888E+02  0.3579978E+00  0.1145453E+02
  0.1434292E+02  0.6868287E+01  0.7243727E+00
  0.6508665E+02  0.3320206E+01  0.1570653E+02
  0.2662326E+01  0.6115399E+01  0.1601987E+02
  0.2408165E+01  0.3768482E+01  0.1873674E+02
  0.6478421E+02  0.6442464E+01  0.1859400E+02
  0.1034069E+01  0.4820777E+01  0.1732698E+02
  0.3741816E+01  0.7619289E+01  0.1723196E+02
  0.3888558E+01  0.4989422E+01  0.1993863E+02
  0.1120213E+01  0.7647831E+01  0.1999886E+02
  0.5072368E+01  0.3604895E+01  0.1596114E+02
  0.8003788E+01  0.6321509E+01  0.1581502E+02
  0.7983328E+01  0.2992574E+01  0.1802979E+02
  0.5306834E+01  0.6120725E+01  0.1831184E+02
  0.6673698E+01  0.4875960E+01  0.1716974E+02
  0.1040783E+02  0.5453638E+01  0.3689288E+01
  0.1303115E+02  0.9108878E+01  0.1994847E+02
  0.6841151E+01  0.7105353E+01  0.1965542E+02
  0.2262913E+02  0.1907115E+02  0.1599572E+02
  0.1892603E+02  0.3015049E+01  0.2165086E+02
  0.9819126E+01  0.2067051E+02  0.1100606E+02
  0.1369001E+02  0.3672741E+01  0.1188829E+02
  0.2862435E+02  0.1502079E+02  0.1579586E+02
  0.1216375E+02  0.1431693E+02  0.3146964E+01
  0.1466773E+02  0.3242248E+01  0.2072336E+02
  0.1272413E+02  0.8321275E+01  0.1519837E+02
  0.2575758E+02  0.1195163E+01  0.2847931E+01
  0.2785059E+02  0.1632293E+02  0.6345444E+01
  0.8740892E+01  0.1052591E+02  0.1924919E+02
  0.3104256E+02  0.2031513E+02  0.6228117E+01
  0.1930544E+02  0.7404979E+01  0.1214967E+02
  0.1752558E+02  0.1661250E+02  0.1910459E+02
  0.1456618E+02  0.4500473E+01  0.7381783E+01
  0.2458806E+02  0.1873885E+02  0.7205459E+01
  0.6515745E+02  0.8805546E+01  0.1580867E+02
  0.2609855E+01  0.1178175E+02  0.1599124E+02
  0.2423411E+01  0.9004953E+01  0.1857349E+02
  0.1362985E-01  0.1157019E+02  0.1841624E+02
  0.1359434E+01  0.1003212E+02  0.1693281E+02
  0.3987255E+01  0.1273982E+02  0.1733888E+02
  0.4221021E+01  0.9996476E+01  0.1981965E+02
  0.1359118E+01  0.1280462E+02  0.2010433E+02
  0.5258529E+01  0.9082904E+01  0.1590008E+02
  0.8174821E+01  0.1153615E+02  0.1573085E+02
  0.9528157E+01  0.7300295E+01  0.1718101E+02
  0.5607617E+01  0.1151292E+02  0.1859074E+02
  0.7144098E+01  0.1023125E+02  0.1747793E+02
  0.8185433E+01  0.1448694E+02  0.1858342E+02
  0.9807579E+01  0.1274042E+02  0.1110166E+01
  0.6910373E+01  0.1307867E+02  0.1999021E+02
  0.1540297E+02  0.1472925E+02  0.1401438E+02
  0.2037169E+02  0.1864054E+02  0.7902716E+01
  0.2058287E+02  0.1755997E+02  0.1982437E+02
  0.8762154E+01  0.9179081E+01  0.4017898E+01
  0.1504362E+02  0.6319820E+01  0.1182723E+02
  0.1668025E+02  0.4604028E+01  0.2015264E+02
  0.2101066E+02  0.1404510E+02  0.2057188E+02
  0.3120167E+02  0.9917744E+01  0.9916638E+01
  0.1248971E+02  0.1897496E+01  0.1512762E+02
  0.1806137E+02  0.1010470E+02  0.1000993E+02
  0.2768443E+02  0.2584684E+01  0.1830278E+02
  0.1581941E+02  0.8744357E+01  0.1267913E+02
  0.2135234E+02  0.9673769E+01  0.1256943E+02
  0.1021216E+02  0.2023368E+01  0.1486615E+02
  0.3217992E+02  0.2065825E+02  0.1838753E+02
  0.2013052E+02  0.1845529E+01  0.1090408E+02
  0.6507371E+02  0.1428780E+02  0.1590708E+02
  0.2606835E+01  0.1704540E+02  0.1588253E+02
  0.2812696E+01  0.1431883E+02  0.1871264E+02
  0.1483575E+00  0.1696527E+02  0.1848009E+02
  0.1507131E+01  0.1564382E+02  0.1726164E+02
  0.3930698E+01  0.1844545E+02  0.1736364E+02
  0.4194174E+01  0.1576440E+02  0.2024004E+02
  0.1378541E+01  0.1827553E+02  0.1994824E+02
  0.5380064E+01  0.1411550E+02  0.1599858E+02
  0.8238746E+01  0.1719796E+02  0.1626017E+02
  0.9567258E+01  0.1278183E+02  0.1728849E+02
  0.5543343E+01  0.1706882E+02  0.1879556E+02
  0.6658634E+01  0.1553441E+02  0.1718517E+02
  0.8978390E+01  0.1905851E+02  0.1704065E+02
  0.1047046E+02  0.1421054E+02  0.2122020E+02
  0.6803903E+01  0.1863478E+02  0.2008219E+02
  0.1141001E+02  0.7597164E+01  0.1107956E+02
  0.2066722E+02  0.1488302E+02  0.3954103E+01
  0.1263801E+02  0.1410728E+02  0.8961051E+01
  0.9826849E+01  0.2678928E+01  0.1950916E+02
  0.3641211E+02  0.6084590E+01  0.2057960E+02
  0.2420791E+02  0.2081776E+02  0.1546275E+02
  0.2590928E+02  0.2130940E+01  0.1687948E+02
  0.1987068E+02  0.1788551E+02  0.1446967E+02
  0.1104351E+02  0.1140037E+02  0.7695909E+01
  0.1336437E+02  0.1986913E+02  0.1098519E+02
  0.1051913E+02  0.9087225E+01  0.1612345E+02
  0.2388014E+02  0.2671497E-01  0.4183777E+01
  0.1771400E+02  0.1100402E+02  0.2047302E+02
  0.1671908E+02  0.2826925E+01  0.1835291E+02
  0.2230009E+02  0.1634139E+02  0.8383058E+01
  0.2315331E+02  0.1661181E+02  0.3166980E+01
  0.3932792E+02  0.1077367E+02  0.1385231E+02
  0.3835471E+02  0.1599463E+02  0.7350355E+00
  0.1898791E+02  0.1258727E+02  0.1646447E+02
  0.2632684E+02  0.9756866E+01  0.1974945E+02
  0.4055968E+02  0.9873369E+01  0.2108584E+02
  0.4530504E+02  0.7668779E+00  0.2068823E+02
  0.4611680E+02  0.1753429E+01  0.1162363E+02
  0.3803268E+02  0.1952833E+02  0.1825247E+02
  0.4527193E+02  0.2015311E+02  0.1861231E+01
  0.2512125E+02  0.1817335E+02  0.4734041E+01
  0.2121586E+02  0.1078048E+02  0.1807863E+02
  0.3641489E+02  0.1041812E+02  0.5928462E+01
  0.3009528E+02  0.4485230E+01  0.2648357E+00
  0.4604667E+02  0.9001751E+01  0.1552211E+02
  0.3510719E+02  0.1565879E+01  0.7734292E+01
  0.4239196E+02  0.1971322E+02  0.3491872E+01
  0.2696297E+02  0.7570944E+01  0.1246215E+02
  0.3307058E+02  0.1147853E+02  0.1301956E+02
  0.4349351E+02  0.2115445E+02  0.2910385E+00
  0.1459116E+02  0.1686401E+02  0.7147772E+01
  0.3562302E+02  0.1029968E+02  0.1506140E+02
  0.3131319E+02  0.2144422E+01  0.2062209E+02
  0.2651464E+02  0.7347932E+01  0.9801802E+01
  0.2218752E+02  0.1972111E+02  0.2751562E+01
  0.5193680E+02  0.1789181E+02  0.2026997E+02
  0.1304670E+02  0.4783496E+00  0.1824842E+02
  0.3387723E+02  0.5860366E+01  0.6764148E+01
  0.3844543E+02  0.3079319E+01  0.3153717E+01
  0.2270516E+02  0.1356931E+02  0.2884099E+01
  0.3455924E+02  0.1200233E+02  0.6676641E+01
  0.4866644E+02  0.1457681E+02  0.1344381E+02
  0.2554909E+02  0.6607871E+01  0.9083386E+00
  0.3747465E+02  0.6404932E+01  0.6835876E+01
  0.3474462E+02  0.1015153E+02  0.3137111E+01
  0.3902937E+02  0.1500080E+01  0.1673190E+02
  0.2375965E+02  0.2557977E+01  0.1831324E+02
  0.5428749E+02  0.5560667E+01  0.8406623E+01
  0.3106670E+02  0.1327489E+02  0.1248945E+02
  0.2892820E+02  0.1444123E+02  0.1335473E+02
  0.3746532E+02  0.4699137E+01  0.6883385E+00
  0.3960226E+02  0.5645389E+00  0.3160622E+01
  0.4747576E+02  0.7207712E+01  0.5192990E+01
  0.2920793E+02  0.1788632E+02  0.7898346E+01
  0.2793497E+02  0.4935101E+01  0.1847800E+02
  0.3708798E+02  0.7528408E+01  0.1008306E+02
  0.3186849E+02  0.1021660E+02  0.1669997E+02
  0.1757671E+02  0.2148907E+02  0.9439741E+01
  0.2922077E+02  0.1249402E+02  0.2778378E+01
  0.4051070E+02  0.1074671E+02  0.8146734E+01
  0.3753825E+02  0.7743224E+01  0.1480654E+02
  0.3934844E+02  0.1567211E+02  0.2032812E+02
  0.1674650E+02  0.6627135E+01  0.1413146E+01
  0.3291588E+02  0.1942246E+02  0.1362070E+02
  0.2682435E+02  0.5774220E+01  0.3995187E+01
  0.3522695E+02  0.1200181E+01  0.1465981E+02
  0.3339836E+02  0.1726412E+02  0.2695532E+00
  0.2063510E+02  0.1904060E+02  0.1202014E+02
  0.4809335E+02  0.5771048E+01  0.7403953E+00
  0.3760953E+02  0.4054277E+01  0.1509154E+02
  0.3518543E+02  0.8524723E+00  0.1569041E+00
  0.1965227E+02  0.1166851E+02  0.1453221E+02
  0.4291609E+02  0.7018553E+01  0.2544667E+01
  0.1653375E+02  0.6095795E+01  0.1821485E+02
  0.5249570E+02  0.1804247E+02  0.1404593E+02
  0.2385433E+02  0.1958642E+02  0.9500948E+01
  0.2372678E+02  0.6580752E+01  0.1252436E+02
  0.1912866E+02  0.1499356E+02  0.1109843E+01
  0.1518610E+02  0.1773962E+02  0.4719892E+01
  0.3104602E+02  0.1947252E+02  0.1655401E+02
  0.2129927E+02  0.5194235E+01  0.1955780E+02
  0.3502391E+02  0.1546351E+02  0.1592386E+02
  0.3965595E+02  0.2059831E+02  0.1974545E+02
  0.4015361E+02  0.7004642E+01  0.9198034E+01
  0.2489434E+02  0.5076187E+01  0.2015128E+02
  0.2592152E+02  0.1645696E+02  0.1095529E+02
  0.1661386E+02  0.1329401E+02  0.8427400E+01
  0.1952508E+02  0.1318971E+02  0.2821257E+01
  0.4217021E+02  0.2320375E+01  0.5191884E+01
  0.3879771E+02  0.1855867E+02  0.7618050E+01
  0.3791452E+02  0.1978759E+02  0.5050089E+01
  0.3192367E+02  0.1618753E+02  0.1867791E+01
  0.1643136E+02  0.1395791E+02  0.4855745E+01
  0.3236790E+02  0.1118688E+02  0.5920359E+01
  0.2801852E+02  0.1080758E+02  0.6738673E+01
  0.4123195E+02  0.9850247E+01  0.1868271E+02
  0.2921457E+02  0.3817390E+01  0.7825060E+01
  0.2530376E+02  0.9296977E+01  0.8886446E+01
  0.3990003E+02  0.8425906E+01  0.1448185E+02
  0.9569466E+01  0.1556448E+02  0.9397006E+01
  0.3251603E+02  0.7517853E+01  0.5279918E+01
  0.4936354E+02  0.7905037E+01  0.3254303E+00
  0.3561699E+02  0.7103150E+01  0.8146141E+01
  0.3507590E+02  0.4388573E+01  0.1718848E+02
  0.5207170E+02  0.8176590E+01  0.5651408E+01
  0.4037644E+02  0.1112857E+02  0.5623020E+01
  0.2289239E+02  0.4098353E+01  0.2122516E+02
  0.1973491E+02  0.5351085E+01  0.5639296E+01
  0.2458610E+02  0.1580282E+02  0.4977630E+01
  0.2012376E+02  0.3088523E+01  0.1939802E+02
  0.2373766E+02  0.1785294E+02  0.1451424E+02
  0.3569407E+02  0.8373899E+01  0.1398382E+01
  0.2739952E+02  0.1828650E+02  0.1133310E+02
  0.2883518E+02  0.2276467E+01  0.2008034E+01
  0.2917055E+02  0.8027048E+01  0.1100073E+01
  0.3204939E+02  0.7919390E+01  0.1351847E+02
  0.2939283E+02  0.2033364E+02  0.1188255E+02
  0.4593212E+02  0.4442884E+01  0.1159563E+02
  0.3748473E+02  0.1516013E+02  0.1590406E+02
  0.4491016E+02  0.1228944E+02  0.1218196E+02
  0.2593553E+02  0.1825866E+02  0.1336732E+02
  0.2043427E+02  0.6573018E+01  0.1757113E+02
  0.5532708E+02  0.1895256E+02  0.1704851E+02
  0.2081469E+02  0.1722005E+02  0.1009390E+02
  0.2818365E+02  0.7795447E+01  0.3187141E+01
  0.2596131E+02  0.4855858E+00  0.1139652E+02
  0.3115308E+02  0.2002657E+02  0.1043503E+02
  0.4441346E+02  0.1615759E+02  0.1588138E+02
  0.1622590E+02  0.2093832E+02  0.4762640E+01
  0.4642263E+02  0.1691129E+02  0.9109385E+01
  0.4356443E+02  0.3399637E+01  0.9375764E+00
  0.2528610E+02  0.1053576E+02  0.2465300E+01
  0.4390047E+02  0.2230755E+01  0.1191665E+02
  0.3070347E+02  0.1634811E+02  0.1046569E+02
  0.4336417E+02  0.5389753E+01  0.1286598E+02
  0.3629395E+02  0.4664575E+00  0.4460704E+01
  0.3062545E+02  0.2003461E+02  0.1410937E+02
  0.2439312E+02  0.9049132E+00  0.1315664E+02
  0.2042340E+02  0.3606777E+01  0.1724762E+02
  0.9526386E+01  0.1837213E+02  0.6948500E+01
  0.3174975E+02  0.1316268E+02  0.7137580E+01
  0.2212564E+02  0.1350578E+02  0.1487982E+02
  0.1371974E+02  0.1018264E+02  0.4177048E+01
  0.3299294E+02  0.8161744E+01  0.2145498E+02
  0.2626388E+02  0.2018827E+02  0.1012088E+02
  0.5111980E+02  0.1472186E+02  0.1318025E+02
  0.1219694E+02  0.7185782E+01  0.4494016E+01
  0.1300521E+02  0.9013125E+01  0.6030986E+00
  0.4458807E+02  0.2027909E+02  0.6278470E+01
  0.3959120E+02  0.1983267E+02  0.1642859E+02
  0.2983281E+02  0.2017293E+02  0.8302299E+01
  0.1199987E+02  0.2164800E+02  0.1163350E+02
  0.5171680E+02  0.1734012E+02  0.6835926E+01
  0.3689512E+02  0.8968202E+01  0.1678885E+02
  0.3192557E+02  0.2014695E+02  0.9525327E+00
  0.1407311E+02  0.1101096E+02  0.1814405E+01
  0.4555381E+02  0.1889535E+02  0.1582334E+02
  0.3393950E+02  0.5807480E+01  0.1098036E+02
  0.3198110E+02  0.1169317E+02  0.1834602E+02
  0.3663620E+02  0.3468651E+01  0.8295764E+01
  0.3412587E+02  0.2082273E+02  0.4666836E+01
  0.3489602E+02  0.1167020E+02  0.9246417E+01
  0.2598571E+02  0.8344506E+01  0.2660926E+01
  0.1676522E+02  0.7402275E+00  0.2094698E+02
  0.3587700E+02  0.8506123E+00  0.1207418E+02
  0.1503426E+02  0.3858995E+01  0.9729935E+01
  0.3190032E+02  0.1752822E+02  0.3868588E+01
  0.3500919E+02  0.2480154E+01  0.1878958E+02
  0.3548939E+02  0.1933268E+02  0.5628516E+01
  0.3796218E+02  0.1449977E+02  0.1370759E+02
  0.3528633E+02  0.1863909E+02  0.1093660E+02
  0.2353045E+02  0.7825035E+01  0.7892812E+01
  0.1605118E+02  0.1269979E+02  0.1979925E+01
  0.1841552E+02  0.7838133E+01  0.1824524E+02
  0.3025589E+02  0.8188664E+01  0.4363920E+01
  0.4952543E+02  0.7565313E+01  0.1094236E+02
  0.3487483E+02  0.8603097E+01  0.5171041E+01
  0.2531420E+02  0.1427966E+02  0.1708880E+02
  0.2775604E+02  0.1839447E+02  0.4888928E+01
  0.4110055E+02  0.1639191E+02  0.6050761E+01
  0.4096650E+02  0.4871192E+01  0.4690347E+01
  0.3743148E+02  0.1927057E+02  0.9709815E+01
  0.2432521E+02  0.2906964E+01  0.7980914E+01
  0.3560098E+02  0.1926204E+02  0.7863991E+01
  0.2945425E+02  0.8714872E+01  0.1492491E+02
  0.3127539E+02  0.1520876E+02  0.5815902E+01
  0.4350484E+02  0.1420678E+02  0.1479319E+02
  0.2227825E+02  0.3923522E+00  0.1456892E+02
  0.2293193E+02  0.1377532E+02  0.1257368E+02
  0.4071762E+02  0.5476227E+00  0.1824475E+02
  0.5031628E+02  0.9968551E+01  0.9202910E+01
  0.2280193E+02  0.1859044E+02  0.2035343E+02
  0.4031594E+02  0.1073298E+02  0.1563225E+01
  0.2587455E+02  0.6409129E+01  0.7698862E+01
  0.3668235E+02  0.8439991E+01  0.3665348E+01
  0.4127657E+02  0.1926372E+02  0.5455762E+01
  0.1996651E+02  0.1722909E+02  0.4018345E+01
  0.1717879E+02  0.3730170E+01  0.1296812E+02
  0.1724834E+02  0.4830865E+01  0.8781427E+01
  0.4402586E+02  0.1554304E+02  0.5047619E+01
  0.2682097E+02  0.1194640E+02  0.1695627E+02
  0.3285503E+02  0.2104224E+02  0.1176210E+02
  0.1768687E+02  0.5385095E+01  0.1151239E+02
  0.4096152E+02  0.4615150E+01  0.7239026E+01
  0.3886874E+02  0.2189796E+01  0.1159687E+02
  0.4879976E+02  0.9227556E+01  0.6124747E+01
  0.3212805E+02  0.4968341E+01  0.1594438E+02
  0.1386060E+02  0.4120912E+01  0.4995392E+01
  0.3366601E+02  0.9419971E+01  0.1239379E+02
  0.1942333E+02  0.1738088E+02  0.1442637E+01
  0.3332862E+02  0.1354357E+02  0.8938146E+01
  0.3087034E+02  0.1596015E+02  0.8069604E+01
  0.4037918E+02  0.6778160E+01  0.3032276E+01
  0.2118958E+02  0.1158889E+02  0.2149046E+01
  0.3923407E+02  0.4412744E+01  0.1220090E+02
  0.2631762E+02  0.1759031E+02  0.1792804E+02
  0.3430262E+02  0.1484610E+02  0.1213110E+02
  0.2594392E+02  0.1442719E+02  0.6188445E+01
  0.4010009E+02  0.1473379E+02  0.7374231E+01
  0.4841417E+02  0.1810332E+02  0.5173285E+01
  0.5446395E+02  0.1652704E+02  0.1433887E+02
  0.2626293E+02  0.9774368E+01  0.1629865E+02
  0.3950376E+02  0.9431517E+01  0.1689892E+02
  0.4364841E+02  0.1796935E+02  0.1462119E+02
  0.3522590E+02  0.1622375E+02  0.1036207E+02
  0.2133855E+02  0.2155962E+02  0.1728142E+02
  0.4074351E+02  0.3419359E+01  0.1661992E+02
  0.3213042E+02  0.9924302E+01  0.2001187E+02
  0.4773460E+02  0.5323088E+01  0.3092632E+01
  0.3819048E+02  0.6039304E+01  0.1625335E+02
  0.3425851E+02  0.5546844E+01  0.1522620E+02
  0.2216478E+02  0.8946471E+00  0.1123992E+02
  0.2352063E+02  0.4326915E+01  0.1233128E+02
  0.3282864E+02  0.5603765E+00  0.7204864E+01
  0.3403220E+02  0.6247055E+01  0.2058260E+02
  0.2077189E+02  0.1004222E+02  0.2025621E+02
  0.3979227E+02  0.2463012E+01  0.4880140E+01
  0.1646535E+02  0.1843533E+02  0.7909197E+01
  0.1817410E+02  0.1134975E+02  0.6228588E+01
  0.1369036E+02  0.1530264E+02  0.1099476E+02
  0.2211057E+02  0.1119752E+02  0.1427504E+02
  0.4858309E+02  0.1163080E+02  0.1676405E+02
  0.3502605E+02  0.1857489E+02  0.2104557E+02
  0.1963699E+02  0.1203624E+02  0.2070808E+02
  0.2909993E+02  0.1458365E+02  0.5465500E+01
  0.4510014E+02  0.1338285E+02  0.6893311E+01
  0.3591619E+02  0.1400458E+02  0.6364094E+01
  0.1305139E+02  0.1419449E+02  0.1371306E+02
  0.2457148E+02  0.1858041E+02  0.8557630E+00
  0.3208737E+02  0.4880784E+01  0.1823251E+02
  0.2895796E+02  0.2890485E+01  0.5081032E+01
  0.2747790E+02  0.1848506E+02  0.1536885E+02
  0.3221957E+02  0.6417131E+01  0.9287263E+01
  0.3789764E+02  0.7560913E+00  0.1324845E+02
  0.2556870E+02  0.5956423E+00  0.5937416E+01
  0.1304844E+02  0.1987878E+02  0.7642401E+01
  0.2593893E+02  0.1147658E+02  0.1059858E+02
  0.2584324E+02  0.3324892E+01  0.2141012E+02
  0.2327472E+02  0.1472190E+02  0.2081456E+02
  0.1809390E+02  0.1413370E+02  0.6454323E+01
  0.2749098E+02  0.2086251E+02  0.1588229E+02
  0.3047587E+02  0.3627284E+01  0.3349145E+01
  0.3524066E+02  0.1096704E+02  0.2089719E+02
  0.3077072E+02  0.1105388E+02  0.1196975E+02
  0.4441377E+02  0.1610276E+02  0.1833431E+02
  0.2446482E+02  0.1572782E+02  0.9114434E+01
  0.3398789E+02  0.1479653E+02  0.2191097E+01
  0.2106950E+02  0.4189958E+01  0.7264606E+01
  0.4314470E+02  0.2645960E+01  0.1581172E+02
  0.1147136E+02  0.1793480E+01  0.5564532E+01
  0.4913781E+02  0.1895707E+02  0.9184983E+01
  0.3129554E+02  0.9472186E+01  0.7450858E+01
  0.3492482E+02  0.2803066E+01  0.1303298E+02
  0.1484916E+02  0.9934767E+00  0.1940371E+02
  0.1981763E+02  0.8409498E+01  0.1426601E+02
  0.3867307E+02  0.8321402E+01  0.7940939E+01
  0.4544487E+02  0.1326928E+02  0.3388906E+01
  0.2070087E+02  0.6594843E+01  0.1008464E+02
  0.4033878E+02  0.1365331E+02  0.1915890E+02
  0.4288954E+02  0.7296697E+01  0.1460841E+02
  0.3703788E+02  0.1646259E+02  0.1787838E+02
  0.3461661E+02  0.1521065E+02  0.8146073E+01
  0.2209872E+02  0.1318135E+02  0.1850556E+02
  0.3854027E+02  0.5649493E+01  0.1022239E+02
  0.5193227E+02  0.4380049E+01  0.1717831E+02
  0.2280660E+02  0.1250673E+02  0.1041382E+02
  0.4335495E+02  0.1409122E+02  0.2507449E+01
  0.4211583E+02  0.7439901E+01  0.2137591E+02
  0.3874402E+02  0.1105540E+02  0.2042605E+02
  0.3019998E+02  0.7037888E+01  0.8405642E+01
  0.4902801E+02  0.1463101E+02  0.7866992E+00
  0.3707405E+02  0.3957234E+00  0.1608054E+02
  0.4526825E+02  0.7015370E+01  0.1278302E+02
  0.2271164E+02  0.8638489E+01  0.2082751E+02
  0.2359212E+02  0.2108660E+02  0.7480503E+01
  0.1043555E+02  0.3769408E+00  0.1767224E+02
  0.1669599E+02  0.3078929E+01  0.2710416E+00
  0.2920554E+02  0.8776369E+01  0.1251537E+02
  0.4649653E+02  0.5267690E+00  0.1735770E+02
  0.2535770E+02  0.7778115E+01  0.4800464E+01
  0.3514432E+02  0.1538303E+02  0.2179227E+00
  0.2357326E+02  0.5322121E+01  0.8112428E+01
  0.2314416E+02  0.1208313E+02  0.4878885E+01
  0.4957698E+02  0.2404564E+01  0.1877708E+01
  0.3164000E+02  0.1553063E+02  0.1930587E+02
  0.4975885E+02  0.2020892E+02  0.1229232E+02
  0.3587432E+02  0.4731392E+01  0.1388275E+02
  0.3436181E+02  0.1248519E+02  0.1476841E+02
  0.2086338E+02  0.2140291E+02  0.1372423E+01
  0.2914312E+02  0.8510187E+01  0.6687946E+01
  0.1424630E+02  0.2117206E+02  0.1665685E+02
  0.3353473E+02  0.2091687E+02  0.1524620E+02
  0.2444755E+02  0.5522695E+01  0.1773895E+02
  0.4348387E+02  0.1260467E+02  0.1635990E+02
  0.3232257E+02  0.5482263E+01  0.4042768E+01
  0.2978049E+02  0.1591455E+02  0.2060915E+02
  0.1575584E+02  0.1896171E+02  0.1988492E+02
  0.2378661E+02  0.1030479E+02  0.1048238E+02
  0.2946573E+02  0.2005878E+02  0.7311074E+00
  0.3019898E+02  0.1147785E+02  0.8180371E+01
  0.4154332E+02  0.1530715E+02  0.1529465E+02
  0.3470161E+02  0.3151021E+01  0.9914537E+00
  0.1571593E+02  0.1451283E+02  0.1174980E+02
  0.4861063E+02  0.1225076E+02  0.1091303E+01
  0.5023466E+02  0.1042829E+02  0.1546303E+02
  0.4017503E+02  0.4308975E+01  0.1870696E+02
  0.3452179E+02  0.1290888E+02  0.5636425E+00
  0.4685767E+02  0.1952267E+02  0.8413507E+01
  0.2739623E+02  0.5421107E+01  0.1612082E+02
  0.3615853E+02  0.1312630E+02  0.1302784E+02
  0.3609270E+02  0.6296800E+01  0.1183452E+02
  0.2360908E+02  0.4018955E+01  0.1867926E+01
  0.2341269E+02  0.3945554E+01  0.6014099E+01
  0.4668733E+02  0.1672240E+02  0.1555789E+02
  0.2914239E+02  0.1217748E+02  0.5165509E+01
  0.3535127E+02  0.2078717E+02  0.1584973E+01
  0.2885213E+02  0.1825477E+02  0.1342933E+02
  0.4261402E+02  0.1180263E+02  0.1633853E+01
  0.1864115E+02  0.2142317E+02  0.1492486E+02
  0.2394125E+02  0.1778899E+02  0.1099526E+02
  0.3901703E+02  0.8239099E+01  0.1905667E+02
  0.1772157E+02  0.9687899E+01  0.1715331E+02
  0.3318352E+02  0.1990584E+02  0.2049887E+02
  0.2708371E+02  0.1592668E+01  0.2038074E+02
  0.2227312E+02  0.1601654E+02  0.7937231E+00
  0.3698785E+02  0.1427901E+02  0.1428366E+01
  0.3156749E+02  0.2887856E+01  0.1154300E+01
  0.4455701E+02  0.7140193E+01  0.1764612E+02
  0.2423066E+02  0.1343059E+02  0.8306019E+00
  0.4523502E+02  0.5228557E+01  0.5339199E+01
  0.3493453E+02  0.1490875E+02  0.4385111E+01
  0.3695785E+02  0.1223282E+02  0.3365891E+01
  0.1549382E+02  0.7261081E+01  0.9741474E+01
  0.2127750E+02  0.6880291E+01  0.1546728E+02
  0.2568804E+02  0.2014715E+02  0.2133641E+02
  0.2256189E+02  0.6424753E+01  0.1509931E+00
  0.4200823E+02  0.1579290E+02  0.1027321E+02
  0.4040236E+02  0.1428959E+02  0.1336982E+02
  0.4168732E+02  0.6815927E+01  0.7209449E+01
  0.1227947E+02  0.1729469E+02  0.2127328E+02
  0.4519901E+02  0.1286574E+02  0.2008431E+02
  0.2058817E+02  0.1372586E+02  0.6102432E+01
  0.4397541E+02  0.8980175E+01  0.9392620E-01
  0.2920109E+02  0.7602721E+01  0.2027367E+02
  0.3221446E+02  0.1398231E+02  0.2153742E+02
  0.3022699E+02  0.1659216E+02  0.1629329E+02
  0.1934302E+02  0.1033298E+01  0.2899984E+01
  0.1929877E+02  0.1530838E+02  0.9465939E+01
  0.3455906E+02  0.3356867E+01  0.1070498E+02
  0.3381408E+02  0.1642738E+02  0.1401241E+02
  0.1341945E+02  0.9092195E+01  0.6365487E+01
  0.4830981E+02  0.1096821E+02  0.1025746E+02
  0.9612164E+01  0.1588001E+02  0.4090273E+01
  0.2645890E+02  0.1284148E+02  0.1379918E+00
  0.3215628E+02  0.1469991E+02  0.1088083E+02
  0.1592938E+02  0.1570731E+02  0.3641690E+01
  0.4678723E+02  0.1657811E+02  0.6681707E+01
  0.2712029E+02  0.1192560E+02  0.2138012E+01
  0.1919739E+02  0.3388637E+01  0.2176386E+01
  0.2859879E+02  0.1960429E+01  0.9428716E+01
  0.3463757E+02  0.4788986E+01  0.4553041E+01
  0.4169508E+02  0.2483301E+01  0.1931047E+02
  0.1425607E+02  0.1012008E+02  0.8436038E+01
  0.4369888E+02  0.1938588E+02  0.2012267E+02
  0.5345556E+02  0.1076445E+02  0.7250195E+01
  0.5234685E+02  0.1887382E+02  0.4322850E+01
  0.2910642E+02  0.1474049E+02  0.3279667E+01
  0.5334857E+02  0.1087582E+02  0.1493761E+02
  0.3704093E+02  0.3079726E+01  0.1712909E+02
  0.2998100E+02  0.4835028E+01  0.1960663E+02
  0.1723070E+02  0.3220889E+01  0.7057954E+01
  0.3835921E+02  0.8409684E+01  0.1261501E+02
  0.3126202E+02  0.3251618E+01  0.8201469E+01
  0.2648326E+02  0.3936468E+01  0.7953995E+01
  0.1938418E+02  0.1348987E+01  0.8714883E+01
  0.4033929E+02  0.9762207E+01  0.1162503E+02
  0.3575933E+02  0.3397869E+00  0.1798518E+02
  0.2280360E+02  0.3909158E+01  0.1690559E+02
  0.2530863E+02  0.1456049E+02  0.1220598E+02
  0.2372652E+02  0.6294199E+01  0.1503873E+02
  0.3333928E+02  0.1921048E+02  0.9795340E+01
  0.4587929E+02  0.4337317E+01  0.1573140E+02
  0.3337726E+02  0.1620229E+01  0.9445237E+01
  0.3766714E+02  0.7255177E+01  0.4849149E+00
  0.3681082E+02  0.1860650E+02  0.1496743E+02
  0.2923839E+02  0.2170510E+02  0.2565410E+01
  0.5440827E+02  0.4061466E+01  0.2120503E+02
  0.3146780E+02  0.1467562E+02  0.1707409E+02
  0.1118727E+02  0.5595398E+01  0.1710156E+02
  0.3116742E+02  0.3272662E+01  0.1217026E+02
  0.4520776E+02  0.6737297E+01  0.1539619E+02
  0.3975542E+02  0.3710266E+01  0.1454462E+02
  0.1928711E+02  0.1207915E+02  0.1050862E+02
  0.2785199E+02  0.2107602E+02  0.2098008E+02
  0.3660189E+02  0.1066793E+02  0.1436115E+01
  0.3074161E+02  0.1794850E+02  0.6064311E+01
  0.1602928E+02  0.9170611E+00  0.3203340E+01
  0.4191050E+02  0.1305137E+02  0.4347732E+01
  0.5296574E+02  0.2665734E+01  0.1587519E+02
  0.3253291E+02  0.1441299E+01  0.1277481E+02
  0.1935984E+02  0.5364116E+01  0.1579643E+02
  0.4048095E+02  0.1611967E+02  0.1211874E+02
  0.3290323E+02  0.9546694E+01  0.1962516E+01
  0.1357171E+02  0.1144160E+02  0.1983429E+02
  0.2807540E+02  0.1086357E+02  0.9363064E+01
  0.2343497E+02  0.1108797E+02  0.1341645E+01
  0.2781562E+02  0.4234000E+01  0.6620861E+00
  0.2629848E+02  0.1786701E+02  0.2050445E+02
  0.1579481E+02  0.1971648E+02  0.1134854E+02
  0.3843845E+02  0.1217922E+02  0.1362281E+01
  0.4148879E+02  0.4896140E+01  0.1150950E+02
  0.4840182E+02  0.1618120E+01  0.2162543E+02
  0.3419153E+02  0.1052198E+02  0.1841586E+02
  0.4002113E+02  0.7775473E+01  0.8201482E+00
  0.2872190E+02  0.1088317E+02  0.1912653E+02
  0.3850191E+02  0.2301575E+01  0.6989185E+01
  0.3534492E+02  0.8383120E+01  0.1847753E+02
  0.4705937E+02  0.7172888E+00  0.1351059E+02
  0.4927379E+02  0.1772272E+02  0.1847916E+02
  0.1160876E+02  0.2045570E+02  0.1410301E+02
  0.2520690E+02  0.5520737E+01  0.5476033E+01
  0.2181707E+02  0.1702465E+02  0.1321863E+02
  0.1187353E+02  0.1767598E+01  0.7974305E+01
  0.1066151E+02  0.1081047E+02  0.1769219E+02
  0.2434834E+02  0.2034658E+02  0.1933665E+02
  0.2691762E+02  0.1299898E+02  0.1340857E+02
  0.2649443E+02  0.1614571E+02  0.1597132E+02
  0.5009178E+02  0.1951592E+02  0.5175218E+01
  0.2349664E+02  0.8918215E+01  0.1251618E+02
  0.3085956E+02  0.1680638E+01  0.6105246E+01
  0.2279485E+02  0.9215181E+01  0.1694677E+02
  0.3273091E+02  0.8220540E+00  0.7090618E+00
  0.2861793E+02  0.1789132E+02  0.1745397E+02
  0.3075246E+02  0.2758169E+01  0.1593366E+02
  0.4901942E+02  0.1174816E+02  0.2043651E+02
  0.3607560E+02  0.3627049E+01  0.2077496E+02
  0.3305793E+02  0.1359218E+01  0.4962197E+01
  0.3714298E+02  0.1582052E+02  0.3601129E+01
  0.4778320E+02  0.1426788E+02  0.1916632E+02
  0.4115940E+02  0.1682441E+02  0.1815086E+02
  0.2889711E+02  0.2702358E+01  0.1285425E+02
  0.4245870E+02  0.1080890E+02  0.9503045E+01
  0.9733770E+01  0.8173610E+01  0.7176737E+00
  0.4189231E+02  0.2070395E+02  0.1660284E+02
  0.1348397E+02  0.4023077E+01  0.1442563E+02
  0.9606864E+01  0.2167046E+02  0.1341296E+02
  0.2148754E+02  0.2045114E+02  0.1023725E+02
  0.1596795E+02  0.1116239E+02  0.7281023E+01
  0.3690277E+02  0.1244650E+02  0.2016911E+02
  0.1620079E+02  0.1387793E+02  0.1994141E+02
  0.1834245E+02  0.6944790E+01  0.6851555E+01
  0.3238148E+02  0.1765142E+02  0.1562743E+02
  0.3200983E+02  0.1062364E+01  0.1515029E+02
  0.4361910E+02  0.1352711E+02  0.1534897E+00
  0.1484562E+02  0.2084073E+02  0.2097334E+02
  0.4173424E+02  0.1927601E+02  0.1451670E+02
  0.1428795E+02  0.1838786E+02  0.1359590E+02
  0.2472003E+02  0.1994787E-01  0.8902282E+00
  0.4187026E+02  0.2747328E+01  0.1050672E+02
  0.2572519E+02  0.2060159E+02  0.1388341E+02
  0.2377254E+02  0.1836720E+02  0.1786969E+02
  0.4713237E+02  0.1631756E+02  0.1329582E+02
  0.9668279E+01  0.4666335E+01  0.9531919E+01
  0.2459170E+02  0.2593263E+00  0.1743082E+02
  0.2628676E+02  0.1386477E+01  0.8263987E+01
  0.3162106E+02  0.5311727E+01  0.7229379E+01
  0.4194270E+02  0.1814037E+02  0.1136640E+02
  0.2888950E+02  0.1248483E+02  0.1640757E+02
  0.4886841E+02  0.1201172E+02  0.6842491E+01
  0.5275982E+02  0.5777580E+01  0.1529709E+02
  0.2947335E+02  0.1708842E+02  0.3459044E+01
  0.1232776E+02  0.6934565E+01  0.1896996E+02
  0.2760557E+02  0.1706107E+02  0.6819484E+00
  0.1563287E+02  0.1178638E+02  0.4412979E+01
  0.1714837E+02  0.1791404E+02  0.1875100E+01
  0.3108985E+02  0.1129885E+02  0.2145234E+01
  0.4058872E+02  0.5866578E+01  0.1689254E+02
  0.3545452E+02  0.7376163E+01  0.1396450E+02
  0.3641434E+02  0.6355630E+01  0.1816290E+02
  0.1752693E+02  0.1812054E+02  0.4323691E+01
  0.4143729E+02  0.2692862E+01  0.2165516E+02
  0.2289989E+02  0.8952619E+01  0.1485304E+01
  0.1207113E+02  0.1700237E+01  0.1188632E+01
  0.2696485E+02  0.3791953E+01  0.1011796E+02
  0.2145573E+02  0.1825967E+02  0.8371836E+00
  0.2677717E+02  0.1546396E+02  0.3214802E+01
  0.3024969E+02  0.1483103E+02  0.1040144E+01
  0.2505402E+02  0.1345889E+02  0.4059901E+01
  0.2987970E+02  0.5953760E+01  0.4026809E+01
  0.4905083E+02  0.8163771E+01  0.8281308E+01
  0.1540916E+02  0.1632358E+02  0.1138116E+01
  0.9713899E+01  0.5523377E+01  0.1427651E+02
  0.4348499E+02  0.3458676E+01  0.1795356E+02
  0.2910438E+02  0.1053391E+02  0.1063229E+01
  0.3523710E+02  0.1830457E+02  0.1323057E+02
  0.3757878E+02  0.2034257E+02  0.5401281E+00
  0.2914712E+02  0.1060239E+01  0.1766056E+02
  0.1723984E+02  0.1993181E+02  0.1395578E+02
  0.4310778E+02  0.1555918E+01  0.7133930E+01
  0.4703602E+02  0.1588790E+02  0.1615598E+01
  0.4074760E+02  0.2130358E+02  0.1333355E+02
  0.4582153E+02  0.8784792E+01  0.1992475E+02
  0.3759707E+02  0.1186119E+02  0.9061115E+01
  0.5069993E+02  0.8657501E+00  0.3589109E+01
  0.2970051E+02  0.1954787E+02  0.1876047E+02
  0.4890957E+02  0.2107287E+01  0.7623083E+01
  0.4908930E+02  0.2139334E+02  0.1026227E+02
  0.4900790E+02  0.2106438E+02  0.1420288E+02
  0.5104779E+02  0.1510656E+02  0.7752768E+01
  0.5139981E+02  0.2162001E+02  0.1080105E+02
  0.3923620E+02  0.1688623E+02  0.2856669E+01
  0.3803028E+02  0.2053822E+02  0.1474133E+02
  0.4205929E+02  0.1886475E+02  0.1824215E+02
  0.3546180E+02  0.1733441E+02  0.3180272E+01
  0.4000262E+02  0.2093105E+02  0.4636528E+00
  0.5152034E+02  0.1302921E+01  0.1312490E+01
  0.5424473E+02  0.1713606E+02  0.2827533E+01
  0.5527130E+02  0.1248564E+02  0.1423454E+02
  0.5027371E+02  0.2101312E+02  0.1868961E+02
  0.4677788E+02  0.1628271E+02  0.1798991E+02
  0.5694166E+02  0.9498044E+00  0.2109663E+02
  0.5690306E+02  0.1983665E+02  0.2287575E+01
  0.5268929E+02  0.1876200E+02  0.1932383E+01
  0.5558751E+02  0.2114661E+02  0.8328652E+00
  0.5825737E+02  0.1946155E+01  0.9837851E+00
  0.5820630E+02  0.2096996E+02  0.3705507E+01
  0.5296051E+02  0.1419668E+01  0.6759420E+01
  0.5974927E+02  0.1954822E+02  0.2112763E+02
  0.6221722E+02  0.6178814E+00  0.2123138E+02
  0.6236720E+02  0.2013687E+02  0.2380350E+01
  0.5953755E+02  0.6889502E+00  0.2673566E+01
  0.6074132E+02  0.2095874E+02  0.9611618E+00
  0.6377033E+02  0.1899484E+01  0.9624951E+00
  0.6388918E+02  0.2132749E+02  0.3654391E+01
  0.6125740E+02  0.2160982E+01  0.3785975E+01
  0.4440065E+02  0.4944021E+01  0.2488076E+01
  0.2967699E+02  0.1021417E+02  0.1693741E+02
  0.4461363E+02  0.1020152E+02  0.2084393E+01
  0.4268106E+02  0.1350245E+01  0.1381926E+01
  0.5384614E+02  0.2106513E+02  0.2085744E+02
  0.5107705E+02  0.1128588E+02  0.7558776E+01
  0.4675381E+02  0.4947829E+01  0.7807499E+01
  0.3426714E+02  0.2041272E+02  0.1732200E+02
  0.5033370E+02  0.1981386E+02  0.2084883E+02
  0.5176130E+02  0.9633847E+01  0.2619508E+01
  0.3836246E+02  0.1686807E+02  0.1479113E+02
  0.3894314E+02  0.1736298E+02  0.1878028E+02
  0.4687378E+02  0.1654871E+01  0.6601391E+01
  0.5438754E+02  0.1244854E+02  0.1557495E+01
  0.5244754E+02  0.1506280E+02  0.1662444E+02
  0.5080573E+02  0.1712980E+02  0.9103411E+01
  0.5153181E+02  0.2032588E+02  0.1597486E+02
  0.5697166E+02  0.6436505E+01  0.2136377E+02
  0.5690384E+02  0.3379746E+01  0.2411756E+01
  0.5374991E+02  0.1183628E+02  0.1857811E+02
  0.5580749E+02  0.4935671E+01  0.1018399E+01
  0.5847510E+02  0.7824976E+01  0.9808398E+00
  0.5831045E+02  0.4661614E+01  0.3731213E+01
  0.5563468E+02  0.7315345E+01  0.3796132E+01
  0.5911185E+02  0.3023971E+01  0.2111510E+02
  0.6232273E+02  0.5676619E+01  0.2123897E+02
  0.6264004E+02  0.3316089E+01  0.2107463E+01
  0.5962488E+02  0.6007556E+01  0.2277030E+01
  0.6081699E+02  0.4209146E+01  0.8181327E+00
  0.6362005E+02  0.7334878E+01  0.8700628E+00
  0.6372713E+02  0.4737964E+01  0.3574638E+01
  0.6096212E+02  0.7537669E+01  0.3610576E+01
  0.4931258E+02  0.1926669E+02  0.1597840E+02
  0.4648638E+02  0.1166124E+02  0.1843072E+01
  0.5017245E+02  0.1771949E+02  0.1189769E+02
  0.4624033E+02  0.6072260E+01  0.2108056E+02
  0.3756597E+02  0.2075346E+02  0.2992347E+01
  0.5290980E+02  0.2045452E+00  0.4644685E+01
  0.3960661E+02  0.3316490E+01  0.1075587E+01
  0.2521052E+02  0.1261781E+02  0.1509023E+02
  0.5414326E+02  0.6437861E+01  0.1846352E+02
  0.5310474E+02  0.1317179E+02  0.1291996E+02
  0.4730101E+02  0.2944575E+01  0.1807838E+02
  0.3101238E+02  0.7855857E+01  0.1114968E+02
  0.5474926E+02  0.1064588E+02  0.3368221E+01
  0.5042491E+02  0.6952125E+01  0.1996539E+02
  0.5292314E+02  0.2003148E+02  0.1046636E+02
  0.5168331E+02  0.1575187E+02  0.1886263E+02
  0.5388544E+02  0.9309798E+01  0.2115263E+02
  0.5681984E+02  0.1166785E+02  0.2122017E+02
  0.5673864E+02  0.8840374E+01  0.2113385E+01
  0.4445919E+02  0.1850606E+02  0.3289476E+01
  0.5522762E+02  0.1044636E+02  0.9350562E+00
  0.5839228E+02  0.1301989E+02  0.1058674E+01
  0.5842669E+02  0.1003712E+02  0.3513453E+01
  0.5547309E+02  0.1294042E+02  0.3860868E+01
  0.5973582E+02  0.9168828E+01  0.2119020E+02
  0.6258859E+02  0.1155962E+02  0.2108709E+02
  0.6246344E+02  0.8848895E+01  0.2417379E+01
  0.5982860E+02  0.1177271E+02  0.2213108E+01
  0.6121530E+02  0.1035488E+02  0.9640226E+00
  0.6373615E+02  0.1303899E+02  0.9234945E+00
  0.6375805E+02  0.1025069E+02  0.3879155E+01
  0.6115859E+02  0.1326532E+02  0.3545062E+01
  0.4717629E+02  0.7985269E+01  0.2914423E+01
  0.4618081E+02  0.1490519E+02  0.2100940E+02
  0.3859512E+02  0.4692839E+01  0.7851874E+01
  0.4276718E+02  0.5806858E+01  0.1820141E+02
  0.3640150E+02  0.1697031E+02  0.7113096E+01
  0.4294690E+02  0.1750703E+02  0.1784609E+00
  0.3341775E+02  0.9800095E+01  0.1016232E+02
  0.4265057E+02  0.9282305E+01  0.1139127E+02
  0.5269813E+02  0.1045285E+02  0.4897401E+01
  0.4390787E+02  0.1188132E+02  0.5361270E+01
  0.4689734E+02  0.1837315E+02  0.1900500E+02
  0.4532763E+02  0.3324396E+01  0.6881669E+01
  0.4855901E+02  0.2187576E+01  0.1003064E+02
  0.5428884E+02  0.6093266E+01  0.2673323E+01
  0.3189124E+02  0.5768706E+01  0.1238107E+02
  0.3778363E+02  0.1336852E+02  0.1109700E+02
  0.5191265E+02  0.1357939E+02  0.1906398E+00
  0.5684122E+02  0.1657842E+02  0.2137656E+02
  0.5694772E+02  0.1440678E+02  0.2266539E+01
  0.4959734E+02  0.1733921E+02  0.2098272E+02
  0.5526938E+02  0.1570859E+02  0.1062926E+01
  0.5810691E+02  0.1841913E+02  0.7909790E+00
  0.5820641E+02  0.1557866E+02  0.3730360E+01
  0.5407605E+02  0.1311877E+02  0.7494909E+01
  0.5972329E+02  0.1415681E+02  0.2124035E+02
  0.6260195E+02  0.1694494E+02  0.2138917E+02
  0.6252139E+02  0.1468504E+02  0.2265951E+01
  0.5956141E+02  0.1706305E+02  0.2179421E+01
  0.6103929E+02  0.1569566E+02  0.8055466E+00
  0.6372755E+02  0.1846977E+02  0.9544266E+00
  0.6379357E+02  0.1573007E+02  0.3967365E+01
  0.6121302E+02  0.1833558E+02  0.3387847E+01
  0.5006673E+02  0.1176769E+02  0.1318394E+02
  0.4845213E+02  0.1376186E+02  0.5259027E+01
  0.5017733E+02  0.5401970E+01  0.1001065E+02
  0.4716953E+02  0.2131205E+01  0.1564063E+02
  0.4671164E+02  0.1916738E+02  0.6097309E+01
  0.4471468E+02  0.1777771E+02  0.5654735E+01
  0.4027319E+02  0.8884233E+01  0.6441009E+01
  0.5100185E+02  0.1141276E+02  0.1080377E+01
  0.4065796E+02  0.1858171E+02  0.9225683E+01
  0.3990191E+02  0.2112464E+02  0.5443478E+01
  0.4211543E+02  0.2108142E+02  0.6749583E+01
  0.4984796E+02  0.4022500E+01  0.6480803E-01
  0.4669705E+02  0.1751944E+02  0.1148986E+02
  0.5174664E+02  0.1333123E+02  0.1957975E+02
  0.5195775E+02  0.1409993E+02  0.1084754E+02
  0.5224611E+02  0.3460903E+01  0.1115706E+02
  0.5396708E+02  0.1868304E+02  0.2150073E+02
  0.5695586E+02  0.4945500E+00  0.5366862E+01
  0.5702955E+02  0.1980748E+02  0.7818575E+01
  0.5376525E+02  0.2663049E+01  0.1932972E+02
  0.3279828E+02  0.1764427E+02  0.1970771E+02
  0.5832513E+02  0.1927061E+01  0.6379105E+01
  0.5833564E+02  0.2139954E+02  0.9060871E+01
  0.5566275E+02  0.1857557E+02  0.4146193E+01
  0.5950683E+02  0.1931207E+02  0.4662416E+01
  0.6265442E+02  0.7650931E+00  0.5143316E+01
  0.6243771E+02  0.1953721E+02  0.7596914E+01
  0.5963592E+02  0.4118101E+00  0.7290011E+01
  0.6099148E+02  0.2080733E+02  0.5812309E+01
  0.6394510E+02  0.2270491E+01  0.6435783E+01
  0.6367584E+02  0.2101022E+02  0.8898813E+01
  0.6072663E+02  0.2038171E+01  0.8908578E+01
  0.4518977E+02  0.2711948E+01  0.1928265E+02
  0.5123629E+02  0.1521468E+02  0.1718819E+01
  0.4755649E+02  0.1783160E+02  0.2976325E+01
  0.3462528E+02  0.1698380E+02  0.5544858E+01
  0.4507860E+02  0.1016164E+00  0.4218929E+01
  0.3392914E+02  0.6992483E+01  0.3273392E+01
  0.3466939E+02  0.2145830E+02  0.1029876E+02
  0.4580911E+02  0.2121866E+02  0.1532669E+02
  0.3272901E+02  0.1708315E+02  0.7052345E+01
  0.5534667E+02  0.2119914E+02  0.6661156E+01
  0.5482290E+02  0.1345951E+01  0.8319969E+01
  0.4426523E+02  0.1751449E+02  0.1226642E+02
  0.3990452E+02  0.1159527E+01  0.1456967E+02
  0.4215043E+02  0.7611821E+01  0.4712592E+01
  0.4908549E+02  0.4448896E+01  0.7488049E+01
  0.5270322E+02  0.4705795E+01  0.1953687E+02
  0.5096857E+02  0.2112883E+01  0.9813842E+01
  0.5697229E+02  0.5838733E+01  0.5189957E+01
  0.5642621E+02  0.2777427E+01  0.7666822E+01
  0.5599713E+02  0.7338027E+01  0.9152278E+01
  0.5248331E+02  0.5397652E+01  0.9932137E+01
  0.5846815E+02  0.7383782E+01  0.6286263E+01
  0.5801521E+02  0.4530018E+01  0.8619392E+01
  0.5456962E+02  0.8306429E+01  0.1098403E+02
  0.5963744E+02  0.3281754E+01  0.4933501E+01
  0.6241101E+02  0.6097207E+01  0.4910852E+01
  0.6262162E+02  0.3370562E+01  0.7888014E+01
  0.5963083E+02  0.5851871E+01  0.7581741E+01
  0.6132677E+02  0.4551576E+01  0.6230733E+01
  0.6397887E+02  0.7429483E+01  0.6231931E+01
  0.6381899E+02  0.4732534E+01  0.9353877E+01
  0.6091559E+02  0.7441091E+01  0.8984786E+01
  0.3223833E+02  0.1984024E+02  0.3348011E+01
  0.4644286E+02  0.1067523E+02  0.1178972E+02
  0.4151446E+02  0.8208917E+01  0.1628186E+02
  0.5122158E+02  0.7541768E+01  0.1840659E+01
  0.4971421E+02  0.5113448E+01  0.1848984E+02
  0.4299581E+02  0.2040299E+02  0.1099140E+02
  0.4094066E+02  0.7208025E+01  0.1932282E+02
  0.5353161E+02  0.2838549E+00  0.1857734E+02
  0.4494425E+02  0.4373710E+01  0.2086382E+02
  0.5339587E+02  0.7328082E+01  0.8501265E+00
  0.4341122E+02  0.1290502E+02  0.1040200E+02
  0.5048086E+02  0.2002484E+02  0.7352765E+01
  0.4552279E+02  0.7359552E+01  0.6640882E+01
  0.3130726E+02  0.1023105E+02  0.1433643E+02
  0.3775415E+02  0.1433412E+02  0.1894603E+02
  0.4664031E+02  0.1181893E+02  0.8008790E+01
  0.4732411E+02  0.5812506E+01  0.1317725E+02
  0.5723066E+02  0.1172350E+02  0.4803683E+01
  0.5710545E+02  0.8858217E+01  0.7593995E+01
  0.4407080E+02  0.9391434E+01  0.1452290E+02
  0.5576862E+02  0.1048846E+02  0.6238579E+01
  0.5854830E+02  0.1295528E+02  0.6336430E+01
  0.5815024E+02  0.1056108E+02  0.9207336E+01
  0.5545460E+02  0.1563176E+02  0.6952023E+01
  0.5981080E+02  0.8954313E+01  0.4962185E+01
  0.6255347E+02  0.1172459E+02  0.5087096E+01
  0.6224414E+02  0.8567356E+01  0.7345869E+01
  0.5969555E+02  0.1154081E+02  0.7823494E+01
  0.6097198E+02  0.1043592E+02  0.6270087E+01
  0.6375245E+02  0.1291878E+02  0.6499920E+01
  0.6357102E+02  0.1005485E+02  0.9130607E+01
  0.6111891E+02  0.1291532E+02  0.9166869E+01
  0.4654291E+02  0.1354157E+02  0.1466418E+02
  0.4467594E+02  0.9720980E+01  0.1033620E+02
  0.4347674E+02  0.2504719E+00  0.1514005E+02
  0.5071686E+02  0.6765622E+00  0.1503674E+02
  0.1871807E+02  0.9088728E+01  0.5754219E+01
  0.4990713E+02  0.1285971E+02  0.1098758E+02
  0.3247868E+02  0.1167314E+02  0.2168473E+02
  0.4190017E+02  0.1959660E+02  0.1191726E+01
  0.3599873E+02  0.4921135E+01  0.2645579E+01
  0.5210393E+02  0.1319940E+02  0.8639661E+01
  0.5249792E+02  0.9772491E+01  0.1934161E+02
  0.5037372E+02  0.1541838E+02  0.1532112E+02
  0.4732026E+02  0.1187443E+02  0.4268310E+01
  0.4734572E+02  0.2955040E+01  0.2914766E+01
  0.4826763E+02  0.2088814E+02  0.8068829E-01
  0.3639312E+02  0.1731621E+02  0.8167237E+00
  0.5382813E+02  0.2892220E+01  0.4946915E+01
  0.5677161E+02  0.1689824E+02  0.5346815E+01
  0.5710183E+02  0.1418851E+02  0.7949045E+01
  0.5421291E+02  0.1411090E+02  0.5447877E+01
  0.4995496E+02  0.7145789E+01  0.5444577E+01
  0.5802707E+02  0.1841817E+02  0.6434636E+01
  0.5842135E+02  0.1554179E+02  0.9536448E+01
  0.5552371E+02  0.1853609E+02  0.9157674E+01
  0.5981179E+02  0.1439160E+02  0.5014572E+01
  0.6257514E+02  0.1703832E+02  0.5056259E+01
  0.6230996E+02  0.1430267E+02  0.7822447E+01
  0.5955613E+02  0.1724420E+02  0.7988542E+01
  0.6094996E+02  0.1600871E+02  0.6397667E+01
  0.6408926E+02  0.1823742E+02  0.6375603E+01
  0.6374768E+02  0.1564681E+02  0.8886593E+01
  0.6106156E+02  0.1848810E+02  0.9312816E+01
  0.4688296E+02  0.1121337E+02  0.1948966E+02
  0.2829572E+02  0.9044819E+00  0.1161563E+02
  0.4493342E+02  0.7340202E+01  0.1025780E+02
  0.3854275E+02  0.9870219E+01  0.4697619E+01
  0.5393853E+02  0.1722100E+02  0.1820481E+02
  0.4705416E+02  0.1492848E+02  0.1026030E+02
  0.3976415E+02  0.9220977E+01  0.2845938E+01
  0.5238489E+02  0.1910558E+02  0.8501914E+01
  0.4529151E+02  0.1464826E+02  0.1289180E+02
  0.4098786E+02  0.1206227E+02  0.1263566E+02
  0.5025994E+02  0.1475265E+02  0.4020027E+01
  0.4901659E+02  0.9480194E+01  0.2279701E+01
  0.4490923E+02  0.5098130E+01  0.9517804E+01
  0.5335402E+02  0.1602155E+02  0.1075387E+02
  0.5463633E+02  0.2553512E+01  0.1064034E+02
  0.4355389E+02  0.3269090E+01  0.8746556E+01
  0.5532301E+02  0.2067491E+02  0.1030581E+02
  0.5656601E+02  0.9184686E+00  0.1009267E+02
  0.5727625E+02  0.1983485E+02  0.1359144E+02
  0.5172083E+02  0.1017555E+02  0.1325362E+02
  0.5529121E+02  0.2070142E+02  0.1267373E+02
  0.5810038E+02  0.2007777E+01  0.1141957E+02
  0.5901196E+02  0.2112693E+02  0.1426963E+02
  0.5599957E+02  0.1900708E+01  0.1418373E+02
  0.5942658E+02  0.1968368E+02  0.1041341E+02
  0.6220744E+02  0.5335463E+00  0.1021627E+02
  0.6226070E+02  0.1962587E+02  0.1331447E+02
  0.5961702E+02  0.1070682E+01  0.1288441E+02
  0.6091721E+02  0.2097062E+02  0.1174351E+02
  0.6379690E+02  0.1800577E+01  0.1154871E+02
  0.6395311E+02  0.2079921E+02  0.1422241E+02
  0.6088522E+02  0.2076165E+01  0.1457723E+02
  0.3938821E+02  0.1779319E+02  0.5102804E+01
  0.3670342E+02  0.2463561E+01  0.1049769E+02
  0.4366775E+02  0.9634218E+01  0.4426790E+01
  0.4880849E+02  0.6156489E+01  0.1503215E+02
  0.4629241E+02  0.2638754E+01  0.5483635E+00
  0.5217704E+02  0.7909816E+01  0.1604106E+02
  0.4398117E+02  0.1564863E+02  0.2079666E+02
  0.3312963E+02  0.1373223E+02  0.1913429E+02
  0.4749234E+02  0.7970551E+01  0.1193095E+02
  0.5308773E+02  0.7532712E+01  0.7839164E+01
  0.5176042E+02  0.2961380E+01  0.1353962E+02
  0.3836287E+02  0.1621697E+02  0.8489639E+01
  0.5534419E+02  0.4438384E+01  0.6424070E+01
  0.4812948E+02  0.1159452E+02  0.1436615E+02
  0.4950426E+02  0.2661612E+01  0.1559054E+02
  0.4518203E+02  0.1854032E+02  0.1987432E+00
  0.4837298E+02  0.1310935E+02  0.9084717E+01
  0.5717095E+02  0.5828897E+01  0.1038456E+02
  0.5733717E+02  0.3467486E+01  0.1304926E+02
  0.5304087E+02  0.1103669E+02  0.1152657E+02
  0.5563151E+02  0.4604401E+01  0.1178429E+02
  0.5813367E+02  0.7646625E+01  0.1200870E+02
  0.5852520E+02  0.4827314E+01  0.1460433E+02
  0.5425535E+02  0.5770349E+01  0.1343455E+02
  0.5945339E+02  0.3549822E+01  0.1015369E+02
  0.6224966E+02  0.6030370E+01  0.1049655E+02
  0.6236711E+02  0.3169709E+01  0.1290468E+02
  0.5951703E+02  0.6148569E+01  0.1312316E+02
  0.6070033E+02  0.4807452E+01  0.1177771E+02
  0.6371215E+02  0.7293843E+01  0.1187436E+02
  0.6356164E+02  0.4739615E+01  0.1435085E+02
  0.6101132E+02  0.7316541E+01  0.1459435E+02
  0.4465502E+02  0.1856718E+02  0.1793099E+02
  0.3905586E+02  0.9909683E+01  0.9812603E+01
  0.4884218E+02  0.3213717E+01  0.1977501E+02
  0.4139974E+02  0.1384590E+02  0.9158321E+01
  0.5692725E+02  0.1156270E+02  0.1575167E+02
  0.3405680E+02  0.1730006E+02  0.1756168E+02
  0.4658112E+02  0.2136650E+02  0.1041229E+02
  0.3597908E+02  0.2549328E+01  0.3076656E+01
  0.4619909E+02  0.1471340E+02  0.5278338E+01
  0.2784284E+02  0.2096764E+02  0.8301427E+01
  0.4247419E+02  0.5271117E+01  0.8444175E+00
  0.3918173E+02  0.1253864E+02  0.7198221E+01
  0.3603715E+02  0.9264884E+01  0.1277697E+02
  0.4006805E+02  0.1255231E+02  0.1063641E+02
  0.5542432E+02  0.7574653E+01  0.1456170E+02
  0.5543640E+02  0.1588186E+02  0.1223167E+02
  0.4457069E+02  0.3457727E+01  0.1395134E+02
  0.5691085E+02  0.1198402E+02  0.1082960E+02
  0.5684202E+02  0.9076870E+01  0.1341441E+02
  0.4922272E+02  0.1541102E+02  0.1097634E+02
  0.4315850E+02  0.1096673E+02  0.1303039E+02
  0.5986067E+02  0.1120249E+02  0.1318908E+02
  0.5543868E+02  0.1043287E+02  0.1208544E+02
  0.5302626E+02  0.1263780E+02  0.1647436E+02
  0.5950701E+02  0.8950421E+01  0.1028611E+02
  0.6233452E+02  0.1142012E+02  0.1041871E+02
  0.6232788E+02  0.8553249E+01  0.1325610E+02
  0.5833567E+02  0.1004140E+02  0.1468705E+02
  0.6106418E+02  0.9854229E+01  0.1173894E+02
  0.6383572E+02  0.1278296E+02  0.1172633E+02
  0.6369734E+02  0.9926543E+01  0.1441461E+02
  0.6120697E+02  0.1306319E+02  0.1425527E+02
  0.2732878E+02  0.5946462E+01  0.2077947E+02
  0.4553788E+02  0.4817285E-02  0.8109969E+01
  0.3666223E+02  0.6304307E+01  0.4623792E+01
  0.4288675E+02  0.1661695E+02  0.3231909E+01
  0.3893624E+02  0.2096649E+02  0.1178588E+02
  0.5281617E+02  0.4258257E+01  0.3316503E+01
  0.4088593E+02  0.2386627E+01  0.8172979E+01
  0.5023653E+02  0.1263694E+02  0.3066354E+01
  0.4167448E+02  0.1413398E+02  0.1743144E+02
  0.5439455E+02  0.8569645E+01  0.5376197E+01
  0.5003856E+02  0.1763547E+02  0.1427121E+02
  0.5168808E+02  0.1263952E+01  0.1933860E+02
  0.5294811E+02  0.6647439E+01  0.1180550E+02
  0.3596719E+02  0.1873076E+02  0.1730863E+02
  0.5063298E+02  0.4661930E+01  0.1470671E+02
  0.3643957E+02  0.2146692E+02  0.8719121E+01
  0.4595966E+02  0.9820691E+01  0.4272054E+01
  0.5672786E+02  0.1694837E+02  0.1063567E+02
  0.5672843E+02  0.1417639E+02  0.1326951E+02
  0.4349281E+02  0.8626466E+01  0.6733629E+01
  0.5620760E+02  0.1205729E+02  0.8249941E+01
  0.5832672E+02  0.1833147E+02  0.1207088E+02
  0.5822693E+02  0.1555156E+02  0.1431616E+02
  0.5611811E+02  0.1818031E+02  0.1512849E+02
  0.5978522E+02  0.1413547E+02  0.1081269E+02
  0.6242234E+02  0.1692265E+02  0.1038852E+02
  0.6240109E+02  0.1433849E+02  0.1282199E+02
  0.5984797E+02  0.1696174E+02  0.1355223E+02
  0.6109803E+02  0.1579169E+02  0.1192251E+02
  0.6370312E+02  0.1829988E+02  0.1181014E+02
  0.6393910E+02  0.1558869E+02  0.1421493E+02
  0.6103716E+02  0.1846881E+02  0.1489310E+02
  0.4691233E+02  0.7102289E+01  0.8709219E+01
  0.3767881E+02  0.1268499E+02  0.5613990E+01
  0.4716248E+02  0.1744203E+02  0.2117456E+02
  0.4781103E+02  0.4549453E+01  0.1009647E+02
  0.4533819E+02  0.7317581E+01  0.1310898E+01
  0.4956673E+02  0.1698083E+02  0.1653695E+01
  0.5505344E+02  0.1144629E+01  0.4197739E+01
  0.4978275E+02  0.1294071E+02  0.1841973E+02
  0.4113358E+02  0.1527698E+02  0.3866658E+01
  0.4267564E+02  0.4267385E+00  0.3693324E+01
  0.4703184E+02  0.1196372E+01  0.4415970E+01
  0.5385838E+02  0.1683351E+02  0.8392029E+01
  0.5272075E+02  0.1665183E+02  0.4632511E+01
  0.5439501E+02  0.1176576E+01  0.1271731E+02
  0.5415961E+02  0.2004953E+02  0.5293317E+01
  0.4302525E+02  0.6505650E-01  0.1289874E+02
  0.5200756E+02  0.5090946E+00  0.1305256E+02
  0.5757827E+02  0.6579855E+00  0.1562892E+02
  0.5666077E+02  0.1965152E+02  0.1876843E+02
  0.5037987E+02  0.2648833E+01  0.1780954E+02
  0.5581346E+02  0.2145971E+02  0.1711892E+02
  0.5854970E+02  0.1997851E+01  0.1742190E+02
  0.5812285E+02  0.2114138E+02  0.1992377E+02
  0.5607905E+02  0.2797843E+01  0.2001826E+02
  0.5973416E+02  0.1994056E+02  0.1611068E+02
  0.6261512E+02  0.6791625E+00  0.1549143E+02
  0.6256476E+02  0.1942613E+02  0.1858734E+02
  0.5994174E+02  0.5204041E+00  0.1870189E+02
  0.6162401E+02  0.2114410E+02  0.1713245E+02
  0.6375793E+02  0.2133631E+01  0.1718520E+02
  0.6383832E+02  0.2093093E+02  0.2006462E+02
  0.6103184E+02  0.2107012E+01  0.1992409E+02
  0.1757108E+02  0.5039612E+00  0.1455442E+01
  0.4522015E+02  0.1963116E+02  0.1122129E+02
  0.4138212E+02  0.2099668E+02  0.9102754E+01
  0.4926135E+02  0.1073661E+02  0.4346839E+01
  0.4783618E+02  0.5294105E+01  0.1701750E+02
  0.3107855E+02  0.1740657E+01  0.1007221E+02
  0.3756032E+02  0.1554123E+02  0.1066590E+02
  0.5191214E+02  0.1446336E+02  0.5391857E+01
  0.4409450E+02  0.9320815E+01  0.1815837E+02
  0.4624646E+02  0.1000889E+02  0.1752701E+02
  0.5318503E+02  0.2935113E+01  0.1318237E+01
  0.5097048E+02  0.7327764E+00  0.7830101E+01
  0.4682243E+02  0.1307756E+02  0.1733180E+02
  0.4790936E+02  0.9090515E+01  0.1411388E+02
  0.3957129E+02  0.1162879E+02  0.1830309E+02
  0.5145273E+02  0.1890957E+02  0.1817968E+02
  0.5484752E+02  0.3885523E+01  0.1502079E+02
  0.5684101E+02  0.6298377E+01  0.1572057E+02
  0.5722648E+02  0.3842709E+01  0.1826442E+02
  0.5158387E+02  0.5797592E+01  0.2164623E+02
  0.5579429E+02  0.4830677E+01  0.1700711E+02
  0.5803815E+02  0.7431718E+01  0.1724986E+02
  0.5841851E+02  0.5063778E+01  0.1996983E+02
  0.5532434E+02  0.7582360E+01  0.2004977E+02
  0.5969189E+02  0.3525319E+01  0.1616192E+02
  0.6244976E+02  0.6159549E+01  0.1592026E+02
  0.6250578E+02  0.3244738E+01  0.1867408E+02
  0.5974867E+02  0.6188036E+01  0.1871682E+02
  0.6121055E+02  0.4640610E+01  0.1728089E+02
  0.6370545E+02  0.7924431E+01  0.1703442E+02
  0.6403008E+02  0.4742014E+01  0.1988585E+02
  0.6120682E+02  0.7465856E+01  0.2021261E+02
  0.4893965E+02  0.2120868E+02  0.4164678E+01
  0.3853081E+02  0.1308272E+01  0.2004461E+02
  0.5206430E+02  0.2084292E+02  0.6830753E+00
  0.3664938E+02  0.9865989E+01  0.1047342E+02
  0.4441160E+02  0.1085731E+02  0.7611257E+01
  0.4109434E+02  0.1766881E+02  0.2031888E+02
  0.2928420E+02  0.7124499E+01  0.1799950E+02
  0.4045852E+02  0.1751190E+02  0.1578428E+02
  0.5309133E+02  0.2039923E+02  0.1429859E+02
  0.4497135E+02  0.1502418E+02  0.8698033E+01
  0.2944637E+02  0.6300647E+01  0.1557414E+02
  0.3808840E+02  0.2151997E+02  0.6761100E+01
  0.5085493E+02  0.6314913E+01  0.7675649E+01
  0.4313676E+02  0.1560034E+02  0.7280997E+01
  0.5514333E+02  0.1709898E+01  0.1903416E+01
  0.4961716E+02  0.1536644E+02  0.1764536E+02
  0.5201002E+02  0.6476485E+01  0.3875544E+01
  0.5841780E+02  0.1270424E+02  0.1206235E+02
  0.5698220E+02  0.8791945E+01  0.1874487E+02
  0.4295097E+02  0.1029986E+02  0.1625482E+02
  0.5559986E+02  0.1045314E+02  0.1749592E+02
  0.5819042E+02  0.1284061E+02  0.1724831E+02
  0.5818233E+02  0.1014840E+02  0.1997258E+02
  0.5556263E+02  0.1304801E+02  0.1985187E+02
  0.5964078E+02  0.8584661E+01  0.1606081E+02
  0.6229523E+02  0.1142763E+02  0.1580789E+02
  0.6225543E+02  0.8822777E+01  0.1867563E+02
  0.5966365E+02  0.1141189E+02  0.1850713E+02
  0.6097291E+02  0.9946490E+01  0.1736222E+02
  0.6386576E+02  0.1269368E+02  0.1698310E+02
  0.6387385E+02  0.9970803E+01  0.1972404E+02
  0.6107726E+02  0.1301894E+02  0.1974155E+02
  0.4683480E+02  0.2104419E+02  0.1963111E+02
  0.5277631E+02  0.9437565E+01  0.9481631E+01
  0.5053534E+02  0.9940552E+01  0.2090440E+02
  0.4803753E+02  0.2083204E+02  0.1762871E+02
  0.3796038E+02  0.3434043E+01  0.1927389E+02
  0.5449015E+02  0.1442634E+02  0.1547668E+02
  0.3888124E+02  0.1753333E+02  0.1079257E+02
  0.4772997E+02  0.2015821E+02  0.2141139E+01
  0.4407337E+02  0.1063292E+02  0.2004834E+02
  0.5407931E+02  0.1410022E+02  0.2139500E+02
  0.5425755E+02  0.8990261E+01  0.1602498E+02
  0.3964313E+02  0.7687117E+00  0.9854231E+01
  0.5363456E+02  0.3561086E+00  0.1615438E+02
  0.4996599E+02  0.8320202E+01  0.1493110E+02
  0.5096427E+02  0.7887361E+01  0.1265990E+02
  0.4264169E+02  0.7015360E+01  0.1088154E+02
  0.5700594E+02  0.1409977E+02  0.1856118E+02
  0.5751750E+02  0.1650907E+02  0.1648813E+02
  0.5541546E+02  0.1549094E+02  0.1740070E+02
  0.5232855E+02  0.1790093E+02  0.1169904E+02
  0.5211479E+02  0.7777540E+01  0.1843017E+02
  0.5835840E+02  0.1851837E+02  0.1755885E+02
  0.5839070E+02  0.1543458E+02  0.1971045E+02
  0.5552197E+02  0.1785062E+02  0.1986281E+02
  0.5959042E+02  0.1425057E+02  0.1587707E+02
  0.6274132E+02  0.1691265E+02  0.1562246E+02
  0.6251045E+02  0.1422938E+02  0.1833739E+02
  0.5965667E+02  0.1681121E+02  0.1852066E+02
  0.6114948E+02  0.1550032E+02  0.1694652E+02
  0.6400117E+02  0.1830188E+02  0.1714569E+02
  0.6390987E+02  0.1559864E+02  0.1969873E+02
  0.6107514E+02  0.1808208E+02  0.1999064E+02
