         
  0.6515772E+02  0.0000000E+00  0.2171924E+02
  0.0000000E+00  0.0000000E+00  0.2171924E+02
Si  0.1954449E+00  0.2001730E+02  0.2121605E+02
Si  0.3001945E+01  0.1378328E+01  0.2081910E+02
Si  0.2852214E+01  0.2010362E+02  0.1970600E+01
Si  0.5233660E+00  0.1269421E+01  0.2119339E+01
Si  0.1726499E+01  0.2158796E+02  0.4620770E+00
Si  0.4406167E+01  0.2479003E+01  0.5160017E+00
Si  0.4214161E+01  0.2152475E+02  0.3341725E+01
Si  0.1678004E+01  0.2617017E+01  0.3213345E+01
Si  0.5298590E+01  0.2014586E+02  0.2081605E+02
Si  0.8171169E+01  0.8477978E+00  0.2093369E+02
Si  0.8470197E+01  0.2009094E+02  0.1963350E+01
Si  0.5588827E+01  0.1065729E+01  0.2126792E+01
Si  0.6867709E+01  0.2141161E+02  0.8926411E+00
Si  0.9234576E+01  0.2232293E+01  0.7703049E+00
Si  0.1062940E+02  0.8368107E+00  0.1926234E+01
Si  0.6926814E+01  0.2514464E+01  0.3495369E+01
Si  0.9385601E+01  0.2152866E+02  0.1920334E+02
Si  0.2304018E+02  0.1182868E+02  0.5776207E+01
Si  0.1876087E+02  0.2061862E+02  0.6923902E+00
Si  0.1023217E+02  0.3297851E+01  0.2053479E+02
Si  0.1579453E+02  0.5442687E+00  0.2155223E+02
Si  0.2750009E+02  0.9488271E+01  0.1086582E+01
Si  0.1654957E+02  0.1605838E+02  0.4130236E+01
Si  0.1697341E+02  0.4019431E+01  0.1783365E+02
Si  0.2045902E+02  0.1191604E+02  0.5262332E+01
Si  0.1798440E+02  0.3983701E+01  0.2490564E+01
Si  0.2019025E+02  0.4657913E+01  0.1285155E+02
Si  0.1427201E+02  0.2510086E+01  0.2098692E+02
Si  0.1916384E+02  0.2615410E+01  0.9421572E+01
Si  0.2283804E+02  0.3257480E+01  0.7222044E+01
Si  0.1429491E+02  0.1763797E+02  0.1803869E+02
Si  0.2673320E+02  0.2020540E+02  0.4430968E+01
Si  0.6512271E+02  0.3878480E+01  0.2127674E+02
Si  0.2680128E+01  0.6802492E+01  0.2089467E+02
Si  0.2990915E+01  0.3813784E+01  0.1877410E+01
Si  0.3194228E-01  0.6950148E+01  0.1966732E+01
Si  0.1451368E+01  0.5262007E+01  0.8450512E+00
Si  0.4044560E+01  0.8009682E+01  0.5581220E+00
Si  0.4045450E+01  0.5087789E+01  0.3490280E+01
Si  0.1433944E+01  0.8244552E+01  0.3555312E+01
Si  0.5489798E+01  0.3900277E+01  0.2088128E+02
Si  0.8118348E+01  0.6790342E+01  0.2112348E+02
Si  0.8028268E+01  0.3773750E+01  0.1834528E+01
Si  0.5397054E+01  0.6413277E+01  0.1846092E+01
Si  0.6770082E+01  0.5099654E+01  0.5110299E+00
Si  0.9550351E+01  0.7845304E+01  0.9021491E+00
Si  0.9289733E+01  0.5287469E+01  0.3251006E+01
Si  0.6690667E+01  0.7895964E+01  0.3366265E+01
Si  0.1347339E+02  0.3072345E+01  0.1588750E+01
Si  0.1991239E+02  0.1019824E+02  0.1858739E+02
Si  0.2347889E+02  0.1166542E+02  0.1561756E+02
Si  0.1267630E+02  0.7495658E+01  0.4261404E+01
Si  0.2211757E+02  0.7106240E+01  0.2133498E+02
Si  0.1589240E+02  0.8740368E+01  0.4024583E+01
Si  0.2569979E+02  0.3783000E+01  0.2044057E+02
Si  0.9028323E+01  0.1332885E+02  0.5647651E+01
Si  0.2165146E+02  0.1428839E+02  0.2078615E+02
Si  0.1500837E+02  0.1266603E+02  0.4614048E+01
Si  0.1442227E+02  0.1440197E+02  0.8259218E+01
Si  0.1764270E+02  0.8520453E+01  0.8387519E+01
Si  0.2358101E+02  0.9474027E+01  0.6310490E+01
Si  0.2659583E+02  0.1761867E+02  0.4168986E-03
Si  0.2380096E+02  0.7302040E+01  0.1062544E+02
Si  0.1810251E+02  0.1418794E+02  0.3150798E+01
Si  0.1025079E+00  0.9719415E+01  0.2095204E+02
Si  0.3021884E+01  0.1211889E+02  0.2102569E+02
Si  0.2538222E+01  0.9343058E+01  0.1900591E+01
Si  0.4967712E-01  0.1254737E+02  0.2042641E+01
Si  0.1368974E+01  0.1097042E+02  0.8457694E+00
Si  0.4183267E+01  0.1354707E+02  0.7723722E+00
Si  0.3879585E+01  0.1069557E+02  0.3419266E+01
Si  0.1385791E+01  0.1380760E+02  0.3473006E+01
Si  0.5448337E+01  0.9524667E+01  0.2111765E+02
Si  0.8167383E+01  0.1201998E+02  0.2120034E+02
Si  0.7900451E+01  0.9015259E+01  0.1948272E+01
Si  0.5503954E+01  0.1199500E+02  0.2033288E+01
Si  0.6859876E+01  0.1062890E+02  0.7603644E+00
Si  0.9488060E+01  0.1339002E+02  0.8105043E+00
Si  0.8976453E+01  0.1069648E+02  0.3497340E+01
Si  0.6359936E+01  0.1407377E+02  0.3145642E+01
Si  0.1084548E+02  0.9613493E+01  0.2160123E+02
Si  0.1301589E+02  0.1397352E+02  0.1459095E+01
Si  0.1866634E+02  0.1330147E+02  0.1212493E+02
Si  0.1171089E+02  0.1291443E+02  0.2151983E+02
Si  0.1210931E+02  0.1099055E+02  0.1433874E+01
Si  0.2358670E+02  0.1496304E+02  0.7316819E+00
Si  0.1660068E+02  0.5859075E+01  0.3579752E+01
Si  0.2175370E+02  0.1313243E+02  0.1170613E+02
Si  0.1559556E+02  0.7216412E+01  0.1504217E+02
Si  0.2397993E+02  0.2086382E+02  0.1052024E+02
Si  0.3034795E+02  0.1982369E+02  0.4137791E+01
Si  0.1998224E+02  0.1046844E+02  0.7158621E+01
Si  0.1787655E+02  0.1217091E+02  0.1629267E+01
Si  0.3171231E+02  0.6430986E+01  0.1755492E+02
Si  0.3705579E+02  0.1384145E+02  0.5829244E+01
Si  0.3262102E+02  0.7385164E+01  0.1984607E-01
Si  0.1243613E+00  0.1500959E+02  0.2122415E+02
Si  0.2723926E+01  0.1758622E+02  0.2100149E+02
Si  0.2624296E+01  0.1506909E+02  0.2019269E+01
Si  0.1319942E+00  0.1725708E+02  0.2175992E+01
Si  0.1312123E+01  0.1631119E+02  0.5563797E+00
Si  0.4100388E+01  0.1886755E+02  0.6276317E+00
Si  0.3984420E+01  0.1650577E+02  0.3329166E+01
Si  0.1329162E+01  0.1887960E+02  0.3404178E+01
Si  0.5522131E+01  0.1481158E+02  0.2102744E+02
Si  0.8000966E+01  0.1784992E+02  0.2116669E+02
Si  0.8117340E+01  0.1523345E+02  0.1819428E+01
Si  0.5351903E+01  0.1783180E+02  0.2115166E+01
Si  0.6537271E+01  0.1653014E+02  0.5416930E+00
Si  0.9934615E+01  0.1871197E+02  0.4198537E+00
Si  0.1318774E+02  0.1569338E+02  0.2124072E+02
Si  0.6780781E+01  0.1911143E+02  0.3482148E+01
Si  0.1148775E+02  0.1453366E+02  0.1991946E+02
Si  0.1106678E+02  0.1979470E+02  0.1931691E+02
Si  0.1447952E+02  0.1848225E+02  0.1899653E+01
Si  0.1695972E+02  0.4266848E+00  0.2018671E+01
Si  0.1441591E+02  0.2085562E+02  0.5425498E+01
Si  0.1712541E+02  0.1836466E+02  0.4630730E+01
Si  0.1956739E+02  0.7228986E+01  0.3829103E+01
Si  0.1196913E+02  0.2167030E+01  0.3471816E+01
Si  0.2334071E+02  0.9508381E+01  0.2133446E+02
Si  0.1964745E+02  0.9091769E+01  0.5960503E-02
Si  0.2591942E+02  0.1536636E+02  0.7102099E+01
Si  0.2079856E+02  0.1937385E+02  0.5403999E+01
Si  0.9903130E+01  0.2104617E+01  0.1858025E+02
Si  0.2078839E+02  0.1195991E+02  0.9206748E+01
Si  0.1947564E+02  0.1571948E+02  0.1488772E+02
Si  0.1684935E+02  0.3012788E+01  0.2006010E+02
Si  0.6514805E+02  0.1998701E+02  0.4883215E+01
Si  0.2765399E+01  0.1089668E+01  0.4799329E+01
Si  0.2596134E+01  0.2035693E+02  0.7575955E+01
Si  0.6510486E+02  0.1700850E+01  0.7440027E+01
Si  0.1261914E+01  0.2151008E+02  0.6118368E+01
Si  0.3623920E+01  0.2947101E+01  0.6053785E+01
Si  0.3933687E+01  0.2162570E+02  0.9154135E+01
Si  0.1300116E+01  0.2939968E+01  0.8954231E+01
Si  0.5375613E+01  0.2042679E+02  0.5196342E+01
Si  0.8185635E+01  0.1062240E+01  0.4752815E+01
Si  0.7749984E+01  0.2064823E+02  0.7434177E+01
Si  0.5022670E+01  0.1689658E+01  0.7581837E+01
Si  0.6302125E+01  0.5691112E+00  0.6106311E+01
Si  0.1070705E+02  0.3804061E+01  0.4551640E+01
Si  0.9099970E+01  0.1972617E+02  0.5712041E+01
Si  0.6902372E+01  0.2732257E+01  0.8671478E+01
Si  0.2008557E+02  0.8331366E+01  0.6089744E+01
Si  0.1323292E+02  0.4540492E+01  0.7115415E+01
Si  0.1292100E+02  0.5008061E+01  0.4698533E+01
Si  0.1199020E+02  0.3245833E+01  0.9051789E+01
Si  0.1483331E+02  0.5441190E+01  0.1173238E+02
Si  0.2237370E+02  0.1422107E+02  0.1725975E+02
Si  0.1955944E+02  0.2147379E+01  0.2115359E+02
Si  0.1184660E+02  0.1891124E+01  0.1747078E+02
Si  0.1771777E+02  0.2139083E+02  0.8904693E+01
Si  0.1904188E+02  0.2161014E+02  0.1908827E+02
Si  0.1231511E+02  0.1914527E+02  0.1074885E+02
Si  0.1106997E+02  0.6687581E+01  0.2438703E+01
Si  0.1271651E+02  0.1835727E+02  0.1380037E+02
Si  0.2281046E+02  0.4495174E+01  0.1919921E+02
Si  0.2323914E+02  0.1182114E+02  0.9651989E+01
Si  0.1487878E+02  0.4182824E+01  0.3815108E+01
Si  0.1361994E+00  0.3933879E+01  0.4746452E+01
Si  0.2587855E+01  0.6626725E+01  0.4683111E+01
Si  0.2572530E+01  0.4407491E+01  0.7661151E+01
Si  0.6487217E+02  0.6754303E+01  0.7430530E+01
Si  0.1126444E+01  0.5451350E+01  0.6110351E+01
Si  0.3749988E+01  0.8129297E+01  0.6217127E+01
Si  0.3990246E+01  0.5790626E+01  0.8768550E+01
Si  0.1121684E+01  0.8268109E+01  0.8779513E+01
Si  0.5328186E+01  0.3913509E+01  0.4806637E+01
Si  0.8084390E+01  0.6915431E+01  0.4813118E+01
Si  0.6541444E+01  0.5255901E+01  0.5902942E+01
Si  0.5555605E+01  0.6950071E+01  0.7258101E+01
Si  0.8077904E+01  0.4133052E+01  0.7275250E+01
Si  0.9895517E+01  0.7424878E+01  0.6638310E+01
Si  0.9787362E+01  0.5561740E+01  0.8548192E+01
Si  0.7042021E+01  0.7948810E+01  0.8986815E+01
Si  0.1609867E+02  0.1625908E+02  0.8754795E+01
Si  0.1349724E+02  0.9302397E+01  0.6665811E+01
Si  0.1213123E+02  0.9780218E+01  0.3632344E+01
Si  0.9389082E+01  0.2576887E+01  0.5867871E+01
Si  0.9680023E+01  0.2127757E+02  0.3906081E+01
Si  0.1080023E+02  0.9411536E+01  0.1012115E+02
Si  0.1158466E+02  0.8381952E+01  0.7971815E+01
Si  0.1720998E+02  0.6244013E+01  0.1358338E+02
Si  0.1639924E+02  0.3975559E+01  0.1033584E+02
Si  0.1908401E+02  0.1706558E+02  0.6920557E+01
Si  0.1774132E+02  0.8342374E+01  0.1253295E+02
Si  0.1776940E+02  0.1019691E+02  0.9798014E+01
Si  0.2821083E+02  0.7664653E+01  0.1008894E+02
Si  0.1261723E+02  0.1312072E+02  0.1332492E+02
Si  0.2870482E+02  0.1615758E+02  0.1251277E+02
Si  0.1704753E+02  0.1875402E+02  0.1055937E+02
Si  0.6490097E+02  0.9504377E+01  0.4683478E+01
Si  0.2736791E+01  0.1254534E+02  0.4697893E+01
Si  0.2444789E+01  0.9552722E+01  0.7266887E+01
Si  0.6513501E+02  0.1241344E+02  0.7602435E+01
Si  0.1127161E+01  0.1096484E+02  0.5884048E+01
Si  0.3677537E+01  0.1416663E+02  0.5997684E+01
Si  0.4005046E+01  0.1093639E+02  0.8404361E+01
Si  0.1418402E+01  0.1392188E+02  0.8943988E+01
Si  0.5313204E+01  0.9177106E+01  0.4679570E+01
Si  0.7406964E+01  0.1215986E+02  0.4430568E+01
Si  0.8183134E+01  0.9261789E+01  0.7163989E+01
Si  0.5249960E+01  0.1248264E+02  0.7000007E+01
Si  0.6585627E+01  0.1060065E+02  0.5967441E+01
Si  0.8035215E+01  0.1507506E+02  0.7128140E+01
Si  0.9339634E+01  0.1083770E+02  0.8613632E+01
Si  0.6761464E+01  0.1340229E+02  0.8538234E+01
Si  0.1057114E+02  0.1010874E+02  0.5252902E+01
Si  0.1585235E+02  0.2022118E+02  0.3407587E+01
Si  0.1615978E+02  0.1145374E+02  0.8501797E+01
Si  0.2100784E+02  0.1435194E+02  0.4879503E+01
Si  0.1419609E+02  0.1173260E+02  0.9826328E+01
Si  0.1297893E+02  0.1157781E+02  0.7768467E+01
Si  0.1751757E+02  0.1389205E+02  0.6894998E+01
Si  0.1470381E+02  0.1396649E+02  0.1779689E+02
Si  0.2582572E+02  0.7506088E+01  0.8049112E+01
Si  0.1936183E+02  0.1953948E+02  0.1150275E+02
Si  0.2670628E+02  0.6427797E+01  0.4170450E+01
Si  0.2402749E+02  0.1790883E+02  0.1314760E+02
Si  0.1963246E+02  0.1685938E+02  0.2090329E+01
Si  0.2564250E+02  0.7537322E+01  0.1694092E+02
Si  0.1885977E+02  0.1296655E+02  0.2111583E+02
Si  0.2001756E+02  0.1611266E+02  0.2044606E+02
Si  0.6485087E+02  0.1487649E+02  0.4898597E+01
Si  0.2725884E+01  0.1772228E+02  0.5027970E+01
Si  0.2621419E+01  0.1521885E+02  0.7529798E+01
Si  0.6505715E+02  0.1769479E+02  0.7699743E+01
Si  0.1226563E+01  0.1632916E+02  0.6290621E+01
Si  0.3947290E+01  0.1907145E+02  0.6382713E+01
Si  0.4008721E+01  0.1641908E+02  0.8815175E+01
Si  0.1232355E+01  0.1916457E+02  0.9211616E+01
Si  0.5461472E+01  0.1519664E+02  0.4825904E+01
Si  0.9356259E+01  0.1647831E+02  0.3066352E+01
Si  0.9603770E+01  0.1609390E+02  0.8851194E+01
Si  0.5623122E+01  0.1762560E+02  0.7619584E+01
Si  0.6848393E+01  0.1659298E+02  0.5959075E+01
Si  0.8147646E+01  0.1773429E+02  0.4557233E+01
Si  0.8331555E+01  0.1774703E+02  0.1022096E+02
Si  0.6797462E+01  0.1913706E+02  0.8874790E+01
Si  0.1442046E+02  0.1712206E+02  0.3905236E+01
Si  0.1289253E+02  0.2129351E+02  0.7429073E+01
Si  0.1625538E+02  0.2064245E+02  0.7173693E+01
Si  0.1018094E+02  0.1442103E+02  0.3955159E+01
Si  0.1345180E+02  0.1862960E+02  0.5399028E+01
Si  0.1300849E+02  0.2081206E+02  0.2045511E+02
Si  0.2730961E+02  0.2921788E+01  0.2545570E+00
Si  0.1303141E+02  0.1130079E+01  0.1433359E+02
Si  0.1376692E+02  0.7693616E+01  0.2052770E+01
Si  0.2138820E+02  0.1787157E+02  0.3565956E+01
Si  0.1679862E+02  0.6734712E+01  0.6812600E+01
Si  0.1981755E+02  0.1135290E+02  0.1287509E+02
Si  0.2376686E+02  0.1868202E+02  0.3798224E+01
Si  0.1058282E+02  0.1196420E+02  0.6878278E+01
Si  0.1162073E+02  0.1668423E+02  0.7274918E+01
Si  0.9699461E+01  0.1316717E+00  0.8759801E+01
Si  0.6484661E+02  0.2043394E+02  0.1045809E+02
Si  0.2599058E+01  0.1531173E+01  0.1022539E+02
Si  0.2577548E+01  0.2052448E+02  0.1296692E+02
Si  0.1420749E+00  0.1387928E+01  0.1317589E+02
Si  0.1221008E+01  0.1507896E+00  0.1160177E+02
Si  0.4108194E+01  0.2603478E+01  0.1147915E+02
Si  0.3956557E+01  0.1196953E+00  0.1438649E+02
Si  0.1371645E+01  0.3032784E+01  0.1436373E+02
Si  0.5416625E+01  0.2022646E+02  0.1038245E+02
Si  0.8389484E+01  0.1844047E+01  0.1021168E+02
Si  0.8443445E+01  0.2051291E+02  0.1282517E+02
Si  0.5365521E+01  0.1017978E+01  0.1281509E+02
Si  0.7100823E+01  0.8212421E-01  0.1126186E+02
Si  0.1405254E+02  0.9005578E+00  0.2656543E+01
Si  0.9755580E+01  0.2920054E+00  0.1429322E+02
Si  0.6824830E+01  0.2701662E+01  0.1381131E+02
Si  0.1181143E+02  0.2142296E+02  0.9876434E+01
Si  0.2116320E+02  0.2963235E+01  0.1822700E+02
Si  0.1641799E+02  0.1188586E+02  0.1792892E+02
Si  0.1448061E+02  0.2009765E+02  0.1758686E+02
Si  0.1104142E+02  0.1714663E+02  0.1262832E+02
Si  0.1931558E+02  0.6263584E+01  0.7449360E+01
Si  0.1280689E+02  0.6690471E+00  0.1191197E+02
Si  0.1771658E+02  0.1859795E+02  0.1294356E+02
Si  0.2797361E+02  0.2090333E+02  0.1370006E+02
Si  0.2204062E+02  0.1889385E+02  0.1945235E+02
Si  0.1570425E+02  0.1888754E+01  0.4012383E+01
Si  0.1814544E+02  0.9170050E+01  0.4309741E+01
Si  0.2072839E+02  0.1259119E+02  0.1088790E+01
Si  0.2187347E+02  0.5301240E+01  0.4087805E+01
Si  0.2182285E+02  0.2116205E+02  0.1481147E+02
Si  0.1260439E+02  0.1055441E+02  0.1130594E+02
Si  0.8326511E-01  0.4364492E+01  0.1030077E+02
Si  0.2413831E+01  0.6842688E+01  0.1002188E+02
Si  0.2742502E+01  0.4296162E+01  0.1282160E+02
Si  0.6508071E+02  0.6897675E+01  0.1302925E+02
Si  0.1286921E+01  0.5648158E+01  0.1161189E+02
Si  0.3906654E+01  0.8368447E+01  0.1121121E+02
Si  0.4247402E+01  0.5402142E+01  0.1427252E+02
Si  0.1480160E+01  0.8216708E+01  0.1410195E+02
Si  0.5356009E+01  0.4128604E+01  0.9987625E+01
Si  0.8441367E+01  0.6326273E+01  0.1030102E+02
Si  0.8078254E+01  0.4249928E+01  0.1262506E+02
Si  0.5151673E+01  0.7222916E+01  0.1284875E+02
Si  0.6489155E+01  0.5591157E+01  0.1144687E+02
Si  0.9439606E+01  0.8042020E+01  0.1178337E+02
Si  0.8982881E+01  0.5789774E+01  0.1433512E+02
Si  0.6526282E+01  0.8530211E+01  0.1410334E+02
Si  0.9450651E+01  0.2131835E+01  0.1241368E+02
Si  0.1343665E+02  0.7375005E+01  0.1106421E+02
Si  0.1361619E+02  0.1294841E+01  0.8891147E+01
Si  0.1079418E+02  0.7181942E+01  0.1363408E+02
Si  0.1505548E+02  0.2952494E+01  0.7697670E+01
Si  0.2154243E+02  0.1014866E+02  0.1414962E+01
Si  0.1087635E+02  0.9185280E+01  0.1505285E+02
Si  0.1265459E+02  0.8847049E+01  0.1639094E+02
Si  0.1134598E+02  0.2069927E+02  0.6893919E+00
Si  0.1639733E+02  0.7993080E+01  0.1667845E+01
Si  0.3317684E+02  0.6735259E+00  0.1462723E+02
Si  0.1120036E+02  0.1436276E+02  0.9774200E+01
Si  0.2722301E+02  0.1517322E+02  0.1509126E+02
Si  0.1460709E+02  0.8998651E+01  0.2914406E-01
Si  0.1190765E+02  0.6130315E+01  0.8329856E+01
Si  0.1503454E+02  0.6883903E+01  0.5212663E+01
Si  0.6493634E+02  0.9611238E+01  0.1012501E+02
Si  0.2717412E+01  0.1217243E+02  0.9990849E+01
Si  0.2630225E+01  0.9624012E+01  0.1267648E+02
Si  0.1900747E+00  0.1211540E+02  0.1279075E+02
Si  0.1310686E+01  0.1079071E+02  0.1117046E+02
Si  0.3915872E+01  0.1386707E+02  0.1149098E+02
Si  0.3976425E+01  0.1098740E+02  0.1420910E+02
Si  0.1390007E+01  0.1329546E+02  0.1435137E+02
Si  0.5506227E+01  0.9805799E+01  0.9841448E+01
Si  0.8195256E+01  0.1217834E+02  0.1016789E+02
Si  0.7944955E+01  0.9674170E+01  0.1286540E+02
Si  0.5429935E+01  0.1234900E+02  0.1288948E+02
Si  0.6878229E+01  0.1096362E+02  0.1160249E+02
Si  0.9700263E+01  0.1346084E+02  0.1146810E+02
Si  0.9683255E+01  0.1085309E+02  0.1402328E+02
Si  0.6825235E+01  0.1354419E+02  0.1418781E+02
Si  0.2194199E+02  0.5434314E+01  0.1444516E+02
Si  0.1656945E+02  0.1386818E+02  0.8867275E+01
Si  0.1786919E+02  0.1964259E+02  0.1906176E+02
Si  0.1374806E+02  0.1140508E+02  0.1496429E+02
Si  0.1880184E+02  0.1127557E+02  0.3692246E+01
Si  0.2242610E+02  0.1595387E+02  0.8733862E+01
Si  0.1294546E+02  0.5580736E+01  0.1085662E+01
Si  0.1379088E+02  0.2056855E+02  0.1321590E+02
Si  0.1791484E+02  0.3939293E+01  0.1209880E+00
Si  0.1798536E+02  0.1628958E+02  0.1133714E+00
Si  0.2401167E+02  0.1276772E+02  0.7757825E+01
Si  0.1193105E+02  0.3130233E+01  0.1557873E+02
Si  0.3667584E+02  0.5899531E+01  0.1188319E+02
Si  0.3537528E+02  0.9064157E+01  0.8808834E+01
Si  0.4141859E+02  0.2007923E+02  0.1829625E+02
Si  0.1428285E+02  0.1137781E+02  0.5704622E+00
Si  0.6507718E+02  0.1518698E+02  0.1043755E+02
Si  0.2733739E+01  0.1759591E+02  0.1027046E+02
Si  0.2391647E+01  0.1499586E+02  0.1312519E+02
Si  0.6500651E+02  0.1772069E+02  0.1334178E+02
Si  0.1340196E+01  0.1669279E+02  0.1179340E+02
Si  0.3949634E+01  0.1896149E+02  0.1167614E+02
Si  0.3952590E+01  0.1601922E+02  0.1432732E+02
Si  0.1255167E+01  0.1919768E+02  0.1448155E+02
Si  0.5636027E+01  0.1501077E+02  0.1019005E+02
Si  0.1166395E+02  0.1668519E+02  0.1029181E+02
Si  0.8331080E+01  0.1471287E+02  0.1274992E+02
Si  0.5254317E+01  0.1759104E+02  0.1315557E+02
Si  0.7021297E+01  0.1657697E+02  0.1185443E+02
Si  0.1434485E+02  0.1797215E+02  0.1564082E+02
Si  0.9591698E+01  0.1624701E+02  0.1421348E+02
Si  0.6988345E+01  0.1916063E+02  0.1433476E+02
Si  0.1428424E+02  0.6619907E+01  0.8990527E+01
Si  0.1953727E+02  0.1245987E+02  0.1569838E+02
Si  0.1229294E+02  0.1511515E+02  0.5561028E+01
Si  0.1199086E+02  0.1665199E+02  0.1731289E+02
Si  0.9830541E+01  0.1903450E+02  0.1149371E+02
Si  0.2107915E+02  0.1031443E+01  0.1987748E+02
Si  0.2196132E+02  0.6356796E+01  0.9013327E+01
Si  0.1643966E+02  0.1649535E+02  0.1558128E+02
Si  0.1116321E+02  0.1776831E+02  0.2291244E+01
Si  0.2063809E+02  0.8280038E+01  0.1969679E+02
Si  0.1597718E+02  0.1996212E+02  0.1427330E+02
Si  0.2540944E+02  0.8558358E+01  0.4878682E+01
Si  0.1447177E+02  0.1462994E+02  0.1263828E+02
Si  0.2591964E+02  0.5885996E+01  0.9758865E-01
Si  0.2862989E+02  0.4535458E+00  0.7156411E+01
Si  0.2306046E+02  0.8478320E+00  0.1634672E+02
Si  0.6503683E+02  0.2044609E+02  0.1587628E+02
Si  0.2563629E+01  0.1352742E+01  0.1556623E+02
Si  0.2484436E+01  0.2019422E+02  0.1844621E+02
Si  0.6508389E+02  0.1465109E+01  0.1843497E+02
Si  0.1203807E+01  0.2158689E+02  0.1725712E+02
Si  0.4037025E+01  0.2835031E+01  0.1688006E+02
Si  0.3992473E+01  0.2157495E+02  0.1952873E+02
Si  0.1506482E+01  0.2861682E+01  0.1961281E+02
Si  0.5376704E+01  0.2030504E+02  0.1552748E+02
Si  0.8201747E+01  0.1658544E+01  0.1541262E+02
Si  0.7041446E+01  0.2077204E+02  0.1888272E+02
Si  0.5378970E+01  0.1348699E+01  0.1826294E+02
Si  0.6739947E+01  0.2966400E+00  0.1666306E+02
Si  0.1271501E+02  0.5355329E+01  0.1881644E+02
Si  0.8726418E+01  0.3156854E+01  0.1719952E+02
Si  0.6734715E+01  0.2347019E+01  0.1981474E+02
Si  0.1754191E+02  0.1996027E+02  0.1628040E+02
Si  0.1999776E+02  0.2048788E+02  0.1717705E+02
Si  0.1305270E+02  0.2044442E+02  0.2380151E+01
Si  0.1665445E+02  0.7062270E+00  0.1925683E+02
Si  0.1201515E+02  0.1963207E+02  0.1708236E+02
Si  0.1800455E+02  0.1929419E+02  0.2716937E+01
Si  0.2665676E+02  0.2105866E+02  0.2124841E+02
Si  0.1292307E+02  0.1145395E+02  0.1872076E+02
Si  0.1937851E+02  0.2098729E+02  0.4048314E+01
Si  0.1787513E+02  0.6368106E+01  0.4184916E+00
Si  0.2564536E+02  0.5875949E+01  0.6314774E+01
Si  0.2291324E+02  0.2130370E+02  0.1955699E+02
Si  0.1430655E+02  0.1555433E+02  0.1494098E+02
Si  0.3144043E+02  0.9717275E+01  0.1378006E+02
Si  0.1665401E+02  0.1679474E+02  0.6489710E+01
Si  0.2026451E+02  0.7046355E+00  0.1305535E+01
Si  0.6505678E+02  0.4403317E+01  0.1585379E+02
Si  0.2803445E+01  0.6896283E+01  0.1552612E+02
Si  0.2579614E+01  0.4059996E+01  0.1823605E+02
Si  0.1469503E+00  0.6917001E+01  0.1877751E+02
Si  0.1337746E+01  0.5746323E+01  0.1708528E+02
Si  0.4180683E+01  0.8122042E+01  0.1698356E+02
Si  0.3969227E+01  0.5474747E+01  0.1963481E+02
Si  0.1607072E+01  0.8514229E+01  0.1966243E+02
Si  0.5503974E+01  0.3650223E+01  0.1518186E+02
Si  0.7770970E+01  0.7332141E+01  0.1557594E+02
Si  0.7412499E+01  0.4244085E+01  0.1856651E+02
Si  0.5499294E+01  0.6626053E+01  0.1834378E+02
Si  0.6617542E+01  0.5350368E+01  0.1644085E+02
Si  0.9393867E+01  0.8344657E+01  0.1684289E+02
Si  0.9521121E+01  0.5447482E+01  0.1942339E+02
Si  0.6884516E+01  0.8182222E+01  0.1971425E+02
Si  0.1288138E+02  0.6360059E+01  0.1334414E+02
Si  0.1796013E+02  0.1121302E+02  0.1958262E+02
Si  0.1690809E+02  0.1978997E+01  0.8982665E+01
Si  0.1018126E+02  0.4576010E+01  0.1606440E+02
Si  0.1502866E+02  0.2175385E+01  0.1623330E+02
Si  0.1431068E+02  0.1026214E+02  0.4554621E+01
Si  0.1489742E+02  0.2463047E+01  0.1328632E+02
Si  0.1083848E+02  0.6396621E+01  0.1753382E+02
Si  0.2809710E+02  0.6911875E+01  0.1672637E+02
Si  0.3143253E+02  0.1832071E+02  0.1039497E+02
Si  0.2229458E+02  0.3534189E+01  0.2107186E+01
Si  0.2008534E+02  0.1025776E+02  0.1076748E+02
Si  0.1872062E+02  0.1716204E+01  0.2618061E+01
Si  0.1612928E+02  0.1148521E+02  0.1382191E+02
Si  0.1870473E+02  0.5300188E+01  0.5018314E+01
Si  0.2540645E+02  0.1424422E+02  0.1280613E+02
Si  0.2490847E-01  0.9562688E+01  0.1558403E+02
Si  0.2867654E+01  0.1226452E+02  0.1553419E+02
Si  0.2934504E+01  0.9788767E+01  0.1819028E+02
Si  0.5492221E-02  0.1216235E+02  0.1819261E+02
Si  0.1336930E+01  0.1093543E+02  0.1676029E+02
Si  0.3981854E+01  0.1359872E+02  0.1696270E+02
Si  0.4156779E+01  0.1115161E+02  0.1973142E+02
Si  0.1255245E+01  0.1334784E+02  0.1976924E+02
Si  0.5284097E+01  0.9916165E+01  0.1561036E+02
Si  0.8435961E+01  0.1234760E+02  0.1542482E+02
Si  0.8056987E+01  0.9470021E+01  0.1849349E+02
Si  0.5624527E+01  0.1236328E+02  0.1823134E+02
Si  0.6959037E+01  0.1095212E+02  0.1689397E+02
Si  0.9892656E+01  0.1382508E+02  0.1671956E+02
Si  0.9612865E+01  0.1056162E+02  0.1978213E+02
Si  0.6909954E+01  0.1337760E+02  0.1963893E+02
Si  0.1456277E+02  0.9091213E+01  0.1228531E+02
Si  0.1445250E+02  0.9037240E+01  0.1450742E+02
Si  0.1959233E+02  0.1421232E+01  0.1126808E+02
Si  0.1067720E+02  0.1246312E+02  0.1870446E+02
Si  0.1293099E+02  0.9415691E+01  0.2013718E+02
Si  0.1240909E+02  0.4330433E+01  0.2085701E+02
Si  0.1574730E+02  0.8586732E+01  0.1794073E+02
Si  0.1656784E+02  0.1726019E+02  0.1908228E+01
Si  0.1149485E+02  0.1395076E+00  0.1598309E+02
Si  0.1838960E+02  0.1430909E+02  0.1677519E+02
Si  0.2451937E+02  0.2047893E+01  0.1491550E+02
Si  0.2615313E+02  0.1190964E+02  0.1040184E+02
Si  0.1938355E+02  0.8029075E+01  0.1568571E+02
Si  0.2328218E+02  0.1476991E+02  0.1181491E+02
Si  0.2873692E+02  0.3439919E+01  0.1605538E+02
Si  0.1758182E+02  0.1113341E+02  0.1563408E+02
Si  0.6512851E+02  0.1483952E+02  0.1559593E+02
Si  0.2605626E+01  0.1778489E+02  0.1578715E+02
Si  0.2664953E+01  0.1480004E+02  0.1842527E+02
Si  0.6495824E+02  0.1732172E+02  0.1837584E+02
Si  0.1319787E+01  0.1627854E+02  0.1716373E+02
Si  0.4164315E+01  0.1914448E+02  0.1700676E+02
Si  0.4127826E+01  0.1634412E+02  0.1981839E+02
Si  0.1219273E+01  0.1878300E+02  0.1969380E+02
Si  0.5444095E+01  0.1475068E+02  0.1594739E+02
Si  0.8422899E+01  0.1796492E+02  0.1573814E+02
Si  0.8353616E+01  0.1474579E+02  0.1836745E+02
Si  0.5284417E+01  0.1745209E+02  0.1820454E+02
Si  0.6999057E+01  0.1641557E+02  0.1707536E+02
Si  0.1092734E+02  0.1794255E+02  0.1552837E+02
Si  0.9438682E+01  0.1600603E+02  0.2027177E+02
Si  0.6643108E+01  0.1854870E+02  0.1951257E+02
Si  0.1098830E+02  0.1431771E+02  0.1466269E+02
Si  0.1425757E+02  0.1567421E+02  0.1937324E+02
Si  0.1387456E+02  0.1260550E+02  0.2028063E+02
Si  0.1051172E+02  0.1740186E+02  0.1879083E+02
Si  0.1624842E+02  0.1368503E+02  0.1963455E+02
Si  0.1666513E+02  0.1381361E+02  0.1323954E+02
Si  0.2335276E+02  0.1639836E+02  0.2771216E+01
Si  0.1289602E+02  0.1344483E+01  0.1958550E+02
Si  0.1083129E+02  0.1171843E+02  0.1237525E+02
Si  0.1787090E+02  0.2150574E+02  0.1144991E+02
Si  0.2184738E+02  0.8919233E+01  0.4277396E+01
Si  0.1242461E+02  0.1563868E+02  0.3182575E+01
Si  0.2135169E+02  0.1102801E+02  0.2079426E+02
Si  0.1890226E+02  0.1783159E+02  0.1781790E+02
Si  0.2373848E+02  0.1279614E+02  0.1136520E+01
Si  0.2022610E+02  0.4104468E+01  0.1991330E+02
Si  0.3815871E+02  0.5744216E+00  0.5394283E+01
Si  0.2836266E+02  0.3777844E+01  0.1260519E+02
Si  0.1960513E+02  0.1486207E+02  0.6947144E+01
Si  0.2904785E+02  0.6300794E+01  0.4834034E+01
Si  0.3242305E+02  0.2118663E+02  0.1716908E+01
Si  0.3854750E+02  0.1127942E+02  0.1083218E+02
Si  0.5191855E+02  0.6662730E+01  0.1657729E+02
Si  0.3453743E+02  0.1977412E+01  0.9574444E+01
Si  0.2909124E+02  0.4429575E+01  0.3181823E+01
Si  0.2807835E+02  0.1624683E+02  0.4319438E+01
Si  0.1588637E+02  0.1042958E+00  0.1585878E+02
Si  0.3905736E+02  0.4236702E+01  0.1664624E+02
Si  0.2949031E+02  0.1070915E+02  0.1514559E+02
Si  0.3632001E+02  0.1899433E+02  0.2171212E+02
Si  0.3695166E+02  0.4315393E+01  0.1361210E+02
Si  0.2888623E+02  0.1457349E+02  0.1635245E+01
Si  0.3125796E+02  0.1678468E+02  0.5754588E+01
Si  0.3373326E+02  0.1832825E+02  0.9401213E+01
Si  0.4090714E+02  0.1909762E+02  0.1334111E+02
Si  0.1836600E+02  0.1786949E+02  0.1534601E+02
Si  0.2937501E+02  0.1387437E+02  0.2104953E+02
Si  0.3283414E+02  0.1054097E+02  0.9948911E+00
Si  0.2661583E+02  0.9719533E+01  0.7817339E+01
Si  0.2327936E+02  0.1439154E+02  0.4164580E+01
Si  0.4920284E+02  0.1226008E+02  0.1363561E+02
Si  0.1357095E+02  0.6668848E+01  0.1621720E+02
Si  0.3729377E+02  0.1544894E+02  0.1458710E+02
Si  0.3382953E+02  0.1598153E+01  0.7198627E+01
Si  0.3139527E+02  0.1373938E+02  0.1800475E+02
Si  0.3394379E+02  0.2003997E+02  0.1550179E+02
Si  0.3654029E+02  0.5864375E+01  0.7624400E+01
Si  0.3798576E+02  0.1175885E+02  0.1605205E+02
Si  0.3205049E+02  0.8415566E+01  0.2265121E+01
Si  0.3983719E+02  0.1308847E+02  0.1746122E+02
Si  0.2511311E+02  0.2017682E+02  0.8802332E+01
Si  0.2971137E+02  0.1300714E+02  0.1411957E+02
Si  0.4384419E+02  0.1970455E+02  0.1211191E+02
Si  0.2338604E+02  0.1927873E+02  0.1625775E+02
Si  0.3600728E+02  0.2892802E+01  0.6549787E+01
Si  0.3819227E+02  0.5725813E+01  0.1484714E+02
Si  0.4055104E+02  0.3777711E+01  0.1041535E+02
Si  0.4498344E+02  0.4627522E+01  0.1857557E+02
Si  0.2411510E+02  0.2162947E+02  0.2157858E+02
Si  0.3395456E+02  0.3572413E+01  0.2899275E+01
Si  0.3987305E+02  0.1765110E+02  0.7932053E+01
Si  0.2837670E+02  0.5224586E+01  0.1053022E+02
Si  0.2373863E+02  0.5005548E+01  0.1154967E+02
Si  0.2531018E+02  0.5521185E+01  0.9552907E+01
Si  0.3100686E+02  0.1402933E+00  0.7617911E+01
Si  0.4583945E+02  0.4219711E+01  0.2077384E+02
Si  0.3935703E+02  0.1652381E+02  0.1295059E+01
Si  0.1363201E+02  0.7858926E+01  0.1846724E+02
Si  0.4865860E+02  0.1446490E+02  0.5531519E+01
Si  0.2997674E+02  0.1741210E+02  0.3781860E+01
Si  0.4122943E+02  0.1341040E+02  0.1387998E+02
Si  0.3321613E+02  0.1359628E+01  0.3301853E+01
Si  0.3605528E+02  0.2169322E+02  0.1746498E+02
Si  0.4094238E+02  0.2160609E+02  0.8670995E+01
Si  0.2616793E+02  0.1719670E+02  0.1392596E+02
Si  0.3222775E+02  0.1077388E+02  0.9197585E+01
Si  0.2462022E+02  0.1368584E+02  0.1482375E+02
Si  0.4486070E+02  0.1197362E+02  0.1182937E+02
Si  0.1704500E+02  0.3438020E+01  0.1539805E+02
Si  0.3077430E+02  0.1444554E+02  0.1558422E+02
Si  0.2985943E+02  0.1094612E+02  0.9054206E+01
Si  0.2233435E+02  0.2163769E+02  0.4807360E+01
Si  0.1877388E+02  0.9620984E+01  0.1412908E+02
Si  0.2357010E+02  0.1509380E+02  0.6820811E+01
Si  0.2457911E+02  0.1396141E+02  0.1820172E+02
Si  0.2370163E+02  0.7192732E+01  0.3928328E+01
Si  0.4100970E+02  0.1781565E+02  0.1936033E+02
Si  0.3003928E+02  0.1090264E+02  0.6088857E+01
Si  0.3757308E+02  0.1226229E+02  0.8913209E+01
Si  0.3103711E+02  0.1444111E+02  0.4626321E+01
Si  0.3105676E+02  0.1504406E+01  0.1267495E+01
Si  0.2197825E+02  0.4527006E+01  0.2147996E+02
Si  0.2770775E+02  0.9374149E+01  0.3593077E+01
Si  0.3928819E+02  0.9458778E+01  0.7312840E+01
Si  0.4128801E+02  0.9173259E+01  0.1427778E+02
Si  0.3896201E+02  0.2058568E+02  0.8082686E+01
Si  0.3073496E+02  0.1636412E+02  0.1810236E+02
Si  0.3131542E+02  0.3450434E+01  0.6497330E+01
Si  0.2835189E+02  0.1114991E+02  0.1101729E+02
Si  0.3130224E+02  0.4446760E+01  0.2077702E+02
Si  0.3200114E+02  0.4263202E+01  0.1875255E+02
Si  0.3138184E+02  0.2205190E+01  0.1504568E+02
Si  0.3040173E+02  0.1819033E+02  0.8112962E+01
Si  0.3408710E+02  0.2116715E+02  0.1274954E+02
Si  0.1854892E+02  0.7341661E+01  0.1042691E+02
Si  0.3559750E+02  0.7363728E+01  0.1470997E+01
Si  0.3772332E+02  0.2540904E+01  0.3085651E+01
Si  0.3007013E+02  0.2861834E+01  0.1107010E+02
Si  0.3973769E+02  0.1913054E+02  0.1704144E+01
Si  0.4513369E+02  0.1787488E+02  0.1114589E+02
Si  0.4177888E+02  0.1232039E+02  0.1001353E+02
Si  0.1537521E+02  0.4772318E+01  0.1431202E+02
Si  0.2416685E+02  0.2118438E+02  0.6554412E+01
Si  0.2642579E+02  0.1143368E+00  0.1904721E+02
Si  0.2695340E+02  0.1518930E+02  0.1104314E+02
Si  0.2167272E+02  0.1231368E+02  0.1404716E+02
Si  0.3201770E+02  0.1884031E+02  0.2782222E+01
Si  0.2535167E+02  0.9849313E+01  0.1759640E+02
Si  0.2573819E+02  0.1806935E+02  0.1946639E+02
Si  0.1810458E+02  0.9235440E+01  0.1727925E+02
Si  0.3887333E+02  0.1368561E+02  0.1457792E+02
Si  0.2850555E+02  0.8355333E+00  0.2131933E+02
Si  0.4785675E+02  0.5201411E+01  0.1635862E+02
Si  0.4440311E+02  0.9580957E+01  0.1143360E+02
Si  0.4420057E+02  0.1198816E+02  0.3186028E+01
Si  0.3250999E+02  0.1199313E+02  0.1215036E+02
Si  0.2724980E+02  0.1150591E+02  0.4721055E+01
Si  0.4259605E+02  0.1874614E+01  0.2044746E+02
Si  0.2393428E+02  0.6850684E+01  0.1489194E+01
Si  0.2712858E+02  0.4517655E+01  0.1744339E+02
Si  0.3759452E+02  0.1440194E+02  0.9920899E+01
Si  0.2239544E+02  0.4624736E+00  0.2433971E+01
Si  0.3990929E+02  0.1539514E+02  0.4235679E+01
Si  0.2766232E+02  0.1383926E+02  0.3663363E+01
Si  0.4817244E+02  0.1655405E+02  0.9453298E+01
Si  0.4301374E+02  0.1544285E+01  0.1136118E+01
Si  0.3171451E+02  0.1359493E+02  0.2139829E+02
Si  0.4049222E+02  0.3508036E+01  0.1478386E+02
Si  0.1436082E+02  0.1119034E+02  0.1728743E+02
Si  0.3723442E+02  0.1625995E+02  0.3750829E+01
Si  0.2326791E+02  0.3126464E+01  0.1306624E+02
Si  0.2875229E+02  0.8942848E+01  0.8189889E+01
Si  0.2963921E+02  0.4954521E+00  0.1710642E+02
Si  0.2376893E+02  0.3920599E+01  0.3894947E+01
Si  0.1119866E+02  0.1875356E+02  0.6369394E+01
Si  0.4426840E+02  0.1519547E+02  0.1344863E+02
Si  0.2995507E+02  0.1585474E+02  0.8041137E+01
Si  0.2900967E+02  0.3898169E+01  0.2046644E+02
Si  0.3252256E+02  0.1032970E+02  0.6822946E+01
Si  0.3852139E+02  0.2414246E+01  0.1387985E+02
Si  0.5480013E+02  0.1792894E+02  0.1252061E+02
Si  0.1342354E+02  0.1379050E+02  0.1038721E+02
Si  0.2164400E+02  0.1785596E+01  0.8917703E+01
Si  0.3872753E+02  0.1880753E+02  0.2145812E+02
Si  0.2149354E+02  0.6246374E+01  0.1837026E+02
Si  0.3173360E+02  0.1277827E+02  0.6536340E+01
Si  0.1532459E+02  0.8598235E+01  0.7913535E+01
Si  0.4329250E+02  0.2113669E+02  0.6346914E+01
Si  0.3444798E+02  0.4268787E+01  0.1836739E+02
Si  0.3213748E+02  0.2083190E+02  0.5543068E+01
Si  0.2597351E+02  0.2453698E+01  0.2290628E+01
Si  0.4494399E+02  0.1553659E+02  0.2701975E+01
Si  0.2705892E+02  0.1291929E+02  0.1441838E+02
Si  0.3725405E+02  0.1870090E+02  0.1524314E+02
Si  0.1875004E+02  0.2329947E+01  0.1663986E+02
Si  0.3677435E+02  0.1375267E+01  0.2169406E+02
Si  0.3307550E+02  0.1662787E+02  0.1385899E+02
Si  0.3015977E+02  0.6578171E+01  0.2103442E+02
Si  0.1577467E+02  0.2014394E+02  0.2022569E+02
Si  0.4258071E+02  0.2423979E+01  0.1578951E+02
Si  0.1359831E+02  0.1327723E+02  0.6354342E+01
Si  0.3489140E+02  0.1706924E+02  0.1720027E+02
Si  0.3304101E+02  0.1242465E+02  0.1658539E+02
Si  0.2663133E+02  0.2852990E+01  0.1097140E+02
Si  0.3943447E+02  0.9589967E+01  0.1582409E+02
Si  0.3594796E+02  0.1351582E+02  0.1482522E+02
Si  0.3241579E+02  0.1867016E+02  0.6909638E+01
Si  0.2697449E+02  0.4105426E+01  0.8782845E+01
Si  0.2542701E+02  0.1182712E+02  0.1923858E+02
Si  0.2583531E+02  0.3427724E+01  0.6656383E+01
Si  0.5040896E+02  0.1708111E+02  0.8580320E+00
Si  0.3558628E+02  0.1290927E+02  0.1956481E+01
Si  0.3156596E+02  0.6848616E+01  0.8910242E+01
Si  0.3357936E+02  0.1536135E+02  0.1061151E+02
Si  0.4385145E+02  0.1415015E+02  0.4416185E+01
Si  0.3337798E+02  0.4094281E+01  0.7576328E+01
Si  0.3715285E+02  0.1842449E+02  0.1042819E+02
Si  0.2784676E+02  0.2077410E+02  0.1758401E+02
Si  0.3284996E+02  0.6230569E+01  0.6389644E+01
Si  0.2786705E+02  0.1862297E+02  0.7686550E+01
Si  0.3674339E+02  0.7262485E+01  0.9675354E+01
Si  0.4295195E+02  0.1476163E+02  0.1911529E+02
Si  0.2432091E+02  0.2124802E+02  0.1762840E+02
Si  0.1972810E+02  0.2213786E+01  0.1344180E+02
Si  0.3887479E+02  0.2178361E+01  0.1809452E+02
Si  0.3404979E+02  0.1096830E+02  0.1805230E+02
Si  0.3403401E+02  0.1787623E+02  0.4001090E+00
Si  0.2840829E+02  0.7447883E+01  0.1925883E+02
Si  0.1471555E+02  0.2053575E+02  0.9074302E+01
Si  0.3577895E+02  0.2387979E+01  0.4363262E+01
Si  0.4175340E+02  0.1981955E+02  0.2882995E+01
Si  0.2028071E+02  0.4867245E+01  0.2226034E+01
Si  0.2332542E+02  0.7136095E+01  0.1450191E+02
Si  0.1666445E+02  0.1431131E+02  0.1174112E+01
Si  0.4734779E+02  0.1051952E+01  0.5002021E+01
Si  0.2600475E+02  0.9187172E+01  0.1361451E+02
Si  0.3387320E+02  0.1446417E+02  0.1450944E+02
Si  0.1675307E+02  0.6448297E+01  0.1729878E+02
Si  0.3647831E+02  0.5122760E+00  0.7118089E+01
Si  0.2240895E+02  0.1619386E+02  0.1327074E+02
Si  0.4930104E+02  0.6686505E+01  0.1790279E+02
Si  0.2619400E+02  0.1753039E+02  0.1043187E+02
Si  0.2437559E+02  0.3931226E+00  0.1270504E+02
Si  0.2721626E+02  0.1111533E+02  0.2089229E+02
Si  0.3219403E+02  0.1533034E+02  0.1973077E+02
Si  0.3037021E+02  0.4703562E+01  0.9411166E+01
Si  0.3415616E+02  0.1612273E+02  0.5808091E+01
Si  0.4522231E+02  0.1047479E+02  0.4685910E+01
Si  0.2862798E+02  0.2006160E+02  0.5945196E+01
Si  0.4547034E+02  0.1366252E+02  0.8048549E+01
Si  0.2260289E+02  0.1011741E+02  0.1723196E+02
Si  0.4315346E+02  0.1414516E+02  0.9298927E+01
Si  0.2164325E+02  0.1471809E+02  0.1496038E+02
Si  0.3525795E+02  0.2050842E+02  0.1918053E+02
Si  0.5197322E+02  0.3207472E+01  0.3183966E+01
Si  0.4524889E+02  0.1072227E+02  0.1434277E+01
Si  0.2788499E+02  0.1920855E+02  0.2021056E+02
Si  0.3777600E+02  0.1707516E+02  0.1999811E+02
Si  0.2980959E+02  0.5348147E+01  0.1571149E+02
Si  0.3005300E+02  0.5361775E+01  0.1335239E+02
Si  0.2415272E+02  0.1726355E+02  0.1734951E+02
Si  0.2763614E+02  0.1639226E+02  0.1707820E+02
Si  0.2916169E+02  0.1455448E+02  0.1765289E+02
Si  0.4398843E+02  0.4796299E+01  0.1176950E+02
Si  0.3872394E+02  0.8071913E+01  0.1928076E+02
Si  0.3567508E+02  0.1094117E+02  0.1536087E+02
Si  0.2755655E+02  0.1906573E+01  0.5696112E+01
Si  0.3359456E+02  0.9859820E+01  0.1224473E+02
Si  0.2660225E+02  0.9533078E+00  0.1255947E+02
Si  0.2978497E+02  0.8682895E+01  0.1188778E+02
Si  0.1453877E+02  0.7009845E+00  0.1808246E+02
Si  0.3773438E+02  0.4974080E+00  0.8989163E+01
Si  0.1723307E+02  0.1264323E+02  0.5065121E+01
Si  0.2225037E+02  0.6738722E+01  0.1228551E+02
Si  0.2096686E+02  0.3461789E+01  0.5502407E+01
Si  0.2629101E+02  0.1827281E+02  0.1615178E+02
Si  0.4584289E+02  0.7148113E+01  0.5845945E+01
Si  0.2326501E+02  0.4015015E+01  0.1540803E+02
Si  0.2134977E+02  0.1852846E+02  0.1731024E+02
Si  0.2339777E+02  0.8550271E+01  0.8427072E+01
Si  0.4388377E+02  0.1915437E+02  0.1804125E+01
Si  0.2792675E+02  0.1639130E+02  0.6725234E+01
Si  0.2215416E+02  0.1795244E+02  0.1248768E+01
Si  0.2978447E+02  0.1706712E+02  0.1394967E+01
Si  0.2882326E+02  0.7486527E+01  0.1063921E+01
Si  0.2480525E+02  0.2532291E+00  0.4412124E+01
Si  0.2061859E+02  0.5448306E+01  0.1633745E+02
Si  0.4156639E+02  0.8344954E+01  0.9579949E+01
Si  0.4889898E+02  0.8827865E+01  0.1267609E+02
Si  0.3610433E+02  0.1748119E+02  0.1915654E+01
Si  0.1590823E+02  0.5089514E+01  0.8101713E+01
Si  0.3331217E+02  0.4593301E+01  0.1180221E+02
Si  0.2703526E+02  0.5496847E+01  0.1963262E+02
Si  0.3443795E+02  0.2040903E+01  0.2098688E+02
Si  0.1860946E+02  0.1447842E+02  0.1924320E+02
Si  0.3102284E+02  0.1344325E+01  0.1270478E+02
Si  0.3436738E+02  0.1445038E+02  0.1949066E+02
Si  0.3094840E+02  0.1364991E+02  0.2412006E+01
Si  0.3214674E+02  0.4457826E+01  0.1408440E+02
Si  0.4835272E+02  0.1132359E+01  0.1577256E+02
Si  0.3313338E+02  0.5538968E+01  0.4209388E+01
Si  0.3924276E+02  0.7970008E+00  0.1551218E+01
Si  0.2210680E+02  0.1075973E+01  0.1296552E+02
Si  0.3587383E+02  0.2116535E+02  0.7747619E+00
Si  0.2531657E+02  0.1780267E+02  0.8027659E+01
Si  0.4666361E+02  0.7318049E+01  0.1639544E+02
Si  0.3803559E+02  0.1028956E+02  0.3762187E+01
Si  0.3330916E+02  0.1405770E+02  0.1667581E+01
Si  0.2158295E+02  0.4403253E+01  0.1065713E+02
Si  0.2082802E+02  0.1206133E+02  0.1732047E+02
Si  0.3790231E+02  0.7649575E+01  0.6457725E+01
Si  0.3627487E+02  0.2069328E+02  0.1015184E+02
Si  0.2715992E+02  0.2153602E+02  0.8798912E+01
Si  0.3885057E+02  0.1707596E+02  0.1492510E+02
Si  0.3586371E+02  0.1041045E+02  0.1302877E+02
Si  0.2837426E+02  0.2051920E+02  0.2875269E+01
Si  0.3876680E+02  0.2261528E+01  0.1155279E+02
Si  0.2650717E+02  0.2076139E+02  0.1559033E+02
Si  0.2722128E+02  0.2085485E+02  0.1119991E+02
Si  0.4834057E+02  0.6354506E+01  0.1252617E+02
Si  0.2194080E+02  0.1130217E+02  0.3493639E+01
Si  0.4832286E+02  0.8905653E+00  0.1255292E+02
Si  0.3654195E+02  0.1233028E+02  0.2137725E+02
Si  0.4589880E+02  0.2753312E+01  0.9683111E+01
Si  0.4619038E+02  0.9439552E+00  0.1405475E+02
Si  0.4662295E+02  0.2355925E+01  0.3141244E+01
Si  0.3863020E+02  0.2167896E+02  0.1208208E+02
Si  0.4210850E+02  0.1086509E+02  0.2116126E+02
Si  0.2273774E+02  0.2594668E+01  0.2083481E+02
Si  0.2890714E+02  0.1699511E+02  0.1467285E+02
Si  0.1507841E+02  0.1301708E+02  0.2211539E+01
Si  0.2511126E+02  0.1109512E+02  0.2162800E+02
Si  0.2929234E+02  0.1283244E+02  0.7350893E+01
Si  0.3466117E+02  0.6206042E+01  0.2141519E+02
Si  0.1980468E+02  0.1843499E+02  0.2008066E+02
Si  0.4132092E+02  0.7286610E+01  0.7441424E+01
Si  0.2494698E+02  0.1013836E+02  0.9454166E+01
Si  0.2029682E+02  0.1458375E+02  0.2504401E+01
Si  0.5187900E+02  0.5461704E+01  0.1944611E+01
Si  0.3360304E+02  0.9439020E+01  0.2064124E+02
Si  0.3899310E+02  0.1651366E+02  0.1794376E+02
Si  0.3235540E+02  0.1549147E+01  0.5513700E+01
Si  0.2721081E+02  0.9551997E+01  0.1925169E+02
Si  0.1834546E+02  0.7723144E+01  0.2011745E+02
Si  0.1841657E+02  0.1179781E+02  0.8304659E+01
Si  0.2152216E+02  0.2162315E+02  0.1066068E+02
Si  0.4019954E+02  0.2452154E+01  0.2003389E+02
Si  0.2925652E+02  0.7765879E+00  0.1893768E+01
Si  0.4080642E+02  0.1364416E+02  0.8133403E+01
Si  0.3711988E+02  0.4844206E+01  0.9792290E+01
Si  0.2568218E+02  0.1018240E+02  0.3322128E+01
Si  0.1966191E+02  0.6476655E+00  0.1551358E+02
Si  0.3793517E+02  0.3689616E+01  0.9592569E+00
Si  0.2548319E+02  0.5211746E+01  0.2552581E+01
Si  0.2973310E+02  0.1836759E+02  0.1211650E+02
Si  0.4466979E+02  0.3330315E+01  0.4226408E+01
Si  0.3003931E+02  0.7330635E+01  0.6931985E+01
Si  0.1192485E+02  0.1755100E+02  0.3982707E-02
Si  0.4143729E+02  0.1209263E+02  0.5317973E+01
Si  0.4443952E+02  0.6937884E+01  0.1738355E+02
Si  0.3694163E+02  0.2561853E+01  0.1003162E+02
Si  0.2596257E+02  0.1790058E+02  0.4284796E+01
Si  0.5100602E+02  0.1819133E+01  0.5117905E+01
Si  0.4234840E+02  0.1901223E+01  0.3708360E+01
Si  0.4056044E+02  0.1088684E+02  0.1763702E+02
Si  0.3909158E+02  0.1988705E+02  0.1043091E+02
Si  0.2648700E+02  0.2352672E+01  0.1858762E+02
Si  0.3042571E+02  0.1976681E+02  0.1705931E+02
Si  0.4411263E+02  0.1932097E+01  0.1278886E+02
Si  0.3647898E+02  0.1513094E+02  0.1277085E+01
Si  0.3461021E+02  0.1876750E+02  0.1259670E+02
Si  0.3663720E+02  0.9533238E+01  0.5447846E+01
Si  0.3505762E+02  0.5093771E+01  0.5815063E+01
Si  0.1471595E+02  0.2264694E+01  0.1078544E+02
Si  0.3402975E+02  0.8311196E+01  0.6899424E+01
Si  0.3157954E+02  0.7740594E+01  0.1547396E+02
Si  0.2571445E+02  0.6985342E+01  0.1473851E+02
Si  0.3298950E+02  0.1551654E+02  0.3586621E+01
Si  0.2773036E+02  0.1577709E+02  0.2044155E+02
Si  0.2417367E+02  0.1241837E+02  0.1180302E+02
Si  0.4186475E+02  0.7011196E+01  0.1531202E+02
Si  0.3148504E+02  0.1574717E+02  0.9773738E+01
Si  0.4577746E+02  0.1724864E+02  0.2055512E+02
Si  0.3011959E+02  0.1455288E+02  0.1140236E+02
Si  0.3467808E+02  0.4353484E+01  0.9695400E+01
Si  0.3052446E+02  0.2832087E+01  0.1739265E+02
Si  0.3244549E+02  0.1165341E+02  0.2060293E+02
Si  0.2395277E+02  0.1944999E+01  0.1003764E+01
Si  0.1827792E+02  0.5306407E+01  0.1156718E+02
Si  0.2148263E+02  0.1785485E+02  0.7326359E+01
Si  0.3616280E+02  0.1727868E+02  0.6085621E+01
Si  0.3500046E+02  0.2165966E+02  0.4082254E+01
Si  0.4253239E+02  0.9800125E+01  0.3044270E+01
Si  0.3726622E+02  0.2164469E+02  0.2975374E+01
Si  0.2054082E+02  0.1428675E+02  0.9139126E+01
Si  0.3605184E+02  0.1142837E+01  0.1954592E+02
Si  0.1904151E+02  0.5875464E+01  0.1874868E+02
Si  0.4567965E+02  0.1038399E+02  0.2071998E+02
Si  0.3713606E+02  0.1042917E+02  0.7672698E+01
Si  0.2216280E+02  0.1630072E+02  0.1826754E+02
Si  0.3286536E+02  0.1586570E+02  0.1614510E+02
Si  0.2357067E+02  0.1870658E+02  0.6412030E+01
Si  0.1594300E+02  0.6746795E-01  0.1270465E+02
Si  0.3563933E+02  0.1364866E+02  0.7938316E+01
Si  0.2588661E+02  0.1531844E+02  0.4730755E+01
Si  0.1222387E+02  0.1410041E+02  0.1706027E+02
Si  0.4731563E+02  0.1563317E+02  0.1492569E+02
Si  0.1059466E+02  0.1224757E+02  0.2576120E+01
Si  0.2983368E+02  0.9122367E+01  0.1694316E+02
Si  0.4350091E+02  0.1778548E+02  0.1836063E+02
Si  0.3211441E+02  0.2061679E+02  0.9504871E+01
Si  0.3685348E+02  0.1867784E+02  0.1291481E+02
Si  0.2687047E+02  0.3001385E+01  0.1462183E+02
Si  0.2549833E+02  0.4754977E+01  0.1578599E+02
Si  0.3139364E+02  0.1691109E+02  0.2111740E+02
Si  0.4055787E+02  0.6121232E+01  0.1189948E+02
Si  0.3260452E+02  0.6816033E+01  0.1091122E+02
Si  0.2090641E+02  0.8039338E+01  0.1051192E+02
Si  0.4089476E+02  0.1669165E+02  0.6081767E+01
Si  0.4866725E+02  0.1263744E+02  0.9648459E+01
Si  0.4342893E+02  0.1623014E+01  0.7050449E+01
Si  0.2715684E+02  0.1203602E+02  0.6918840E+01
Si  0.4634421E+02  0.1980693E+02  0.1211024E+02
Si  0.3354659E+02  0.2019604E+02  0.2157394E+02
Si  0.2592257E+02  0.8495479E+01  0.1113072E+02
Si  0.2011839E+02  0.1864801E+02  0.5067834E+00
Si  0.3959098E+02  0.3797794E+01  0.8291163E+01
Si  0.3359081E+02  0.1601604E+02  0.8301792E+01
Si  0.1938221E+02  0.4995785E+01  0.9551728E+01
Si  0.2421566E+02  0.2132930E+01  0.5560975E+01
Si  0.3085965E+02  0.2377465E+01  0.8714888E+01
Si  0.3220079E+02  0.1693171E+02  0.1597647E+01
Si  0.2390029E+02  0.1797059E+02  0.2102611E+02
Si  0.2176826E+02  0.8514799E+01  0.1587669E+02
Si  0.2327436E+02  0.7227139E+01  0.1732626E+02
Si  0.2985038E+02  0.8165835E+01  0.3278202E+01
Si  0.3534300E+02  0.6499361E+01  0.1916565E+02
Si  0.1972230E+02  0.2154469E+02  0.7467883E+01
Si  0.3807345E+02  0.8799853E+01  0.1118161E+02
Si  0.3651357E+02  0.1842604E+02  0.1842094E+02
Si  0.3525916E+02  0.3918735E+01  0.1605882E+02
Si  0.5517604E+02  0.7984848E+00  0.2800366E+01
Si  0.4100219E+02  0.1962245E+01  0.7382223E+01
Si  0.1458147E+02  0.1847804E+02  0.1026200E+02
Si  0.2637279E+02  0.1363830E+02  0.8600643E+01
Si  0.3834309E+02  0.2155868E+02  0.1766802E+02
Si  0.4743246E+02  0.9735742E+01  0.1613940E+02
Si  0.2528435E+02  0.8926333E+01  0.1153314E+01
Si  0.3149050E+02  0.1990699E+02  0.1503876E+02
Si  0.4194338E+02  0.7679208E+01  0.1967786E+01
Si  0.3765858E+02  0.7946370E+01  0.1542378E+02
Si  0.2364184E+02  0.5538630E+01  0.7704980E+01
Si  0.4509944E+02  0.1413241E+00  0.1590672E+02
Si  0.4408851E+02  0.2095580E+02  0.9970289E+01
Si  0.3690129E+02  0.5969291E+00  0.1445008E+02
Si  0.2384542E+02  0.1375865E+01  0.9695641E+01
Si  0.4266469E+02  0.1048637E+02  0.1657783E+02
Si  0.2113331E+02  0.2801863E+01  0.1597158E+02
Si  0.1628559E+02  0.1032713E+02  0.1161250E+02
Si  0.2861514E+02  0.1452136E+02  0.9426500E+01
Si  0.3087765E+02  0.9018296E+01  0.5392980E+01
Si  0.2885185E+02  0.1090407E+02  0.1821820E+02
Si  0.3286657E+02  0.3340300E+01  0.8584340E+00
Si  0.2404055E+02  0.1833126E+02  0.1102277E+02
Si  0.3503167E+02  0.1394517E+02  0.1726719E+02
Si  0.4609645E+02  0.1172454E+02  0.1535579E+02
Si  0.4393446E+02  0.6022563E+01  0.9599909E+01
Si  0.3697843E+02  0.4888773E+01  0.1971750E+02
Si  0.4740792E+02  0.2006532E+02  0.7562176E+01
Si  0.1887155E+02  0.2765020E+01  0.4692585E+01
Si  0.4345805E+02  0.4121038E+01  0.2045946E+02
Si  0.3572221E+02  0.4155277E+01  0.2163039E+02
Si  0.4003140E+02  0.2121934E+02  0.1384840E+02
Si  0.4338754E+02  0.2130092E+02  0.2043952E+02
Si  0.2046108E+02  0.9861834E+00  0.5397162E+01
Si  0.2850290E+02  0.1849003E+02  0.1722399E+02
Si  0.2024406E+02  0.1499501E+02  0.1289449E+02
Si  0.1097544E+02  0.1545138E+01  0.7445172E+01
Si  0.1382469E+02  0.1870978E+02  0.2132286E+02
Si  0.2012307E+02  0.7011945E+01  0.1008511E+01
Si  0.2724074E+02  0.1857627E+02  0.1228333E+02
Si  0.3000371E+02  0.2411010E+00  0.1482376E+02
Si  0.4141322E+02  0.5852828E+01  0.9408919E+01
Si  0.3294896E+02  0.1788435E+02  0.4627049E+01
Si  0.3659663E+02  0.3120975E+01  0.1826514E+02
Si  0.3074946E+02  0.1147084E+02  0.1684859E+02
Si  0.3947010E+02  0.6472098E+01  0.4882726E+01
Si  0.3282723E+02  0.5930873E+00  0.1098322E+02
Si  0.3645435E+02  0.1034860E+02  0.1780730E+02
Si  0.4032591E+02  0.5909944E+01  0.1796866E+02
Si  0.3361009E+02  0.8970661E+01  0.1027567E+02
Si  0.2573587E+02  0.1083907E+02  0.1529426E+02
Si  0.3972095E+02  0.1542348E+02  0.9321590E+01
Si  0.5092540E+02  0.4881611E+01  0.7443313E+01
Si  0.3273215E+02  0.9057176E+01  0.1835122E+02
Si  0.3127580E+02  0.7329693E+01  0.1301363E+02
Si  0.4275218E+02  0.4180327E+00  0.1793389E+02
Si  0.1660943E+02  0.9321140E+01  0.2033518E+02
Si  0.3539828E+02  0.6855267E+01  0.1550331E+02
Si  0.2361020E+02  0.1998271E+02  0.1749063E+01
Si  0.1817100E+02  0.1706372E+02  0.9299307E+01
Si  0.1586501E+02  0.9999203E+00  0.6207566E+01
Si  0.1154504E+02  0.1942646E+02  0.3913428E+01
Si  0.3389190E+02  0.7111803E+01  0.1746030E+02
Si  0.2004446E+02  0.2058185E+02  0.9661128E+01
Si  0.2907221E+02  0.4053542E+01  0.5750080E+01
Si  0.4107311E+02  0.1527704E+02  0.1787343E+02
Si  0.3425050E+02  0.7559728E+01  0.3219377E+01
Si  0.4142932E+02  0.7084933E+01  0.2149961E+02
Si  0.2043247E+02  0.1816985E+02  0.9369269E+01
Si  0.4229036E+02  0.1123195E+02  0.1437097E+02
Si  0.1615151E+02  0.1397086E+02  0.1576493E+02
Si  0.2814919E+02  0.2270684E+01  0.3330942E+01
Si  0.4144919E+02  0.1969215E+02  0.1098317E+02
Si  0.2837167E+02  0.9753936E+01  0.1313001E+02
Si  0.2204097E+02  0.1702878E+02  0.1089762E+02
Si  0.4212894E+02  0.5939879E+01  0.4678968E+01
Si  0.1135192E+02  0.2872934E+01  0.1126295E+02
Si  0.3427389E+02  0.1115792E+02  0.2798085E+01
Si  0.2443074E+02  0.2027946E+02  0.1433284E+02
Si  0.4293866E+02  0.1360009E+00  0.1531604E+02
Si  0.4026864E+02  0.1272513E+02  0.1172169E+02
Si  0.3227416E+02  0.1830265E+02  0.1762817E+02
Si  0.4929556E+02  0.2695576E+01  0.1089495E+02
Si  0.4207005E+02  0.8851409E+01  0.2002893E+02
Si  0.3943673E+02  0.2050893E+02  0.1981872E+02
Si  0.1305482E+02  0.4007535E+01  0.1260080E+02
Si  0.4177832E+02  0.9608237E+00  0.1329861E+02
Si  0.2561559E+02  0.1561160E+02  0.1943309E+02
Si  0.1849092E+02  0.1992449E+02  0.6156664E+01
Si  0.2884669E+02  0.1945191E+01  0.1904152E+02
Si  0.4170783E+02  0.1597285E+02  0.1020200E+02
Si  0.4696579E+02  0.1937846E+02  0.5187670E+01
Si  0.2504750E+02  0.1539942E+02  0.1632535E+02
Si  0.1369230E+02  0.1669075E+02  0.8994833E+01
Si  0.4026636E+02  0.8380507E+01  0.1156029E+02
Si  0.2325926E+02  0.1593227E+02  0.2023182E+02
Si  0.1354202E+02  0.4233281E+01  0.1681769E+02
Si  0.2423875E+02  0.1219068E+02  0.3526503E+01
Si  0.2958265E+02  0.1165537E+02  0.2047347E+02
Si  0.2947997E+02  0.1227444E+02  0.4120226E+01
Si  0.2233225E+02  0.1249272E+02  0.1929113E+02
Si  0.2941488E+02  0.1741203E+02  0.1988657E+02
Si  0.2825120E+02  0.1945190E+02  0.9133366E+00
Si  0.4564096E+02  0.4553804E+01  0.6163475E+01
Si  0.1834691E+02  0.5898485E+01  0.1564240E+02
Si  0.1847895E+02  0.1471964E+02  0.1007526E+02
Si  0.3944869E+02  0.3948375E+01  0.4068855E+01
Si  0.2777500E+02  0.5026919E+01  0.1361370E+01
Si  0.4204234E+02  0.1905602E+02  0.2073556E+02
Si  0.3891763E+02  0.7648131E+00  0.2094948E+02
Si  0.3313675E+02  0.2439699E+00  0.1990770E+02
Si  0.1657456E+02  0.1594852E+02  0.1989761E+02
Si  0.3852173E+02  0.1440092E+02  0.1924081E+02
Si  0.4650061E+02  0.1494551E+02  0.2082679E+02
Si  0.4033945E+02  0.5788120E+01  0.1420730E+02
Si  0.4677206E+02  0.9175918E+01  0.2784867E+01
Si  0.4267093E+02  0.1225740E+02  0.7530115E+01
Si  0.5136208E+02  0.2057845E+01  0.2035714E+02
Si  0.3323416E+02  0.1290079E+02  0.8534514E+01
Si  0.4614435E+02  0.1951496E+02  0.1442820E+02
Si  0.4983170E+02  0.1710191E+01  0.1742323E+01
Si  0.5162588E+02  0.1857306E+02  0.1852657E+02
Si  0.4818907E+02  0.5774745E+01  0.8958657E+01
Si  0.4798974E+02  0.1955491E+02  0.1900129E+02
Si  0.4582043E+02  0.2042533E+02  0.1508737E+01
Si  0.3660994E+02  0.8688127E+01  0.1938015E+02
Si  0.5111412E+02  0.5448461E+01  0.1866743E+02
Si  0.4149931E+02  0.1392759E+02  0.3579271E+01
Si  0.4728627E+02  0.3657626E+01  0.1824646E+02
Si  0.5221044E+02  0.2069386E+02  0.4749808E+01
Si  0.5481089E+02  0.2090860E+02  0.4670374E+01
Si  0.5255495E+02  0.1700726E+02  0.1536494E+02
Si  0.4212517E+02  0.1855889E+02  0.5160193E+01
Si  0.5440510E+02  0.2069581E+02  0.2107994E+02
Si  0.5725477E+02  0.1495984E+01  0.2138832E+02
Si  0.5701500E+02  0.2015775E+02  0.1776843E+01
Si  0.5218092E+02  0.1846476E+01  0.1130721E+01
Si  0.5594622E+02  0.2171391E+02  0.6632693E+00
Si  0.5850383E+02  0.3078580E+01  0.7224032E+00
Si  0.5818546E+02  0.2163436E+02  0.3134052E+01
Si  0.5392192E+02  0.4455549E+01  0.4376627E+01
Si  0.6006307E+02  0.2054360E+02  0.2112532E+02
Si  0.6286359E+02  0.9630957E+00  0.2100950E+02
Si  0.6304139E+02  0.2007834E+02  0.1873888E+01
Si  0.5981219E+02  0.1582755E+01  0.2107242E+01
Si  0.6140430E+02  0.2162082E+02  0.1136168E+01
Si  0.6388039E+02  0.2515695E+01  0.7814765E+00
Si  0.6398738E+02  0.3004702E-02  0.3208101E+01
Si  0.6104458E+02  0.2776409E+01  0.3682714E+01
Si  0.3477567E+02  0.1803361E+02  0.1494300E+02
Si  0.3434509E+02  0.1314693E+02  0.1090546E+02
Si  0.4986182E+02  0.1129519E+02  0.4119889E+01
Si  0.4289687E+02  0.1004889E+02  0.5368025E+01
Si  0.5034280E+02  0.1448562E+02  0.1972566E+02
Si  0.5079978E+02  0.1940337E+02  0.1892909E+00
Si  0.4534975E+02  0.9387699E+01  0.1386862E+02
Si  0.3509907E+02  0.1533930E+01  0.1563395E+02
Si  0.4962057E+02  0.9107342E+01  0.5460152E+01
Si  0.4982404E+02  0.6730094E+01  0.2197314E+01
Si  0.5114726E+02  0.2048175E+02  0.1964587E+02
Si  0.4080842E+02  0.4959143E+01  0.2558923E+01
Si  0.4637857E+02  0.1301428E+02  0.1007848E+02
Si  0.5260556E+02  0.7943595E+01  0.2139849E+02
Si  0.5021627E+02  0.8288479E+01  0.1996671E+00
Si  0.4850403E+02  0.1928471E+02  0.1173922E+02
Si  0.5414570E+02  0.4693092E+01  0.2120323E+02
Si  0.5708938E+02  0.7238409E+01  0.2087820E+02
Si  0.5698902E+02  0.4374763E+01  0.1971383E+01
Si  0.5381163E+02  0.7151640E+01  0.1609333E+01
Si  0.5579654E+02  0.5918697E+01  0.5479608E+00
Si  0.5830943E+02  0.8225925E+01  0.7191979E+00
Si  0.5837907E+02  0.5755452E+01  0.3245625E+01
Si  0.5519690E+02  0.8246762E+01  0.3079973E+01
Si  0.5992784E+02  0.4447645E+01  0.2110761E+02
Si  0.6245154E+02  0.6981788E+01  0.2112760E+02
Si  0.6226851E+02  0.3992809E+01  0.1984296E+01
Si  0.5996145E+02  0.6998596E+01  0.2091545E+01
Si  0.6127511E+02  0.5655006E+01  0.8304914E+00
Si  0.6391781E+02  0.8256919E+01  0.6013204E+00
Si  0.6391826E+02  0.5296383E+01  0.3304539E+01
Si  0.6116781E+02  0.8443214E+01  0.3556659E+01
Si  0.4931394E+02  0.4932697E+00  0.3747506E+01
Si  0.4305170E+02  0.1962600E+02  0.1437513E+02
Si  0.4082584E+02  0.4797737E+01  0.2027565E+02
Si  0.3597397E+02  0.1580877E+02  0.8664844E+01
Si  0.4301636E+02  0.1723018E+02  0.7412081E+01
Si  0.4427367E+02  0.1515648E+02  0.6547961E+01
Si  0.4162577E+02  0.5835868E+00  0.1097045E+02
Si  0.3655822E+02  0.1251312E+02  0.1183465E+02
Si  0.5183241E+02  0.9638347E+01  0.1491035E+02
Si  0.5126521E+02  0.1159709E+02  0.6238315E+01
Si  0.4844857E+02  0.3551355E+01  0.1881584E+01
Si  0.3336021E+02  0.2028507E+02  0.1790773E+02
Si  0.4062306E+02  0.1208485E+02  0.2003104E+02
Si  0.4825851E+02  0.1794380E+02  0.1733226E+01
Si  0.5060860E+02  0.1185823E+02  0.1966074E+02
Si  0.4872597E+02  0.1370150E+02  0.2137328E+02
Si  0.5406118E+02  0.9892896E+01  0.2089577E+02
Si  0.5704855E+02  0.1222796E+02  0.2097331E+02
Si  0.5692850E+02  0.9633829E+01  0.2115051E+01
Si  0.4330784E+02  0.1699709E+02  0.1275510E+01
Si  0.5573696E+02  0.1087987E+02  0.6485419E+00
Si  0.5850571E+02  0.1334787E+02  0.9603815E+00
Si  0.5844862E+02  0.1095138E+02  0.3607641E+01
Si  0.5565900E+02  0.1320714E+02  0.3438963E+01
Si  0.5968333E+02  0.9411270E+01  0.2090212E+02
Si  0.6231885E+02  0.1232352E+02  0.2104419E+02
Si  0.6251646E+02  0.9647527E+01  0.2272145E+01
Si  0.5987878E+02  0.1218884E+02  0.2363190E+01
Si  0.6103174E+02  0.1090334E+02  0.5823660E+00
Si  0.6355159E+02  0.1372191E+02  0.7278187E+00
Si  0.6388957E+02  0.1130494E+02  0.3520793E+01
Si  0.6107646E+02  0.1374482E+02  0.3711955E+01
Si  0.4612357E+02  0.3001096E+01  0.8832650E+00
Si  0.5055928E+02  0.8711988E+01  0.1703928E+02
Si  0.3950539E+02  0.1092366E+02  0.5686610E+01
Si  0.4161813E+02  0.4253298E+01  0.1683954E+02
Si  0.3457872E+02  0.4959605E+01  0.1397991E+02
Si  0.4271937E+02  0.2077505E+02  0.8280813E+00
Si  0.3891077E+02  0.9278539E+01  0.1854795E+01
Si  0.4700185E+02  0.3258926E+01  0.1477439E+02
Si  0.4275641E+02  0.2026040E+02  0.8311884E+01
Si  0.4435296E+02  0.1530944E+02  0.1581715E+02
Si  0.3695664E+02  0.1251774E+02  0.1889947E+02
Si  0.4820421E+02  0.1070918E+02  0.1355656E+01
Si  0.4986973E+02  0.1747717E+02  0.3251837E+01
Si  0.5307023E+02  0.2161043E+02  0.2428526E+01
Si  0.4437781E+02  0.1007348E+02  0.7426387E+01
Si  0.3433040E+02  0.2080826E+02  0.8844602E+01
Si  0.5412077E+02  0.1477148E+02  0.2119619E+02
Si  0.5715203E+02  0.1734910E+02  0.2115436E+02
Si  0.5704334E+02  0.1476242E+02  0.2043633E+01
Si  0.5161854E+02  0.1515094E+02  0.2161818E+02
Si  0.5578312E+02  0.1616675E+02  0.7190639E+00
Si  0.5842323E+02  0.1891498E+02  0.4261516E+00
Si  0.5820842E+02  0.1634090E+02  0.3500064E+01
Si  0.5288584E+02  0.1675266E+02  0.3600977E+01
Si  0.5974302E+02  0.1478171E+02  0.2136958E+02
Si  0.6261824E+02  0.1751508E+02  0.2102010E+02
Si  0.6240057E+02  0.1515685E+02  0.2232447E+01
Si  0.5971893E+02  0.1775943E+02  0.2096753E+01
Si  0.6101321E+02  0.1634322E+02  0.7417856E+00
Si  0.6427492E+02  0.1838164E+02  0.6061141E+00
Si  0.6358765E+02  0.1629599E+02  0.3757596E+01
Si  0.6126435E+02  0.1910433E+02  0.3407199E+01
Si  0.4881654E+02  0.3019765E+01  0.2018041E+02
Si  0.5441541E+02  0.5445183E+00  0.1379994E+02
Si  0.5263232E+02  0.1920483E+02  0.1477966E+02
Si  0.4396659E+02  0.1502229E+01  0.9254299E+01
Si  0.4836039E+02  0.6226745E+00  0.7083149E+01
Si  0.3519123E+02  0.9870811E+01  0.8314226E+00
Si  0.4652614E+02  0.1430661E+01  0.1741913E+02
Si  0.5089563E+02  0.9469843E+01  0.1135243E+02
Si  0.5341508E+02  0.2124816E+02  0.6812277E+01
Si  0.4914759E+02  0.1846078E+02  0.5278467E+01
Si  0.4639981E+02  0.2012832E+02  0.9661475E+01
Si  0.4541864E+02  0.6522800E+01  0.2160301E+02
Si  0.4348644E+02  0.1666538E+02  0.2069778E+02
Si  0.5035738E+02  0.1674822E+02  0.8595201E+01
Si  0.5298474E+02  0.1841601E+02  0.1072860E+02
Si  0.5421864E+02  0.4439824E+01  0.1004933E+02
Si  0.5559397E+02  0.1916296E+02  0.3305521E+01
Si  0.5627769E+02  0.2153047E+01  0.5774115E+01
Si  0.5655013E+02  0.2062312E+02  0.7357107E+01
Si  0.5301884E+02  0.1985183E+02  0.1133251E+01
Si  0.5262955E+02  0.2949288E+01  0.6136484E+01
Si  0.5835949E+02  0.2883051E+01  0.6429509E+01
Si  0.5794277E+02  0.1788029E+00  0.8993676E+01
Si  0.5432100E+02  0.1809868E+01  0.7386963E+01
Si  0.5971932E+02  0.2040468E+02  0.4734449E+01
Si  0.6233426E+02  0.1165597E+01  0.4637570E+01
Si  0.6236946E+02  0.2049878E+02  0.7355262E+01
Si  0.5930604E+02  0.1484426E+01  0.7893525E+01
Si  0.6084441E+02  0.3414477E+00  0.6436652E+01
Si  0.6344529E+02  0.2742256E+01  0.6040438E+01
Si  0.6382263E+02  0.6457757E-01  0.8794116E+01
Si  0.6100171E+02  0.2910517E+01  0.8826438E+01
Si  0.3900346E+02  0.6351638E+01  0.2108358E+02
Si  0.4784185E+02  0.4433198E+01  0.5222907E+01
Si  0.5218169E+02  0.1945428E+02  0.7761812E+01
Si  0.3452035E+02  0.2102934E+02  0.6441624E+01
Si  0.4346850E+02  0.7672984E+01  0.5936710E+01
Si  0.3151210E+02  0.3193562E+01  0.3113727E+01
Si  0.4771688E+02  0.8299009E+01  0.6652924E+01
Si  0.3766784E+02  0.6176349E+01  0.1465140E+01
Si  0.3765389E+02  0.1851386E+02  0.7947337E+01
Si  0.5682146E+02  0.1383936E+00  0.5205722E+01
Si  0.4798810E+02  0.3883085E+01  0.1255855E+02
Si  0.5177768E+02  0.4258377E+01  0.1349044E+02
Si  0.4419938E+02  0.6492597E+01  0.2051431E+01
Si  0.4796148E+02  0.1244535E+02  0.5375586E+01
Si  0.5392664E+02  0.6609265E+01  0.8943248E+01
Si  0.4615090E+02  0.1634484E+02  0.1251472E+02
Si  0.5286040E+02  0.6378727E+01  0.6904639E+01
Si  0.5684295E+02  0.6971002E+01  0.4610199E+01
Si  0.5685634E+02  0.4581485E+01  0.7424533E+01
Si  0.5365986E+02  0.9505336E+01  0.4485188E+01
Si  0.5524903E+02  0.5728124E+01  0.5869503E+01
Si  0.5816777E+02  0.8444706E+01  0.6015935E+01
Si  0.5832299E+02  0.5704451E+01  0.8769075E+01
Si  0.5568917E+02  0.8212905E+01  0.8906530E+01
Si  0.5951133E+02  0.4299840E+01  0.4882004E+01
Si  0.6240930E+02  0.6793075E+01  0.4695292E+01
Si  0.6224895E+02  0.4324411E+01  0.7347445E+01
Si  0.5950925E+02  0.7028872E+01  0.7445473E+01
Si  0.6077892E+02  0.5682720E+01  0.6094960E+01
Si  0.6357448E+02  0.8364938E+01  0.6163871E+01
Si  0.6359835E+02  0.5533933E+01  0.8854577E+01
Si  0.6081407E+02  0.8294766E+01  0.8918356E+01
Si  0.2590204E+02  0.1886686E+01  0.8601731E+01
Si  0.3963333E+02  0.6930277E+01  0.2469357E+01
Si  0.4295689E+02  0.1355708E+02  0.2114532E+02
Si  0.4609063E+02  0.1310317E+02  0.2426180E+01
Si  0.4329212E+02  0.2146960E+02  0.3956602E+01
Si  0.4980771E+02  0.7848014E+01  0.9222056E+01
Si  0.4724246E+02  0.1289637E+02  0.1958444E+02
Si  0.4860282E+02  0.1906200E+02  0.9627164E+01
Si  0.5065135E+02  0.1036333E+02  0.1313699E+01
Si  0.4943071E+02  0.4782181E+01  0.1079893E+00
Si  0.4694658E+02  0.1140209E+02  0.1300153E+02
Si  0.5195649E+02  0.5294012E+01  0.4730999E+01
Si  0.4859528E+02  0.1000678E+02  0.9379146E+01
Si  0.4813137E+02  0.2032998E+02  0.2302775E+01
Si  0.4739290E+02  0.1495567E+02  0.1099327E+02
Si  0.4484560E+02  0.1422000E+02  0.6558112E+00
Si  0.5288069E+02  0.1045145E+02  0.2320087E+01
Si  0.5687525E+02  0.1213120E+02  0.4950133E+01
Si  0.5680190E+02  0.9517409E+01  0.7512693E+01
Si  0.5114382E+02  0.9342785E+01  0.3556702E+01
Si  0.5549523E+02  0.1065424E+02  0.5923603E+01
Si  0.5820169E+02  0.1373666E+02  0.6233525E+01
Si  0.5811468E+02  0.1102721E+02  0.8885424E+01
Si  0.5551438E+02  0.1650734E+02  0.6034422E+01
Si  0.5978620E+02  0.9741874E+01  0.5077917E+01
Si  0.6241695E+02  0.1236629E+02  0.4991721E+01
Si  0.6219699E+02  0.9509762E+01  0.7590549E+01
Si  0.5950770E+02  0.1244457E+02  0.7729449E+01
Si  0.6090562E+02  0.1110626E+02  0.6308781E+01
Si  0.6353809E+02  0.1352486E+02  0.6380342E+01
Si  0.6358216E+02  0.1108847E+02  0.8894303E+01
Si  0.6087663E+02  0.1370731E+02  0.9177310E+01
Si  0.3658089E+02  0.2118879E+02  0.1248225E+02
Si  0.3842593E+02  0.1502882E+02  0.2136529E+02
Si  0.4110480E+02  0.1702034E+02  0.1454983E+02
Si  0.3533924E+02  0.1713534E+02  0.1086235E+02
Si  0.3023673E+02  0.1225785E+02  0.1195424E+02
Si  0.4881507E+02  0.1441408E+02  0.1630312E+02
Si  0.4161547E+02  0.1543859E+02  0.1554938E+01
Si  0.3783331E+02  0.1593382E+02  0.6975379E+01
Si  0.3490544E+02  0.1226830E+02  0.1981656E+02
Si  0.5250831E+02  0.1839948E+02  0.5445177E+01
Si  0.5182389E+02  0.1416139E+02  0.1702639E+02
Si  0.4242373E+02  0.1689467E+02  0.1641553E+02
Si  0.4456987E+02  0.1871411E+02  0.6097334E+01
Si  0.4390544E+02  0.8358201E+01  0.9274732E+01
Si  0.5223289E+02  0.1610119E+02  0.1000339E+02
Si  0.4954833E+02  0.1290006E+02  0.7452079E+01
Si  0.5434000E+02  0.1495999E+02  0.4413123E+01
Si  0.5696807E+02  0.1797123E+02  0.4795719E+01
Si  0.5643680E+02  0.1496500E+02  0.7616425E+01
Si  0.5387168E+02  0.1766911E+02  0.7552210E+01
Si  0.5092516E+02  0.1444010E+02  0.5906743E+01
Si  0.5806721E+02  0.1927657E+02  0.6303168E+01
Si  0.5814236E+02  0.1611137E+02  0.8982899E+01
Si  0.5559852E+02  0.1885992E+02  0.8912217E+01
Si  0.5950988E+02  0.1494060E+02  0.4868301E+01
Si  0.6221888E+02  0.1776218E+02  0.4892696E+01
Si  0.6225932E+02  0.1489758E+02  0.7826034E+01
Si  0.5942623E+02  0.1764539E+02  0.7390780E+01
Si  0.6095676E+02  0.1619734E+02  0.6296655E+01
Si  0.6373837E+02  0.1907628E+02  0.6249972E+01
Si  0.6361758E+02  0.1644058E+02  0.9059735E+01
Si  0.6105718E+02  0.1910253E+02  0.8509906E+01
Si  0.4327375E+02  0.4709827E+01  0.3132196E+01
Si  0.4657423E+02  0.1701065E+02  0.1673872E+02
Si  0.4994090E+02  0.8286304E+00  0.1748298E+02
Si  0.3091173E+02  0.1781711E+02  0.1413197E+02
Si  0.5021167E+02  0.1980862E+02  0.3652807E+01
Si  0.5200113E+02  0.1762998E+02  0.2063225E+02
Si  0.4757032E+02  0.7288476E+01  0.1054647E+02
Si  0.5001166E+02  0.2109411E+02  0.1300805E+02
Si  0.4716402E+02  0.9585627E+01  0.1135166E+02
Si  0.4844934E+02  0.1868105E+02  0.1682434E+02
Si  0.5242385E+02  0.1436877E+01  0.1466686E+02
Si  0.4267520E+02  0.8157375E+01  0.1249827E+02
Si  0.5213226E+02  0.8273606E+01  0.1296144E+02
Si  0.4888514E+02  0.6074168E+01  0.6613114E+01
Si  0.5587062E+02  0.2845528E+01  0.9024926E+01
Si  0.4795643E+02  0.2324245E+01  0.8300708E+01
Si  0.5426080E+02  0.2065551E+02  0.1043722E+02
Si  0.5693633E+02  0.1562815E+01  0.1068180E+02
Si  0.5729757E+02  0.2045338E+02  0.1313826E+02
Si  0.5073161E+02  0.6414438E+01  0.1335690E+02
Si  0.5569161E+02  0.7588816E-01  0.1197471E+02
Si  0.5851598E+02  0.2682437E+01  0.1186164E+02
Si  0.5873259E+02  0.8817896E-01  0.1446898E+02
Si  0.5559766E+02  0.2570406E+01  0.1419549E+02
Si  0.5967792E+02  0.2048168E+02  0.9906148E+01
Si  0.6242710E+02  0.1612819E+01  0.1016177E+02
Si  0.6239549E+02  0.2055174E+02  0.1333805E+02
Si  0.5995571E+02  0.1245541E+01  0.1294798E+02
Si  0.6135328E+02  0.2157917E+02  0.1124929E+02
Si  0.6391173E+02  0.2944750E+01  0.1177888E+02
Si  0.6375573E+02  0.1861114E+00  0.1451129E+02
Si  0.6111747E+02  0.2676009E+01  0.1454328E+02
Si  0.4066550E+02  0.5230565E+01  0.6515318E+01
Si  0.5145450E+02  0.1297342E+02  0.1473287E+02
Si  0.5023885E+02  0.1235493E+02  0.1656136E+02
Si  0.4974821E+02  0.1627118E+02  0.1370596E+02
Si  0.4384726E+02  0.6463689E+01  0.1371574E+02
Si  0.5321084E+02  0.1379123E+02  0.1226546E+02
Si  0.3836113E+02  0.1106194E+02  0.2021459E+02
Si  0.3669489E+02  0.8040600E+01  0.1320195E+02
Si  0.4804430E+02  0.5836308E+01  0.3038951E+01
Si  0.5387588E+02  0.9672419E+01  0.9464011E+01
Si  0.5219551E+02  0.4104856E+01  0.1140044E+02
Si  0.4097162E+02  0.1070112E+02  0.1618198E+01
Si  0.5313422E+02  0.9683386E+01  0.6964730E+01
Si  0.5291580E+02  0.1139580E+02  0.1915717E+02
Si  0.5336510E+02  0.5654960E+01  0.1477422E+02
Si  0.5061660E+02  0.1603574E+02  0.1583846E+02
Si  0.5088272E+02  0.1871588E+02  0.9544286E+01
Si  0.5701253E+02  0.6797325E+01  0.1041748E+02
Si  0.5699567E+02  0.4092487E+01  0.1312311E+02
Si  0.5431270E+02  0.7052910E+01  0.1318086E+02
Si  0.5564807E+02  0.5463595E+01  0.1177822E+02
Si  0.5835133E+02  0.8144469E+01  0.1162995E+02
Si  0.5810581E+02  0.5637170E+01  0.1447608E+02
Si  0.5542481E+02  0.8618382E+01  0.1440080E+02
Si  0.5947184E+02  0.4235291E+01  0.1043682E+02
Si  0.6210682E+02  0.6958092E+01  0.1025684E+02
Si  0.6225922E+02  0.4274164E+01  0.1296311E+02
Si  0.5947895E+02  0.6913686E+01  0.1327855E+02
Si  0.6078367E+02  0.5467931E+01  0.1168549E+02
Si  0.6356711E+02  0.8195467E+01  0.1167696E+02
Si  0.6351650E+02  0.5623666E+01  0.1433737E+02
Si  0.6106794E+02  0.8038948E+01  0.1455452E+02
Si  0.4036187E+02  0.1778541E+01  0.4726440E+01
Si  0.3801935E+02  0.1412446E+02  0.3588967E+01
Si  0.5407242E+02  0.1246460E+02  0.1754505E+01
Si  0.3830271E+02  0.2085953E+02  0.1536734E+02
Si  0.5468577E+02  0.1235909E+02  0.1803797E+02
Si  0.4437907E+02  0.7990054E+01  0.1971337E+02
Si  0.3445904E+02  0.9435517E+01  0.4686464E+01
Si  0.3791560E+02  0.1202518E+02  0.2258304E+01
Si  0.5115288E+02  0.1502011E+02  0.1210924E+02
Si  0.4618607E+02  0.6939681E+01  0.3407590E+01
Si  0.5229152E+02  0.7893208E+01  0.1000655E+02
Si  0.3691669E+02  0.1567269E+02  0.1691740E+02
Si  0.4197279E+02  0.1552862E+02  0.1272562E+02
Si  0.5368170E+02  0.1594200E+02  0.1339761E+02
Si  0.5410531E+02  0.9737787E+01  0.1593774E+02
Si  0.4606379E+02  0.1189257E+02  0.6652347E+01
Si  0.5400234E+02  0.1162541E+02  0.7784354E+01
Si  0.5672939E+02  0.1242435E+02  0.1036010E+02
Si  0.5668446E+02  0.9677233E+01  0.1253523E+02
Si  0.5388462E+02  0.1140009E+02  0.1293917E+02
Si  0.5515277E+02  0.1332541E+02  0.9052229E+01
Si  0.5821096E+02  0.1353541E+02  0.1169524E+02
Si  0.5823988E+02  0.1084018E+02  0.1402347E+02
Si  0.5547364E+02  0.1055591E+02  0.1100071E+02
Si  0.5943797E+02  0.9623032E+01  0.1020959E+02
Si  0.6246811E+02  0.1219880E+02  0.1037575E+02
Si  0.6215640E+02  0.9491919E+01  0.1291170E+02
Si  0.5966141E+02  0.1228754E+02  0.1301273E+02
Si  0.6083523E+02  0.1092633E+02  0.1151965E+02
Si  0.6386119E+02  0.1350079E+02  0.1170531E+02
Si  0.6375048E+02  0.1071976E+02  0.1403154E+02
Si  0.6078735E+02  0.1360162E+02  0.1427078E+02
Si  0.3221861E+02  0.1288219E+02  0.1430836E+02
Si  0.4729791E+02  0.1539341E+02  0.7510597E+01
Si  0.4129106E+02  0.2112035E+02  0.5236455E+01
Si  0.4018137E+02  0.1047093E+02  0.9210351E+01
Si  0.4450722E+02  0.1809198E+02  0.1564667E+02
Si  0.4466901E+02  0.3349560E+01  0.1467540E+02
Si  0.4365922E+02  0.1238642E+02  0.1765659E+02
Si  0.4610451E+02  0.2216241E+01  0.6691668E+01
Si  0.5081535E+02  0.1682327E+02  0.6410468E+01
Si  0.5245009E+02  0.1250550E+02  0.3475710E+01
Si  0.4876199E+02  0.2168035E+02  0.1960364E+02
Si  0.4394782E+02  0.1188757E+02  0.1999704E+02
Si  0.5117806E+02  0.1997541E+01  0.1274576E+02
Si  0.4597922E+02  0.1701785E+02  0.6286365E+01
Si  0.5425301E+02  0.1421087E+02  0.1642957E+02
Si  0.4796182E+02  0.1776141E+02  0.1375609E+02
Si  0.5456595E+02  0.1506663E+02  0.1034269E+02
Si  0.5709981E+02  0.1761469E+02  0.1032641E+02
Si  0.5700787E+02  0.1469668E+02  0.1336191E+02
Si  0.5061720E+02  0.2037779E+02  0.1724909E+02
Si  0.5600050E+02  0.1608103E+02  0.1158090E+02
Si  0.5836114E+02  0.1922012E+02  0.1139949E+02
Si  0.5832482E+02  0.1646720E+02  0.1405350E+02
Si  0.5580677E+02  0.1911776E+02  0.1433858E+02
Si  0.5969398E+02  0.1511226E+02  0.1063651E+02
Si  0.6231525E+02  0.1791563E+02  0.1022169E+02
Si  0.6220159E+02  0.1496196E+02  0.1281898E+02
Si  0.5985918E+02  0.1808857E+02  0.1297500E+02
Si  0.6100540E+02  0.1661486E+02  0.1188004E+02
Si  0.6373396E+02  0.1896227E+02  0.1186349E+02
Si  0.6353212E+02  0.1598470E+02  0.1434966E+02
Si  0.6109979E+02  0.1908108E+02  0.1450704E+02
Si  0.5037308E+02  0.4664112E+01  0.9622942E+01
Si  0.5209436E+02  0.1975655E+02  0.1250034E+02
Si  0.4614569E+02  0.1285283E+02  0.1750201E+02
Si  0.4701703E+02  0.1431990E+01  0.2063399E+02
Si  0.4945633E+02  0.1494443E+02  0.3309052E+01
Si  0.4418328E+02  0.2539009E+01  0.1777674E+02
Si  0.5560913E+02  0.3191638E+01  0.3466474E+01
Si  0.4586884E+02  0.1838031E+02  0.1838161E+02
Si  0.4607021E+02  0.1774031E+02  0.8787042E+01
Si  0.4564767E+02  0.3250598E+01  0.1183978E+02
Si  0.5120865E+02  0.2125384E+02  0.1509085E+02
Si  0.4948660E+02  0.3164831E+01  0.6492062E+01
Si  0.4896292E+02  0.2104704E+02  0.8152949E-01
Si  0.5266743E+02  0.1685922E+00  0.1184350E+02
Si  0.5424556E+02  0.1780645E+02  0.1799523E+01
Si  0.4360848E+02  0.5353337E+01  0.1578121E+02
Si  0.5436085E+02  0.2024051E+02  0.1582809E+02
Si  0.5702798E+02  0.1245048E+01  0.1589365E+02
Si  0.5711834E+02  0.2048341E+02  0.1884034E+02
Si  0.5487754E+02  0.1538621E+01  0.1846978E+02
Si  0.5570850E+02  0.2161237E+02  0.1718845E+02
Si  0.5846379E+02  0.2741167E+01  0.1708869E+02
Si  0.5844299E+02  0.1916264E+00  0.1979385E+02
Si  0.5569214E+02  0.2989270E+01  0.2025544E+02
Si  0.5991024E+02  0.2046413E+02  0.1579223E+02
Si  0.6256614E+02  0.1496608E+01  0.1588213E+02
Si  0.6222446E+02  0.2019883E+02  0.1824005E+02
Si  0.6000839E+02  0.1539726E+01  0.1868131E+02
Si  0.6117619E+02  0.2872039E+00  0.1718099E+02
Si  0.6377540E+02  0.2919871E+01  0.1720434E+02
Si  0.6404033E+02  0.2125843E+02  0.1934962E+02
Si  0.6129410E+02  0.2697914E+01  0.2024370E+02
Si  0.3075975E+02  0.8087221E+01  0.1895062E+02
Si  0.4491586E+02  0.1457652E+02  0.1777328E+02
Si  0.4089037E+02  0.2550138E+01  0.1847373E+01
Si  0.4651150E+02  0.1769673E+02  0.3483710E+01
Si  0.4908438E+02  0.8456747E+01  0.1488621E+02
Si  0.4008366E+02  0.1272909E+02  0.2068994E+01
Si  0.4619662E+02  0.2151873E+02  0.1917958E+02
Si  0.5075396E+02  0.1269849E+02  0.2183560E+00
Si  0.3747214E+02  0.9201816E+01  0.2163339E+02
Si  0.5101768E+02  0.2979467E+01  0.1827370E+02
Si  0.5306084E+02  0.2657722E+01  0.1686908E+02
Si  0.5107655E+02  0.8177064E+01  0.7314650E+01
Si  0.4977395E+02  0.6216781E+01  0.1544627E+02
Si  0.5312197E+02  0.5707688E+00  0.1995345E+02
Si  0.4797040E+02  0.8044320E+01  0.8780728E+00
Si  0.5188450E+02  0.4121387E+01  0.4545833E-02
Si  0.5470119E+02  0.4190064E+01  0.1568718E+02
Si  0.5677494E+02  0.7065729E+01  0.1601179E+02
Si  0.5709163E+02  0.4318906E+01  0.1864152E+02
Si  0.5442875E+02  0.7347949E+01  0.1803881E+02
Si  0.5565806E+02  0.5484662E+01  0.1732404E+02
Si  0.5838523E+02  0.8330788E+01  0.1721565E+02
Si  0.5864200E+02  0.5733655E+01  0.1981711E+02
Si  0.5555531E+02  0.8636540E+01  0.1956710E+02
Si  0.5957308E+02  0.4026405E+01  0.1567234E+02
Si  0.6229987E+02  0.6818028E+01  0.1585192E+02
Si  0.6228718E+02  0.4058572E+01  0.1861226E+02
Si  0.5989695E+02  0.7027778E+01  0.1838268E+02
Si  0.6095266E+02  0.5476562E+01  0.1716218E+02
Si  0.6397867E+02  0.8239899E+01  0.1712604E+02
Si  0.6379388E+02  0.5279504E+01  0.1998817E+02
Si  0.6127885E+02  0.8388549E+01  0.1958053E+02
Si  0.4067697E+02  0.8302827E+01  0.1790309E+02
Si  0.4832062E+02  0.1497772E+02  0.1860268E+02
Si  0.3933246E+02  0.1770499E+02  0.3720321E+01
Si  0.4044752E+02  0.1403054E+02  0.2152760E+02
Si  0.4270891E+02  0.2640665E+01  0.1094861E+02
Si  0.3456300E+02  0.1547572E+02  0.9403512E-01
Si  0.4628692E+02  0.7210773E+01  0.1382996E+02
Si  0.3845046E+02  0.2875643E+01  0.6097267E+01
Si  0.4683769E+02  0.9796742E+01  0.7876367E+01
Si  0.4924772E+02  0.1360883E+02  0.1174369E+02
Si  0.3829002E+02  0.1411324E+02  0.1224581E+02
Si  0.3894323E+02  0.1277862E+02  0.6982942E+01
Si  0.5138491E+02  0.1116411E+02  0.1302066E+02
Si  0.4486217E+02  0.9119107E+01  0.1634279E+02
Si  0.5257203E+02  0.9272023E+01  0.1786272E+02
Si  0.4597501E+02  0.9241528E+01  0.1856451E+02
Si  0.5307375E+02  0.6486965E+01  0.1990050E+02
Si  0.5699932E+02  0.1222980E+02  0.1526609E+02
Si  0.5707635E+02  0.9931243E+01  0.1837563E+02
Si  0.4908786E+02  0.1046850E+02  0.1797518E+02
Si  0.5591945E+02  0.1104375E+02  0.1680739E+02
Si  0.5837092E+02  0.1354388E+02  0.1676358E+02
Si  0.5849740E+02  0.1117727E+02  0.1963963E+02
Si  0.5555476E+02  0.1368328E+02  0.1977983E+02
Si  0.5964082E+02  0.9915377E+01  0.1563713E+02
Si  0.6242263E+02  0.1231121E+02  0.1532022E+02
Si  0.6266861E+02  0.9539140E+01  0.1819883E+02
Si  0.5969455E+02  0.1232954E+02  0.1792779E+02
Si  0.6140063E+02  0.1098536E+02  0.1668853E+02
Si  0.6369982E+02  0.1350977E+02  0.1700964E+02
Si  0.6370390E+02  0.1107960E+02  0.1959925E+02
Si  0.6106758E+02  0.1358575E+02  0.1954126E+02
Si  0.4827506E+02  0.1316764E+02  0.2036225E+01
Si  0.5310403E+02  0.1317214E+02  0.5685798E+01
Si  0.4788311E+02  0.8214631E+01  0.1947988E+02
Si  0.5145103E+02  0.1468594E+02  0.3365014E+01
Si  0.4718112E+02  0.1900472E+02  0.2139806E+02
Si  0.4740730E+02  0.2064586E+02  0.1609813E+02
Si  0.4770356E+02  0.6379152E+01  0.2083877E+02
Si  0.4582460E+02  0.4941762E+01  0.8473128E+01
Si  0.4418481E+02  0.1287921E+02  0.1397228E+02
Si  0.5303416E+02  0.1275578E+02  0.2131277E+02
Si  0.5527095E+02  0.1307786E+02  0.1422692E+02
Si  0.4536900E+02  0.7925294E+00  0.7480200E+00
Si  0.4975784E+02  0.1699579E+02  0.1803677E+02
Si  0.5377525E+02  0.1655317E+02  0.1724131E+02
Si  0.4894932E+02  0.1004642E+02  0.2047654E+02
Si  0.4176460E+02  0.1802123E+02  0.9323975E+01
Si  0.5699264E+02  0.1466528E+02  0.1838426E+02
Si  0.5701793E+02  0.1765255E+02  0.1555683E+02
Si  0.5605851E+02  0.1595049E+02  0.1646339E+02
Si  0.5410066E+02  0.1717998E+02  0.1989230E+02
Si  0.5390587E+02  0.1883611E+02  0.1801275E+02
Si  0.5821051E+02  0.1908212E+02  0.1719422E+02
Si  0.5832867E+02  0.1576492E+02  0.1973795E+02
Si  0.5567468E+02  0.1904325E+02  0.1998852E+02
Si  0.5958144E+02  0.1490459E+02  0.1567606E+02
Si  0.6229477E+02  0.1756582E+02  0.1588631E+02
Si  0.6227880E+02  0.1512891E+02  0.1803442E+02
Si  0.5940804E+02  0.1746299E+02  0.1862201E+02
Si  0.6082381E+02  0.1630467E+02  0.1691835E+02
Si  0.6376458E+02  0.1888366E+02  0.1697162E+02
Si  0.6371837E+02  0.1613567E+02  0.1983426E+02
Si  0.6097738E+02  0.1882170E+02  0.1972624E+02
