         
  0.6515772E+02  0.0000000E+00  0.2171924E+02
  0.0000000E+00  0.0000000E+00  0.2171924E+02
Si  0.2807763E-01  0.2063283E+02  0.3379178E-01
Si  0.2758992E+01  0.1853661E+01  0.1859006E-01
Si  0.2679634E+01  0.2076441E+02  0.3003820E+01
Si  0.6505581E+02  0.2046780E+01  0.2786013E+01
Si  0.1262891E+01  0.5093451E+00  0.1521059E+01
Si  0.4295855E+01  0.3316006E+01  0.1247938E+01
Si  0.4383606E+01  0.4535654E+00  0.4253996E+01
Si  0.1279681E+01  0.3357402E+01  0.4112567E+01
Si  0.5428258E+01  0.2070144E+02  0.1071661E+00
Si  0.8227371E+01  0.1947112E+01  0.2157897E+02
Si  0.8178828E+01  0.2055639E+02  0.2838058E+01
Si  0.5372792E+01  0.1925823E+01  0.2715876E+01
Si  0.7023630E+01  0.5197246E+00  0.1568671E+01
Si  0.9388686E+01  0.3097105E+01  0.1595857E+01
Si  0.9387784E+01  0.3722878E+00  0.4160568E+01
Si  0.6715122E+01  0.3198921E+01  0.4120148E+01
Si  0.1150876E+02  0.2105545E+02  0.1082722E+00
Si  0.1730090E+02  0.6682173E+01  0.2148004E+02
Si  0.1840080E+02  0.6468678E+00  0.2097509E+02
Si  0.1099799E+02  0.1644311E+01  0.2872067E+01
Si  0.1231887E+02  0.8533534E-02  0.2091849E+01
Si  0.2775410E+02  0.1559884E+02  0.2207499E+01
Si  0.1404689E+02  0.7886103E+01  0.5181519E+01
Si  0.1276827E+02  0.3397134E+01  0.3031363E+01
Si  0.2048568E+02  0.1913793E+02  0.2751694E+01
Si  0.1807055E+02  0.2676317E+01  0.1338177E+01
Si  0.1691942E+02  0.2722555E+01  0.3396256E+01
Si  0.1513084E+02  0.2040459E+02  0.9121423E+00
Si  0.1702445E+02  0.2130030E+02  0.7620339E+01
Si  0.1945800E+02  0.4710300E+01  0.1411719E+01
Si  0.2561298E+02  0.6574190E+01  0.7186892E+01
Si  0.2987949E+02  0.4200612E+01  0.4985577E+00
Si  0.6510024E+02  0.4764061E+01  0.2149177E+02
Si  0.2985233E+01  0.7311165E+01  0.2158973E+02
Si  0.2600412E+01  0.4447971E+01  0.2254404E+01
Si  0.6808664E-01  0.7293153E+01  0.2375131E+01
Si  0.1443262E+01  0.6033948E+01  0.1117094E+01
Si  0.4310736E+01  0.8575855E+01  0.1296219E+01
Si  0.3926304E+01  0.5619309E+01  0.3924940E+01
Si  0.1360967E+01  0.8680385E+01  0.3735277E+01
Si  0.5482106E+01  0.4565852E+01  0.2146985E+02
Si  0.8274833E+01  0.7430403E+01  0.3149758E-01
Si  0.8017588E+01  0.4724730E+01  0.2861913E+01
Si  0.5501097E+01  0.7100710E+01  0.2629584E+01
Si  0.6856663E+01  0.5796013E+01  0.1202728E+01
Si  0.9708366E+01  0.8813327E+01  0.1329429E+01
Si  0.9501477E+01  0.5918951E+01  0.3797317E+01
Si  0.6681444E+01  0.8308132E+01  0.4269638E+01
Si  0.1072039E+02  0.4547232E+01  0.1794678E+00
Si  0.1515388E+02  0.8942980E+01  0.1552966E+02
Si  0.1671864E+02  0.9609496E+01  0.4229231E+01
Si  0.1105706E+02  0.7236156E+01  0.2522524E+01
Si  0.1236499E+02  0.5420145E+01  0.1741243E+01
Si  0.1567391E+02  0.1328315E+02  0.2938320E+01
Si  0.1332586E+02  0.6216404E+01  0.1991499E+02
Si  0.1212151E+02  0.8629283E+01  0.3992613E+01
Si  0.2460928E+02  0.5900450E+01  0.1620481E+02
Si  0.1602000E+02  0.4885612E+01  0.6427064E+01
Si  0.2209255E+02  0.9245919E+01  0.1478955E+02
Si  0.1558011E+02  0.9714831E+01  0.8166420E+01
Si  0.1975320E+02  0.6850120E+01  0.4010782E+00
Si  0.2561718E+02  0.1484452E+01  0.5218615E+00
Si  0.2862483E+02  0.1013672E+02  0.8476626E+01
Si  0.2174198E+02  0.1179708E+02  0.1961002E+02
Si  0.6511891E+02  0.1003090E+02  0.2162942E+02
Si  0.2628115E+01  0.1257446E+02  0.1298239E-01
Si  0.2946579E+01  0.9918166E+01  0.2722859E+01
Si  0.6501403E+02  0.1279705E+02  0.2466808E+01
Si  0.1316012E+01  0.1130715E+02  0.1520364E+01
Si  0.4034906E+01  0.1401195E+02  0.1467439E+01
Si  0.4216627E+01  0.1129984E+02  0.4038502E+01
Si  0.1529502E+01  0.1391588E+02  0.4000597E+01
Si  0.5419650E+01  0.1008518E+02  0.2165789E+02
Si  0.8147903E+01  0.1259188E+02  0.2144830E+02
Si  0.8213417E+01  0.9652733E+01  0.2789627E+01
Si  0.5488136E+01  0.1276315E+02  0.2764181E+01
Si  0.6800919E+01  0.1110819E+02  0.1447471E+01
Si  0.9477323E+01  0.1379847E+02  0.1288000E+01
Si  0.9180519E+01  0.1135409E+02  0.3940292E+01
Si  0.6477873E+01  0.1443923E+02  0.4123263E+01
Si  0.1098351E+02  0.9794695E+01  0.2150005E+02
Si  0.1362380E+02  0.1259922E+02  0.2163468E+02
Si  0.1862921E+02  0.1363821E+02  0.5946775E+01
Si  0.1070884E+02  0.1237356E+02  0.2625939E+01
Si  0.1232010E+02  0.1110031E+02  0.1224689E+01
Si  0.2182526E+02  0.1735588E+02  0.1930671E+02
Si  0.1407106E+02  0.1943217E+02  0.4161533E+01
Si  0.1207069E+02  0.1363516E+02  0.4093574E+01
Si  0.1906120E+02  0.9254361E+01  0.1017999E+01
Si  0.1773023E+02  0.1587899E+02  0.3120898E+01
Si  0.2611930E+02  0.1096244E+02  0.5795335E+01
Si  0.2076783E+02  0.1230520E+02  0.6359851E+01
Si  0.2022306E+02  0.1142696E+02  0.3435047E+01
Si  0.2607176E+02  0.5663257E+01  0.1956844E+02
Si  0.3254670E+02  0.1599993E+02  0.4907373E+01
Si  0.2235440E+02  0.7692695E+01  0.7309505E+01
Si  0.8006045E-02  0.1537094E+02  0.2607567E+00
Si  0.3081045E+01  0.1798866E+02  0.1699809E+00
Si  0.2920136E+01  0.1530081E+02  0.2861534E+01
Si  0.8296485E-01  0.1808750E+02  0.2790641E+01
Si  0.1690289E+01  0.1673070E+02  0.1406916E+01
Si  0.4292961E+01  0.1955238E+02  0.1722215E+01
Si  0.4243831E+01  0.1656162E+02  0.4183585E+01
Si  0.1364263E+01  0.1933244E+02  0.4301702E+01
Si  0.5470828E+01  0.1518847E+02  0.2224692E+00
Si  0.8023184E+01  0.1814434E+02  0.2510083E+00
Si  0.8310533E+01  0.1492746E+02  0.2996640E+01
Si  0.5433278E+01  0.1792523E+02  0.2687904E+01
Si  0.6981426E+01  0.1650557E+02  0.1605168E+01
Si  0.9616260E+01  0.1975112E+02  0.9631435E+00
Si  0.1000899E+02  0.1649767E+02  0.3715795E+01
Si  0.6951423E+01  0.1924181E+02  0.3926829E+01
Si  0.1104075E+02  0.1528274E+02  0.3072797E-01
Si  0.1464811E+02  0.1837138E+02  0.2143132E+02
Si  0.1805429E+02  0.1985341E+02  0.3322617E+01
Si  0.1083688E+02  0.1799361E+02  0.2009203E+01
Si  0.1248912E+02  0.1722120E+02  0.6669269E+00
Si  0.1452852E+02  0.1691804E+02  0.1959011E+02
Si  0.1552022E+02  0.1666163E+02  0.3206244E+01
Si  0.1490937E+02  0.2378169E+01  0.2135129E+01
Si  0.1753140E+02  0.1425565E+02  0.2035266E+02
Si  0.1582690E+02  0.9057128E+01  0.2173687E+01
Si  0.1677888E+02  0.1616092E+02  0.1067572E+01
Si  0.1705084E+02  0.2091137E+02  0.5345740E+01
Si  0.1654999E+02  0.3807298E+00  0.1926180E+02
Si  0.2488269E+02  0.1872975E+02  0.5791456E+01
Si  0.1692198E+02  0.1895140E+02  0.7131930E+01
Si  0.1030699E+02  0.2116080E+02  0.6251940E+01
Si  0.1468047E-01  0.2069395E+02  0.5531305E+01
Si  0.2672422E+01  0.1697060E+01  0.5289530E+01
Si  0.2989932E+01  0.2082520E+02  0.8037407E+01
Si  0.2338395E+00  0.1944634E+01  0.7984628E+01
Si  0.1552889E+01  0.4092954E+00  0.6575807E+01
Si  0.3987973E+01  0.3106100E+01  0.6490739E+01
Si  0.4275961E+01  0.3248393E+00  0.9408712E+01
Si  0.1651211E+01  0.3028948E+01  0.9312373E+01
Si  0.5749775E+01  0.2067402E+02  0.5415659E+01
Si  0.8162197E+01  0.1930788E+01  0.5462900E+01
Si  0.7799707E+01  0.2078688E+02  0.8238541E+01
Si  0.5308426E+01  0.1919367E+01  0.8007156E+01
Si  0.6625689E+01  0.6480031E+00  0.6955101E+01
Si  0.9407341E+01  0.3574784E+01  0.6742207E+01
Si  0.8878562E+01  0.8565678E+00  0.9280203E+01
Si  0.6441657E+01  0.3226940E+01  0.9551738E+01
Si  0.1438548E+02  0.9299160E-01  0.2976970E+01
Si  0.1334530E+02  0.1615788E+01  0.4650250E+01
Si  0.1579109E+02  0.1379928E+01  0.5406727E+01
Si  0.1068729E+02  0.1934058E+01  0.8003603E+01
Si  0.1471817E+02  0.4266032E+01  0.8853075E+01
Si  0.1817883E+02  0.1871205E+02  0.9199604E+01
Si  0.2102948E+02  0.1405841E+02  0.1297439E+02
Si  0.1352704E+02  0.4275593E+01  0.1257581E+02
Si  0.1317096E+02  0.3373960E+01  0.6806032E+01
Si  0.2142842E+02  0.4185697E+01  0.1491316E+02
Si  0.1473731E+02  0.1641412E+02  0.1615058E+02
Si  0.1144495E+02  0.5017322E+01  0.6686138E+01
Si  0.1840758E+02  0.8833111E+01  0.5643861E+01
Si  0.1627561E+02  0.6033318E+01  0.1609654E+01
Si  0.2254415E+02  0.1494933E+01  0.1865492E+01
Si  0.1938904E+02  0.2163602E+02  0.1316833E+01
Si  0.4980720E-01  0.5009036E+01  0.5361154E+01
Si  0.2729245E+01  0.7525443E+01  0.5461709E+01
Si  0.2978820E+01  0.4507078E+01  0.7910100E+01
Si  0.1185548E+00  0.7155471E+01  0.7981545E+01
Si  0.1535881E+01  0.5896492E+01  0.6841468E+01
Si  0.4367074E+01  0.8638179E+01  0.7028116E+01
Si  0.4390859E+01  0.5650143E+01  0.9318025E+01
Si  0.1415242E+01  0.8497044E+01  0.9133767E+01
Si  0.5274896E+01  0.4434468E+01  0.5369639E+01
Si  0.8236288E+01  0.7029169E+01  0.5362225E+01
Si  0.7308422E+01  0.5115785E+01  0.8630981E+01
Si  0.5974717E+01  0.7256125E+01  0.8429863E+01
Si  0.7609499E+01  0.5088774E+01  0.6322994E+01
Si  0.9590571E+01  0.8278737E+01  0.6915727E+01
Si  0.9538013E+01  0.5288776E+01  0.9715955E+01
Si  0.6888028E+01  0.8797470E+01  0.9638146E+01
Si  0.1353672E+02  0.2244436E+01  0.9188488E+01
Si  0.1368310E+02  0.6005082E+01  0.6505761E+01
Si  0.1353837E+02  0.9943398E+01  0.2684037E+01
Si  0.1096877E+02  0.6980373E+01  0.8513250E+01
Si  0.1108699E+02  0.4430615E+01  0.4572908E+01
Si  0.1628182E+02  0.7176182E+01  0.9645026E+01
Si  0.1503021E+02  0.1006208E+02  0.5795374E+01
Si  0.1442268E+02  0.5598920E+01  0.1079902E+02
Si  0.1788292E+02  0.1125324E+02  0.9492034E+01
Si  0.1464563E+02  0.1839911E+02  0.6379141E+01
Si  0.1503051E+02  0.8365361E+01  0.1154893E+02
Si  0.1745392E+02  0.1103410E+02  0.7220850E+01
Si  0.2254120E+02  0.7755727E+01  0.4985479E+01
Si  0.1344463E+02  0.1234694E+02  0.1438698E+02
Si  0.2444644E+02  0.1744802E+02  0.1120933E+02
Si  0.1377889E+02  0.2147006E+02  0.1019046E+02
Si  0.6505914E+02  0.9736007E+01  0.5391336E+01
Si  0.2746070E+01  0.1265553E+02  0.5399696E+01
Si  0.2696495E+01  0.1006808E+02  0.7781260E+01
Si  0.1314848E+00  0.1272700E+02  0.8175913E+01
Si  0.1112797E+01  0.1141398E+02  0.6437891E+01
Si  0.4189258E+01  0.1369518E+02  0.6650751E+01
Si  0.3933407E+01  0.1153769E+02  0.9426544E+01
Si  0.1439039E+01  0.1424945E+02  0.9240018E+01
Si  0.5535023E+01  0.1001018E+02  0.5530453E+01
Si  0.7987574E+01  0.1301173E+02  0.5281183E+01
Si  0.8529300E+01  0.1005606E+02  0.8179414E+01
Si  0.5476189E+01  0.1247539E+02  0.8060828E+01
Si  0.6959403E+01  0.1119322E+02  0.6689452E+01
Si  0.9636706E+01  0.1430166E+02  0.6599828E+01
Si  0.9641739E+01  0.1155380E+02  0.9608397E+01
Si  0.6674075E+01  0.1404805E+02  0.9433928E+01
Si  0.1059471E+02  0.9963114E+01  0.5349407E+01
Si  0.1388031E+02  0.1183517E+02  0.3802266E+01
Si  0.1255092E+02  0.7152209E+01  0.1045057E+02
Si  0.1078494E+02  0.1301561E+02  0.8076529E+01
Si  0.1188383E+02  0.1099615E+02  0.6949048E+01
Si  0.1559930E+02  0.1634174E+02  0.6954754E+01
Si  0.1537147E+02  0.1393070E+02  0.1355584E+02
Si  0.1218716E+02  0.1436494E+02  0.9332684E+01
Si  0.2111487E+02  0.9014640E+01  0.8761340E+01
Si  0.1614407E+02  0.1345549E+02  0.5446484E+01
Si  0.2948920E+02  0.9170943E+01  0.4433386E+01
Si  0.2326710E+02  0.1095384E+02  0.1305718E+02
Si  0.2735022E+02  0.1890949E+02  0.1389869E+02
Si  0.2723964E+02  0.1385056E+01  0.2740871E+01
Si  0.2173028E+02  0.7246955E+01  0.1339561E+02
Si  0.2450272E+02  0.1496823E+02  0.1954480E+02
Si  0.2014479E+00  0.1524288E+02  0.5323311E+01
Si  0.2829098E+01  0.1798779E+02  0.5626381E+01
Si  0.2969839E+01  0.1539348E+02  0.7958600E+01
Si  0.1637001E+00  0.1788669E+02  0.8227638E+01
Si  0.1590019E+01  0.1663432E+02  0.6749654E+01
Si  0.4388022E+01  0.1948035E+02  0.6775045E+01
Si  0.4231819E+01  0.1673156E+02  0.9369005E+01
Si  0.1585737E+01  0.1945068E+02  0.9340558E+01
Si  0.5260548E+01  0.1539394E+02  0.5627108E+01
Si  0.8303715E+01  0.1790345E+02  0.5232346E+01
Si  0.7903560E+01  0.1537079E+02  0.8189819E+01
Si  0.5786243E+01  0.1809626E+02  0.7971357E+01
Si  0.6834118E+01  0.1668287E+02  0.6533548E+01
Si  0.9972088E+01  0.1887252E+02  0.6671804E+01
Si  0.1006247E+02  0.1657632E+02  0.9050227E+01
Si  0.6988389E+01  0.1933062E+02  0.9779344E+01
Si  0.1133777E+02  0.1546715E+02  0.5403569E+01
Si  0.1220021E+02  0.6757834E-03  0.7537094E+01
Si  0.1170675E+02  0.1967327E+02  0.3386733E+01
Si  0.1266795E+02  0.1663104E+02  0.8707479E+01
Si  0.1435039E+02  0.1476833E+02  0.4142235E+01
Si  0.1882890E+02  0.1534952E+02  0.2171034E+00
Si  0.1996691E+02  0.2057514E+02  0.4825306E+01
Si  0.1206307E+02  0.1766518E+02  0.6556863E+01
Si  0.1834858E+02  0.5634466E+01  0.7104520E+01
Si  0.2167511E+02  0.1698676E+02  0.3652782E+01
Si  0.2137135E+02  0.9237491E+01  0.3613007E+01
Si  0.1859085E+02  0.2143184E+02  0.1091816E+02
Si  0.1917366E+02  0.1495043E+02  0.7949335E+01
Si  0.1571005E+02  0.6985498E+01  0.3672244E+01
Si  0.1310172E+02  0.1928531E+02  0.8188523E+01
Si  0.1412753E+02  0.2144132E+02  0.1408247E+02
Si  0.2946452E+00  0.2087687E+02  0.1093009E+02
Si  0.2934758E+01  0.1635073E+01  0.1083685E+02
Si  0.2459275E+01  0.2082325E+02  0.1357424E+02
Si  0.8040938E-01  0.1841385E+01  0.1361302E+02
Si  0.1398645E+01  0.8308728E+00  0.1209274E+02
Si  0.4027819E+01  0.2800723E+01  0.1242881E+02
Si  0.4016032E+01  0.8348021E-01  0.1504003E+02
Si  0.1345966E+01  0.3076071E+01  0.1513138E+02
Si  0.5323160E+01  0.2061788E+02  0.1086084E+02
Si  0.7839823E+01  0.1716341E+01  0.1092604E+02
Si  0.8236139E+01  0.2099373E+02  0.1389501E+02
Si  0.5508209E+01  0.1453422E+01  0.1371030E+02
Si  0.6678188E+01  0.2160215E+02  0.1242576E+02
Si  0.9284446E+01  0.2881300E+01  0.1221861E+02
Si  0.9879904E+01  0.1359387E+00  0.1542263E+02
Si  0.6870192E+01  0.2872664E+01  0.1526732E+02
Si  0.1230380E+02  0.2116026E+02  0.1219684E+02
Si  0.2271615E+02  0.3696919E+01  0.1140199E+02
Si  0.1856558E+02  0.1628106E+02  0.1340796E+02
Si  0.1093530E+02  0.1267421E+01  0.1330510E+02
Si  0.9239212E+01  0.1876405E+02  0.8752902E+01
Si  0.1874318E+02  0.9247539E+01  0.8160145E+01
Si  0.1367367E+02  0.1763136E+02  0.1455823E+02
Si  0.1240917E+02  0.2155110E+01  0.1587556E+02
Si  0.2064499E+02  0.1549693E+01  0.7250672E+01
Si  0.2091699E+02  0.3371282E+00  0.1668800E+02
Si  0.1955703E+02  0.2150113E+02  0.1484923E+02
Si  0.2178045E+02  0.5463840E+01  0.1044899E+02
Si  0.1961297E+02  0.6685577E+01  0.1301549E+02
Si  0.1920538E+02  0.5824687E+01  0.3602216E+01
Si  0.1969096E+02  0.1215471E+01  0.1876703E+02
Si  0.1815807E+02  0.5253788E+01  0.9581451E+01
Si  0.1858237E+00  0.4237632E+01  0.1054331E+02
Si  0.2850966E+01  0.6935657E+01  0.1061231E+02
Si  0.2552280E+01  0.4532533E+01  0.1357032E+02
Si  0.6050048E-01  0.7323244E+01  0.1341430E+02
Si  0.1437672E+01  0.5868781E+01  0.1196999E+02
Si  0.4060374E+01  0.8666590E+01  0.1197677E+02
Si  0.3894894E+01  0.5823312E+01  0.1501040E+02
Si  0.1654345E+01  0.8588420E+01  0.1485003E+02
Si  0.5210684E+01  0.4339011E+01  0.1119854E+02
Si  0.8125654E+01  0.6922714E+01  0.1079017E+02
Si  0.7916512E+01  0.4348814E+01  0.1368673E+02
Si  0.5237158E+01  0.7112493E+01  0.1353225E+02
Si  0.6735192E+01  0.5848891E+01  0.1220223E+02
Si  0.8968954E+01  0.8309173E+01  0.1270407E+02
Si  0.9429346E+01  0.5544350E+01  0.1524603E+02
Si  0.6581201E+01  0.8394435E+01  0.1506590E+02
Si  0.1083633E+02  0.3159677E+01  0.1028147E+02
Si  0.1289734E+02  0.9691027E+01  0.8693079E+01
Si  0.1379311E+02  0.1972635E+01  0.1147790E+02
Si  0.1069201E+02  0.6797288E+01  0.1365901E+02
Si  0.1133217E+02  0.5061677E+01  0.1178710E+02
Si  0.1365656E+02  0.1098309E+02  0.1614487E+02
Si  0.1608579E+02  0.5327767E+01  0.1674416E+02
Si  0.1223292E+02  0.8279143E+01  0.1518146E+02
Si  0.1469689E+02  0.5906765E+00  0.8097309E+01
Si  0.1616585E+02  0.2737746E+01  0.1149858E+02
Si  0.2655851E+02  0.1154822E+02  0.8130834E+01
Si  0.1134412E+02  0.1008271E+02  0.1060332E+02
Si  0.2670629E+02  0.1027415E+02  0.1203425E+02
Si  0.1788082E+02  0.3534100E+01  0.1478553E+02
Si  0.2139100E+02  0.5647951E+01  0.4657721E+01
Si  0.1956509E+02  0.4883873E+01  0.1134761E+02
Si  0.1452015E+00  0.9758140E+01  0.1063134E+02
Si  0.2625903E+01  0.1305649E+02  0.1078601E+02
Si  0.2825987E+01  0.1003789E+02  0.1329023E+02
Si  0.2257663E+00  0.1247048E+02  0.1347812E+02
Si  0.1369602E+01  0.1144480E+02  0.1180771E+02
Si  0.4321114E+01  0.1420247E+02  0.1261209E+02
Si  0.4294390E+01  0.1102521E+02  0.1470885E+02
Si  0.1704912E+01  0.1370295E+02  0.1480453E+02
Si  0.5383811E+01  0.1014188E+02  0.1072612E+02
Si  0.8159247E+01  0.1278784E+02  0.1094316E+02
Si  0.8023683E+01  0.9939978E+01  0.1410593E+02
Si  0.5772069E+01  0.1264380E+02  0.1378657E+02
Si  0.6915411E+01  0.1104617E+02  0.1231886E+02
Si  0.9895780E+01  0.1364008E+02  0.1247167E+02
Si  0.9757816E+01  0.1132491E+02  0.1526751E+02
Si  0.7097743E+01  0.1409490E+02  0.1480734E+02
Si  0.1147066E+02  0.8637505E+01  0.1222428E+02
Si  0.1439492E+02  0.1507637E+02  0.1157064E+02
Si  0.1769354E+02  0.1728317E+02  0.1621033E+02
Si  0.1111227E+02  0.1316787E+02  0.1451709E+02
Si  0.1240267E+02  0.1223685E+02  0.1101588E+02
Si  0.1558785E+02  0.1330784E+02  0.9905868E+01
Si  0.1547038E+02  0.7010990E+01  0.1952622E+02
Si  0.1322932E+02  0.1488713E+02  0.1699041E+02
Si  0.2164418E+02  0.7767423E+01  0.1090554E+02
Si  0.2438250E+02  0.2092570E+02  0.4776882E+01
Si  0.1784299E+02  0.1200148E+02  0.2081094E+02
Si  0.1362326E+02  0.8880430E+01  0.1339414E+02
Si  0.2762880E+02  0.7864709E+01  0.7716335E+01
Si  0.2878940E+02  0.7584386E+01  0.1102773E+02
Si  0.2878534E+02  0.1421146E+02  0.1926196E+00
Si  0.1472572E+02  0.1249080E+02  0.1949543E+02
Si  0.1243781E+00  0.1542685E+02  0.1106925E+02
Si  0.2821373E+01  0.1810974E+02  0.1068125E+02
Si  0.2749026E+01  0.1544619E+02  0.1379846E+02
Si  0.6513534E+02  0.1820131E+02  0.1366437E+02
Si  0.1556342E+01  0.1696110E+02  0.1244488E+02
Si  0.3891422E+01  0.1938162E+02  0.1244118E+02
Si  0.4074692E+01  0.1675981E+02  0.1510417E+02
Si  0.1140854E+01  0.1952892E+02  0.1487956E+02
Si  0.5585343E+01  0.1543437E+02  0.1100579E+02
Si  0.8947890E+01  0.1850700E+02  0.1134176E+02
Si  0.8226912E+01  0.1526810E+02  0.1328262E+02
Si  0.5472768E+01  0.1804131E+02  0.1353225E+02
Si  0.7121232E+01  0.1699413E+02  0.1220718E+02
Si  0.1016135E+02  0.1976786E+02  0.1289547E+02
Si  0.9651249E+01  0.1645994E+02  0.1468811E+02
Si  0.6996831E+01  0.1915416E+02  0.1491645E+02
Si  0.1183455E+02  0.1461150E+02  0.1158910E+02
Si  0.1989613E+02  0.1610331E+02  0.1634146E+02
Si  0.1677808E+02  0.1530939E+02  0.1074925E+02
Si  0.1131818E+02  0.1767551E+02  0.1366690E+02
Si  0.1102106E+02  0.1700607E+02  0.1145130E+02
Si  0.1419852E+02  0.2133444E+02  0.6109991E+01
Si  0.1871389E+02  0.1156786E+02  0.1431809E+01
Si  0.1330016E+02  0.1987550E+02  0.1554857E+02
Si  0.2086862E+02  0.1594444E+02  0.1434061E+02
Si  0.1722804E+02  0.7304623E+01  0.1266132E+02
Si  0.1694789E+02  0.1362183E+02  0.7795200E+01
Si  0.1402983E+02  0.1221355E+02  0.6183208E+01
Si  0.1737212E+02  0.1565202E+02  0.5463891E+01
Si  0.1746273E+02  0.3027499E+01  0.2043353E+02
Si  0.2505378E+02  0.1971144E+02  0.2681428E+01
Si  0.1614218E+02  0.2109899E+02  0.1577294E+02
Si  0.6492968E+02  0.2079963E+02  0.1633248E+02
Si  0.2523176E+01  0.1691581E+01  0.1624982E+02
Si  0.3036677E+01  0.2065076E+02  0.1897594E+02
Si  0.8724849E-01  0.1557056E+01  0.1900925E+02
Si  0.1401873E+01  0.2764792E+00  0.1759880E+02
Si  0.4019510E+01  0.2948067E+01  0.1754308E+02
Si  0.4119453E+01  0.6246945E+00  0.2030421E+02
Si  0.1345373E+01  0.3136216E+01  0.2038240E+02
Si  0.5609176E+01  0.2046418E+02  0.1627091E+02
Si  0.8232476E+01  0.1574396E+01  0.1648878E+02
Si  0.8342858E+01  0.2034108E+02  0.1908245E+02
Si  0.5612004E+01  0.1888370E+01  0.1879755E+02
Si  0.6899018E+01  0.2164738E+02  0.1786595E+02
Si  0.9502268E+01  0.3006326E+01  0.1742054E+02
Si  0.9471400E+01  0.2961625E+00  0.2051637E+02
Si  0.6884122E+01  0.3281138E+01  0.2028949E+02
Si  0.1118832E+02  0.1997081E+02  0.1660944E+02
Si  0.1486778E+02  0.2799338E+01  0.1557303E+02
Si  0.1595089E+02  0.1772383E+02  0.1791299E+02
Si  0.1097887E+02  0.1688589E+01  0.1884417E+02
Si  0.1234446E+02  0.2472831E+00  0.1733473E+02
Si  0.1456716E+02  0.1918035E+02  0.1020320E+02
Si  0.1478584E+02  0.4710354E+00  0.2102695E+02
Si  0.1188242E+02  0.3252033E+01  0.2058179E+02
Si  0.1945452E+02  0.1668649E+02  0.1996648E+02
Si  0.3082905E+02  0.5307719E+01  0.1843434E+02
Si  0.2157828E+02  0.5637730E+01  0.1770348E+02
Si  0.2042484E+02  0.2338900E+01  0.1673821E+01
Si  0.1492289E+02  0.2021640E+02  0.1808046E+02
Si  0.3371774E+02  0.1006874E+02  0.1138649E+02
Si  0.1877000E+02  0.1425777E+02  0.1187355E+02
Si  0.1565907E+02  0.3965319E+01  0.1144105E+00
Si  0.6504169E+02  0.4474006E+01  0.1633000E+02
Si  0.2973797E+01  0.7291306E+01  0.1617150E+02
Si  0.2845451E+01  0.4519010E+01  0.1893690E+02
Si  0.6514447E+02  0.7392302E+01  0.1868018E+02
Si  0.1357421E+01  0.5950610E+01  0.1755770E+02
Si  0.4120914E+01  0.8637882E+01  0.1768220E+02
Si  0.3947566E+01  0.5806240E+01  0.2019369E+02
Si  0.1369948E+01  0.8401749E+01  0.2040423E+02
Si  0.5207365E+01  0.4284944E+01  0.1609110E+02
Si  0.8138898E+01  0.6968613E+01  0.1638814E+02
Si  0.8136537E+01  0.4518091E+01  0.1875951E+02
Si  0.5515375E+01  0.7194395E+01  0.1901571E+02
Si  0.6757534E+01  0.5699982E+01  0.1762163E+02
Si  0.9558619E+01  0.8226966E+01  0.1779904E+02
Si  0.9546219E+01  0.6014375E+01  0.2033111E+02
Si  0.6676546E+01  0.8555339E+01  0.2046003E+02
Si  0.1125632E+02  0.4311375E+01  0.1621456E+02
Si  0.1478119E+02  0.7331746E+01  0.1736079E+02
Si  0.1399225E+02  0.5997109E+01  0.5607550E+00
Si  0.1098182E+02  0.6788977E+01  0.1883135E+02
Si  0.1261600E+02  0.6236160E+01  0.1700187E+02
Si  0.1415786E+02  0.7582997E+01  0.8416489E+01
Si  0.1402086E+02  0.4238076E+01  0.1732505E+02
Si  0.1271809E+02  0.8625259E+01  0.2042096E+02
Si  0.2187000E+02  0.2793808E+01  0.1690874E+02
Si  0.3049061E+02  0.5662516E+01  0.1207288E+02
Si  0.2204496E+02  0.5397861E+01  0.8021460E+01
Si  0.2087634E+02  0.1035031E+02  0.1777453E+02
Si  0.1797997E+02  0.2776173E+00  0.1731966E+02
Si  0.2010750E+02  0.1142803E+02  0.1575046E+02
Si  0.2352411E+02  0.5952817E+01  0.1921512E+02
Si  0.2082713E+02  0.8886385E+01  0.2113715E+02
Si  0.3174220E+00  0.9648132E+01  0.1632436E+02
Si  0.3251274E+01  0.1271315E+02  0.1611361E+02
Si  0.2801288E+01  0.9982391E+01  0.1902241E+02
Si  0.2759721E+00  0.1259730E+02  0.1900927E+02
Si  0.1479898E+01  0.1124391E+02  0.1749753E+02
Si  0.4480821E+01  0.1431647E+02  0.1762714E+02
Si  0.4016578E+01  0.1164893E+02  0.2027117E+02
Si  0.1417222E+01  0.1418409E+02  0.2037769E+02
Si  0.5606793E+01  0.9736948E+01  0.1639881E+02
Si  0.8308143E+01  0.1271772E+02  0.1646997E+02
Si  0.8188554E+01  0.9719566E+01  0.1903921E+02
Si  0.5643226E+01  0.1274349E+02  0.1900159E+02
Si  0.7038500E+01  0.1126562E+02  0.1780165E+02
Si  0.9554618E+01  0.1430569E+02  0.1769537E+02
Si  0.9446513E+01  0.1093646E+02  0.2025387E+02
Si  0.6839846E+01  0.1414343E+02  0.2033251E+02
Si  0.1090653E+02  0.9701634E+01  0.1644138E+02
Si  0.1493825E+02  0.1296909E+02  0.1721012E+02
Si  0.1706182E+02  0.8913454E+01  0.1865772E+00
Si  0.1056922E+02  0.1295245E+02  0.1918874E+02
Si  0.1149812E+02  0.1138568E+02  0.1782616E+02
Si  0.1334142E+02  0.1051657E+02  0.1904890E+02
Si  0.1541935E+02  0.9538133E+01  0.2019511E+02
Si  0.1274680E+02  0.1504961E+02  0.2142370E+01
Si  0.1543529E+02  0.4634271E+01  0.1404965E+02
Si  0.2106141E+02  0.1820448E+02  0.1714281E+02
Si  0.2626348E+02  0.7285663E+01  0.1513178E+02
Si  0.2301328E+02  0.1401882E+02  0.1026042E+02
Si  0.1679731E+02  0.7069749E+01  0.1497313E+02
Si  0.1941733E+02  0.1326846E+02  0.9510640E+01
Si  0.2496837E+02  0.3681976E+01  0.1423057E+02
Si  0.1746745E+02  0.1265869E+02  0.1301379E+02
Si  0.4094428E+00  0.1529693E+02  0.1589718E+02
Si  0.2490341E+01  0.1793263E+02  0.1636902E+02
Si  0.3066739E+01  0.1529608E+02  0.1912546E+02
Si  0.1086566E+00  0.1811873E+02  0.1907515E+02
Si  0.1466490E+01  0.1661106E+02  0.1782285E+02
Si  0.4120967E+01  0.1924332E+02  0.1772522E+02
Si  0.4262636E+01  0.1664695E+02  0.2059174E+02
Si  0.1607533E+01  0.1935426E+02  0.2036403E+02
Si  0.5652733E+01  0.1551128E+02  0.1602796E+02
Si  0.8226801E+01  0.1776466E+02  0.1625598E+02
Si  0.8038765E+01  0.1549631E+02  0.1916059E+02
Si  0.5616575E+01  0.1790092E+02  0.1920306E+02
Si  0.6838916E+01  0.1654178E+02  0.1742237E+02
Si  0.9525783E+01  0.1891326E+02  0.1805504E+02
Si  0.9304740E+01  0.1664698E+02  0.2063793E+02
Si  0.6699075E+01  0.1930615E+02  0.2057894E+02
Si  0.1101890E+02  0.1491337E+02  0.1580484E+02
Si  0.1706570E+02  0.1406058E+02  0.1677120E+02
Si  0.1211991E+02  0.1394516E+02  0.2040726E+02
Si  0.1107318E+02  0.1794688E+02  0.1934758E+02
Si  0.1257446E+02  0.1606584E+02  0.1890705E+02
Si  0.1626094E+02  0.2016619E+02  0.1335312E+02
Si  0.1873323E+02  0.1879269E+02  0.2107447E+02
Si  0.1265671E+02  0.1933030E+02  0.2030254E+02
Si  0.1697968E+02  0.1033027E+02  0.1654716E+02
Si  0.2122109E+02  0.1962148E+02  0.9743718E+01
Si  0.2148160E+02  0.8036483E+01  0.1801920E+02
Si  0.1692893E+02  0.1839769E+02  0.7105829E+00
Si  0.2000075E+02  0.1372975E+02  0.1621615E+02
Si  0.2084976E+02  0.2133535E+02  0.1149352E+02
Si  0.2465835E+02  0.1508964E+02  0.9789967E+00
Si  0.1423291E+02  0.3921407E+01  0.1967176E+02
Si  0.3243083E+02  0.1746837E+02  0.8782497E+01
Si  0.2770341E+02  0.2198673E+01  0.1682832E+02
Si  0.1674076E+02  0.1122237E+02  0.2497668E+01
Si  0.2346535E+02  0.1359427E+02  0.7103624E+01
Si  0.3256531E+02  0.1557702E+01  0.2159473E+02
Si  0.4035192E+02  0.1190294E+02  0.1053946E+02
Si  0.4508275E+02  0.2087689E+02  0.1924623E+02
Si  0.3441872E+02  0.4616826E+01  0.4399708E+01
Si  0.2764173E+02  0.8113367E+01  0.1864906E+02
Si  0.2518218E+02  0.1451390E+02  0.9661760E+01
Si  0.1698216E+02  0.9523470E+01  0.1310247E+02
Si  0.4572063E+02  0.7628980E+01  0.1370733E+02
Si  0.2970224E+02  0.1091683E+02  0.1969763E+02
Si  0.4026314E+02  0.1564066E+02  0.1305090E+01
Si  0.3798448E+02  0.5407531E+01  0.1257324E+02
Si  0.2544297E+02  0.1264369E+02  0.3138401E+01
Si  0.3061992E+02  0.1197881E+02  0.2919268E+01
Si  0.3391401E+02  0.9288686E+01  0.1663833E+02
Si  0.4197610E+02  0.1518151E+02  0.1039899E+02
Si  0.2234778E+02  0.1437125E+01  0.1082952E+02
Si  0.2392341E+02  0.9965930E+01  0.4881518E+01
Si  0.3807370E+02  0.1296600E+02  0.7378484E+01
Si  0.2355070E+02  0.8111013E+01  0.1627382E+02
Si  0.2680093E+02  0.1697431E+02  0.8270363E+01
Si  0.4820298E+02  0.1331372E+02  0.1353005E+02
Si  0.1782325E+02  0.1208345E+02  0.1527530E+02
Si  0.3809305E+02  0.5513631E+01  0.5690784E+00
Si  0.3238117E+02  0.3105873E+01  0.1151147E+02
Si  0.3748096E+02  0.7790159E+00  0.1913185E+02
Si  0.2323760E+02  0.1603901E+02  0.1288843E+02
Si  0.3923911E+02  0.1048774E+02  0.1380114E+02
Si  0.4111854E+02  0.1550782E+02  0.1780052E+02
Si  0.2806289E+02  0.7122433E+01  0.3286151E+01
Si  0.3619494E+02  0.6649429E+01  0.1718808E+02
Si  0.2787141E+02  0.4538505E+01  0.8397932E+01
Si  0.2172274E+02  0.1286770E+02  0.8653532E+01
Si  0.4259016E+02  0.2402599E+01  0.9959812E+01
Si  0.2465336E+02  0.1790481E+02  0.1826217E+02
Si  0.3265076E+02  0.1146933E+02  0.1660741E+01
Si  0.3015202E+02  0.5929452E+01  0.9621927E+01
Si  0.4668110E+02  0.7861216E+01  0.1805531E+02
Si  0.3165573E+02  0.1494426E+02  0.2650416E+01
Si  0.2312089E+02  0.1328554E+02  0.1110425E+01
Si  0.2924140E+02  0.6447668E+01  0.7565818E+01
Si  0.3349358E+02  0.1555003E+01  0.4198240E+01
Si  0.3488684E+02  0.1455693E+01  0.1033186E+02
Si  0.3012470E+02  0.4017844E+00  0.1381903E+02
Si  0.2424569E+02  0.1639026E+01  0.1639409E+02
Si  0.3333653E+02  0.1913116E+02  0.1605270E+02
Si  0.3865222E+02  0.4430264E+01  0.5349374E+01
Si  0.3474361E+02  0.1520814E+02  0.2081934E+02
Si  0.1712453E+02  0.1071807E+02  0.1895093E+02
Si  0.4458897E+02  0.1687608E+02  0.6972683E+01
Si  0.2626591E+02  0.3883736E+01  0.6495654E+01
Si  0.4103119E+02  0.1394649E+01  0.5628956E+01
Si  0.2815570E+02  0.3431800E+01  0.1927558E+01
Si  0.4185564E+02  0.9834937E+01  0.3014859E+01
Si  0.3392721E+02  0.1547060E+01  0.1255849E+02
Si  0.2782490E+02  0.1457060E+02  0.4239581E+01
Si  0.3990107E+02  0.1807805E+02  0.4185459E+01
Si  0.2550451E+02  0.9473506E+01  0.1583970E+02
Si  0.4863652E+02  0.6508198E+01  0.7893067E+01
Si  0.1654669E+02  0.1549077E+02  0.1480256E+02
Si  0.2799640E+02  0.1724170E+02  0.1720319E+02
Si  0.3689434E+02  0.1079554E+02  0.1056530E+02
Si  0.1472804E+02  0.1448485E+02  0.8891358E+00
Si  0.1974697E+02  0.1072292E+02  0.1994357E+02
Si  0.2404838E+02  0.8133695E+01  0.1090917E+02
Si  0.2813440E+02  0.1489756E+02  0.1933170E+02
Si  0.2636476E+02  0.8882159E+01  0.2059192E+02
Si  0.4639621E+02  0.1179039E+02  0.1824087E+02
Si  0.2357068E+02  0.1751723E+02  0.2174222E+00
Si  0.3447628E+02  0.8571234E+01  0.9719998E+01
Si  0.3022929E+02  0.1299925E+02  0.2067980E+02
Si  0.2680077E+02  0.1939277E+02  0.1881629E+02
Si  0.1704741E+02  0.4012160E+01  0.1847812E+02
Si  0.3015307E+02  0.2083101E+01  0.2144271E+02
Si  0.4344097E+02  0.3506559E+01  0.1381449E+02
Si  0.4372940E+02  0.1237524E+02  0.6772652E+01
Si  0.3608831E+02  0.2373045E+01  0.1298315E+02
Si  0.3848379E+02  0.1667126E+02  0.5777618E+01
Si  0.2765939E+02  0.1566075E+02  0.1182334E+02
Si  0.3106109E+02  0.3065082E+01  0.1446849E+02
Si  0.2977814E+02  0.1953812E+02  0.1352447E+02
Si  0.3363927E+02  0.1717170E+02  0.1764655E+02
Si  0.3269312E+02  0.8343478E+01  0.1247902E+02
Si  0.2922613E+02  0.1376553E+02  0.9754350E+01
Si  0.3582949E+02  0.1139713E+02  0.5927046E+01
Si  0.3393252E+02  0.4673179E+01  0.1327829E+02
Si  0.3801846E+02  0.2700790E+01  0.2938422E+01
Si  0.3050075E+02  0.6666620E+01  0.3643762E+01
Si  0.3211136E+02  0.2151223E+02  0.8330111E+01
Si  0.4125186E+02  0.7487643E+01  0.2124973E+02
Si  0.3907035E+02  0.1937940E+02  0.2377912E+01
Si  0.4021867E+02  0.2086194E+02  0.9811337E+00
Si  0.1848837E+02  0.8530611E+01  0.1619971E+02
Si  0.2463560E+02  0.1750879E+02  0.8848376E+01
Si  0.3428630E+02  0.2108738E+02  0.8948724E+01
Si  0.1719132E+02  0.1642448E+02  0.8714034E+01
Si  0.2499996E+02  0.1991911E+02  0.1688102E+02
Si  0.3259026E+02  0.1274960E+02  0.7319539E+01
Si  0.2172406E+02  0.1335887E+02  0.3192622E+01
Si  0.2640881E+02  0.1333181E+02  0.5550559E+00
Si  0.1635677E+02  0.1132143E+02  0.1121469E+02
Si  0.3639468E+02  0.1255230E+02  0.8954179E+01
Si  0.3275530E+02  0.1689848E+02  0.1123562E+02
Si  0.3693813E+02  0.6079644E+01  0.1479656E+02
Si  0.4049800E+02  0.4521233E+01  0.1305547E+02
Si  0.3909227E+02  0.6111447E+01  0.1842878E+02
Si  0.2861719E+02  0.1078330E+02  0.2997703E+01
Si  0.3177646E+02  0.6003550E+01  0.1630888E+02
Si  0.4495711E+02  0.8109196E+01  0.3338169E+01
Si  0.3248969E+02  0.1234475E+02  0.1494182E+02
Si  0.3197855E+02  0.2584953E+01  0.1644978E+02
Si  0.3859092E+02  0.8428486E+01  0.1902231E+02
Si  0.2487935E+02  0.2010683E+02  0.1039688E+02
Si  0.3767459E+02  0.2206145E+01  0.5213257E+01
Si  0.2449317E+02  0.7996255E+01  0.3419350E+01
Si  0.4239866E+02  0.1942571E+02  0.1998433E+02
Si  0.4298975E+02  0.1931352E+02  0.2739208E+01
Si  0.3103694E+02  0.1236749E+02  0.5310877E+01
Si  0.3562753E+02  0.3942450E+01  0.1470148E+02
Si  0.1761281E+02  0.6438539E+01  0.1831202E+02
Si  0.4486022E+02  0.5713580E+01  0.1122650E+02
Si  0.1414357E+02  0.1112351E+02  0.1227866E+02
Si  0.3065502E+02  0.5766874E+01  0.5742508E+01
Si  0.3040708E+02  0.4233351E+01  0.3018845E+01
Si  0.3446239E+02  0.1354842E+02  0.8247986E+01
Si  0.1225100E+02  0.1914485E+02  0.1092349E+02
Si  0.3747803E+02  0.4737868E+00  0.1330636E+02
Si  0.2012268E+02  0.1528889E+02  0.2641192E+01
Si  0.2791965E+02  0.2077206E+02  0.2051180E+02
Si  0.2648772E+02  0.4832945E+01  0.1202925E+01
Si  0.3435022E+02  0.1848051E+02  0.8272236E+01
Si  0.4714723E+02  0.1943990E+02  0.1851657E+02
Si  0.1926249E+02  0.9206896E+01  0.1416921E+02
Si  0.2448943E+02  0.3114752E+01  0.4880506E+01
Si  0.3606294E+02  0.8030215E+01  0.1905220E+02
Si  0.2493548E+02  0.1874396E+02  0.1473343E+02
Si  0.3553202E+02  0.9001760E+01  0.5875906E+01
Si  0.2436783E+02  0.8302254E+01  0.8514687E+01
Si  0.3325565E+02  0.5470475E+01  0.1102630E+02
Si  0.2705185E+02  0.7863260E+01  0.1275226E+02
Si  0.3220149E+02  0.1472329E+02  0.1138332E+02
Si  0.2708292E+02  0.2081697E+02  0.8185583E+01
Si  0.4723369E+02  0.1978061E+02  0.8492097E+01
Si  0.3316097E+02  0.3329444E+01  0.8032527E+01
Si  0.3215288E+02  0.1739176E+02  0.1966472E+02
Si  0.2266849E+02  0.1555312E+02  0.2069131E+02
Si  0.3253266E+02  0.9838473E+01  0.3700892E+01
Si  0.3796482E+02  0.1057301E+02  0.4615050E+01
Si  0.2449662E+02  0.3626791E+01  0.2546244E-03
Si  0.1723712E+02  0.2469159E+01  0.1690567E+02
Si  0.3870986E+02  0.1635326E+01  0.1703341E+02
Si  0.1432420E+02  0.1485080E+02  0.8353684E+01
Si  0.2656311E+02  0.1300362E+02  0.1422387E+02
Si  0.3909380E+02  0.9999588E+01  0.1143510E+02
Si  0.3520783E+02  0.3976509E+01  0.1023495E+02
Si  0.3875560E+02  0.1355390E+02  0.1445171E+02
Si  0.3267701E+02  0.7090924E+01  0.6001859E+01
Si  0.4006253E+02  0.8004444E+01  0.5913840E+01
Si  0.2277958E+02  0.1821358E+02  0.5333844E+01
Si  0.2803173E+02  0.2073078E+02  0.1699021E+02
Si  0.2479780E+02  0.1142908E+01  0.6003326E+01
Si  0.5095608E+02  0.1974979E+02  0.3863133E+01
Si  0.3157573E+02  0.8386174E+01  0.1669516E+02
Si  0.2492895E+02  0.1491333E+01  0.2899144E+01
Si  0.3187499E+02  0.9481248E+01  0.6013891E+01
Si  0.4514828E+02  0.9428667E+01  0.1229354E+01
Si  0.2789231E+02  0.1918051E+02  0.4386159E+01
Si  0.3319588E+02  0.1451141E+02  0.1376251E+02
Si  0.2500525E+02  0.4281261E+01  0.1195273E+02
Si  0.2984788E+02  0.1050492E+02  0.6333030E+01
Si  0.3519537E+02  0.1548775E+02  0.6993189E+01
Si  0.3724354E+02  0.1273389E+02  0.7927772E+00
Si  0.3661382E+02  0.1383177E+02  0.2012871E+02
Si  0.3109790E+02  0.1993415E+02  0.2085885E+02
Si  0.2478111E+02  0.2349147E+01  0.8052124E+01
Si  0.3313549E+02  0.1076195E+02  0.1828586E+02
Si  0.2722214E+02  0.7305807E+01  0.1042166E+01
Si  0.3763903E+02  0.1762138E+02  0.1529312E+02
Si  0.2942906E+02  0.7043567E+01  0.1962564E+02
Si  0.1762768E+02  0.3008868E+01  0.5741997E+01
Si  0.3238055E+02  0.3983869E+01  0.5827684E+01
Si  0.3736600E+02  0.4654368E+01  0.1784052E+02
Si  0.2824014E+02  0.5602716E+01  0.2120864E+02
Si  0.3443944E+02  0.7043865E+01  0.1341444E+02
Si  0.2733504E+02  0.3656918E+01  0.1369093E+02
Si  0.3482228E+02  0.8990418E+01  0.3612114E+01
Si  0.2618546E+02  0.1645115E+02  0.1984141E+02
Si  0.3070713E+02  0.1437525E+02  0.8132487E+01
Si  0.1884021E+02  0.8856872E+01  0.1860776E+02
Si  0.3063623E+02  0.1987269E+02  0.9690827E+01
Si  0.2573107E+02  0.1522972E+02  0.3067707E+01
Si  0.4728200E+02  0.1202127E+02  0.1516920E+01
Si  0.2292935E+02  0.8152101E+01  0.1981690E+02
Si  0.2996356E+02  0.1784499E+02  0.8305517E+01
Si  0.3138956E+02  0.1389818E+02  0.1853594E+02
Si  0.3479520E+02  0.1247638E+02  0.1815340E+02
Si  0.2715088E+02  0.1937909E+02  0.1022890E+02
Si  0.2453597E+02  0.1060324E+02  0.8401686E+01
Si  0.4622703E+02  0.9138649E+01  0.1579012E+02
Si  0.3263331E+02  0.1790225E+02  0.1611841E+01
Si  0.4853215E+02  0.1089048E+02  0.1803982E+02
Si  0.2873302E+02  0.1102562E+02  0.1588010E+02
Si  0.4388877E+02  0.1803640E+02  0.1159198E+02
Si  0.2839068E+02  0.8110411E+00  0.9805487E+01
Si  0.3884218E+02  0.1270043E+02  0.1955781E+02
Si  0.4286173E+02  0.2372923E+01  0.1971678E+02
Si  0.4326214E+02  0.4189140E+01  0.5096536E+01
Si  0.3668148E+02  0.1160673E+02  0.1920614E+02
Si  0.4376941E+02  0.1131276E+02  0.2321314E+01
Si  0.3440847E+02  0.2003150E+02  0.1779244E+02
Si  0.2478758E+02  0.1224304E+01  0.1335085E+02
Si  0.2581115E+02  0.1717603E+02  0.4227013E+00
Si  0.3234570E+02  0.1124157E+02  0.9048298E+01
Si  0.2859521E+02  0.1586710E+02  0.1548091E+02
Si  0.4133628E+02  0.2454595E+01  0.1395992E+02
Si  0.3541122E+02  0.3007602E+01  0.7718948E+01
Si  0.3736926E+02  0.8826295E+01  0.1692205E+02
Si  0.2287178E+02  0.1903028E+02  0.1168536E+02
Si  0.3786634E+02  0.9249014E+01  0.7616816E+01
Si  0.2219702E+02  0.2070111E+02  0.5629410E+01
Si  0.2797193E+02  0.1237747E+02  0.1237514E+02
Si  0.1341851E+02  0.2119062E+02  0.1960874E+02
Si  0.3328939E+02  0.2103198E+02  0.1300842E+02
Si  0.2036534E+02  0.4414959E+01  0.6707736E+01
Si  0.2079673E+02  0.1092887E+02  0.1345277E+02
Si  0.1595099E+02  0.1913792E+02  0.2802241E+01
Si  0.2537692E+02  0.1382000E+02  0.1633301E+02
Si  0.3593641E+02  0.1033708E+02  0.8345769E+01
Si  0.3262309E+02  0.1215259E+02  0.1131520E+02
Si  0.2574398E+02  0.2171761E+02  0.1522519E+02
Si  0.2181246E+02  0.1438965E+02  0.5470158E+01
Si  0.3167006E+02  0.1773678E+02  0.6412542E+01
Si  0.2856626E+02  0.1817468E+02  0.1181702E+02
Si  0.2821029E+02  0.6337400E+00  0.1509102E+02
Si  0.3220433E+02  0.1175354E+02  0.2108660E+02
Si  0.3019197E+02  0.9195645E+01  0.1490700E+02
Si  0.2859993E+02  0.1631698E+02  0.9476139E+01
Si  0.1792868E+02  0.1951632E+02  0.1509758E+02
Si  0.4108605E+02  0.4910071E+01  0.1050827E+02
Si  0.4401411E+02  0.5992544E+01  0.1356181E+02
Si  0.3568893E+02  0.1781233E+02  0.2017862E+02
Si  0.2102519E+02  0.1663573E+02  0.5991567E+01
Si  0.3493325E+02  0.1213697E+02  0.1565926E+02
Si  0.2552163E+02  0.1296252E+02  0.1998081E+02
Si  0.2875742E+02  0.1895233E+02  0.1572432E+02
Si  0.1966214E+02  0.2074623E+02  0.1976361E+02
Si  0.2906594E+02  0.3855538E+01  0.1551956E+02
Si  0.3350200E+02  0.1470540E+02  0.1759671E+02
Si  0.3001339E+02  0.2711946E+01  0.9771157E+01
Si  0.3214000E+02  0.2126837E+02  0.1520271E+02
Si  0.4771453E+02  0.4654485E+01  0.1482199E+02
Si  0.3254872E+02  0.1772581E+01  0.9620890E+01
Si  0.4500596E+02  0.1967911E+02  0.2147928E+02
Si  0.2316877E+02  0.1688287E+02  0.1685447E+02
Si  0.3109549E+02  0.1936128E+02  0.4904143E+01
Si  0.2239054E+02  0.2091056E+02  0.7963295E+01
Si  0.4624731E+02  0.1136937E+02  0.1453733E+02
Si  0.4140701E+02  0.1163586E+02  0.1563798E+02
Si  0.2994957E+02  0.1600469E+02  0.6552061E+01
Si  0.1913044E+02  0.1118191E+02  0.5456255E+01
Si  0.2450610E+02  0.1052885E+02  0.1090546E+02
Si  0.4069574E+02  0.8054623E+01  0.1953676E+01
Si  0.2585543E+02  0.1528588E+02  0.1323860E+02
Si  0.2715993E+02  0.7623578E+00  0.6292498E+01
Si  0.4214966E+02  0.1339572E+02  0.1705292E+02
Si  0.3616427E+02  0.1125756E+02  0.2136013E+02
Si  0.2080480E+02  0.1812158E+02  0.1334937E+02
Si  0.3936017E+02  0.1175112E+02  0.1744378E+02
Si  0.2527299E+02  0.3787537E+01  0.1678449E+02
Si  0.2452613E+02  0.6001263E+00  0.1102353E+02
Si  0.4178224E+02  0.1304701E+02  0.9030864E+01
Si  0.1944293E+02  0.6367356E+01  0.1675825E+02
Si  0.4575211E+02  0.3590340E+01  0.1184634E+02
Si  0.4160549E+02  0.1073965E+02  0.2075169E+02
Si  0.4319499E+02  0.5878291E+01  0.9712166E+01
Si  0.3305369E+02  0.4318366E+01  0.1754645E+02
Si  0.4607242E+02  0.6438092E+01  0.4548217E+01
Si  0.3425233E+02  0.2013766E+02  0.1092439E+02
Si  0.4023445E+02  0.9713359E+01  0.1793290E+02
Si  0.2925166E+02  0.3293939E+01  0.1917661E+02
Si  0.3637387E+02  0.1864519E+02  0.1815881E+02
Si  0.1539504E+02  0.1475453E+02  0.2051164E+02
Si  0.2338841E+02  0.1154376E+02  0.2896051E+01
Si  0.3049685E+02  0.1454935E+02  0.4806104E+01
Si  0.3221955E+02  0.2028889E+02  0.1425978E+01
Si  0.2151477E+02  0.2052929E+02  0.1371066E+02
Si  0.4770161E+02  0.7954953E+01  0.5429841E+01
Si  0.2440154E+02  0.5914135E+01  0.2134772E+01
Si  0.1874147E+02  0.1758304E+02  0.6066126E+01
Si  0.4223497E+02  0.1732176E+01  0.3852889E+00
Si  0.2669968E+02  0.1114412E+02  0.1603928E+01
Si  0.4050784E+02  0.3335020E+01  0.1630115E+02
Si  0.2309521E+02  0.4873592E+01  0.3685105E+01
Si  0.2489478E+02  0.2091747E+02  0.5889990E+00
Si  0.1720896E+02  0.5103130E+01  0.4345312E+01
Si  0.2411555E+02  0.4518579E+01  0.7146864E+01
Si  0.1941086E+02  0.2136318E+02  0.7143507E+01
Si  0.4043281E+02  0.1982943E+02  0.1638996E+02
Si  0.2742305E+02  0.1254173E+01  0.2053260E+02
Si  0.3792087E+02  0.9707286E+01  0.5632032E+00
Si  0.4830095E+02  0.7177418E+01  0.1391168E+02
Si  0.1971766E+02  0.3555102E+01  0.1775898E+02
Si  0.1935562E+02  0.8133322E+01  0.3422492E+01
Si  0.2951986E+02  0.1252950E+01  0.5749609E+01
Si  0.2997657E+02  0.8711483E+01  0.2101940E+02
Si  0.3460479E+02  0.1939964E+02  0.6057560E+01
Si  0.3407771E+02  0.6614247E+01  0.7949180E+01
Si  0.3196047E+02  0.6862385E+01  0.1976408E+02
Si  0.1831131E+02  0.1576610E+02  0.1793998E+02
Si  0.3711268E+02  0.1474486E+02  0.3478560E+01
Si  0.4523465E+02  0.1228699E+02  0.2017914E+02
Si  0.3165973E+02  0.5338987E+01  0.1395854E+02
Si  0.2720079E+02  0.1889188E+02  0.6717199E+01
Si  0.4787819E+02  0.1577931E+01  0.7370568E+01
Si  0.3685352E+02  0.2057892E+02  0.5818570E+01
Si  0.4587809E+02  0.3209872E+01  0.1395079E+02
Si  0.4396468E+02  0.2196612E+01  0.1168900E+02
Si  0.3049933E+02  0.8071918E+01  0.1290006E+02
Si  0.2974975E+02  0.1459673E+02  0.1180514E+02
Si  0.4420560E+02  0.4044559E+00  0.1703681E+02
Si  0.4276972E+02  0.2035866E+02  0.6417568E+00
Si  0.3797612E+02  0.2022241E+02  0.1202872E+02
Si  0.3520138E+02  0.1162570E+01  0.2010191E+02
Si  0.3277450E+02  0.7554346E+01  0.3704121E+01
Si  0.1696295E+02  0.7734147E+00  0.1246313E+02
Si  0.4425798E+02  0.9113001E+01  0.9279154E+01
Si  0.3025883E+02  0.1026318E+02  0.1753052E+02
Si  0.3081402E+02  0.1999204E+02  0.1666916E+02
Si  0.3722855E+02  0.9508607E+01  0.2861271E+01
Si  0.2760291E+02  0.1228946E+02  0.4437369E+01
Si  0.2595511E+02  0.1341741E+02  0.6703206E+01
Si  0.4277711E+02  0.1010499E+02  0.1416710E+02
Si  0.3808284E+02  0.1959291E+02  0.1657651E+02
Si  0.3424911E+02  0.1748617E+02  0.3412583E+01
Si  0.3269012E+02  0.1599539E+02  0.1572874E+02
Si  0.3259383E+02  0.2102702E+02  0.3668323E+01
Si  0.3012916E+02  0.2033166E+01  0.1219985E+02
Si  0.3345599E+02  0.1412459E+02  0.5653159E+01
Si  0.3450204E+02  0.6197633E+00  0.1785533E+02
Si  0.2681057E+02  0.6231088E+01  0.1727227E+02
Si  0.2591554E+02  0.1797291E+02  0.3655320E+01
Si  0.3626036E+02  0.1691076E+02  0.8630958E+01
Si  0.4052449E+02  0.1036485E+02  0.4952252E+01
Si  0.4532661E+02  0.1400371E+02  0.1090699E+02
Si  0.3760510E+02  0.1599567E+02  0.1777317E+02
Si  0.2349327E+02  0.1904221E+02  0.2006812E+02
Si  0.4084522E+02  0.2217132E+01  0.1852268E+02
Si  0.2831016E+02  0.1353444E+02  0.1596620E+02
Si  0.4647308E+02  0.1077365E+02  0.2144619E+02
Si  0.3550763E+02  0.3494940E+01  0.1958620E+02
Si  0.2352298E+02  0.1468632E+02  0.1740326E+02
Si  0.3247778E+02  0.9359270E+01  0.2034037E+02
Si  0.2324381E+02  0.1340853E+02  0.1237715E+02
Si  0.2337536E+02  0.5656892E+01  0.1407709E+02
Si  0.4210131E+02  0.1409184E+02  0.1249813E+02
Si  0.2670740E+02  0.1957979E+02  0.4492930E+00
Si  0.1464607E+02  0.1751194E+02  0.1207181E+02
Si  0.4098893E+02  0.1731076E+02  0.1620026E+02
Si  0.1924898E+02  0.5198783E+01  0.1468380E+02
Si  0.3536507E+02  0.3529561E+01  0.1703235E+02
Si  0.4109034E+02  0.2091980E+02  0.1461747E+02
Si  0.3266360E+02  0.8924695E+01  0.8171252E+01
Si  0.3558325E+02  0.1689305E+02  0.1657307E+02
Si  0.2722224E+02  0.1021699E+02  0.1762022E+02
Si  0.2698993E+02  0.1331413E+02  0.1791956E+02
Si  0.2960220E+02  0.1568414E+02  0.1774014E+02
Si  0.3900986E+02  0.4990801E+01  0.1498467E+02
Si  0.3802260E+02  0.7781590E+01  0.9589492E+01
Si  0.2796555E+02  0.3716733E+01  0.1050662E+02
Si  0.4000998E+02  0.1938798E+02  0.2085607E+02
Si  0.4473901E+02  0.1581017E+02  0.1561836E+02
Si  0.3568066E+02  0.4683991E+00  0.7270221E+01
Si  0.2265023E+02  0.2147828E+02  0.1437773E+00
Si  0.4969255E+02  0.1417502E+02  0.9783310E+01
Si  0.2972267E+02  0.2135338E+01  0.1715629E+02
Si  0.2687699E+02  0.1281652E+02  0.1016781E+02
Si  0.2990562E+02  0.1785005E+02  0.1862295E+02
Si  0.3708200E+02  0.7715618E+00  0.9250983E+01
Si  0.3771528E+02  0.7774407E+01  0.5772634E+01
Si  0.2142921E+02  0.1365308E+02  0.1813411E+02
Si  0.2442102E+02  0.3734108E+01  0.1928252E+02
Si  0.3052061E+02  0.1793820E+02  0.2934070E+01
Si  0.2401480E+02  0.9422066E+01  0.2154208E+02
Si  0.3276118E+02  0.9888530E+01  0.1442089E+02
Si  0.2645978E+02  0.1669525E+02  0.1495220E+02
Si  0.2814232E+02  0.5654369E+01  0.1202846E+02
Si  0.3152367E+02  0.1213311E+02  0.1718325E+02
Si  0.3641576E+02  0.5680726E+01  0.5531609E+01
Si  0.2817659E+02  0.2148929E+02  0.4234439E+01
Si  0.3440939E+02  0.7046045E+01  0.1570943E+02
Si  0.3294022E+02  0.4533343E+01  0.2369432E+01
Si  0.3595082E+02  0.1105488E+00  0.6139197E+00
Si  0.4360704E+02  0.3955557E+01  0.8403642E+01
Si  0.3791765E+02  0.1788829E+02  0.1215734E+01
Si  0.2262917E+02  0.1650258E+02  0.9952418E+01
Si  0.3241950E+02  0.1410716E+02  0.2102191E+02
Si  0.3378533E+02  0.2133570E+02  0.2165537E+02
Si  0.4013745E+02  0.7264916E+01  0.8302605E+01
Si  0.1696543E+02  0.1746334E+02  0.1181894E+02
Si  0.3283896E+02  0.3182292E+01  0.1997068E+02
Si  0.4026513E+02  0.3255851E+01  0.2411519E+01
Si  0.3728141E+02  0.3451123E+01  0.1137048E+02
Si  0.2764546E+02  0.1737938E+01  0.1209223E+02
Si  0.3614903E+02  0.1849217E+02  0.1351530E+02
Si  0.3668927E+02  0.1970466E+02  0.2133477E+02
Si  0.3527368E+02  0.2340687E+01  0.5452408E+01
Si  0.2267372E+02  0.1402386E+01  0.8550457E+01
Si  0.3848211E+02  0.1532570E+02  0.1277526E+02
Si  0.1995648E+02  0.1903348E+02  0.7639504E+01
Si  0.1711221E+02  0.7809926E+01  0.7361649E+01
Si  0.2104514E+02  0.1447203E+02  0.3805806E+00
Si  0.2018208E+02  0.7991650E+00  0.3409677E+01
Si  0.3714296E+02  0.1120995E+02  0.1662867E+02
Si  0.2285542E+02  0.4049343E+01  0.1297796E+01
Si  0.1955130E+02  0.1992225E+02  0.1741385E+02
Si  0.3721491E+02  0.1174192E+02  0.1448599E+02
Si  0.4287267E+02  0.7221273E+01  0.1336576E+01
Si  0.3918237E+02  0.1965438E+01  0.2033100E+02
Si  0.3384527E+02  0.6772006E+01  0.1757481E+01
Si  0.4489739E+02  0.2062490E+02  0.2754948E+01
Si  0.2754245E+02  0.9190041E+01  0.5675925E+01
Si  0.3891446E+02  0.2834975E+00  0.5337476E+01
Si  0.3952793E+02  0.8803015E+01  0.1578613E+02
Si  0.3280077E+02  0.1509467E+02  0.8982061E+01
Si  0.3615573E+02  0.1651966E+02  0.2158122E+01
Si  0.1703243E+02  0.3147122E+01  0.9321368E+01
Si  0.2112656E+02  0.2937764E+01  0.1312191E+02
Si  0.2499068E+02  0.6600178E+01  0.1247404E+02
Si  0.1677934E+02  0.1970960E+02  0.1084385E+02
Si  0.1873411E+02  0.1336399E+02  0.1830349E+02
Si  0.2065165E+02  0.1996789E+02  0.2753620E+00
Si  0.2474395E+02  0.1991953E+02  0.8003138E+01
Si  0.2584086E+02  0.2418318E+01  0.1042083E+02
Si  0.3956859E+02  0.3704858E+01  0.9152638E+01
Si  0.3489920E+02  0.2030044E+02  0.1482334E+02
Si  0.3047600E+02  0.1779947E+02  0.4253969E+00
Si  0.2375181E+02  0.1162058E+02  0.2094157E+02
Si  0.4129064E+02  0.1053463E+02  0.8493267E+01
Si  0.3658653E+02  0.7495169E+01  0.1269100E+02
Si  0.4107221E+02  0.8831697E+01  0.1321485E+02
Si  0.3939807E+02  0.1092903E+02  0.7095297E+01
Si  0.3379885E+02  0.2394887E+01  0.2122700E+01
Si  0.2493649E+02  0.1554602E+02  0.7477555E+01
Si  0.4134176E+02  0.1630135E+02  0.3401969E+01
Si  0.5048756E+02  0.3345579E+01  0.3395388E+01
Si  0.3180790E+02  0.7688106E+01  0.4072733E+00
Si  0.3114947E+02  0.2405502E+01  0.4428847E+01
Si  0.3939054E+02  0.1093585E+01  0.1460796E+02
Si  0.1371054E+02  0.2468400E+01  0.1044412E+00
Si  0.3577827E+02  0.1129662E+02  0.1261761E+02
Si  0.3091194E+02  0.1415273E+02  0.1522195E+02
Si  0.2288452E+02  0.1866514E+02  0.2163892E+01
Si  0.2060848E+02  0.1760774E+02  0.1118127E+02
Si  0.1836609E+02  0.1096976E+01  0.9018707E+01
Si  0.3407376E+02  0.6959678E+01  0.2112363E+02
Si  0.2315532E+02  0.2132449E+02  0.1738409E+02
Si  0.2626917E+02  0.7361072E+01  0.4813137E+01
Si  0.4066003E+02  0.1251862E+02  0.1358342E+02
Si  0.3524382E+02  0.1442515E+02  0.1117079E+01
Si  0.4045730E+02  0.6533128E+01  0.1606365E+02
Si  0.2539810E+02  0.1092268E+02  0.1398101E+02
Si  0.4689519E+02  0.1353593E+02  0.3698681E+01
Si  0.2241870E+02  0.9852747E+00  0.1389323E+02
Si  0.2804132E+02  0.1785131E+02  0.2392313E+01
Si  0.4584007E+02  0.3871823E+01  0.8980423E+01
Si  0.3713219E+02  0.1479040E+02  0.5996824E+01
Si  0.2302055E+02  0.1790671E+02  0.1453937E+02
Si  0.3738265E+02  0.3206109E+01  0.8965608E+01
Si  0.1721977E+02  0.4589143E+01  0.1253641E+02
Si  0.3864492E+02  0.7656001E+01  0.3487187E+01
Si  0.3698401E+02  0.2122246E+02  0.1535654E+02
Si  0.4112955E+02  0.3999130E+01  0.2014899E+02
Si  0.4340320E+02  0.1139798E+02  0.1245761E+02
Si  0.3549268E+02  0.1380257E+02  0.1321705E+02
Si  0.4800599E+02  0.2716679E+01  0.1116731E+02
Si  0.4231782E+02  0.1141145E+02  0.1841631E+02
Si  0.2998109E+02  0.1022577E+01  0.8002286E+01
Si  0.1308545E+02  0.1847335E+01  0.1371812E+02
Si  0.3917970E+02  0.1570053E+02  0.1592916E+02
Si  0.3054754E+02  0.1221991E+02  0.1219431E+02
Si  0.2057548E+02  0.1668176E+02  0.8499880E+01
Si  0.2905900E+02  0.2064864E+02  0.1134575E+02
Si  0.3718862E+02  0.1828798E+02  0.7048392E+01
Si  0.4586439E+02  0.2128958E+02  0.9773242E+01
Si  0.2732925E+02  0.1123028E+02  0.1994118E+02
Si  0.1996893E+02  0.2516896E+01  0.5298934E+01
Si  0.3894596E+02  0.5476687E+01  0.7620306E+01
Si  0.3078855E+02  0.1552034E+02  0.5604478E+00
Si  0.1904798E+02  0.1758901E+01  0.1351985E+02
Si  0.2211042E+02  0.9695264E+01  0.1238457E+01
Si  0.3515871E+02  0.1441642E+02  0.1564883E+02
Si  0.2683742E+02  0.3309583E+01  0.1905898E+02
Si  0.2984039E+02  0.2020625E+02  0.1875896E+02
Si  0.2578387E+02  0.1731587E-01  0.1922463E+02
Si  0.2567600E+02  0.8929787E+01  0.1499667E+01
Si  0.4153341E+02  0.5952232E+01  0.2946434E+01
Si  0.3021343E+02  0.1146210E+02  0.1006508E+02
Si  0.2291055E+02  0.1111205E+02  0.6731384E+01
Si  0.3988794E+02  0.2100215E+02  0.1086214E+02
Si  0.3390276E+02  0.1741521E+02  0.2128268E+02
Si  0.3952307E+02  0.1175585E+02  0.2160386E+02
Si  0.3479172E+02  0.9057271E+01  0.2077362E+02
Si  0.3307924E+02  0.1998445E+02  0.1979217E+02
Si  0.2348369E+02  0.2133148E+02  0.1965269E+02
Si  0.4260182E+02  0.2020941E+02  0.1745594E+02
Si  0.4872270E+02  0.1039632E+02  0.2050470E+02
Si  0.3599946E+02  0.6859130E+01  0.1032974E+02
Si  0.3814633E+02  0.5285725E+01  0.3220345E+01
Si  0.3824280E+02  0.1263151E+02  0.2840650E+01
Si  0.4653338E+02  0.2364783E+01  0.1843116E+02
Si  0.3661405E+02  0.6135312E+01  0.7938087E+01
Si  0.5003550E+02  0.2144451E+02  0.1691787E+02
Si  0.3775279E+02  0.4011293E+01  0.2031853E+02
Si  0.4729886E+02  0.2077561E+02  0.3852713E+00
Si  0.4683591E+02  0.2646001E+01  0.5909867E+01
Si  0.5232851E+02  0.1730388E+00  0.3960856E+01
Si  0.4376533E+02  0.6495580E+00  0.1477398E+01
Si  0.4138996E+02  0.5273671E+01  0.1799904E+02
Si  0.5160184E+02  0.1311184E+01  0.9540288E-01
Si  0.4811481E+02  0.1312275E+02  0.8236145E+01
Si  0.4835426E+02  0.4199067E+01  0.2158668E+02
Si  0.4949208E+02  0.1830708E+01  0.2101078E+02
Si  0.5278325E+02  0.3226334E+01  0.8372501E+00
Si  0.4867292E+02  0.2135584E+02  0.2440560E+01
Si  0.4729536E+02  0.1507580E+02  0.7135278E+01
Si  0.5418725E+02  0.2075527E+02  0.2144090E+02
Si  0.5655624E+02  0.1744366E+01  0.2158136E+02
Si  0.5650301E+02  0.2114117E+02  0.2655860E+01
Si  0.5374327E+02  0.1968166E+01  0.2852595E+01
Si  0.5504916E+02  0.4643011E+00  0.1315418E+01
Si  0.5830784E+02  0.3023153E+01  0.1063796E+01
Si  0.5824507E+02  0.7376068E+00  0.3989969E+01
Si  0.5550114E+02  0.3018879E+01  0.3699538E+01
Si  0.5947366E+02  0.2074680E+02  0.2155656E+02
Si  0.6262784E+02  0.1968677E+01  0.2155835E+02
Si  0.6276023E+02  0.2071179E+02  0.2748694E+01
Si  0.5954732E+02  0.1797239E+01  0.2538027E+01
Si  0.6125576E+02  0.3302064E+00  0.1311840E+01
Si  0.6386726E+02  0.3343818E+01  0.1145526E+01
Si  0.6387339E+02  0.4159304E+00  0.4123187E+01
Si  0.6105394E+02  0.3032205E+01  0.3781080E+01
Si  0.3104773E+02  0.1464204E+01  0.1939045E+02
Si  0.4326821E+02  0.9829480E+01  0.6838008E+01
Si  0.4973288E+02  0.8667065E+01  0.2688577E+01
Si  0.3993785E+02  0.1451256E+02  0.7678373E+01
Si  0.4911022E+02  0.7502952E+01  0.1795408E+02
Si  0.4880522E+02  0.1228223E+02  0.4021615E+01
Si  0.4518912E+02  0.4692969E+01  0.3192672E+01
Si  0.3208448E+02  0.1942833E+02  0.1163599E+02
Si  0.4823712E+02  0.3684959E+01  0.4122795E+01
Si  0.5057488E+02  0.4469945E+01  0.8326839E+00
Si  0.5251241E+02  0.4288283E+01  0.3098686E+01
Si  0.4786006E+02  0.8798788E+01  0.7706484E+01
Si  0.4957776E+02  0.6262654E+01  0.5464657E+01
Si  0.5280097E+02  0.8210785E+01  0.9246664E+00
Si  0.5225076E+02  0.6359351E+01  0.4178069E+01
Si  0.5073662E+02  0.1102495E+02  0.2970125E+01
Si  0.5408154E+02  0.4834259E+01  0.2149306E+02
Si  0.5694804E+02  0.7294552E+01  0.6533729E-01
Si  0.5705699E+02  0.4362032E+01  0.2873432E+01
Si  0.5439599E+02  0.7194428E+01  0.2910145E+01
Si  0.5564934E+02  0.5915627E+01  0.1467687E+01
Si  0.5825266E+02  0.8745988E+01  0.1318017E+01
Si  0.5854031E+02  0.5848996E+01  0.4129200E+01
Si  0.5574226E+02  0.8474457E+01  0.4202316E+01
Si  0.5924910E+02  0.4370648E+01  0.2130241E+02
Si  0.6234921E+02  0.7211826E+01  0.2146839E+02
Si  0.6236666E+02  0.4842365E+01  0.2513494E+01
Si  0.5967383E+02  0.7316639E+01  0.2397219E+01
Si  0.6079482E+02  0.5792069E+01  0.9302488E+00
Si  0.6370514E+02  0.8654831E+01  0.1062736E+01
Si  0.6396097E+02  0.6099204E+01  0.3925801E+01
Si  0.6089469E+02  0.8683177E+01  0.3972627E+01
Si  0.3776408E+02  0.2000538E+02  0.1915938E+02
Si  0.4413684E+02  0.1445837E+02  0.1784512E+02
Si  0.3889299E+02  0.7528684E+01  0.2130235E+02
Si  0.4612716E+02  0.1658545E+02  0.8629172E+01
Si  0.4013857E+02  0.1996896E+02  0.7643444E+01
Si  0.4340445E+02  0.1173766E+02  0.2162211E+02
Si  0.4241809E+02  0.1796050E+02  0.7295522E+01
Si  0.4175847E+02  0.1264724E+02  0.5151459E+01
Si  0.4876071E+02  0.8225709E+01  0.3459430E+00
Si  0.5122503E+02  0.1155782E+02  0.7885334E+00
Si  0.5115554E+02  0.6807333E+01  0.2183828E+01
Si  0.4198739E+02  0.1502109E+02  0.2159725E+02
Si  0.4936441E+02  0.1238497E+02  0.2143038E+02
Si  0.5308223E+02  0.1474727E+02  0.2207883E+01
Si  0.5315956E+02  0.1096406E+02  0.4651979E+01
Si  0.5043270E+02  0.1930171E+02  0.1532465E+01
Si  0.5418123E+02  0.9933442E+01  0.2161263E+02
Si  0.5707996E+02  0.1254706E+02  0.3630300E+00
Si  0.5686380E+02  0.1004322E+02  0.2675744E+01
Si  0.5419353E+02  0.1258440E+02  0.3127476E+01
Si  0.5541488E+02  0.1114863E+02  0.1499958E+01
Si  0.5850683E+02  0.1416031E+02  0.1731223E+01
Si  0.5841325E+02  0.1121985E+02  0.4150795E+01
Si  0.5548638E+02  0.1415281E+02  0.4442496E+01
Si  0.5964987E+02  0.9943871E+01  0.2162650E+02
Si  0.6253697E+02  0.1294499E+02  0.2160925E+02
Si  0.6232276E+02  0.9725733E+01  0.2515187E+01
Si  0.6005340E+02  0.1267607E+02  0.2912411E+01
Si  0.6116455E+02  0.1130896E+02  0.1080608E+01
Si  0.6371383E+02  0.1426358E+02  0.1373150E+01
Si  0.6373133E+02  0.1110553E+02  0.3906236E+01
Si  0.6132128E+02  0.1418961E+02  0.4329979E+01
Si  0.3751904E+02  0.1611335E+02  0.1999471E+02
Si  0.5239708E+02  0.1809548E+02  0.2030163E+02
Si  0.4140608E+02  0.9549308E+01  0.1087270E+02
Si  0.3933607E+02  0.1692515E+02  0.2120454E+02
Si  0.3633459E+02  0.1373595E+01  0.1683997E+02
Si  0.4452729E+02  0.2050251E+02  0.5449017E+01
Si  0.4598822E+02  0.1460982E+02  0.5520527E+01
Si  0.4928235E+02  0.1888101E+02  0.1736555E+02
Si  0.4744370E+02  0.1872306E+02  0.4204360E+01
Si  0.5058171E+02  0.1011772E+01  0.2340373E+01
Si  0.4677734E+02  0.1685844E+02  0.2159002E+01
Si  0.4740239E+02  0.1576123E+01  0.3077898E+01
Si  0.4458503E+02  0.1730870E+02  0.3159140E+01
Si  0.5272193E+02  0.1834848E+02  0.9136382E+00
Si  0.5298482E+02  0.1631911E+02  0.4171387E+01
Si  0.4035493E+02  0.1687968E+02  0.7343371E+01
Si  0.5464001E+02  0.1555649E+02  0.6082367E+00
Si  0.5684064E+02  0.1815798E+02  0.2159530E+02
Si  0.5693538E+02  0.1537816E+02  0.3042113E+01
Si  0.5414580E+02  0.1807146E+02  0.2681307E+01
Si  0.5613113E+02  0.1689303E+02  0.1708697E+01
Si  0.5804816E+02  0.1961009E+02  0.1106843E+01
Si  0.5845302E+02  0.1691905E+02  0.4124798E+01
Si  0.5553159E+02  0.1950166E+02  0.4090210E+01
Si  0.5951256E+02  0.1551840E+02  0.2166155E+02
Si  0.6262568E+02  0.1802282E+02  0.2143244E+02
Si  0.6226369E+02  0.1553164E+02  0.2519922E+01
Si  0.5941100E+02  0.1840551E+02  0.2597081E+01
Si  0.6094223E+02  0.1702319E+02  0.1238295E+01
Si  0.6384775E+02  0.1920791E+02  0.1345218E+01
Si  0.6368141E+02  0.1667197E+02  0.3994427E+01
Si  0.6118355E+02  0.1944800E+02  0.4045875E+01
Si  0.4008468E+02  0.1578684E+01  0.7592989E+00
Si  0.4776495E+02  0.2362272E+01  0.1618748E+02
Si  0.4874665E+02  0.2053716E+02  0.4776941E+01
Si  0.5038376E+02  0.2001426E+02  0.1003179E+02
Si  0.4081240E+02  0.3735676E+01  0.4597203E+01
Si  0.4428839E+02  0.2593957E+01  0.6550118E+01
Si  0.4490664E+02  0.2164772E+02  0.1209498E+02
Si  0.4353168E+02  0.1745779E+00  0.8880273E+01
Si  0.5012908E+02  0.9640615E+00  0.6842464E+01
Si  0.5124224E+02  0.1948366E+01  0.5207248E+01
Si  0.5221566E+02  0.2154739E+02  0.1002227E+02
Si  0.4313887E+02  0.4676186E+00  0.6541933E+01
Si  0.5080397E+02  0.2042527E+02  0.7656681E+01
Si  0.5286665E+02  0.3303233E+01  0.6296663E+01
Si  0.5215445E+02  0.2150907E+01  0.9755058E+01
Si  0.5101703E+02  0.4858845E+01  0.9064483E+01
Si  0.5400208E+02  0.2091901E+02  0.5461165E+01
Si  0.5648687E+02  0.1801253E+01  0.5452968E+01
Si  0.5699993E+02  0.2080318E+02  0.7920006E+01
Si  0.5406157E+02  0.2126461E+01  0.8144376E+01
Si  0.5525290E+02  0.4381323E+00  0.6975922E+01
Si  0.5804890E+02  0.3056912E+01  0.6679516E+01
Si  0.5824802E+02  0.5368307E+00  0.9185031E+01
Si  0.5552815E+02  0.3227382E+01  0.9371691E+01
Si  0.5958225E+02  0.2093717E+02  0.5296901E+01
Si  0.6254040E+02  0.1949856E+01  0.5389062E+01
Si  0.6229551E+02  0.2071116E+02  0.8150921E+01
Si  0.5972363E+02  0.1648024E+01  0.7786334E+01
Si  0.6109958E+02  0.2788586E+00  0.6591085E+01
Si  0.6390920E+02  0.3441915E+01  0.6684495E+01
Si  0.6396976E+02  0.1500851E+00  0.9241865E+01
Si  0.6070838E+02  0.2928084E+01  0.9353455E+01
Si  0.4378258E+02  0.1245634E+02  0.1033358E+02
Si  0.4660859E+02  0.4257417E+01  0.1574916E+01
Si  0.4660822E+02  0.2146201E+02  0.4572678E+01
Si  0.3764518E+02  0.1476370E+02  0.9030802E+01
Si  0.4815429E+02  0.1190566E+02  0.6233575E+01
Si  0.4415028E+02  0.1404604E+02  0.1134153E+00
Si  0.5028182E+02  0.9642961E+01  0.1042519E+02
Si  0.3566958E+02  0.1719805E+02  0.5250081E+01
Si  0.4412160E+02  0.5879490E+01  0.6759456E+01
Si  0.5157256E+02  0.7625375E+01  0.6188126E+01
Si  0.5216452E+02  0.5529236E+01  0.7030541E+01
Si  0.4983968E+02  0.4503895E+01  0.6949549E+01
Si  0.4778227E+02  0.5942825E+01  0.2846108E+01
Si  0.5284672E+02  0.8623911E+01  0.7533815E+01
Si  0.5277834E+02  0.6068983E+01  0.1029968E+02
Si  0.4790181E+02  0.9013750E+01  0.1015816E+02
Si  0.5430071E+02  0.4533040E+01  0.4876673E+01
Si  0.5719414E+02  0.7071613E+01  0.5516982E+01
Si  0.5694558E+02  0.4593918E+01  0.8245297E+01
Si  0.5407368E+02  0.6715118E+01  0.8534758E+01
Si  0.5556963E+02  0.5870631E+01  0.6683406E+01
Si  0.5845727E+02  0.8401732E+01  0.6947026E+01
Si  0.5816955E+02  0.5942124E+01  0.9604117E+01
Si  0.5565610E+02  0.8456277E+01  0.9763925E+01
Si  0.5980303E+02  0.4407928E+01  0.5519514E+01
Si  0.6226070E+02  0.7220603E+01  0.5200692E+01
Si  0.6210613E+02  0.4311744E+01  0.8332486E+01
Si  0.5980489E+02  0.7130780E+01  0.8353589E+01
Si  0.6111477E+02  0.5837505E+01  0.6721347E+01
Si  0.6391645E+02  0.8436760E+01  0.6580966E+01
Si  0.6371894E+02  0.5819156E+01  0.9406794E+01
Si  0.6118253E+02  0.8487036E+01  0.9578180E+01
Si  0.3263019E+02  0.2078870E+02  0.6101755E+01
Si  0.4321761E+02  0.1524131E+02  0.2212658E+01
Si  0.4139566E+02  0.1499780E+02  0.5332078E+01
Si  0.4576961E+02  0.1143204E+02  0.7296016E+01
Si  0.4637848E+02  0.4933258E+01  0.6831279E+01
Si  0.4850315E+02  0.1266246E+02  0.1110692E+02
Si  0.4492870E+02  0.1208109E+02  0.1639447E+02
Si  0.4197076E+02  0.1956194E+02  0.1103999E+02
Si  0.4677921E+02  0.1014114E+02  0.5349063E+01
Si  0.5103846E+02  0.1355086E+02  0.3479261E+01
Si  0.5160473E+02  0.1035623E+02  0.8576899E+01
Si  0.4709763E+02  0.1512453E+02  0.1242382E+02
Si  0.5032787E+02  0.1109740E+02  0.6708575E+01
Si  0.5281142E+02  0.1404105E+02  0.6951284E+01
Si  0.5337000E+02  0.1168260E+02  0.9703105E+01
Si  0.4895023E+02  0.1103899E+02  0.1379071E+02
Si  0.5448257E+02  0.9817032E+01  0.5926233E+01
Si  0.5694543E+02  0.1253003E+02  0.5346577E+01
Si  0.5712683E+02  0.9721910E+01  0.8500230E+01
Si  0.5470133E+02  0.1299054E+02  0.8092192E+01
Si  0.5596317E+02  0.1126385E+02  0.6984589E+01
Si  0.5841356E+02  0.1388401E+02  0.6622254E+01
Si  0.5869113E+02  0.1120141E+02  0.9592503E+01
Si  0.5598460E+02  0.1437094E+02  0.9578320E+01
Si  0.5948446E+02  0.9937261E+01  0.5541808E+01
Si  0.6259397E+02  0.1236969E+02  0.5517218E+01
Si  0.6271737E+02  0.9907813E+01  0.8253913E+01
Si  0.5984733E+02  0.1250854E+02  0.8074595E+01
Si  0.6135995E+02  0.1102078E+02  0.6772593E+01
Si  0.6408133E+02  0.1399823E+02  0.6735376E+01
Si  0.6400563E+02  0.1161242E+02  0.9632089E+01
Si  0.6104670E+02  0.1407817E+02  0.9575967E+01
Si  0.4077759E+02  0.2016650E+02  0.5331063E+01
Si  0.3347859E+02  0.1349074E+02  0.2444233E+01
Si  0.4029689E+02  0.1298437E+02  0.1692692E+01
Si  0.3525513E+02  0.1686082E+02  0.1082882E+02
Si  0.3872715E+02  0.1371599E+02  0.1086164E+02
Si  0.4587278E+02  0.1726524E+02  0.5250096E+01
Si  0.4324231E+02  0.2101865E+02  0.1369051E+02
Si  0.4224105E+02  0.1989778E+02  0.8834046E+01
Si  0.5165582E+02  0.1257280E+02  0.5672760E+01
Si  0.5173465E+02  0.1788810E+02  0.5077316E+01
Si  0.5124407E+02  0.1520347E+02  0.8519269E+01
Si  0.4460061E+02  0.1933525E+02  0.1463676E+02
Si  0.4820857E+02  0.1698366E+02  0.5910273E+01
Si  0.5258435E+02  0.1925943E+02  0.6611950E+01
Si  0.5260943E+02  0.1685369E+02  0.9525173E+01
Si  0.4967080E+02  0.1788123E+02  0.8638094E+01
Si  0.5436934E+02  0.1523672E+02  0.5684672E+01
Si  0.5663124E+02  0.1807612E+02  0.5281950E+01
Si  0.5728553E+02  0.1540576E+02  0.8082150E+01
Si  0.5389341E+02  0.1818094E+02  0.8151655E+01
Si  0.5556613E+02  0.1678052E+02  0.6980936E+01
Si  0.5833740E+02  0.1931916E+02  0.6530667E+01
Si  0.5864374E+02  0.1684854E+02  0.9345731E+01
Si  0.5570371E+02  0.1934074E+02  0.9489174E+01
Si  0.5970886E+02  0.1554434E+02  0.5516390E+01
Si  0.6246217E+02  0.1809573E+02  0.5620051E+01
Si  0.6249769E+02  0.1535958E+02  0.8282238E+01
Si  0.5975849E+02  0.1815791E+02  0.7963272E+01
Si  0.6112259E+02  0.1664861E+02  0.6847038E+01
Si  0.6382085E+02  0.1939054E+02  0.7127524E+01
Si  0.6378339E+02  0.1663381E+02  0.9871706E+01
Si  0.6101512E+02  0.1925914E+02  0.9443565E+01
Si  0.4605951E+02  0.7477830E+01  0.8414757E+01
Si  0.4958391E+02  0.2397388E+01  0.1856950E+02
Si  0.4178608E+02  0.1609032E+02  0.1420270E+02
Si  0.3229143E+02  0.4693144E+00  0.1748849E+02
Si  0.4876319E+02  0.1922367E+02  0.6794952E+01
Si  0.4633133E+02  0.1898423E+02  0.1652035E+02
Si  0.4750224E+02  0.7769993E+00  0.1237611E+02
Si  0.4013231E+02  0.1341535E+01  0.9863514E+01
Si  0.4999213E+02  0.1731909E+02  0.1253113E+02
Si  0.4992598E+02  0.2544484E+01  0.8672322E+01
Si  0.5168364E+02  0.2099727E+02  0.1346731E+02
Si  0.4519825E+02  0.6280350E+01  0.1832349E+02
Si  0.4949497E+02  0.1577618E+01  0.1299540E+02
Si  0.5269467E+02  0.3230200E+01  0.1213292E+02
Si  0.5262773E+02  0.8091323E+00  0.1512499E+02
Si  0.4971545E+02  0.3066417E+01  0.1499182E+02
Si  0.5455959E+02  0.2090548E+02  0.1086887E+02
Si  0.5696276E+02  0.1879276E+01  0.1083077E+02
Si  0.5699648E+02  0.2097541E+02  0.1330971E+02
Si  0.5409859E+02  0.1812895E+01  0.1346728E+02
Si  0.5576745E+02  0.5238369E+00  0.1209174E+02
Si  0.5823483E+02  0.3197347E+01  0.1215051E+02
Si  0.5817785E+02  0.4184272E+00  0.1483804E+02
Si  0.5533688E+02  0.3114076E+01  0.1477868E+02
Si  0.5989028E+02  0.2109859E+02  0.1054156E+02
Si  0.6239716E+02  0.1558723E+01  0.1070147E+02
Si  0.6238297E+02  0.2068170E+02  0.1343122E+02
Si  0.5971805E+02  0.1851104E+01  0.1360669E+02
Si  0.6112099E+02  0.3871884E+00  0.1230033E+02
Si  0.6400698E+02  0.3029104E+01  0.1195000E+02
Si  0.6371481E+02  0.4572679E+00  0.1480155E+02
Si  0.6107452E+02  0.3236188E+01  0.1501336E+02
Si  0.3235742E+02  0.5318194E+01  0.9053481E+01
Si  0.4596134E+02  0.7887799E+01  0.1070094E+02
Si  0.4274357E+02  0.7461773E+01  0.7942080E+01
Si  0.4682653E+02  0.1764455E+01  0.9396048E+01
Si  0.4683447E+02  0.5728380E+01  0.9748605E+01
Si  0.4861530E+02  0.1603885E+02  0.1097151E+02
Si  0.4079380E+02  0.1738018E+02  0.1034414E+02
Si  0.4039136E+02  0.6951077E+01  0.1072126E+02
Si  0.4841476E+02  0.2137168E+02  0.1035831E+02
Si  0.5136054E+02  0.7762828E+01  0.1149687E+02
Si  0.5111479E+02  0.4355202E+01  0.1343874E+02
Si  0.4389023E+02  0.9095260E+01  0.1613493E+02
Si  0.5120032E+02  0.9529786E+01  0.4636704E+01
Si  0.5304461E+02  0.8749410E+01  0.1297212E+02
Si  0.5277986E+02  0.5569205E+01  0.1482250E+02
Si  0.5039321E+02  0.1158340E+02  0.1189354E+02
Si  0.5441283E+02  0.4661949E+01  0.1102416E+02
Si  0.5697369E+02  0.7250296E+01  0.1115681E+02
Si  0.5719854E+02  0.4365571E+01  0.1387052E+02
Si  0.5418084E+02  0.7100060E+01  0.1400060E+02
Si  0.5565983E+02  0.5814800E+01  0.1271819E+02
Si  0.5824710E+02  0.8485300E+01  0.1276937E+02
Si  0.5837955E+02  0.6055007E+01  0.1520089E+02
Si  0.5535460E+02  0.8691623E+01  0.1545580E+02
Si  0.5953269E+02  0.4496921E+01  0.1067621E+02
Si  0.6244859E+02  0.7175718E+01  0.1083123E+02
Si  0.6217096E+02  0.4417613E+01  0.1296474E+02
Si  0.5982173E+02  0.7100695E+01  0.1374583E+02
Si  0.6081906E+02  0.5924025E+01  0.1198412E+02
Si  0.6381284E+02  0.8439920E+01  0.1204484E+02
Si  0.6351089E+02  0.5765235E+01  0.1455248E+02
Si  0.6126069E+02  0.8633734E+01  0.1482277E+02
Si  0.3533080E+02  0.1313689E+02  0.4232085E+01
Si  0.4366071E+02  0.1459531E+02  0.6330701E+01
Si  0.5087443E+02  0.9353617E+01  0.2160371E+02
Si  0.4011715E+02  0.1707727E+02  0.1267320E+02
Si  0.4772992E+02  0.1729503E+02  0.1351901E+02
Si  0.4631561E+02  0.1369063E+02  0.1513181E+02
Si  0.4512734E+02  0.9557606E+01  0.1232546E+02
Si  0.4331571E+02  0.6867912E+01  0.1681773E+02
Si  0.4733211E+02  0.1132894E+02  0.9552575E+01
Si  0.5182657E+02  0.1320592E+02  0.1086072E+02
Si  0.5084168E+02  0.9459301E+01  0.1403267E+02
Si  0.4555856E+02  0.1496356E+02  0.1955442E+02
Si  0.4424259E+02  0.1593807E+02  0.1034128E+02
Si  0.5308980E+02  0.1431648E+02  0.1230619E+02
Si  0.5264542E+02  0.1108237E+02  0.1483905E+02
Si  0.5151557E+02  0.1583069E+02  0.1348553E+02
Si  0.5429598E+02  0.1006258E+02  0.1107436E+02
Si  0.5696833E+02  0.1242715E+02  0.1085767E+02
Si  0.5686647E+02  0.1001110E+02  0.1398910E+02
Si  0.5405038E+02  0.1253039E+02  0.1371301E+02
Si  0.5578390E+02  0.1127076E+02  0.1246410E+02
Si  0.5814885E+02  0.1412570E+02  0.1229807E+02
Si  0.5834351E+02  0.1140368E+02  0.1538013E+02
Si  0.5517103E+02  0.1419019E+02  0.1495720E+02
Si  0.5983992E+02  0.9788616E+01  0.1101825E+02
Si  0.6241755E+02  0.1261506E+02  0.1115288E+02
Si  0.6250941E+02  0.1001363E+02  0.1346538E+02
Si  0.5955747E+02  0.1263604E+02  0.1367487E+02
Si  0.6099624E+02  0.1126890E+02  0.1236493E+02
Si  0.6398242E+02  0.1403540E+02  0.1232003E+02
Si  0.6421631E+02  0.1113920E+02  0.1494919E+02
Si  0.6121292E+02  0.1392368E+02  0.1499505E+02
Si  0.3625875E+02  0.1597250E+02  0.1298577E+02
Si  0.3623644E+02  0.1898810E+02  0.1116287E+02
Si  0.4305546E+02  0.8428049E+01  0.4714624E+01
Si  0.3913633E+02  0.5005991E+00  0.7827541E+01
Si  0.3887785E+02  0.1838250E+02  0.8730730E+01
Si  0.4358023E+02  0.2631299E+01  0.1611078E+02
Si  0.4376364E+02  0.1735395E+02  0.1371000E+02
Si  0.4546682E+02  0.1918270E+02  0.7259055E+01
Si  0.5149408E+02  0.1833808E+02  0.1087895E+02
Si  0.4629748E+02  0.1835430E+02  0.1195808E+02
Si  0.5160381E+02  0.1597153E+02  0.1599329E+02
Si  0.4969935E+02  0.1647445E+02  0.1751343E+02
Si  0.4640552E+02  0.2037831E+02  0.1346577E+02
Si  0.5312283E+02  0.1947168E+02  0.1208844E+02
Si  0.5366503E+02  0.1754454E+02  0.1554708E+02
Si  0.4816103E+02  0.1931084E+02  0.1491728E+02
Si  0.5425443E+02  0.1565532E+02  0.1091556E+02
Si  0.5719566E+02  0.1829477E+02  0.1079803E+02
Si  0.5685092E+02  0.1551441E+02  0.1362681E+02
Si  0.5433357E+02  0.1825970E+02  0.1355245E+02
Si  0.5567931E+02  0.1698066E+02  0.1221743E+02
Si  0.5877521E+02  0.1974033E+02  0.1214511E+02
Si  0.5835973E+02  0.1675993E+02  0.1482616E+02
Si  0.5579770E+02  0.1957806E+02  0.1508598E+02
Si  0.5971667E+02  0.1532236E+02  0.1118093E+02
Si  0.6238586E+02  0.1807564E+02  0.1085832E+02
Si  0.6255213E+02  0.1528561E+02  0.1377676E+02
Si  0.5984852E+02  0.1820146E+02  0.1353394E+02
Si  0.6122641E+02  0.1670058E+02  0.1250325E+02
Si  0.6377947E+02  0.1945828E+02  0.1220657E+02
Si  0.6402882E+02  0.1675712E+02  0.1514448E+02
Si  0.6107664E+02  0.1963398E+02  0.1484216E+02
Si  0.4499685E+02  0.5023794E+01  0.1631472E+02
Si  0.4805548E+02  0.5498729E+00  0.1777307E+02
Si  0.4272753E+02  0.1900518E+02  0.5289166E+01
Si  0.4252742E+02  0.1787751E+02  0.1806030E+02
Si  0.4918608E+02  0.1584307E+02  0.2008348E+02
Si  0.4443255E+02  0.3458479E+01  0.1812058E+02
Si  0.4599926E+02  0.1061101E+01  0.1013894E+01
Si  0.4484544E+02  0.1051144E+01  0.1482530E+02
Si  0.3996425E+02  0.1939732E+02  0.1300261E+02
Si  0.5105683E+02  0.1789984E+01  0.1643386E+02
Si  0.5114666E+02  0.1978770E+02  0.1884601E+02
Si  0.4619622E+02  0.7326851E+01  0.1391256E+01
Si  0.4862079E+02  0.2141595E+02  0.1995549E+02
Si  0.5271371E+02  0.2942686E+01  0.1792964E+02
Si  0.5216535E+02  0.2140879E+02  0.2030942E+02
Si  0.4853705E+02  0.6398464E+01  0.2023001E+02
Si  0.5393077E+02  0.2069354E+02  0.1613207E+02
Si  0.5685468E+02  0.1798699E+01  0.1616713E+02
Si  0.5682411E+02  0.2070138E+02  0.1874443E+02
Si  0.5390442E+02  0.1064477E+01  0.1889170E+02
Si  0.5548570E+02  0.3568900E+00  0.1727759E+02
Si  0.5819596E+02  0.3006944E+01  0.1760926E+02
Si  0.5814447E+02  0.5198819E+00  0.2017958E+02
Si  0.5491792E+02  0.2868741E+01  0.2039651E+02
Si  0.5951979E+02  0.2090168E+02  0.1610109E+02
Si  0.6250944E+02  0.2006517E+01  0.1623687E+02
Si  0.6243098E+02  0.2110940E+02  0.1902003E+02
Si  0.5985142E+02  0.1748613E+01  0.1895330E+02
Si  0.6110240E+02  0.4937942E+00  0.1742051E+02
Si  0.6372824E+02  0.3156139E+01  0.1770985E+02
Si  0.6400670E+02  0.2408913E+00  0.2040785E+02
Si  0.6093262E+02  0.3009600E+01  0.2026328E+02
Si  0.4199105E+02  0.6693934E+01  0.1254003E+02
Si  0.4643291E+02  0.8448003E+00  0.2032133E+02
Si  0.3598315E+02  0.2249399E+01  0.1619442E+01
Si  0.4454068E+02  0.5583227E+01  0.8858676E+00
Si  0.4987888E+02  0.7735515E+01  0.1567749E+02
Si  0.4300991E+02  0.1585044E+02  0.1955284E+02
Si  0.4804498E+02  0.4166946E+01  0.1919157E+02
Si  0.4863861E+02  0.1479432E+02  0.4137621E+00
Si  0.4895141E+02  0.5020618E+01  0.1057896E+02
Si  0.5228948E+02  0.7621873E+01  0.1627891E+02
Si  0.5076113E+02  0.5742025E+01  0.2045656E+02
Si  0.5150500E+02  0.6512525E+01  0.1815212E+02
Si  0.4854909E+02  0.9886988E+01  0.1582823E+02
Si  0.5335031E+02  0.9025699E+01  0.1815249E+02
Si  0.5274287E+02  0.6528217E+01  0.2078357E+02
Si  0.5112188E+02  0.3994288E+01  0.1875398E+02
Si  0.5401030E+02  0.4230381E+01  0.1635880E+02
Si  0.5688713E+02  0.7254653E+01  0.1653040E+02
Si  0.5674999E+02  0.3990061E+01  0.1902016E+02
Si  0.5441144E+02  0.7300032E+01  0.1934290E+02
Si  0.5534995E+02  0.5496513E+01  0.1765605E+02
Si  0.5823358E+02  0.8622553E+01  0.1770702E+02
Si  0.5764787E+02  0.5794769E+01  0.2015982E+02
Si  0.5584067E+02  0.8749289E+01  0.2078986E+02
Si  0.5965484E+02  0.4625843E+01  0.1633260E+02
Si  0.6230548E+02  0.7058881E+01  0.1622287E+02
Si  0.6233585E+02  0.4306815E+01  0.1905329E+02
Si  0.5950560E+02  0.7074065E+01  0.1892838E+02
Si  0.6109522E+02  0.5830607E+01  0.1777343E+02
Si  0.6352268E+02  0.8715123E+01  0.1733491E+02
Si  0.6374963E+02  0.5846466E+01  0.2018403E+02
Si  0.6098326E+02  0.8730552E+01  0.2006359E+02
Si  0.4188654E+02  0.6496082E+01  0.5122146E+01
Si  0.4498671E+02  0.1322501E+02  0.1311073E+02
Si  0.4651968E+02  0.1440267E+02  0.1554071E+01
Si  0.4239685E+02  0.8844393E+01  0.1936610E+02
Si  0.4330375E+02  0.1400740E+02  0.1478905E+02
Si  0.4452596E+02  0.1021026E+02  0.1820996E+02
Si  0.4978828E+02  0.1524597E+02  0.2257373E+01
Si  0.4546201E+02  0.1088211E+02  0.1030947E+02
Si  0.4980553E+02  0.6087770E+01  0.1249687E+02
Si  0.5035070E+02  0.1410852E+02  0.1474080E+02
Si  0.4986582E+02  0.1282328E+02  0.1805561E+02
Si  0.4890913E+02  0.1753224E+02  0.2703112E+01
Si  0.5122866E+02  0.1244254E+02  0.1991951E+02
Si  0.5157161E+02  0.1275271E+02  0.1620795E+02
Si  0.5282471E+02  0.1057004E+02  0.1966828E+02
Si  0.4234235E+02  0.1314976E+02  0.2981428E+01
Si  0.5423936E+02  0.1033214E+02  0.1632244E+02
Si  0.5690878E+02  0.1288709E+02  0.1628359E+02
Si  0.5684602E+02  0.9843538E+01  0.1910447E+02
Si  0.5429410E+02  0.1245858E+02  0.1925994E+02
Si  0.5566215E+02  0.1152233E+02  0.1756914E+02
Si  0.5824105E+02  0.1436763E+02  0.1755901E+02
Si  0.5830804E+02  0.1138513E+02  0.2019215E+02
Si  0.5522905E+02  0.1357069E+02  0.2130294E+02
Si  0.5974769E+02  0.9729587E+01  0.1646182E+02
Si  0.6268909E+02  0.1267439E+02  0.1610459E+02
Si  0.6245001E+02  0.1015970E+02  0.1867941E+02
Si  0.5976763E+02  0.1309873E+02  0.1883040E+02
Si  0.6105507E+02  0.1139441E+02  0.1747676E+02
Si  0.6430022E+02  0.1384767E+02  0.1736425E+02
Si  0.6398836E+02  0.1146900E+02  0.2026041E+02
Si  0.6106272E+02  0.1433103E+02  0.2038303E+02
Si  0.4749779E+02  0.1584651E+02  0.1799588E+02
Si  0.5037719E+02  0.1663755E+02  0.6682148E+01
Si  0.4745504E+02  0.5015167E+01  0.1699930E+02
Si  0.4763411E+02  0.1804613E+02  0.1001270E+02
Si  0.4681142E+02  0.1688135E+02  0.1594877E+02
Si  0.4041011E+02  0.5028598E+01  0.6681678E+00
Si  0.4929481E+02  0.1784874E+02  0.2153117E+02
Si  0.4593303E+02  0.1102236E+02  0.3432719E+01
Si  0.4881718E+02  0.1442980E+02  0.1648458E+02
Si  0.5303374E+02  0.1458958E+02  0.1891171E+02
Si  0.5335976E+02  0.1459865E+02  0.1657887E+02
Si  0.4723289E+02  0.1873202E+02  0.2090318E+02
Si  0.5150079E+02  0.1581949E+02  0.2051977E+02
Si  0.5270622E+02  0.1880851E+02  0.1742537E+02
Si  0.5145252E+02  0.1641055E+02  0.1163325E+01
Si  0.4962758E+02  0.2131121E+02  0.1455399E+02
Si  0.5676629E+02  0.1557855E+02  0.1871387E+02
Si  0.5718695E+02  0.1809282E+02  0.1621409E+02
Si  0.5465418E+02  0.1588926E+02  0.2000502E+02
Si  0.5439817E+02  0.1808899E+02  0.1896676E+02
Si  0.5534843E+02  0.1691506E+02  0.1715816E+02
Si  0.5839935E+02  0.1967055E+02  0.1746387E+02
Si  0.5824801E+02  0.1683385E+02  0.2015095E+02
Si  0.5550557E+02  0.1950711E+02  0.2019978E+02
Si  0.5967696E+02  0.1558166E+02  0.1616964E+02
Si  0.6260422E+02  0.1833337E+02  0.1613156E+02
Si  0.6256575E+02  0.1508750E+02  0.1871599E+02
Si  0.6000946E+02  0.1800369E+02  0.1880315E+02
Si  0.6120668E+02  0.1671042E+02  0.1741028E+02
Si  0.6377603E+02  0.1936667E+02  0.1796409E+02
Si  0.6389426E+02  0.1650675E+02  0.2035555E+02
Si  0.6117091E+02  0.1944449E+02  0.2025581E+02
