         
  0.6515772E+02  0.0000000E+00  0.2171924E+02
  0.0000000E+00  0.0000000E+00  0.2171924E+02
Si  0.6514339E+02  0.2051304E+02  0.2077246E+02
Si  0.2684237E+01  0.1436088E+01  0.2034164E+02
Si  0.2538503E+01  0.2040616E+02  0.1501530E+01
Si  0.6494460E+02  0.1278543E+01  0.1541510E+01
Si  0.1293690E+01  0.2258439E-01  0.1448720E+00
Si  0.3756215E+01  0.2525256E+01  0.3051330E+00
Si  0.3961077E+01  0.2170907E+02  0.3060536E+01
Si  0.1176262E+01  0.2696006E+01  0.2524245E+01
Si  0.5381130E+01  0.2009086E+02  0.2078679E+02
Si  0.8342499E+01  0.1042573E+01  0.2094656E+02
Si  0.8457830E+01  0.2006319E+02  0.1550275E+01
Si  0.5352908E+01  0.1266117E+01  0.1612154E+01
Si  0.6784158E+01  0.2147556E+02  0.4225602E+00
Si  0.8740307E+01  0.4702736E+01  0.8244180E+00
Si  0.1009449E+02  0.2116111E+01  0.6795054E+01
Si  0.6733528E+01  0.2595257E+01  0.3158898E+01
Si  0.1243151E+02  0.2161382E+02  0.1753473E+02
Si  0.2091555E+02  0.8581858E+01  0.6179007E+01
Si  0.2053937E+02  0.1110822E+01  0.1853743E+02
Si  0.1229683E+02  0.2475927E+01  0.1983723E+02
Si  0.1345735E+02  0.1364996E+01  0.1705313E+01
Si  0.2951511E+02  0.1173077E+02  0.4048867E+01
Si  0.1421759E+02  0.1678072E+02  0.7386665E+01
Si  0.1721881E+02  0.3228656E+01  0.1748733E+02
Si  0.1729907E+02  0.1485662E+02  0.3563536E+01
Si  0.1526706E+02  0.6600044E+01  0.6171114E+01
Si  0.2922938E+02  0.3184246E+01  0.1689136E+02
Si  0.1501464E+02  0.2072932E+01  0.3362756E+01
Si  0.1899034E+02  0.6209284E-01  0.8816093E+01
Si  0.2379985E+02  0.3962450E+01  0.1091385E+02
Si  0.1084398E+02  0.1904893E+02  0.1987138E+02
Si  0.2542909E+02  0.2457348E+01  0.1131732E+02
Si  0.6505411E+02  0.3810090E+01  0.2056539E+02
Si  0.2822713E+01  0.6644811E+01  0.2058319E+02
Si  0.2711120E+01  0.4139200E+01  0.1493492E+01
Si  0.6507860E+02  0.6564965E+01  0.1602414E+01
Si  0.1306019E+01  0.5217470E+01  0.2481163E+00
Si  0.4211709E+01  0.8125068E+01  0.2941408E+00
Si  0.4196753E+01  0.5383462E+01  0.2734326E+01
Si  0.1141002E+01  0.7997770E+01  0.3293702E+01
Si  0.4859082E+01  0.3397630E+01  0.2010639E+02
Si  0.7000418E+01  0.5803859E+01  0.2016281E+02
Si  0.8805012E+01  0.2986025E+01  0.2284567E+01
Si  0.5897517E+01  0.6673277E+01  0.1397380E+01
Si  0.6259893E+01  0.4561825E+01  0.2665227E+00
Si  0.1021279E+02  0.6401155E+01  0.2052000E+01
Si  0.1018922E+02  0.4128610E+01  0.3573915E+01
Si  0.6608688E+01  0.7562210E+01  0.3561719E+01
Si  0.1518658E+02  0.5777419E+01  0.2236197E+01
Si  0.2810077E+02  0.7343908E+01  0.1732355E+02
Si  0.2788454E+02  0.1197737E+02  0.1191966E+02
Si  0.9051247E+01  0.8106376E+01  0.4762684E+01
Si  0.1439845E+02  0.1149824E+02  0.3171455E+01
Si  0.1296281E+02  0.5981971E+01  0.1969931E+00
Si  0.2274312E+02  0.6360257E+01  0.2156399E+02
Si  0.9151303E+01  0.1363798E+02  0.4814228E+01
Si  0.2246252E+02  0.1760222E+02  0.1890416E+02
Si  0.1792791E+02  0.1328108E+02  0.5345760E+01
Si  0.1672121E+02  0.1518941E+02  0.8054993E+01
Si  0.1585695E+02  0.8324161E+01  0.1364862E+02
Si  0.2155821E+02  0.1093348E+02  0.8391614E+01
Si  0.2455157E+02  0.2045240E+02  0.1963346E+02
Si  0.2567459E+02  0.6992081E+01  0.1208518E+02
Si  0.1647121E+02  0.1615641E+02  0.1015078E+00
Si  0.6508569E+02  0.9267217E+01  0.2050358E+02
Si  0.2550681E+01  0.1187535E+02  0.2059547E+02
Si  0.2474555E+01  0.9237384E+01  0.1669199E+01
Si  0.6483875E+02  0.1201989E+02  0.1438814E+01
Si  0.1171817E+01  0.1055984E+02  0.1628701E+00
Si  0.3949228E+01  0.1327827E+02  0.9425008E-02
Si  0.4010420E+01  0.1078504E+02  0.2943524E+01
Si  0.1104562E+01  0.1328917E+02  0.2733392E+01
Si  0.5322799E+01  0.9397761E+01  0.2042610E+02
Si  0.7916552E+01  0.1230011E+02  0.2033862E+02
Si  0.1120558E+02  0.1189661E+02  0.2614741E+00
Si  0.5501522E+01  0.1185782E+02  0.1230306E+01
Si  0.7013318E+01  0.1055450E+02  0.2162007E+02
Si  0.9458386E+01  0.1371589E+02  0.2164377E+02
Si  0.1100808E+02  0.1220048E+02  0.2584302E+01
Si  0.6859883E+01  0.1342710E+02  0.2323931E+01
Si  0.1041645E+02  0.9915627E+01  0.2129402E+02
Si  0.1738137E+02  0.1912493E+02  0.1976571E+02
Si  0.1691047E+02  0.1108167E+02  0.1056844E+02
Si  0.1235962E+02  0.9411095E+01  0.5484244E+01
Si  0.1481353E+02  0.1256744E+02  0.8097016E+00
Si  0.2283486E+02  0.1502860E+02  0.2525095E+01
Si  0.1544163E+02  0.3485997E+01  0.1445133E+01
Si  0.2607282E+02  0.6623722E+01  0.6924742E+01
Si  0.1279334E+02  0.4822670E+01  0.1303790E+02
Si  0.2463804E+02  0.6118748E+00  0.1259548E+02
Si  0.2409937E+02  0.8083035E+00  0.2481208E+01
Si  0.2076962E+02  0.1252801E+02  0.6622500E+01
Si  0.2155176E+02  0.1168747E+02  0.2102225E+02
Si  0.3502163E+02  0.2320550E+01  0.2030047E+02
Si  0.4096736E+02  0.1423951E+02  0.1019855E+02
Si  0.3592317E+02  0.6171148E+01  0.1964415E+02
Si  0.6492315E+02  0.1467814E+02  0.2058739E+02
Si  0.2748789E+01  0.1719693E+02  0.2103809E+02
Si  0.2559051E+01  0.1448784E+02  0.1491848E+01
Si  0.6496371E+02  0.1764124E+02  0.1491669E+01
Si  0.9627491E+00  0.1599385E+02  0.4947552E+00
Si  0.4262647E+01  0.1884540E+02  0.5135342E+00
Si  0.3811160E+01  0.1596631E+02  0.2856202E+01
Si  0.1106229E+01  0.1883609E+02  0.2992961E+01
Si  0.5233006E+01  0.1450452E+02  0.2032181E+02
Si  0.7892654E+01  0.1737182E+02  0.2027182E+02
Si  0.8132103E+01  0.1509224E+02  0.1247031E+01
Si  0.5354362E+01  0.1727377E+02  0.1522488E+01
Si  0.6677000E+01  0.1596417E+02  0.2143353E+02
Si  0.9296655E+01  0.1849077E+02  0.2152799E+02
Si  0.1715719E+02  0.1924515E+02  0.1590681E+01
Si  0.6799712E+01  0.1892850E+02  0.2741428E+01
Si  0.1231517E+02  0.1592831E+02  0.6978686E-01
Si  0.1072832E+02  0.1749887E+02  0.1791674E+02
Si  0.1324304E+02  0.1961230E+02  0.5763658E+01
Si  0.1807459E+02  0.6206547E+01  0.1920900E+02
Si  0.1291755E+02  0.2094046E+02  0.2400871E+01
Si  0.1919035E+02  0.3323821E+01  0.7152357E+01
Si  0.2062406E+02  0.2600222E+01  0.9057207E+01
Si  0.1147750E+02  0.2589680E+01  0.4528257E+00
Si  0.2222067E+02  0.1403181E+02  0.2073652E+02
Si  0.1684797E+02  0.5922353E+01  0.7941460E+01
Si  0.3144510E+02  0.1977982E+02  0.7726959E+01
Si  0.1722521E+02  0.2146681E+02  0.4281840E+01
Si  0.1485686E+02  0.1742800E+02  0.2058888E+02
Si  0.2123597E+02  0.1024733E+02  0.1210463E+02
Si  0.1797869E+02  0.1415069E+02  0.1372434E+02
Si  0.1677082E+02  0.2075977E+02  0.2138414E+02
Si  0.6494828E+02  0.2028824E+02  0.4205029E+01
Si  0.2610906E+01  0.1600660E+01  0.4032069E+01
Si  0.2658372E+01  0.2011987E+02  0.6584617E+01
Si  0.6490203E+02  0.8693760E+00  0.6898686E+01
Si  0.1524754E+01  0.2167763E+02  0.5173697E+01
Si  0.3816092E+01  0.2352628E+01  0.5892743E+01
Si  0.4083573E+01  0.2121382E+02  0.8471609E+01
Si  0.1234991E+01  0.2330792E+01  0.8366119E+01
Si  0.5485316E+01  0.2026037E+02  0.4157070E+01
Si  0.8025728E+01  0.2231247E+01  0.5106759E+01
Si  0.8004473E+01  0.2011953E+02  0.7277110E+01
Si  0.5362565E+01  0.8033515E+00  0.7018089E+01
Si  0.7029766E+01  0.4040431E-02  0.5718924E+01
Si  0.1535689E+02  0.7025010E+01  0.6925651E-01
Si  0.9148038E+01  0.1921008E+02  0.5363665E+01
Si  0.6557710E+01  0.2343234E+01  0.8619169E+01
Si  0.2653541E+02  0.4488319E+01  0.4206343E+01
Si  0.1894597E+02  0.2019305E+02  0.3157379E+01
Si  0.1709526E+02  0.5454390E+01  0.1119218E+02
Si  0.1287071E+02  0.1851655E+01  0.1026377E+02
Si  0.1628444E+02  0.3174395E+01  0.1161937E+02
Si  0.2022802E+02  0.1250867E+02  0.1238940E+02
Si  0.2149679E+02  0.1841344E+02  0.2738180E+01
Si  0.1069849E+02  0.1023059E+01  0.1854701E+02
Si  0.1576365E+02  0.8151409E+00  0.1164526E+02
Si  0.1805344E+02  0.2097616E+02  0.1851984E+02
Si  0.1410638E+02  0.1266325E+01  0.1350227E+02
Si  0.8554408E+01  0.9294047E+01  0.6951794E+00
Si  0.1253224E+02  0.1914729E+02  0.1502782E+02
Si  0.2133199E+02  0.2155995E+02  0.1388163E+02
Si  0.2078601E+02  0.1450725E+02  0.1172091E+01
Si  0.1379951E+02  0.4796033E+01  0.5399377E+01
Si  0.6115136E-01  0.4041180E+01  0.4021079E+01
Si  0.2916574E+01  0.6634183E+01  0.4286639E+01
Si  0.2834443E+01  0.3913653E+01  0.7202693E+01
Si  0.6493986E+02  0.6316249E+01  0.6997623E+01
Si  0.1489470E+01  0.5211141E+01  0.5603025E+01
Si  0.4277429E+01  0.7809848E+01  0.6094167E+01
Si  0.4312001E+01  0.5335260E+01  0.8427360E+01
Si  0.1246545E+01  0.7562842E+01  0.8406084E+01
Si  0.5110551E+01  0.3656506E+01  0.4524040E+01
Si  0.8052104E+01  0.7015039E+01  0.2493202E+00
Si  0.6753514E+01  0.5108467E+01  0.5806154E+01
Si  0.5828436E+01  0.6708135E+01  0.7222685E+01
Si  0.8143403E+01  0.3697281E+01  0.7367512E+01
Si  0.1237191E+02  0.6127387E+01  0.1084366E+02
Si  0.1102181E+02  0.2707657E+01  0.9003919E+01
Si  0.7113636E+01  0.8024492E+01  0.8337375E+01
Si  0.1629288E+02  0.1766034E+02  0.7412623E+01
Si  0.1386732E+02  0.1129501E+02  0.5654231E+01
Si  0.9062870E+01  0.9838058E+01  0.3124426E+01
Si  0.1026503E+02  0.4664845E+01  0.7157693E+01
Si  0.1053835E+02  0.2117905E+02  0.2743513E+01
Si  0.1081353E+02  0.9463716E+01  0.1050351E+02
Si  0.1425361E+02  0.8505054E+01  0.6783959E+01
Si  0.2271071E+02  0.3589917E+01  0.1283426E+02
Si  0.1168276E+02  0.2130801E+02  0.9051954E+01
Si  0.1855890E+02  0.1888029E+02  0.6452250E+01
Si  0.1911333E+02  0.4472913E+01  0.1436498E+02
Si  0.2566184E+02  0.9460900E+01  0.1181044E+02
Si  0.2920532E+02  0.6109815E+01  0.2084004E+02
Si  0.1141424E+02  0.1275414E+02  0.1309378E+02
Si  0.2996277E+02  0.1606914E+02  0.1465129E+02
Si  0.1266171E+02  0.1501816E+02  0.9765827E+01
Si  0.6495073E+02  0.9221330E+01  0.4420362E+01
Si  0.2549747E+01  0.1198573E+02  0.4198036E+01
Si  0.2712702E+01  0.9298311E+01  0.7138625E+01
Si  0.2402658E+00  0.1197709E+02  0.6898257E+01
Si  0.1389530E+01  0.1052345E+02  0.5496628E+01
Si  0.4255318E+01  0.1319845E+02  0.5272734E+01
Si  0.4105295E+01  0.1056538E+02  0.8455345E+01
Si  0.1439007E+01  0.1357301E+02  0.8407852E+01
Si  0.5116370E+01  0.9361592E+01  0.4429205E+01
Si  0.7887296E+01  0.1194381E+02  0.3830807E+01
Si  0.8319421E+01  0.5795187E+01  0.3943412E+01
Si  0.5382602E+01  0.1169723E+02  0.6910849E+01
Si  0.6736641E+01  0.1055438E+02  0.5506425E+01
Si  0.7970717E+01  0.1475721E+02  0.6636702E+01
Si  0.8423182E+01  0.9328516E+01  0.6696859E+01
Si  0.6885745E+01  0.1315782E+02  0.8126766E+01
Si  0.1440144E+02  0.1265853E+02  0.1994553E+02
Si  0.1193844E+02  0.2144008E+02  0.4783846E+01
Si  0.1494659E+02  0.1105856E+02  0.9143199E+01
Si  0.1890404E+02  0.1487864E+02  0.6941373E+01
Si  0.1322998E+02  0.1139127E+02  0.1423571E+02
Si  0.1069596E+02  0.1085979E+02  0.6434753E+01
Si  0.2241338E+02  0.1269267E+02  0.3585660E+01
Si  0.1607671E+02  0.1796334E+02  0.1389793E+02
Si  0.2882875E+02  0.5733207E+01  0.5930651E+01
Si  0.1524630E+02  0.1540548E+02  0.1199393E+02
Si  0.2854715E+02  0.5791079E+01  0.3017784E+01
Si  0.2205971E+02  0.1800805E+02  0.1208841E+02
Si  0.2466201E+02  0.1256187E+02  0.2368317E+01
Si  0.2881201E+02  0.9941936E+01  0.2786698E+01
Si  0.2513375E+02  0.1510757E+02  0.1650718E+02
Si  0.2387847E+02  0.1717424E+02  0.2098186E+02
Si  0.6508287E+02  0.1456634E+02  0.4128866E+01
Si  0.2495249E+01  0.1736176E+02  0.4165971E+01
Si  0.2724522E+01  0.1448476E+02  0.6501835E+01
Si  0.6503310E+02  0.1701052E+02  0.7099861E+01
Si  0.1255577E+01  0.1591896E+02  0.5582735E+01
Si  0.4105398E+01  0.1882237E+02  0.5359848E+01
Si  0.4140977E+01  0.1582894E+02  0.8137044E+01
Si  0.1110143E+01  0.1887679E+02  0.8032134E+01
Si  0.5535603E+01  0.1462157E+02  0.3912485E+01
Si  0.9506018E+01  0.1620075E+02  0.2727918E+01
Si  0.9508875E+01  0.1616186E+02  0.7609734E+01
Si  0.5366172E+01  0.1744307E+02  0.6736058E+01
Si  0.6650066E+01  0.1604170E+02  0.5521540E+01
Si  0.7933492E+01  0.1734502E+02  0.4208418E+01
Si  0.7771595E+01  0.1677412E+02  0.9248416E+01
Si  0.6636176E+01  0.1847029E+02  0.8315739E+01
Si  0.1266217E+02  0.1726113E+02  0.5584021E+01
Si  0.1127303E+02  0.1895179E+02  0.8695579E+01
Si  0.1637417E+02  0.3364675E+01  0.6020797E+01
Si  0.1050762E+02  0.1295873E+02  0.6639865E+01
Si  0.1075439E+02  0.1446426E+02  0.3469876E+01
Si  0.1443996E+02  0.2001232E+02  0.2067625E+02
Si  0.2502111E+02  0.6239922E+01  0.6506624E+00
Si  0.1569887E+02  0.1355278E+00  0.1516313E+02
Si  0.1224035E+02  0.7781763E+01  0.1817272E+01
Si  0.1974033E+02  0.1865273E+02  0.2047630E+02
Si  0.2407448E+02  0.6378101E+01  0.8516919E+01
Si  0.2247323E+02  0.7698334E+01  0.1491763E+02
Si  0.1846266E+02  0.1736639E+02  0.6612641E+00
Si  0.9718791E+01  0.1021882E+02  0.8512846E+01
Si  0.1050825E+02  0.1789869E+02  0.6536115E+01
Si  0.9441575E+01  0.1363951E-01  0.7966269E+01
Si  0.6497789E+02  0.1993671E+02  0.9837598E+01
Si  0.2679571E+01  0.9795492E+00  0.9747970E+01
Si  0.2602792E+01  0.1993674E+02  0.1227588E+02
Si  0.6489353E+02  0.1124396E+01  0.1228276E+02
Si  0.1107710E+01  0.2132814E+02  0.1096973E+02
Si  0.4156756E+01  0.2345224E+01  0.1095797E+02
Si  0.3992087E+01  0.2132853E+02  0.1376831E+02
Si  0.1194864E+01  0.2440384E+01  0.1356485E+02
Si  0.5381336E+01  0.1979457E+02  0.9877024E+01
Si  0.7991000E+01  0.9357996E+00  0.9722600E+01
Si  0.8247336E+01  0.1993015E+02  0.1275543E+02
Si  0.5469990E+01  0.9510084E+00  0.1231957E+02
Si  0.6802961E+01  0.2101824E+02  0.1099166E+02
Si  0.9756006E+01  0.1156775E+01  0.1144126E+01
Si  0.9739875E+01  0.2135496E+02  0.1426556E+02
Si  0.6964940E+01  0.2269709E+01  0.1362368E+02
Si  0.1192338E+02  0.2069090E+02  0.1140318E+02
Si  0.2135340E+02  0.4590259E+01  0.2059979E+02
Si  0.1656024E+02  0.8067065E+01  0.1600774E+02
Si  0.1257147E+02  0.2653710E+01  0.1238274E+02
Si  0.1242678E+02  0.1694681E+02  0.1636937E+02
Si  0.2016445E+02  0.1632602E+01  0.1102939E+02
Si  0.1078539E+02  0.8563986E+00  0.1243947E+02
Si  0.1836842E+02  0.1867256E+02  0.1479239E+02
Si  0.2813970E+02  0.1064346E+01  0.1764904E+02
Si  0.2025618E+02  0.2079804E+02  0.1978685E+02
Si  0.1416770E+02  0.2754316E+01  0.6868525E+01
Si  0.2017117E+02  0.9682962E+01  0.9997549E+01
Si  0.1704354E+02  0.1153965E+02  0.9252924E+00
Si  0.2342975E+02  0.8738425E+01  0.5721160E+01
Si  0.2469393E+02  0.2481424E+01  0.1626840E+02
Si  0.1297695E+02  0.8368379E+01  0.1123166E+02
Si  0.6490583E+02  0.3610513E+01  0.9536094E+01
Si  0.2813855E+01  0.6110155E+01  0.1001203E+02
Si  0.2621795E+01  0.3730390E+01  0.1241794E+02
Si  0.6507964E+02  0.6280060E+01  0.1247223E+02
Si  0.1089485E+01  0.5003119E+01  0.1100152E+02
Si  0.4099643E+01  0.7794095E+01  0.1100129E+02
Si  0.3894745E+01  0.5216520E+01  0.1412992E+02
Si  0.9649191E+00  0.7897031E+01  0.1379539E+02
Si  0.5477218E+01  0.3906662E+01  0.9948740E+01
Si  0.8604180E+01  0.6555526E+01  0.9702675E+01
Si  0.8296450E+01  0.3942904E+01  0.1240898E+02
Si  0.5188384E+01  0.6459330E+01  0.1259734E+02
Si  0.6917506E+01  0.5419789E+01  0.1107671E+02
Si  0.9309295E+01  0.7901315E+01  0.1148098E+02
Si  0.9286435E+01  0.5109716E+01  0.1421329E+02
Si  0.6397614E+01  0.7923311E+01  0.1398642E+02
Si  0.9565846E+01  0.2468842E+01  0.1077829E+02
Si  0.2002099E+02  0.7533500E+01  0.1144082E+02
Si  0.1336182E+02  0.2004466E+02  0.8032927E+01
Si  0.1061489E+02  0.6627775E+01  0.1301581E+02
Si  0.1685657E+02  0.3457740E+01  0.8393856E+01
Si  0.1884283E+02  0.7025717E+01  0.7507889E+01
Si  0.1134250E+02  0.9502411E+01  0.1604225E+02
Si  0.1248660E+02  0.8889938E+01  0.1984392E+02
Si  0.9372805E+01  0.2089338E+02  0.1984550E+02
Si  0.1814715E+02  0.1169518E+02  0.3454608E+01
Si  0.3215244E+02  0.2025497E+02  0.1424424E+02
Si  0.1053236E+02  0.1437715E+02  0.8660322E+01
Si  0.2747830E+02  0.1771814E+02  0.8717880E+01
Si  0.1780637E+02  0.9100643E+01  0.2626691E+01
Si  0.1220550E+02  0.6161720E+01  0.6753499E+01
Si  0.2063909E+02  0.6473182E+01  0.9204196E+01
Si  0.1835036E+00  0.9202073E+01  0.9875209E+01
Si  0.2749274E+01  0.1190337E+02  0.9552559E+01
Si  0.2760524E+01  0.8953750E+01  0.1259970E+02
Si  0.1724492E+00  0.1196513E+02  0.1242493E+02
Si  0.1608939E+01  0.1046932E+02  0.1116156E+02
Si  0.4096828E+01  0.1334173E+02  0.1093789E+02
Si  0.3942849E+01  0.1079353E+02  0.1379287E+02
Si  0.1381797E+01  0.1356559E+02  0.1372741E+02
Si  0.5519244E+01  0.9299164E+01  0.9819749E+01
Si  0.8367400E+01  0.1193243E+02  0.9620120E+01
Si  0.7845539E+01  0.9534731E+01  0.1280694E+02
Si  0.5324825E+01  0.1191795E+02  0.1226753E+02
Si  0.6971329E+01  0.1087725E+02  0.1093316E+02
Si  0.9780160E+01  0.1321006E+02  0.1118768E+02
Si  0.1040817E+02  0.1154043E+02  0.1477229E+02
Si  0.6918678E+01  0.1319753E+02  0.1384988E+02
Si  0.2627300E+02  0.5607844E+01  0.1399590E+02
Si  0.1598048E+02  0.1035415E+02  0.6703051E+01
Si  0.1965657E+02  0.2030549E+02  0.1595225E+02
Si  0.1317157E+02  0.1687738E+02  0.1233383E+02
Si  0.1615154E+02  0.9183270E+01  0.8126789E+00
Si  0.2602371E+02  0.1155713E+02  0.6103119E+01
Si  0.1198666E+02  0.4562438E+01  0.2136772E+01
Si  0.1892911E+02  0.1746985E+02  0.1051913E+02
Si  0.1707989E+02  0.1183228E+01  0.2574205E+01
Si  0.2481737E+02  0.1960292E+02  0.1965087E+01
Si  0.2797719E+02  0.1351866E+02  0.3844291E+01
Si  0.1497965E+02  0.8529185E+01  0.1951068E+02
Si  0.4240010E+02  0.6244898E+01  0.1319381E+02
Si  0.3289811E+02  0.6489049E+01  0.1161125E+02
Si  0.4186477E+02  0.1609751E+02  0.2107725E+02
Si  0.1233414E+02  0.1359695E+02  0.1877896E+02
Si  0.6508092E+02  0.1474144E+02  0.9835951E+01
Si  0.2774363E+01  0.1746090E+02  0.9238285E+01
Si  0.2889014E+01  0.1495163E+02  0.1217450E+02
Si  0.2429713E+00  0.1720006E+02  0.1246499E+02
Si  0.1367599E+01  0.1623662E+02  0.1083343E+02
Si  0.3954808E+01  0.1846910E+02  0.1090850E+02
Si  0.4314880E+01  0.1600050E+02  0.1372986E+02
Si  0.1343010E+01  0.1892685E+02  0.1376724E+02
Si  0.5625244E+01  0.1460341E+02  0.9632849E+01
Si  0.1175030E+02  0.1853006E+02  0.1302869E+02
Si  0.8309921E+01  0.1452683E+02  0.1247215E+02
Si  0.5489303E+01  0.1757973E+02  0.1230055E+02
Si  0.6788081E+01  0.1596199E+02  0.1112558E+02
Si  0.1856284E+02  0.1657015E+02  0.1366282E+02
Si  0.1431854E+02  0.1424657E+02  0.1552409E+02
Si  0.6662529E+01  0.1859616E+02  0.1389686E+02
Si  0.1338410E+02  0.5386927E+01  0.8820050E+01
Si  0.2668372E+02  0.1411345E+02  0.1796985E+02
Si  0.1285745E+02  0.1512966E+02  0.4378960E+01
Si  0.1429052E+02  0.1773631E+02  0.1752338E+02
Si  0.9665463E+01  0.1794513E+02  0.1230728E+02
Si  0.1898828E+02  0.4437101E+01  0.2045297E+02
Si  0.2425545E+02  0.1055558E+02  0.1018810E+02
Si  0.1187116E+02  0.1530162E+02  0.1370916E+02
Si  0.1092394E+02  0.1751204E+02  0.1199402E+01
Si  0.2272502E+02  0.8399110E+01  0.1215204E+01
Si  0.1377793E+02  0.1999927E+02  0.1818381E+02
Si  0.2859515E+02  0.8736698E+01  0.4676528E+01
Si  0.1696059E+02  0.1289155E+02  0.8810089E+01
Si  0.2232642E+02  0.7785862E+01  0.7931989E+01
Si  0.2646868E+02  0.2071605E+02  0.7123528E+01
Si  0.2177307E+02  0.1672320E+02  0.1578111E+02
Si  0.6912516E-02  0.2008971E+02  0.1553430E+02
Si  0.2751643E+01  0.1239651E+01  0.1501213E+02
Si  0.2735844E+01  0.1999702E+02  0.1791265E+02
Si  0.7847314E-01  0.1164905E+01  0.1792918E+02
Si  0.1503828E+01  0.2167482E+02  0.1653337E+02
Si  0.4140828E+01  0.2565297E+01  0.1638319E+02
Si  0.4120778E+01  0.2147800E+02  0.1918497E+02
Si  0.1289111E+01  0.2705669E+01  0.1907838E+02
Si  0.5578556E+01  0.2033395E+02  0.1508939E+02
Si  0.8348186E+01  0.1051802E+01  0.1526248E+02
Si  0.7989409E+01  0.2014951E+02  0.1790296E+02
Si  0.5614068E+01  0.1153508E+01  0.1784356E+02
Si  0.6765803E+01  0.2161645E+02  0.1646153E+02
Si  0.1361886E+02  0.4774766E+01  0.2004879E+02
Si  0.9493431E+01  0.2339290E+01  0.1689337E+02
Si  0.6922613E+01  0.2523522E+01  0.1935680E+02
Si  0.2279691E+02  0.1568990E+02  0.1008936E+02
Si  0.1474769E+02  0.3201297E+01  0.1750549E+02
Si  0.1438030E+02  0.6549191E+00  0.5251124E+01
Si  0.1607933E+02  0.2050507E+02  0.1718793E+02
Si  0.1102190E+02  0.2048330E+02  0.1604377E+02
Si  0.2046409E+02  0.1938049E+02  0.4966102E+01
Si  0.2118805E+02  0.2620853E+00  0.2153439E+02
Si  0.1273559E+02  0.1042350E+02  0.1786264E+02
Si  0.1134333E+02  0.7238467E+01  0.4769136E+01
Si  0.1390786E+02  0.9774294E+01  0.1405663E+01
Si  0.2272079E+02  0.4703522E+01  0.2921476E+01
Si  0.2183569E+02  0.1685534E+02  0.8888552E+00
Si  0.1222074E+02  0.1437085E+02  0.1660310E+02
Si  0.3314121E+02  0.1096041E+02  0.3591263E+01
Si  0.2137985E+02  0.1419929E+02  0.8540791E+01
Si  0.1926486E+02  0.2749243E+01  0.2561251E+01
Si  0.6509160E+02  0.3856421E+01  0.1502486E+02
Si  0.2339348E+01  0.6619058E+01  0.1524716E+02
Si  0.2552800E+01  0.4010781E+01  0.1754420E+02
Si  0.6508253E+02  0.6781937E+01  0.1809802E+02
Si  0.8628087E+00  0.5291379E+01  0.1649726E+02
Si  0.3793070E+01  0.7831263E+01  0.1656536E+02
Si  0.3954565E+01  0.5385112E+01  0.1910710E+02
Si  0.1231203E+01  0.8051977E+01  0.1939739E+02
Si  0.5563943E+01  0.3922889E+01  0.1502382E+02
Si  0.7920661E+01  0.6811196E+01  0.1540062E+02
Si  0.8154974E+01  0.3940045E+01  0.1809687E+02
Si  0.5467523E+01  0.6709605E+01  0.1772882E+02
Si  0.6882728E+01  0.5193720E+01  0.1654951E+02
Si  0.9722068E+01  0.7990376E+01  0.1657870E+02
Si  0.9271207E+01  0.5369839E+01  0.1947021E+02
Si  0.6860296E+01  0.8083250E+01  0.1896833E+02
Si  0.1494151E+02  0.7822610E+00  0.9322140E+01
Si  0.2008527E+02  0.1284032E+02  0.1976403E+02
Si  0.1421424E+02  0.2097584E+02  0.1227018E+02
Si  0.1071572E+02  0.4307566E+01  0.1607752E+02
Si  0.1981824E+02  0.5229339E+01  0.1776826E+02
Si  0.1128581E+02  0.9869396E+01  0.3182833E+01
Si  0.1761160E+02  0.2697186E+01  0.1517740E+02
Si  0.1070847E+02  0.6036925E+01  0.1764152E+02
Si  0.2503997E+02  0.6716299E+01  0.2004705E+02
Si  0.2959683E+02  0.2016619E+02  0.1210131E+02
Si  0.2145184E+02  0.6414025E+01  0.1919054E+01
Si  0.2669923E+02  0.8654436E+01  0.7969098E+01
Si  0.1752713E+02  0.1433969E+01  0.2161856E+02
Si  0.1553667E+02  0.1153517E+02  0.1455231E+02
Si  0.2226184E+02  0.4544498E+01  0.8933920E+01
Si  0.2529670E+02  0.1310951E+02  0.8177479E+01
Si  0.6488771E+02  0.9414337E+01  0.1491832E+02
Si  0.2484519E+01  0.1194216E+02  0.1513252E+02
Si  0.2504151E+01  0.9368396E+01  0.1780289E+02
Si  0.6483034E+02  0.1204019E+02  0.1788227E+02
Si  0.1120419E+01  0.1080615E+02  0.1661818E+02
Si  0.3679966E+01  0.1337094E+02  0.1638226E+02
Si  0.3790474E+01  0.1073804E+02  0.1912206E+02
Si  0.1176287E+01  0.1328454E+02  0.1921182E+02
Si  0.5069810E+01  0.9208325E+01  0.1511588E+02
Si  0.8165820E+01  0.1126692E+02  0.1462652E+02
Si  0.8390058E+01  0.9439074E+01  0.1771167E+02
Si  0.5324151E+01  0.1198317E+02  0.1762503E+02
Si  0.6572271E+01  0.1038084E+02  0.1631721E+02
Si  0.1001607E+02  0.1350775E+02  0.1628607E+02
Si  0.9339087E+01  0.1079738E+02  0.1921590E+02
Si  0.6869956E+01  0.1351077E+02  0.1889814E+02
Si  0.1524350E+02  0.6475556E+01  0.9647628E+01
Si  0.1449587E+02  0.3282750E+01  0.9164099E+01
Si  0.1736660E+02  0.2027378E+02  0.1333801E+02
Si  0.1065144E+02  0.1503089E+02  0.2022607E+02
Si  0.1479982E+02  0.9391928E+01  0.1718865E+02
Si  0.1640580E+02  0.5199531E+01  0.4290712E+01
Si  0.1695884E+02  0.9442184E+01  0.2013598E+02
Si  0.2102991E+02  0.2039901E+02  0.1705665E+01
Si  0.1300387E+02  0.3210379E+01  0.1542075E+02
Si  0.2279710E+02  0.1572513E+02  0.1750170E+02
Si  0.2837896E+02  0.4910897E+01  0.1540315E+02
Si  0.2640170E+02  0.1170931E+02  0.9882473E+01
Si  0.1404979E+02  0.7213315E+01  0.1672681E+02
Si  0.2095581E+02  0.1417159E+02  0.4744216E+01
Si  0.2792455E+02  0.4895782E+01  0.1791648E+02
Si  0.1225615E+02  0.7817050E+01  0.1462336E+02
Si  0.6498164E+02  0.1491265E+02  0.1488962E+02
Si  0.2648517E+01  0.1751855E+02  0.1497419E+02
Si  0.2334723E+01  0.1471830E+02  0.1770853E+02
Si  0.3764645E-01  0.1739681E+02  0.1807836E+02
Si  0.1252582E+01  0.1612422E+02  0.1629817E+02
Si  0.4126152E+01  0.1875250E+02  0.1652145E+02
Si  0.3783305E+01  0.1601520E+02  0.1921949E+02
Si  0.1358567E+01  0.1887260E+02  0.1962020E+02
Si  0.5615099E+01  0.1459720E+02  0.1509985E+02
Si  0.8199369E+01  0.1729138E+02  0.1519867E+02
Si  0.8323310E+01  0.1471970E+02  0.1762888E+02
Si  0.5385009E+01  0.1716881E+02  0.1787700E+02
Si  0.6756307E+01  0.1604974E+02  0.1644341E+02
Si  0.9293947E+01  0.1879172E+02  0.1647502E+02
Si  0.9220639E+01  0.1625013E+02  0.1906410E+02
Si  0.6466179E+01  0.1895060E+02  0.1906515E+02
Si  0.9477922E+01  0.1594713E+02  0.1362424E+02
Si  0.1497144E+02  0.1950644E+02  0.2183352E+01
Si  0.1076820E+02  0.1213164E+02  0.1814403E+02
Si  0.1669910E+02  0.1735890E+02  0.1826465E+02
Si  0.1976735E+02  0.1143380E+02  0.1793426E+02
Si  0.1560298E+02  0.1531850E+02  0.1727913E+02
Si  0.2329898E+02  0.6345444E+00  0.2064379E+02
Si  0.1282345E+02  0.6737015E+01  0.1866928E+02
Si  0.9979195E+01  0.1070447E+02  0.1239315E+02
Si  0.1406581E+02  0.1173913E+01  0.1649943E+02
Si  0.2064398E+02  0.1121821E+02  0.4465343E+01
Si  0.1436309E+02  0.1430407E+02  0.7961140E+01
Si  0.2081056E+02  0.9323212E+01  0.2152835E+02
Si  0.1916983E+02  0.1701027E+02  0.1884976E+02
Si  0.2103228E+02  0.1225972E+02  0.1787196E+01
Si  0.2057656E+02  0.8943310E+01  0.1786820E+02
Si  0.4140784E+02  0.1997912E+02  0.7601849E+01
Si  0.3264107E+02  0.2804492E+01  0.1318133E+02
Si  0.2291845E+02  0.1254600E+02  0.9310473E+01
Si  0.3098144E+02  0.8414748E+01  0.5378883E+01
Si  0.3853088E+02  0.1186985E+01  0.1090861E+01
Si  0.3458530E+02  0.8407478E+01  0.1178989E+02
Si  0.5276560E+02  0.5088333E+01  0.1910592E+02
Si  0.3649916E+02  0.2079267E+01  0.1481800E+02
Si  0.3206630E+02  0.4273150E+01  0.3436615E+01
Si  0.2266644E+02  0.1513611E+02  0.6428702E+01
Si  0.1477649E+02  0.1954990E+02  0.1519115E+02
Si  0.3812607E+02  0.2086071E+02  0.1758368E+02
Si  0.3141398E+02  0.8615294E+01  0.2079725E+02
Si  0.4566863E+02  0.1616904E+02  0.5657704E+01
Si  0.3660526E+02  0.3391934E+01  0.1297942E+02
Si  0.3727202E+02  0.1512859E+02  0.1985947E+02
Si  0.2965623E+02  0.6889027E+00  0.7727593E+01
Si  0.3446010E+02  0.1744752E+02  0.1427495E+02
Si  0.3980812E+02  0.1790888E+02  0.1065386E+02
Si  0.1918013E+02  0.1516387E+02  0.1187347E+02
Si  0.2774435E+02  0.1273298E+02  0.1577167E+01
Si  0.3421894E+02  0.1412388E+02  0.4665004E+01
Si  0.3028394E+02  0.4618875E+01  0.1027370E+02
Si  0.1765333E+02  0.1201580E+02  0.2013653E+02
Si  0.5043726E+02  0.9852055E+01  0.1610995E+02
Si  0.1848027E+02  0.6810890E+01  0.1422141E+02
Si  0.3600216E+02  0.1675785E+02  0.1104990E+02
Si  0.3079934E+02  0.2254839E+01  0.6151795E+01
Si  0.2931888E+02  0.1294315E+02  0.2008898E+02
Si  0.3162898E+02  0.1825365E+02  0.4981634E+01
Si  0.3563171E+02  0.4447410E+01  0.8993007E+01
Si  0.3627415E+02  0.7995892E+01  0.1635969E+02
Si  0.3606126E+02  0.1332325E+02  0.3440209E+01
Si  0.3520653E+02  0.9592185E+01  0.2004680E+02
Si  0.2606799E+02  0.2092254E+02  0.9608728E+01
Si  0.2735492E+02  0.1761610E+02  0.1368193E+02
Si  0.4897395E+02  0.2296771E+01  0.1269781E+02
Si  0.1969051E+02  0.1786579E+02  0.1680158E+02
Si  0.3224391E+02  0.3123800E+01  0.9868101E+01
Si  0.4057646E+02  0.2750262E+01  0.1438183E+02
Si  0.4268751E+02  0.4463819E+01  0.7368819E+01
Si  0.4806643E+02  0.1131755E+02  0.1775253E+02
Si  0.2334870E+02  0.2088974E+02  0.9005220E+00
Si  0.3455105E+02  0.2812850E+01  0.7156371E+01
Si  0.4011182E+02  0.1908795E+02  0.5879906E+01
Si  0.2953350E+02  0.7069772E+01  0.1470869E+02
Si  0.2580497E+02  0.4964318E+01  0.9575560E+01
Si  0.2660663E+02  0.1727597E+01  0.9474763E+01
Si  0.2755710E+02  0.1972536E+02  0.1089440E+02
Si  0.3743257E+02  0.1185060E+02  0.7897261E+00
Si  0.4426249E+02  0.1502559E+02  0.7326128E+01
Si  0.1643173E+02  0.6185628E+01  0.1359518E+02
Si  0.4589343E+02  0.1866683E+02  0.1084663E+01
Si  0.2617959E+02  0.2105682E+02  0.2996872E+01
Si  0.3427908E+02  0.1389686E+02  0.1059359E+02
Si  0.3006435E+02  0.1131322E+01  0.4133574E+01
Si  0.3639684E+02  0.2032788E+02  0.1922271E+02
Si  0.3866677E+02  0.2047044E+02  0.4677313E+01
Si  0.3061371E+02  0.6926731E-01  0.1554587E+02
Si  0.3022448E+02  0.1294195E+02  0.1196878E+02
Si  0.2531135E+02  0.1484625E+02  0.1404260E+02
Si  0.4021425E+02  0.1325836E+02  0.1419640E+02
Si  0.1461827E+02  0.2543835E+01  0.1979671E+02
Si  0.3012370E+02  0.1417188E+02  0.1822065E+02
Si  0.3064070E+02  0.9138234E+01  0.1149037E+02
Si  0.2191878E+02  0.2056464E+01  0.5754830E+01
Si  0.2059301E+02  0.1474232E+02  0.1650746E+02
Si  0.2564573E+02  0.1294969E+02  0.4488797E+01
Si  0.2857578E+02  0.1525965E+02  0.1680903E+02
Si  0.2385971E+02  0.6540190E+01  0.6203227E+01
Si  0.3967559E+02  0.1310822E+02  0.1650873E+02
Si  0.2430723E+02  0.1664427E+02  0.3398461E+01
Si  0.3686650E+02  0.1073106E+02  0.1148657E+02
Si  0.3074299E+02  0.1475641E+02  0.5618120E+01
Si  0.2716338E+02  0.6925798E+00  0.1448686E+01
Si  0.1515746E+02  0.1021571E+01  0.1341771E+00
Si  0.2551737E+02  0.1127396E+02  0.2030406E+02
Si  0.3655169E+02  0.7828666E+01  0.7701564E+01
Si  0.3856289E+02  0.9151802E+01  0.1246384E+02
Si  0.3924183E+02  0.1912504E+02  0.8768208E+01
Si  0.3244194E+02  0.1240332E+02  0.1970946E+02
Si  0.2712913E+02  0.6731791E+01  0.4741230E+01
Si  0.3488536E+02  0.1561546E+02  0.1292663E+02
Si  0.3142592E+02  0.5008692E+01  0.2124882E+02
Si  0.3374239E+02  0.4395354E+01  0.2056607E+02
Si  0.3356536E+02  0.4381335E+01  0.1801388E+02
Si  0.2969861E+02  0.1743949E+02  0.6394267E+01
Si  0.3463767E+02  0.1154701E+01  0.1079761E+02
Si  0.1811972E+02  0.4194959E+00  0.1102924E+02
Si  0.3374444E+02  0.6969315E+01  0.6964722E+01
Si  0.3444930E+02  0.3790420E+01  0.3773252E+01
Si  0.3037574E+02  0.6760534E+01  0.7143751E+01
Si  0.4096872E+02  0.1797532E+02  0.6074159E+00
Si  0.4753645E+02  0.1887342E+02  0.1025279E+02
Si  0.3914979E+02  0.1362646E+02  0.7632377E+01
Si  0.1855212E+02  0.4017462E+01  0.1018504E+02
Si  0.2425939E+02  0.1923529E+02  0.7222544E+01
Si  0.2263522E+02  0.2612709E+01  0.1952238E+02
Si  0.2118723E+02  0.1884467E+02  0.8016990E+01
Si  0.2167418E+02  0.1452996E+02  0.1211325E+02
Si  0.3411392E+02  0.2095374E+02  0.3034121E-01
Si  0.2353556E+02  0.1339615E+02  0.1319711E+02
Si  0.2139898E+02  0.1672909E+00  0.3595584E+01
Si  0.2137635E+02  0.1172364E+02  0.1615578E+02
Si  0.3648679E+02  0.1283596E+02  0.1012406E+02
Si  0.2976297E+02  0.1644498E+02  0.2259856E+00
Si  0.4640015E+02  0.8036845E+01  0.1889005E+02
Si  0.4627936E+02  0.1275665E+02  0.9671337E+01
Si  0.4227990E+02  0.1544687E+02  0.2428888E+01
Si  0.2772986E+02  0.1143306E+02  0.1422735E+02
Si  0.2710812E+02  0.9187679E+01  0.1088824E+01
Si  0.4799459E+02  0.3990716E+01  0.2130917E+02
Si  0.1966096E+02  0.8749813E+01  0.4237622E+01
Si  0.2678321E+02  0.3285898E+01  0.2103093E+02
Si  0.3496674E+02  0.1316872E+02  0.1279965E+02
Si  0.2334888E+02  0.1883055E+02  0.3923872E+01
Si  0.4493611E+02  0.1841665E+02  0.5739033E+01
Si  0.2408076E+02  0.1416832E+02  0.7164603E+00
Si  0.4924383E+02  0.2067396E+02  0.1320881E+02
Si  0.4298255E+02  0.1917278E+02  0.1635302E+02
Si  0.3531412E+02  0.1634368E+02  0.1229103E+01
Si  0.4374459E+02  0.2957399E+01  0.1419859E+02
Si  0.1903082E+02  0.7203178E+01  0.1654208E+02
Si  0.3507852E+02  0.2029734E+02  0.4731532E+01
Si  0.2720597E+02  0.3587386E+01  0.1270431E+02
Si  0.3003191E+02  0.1064503E+02  0.7897384E+01
Si  0.2332027E+02  0.1144642E+02  0.1925286E+02
Si  0.2509402E+02  0.8408463E+01  0.1864103E+01
Si  0.9415282E+01  0.2160231E+02  0.4760099E+01
Si  0.4367902E+02  0.1099731E+02  0.1352714E+02
Si  0.2901969E+02  0.1579155E+02  0.8498694E+01
Si  0.1561715E+02  0.6133593E+01  0.1949553E+02
Si  0.3631929E+02  0.1110834E+02  0.5026450E+01
Si  0.4062204E+02  0.1211633E+01  0.1116685E+02
Si  0.5438942E+02  0.1721816E+02  0.1264835E+02
Si  0.9487035E+01  0.1804013E+02  0.1006873E+02
Si  0.2191187E+02  0.2105063E+02  0.1071886E+02
Si  0.3783728E+02  0.1845781E+02  0.5923886E+01
Si  0.2457105E+02  0.4128572E+01  0.1455973E+02
Si  0.3163159E+02  0.1367878E+02  0.9793109E+01
Si  0.1413994E+02  0.8685700E+01  0.9123057E+01
Si  0.4240053E+02  0.2040227E+02  0.3189207E+01
Si  0.3533595E+02  0.3771193E+01  0.1606749E+02
Si  0.2659798E+02  0.1653479E+02  0.6810942E+01
Si  0.2497354E+02  0.4373689E+01  0.2410328E+01
Si  0.3908465E+02  0.1163023E+02  0.2063907E+02
Si  0.2767410E+02  0.1526194E+02  0.1447212E+02
Si  0.3880574E+02  0.2216308E+01  0.1575628E+02
Si  0.2513220E+02  0.2466946E+00  0.1504690E+02
Si  0.3681325E+02  0.1943410E+02  0.2140774E+02
Si  0.3417980E+02  0.2100794E+02  0.1319075E+02
Si  0.3212608E+02  0.6454251E+01  0.2355179E+01
Si  0.1529906E+02  0.2006373E+02  0.4612020E+01
Si  0.4146646E+02  0.3312551E+01  0.1641748E+02
Si  0.1458582E+02  0.1354196E+02  0.1044707E+02
Si  0.3503545E+02  0.1577759E+02  0.2068556E+02
Si  0.3283443E+02  0.1002916E+02  0.1946056E+02
Si  0.2892099E+02  0.2552355E+01  0.9244436E+01
Si  0.3995068E+02  0.1011996E+02  0.1798800E+02
Si  0.3428874E+02  0.1291012E+02  0.1838025E+02
Si  0.2846615E+02  0.2086602E+02  0.3773081E+01
Si  0.2694804E+02  0.4428830E+01  0.7425011E+01
Si  0.2374333E+02  0.1406623E+02  0.1892800E+02
Si  0.2393433E+02  0.2156976E+02  0.4740697E+01
Si  0.4781083E+02  0.1687431E+02  0.1752217E+02
Si  0.3294081E+02  0.1673256E+02  0.6404981E+01
Si  0.3238100E+02  0.8519911E+01  0.3486182E+01
Si  0.3536212E+02  0.1536765E+02  0.1550204E+02
Si  0.4482256E+02  0.1258360E+02  0.6897203E+01
Si  0.3039047E+02  0.4313541E+01  0.5203469E+01
Si  0.4332228E+02  0.2059901E+02  0.9041879E+01
Si  0.2661213E+02  0.1116215E+01  0.1968068E+02
Si  0.3423298E+02  0.1208604E+02  0.5507372E+01
Si  0.2601086E+02  0.1864853E+02  0.5741571E+01
Si  0.3620031E+02  0.6663836E+01  0.9758357E+01
Si  0.4043361E+02  0.2014393E+02  0.1922395E+02
Si  0.2540840E+02  0.1671759E+02  0.1245814E+02
Si  0.2064568E+02  0.1987724E+02  0.1234280E+02
Si  0.3804488E+02  0.1592853E+01  0.1817708E+02
Si  0.3686596E+02  0.6459446E+01  0.3927919E+01
Si  0.3253311E+02  0.1761155E+02  0.6240109E+00
Si  0.2380276E+02  0.1027752E+02  0.2289374E+01
Si  0.1322157E+02  0.1742079E+02  0.9515570E+01
Si  0.3240263E+02  0.3107772E+01  0.7560064E+01
Si  0.3881612E+02  0.1747933E+02  0.1964308E+01
Si  0.1976858E+02  0.6413371E+01  0.3544650E+01
Si  0.2264932E+02  0.9744651E+01  0.1664512E+02
Si  0.1580208E+02  0.1447409E+02  0.1737085E+01
Si  0.4639889E+02  0.2143481E+02  0.8426404E+01
Si  0.2349741E+02  0.1125261E+02  0.1230941E+02
Si  0.3175840E+02  0.1278649E+02  0.1381539E+02
Si  0.1754992E+02  0.9957360E+01  0.1459220E+02
Si  0.3776425E+02  0.3421545E+01  0.9310759E+01
Si  0.2545707E+02  0.1768304E+02  0.1013601E+02
Si  0.4308251E+02  0.6394005E+01  0.3901080E+01
Si  0.2526801E+02  0.1990611E+02  0.1208913E+02
Si  0.2119605E+02  0.1759494E+02  0.9910587E+01
Si  0.2965486E+02  0.1008088E+02  0.2143810E+02
Si  0.2907675E+02  0.1628894E+02  0.2501301E+01
Si  0.3202629E+02  0.5368652E+01  0.6398897E+01
Si  0.3339084E+02  0.1734760E+02  0.9345697E+01
Si  0.4249461E+02  0.8798407E+01  0.3956475E+01
Si  0.2708125E+02  0.1829069E+02  0.3440369E+01
Si  0.4628457E+02  0.1050794E+02  0.1073902E+02
Si  0.2776444E+02  0.1229430E+02  0.1656839E+02
Si  0.3858489E+02  0.1418024E+02  0.1010875E+02
Si  0.1974084E+02  0.1300356E+02  0.1486478E+02
Si  0.3796804E+02  0.1837922E+02  0.1915404E+02
Si  0.4724950E+02  0.2518378E+01  0.5291996E+01
Si  0.4525340E+02  0.6196513E+01  0.5152096E+01
Si  0.3198094E+02  0.1421247E+02  0.3815621E+01
Si  0.4088590E+02  0.1473144E+02  0.4451093E+01
Si  0.3489235E+02  0.5971765E+01  0.1483961E+02
Si  0.3583422E+02  0.7862522E+01  0.1383311E+02
Si  0.2350457E+02  0.1811436E+02  0.1536929E+02
Si  0.3005285E+02  0.1837668E+02  0.1509973E+02
Si  0.3197479E+02  0.1598089E+02  0.2070214E+02
Si  0.4443756E+02  0.6830491E+01  0.1192291E+02
Si  0.4276783E+02  0.1160862E+01  0.1602306E+02
Si  0.3586192E+02  0.1096139E+02  0.1836909E+02
Si  0.2561135E+02  0.8934846E+00  0.6006655E+01
Si  0.2810951E+02  0.9006555E+01  0.1422425E+02
Si  0.3227245E+02  0.1858757E+02  0.1579001E+02
Si  0.3145545E+02  0.7462864E+01  0.1610245E+02
Si  0.1587410E+02  0.5353970E+01  0.1720491E+02
Si  0.3442814E+02  0.8042586E+00  0.8556098E+01
Si  0.1902401E+02  0.1576103E+02  0.2177795E+01
Si  0.1926588E+02  0.8762913E+01  0.1330677E+02
Si  0.2366027E+02  0.6195507E+01  0.1163609E+02
Si  0.3038170E+02  0.2041631E+02  0.2000706E+02
Si  0.4524809E+02  0.2273405E+01  0.3784636E+01
Si  0.2659636E+02  0.8332144E+01  0.1877448E+02
Si  0.2232554E+02  0.2012015E+02  0.1880219E+02
Si  0.2809185E+02  0.1025758E+02  0.6524015E+01
Si  0.4222113E+02  0.1776507E+02  0.2643331E+01
Si  0.2928852E+02  0.1941704E+02  0.9049612E+01
Si  0.1958853E+02  0.1609547E+02  0.4586946E+01
Si  0.2748822E+02  0.1832016E+02  0.2162610E+02
Si  0.2796897E+02  0.8208881E+01  0.2085349E+02
Si  0.2192730E+02  0.2124122E+02  0.5922182E+01
Si  0.2318468E+02  0.6090942E+01  0.1815661E+02
Si  0.3990534E+02  0.9185112E+01  0.6631726E+01
Si  0.5272518E+02  0.9548946E+01  0.9715061E+01
Si  0.3470522E+02  0.1874460E+02  0.7143442E+00
Si  0.1324947E+02  0.6148506E+01  0.3426076E+01
Si  0.3782779E+02  0.5690403E+01  0.1324988E+02
Si  0.2551863E+02  0.2452460E+01  0.1237096E+01
Si  0.3142152E+02  0.1987048E+02  0.2916400E+00
Si  0.1644006E+02  0.1359402E+02  0.1562037E+02
Si  0.3388228E+02  0.1827299E+01  0.1645626E+02
Si  0.3524904E+02  0.1130982E+02  0.2366743E+00
Si  0.3718833E+02  0.1434079E+02  0.1272545E+01
Si  0.3498091E+02  0.1467522E+00  0.1513153E+02
Si  0.5031464E+02  0.4650912E+01  0.2164843E+02
Si  0.3051206E+02  0.6911071E+01  0.9693342E+01
Si  0.3805225E+02  0.9586097E+00  0.3462179E+01
Si  0.2165802E+02  0.2160508E+02  0.1671010E+02
Si  0.3290794E+02  0.2034889E+02  0.3661974E+01
Si  0.2265698E+02  0.1764831E+02  0.6189427E+01
Si  0.4819045E+02  0.8943385E+01  0.1784106E+02
Si  0.3967917E+02  0.1716596E+02  0.8211999E+01
Si  0.3138155E+02  0.1661494E+02  0.3186710E+01
Si  0.2180802E+02  0.6551761E+01  0.1280866E+02
Si  0.1927864E+02  0.8296926E+01  0.1975881E+02
Si  0.3934324E+02  0.8072009E+01  0.1142839E+01
Si  0.3085142E+02  0.1396628E+01  0.1037046E+02
Si  0.2421253E+02  0.1833686E+02  0.1315874E+02
Si  0.3546421E+02  0.1881427E+02  0.1233468E+02
Si  0.3115835E+02  0.9734758E+01  0.1526561E+02
Si  0.2851218E+02  0.1603752E+01  0.2110405E+02
Si  0.3914010E+02  0.5292708E+01  0.9470047E+01
Si  0.2574069E+02  0.1738225E+02  0.1644705E+02
Si  0.2938221E+02  0.2927622E+01  0.1174458E+02
Si  0.5194967E+02  0.7251218E+01  0.9067398E+01
Si  0.1864850E+02  0.1247032E+02  0.7431406E+01
Si  0.4582093E+02  0.1448161E+01  0.1091234E+02
Si  0.3811383E+02  0.1174369E+02  0.1847434E+02
Si  0.4767814E+02  0.5832881E+01  0.1109452E+02
Si  0.4409793E+02  0.2704482E+01  0.1202431E+02
Si  0.4844861E+02  0.2274246E+01  0.1954398E+02
Si  0.3999975E+02  0.2166238E+02  0.8914148E+01
Si  0.4194805E+02  0.1088861E+02  0.1932718E+02
Si  0.2007734E+02  0.4734402E+01  0.1063401E+01
Si  0.2893208E+02  0.1787743E+02  0.1189862E+02
Si  0.1273532E+02  0.1752149E+02  0.1963975E+02
Si  0.2302528E+02  0.1070581E+02  0.4417004E+01
Si  0.3023598E+02  0.1244511E+02  0.6159019E+01
Si  0.3062695E+02  0.9224209E+01  0.1642328E+01
Si  0.1794461E+02  0.3591343E+01  0.7222916E+00
Si  0.4626460E+02  0.1361486E+02  0.3500750E+01
Si  0.2615006E+02  0.7240188E+01  0.1579572E+02
Si  0.1731742E+02  0.1556490E+02  0.1975954E+02
Si  0.5226602E+02  0.4470272E+01  0.3624905E+01
Si  0.3258591E+02  0.1396286E+02  0.1983945E+00
Si  0.3712527E+02  0.1368933E+02  0.1607300E+02
Si  0.3187601E+02  0.3208171E+00  0.8548405E+01
Si  0.3081444E+02  0.1165085E+02  0.1784490E+02
Si  0.1817199E+02  0.1643104E+01  0.1913675E+02
Si  0.1931093E+02  0.1000729E+02  0.7660501E+01
Si  0.1875995E+02  0.1938140E+02  0.8824318E+01
Si  0.4285032E+02  0.2076126E+01  0.2258002E+00
Si  0.3093004E+02  0.1722790E+01  0.1924813E+02
Si  0.4204258E+02  0.1278801E+02  0.8589512E+01
Si  0.4097025E+02  0.6188699E+01  0.1121874E+02
Si  0.2646070E+02  0.1469788E+02  0.6307531E+00
Si  0.1809911E+02  0.2774604E+00  0.1509830E+02
Si  0.3683602E+02  0.1700118E+02  0.3143018E+01
Si  0.2605497E+02  0.1125746E+02  0.6975019E+00
Si  0.2893914E+02  0.2048807E+02  0.1446134E+02
Si  0.4879612E+02  0.6332955E+01  0.3169578E+01
Si  0.3434789E+02  0.8661031E+01  0.5120654E+01
Si  0.1278746E+02  0.1946376E+02  0.5074114E+00
Si  0.4102526E+02  0.1274566E+02  0.3167169E+01
Si  0.4284671E+02  0.8479476E+01  0.2001889E+02
Si  0.3690464E+02  0.1938866E+01  0.1105825E+02
Si  0.2656474E+02  0.1615209E+02  0.2775291E+01
Si  0.5296026E+02  0.3715916E-01  0.8598637E+01
Si  0.3932009E+02  0.5437587E+01  0.7192994E+01
Si  0.3850197E+02  0.8059120E+01  0.1764074E+02
Si  0.4076536E+02  0.3746151E+01  0.1065259E+02
Si  0.2593059E+02  0.4580608E+01  0.1922837E+02
Si  0.3121903E+02  0.1912129E+02  0.1793662E+02
Si  0.4662991E+02  0.2856706E+01  0.1786504E+02
Si  0.3789118E+02  0.1706606E+02  0.2133725E+02
Si  0.3192405E+02  0.2032247E+02  0.1175480E+02
Si  0.3784512E+02  0.9859856E+01  0.2026884E+01
Si  0.3274561E+02  0.7424236E+01  0.9306872E+01
Si  0.1458484E+02  0.4878278E+01  0.1459112E+02
Si  0.3156248E+02  0.9050686E+01  0.7857424E+01
Si  0.3276345E+02  0.1013183E+02  0.1709101E+02
Si  0.2700017E+02  0.1064161E+02  0.1843524E+02
Si  0.3081332E+02  0.2065083E+02  0.4830019E+01
Si  0.2797164E+02  0.1603833E+02  0.2094320E+02
Si  0.2768978E+02  0.9449728E+01  0.1004800E+02
Si  0.4122248E+02  0.8735951E+01  0.1122718E+02
Si  0.3266860E+02  0.1502076E+02  0.1311826E+02
Si  0.4327086E+02  0.1248213E+02  0.1257682E+01
Si  0.3205965E+02  0.1462325E+02  0.7651935E+01
Si  0.3448195E+02  0.4954516E+01  0.5864867E+01
Si  0.3100635E+02  0.5836035E+01  0.1794761E+02
Si  0.3013799E+02  0.1232602E+02  0.6036194E+00
Si  0.2217235E+02  0.4774664E+01  0.5273085E+01
Si  0.2140218E+02  0.4823783E+01  0.1428924E+02
Si  0.2484897E+02  0.1579864E+02  0.8381293E+01
Si  0.3931033E+02  0.1970983E+02  0.1215017E+02
Si  0.3962613E+02  0.2301914E+01  0.8078682E+01
Si  0.4476396E+02  0.8761425E+01  0.5030634E+01
Si  0.3523728E+02  0.5169899E+00  0.6088874E+01
Si  0.1803540E+02  0.1196028E+02  0.1624955E+02
Si  0.3565946E+02  0.3063308E+00  0.3061845E+01
Si  0.1688934E+02  0.1059815E+02  0.1806299E+02
Si  0.4595645E+02  0.1251195E+02  0.1878310E+02
Si  0.2972645E+02  0.1108471E+02  0.1032202E+02
Si  0.2681249E+02  0.1335454E+02  0.2021505E+02
Si  0.3236556E+02  0.1630276E+02  0.1488880E+02
Si  0.2139462E+02  0.2119037E+02  0.8428878E+01
Si  0.1831114E+02  0.1943725E+02  0.1123176E+02
Si  0.3443154E+02  0.1082361E+02  0.1220486E+02
Si  0.2816450E+02  0.1644498E+02  0.4821373E+01
Si  0.1364230E+02  0.1532553E+02  0.2104210E+01
Si  0.4746904E+02  0.1641178E+02  0.1105245E+02
Si  0.1631981E+02  0.1040763E+02  0.4248181E+01
Si  0.2362048E+02  0.1236804E+02  0.1708558E+02
Si  0.4372816E+02  0.1707799E+02  0.1657457E+02
Si  0.2841209E+02  0.2678931E+01  0.6855049E+01
Si  0.3958372E+02  0.4780663E+00  0.1446780E+02
Si  0.3088351E+02  0.4540277E+01  0.1276223E+02
Si  0.3138744E+02  0.3197101E+01  0.1747082E+02
Si  0.2882383E+02  0.1859873E+02  0.1853395E+01
Si  0.4032931E+02  0.8600503E+01  0.4417813E+01
Si  0.3447526E+02  0.4307225E+01  0.1291020E+02
Si  0.2120906E+02  0.9803196E+01  0.1450942E+02
Si  0.4453233E+02  0.1451214E+02  0.1958312E+01
Si  0.4759240E+02  0.1266767E+02  0.1577209E+02
Si  0.4041734E+02  0.2188248E+00  0.5236110E+01
Si  0.2488813E+02  0.1456525E+02  0.6138161E+01
Si  0.5225741E+02  0.1662229E+02  0.9194345E+01
Si  0.3034521E+02  0.2155699E+02  0.1798459E+02
Si  0.2986422E+02  0.7557241E+01  0.1909021E+02
Si  0.1885083E+02  0.4349039E+01  0.4394271E+01
Si  0.3923033E+02  0.6856978E+01  0.3183540E+01
Si  0.3082592E+02  0.1758338E+02  0.8949023E+01
Si  0.2747151E+02  0.4900554E+00  0.1533677E+02
Si  0.2331859E+02  0.3542398E+01  0.7110189E+01
Si  0.3381783E+02  0.4332376E+01  0.1074697E+02
Si  0.3348372E+02  0.1640936E+02  0.1916408E+02
Si  0.2416965E+02  0.1878456E+02  0.1769157E+02
Si  0.2567784E+02  0.1121699E+02  0.1650281E+02
Si  0.2126208E+02  0.3138829E+01  0.1761526E+02
Si  0.3122693E+02  0.1215663E+02  0.2781092E+01
Si  0.4225087E+02  0.1721484E+01  0.1852412E+02
Si  0.1556722E+02  0.1831270E+02  0.9703812E+01
Si  0.3769589E+02  0.9778812E+01  0.6816817E+01
Si  0.3534963E+02  0.1841493E+02  0.1633471E+02
Si  0.3338473E+02  0.1278315E+01  0.1887195E+02
Si  0.5390142E+02  0.1034185E+01  0.1464326E+01
Si  0.3730644E+02  0.3870937E+01  0.6839738E+01
Si  0.1671519E+02  0.1638127E+02  0.1010274E+02
Si  0.2763810E+02  0.1361287E+02  0.8501616E+01
Si  0.4144247E+02  0.2015513E+02  0.2148918E+02
Si  0.4817860E+02  0.1401432E+02  0.1080257E+02
Si  0.1937964E+02  0.1052244E+02  0.1332648E+01
Si  0.3398327E+02  0.2076128E+02  0.1939322E+02
Si  0.4147302E+02  0.5967822E+01  0.5713255E+01
Si  0.3720029E+02  0.1128112E+02  0.1532697E+02
Si  0.2677749E+02  0.7228701E+01  0.9907250E+01
Si  0.4272201E+02  0.2095700E+02  0.1285731E+02
Si  0.4860191E+02  0.2117219E+02  0.9487985E+01
Si  0.3874035E+02  0.8155742E+00  0.1226267E+02
Si  0.2936321E+02  0.2042886E+02  0.6556097E+01
Si  0.3515127E+02  0.1025505E+02  0.1642376E+02
Si  0.2279397E+02  0.4516912E+01  0.1611072E+02
Si  0.1372932E+02  0.9081812E+01  0.1344272E+02
Si  0.3240009E+02  0.1559458E+02  0.1085121E+02
Si  0.3259025E+02  0.1224437E+02  0.7223317E+01
Si  0.2942114E+02  0.1755829E+02  0.1734676E+02
Si  0.2882497E+02  0.3447973E+01  0.3513635E+01
Si  0.2010006E+02  0.1704622E+02  0.6805899E+01
Si  0.3466566E+02  0.1346803E+02  0.2086187E+02
Si  0.4483707E+02  0.1515594E+02  0.1551292E+02
Si  0.5004031E+02  0.8074889E+01  0.7892375E+01
Si  0.3774633E+02  0.3296394E+01  0.2177216E+01
Si  0.5119075E+02  0.1335845E+02  0.5322921E+01
Si  0.2002131E+02  0.5355471E+01  0.6075847E+01
Si  0.4507688E+02  0.4855913E+01  0.1367038E+01
Si  0.3129217E+02  0.2131768E+01  0.2154304E+01
Si  0.4490130E+02  0.8495232E+00  0.1528553E+02
Si  0.4005095E+02  0.6277971E+00  0.1842771E+02
Si  0.2235653E+02  0.1144005E+01  0.1208532E+02
Si  0.2487249E+02  0.2389893E+01  0.1867925E+02
Si  0.2100452E+02  0.1668012E+02  0.1362449E+02
Si  0.1320385E+02  0.6757818E+00  0.7373755E+01
Si  0.1623232E+02  0.1365724E+02  0.1857751E+02
Si  0.1800897E+02  0.1495565E+01  0.5867591E+01
Si  0.2411292E+02  0.1973630E+02  0.9708360E+01
Si  0.3193759E+02  0.2015694E+01  0.1516574E+02
Si  0.4349235E+02  0.8616454E+01  0.1085180E+02
Si  0.3257541E+02  0.2151058E+02  0.1832693E+01
Si  0.3607831E+02  0.4023388E+01  0.1844394E+02
Si  0.2933312E+02  0.1069554E+02  0.1602090E+02
Si  0.3898233E+02  0.5958203E+01  0.2159943E+02
Si  0.3259742E+02  0.7375353E+00  0.1196977E+02
Si  0.3351755E+02  0.6425296E+01  0.1686740E+02
Si  0.4148708E+02  0.2110269E+02  0.1544838E+02
Si  0.3057681E+02  0.7047299E+01  0.1260980E+02
Si  0.2831175E+02  0.1446787E+02  0.1235028E+02
Si  0.3810272E+02  0.1600311E+02  0.1167386E+02
Si  0.4909860E+02  0.2080143E+02  0.7091055E+01
Si  0.3286096E+02  0.7056156E+01  0.8071396E-01
Si  0.2601869E+02  0.9664205E+01  0.1489545E+02
Si  0.4202329E+02  0.1485435E+01  0.1304309E+02
Si  0.1338052E+02  0.1085290E+02  0.2114027E+02
Si  0.4049070E+02  0.5294766E+01  0.1440814E+02
Si  0.2177453E+02  0.2431949E+01  0.3326487E+01
Si  0.1860961E+02  0.1287867E+02  0.1066580E+02
Si  0.1664681E+02  0.5326107E+00  0.7687406E+01
Si  0.1388496E+02  0.1757741E+02  0.1036844E+01
Si  0.3499190E+02  0.7603927E+01  0.1830665E+02
Si  0.1723463E+02  0.1230025E+02  0.1272324E+02
Si  0.2543932E+02  0.2499185E+01  0.7725833E+01
Si  0.3841821E+02  0.1455408E+02  0.1419250E+02
Si  0.3487212E+02  0.8762695E+01  0.9160445E+01
Si  0.4137914E+02  0.8627278E+01  0.1341130E-01
Si  0.1472425E+02  0.1871913E+02  0.1194560E+02
Si  0.3943245E+02  0.1143917E+02  0.1248904E+02
Si  0.1365380E+02  0.1379633E+02  0.1327719E+02
Si  0.2731824E+02  0.2054583E+01  0.4960379E+01
Si  0.4521549E+02  0.1868057E+01  0.8522218E+01
Si  0.2393126E+02  0.9345681E+01  0.1363063E+02
Si  0.1913111E+02  0.2121744E+02  0.6458108E+01
Si  0.4936292E+02  0.3915964E+01  0.1118347E+02
Si  0.1079708E+02  0.5215637E+01  0.9364732E+01
Si  0.3519571E+02  0.1563463E+02  0.6362368E+01
Si  0.2766904E+02  0.1854154E+02  0.1596783E+02
Si  0.4201072E+02  0.2483941E+01  0.8818335E+01
Si  0.3558416E+02  0.1674967E+02  0.8710630E+01
Si  0.3367588E+02  0.1869806E+02  0.1832849E+02
Si  0.4793028E+02  0.3586943E+01  0.9194574E+01
Si  0.4213912E+02  0.6292617E+01  0.1939439E+02
Si  0.3331522E+02  0.1520099E+02  0.2048748E+01
Si  0.1571770E+02  0.3016915E+01  0.1387618E+02
Si  0.4437524E+02  0.2114796E+02  0.1113562E+02
Si  0.2320356E+02  0.2048916E+02  0.1521512E+02
Si  0.1569394E+02  0.1998585E+02  0.7433447E+01
Si  0.2991927E+02  0.6697828E+01  0.1171392E+01
Si  0.4188182E+02  0.1398922E+02  0.1245261E+02
Si  0.4349639E+02  0.1402183E+02  0.2098617E+02
Si  0.3133356E+02  0.1423648E+02  0.1574534E+02
Si  0.1289974E+02  0.1342731E+02  0.6196296E+01
Si  0.3812032E+02  0.6892184E+01  0.1130594E+02
Si  0.2525974E+02  0.1910544E+02  0.2126040E+02
Si  0.9581912E+01  0.3334486E+01  0.2068746E+02
Si  0.2475475E+02  0.1005757E+02  0.7574366E+01
Si  0.2928105E+02  0.1075666E+02  0.1919193E+02
Si  0.2853307E+02  0.1427387E+02  0.6094843E+01
Si  0.2400728E+02  0.7596768E+01  0.1679477E+02
Si  0.2998177E+02  0.1624923E+02  0.1937591E+02
Si  0.2839026E+02  0.2085224E+02  0.2127872E+02
Si  0.5019285E+02  0.7264531E+01  0.1303721E+02
Si  0.1866587E+02  0.2985679E+01  0.1241019E+02
Si  0.1784003E+02  0.9034250E+01  0.5856718E+01
Si  0.3990666E+02  0.3735336E+00  0.2076875E+02
Si  0.2950944E+02  0.2099234E+02  0.1504993E+01
Si  0.4358134E+02  0.1912423E+02  0.2013922E+00
Si  0.3739477E+02  0.1245069E+01  0.2058435E+02
Si  0.3085508E+02  0.2643703E+01  0.2138054E+02
Si  0.1909330E+02  0.1454488E+02  0.1836888E+02
Si  0.3890297E+02  0.1392273E+02  0.2142255E+02
Si  0.4465031E+02  0.1777436E+02  0.3172214E+01
Si  0.4165958E+02  0.3587148E+01  0.5185383E+01
Si  0.4861159E+02  0.1629102E+02  0.5076724E+01
Si  0.4387239E+02  0.1091088E+02  0.1071124E+02
Si  0.5273443E+02  0.2103797E+02  0.1930416E+02
Si  0.3304099E+02  0.1181743E+02  0.1053988E+02
Si  0.4698011E+02  0.1898925E+01  0.1449690E+02
Si  0.4368263E+02  0.1768877E+02  0.2004882E+02
Si  0.4993305E+02  0.2137272E+02  0.1725899E+02
Si  0.5048614E+02  0.7914190E+01  0.5325178E+01
Si  0.4760647E+02  0.2112597E+02  0.1792664E+02
Si  0.4316716E+02  0.2161737E+02  0.2129057E+02
Si  0.3525436E+02  0.8360838E+01  0.3518241E+00
Si  0.4920332E+02  0.2123256E+02  0.1284786E+01
Si  0.4074668E+02  0.1427629E+02  0.1149940E+01
Si  0.4550202E+02  0.5870884E+01  0.1807253E+02
Si  0.4981213E+02  0.1856826E+02  0.4502779E+01
Si  0.5437312E+02  0.1944388E+02  0.4990677E+01
Si  0.5417048E+02  0.1444301E+02  0.1553181E+02
Si  0.3867034E+02  0.1941570E+01  0.6025810E+01
Si  0.5372430E+02  0.1988317E+02  0.2065647E+02
Si  0.5651478E+02  0.7455180E+00  0.2056881E+02
Si  0.5678931E+02  0.2019830E+02  0.1745397E+01
Si  0.5161399E+02  0.2154997E+02  0.1363778E+01
Si  0.5510226E+02  0.2117419E+02  0.1918410E+00
Si  0.5808545E+02  0.2264010E+01  0.3228939E+00
Si  0.5837607E+02  0.2165340E+02  0.3096875E+01
Si  0.5401401E+02  0.3375221E+01  0.4324877E+01
Si  0.5947816E+02  0.2021576E+02  0.2062998E+02
Si  0.6210681E+02  0.1108176E+01  0.2034055E+02
Si  0.6236485E+02  0.2038626E+02  0.1646195E+01
Si  0.5960496E+02  0.1348725E+01  0.1738971E+01
Si  0.6075361E+02  0.2167452E+02  0.2285391E+00
Si  0.6376121E+02  0.2430330E+01  0.8859056E-01
Si  0.6377710E+02  0.2147250E+02  0.2815886E+01
Si  0.6135653E+02  0.2374552E+01  0.3205614E+01
Si  0.3704686E+02  0.1691176E+02  0.1571078E+02
Si  0.3254877E+02  0.9515490E+01  0.1300626E+02
Si  0.4596331E+02  0.1126597E+02  0.1321450E+02
Si  0.3935760E+02  0.3971269E+01  0.5576350E+00
Si  0.4903943E+02  0.1831234E+02  0.1917135E+02
Si  0.4897697E+02  0.1336441E+00  0.2022717E+02
Si  0.4835187E+02  0.7752947E+01  0.9556961E+01
Si  0.3671420E+02  0.2034944E+02  0.1577711E+02
Si  0.4643324E+02  0.6031893E+01  0.3137626E+01
Si  0.5014704E+02  0.8381084E+01  0.2291788E+01
Si  0.4735179E+02  0.1979929E+02  0.2042788E+02
Si  0.4483309E+02  0.2535113E+01  0.1397988E+01
Si  0.4957170E+02  0.1267909E+02  0.1359693E+02
Si  0.5409459E+02  0.1218185E+02  0.1332475E+01
Si  0.5289182E+02  0.1044957E+02  0.1923449E+02
Si  0.5072524E+02  0.9428954E+00  0.1150011E+02
Si  0.5410221E+02  0.3770504E+01  0.2070686E+02
Si  0.5651210E+02  0.6537587E+01  0.2056456E+02
Si  0.5658000E+02  0.3794810E+01  0.1417086E+01
Si  0.5267234E+02  0.7689212E+01  0.3777767E+00
Si  0.5504606E+02  0.5439947E+01  0.2893632E+00
Si  0.5785806E+02  0.7669895E+01  0.4837704E+00
Si  0.5800318E+02  0.4741840E+01  0.3187574E+01
Si  0.5559842E+02  0.7828706E+01  0.3112790E+01
Si  0.5940077E+02  0.3591615E+01  0.2077781E+02
Si  0.6215570E+02  0.6404475E+01  0.2092505E+02
Si  0.6237997E+02  0.3638062E+01  0.1671702E+01
Si  0.5946745E+02  0.6266993E+01  0.1652139E+01
Si  0.6103665E+02  0.4914089E+01  0.3344189E+00
Si  0.6351519E+02  0.7991351E+01  0.3510185E+00
Si  0.6361341E+02  0.5289583E+01  0.2841563E+01
Si  0.6066035E+02  0.7744442E+01  0.3108364E+01
Si  0.5240764E+02  0.4613603E+01  0.1386579E+01
Si  0.4057371E+02  0.1749166E+02  0.1547436E+02
Si  0.4353282E+02  0.1046849E+02  0.1672257E+02
Si  0.3721739E+02  0.1619049E+02  0.5291411E+01
Si  0.4631247E+02  0.1565246E+02  0.8842802E+01
Si  0.4410562E+02  0.1352655E+02  0.9260299E+01
Si  0.4331394E+02  0.9160774E+00  0.7581957E+01
Si  0.3298964E+02  0.1138625E+02  0.1501051E+02
Si  0.4877933E+02  0.8740447E+01  0.4375032E+00
Si  0.5027119E+02  0.1254012E+02  0.1133261E+02
Si  0.4998123E+02  0.9368339E+01  0.2037532E+02
Si  0.3506427E+02  0.5958917E+01  0.1385622E+00
Si  0.4122969E+02  0.1083338E+02  0.2155847E+02
Si  0.4618441E+02  0.1726980E+02  0.2059353E+02
Si  0.5256687E+02  0.1858383E+02  0.1663191E+02
Si  0.4502896E+02  0.1188372E+02  0.4556977E+01
Si  0.5398845E+02  0.9234495E+01  0.2083476E+02
Si  0.5651023E+02  0.1214523E+02  0.1996484E+02
Si  0.5703509E+02  0.9316774E+01  0.1764700E+01
Si  0.4197242E+02  0.1450675E+02  0.1903438E+02
Si  0.5572808E+02  0.1059147E+02  0.2141645E+00
Si  0.5821700E+02  0.1324321E+02  0.5232410E-01
Si  0.5847215E+02  0.1069907E+02  0.2960229E+01
Si  0.5585996E+02  0.1322979E+02  0.2645411E+01
Si  0.5943138E+02  0.9040211E+01  0.2076367E+02
Si  0.6221853E+02  0.1171832E+02  0.2071078E+02
Si  0.6223177E+02  0.9354171E+01  0.2045283E+01
Si  0.5973213E+02  0.1188430E+02  0.1526693E+01
Si  0.6083448E+02  0.1042174E+02  0.3359217E+00
Si  0.6337372E+02  0.1351294E+02  0.1269779E+00
Si  0.6356908E+02  0.1088342E+02  0.3081060E+01
Si  0.6101494E+02  0.1329086E+02  0.3317880E+01
Si  0.5078097E+02  0.2988083E+01  0.1992192E+02
Si  0.4293827E+02  0.6162767E+01  0.1399299E+01
Si  0.3760600E+02  0.1179116E+02  0.8403098E+01
Si  0.3878472E+02  0.6687465E+01  0.1542614E+02
Si  0.3937788E+02  0.4060509E+01  0.1268239E+02
Si  0.3899538E+02  0.1507131E+02  0.2563739E+01
Si  0.3483885E+02  0.1005409E+02  0.2182342E+01
Si  0.4672895E+02  0.7236752E+01  0.1494300E+02
Si  0.4490033E+02  0.5606633E+01  0.7591211E+01
Si  0.4091058E+02  0.1627972E+02  0.1279270E+02
Si  0.3781927E+02  0.5288618E+01  0.1728515E+02
Si  0.5137786E+02  0.1201127E+02  0.2033267E+02
Si  0.4793444E+02  0.1282637E+02  0.1977042E+01
Si  0.5258170E+02  0.2480668E+01  0.1814010E+00
Si  0.4173793E+02  0.1093038E+02  0.1166942E+02
Si  0.3533709E+02  0.2021137E+02  0.9037682E+01
Si  0.5291340E+02  0.1570136E+02  0.1900991E+02
Si  0.5671125E+02  0.1751498E+02  0.2078102E+02
Si  0.5746401E+02  0.1491063E+02  0.1346714E+01
Si  0.5395772E+02  0.1749941E+02  0.1808565E+02
Si  0.5570683E+02  0.1670450E+02  0.1062584E+01
Si  0.5810163E+02  0.1879244E+02  0.5367536E+00
Si  0.5841996E+02  0.1596858E+02  0.3362212E+01
Si  0.5273320E+02  0.1595917E+02  0.2737372E+01
Si  0.5964648E+02  0.1459951E+02  0.2064477E+02
Si  0.6245571E+02  0.1736813E+02  0.2054725E+02
Si  0.6233266E+02  0.1485015E+02  0.1722139E+01
Si  0.5955594E+02  0.1739832E+02  0.1843951E+01
Si  0.6093329E+02  0.1618813E+02  0.3588148E+00
Si  0.6369885E+02  0.1894417E+02  0.3140962E+00
Si  0.6385205E+02  0.1629932E+02  0.2898978E+01
Si  0.6127189E+02  0.1893991E+02  0.2905360E+01
Si  0.5150237E+02  0.9775230E+01  0.6803278E+00
Si  0.5074344E+02  0.2814424E+01  0.1433243E+02
Si  0.5257249E+02  0.2106692E+02  0.1405177E+02
Si  0.4631466E+02  0.3736245E+01  0.7393661E+01
Si  0.5277092E+02  0.8335979E+01  0.2880236E+01
Si  0.3806223E+02  0.1420616E+02  0.4505133E+01
Si  0.4488233E+02  0.3703907E+01  0.1944500E+02
Si  0.5220023E+02  0.9656574E+01  0.5677874E+01
Si  0.5409575E+02  0.1762261E+02  0.6613362E+01
Si  0.4730150E+02  0.1466149E+02  0.6653213E+01
Si  0.4452935E+02  0.1714862E+02  0.8757732E+01
Si  0.4573514E+02  0.7673328E+01  0.1515047E+01
Si  0.4576197E+02  0.2063743E+02  0.1392904E+02
Si  0.5234001E+02  0.1292092E+02  0.1658980E+02
Si  0.4980301E+02  0.1860447E+02  0.6949902E+01
Si  0.5378002E+02  0.3815195E+01  0.9932684E+01
Si  0.5542129E+02  0.1851413E+02  0.2859441E+01
Si  0.5672354E+02  0.1128689E+01  0.4355182E+01
Si  0.5668725E+02  0.2014112E+02  0.7141807E+01
Si  0.4956581E+02  0.1924360E+02  0.2136676E+02
Si  0.4946571E+02  0.3262664E+01  0.5259974E+01
Si  0.5825003E+02  0.2345542E+01  0.5665525E+01
Si  0.5816852E+02  0.2139819E+02  0.8611972E+01
Si  0.5471048E+02  0.9988921E+00  0.7464957E+01
Si  0.5955353E+02  0.2011486E+02  0.4437288E+01
Si  0.6256957E+02  0.7348931E+00  0.4646869E+01
Si  0.6247021E+02  0.1988176E+02  0.6860285E+01
Si  0.5954899E+02  0.8457513E+00  0.7181932E+01
Si  0.6108802E+02  0.2128725E+02  0.5803787E+01
Si  0.6387568E+02  0.2689683E+01  0.5464645E+01
Si  0.6359490E+02  0.2119646E+02  0.8361758E+01
Si  0.6065899E+02  0.2401434E+01  0.8708840E+01
Si  0.4371833E+02  0.2159568E+02  0.1923698E+02
Si  0.4635926E+02  0.3895781E+00  0.2730001E+01
Si  0.5262526E+02  0.1892164E+02  0.8093041E+01
Si  0.3365807E+02  0.1878469E+02  0.7652345E+01
Si  0.4166733E+02  0.9488026E+00  0.3529925E+01
Si  0.3353736E+02  0.1738756E+01  0.2879828E+01
Si  0.3820755E+02  0.6468791E+01  0.1943719E+02
Si  0.3985477E+02  0.4468808E+01  0.3380850E+01
Si  0.4159001E+02  0.1631287E+02  0.9750149E+01
Si  0.5560305E+02  0.2130282E+02  0.5837399E+01
Si  0.5133823E+02  0.2062137E+02  0.1024973E+02
Si  0.5147378E+02  0.4258641E+01  0.1004393E+02
Si  0.4252851E+02  0.3406050E+01  0.2007395E+02
Si  0.4776136E+02  0.1012969E+02  0.7419975E+01
Si  0.5375137E+02  0.5007798E+01  0.7674028E+01
Si  0.4210955E+02  0.8911714E+01  0.1358009E+02
Si  0.5118491E+02  0.2386155E+00  0.6948453E+01
Si  0.5688952E+02  0.6129831E+01  0.4417709E+01
Si  0.5720796E+02  0.3848338E+01  0.6998314E+01
Si  0.5415056E+02  0.8762527E+01  0.4793901E+01
Si  0.5527115E+02  0.4794998E+01  0.5667646E+01
Si  0.5825377E+02  0.7667157E+01  0.5791792E+01
Si  0.5843292E+02  0.5271140E+01  0.8361968E+01
Si  0.5542064E+02  0.7946905E+01  0.8284537E+01
Si  0.5982269E+02  0.3761187E+01  0.4391117E+01
Si  0.6230327E+02  0.6793707E+01  0.4311466E+01
Si  0.6212721E+02  0.3495024E+01  0.7143938E+01
Si  0.5977393E+02  0.6614194E+01  0.6794265E+01
Si  0.6126128E+02  0.5186942E+01  0.5570584E+01
Si  0.6362596E+02  0.7925656E+01  0.5841222E+01
Si  0.6357749E+02  0.4984258E+01  0.8317675E+01
Si  0.6108712E+02  0.7846375E+01  0.8484705E+01
Si  0.2670659E+02  0.2841923E+01  0.1510205E+02
Si  0.3950328E+02  0.3590609E+01  0.1769485E+02
Si  0.4376628E+02  0.1043066E+02  0.1285442E+00
Si  0.4725691E+02  0.1193736E+02  0.2158359E+02
Si  0.4418415E+02  0.2140660E+02  0.5688849E+01
Si  0.4853243E+02  0.1100077E+02  0.1084991E+02
Si  0.4394453E+02  0.1589764E+02  0.1860461E+02
Si  0.5190331E+02  0.1706748E+00  0.4822528E+01
Si  0.5574078E+02  0.1377553E+02  0.2123657E+02
Si  0.5402973E+02  0.6586300E+01  0.1949874E+01
Si  0.4273499E+02  0.8339100E+01  0.1582107E+02
Si  0.5318219E+02  0.1857273E+01  0.6109776E+01
Si  0.4764162E+02  0.9542136E+01  0.1420395E+02
Si  0.4468156E+02  0.2021845E+02  0.2473487E+01
Si  0.4554597E+02  0.1901747E+02  0.1178209E+02
Si  0.4666606E+02  0.9802335E+01  0.3819113E+01
Si  0.4718759E+02  0.9834755E+01  0.1443606E+01
Si  0.5704048E+02  0.1195107E+02  0.4154823E+01
Si  0.5693712E+02  0.9020741E+01  0.6966919E+01
Si  0.4897887E+02  0.1026141E+02  0.3278381E+01
Si  0.5571035E+02  0.1061757E+02  0.5570023E+01
Si  0.5807224E+02  0.1340235E+02  0.5659081E+01
Si  0.5818370E+02  0.1050971E+02  0.8507692E+01
Si  0.5546801E+02  0.1591368E+02  0.5748820E+01
Si  0.5953050E+02  0.9507760E+01  0.4748778E+01
Si  0.6231715E+02  0.1195030E+02  0.4699422E+01
Si  0.6239205E+02  0.9495191E+01  0.7210406E+01
Si  0.5937866E+02  0.1223669E+02  0.7293186E+01
Si  0.6087990E+02  0.1069062E+02  0.6357878E+01
Si  0.6378676E+02  0.1319069E+02  0.5889696E+01
Si  0.6404428E+02  0.1072737E+02  0.8497829E+01
Si  0.6083633E+02  0.1324366E+02  0.8895254E+01
Si  0.3807149E+02  0.2052987E+02  0.1387416E+02
Si  0.3476126E+02  0.1785970E+02  0.5468541E+01
Si  0.4273330E+02  0.1749161E+02  0.1145737E+02
Si  0.3601631E+02  0.2110139E+02  0.1147569E+02
Si  0.2992578E+02  0.1616069E+02  0.1078914E+02
Si  0.4177216E+02  0.1564819E+02  0.1627682E+02
Si  0.3637752E+02  0.4635446E-01  0.5884769E+00
Si  0.3698171E+02  0.1859974E+02  0.7940706E+01
Si  0.3632891E+02  0.8916857E+01  0.3818768E+01
Si  0.5345901E+02  0.1353105E+02  0.5386683E+01
Si  0.5123805E+02  0.8994817E+01  0.1828660E+02
Si  0.4348393E+02  0.1354404E+02  0.1436103E+02
Si  0.4613985E+02  0.2021941E+02  0.4499742E+01
Si  0.4859523E+02  0.9194256E+01  0.5408723E+01
Si  0.5181620E+02  0.1309298E+02  0.9662103E+01
Si  0.4709161E+02  0.1242906E+02  0.7473371E+01
Si  0.5098940E+02  0.1121530E+02  0.4459456E+01
Si  0.5678400E+02  0.1737754E+02  0.4538235E+01
Si  0.5676722E+02  0.1456039E+02  0.7152975E+01
Si  0.5434022E+02  0.1484719E+02  0.3860938E+01
Si  0.4860518E+02  0.1526175E+02  0.1461142E+01
Si  0.5810537E+02  0.1871292E+02  0.5947907E+01
Si  0.5773420E+02  0.1617146E+02  0.8765175E+01
Si  0.5529169E+02  0.1871837E+02  0.8361237E+01
Si  0.5970799E+02  0.1448869E+02  0.4601452E+01
Si  0.6229654E+02  0.1737386E+02  0.4364770E+01
Si  0.6229310E+02  0.1457523E+02  0.7226292E+01
Si  0.5972774E+02  0.1727003E+02  0.7229512E+01
Si  0.6110806E+02  0.1602331E+02  0.5798619E+01
Si  0.6383486E+02  0.1861120E+02  0.5645255E+01
Si  0.6363278E+02  0.1622918E+02  0.8292351E+01
Si  0.6091718E+02  0.1874492E+02  0.8432536E+01
Si  0.4225981E+02  0.4236948E+01  0.2960488E+01
Si  0.4170401E+02  0.1850728E+02  0.1352602E+02
Si  0.4989133E+02  0.4487192E+01  0.1605219E+02
Si  0.3378948E+02  0.1920150E+02  0.1078722E+02
Si  0.5112489E+02  0.1649163E+02  0.4450521E+01
Si  0.5209230E+02  0.1915588E+02  0.3334847E+00
Si  0.4689470E+02  0.6896142E+01  0.7750300E+01
Si  0.4896406E+02  0.1832793E+01  0.1018620E+02
Si  0.4884873E+02  0.9017896E+01  0.1244464E+02
Si  0.4939355E+02  0.1993057E+02  0.1552731E+02
Si  0.4864249E+02  0.1767174E+01  0.1857117E+01
Si  0.4460589E+02  0.1024010E+02  0.7232667E+01
Si  0.5171849E+02  0.3871101E+01  0.1784625E+02
Si  0.4719258E+02  0.2316994E+00  0.5955123E+01
Si  0.5586014E+02  0.2697729E+01  0.8703650E+01
Si  0.4620831E+02  0.3965795E+01  0.1091715E+02
Si  0.5394425E+02  0.1998306E+02  0.1008859E+02
Si  0.5685877E+02  0.9176099E+00  0.1001241E+02
Si  0.5696927E+02  0.2002260E+02  0.1297983E+02
Si  0.5133091E+02  0.1024169E+02  0.1145091E+02
Si  0.5552819E+02  0.2115887E+02  0.1147659E+02
Si  0.5822165E+02  0.2511170E+01  0.1131167E+02
Si  0.5840606E+02  0.2151791E+02  0.1381569E+02
Si  0.5521362E+02  0.2308112E+01  0.1397407E+02
Si  0.5943726E+02  0.1996262E+02  0.9829782E+01
Si  0.6219349E+02  0.9874134E+00  0.9824507E+01
Si  0.6250622E+02  0.1978547E+02  0.1241110E+02
Si  0.5968881E+02  0.1146687E+01  0.1244270E+02
Si  0.6101170E+02  0.2131143E+02  0.1115469E+02
Si  0.6350961E+02  0.2495060E+01  0.1101665E+02
Si  0.6397195E+02  0.2121827E+02  0.1379879E+02
Si  0.6100340E+02  0.2574161E+01  0.1366445E+02
Si  0.4248807E+02  0.1042039E+02  0.8585844E+01
Si  0.5348616E+02  0.1412251E+02  0.1185564E+02
Si  0.5042003E+02  0.1627164E+02  0.1969116E+02
Si  0.4897024E+02  0.1515330E+02  0.1287126E+02
Si  0.4454497E+02  0.6964244E+01  0.1589740E+02
Si  0.5275257E+02  0.1003978E+02  0.1344630E+02
Si  0.3950062E+02  0.1077201E+02  0.3526210E+01
Si  0.3781705E+02  0.8851975E+01  0.1478982E+02
Si  0.4875488E+02  0.4174835E+01  0.1809679E+01
Si  0.5481905E+02  0.8904188E+01  0.1036424E+02
Si  0.5250192E+02  0.2552739E+01  0.1198375E+02
Si  0.4076717E+02  0.8615104E+01  0.8697981E+01
Si  0.5428912E+02  0.6787258E+01  0.6140511E+01
Si  0.4953272E+02  0.7377071E+01  0.1926833E+02
Si  0.5205853E+02  0.4886639E+01  0.1468485E+02
Si  0.4989310E+02  0.1876767E+02  0.9478230E+01
Si  0.4912776E+02  0.1621531E+02  0.7366781E+01
Si  0.5691232E+02  0.6616577E+01  0.9799490E+01
Si  0.5663236E+02  0.3656781E+01  0.1278667E+02
Si  0.5491898E+02  0.7093257E+01  0.1193700E+02
Si  0.5545499E+02  0.5086805E+01  0.1103461E+02
Si  0.5858058E+02  0.7840894E+01  0.1115013E+02
Si  0.5813503E+02  0.5122943E+01  0.1405482E+02
Si  0.5312589E+02  0.6273177E+01  0.1326582E+02
Si  0.5943604E+02  0.3821426E+01  0.1009201E+02
Si  0.6235194E+02  0.6343495E+01  0.9735394E+01
Si  0.6252087E+02  0.3894464E+01  0.1257529E+02
Si  0.5960767E+02  0.6361280E+01  0.1252842E+02
Si  0.6121581E+02  0.5046102E+01  0.1142036E+02
Si  0.6368727E+02  0.7827070E+01  0.1121036E+02
Si  0.6382105E+02  0.5124987E+01  0.1402309E+02
Si  0.6111577E+02  0.7657033E+01  0.1394622E+02
Si  0.3696600E+02  0.6001987E+01  0.6248523E+01
Si  0.3791512E+02  0.1558344E+02  0.7723588E+01
Si  0.5394597E+02  0.1527849E+02  0.7144007E+00
Si  0.4053409E+02  0.1942952E+02  0.1674339E+02
Si  0.5448306E+02  0.9023094E+01  0.1501155E+02
Si  0.4156362E+02  0.8318087E+01  0.1785904E+02
Si  0.3339759E+02  0.1058822E+02  0.8638443E+01
Si  0.3473354E+02  0.1869418E+02  0.3081075E+01
Si  0.5245727E+02  0.1577586E+02  0.6328035E+01
Si  0.3972205E+02  0.1270154E+02  0.5426512E+01
Si  0.4972418E+02  0.1041929E+02  0.8750134E+01
Si  0.3878470E+02  0.1695803E+02  0.1391652E+02
Si  0.4505736E+02  0.1698762E+02  0.1091840E+02
Si  0.5142588E+02  0.1959521E+02  0.1245275E+02
Si  0.5610144E+02  0.7847710E+01  0.1377399E+02
Si  0.5067153E+02  0.1221554E+02  0.7642736E+01
Si  0.5248458E+02  0.1076571E+02  0.7780611E+01
Si  0.5675799E+02  0.1212315E+02  0.1000219E+02
Si  0.5739599E+02  0.9383355E+01  0.1254806E+02
Si  0.5440496E+02  0.1189379E+02  0.1281698E+02
Si  0.5518118E+02  0.1319070E+02  0.8419753E+01
Si  0.5828017E+02  0.1323171E+02  0.1132852E+02
Si  0.5874325E+02  0.1073055E+02  0.1401508E+02
Si  0.5591570E+02  0.1075672E+02  0.1137897E+02
Si  0.5970433E+02  0.9274030E+01  0.9712281E+01
Si  0.6270494E+02  0.1202817E+02  0.9913922E+01
Si  0.6229461E+02  0.9210634E+01  0.1241130E+02
Si  0.5978248E+02  0.1217300E+02  0.1265241E+02
Si  0.6113838E+02  0.1065319E+02  0.1118801E+02
Si  0.6391261E+02  0.1342409E+02  0.1111096E+02
Si  0.6362696E+02  0.1089583E+02  0.1369998E+02
Si  0.6090318E+02  0.1398674E+02  0.1372574E+02
Si  0.3359885E+02  0.1495050E+02  0.1741717E+02
Si  0.4606829E+02  0.8880412E+01  0.8698897E+01
Si  0.3745431E+02  0.2152805E+02  0.6593908E+01
Si  0.4146057E+02  0.6253671E+01  0.8069390E+01
Si  0.4148204E+02  0.2052958E+02  0.1078336E+02
Si  0.4569268E+02  0.6129585E+01  0.9963867E+01
Si  0.4170889E+02  0.1200713E+02  0.1709323E+02
Si  0.4950215E+02  0.5699846E+01  0.5290244E+01
Si  0.5002246E+02  0.1381658E+02  0.2901313E+01
Si  0.5231543E+02  0.1073289E+02  0.2627835E+01
Si  0.4668454E+02  0.1984894E+02  0.1595990E+02
Si  0.4396151E+02  0.1182172E+02  0.1994270E+02
Si  0.5180753E+02  0.6327901E+01  0.1127692E+02
Si  0.4799156E+02  0.1737196E+02  0.4275681E+00
Si  0.5173069E+02  0.1718092E+02  0.1480734E+02
Si  0.4727521E+02  0.1325872E+02  0.1350896E+02
Si  0.5355819E+02  0.1452735E+02  0.9381567E+01
Si  0.5661703E+02  0.1779440E+02  0.1024184E+02
Si  0.5678946E+02  0.1462156E+02  0.1260590E+02
Si  0.4841574E+02  0.1559846E+01  0.1661847E+02
Si  0.5559299E+02  0.1596132E+02  0.1134366E+02
Si  0.5828908E+02  0.1897998E+02  0.1154538E+02
Si  0.5804463E+02  0.1621022E+02  0.1388590E+02
Si  0.5549311E+02  0.1876159E+02  0.1395498E+02
Si  0.5934072E+02  0.1505095E+02  0.1017974E+02
Si  0.6222699E+02  0.1745015E+02  0.9975436E+01
Si  0.6248465E+02  0.1500138E+02  0.1224640E+02
Si  0.5965439E+02  0.1739384E+02  0.1259297E+02
Si  0.6086338E+02  0.1621600E+02  0.1130818E+02
Si  0.6383456E+02  0.1859373E+02  0.1129853E+02
Si  0.6345543E+02  0.1641398E+02  0.1367288E+02
Si  0.6106637E+02  0.1876017E+02  0.1383699E+02
Si  0.5140112E+02  0.4765599E+01  0.7906435E+01
Si  0.5284186E+02  0.1811700E+02  0.1102765E+02
Si  0.4556537E+02  0.1508555E+02  0.9229662E-01
Si  0.4678474E+02  0.7430583E+01  0.2118051E+02
Si  0.4952153E+02  0.1452175E+02  0.2106787E+02
Si  0.4139022E+02  0.5277420E+01  0.2141818E+02
Si  0.5533245E+02  0.2417387E+01  0.2735518E+01
Si  0.4799738E+02  0.1796501E+02  0.1553632E+02
Si  0.5098101E+02  0.1478511E+02  0.7988260E+01
Si  0.4618474E+02  0.3954376E+01  0.1445332E+02
Si  0.4733461E+02  0.4733688E+01  0.1648816E+02
Si  0.5203075E+02  0.1945165E+02  0.4546386E+01
Si  0.5033645E+02  0.2807010E+01  0.3147304E+01
Si  0.5383540E+02  0.7639753E+00  0.1252770E+02
Si  0.5275424E+02  0.1845983E+02  0.2615531E+01
Si  0.4301144E+02  0.4661281E+01  0.1784496E+02
Si  0.5404095E+02  0.1984201E+02  0.1527713E+02
Si  0.5698500E+02  0.8565615E+00  0.1545147E+02
Si  0.5674334E+02  0.2008169E+02  0.1789538E+02
Si  0.5407743E+02  0.6150902E+00  0.1788196E+02
Si  0.5555702E+02  0.2128939E+02  0.1647817E+02
Si  0.5831745E+02  0.2209957E+01  0.1680344E+02
Si  0.5822053E+02  0.2138005E+02  0.1925244E+02
Si  0.5534441E+02  0.2156885E+01  0.1927202E+02
Si  0.5970661E+02  0.2009081E+02  0.1516600E+02
Si  0.6227239E+02  0.9941984E+00  0.1482478E+02
Si  0.6234088E+02  0.2017990E+02  0.1786460E+02
Si  0.5973163E+02  0.1011371E+01  0.1787137E+02
Si  0.6108645E+02  0.2140400E+02  0.1654842E+02
Si  0.6382626E+02  0.2186010E+01  0.1634845E+02
Si  0.6386879E+02  0.2816427E-02  0.1924660E+02
Si  0.6103934E+02  0.2523069E+01  0.1908427E+02
Si  0.2141399E+02  0.6886024E+01  0.1914671E+02
Si  0.4301927E+02  0.1385511E+02  0.1675509E+02
Si  0.4330271E+02  0.1647244E+01  0.4836623E+01
Si  0.4891169E+02  0.1887484E+02  0.2302960E+01
Si  0.5138291E+02  0.1143324E+02  0.1475262E+02
Si  0.4309397E+02  0.1112778E+02  0.3354154E+01
Si  0.4280306E+02  0.1945607E+02  0.1853980E+02
Si  0.4918617E+02  0.1403360E+02  0.1857987E+02
Si  0.3585004E+02  0.4860037E+01  0.2298057E+01
Si  0.5120494E+02  0.8283875E+00  0.2074978E+02
Si  0.5282965E+02  0.1953969E+01  0.1686619E+02
Si  0.5193144E+02  0.6119990E+01  0.5310537E+01
Si  0.4870758E+02  0.5841542E+01  0.1420375E+02
Si  0.5138174E+02  0.4380976E+00  0.1554687E+02
Si  0.4720109E+02  0.1420695E+02  0.2033930E+02
Si  0.5005070E+02  0.2862426E+00  0.3355194E+01
Si  0.5387521E+02  0.3548393E+01  0.1544691E+02
Si  0.5682100E+02  0.6402591E+01  0.1548091E+02
Si  0.5692881E+02  0.3603458E+01  0.1815270E+02
Si  0.5421945E+02  0.6272253E+01  0.1788527E+02
Si  0.5563009E+02  0.4695178E+01  0.1673885E+02
Si  0.5828733E+02  0.7628752E+01  0.1659796E+02
Si  0.5805758E+02  0.5121476E+01  0.1945594E+02
Si  0.5527917E+02  0.8054310E+01  0.1916207E+02
Si  0.5951290E+02  0.3535064E+01  0.1520978E+02
Si  0.6250729E+02  0.6480107E+01  0.1529739E+02
Si  0.6265500E+02  0.3779716E+01  0.1778562E+02
Si  0.5957600E+02  0.6168904E+01  0.1794113E+02
Si  0.6079076E+02  0.4996059E+01  0.1662031E+02
Si  0.6373942E+02  0.7935009E+01  0.1646409E+02
Si  0.6355907E+02  0.5222679E+01  0.1939523E+02
Si  0.6067530E+02  0.7557434E+01  0.1948148E+02
Si  0.4334605E+02  0.8494250E+01  0.1738483E+01
Si  0.4598367E+02  0.1493023E+02  0.1759500E+02
Si  0.4269582E+02  0.1952633E+02  0.5617679E+01
Si  0.3992878E+02  0.1529029E+02  0.1774099E+02
Si  0.4680366E+02  0.7765961E+01  0.1244934E+02
Si  0.3787824E+02  0.1661122E+02  0.1798300E+02
Si  0.4446743E+02  0.9785654E+01  0.1867973E+02
Si  0.4122736E+02  0.2475128E+01  0.1708437E+01
Si  0.4422086E+02  0.5245829E+01  0.1409085E+02
Si  0.4903424E+02  0.8045559E+01  0.1571057E+02
Si  0.3741557E+02  0.1242960E+02  0.1319352E+02
Si  0.4007905E+02  0.1131644E+02  0.8179039E+01
Si  0.5189384E+02  0.8025552E+01  0.1429216E+02
Si  0.4916422E+02  0.1166584E+02  0.1992129E+02
Si  0.5292049E+02  0.7878707E+01  0.1656000E+02
Si  0.4830552E+02  0.1467917E+02  0.1654282E+02
Si  0.5128867E+02  0.6446076E+01  0.2047493E+02
Si  0.5728417E+02  0.1194720E+02  0.1521052E+02
Si  0.5707918E+02  0.9082593E+01  0.1801094E+02
Si  0.4953980E+02  0.1620213E+02  0.1487979E+02
Si  0.5576378E+02  0.1055650E+02  0.1632905E+02
Si  0.5821240E+02  0.1337580E+02  0.1684685E+02
Si  0.5841602E+02  0.1066939E+02  0.1938113E+02
Si  0.5460833E+02  0.1383372E+02  0.1903862E+02
Si  0.5974792E+02  0.8868807E+01  0.1528311E+02
Si  0.6205778E+02  0.1224675E+02  0.1491569E+02
Si  0.6230722E+02  0.8921422E+01  0.1798566E+02
Si  0.5986488E+02  0.1191664E+02  0.1799303E+02
Si  0.6115078E+02  0.1052349E+02  0.1644064E+02
Si  0.6376772E+02  0.1346689E+02  0.1622956E+02
Si  0.6346878E+02  0.1047611E+02  0.1916918E+02
Si  0.6105663E+02  0.1322962E+02  0.1922873E+02
Si  0.4633550E+02  0.1585287E+02  0.3646404E+01
Si  0.5422713E+02  0.1207499E+02  0.6820390E+01
Si  0.5173843E+02  0.1422813E+02  0.2151029E+02
Si  0.5167413E+02  0.1312673E+02  0.1938237E+01
Si  0.4553155E+02  0.5789285E+00  0.1753295E+02
Si  0.4729319E+02  0.3477367E+00  0.1272057E+02
Si  0.4601585E+02  0.5268381E+01  0.2100465E+02
Si  0.5113633E+02  0.2735084E+01  0.6719956E+01
Si  0.4521613E+02  0.1205332E+02  0.1537963E+02
Si  0.5221825E+02  0.1667932E+02  0.2125677E+02
Si  0.5560353E+02  0.1321826E+02  0.1410960E+02
Si  0.4913858E+02  0.5735055E+01  0.7725410E+01
Si  0.5151811E+02  0.1372335E+02  0.1861118E+02
Si  0.5321269E+02  0.1559234E+02  0.1384152E+02
Si  0.5422314E+02  0.1198231E+02  0.1771524E+02
Si  0.4508020E+02  0.1934277E+02  0.8022567E+01
Si  0.5673428E+02  0.1480265E+02  0.1832369E+02
Si  0.5670826E+02  0.1744583E+02  0.1534348E+02
Si  0.5536933E+02  0.1585648E+02  0.1686702E+02
Si  0.4948103E+02  0.1861260E+02  0.1199401E+02
Si  0.5115837E+02  0.1925674E+02  0.1821992E+02
Si  0.5819549E+02  0.1867810E+02  0.1664939E+02
Si  0.5819737E+02  0.1619532E+02  0.1968027E+02
Si  0.5526898E+02  0.1876171E+02  0.1937712E+02
Si  0.5941394E+02  0.1493041E+02  0.1538929E+02
Si  0.6233494E+02  0.1761038E+02  0.1551222E+02
Si  0.6230672E+02  0.1466770E+02  0.1780516E+02
Si  0.5945174E+02  0.1753935E+02  0.1812045E+02
Si  0.6069178E+02  0.1620033E+02  0.1697543E+02
Si  0.6394609E+02  0.1876313E+02  0.1660644E+02
Si  0.6372108E+02  0.1602528E+02  0.1905025E+02
Si  0.6105039E+02  0.1900509E+02  0.1936617E+02
