         
  0.6515772E+02  0.0000000E+00  0.2171924E+02
  0.0000000E+00  0.0000000E+00  0.2171924E+02
Si  0.2498284E+00  0.2101927E+02  0.2137713E+02
Si  0.2965541E+01  0.2133770E+01  0.2116627E+02
Si  0.2475409E+01  0.2091700E+02  0.2273995E+01
Si  0.6506324E+02  0.2002965E+01  0.2504666E+01
Si  0.1328591E+01  0.8068868E+00  0.8918826E+00
Si  0.4115483E+01  0.3301618E+01  0.1093464E+01
Si  0.4025525E+01  0.7533942E+00  0.3656260E+01
Si  0.1131794E+01  0.3318341E+01  0.3827375E+01
Si  0.5204465E+01  0.2088545E+02  0.2122123E+02
Si  0.8283366E+01  0.1569436E+01  0.2092196E+02
Si  0.8455109E+01  0.2117877E+02  0.1372414E+01
Si  0.5615981E+01  0.1749863E+01  0.2236662E+01
Si  0.6693980E+01  0.5002153E+00  0.6340230E+00
Si  0.8975686E+01  0.3017890E+01  0.1004105E+01
Si  0.1143222E+02  0.2683434E+01  0.1324158E+01
Si  0.6863358E+01  0.3278227E+01  0.3755203E+01
Si  0.9815093E+01  0.2171862E+02  0.1993961E+02
Si  0.2318650E+02  0.9777764E+01  0.3751423E+01
Si  0.1841544E+02  0.1069597E+01  0.1914887E+01
Si  0.1128969E+02  0.4080893E+01  0.2087696E+02
Si  0.1440671E+02  0.1744399E+01  0.6497640E+00
Si  0.2715239E+02  0.9520590E+01  0.1391814E+01
Si  0.1500537E+02  0.1696594E+02  0.3327273E+01
Si  0.1679074E+02  0.3648666E+01  0.2031587E+02
Si  0.1976643E+02  0.1122332E+02  0.3477355E+01
Si  0.1860544E+02  0.3340275E+01  0.5256169E+00
Si  0.1988959E+02  0.3415056E+01  0.1008140E+02
Si  0.1237636E+02  0.6406157E+00  0.2156105E+02
Si  0.2004994E+02  0.3904371E+01  0.7656965E+01
Si  0.2215395E+02  0.2058515E+01  0.3857847E+01
Si  0.1859409E+02  0.1981672E+02  0.1559828E+02
Si  0.2569023E+02  0.1831462E+02  0.8836308E+00
Si  0.8347940E-01  0.4516936E+01  0.2097836E+02
Si  0.2621322E+01  0.7109464E+01  0.2123616E+02
Si  0.2555747E+01  0.4524927E+01  0.2386249E+01
Si  0.1381236E+00  0.7269732E+01  0.2330394E+01
Si  0.1219526E+01  0.5788188E+01  0.9593171E+00
Si  0.3752776E+01  0.8479758E+01  0.7102474E+00
Si  0.3991349E+01  0.5728380E+01  0.3865376E+01
Si  0.1244716E+01  0.8776050E+01  0.3756298E+01
Si  0.5557476E+01  0.4579491E+01  0.2109801E+02
Si  0.7960073E+01  0.6897005E+01  0.2092399E+02
Si  0.7938726E+01  0.4739030E+01  0.2123012E+01
Si  0.5092604E+01  0.7089420E+01  0.2398290E+01
Si  0.6796000E+01  0.6066780E+01  0.1012471E+01
Si  0.9480613E+01  0.8362603E+01  0.4713883E+00
Si  0.9449401E+01  0.5791974E+01  0.3689860E+01
Si  0.6698766E+01  0.8708403E+01  0.3665888E+01
Si  0.1368043E+02  0.4120959E+01  0.1370943E-01
Si  0.1847186E+02  0.9128767E+01  0.5888542E+00
Si  0.2279567E+02  0.1308702E+02  0.1235835E+02
Si  0.1320769E+02  0.8371771E+01  0.2498250E+01
Si  0.2187854E+02  0.7848023E+01  0.2110146E+02
Si  0.1526835E+02  0.8918719E+01  0.7619409E+01
Si  0.2627153E+02  0.3902941E+01  0.2010966E+02
Si  0.9854501E+01  0.1313380E+02  0.6457021E+01
Si  0.1938899E+02  0.1081877E+02  0.2123272E+02
Si  0.1351755E+02  0.1309246E+02  0.5337055E+01
Si  0.1537437E+02  0.1595975E+02  0.8756784E+01
Si  0.1915423E+02  0.7667439E+01  0.8844636E+01
Si  0.2284605E+02  0.7053948E+01  0.4611393E+01
Si  0.2478538E+02  0.1605063E+02  0.2910603E-01
Si  0.2472707E+02  0.9427372E+01  0.1092943E+02
Si  0.1701062E+02  0.1468961E+02  0.1659550E+01
Si  0.4299578E-01  0.1003558E+02  0.2122273E+02
Si  0.2939311E+01  0.1276097E+02  0.2115703E+02
Si  0.2779167E+01  0.9972039E+01  0.2336468E+01
Si  0.2183313E+00  0.1281601E+02  0.2323079E+01
Si  0.1311881E+01  0.1147780E+02  0.7905540E+00
Si  0.4282717E+01  0.1438419E+02  0.9667489E+00
Si  0.3919361E+01  0.1150368E+02  0.3650687E+01
Si  0.1648823E+01  0.1399705E+02  0.3809103E+01
Si  0.5268798E+01  0.9872357E+01  0.2114462E+02
Si  0.8016619E+01  0.1266466E+02  0.2145274E+02
Si  0.8077406E+01  0.9838440E+01  0.2130680E+01
Si  0.5519239E+01  0.1250516E+02  0.2179591E+01
Si  0.6799229E+01  0.1113721E+02  0.8222456E+00
Si  0.9376912E+01  0.1364225E+02  0.1507351E+01
Si  0.9798632E+01  0.1096903E+02  0.3261212E+01
Si  0.7051740E+01  0.1403786E+02  0.3544035E+01
Si  0.1039242E+02  0.9585221E+01  0.2043626E+02
Si  0.1281016E+02  0.1434055E+02  0.3333426E+01
Si  0.1720216E+02  0.1397593E+02  0.1187423E+02
Si  0.1115864E+02  0.1290365E+02  0.2912201E+01
Si  0.1221823E+02  0.1065297E+02  0.2417843E+01
Si  0.2248616E+02  0.1616052E+02  0.2105716E+02
Si  0.1407813E+02  0.3656940E+01  0.3472262E+01
Si  0.1997968E+02  0.1601796E+02  0.7734744E+01
Si  0.1661732E+02  0.7228088E+01  0.1817780E+02
Si  0.2336545E+02  0.1856605E+02  0.8968077E+01
Si  0.2978048E+02  0.1832183E+02  0.3937793E+01
Si  0.2011312E+02  0.1111892E+02  0.5918930E+01
Si  0.1733807E+02  0.1074197E+02  0.3000736E+01
Si  0.3057324E+02  0.3575075E+01  0.1683452E+02
Si  0.3464566E+02  0.1328467E+02  0.7693788E+01
Si  0.3237506E+02  0.6418819E+01  0.1552645E+01
Si  0.6508384E+02  0.1546734E+02  0.2122730E+02
Si  0.2726117E+01  0.1833492E+02  0.2141000E+02
Si  0.2846911E+01  0.1541103E+02  0.2286308E+01
Si  0.6502867E+02  0.1819564E+02  0.2382923E+01
Si  0.1406482E+01  0.1690268E+02  0.8622771E+00
Si  0.3934031E+01  0.1954520E+02  0.1119268E+01
Si  0.4536351E+01  0.1669172E+02  0.3561973E+01
Si  0.1350976E+01  0.1966696E+02  0.3755764E+01
Si  0.5502361E+01  0.1578468E+02  0.2111124E+02
Si  0.7973023E+01  0.1825552E+02  0.2080724E+02
Si  0.8591823E+01  0.1560569E+02  0.2415484E+01
Si  0.5648191E+01  0.1837110E+02  0.2138686E+01
Si  0.7089896E+01  0.1689074E+02  0.7992161E+00
Si  0.9527919E+01  0.1994473E+02  0.2162075E+02
Si  0.1143937E+02  0.1675068E+02  0.2068030E+02
Si  0.7056661E+01  0.2009570E+02  0.3064758E+01
Si  0.1099862E+02  0.1498125E+02  0.4134636E+00
Si  0.1141957E+02  0.1959547E+02  0.1953499E+02
Si  0.1694286E+02  0.1975922E+02  0.1923700E+01
Si  0.1521759E+02  0.2090854E+02  0.3117172E+01
Si  0.1483784E+02  0.2013226E+02  0.5400004E+01
Si  0.1864989E+02  0.1718087E+02  0.4497021E+01
Si  0.1898019E+02  0.7549752E+01  0.4855279E+01
Si  0.1184843E+02  0.2525058E+01  0.3771897E+01
Si  0.2151127E+02  0.1205625E+02  0.7868650E-01
Si  0.1686774E+02  0.8293311E+01  0.2246639E+01
Si  0.2454423E+02  0.1620283E+02  0.3574325E+01
Si  0.2032219E+02  0.2070382E+02  0.3652654E+01
Si  0.8207760E+01  0.1054955E+01  0.1635614E+02
Si  0.2241889E+02  0.1140268E+02  0.6100535E+01
Si  0.1837019E+02  0.1622994E+02  0.1586399E+02
Si  0.1608798E+02  0.1290143E+01  0.2080859E+02
Si  0.6514238E+02  0.2085699E+02  0.5352630E+01
Si  0.2551598E+01  0.2014723E+01  0.5116574E+01
Si  0.2866447E+01  0.2092368E+02  0.7614562E+01
Si  0.6491795E+02  0.2081687E+01  0.7926585E+01
Si  0.1304509E+01  0.7787009E+00  0.6751732E+01
Si  0.4220245E+01  0.2984817E+01  0.6526314E+01
Si  0.4209504E+01  0.6350345E+00  0.9001171E+01
Si  0.1372974E+01  0.3394782E+01  0.8968981E+01
Si  0.5930042E+01  0.2113670E+02  0.4863672E+01
Si  0.8236261E+01  0.1427261E+01  0.4034389E+01
Si  0.8489205E+01  0.2080281E+02  0.7831184E+01
Si  0.5793718E+01  0.1554113E+01  0.7557955E+01
Si  0.7566472E+01  0.5844197E+00  0.6245963E+01
Si  0.9978372E+01  0.4288804E+01  0.5402506E+01
Si  0.9858839E+01  0.1981868E+02  0.6280815E+01
Si  0.7059485E+01  0.3066583E+01  0.8993865E+01
Si  0.2103802E+02  0.8592636E+01  0.4396727E+01
Si  0.1353192E+02  0.5001072E+01  0.7115732E+01
Si  0.1234528E+02  0.4658351E+01  0.5009713E+01
Si  0.1044680E+02  0.3084174E+01  0.7483766E+01
Si  0.1364868E+02  0.3839994E+01  0.1307810E+02
Si  0.2234977E+02  0.1211049E+02  0.1773529E+02
Si  0.2291937E+02  0.4877316E+01  0.1948981E+02
Si  0.1225586E+02  0.1984559E+02  0.1526329E+02
Si  0.1838564E+02  0.2226367E+01  0.7542797E+01
Si  0.1520411E+02  0.1454248E+00  0.1897734E+02
Si  0.1366386E+02  0.1844269E+02  0.1187234E+02
Si  0.1099394E+02  0.7168494E+01  0.2157725E+01
Si  0.1285230E+02  0.1624449E+02  0.1267516E+02
Si  0.2476227E+02  0.6421116E+01  0.1961437E+02
Si  0.2619109E+02  0.8301762E+01  0.3461002E+01
Si  0.1551731E+02  0.5766906E+01  0.5385854E+01
Si  0.6499586E+02  0.4727303E+01  0.5255121E+01
Si  0.2599624E+01  0.7420264E+01  0.5128628E+01
Si  0.2744852E+01  0.4733170E+01  0.7610939E+01
Si  0.1995336E+00  0.7580919E+01  0.7745713E+01
Si  0.1265952E+01  0.6084357E+01  0.6398095E+01
Si  0.3819919E+01  0.8810602E+01  0.6397987E+01
Si  0.4037287E+01  0.5877405E+01  0.8939969E+01
Si  0.1548300E+01  0.8789192E+01  0.9493397E+01
Si  0.5343959E+01  0.4243570E+01  0.5239170E+01
Si  0.7881907E+01  0.7057526E+01  0.4945974E+01
Si  0.6623999E+01  0.5729152E+01  0.6469359E+01
Si  0.5213212E+01  0.7257207E+01  0.7667919E+01
Si  0.8456858E+01  0.4493697E+01  0.7389965E+01
Si  0.9470751E+01  0.8430010E+01  0.6394744E+01
Si  0.9621384E+01  0.5784696E+01  0.8860851E+01
Si  0.6623711E+01  0.8761471E+01  0.8568155E+01
Si  0.1743506E+02  0.1844459E+02  0.8030451E+01
Si  0.1086168E+02  0.7649628E+01  0.8008064E+01
Si  0.1227263E+02  0.8191132E+01  0.4718914E+01
Si  0.1038270E+02  0.1561341E+01  0.5499888E+01
Si  0.9974464E+01  0.8691062E+00  0.2194854E+01
Si  0.1037112E+02  0.9610449E+01  0.9609719E+01
Si  0.1375270E+02  0.4446705E+01  0.1067990E+02
Si  0.1696590E+02  0.4879937E+01  0.1331643E+02
Si  0.1760113E+02  0.4293733E+01  0.1099523E+02
Si  0.1976478E+02  0.1808689E+02  0.6211440E+01
Si  0.1653008E+02  0.7303378E+01  0.1246245E+02
Si  0.1738953E+02  0.1095514E+02  0.9244730E+01
Si  0.2609766E+02  0.7526091E+01  0.1106704E+02
Si  0.1215073E+02  0.1361948E+02  0.1518673E+02
Si  0.2807329E+02  0.1432738E+02  0.1285087E+02
Si  0.1569504E+02  0.1937425E+02  0.9408523E+01
Si  0.1520705E+00  0.1029481E+02  0.5097964E+01
Si  0.2802393E+01  0.1276833E+02  0.5095071E+01
Si  0.2720400E+01  0.1014901E+02  0.7994329E+01
Si  0.2506262E-01  0.1299141E+02  0.7774946E+01
Si  0.1545545E+01  0.1150636E+02  0.6667164E+01
Si  0.4294651E+01  0.1452288E+02  0.5983621E+01
Si  0.4587595E+01  0.1156041E+02  0.8669976E+01
Si  0.1763153E+01  0.1441291E+02  0.8807559E+01
Si  0.5113770E+01  0.1004987E+02  0.5100221E+01
Si  0.8530473E+01  0.1253818E+02  0.4668764E+01
Si  0.8221153E+01  0.1012525E+02  0.7450822E+01
Si  0.5803915E+01  0.1301128E+02  0.7226110E+01
Si  0.6944292E+01  0.1147137E+02  0.6014369E+01
Si  0.8970820E+01  0.1550609E+02  0.6862630E+01
Si  0.9518234E+01  0.1174802E+02  0.8300721E+01
Si  0.7157840E+01  0.1387966E+02  0.8995984E+01
Si  0.1072174E+02  0.9912316E+01  0.5203040E+01
Si  0.1619942E+02  0.1675571E+02  0.6915867E+01
Si  0.1749303E+02  0.1085280E+02  0.1314363E+02
Si  0.1725508E+02  0.1324846E+02  0.6924562E+01
Si  0.1420242E+02  0.1141764E+02  0.1103893E+02
Si  0.1263872E+02  0.1053187E+02  0.8181100E+01
Si  0.1488364E+02  0.1127643E+02  0.7258306E+01
Si  0.1304851E+02  0.1385749E+02  0.1746851E+02
Si  0.2579023E+02  0.4985160E+01  0.3712904E+01
Si  0.1977879E+02  0.1922396E+02  0.8326625E+01
Si  0.2922458E+02  0.6359029E+01  0.6018602E+01
Si  0.2686663E+02  0.1554694E+02  0.1100249E+02
Si  0.1890055E+02  0.1781421E+02  0.7967781E+00
Si  0.2466906E+02  0.8495345E+01  0.1826137E+02
Si  0.1592439E+02  0.1214536E+02  0.2017320E-01
Si  0.1943594E+02  0.1331653E+02  0.2105243E+02
Si  0.2847709E+00  0.1526410E+02  0.5078942E+01
Si  0.2958989E+01  0.1804205E+02  0.4885230E+01
Si  0.2988197E+01  0.1582493E+02  0.7526976E+01
Si  0.4910103E+00  0.1839767E+02  0.7725090E+01
Si  0.1463314E+01  0.1693351E+02  0.6219259E+01
Si  0.4395630E+01  0.1989549E+02  0.6175262E+01
Si  0.4327417E+01  0.1696884E+02  0.8711821E+01
Si  0.1531365E+01  0.1993964E+02  0.9212184E+01
Si  0.6083059E+01  0.1565034E+02  0.4808856E+01
Si  0.1061451E+02  0.1694868E+02  0.3130345E+01
Si  0.9146044E+01  0.1541936E+02  0.9213935E+01
Si  0.5700188E+01  0.1812439E+02  0.7136987E+01
Si  0.7351284E+01  0.1723990E+02  0.5814800E+01
Si  0.8359456E+01  0.1922074E+02  0.4597797E+01
Si  0.8080812E+01  0.1754124E+02  0.9592130E+01
Si  0.6928008E+01  0.1958057E+02  0.8686756E+01
Si  0.1470058E+02  0.1776783E+02  0.5430626E+01
Si  0.1300840E+02  0.2123882E+02  0.4740266E+01
Si  0.1736676E+02  0.4581746E+00  0.6436421E+01
Si  0.1289809E+02  0.1568902E+02  0.5450184E+01
Si  0.1210233E+02  0.1786701E+02  0.5516454E+01
Si  0.1603044E+02  0.1969200E+02  0.2052521E+02
Si  0.2665817E+02  0.3288909E+01  0.6817384E+00
Si  0.1394471E+02  0.2583921E+00  0.1007356E+02
Si  0.1366740E+02  0.9148103E+01  0.2902688E+00
Si  0.2292533E+02  0.2077736E+02  0.3956360E+00
Si  0.1699396E+02  0.7078319E+01  0.8237254E+01
Si  0.1965988E+02  0.1174966E+02  0.1364801E+02
Si  0.2111451E+02  0.1685205E+02  0.1380748E+01
Si  0.1180077E+02  0.1162874E+02  0.6045596E+01
Si  0.9986845E+01  0.1845003E+02  0.9218201E+01
Si  0.9926778E+01  0.2081997E+02  0.1020744E+02
Si  0.6476529E+02  0.2086207E+02  0.1045721E+02
Si  0.2697650E+01  0.1864579E+01  0.1037202E+02
Si  0.2384680E+01  0.2060216E+02  0.1290372E+02
Si  0.6499398E+02  0.1924297E+01  0.1310229E+02
Si  0.1276671E+01  0.4528807E+00  0.1165915E+02
Si  0.4182072E+01  0.3077893E+01  0.1164423E+02
Si  0.4045484E+01  0.4601356E+00  0.1402855E+02
Si  0.1262468E+01  0.3451899E+01  0.1429136E+02
Si  0.5344209E+01  0.2085123E+02  0.1026824E+02
Si  0.8314809E+01  0.1791585E+01  0.1034513E+02
Si  0.8250101E+01  0.2042431E+02  0.1312830E+02
Si  0.5650147E+01  0.1726425E+01  0.1255898E+02
Si  0.6918807E+01  0.5390924E-01  0.1141193E+02
Si  0.1399485E+02  0.1695736E+01  0.4845176E+01
Si  0.1021968E+02  0.2250254E+01  0.1361228E+02
Si  0.7007717E+01  0.3189515E+01  0.1391355E+02
Si  0.1000545E+02  0.7318811E+00  0.8496934E+01
Si  0.1874339E+02  0.3584398E+01  0.1435461E+02
Si  0.1599766E+02  0.1393971E+02  0.2022016E+02
Si  0.1489398E+02  0.1906263E+02  0.1735831E+02
Si  0.1087865E+02  0.1736004E+02  0.1373151E+02
Si  0.1863329E+02  0.5631589E+01  0.6112559E+01
Si  0.1219295E+02  0.2042728E+02  0.1105255E+02
Si  0.2179341E+02  0.1944920E+02  0.1112924E+02
Si  0.2838459E+02  0.2096376E+02  0.1215093E+02
Si  0.2207936E+02  0.2118789E+02  0.1495589E+02
Si  0.1615405E+02  0.1318864E+01  0.2403789E+01
Si  0.1749912E+02  0.9181745E+01  0.6001064E+01
Si  0.1869772E+02  0.9727410E+01  0.1913972E+02
Si  0.2181422E+02  0.3521520E+01  0.1460587E+01
Si  0.2514302E+02  0.2123227E+02  0.1213488E+02
Si  0.1277285E+02  0.9552457E+01  0.1062468E+02
Si  0.6515749E+02  0.4832741E+01  0.1036401E+02
Si  0.2911056E+01  0.7237632E+01  0.1031467E+02
Si  0.2675807E+01  0.4543263E+01  0.1280519E+02
Si  0.3257714E+00  0.7278488E+01  0.1317330E+02
Si  0.1312917E+01  0.6013634E+01  0.1145840E+02
Si  0.4134741E+01  0.8724267E+01  0.1155817E+02
Si  0.4082072E+01  0.5928139E+01  0.1402896E+02
Si  0.1313227E+01  0.8798236E+01  0.1466574E+02
Si  0.5408843E+01  0.4388255E+01  0.1008795E+02
Si  0.8081064E+01  0.7198337E+01  0.9966670E+01
Si  0.8212764E+01  0.4683081E+01  0.1267894E+02
Si  0.5424063E+01  0.7435319E+01  0.1277467E+02
Si  0.6746638E+01  0.5833386E+01  0.1126399E+02
Si  0.9416633E+01  0.8478935E+01  0.1158172E+02
Si  0.9092055E+01  0.6023846E+01  0.1446241E+02
Si  0.6753339E+01  0.8710297E+01  0.1424445E+02
Si  0.9744530E+01  0.3302394E+01  0.1143891E+02
Si  0.1305061E+02  0.6830239E+01  0.1320567E+02
Si  0.1373926E+02  0.5919151E+00  0.7763324E+01
Si  0.1072106E+02  0.7211784E+01  0.1334266E+02
Si  0.1427961E+02  0.2813927E+01  0.7056189E+01
Si  0.1810707E+02  0.1220865E+02  0.1118252E+01
Si  0.1083243E+02  0.9250610E+01  0.1477432E+02
Si  0.1290956E+02  0.6363029E+01  0.1757040E+02
Si  0.1181666E+02  0.2012556E+02  0.2829870E+00
Si  0.1553774E+02  0.3811331E+01  0.1379369E+01
Si  0.3340247E+02  0.5198278E+00  0.1347286E+02
Si  0.1296175E+02  0.1313851E+02  0.1231099E+02
Si  0.2855673E+02  0.1300303E+02  0.1556439E+02
Si  0.1612020E+02  0.9591730E+01  0.7308656E-01
Si  0.1206566E+02  0.5292769E+01  0.8953157E+01
Si  0.1363188E+02  0.6193552E+01  0.3785062E+01
Si  0.3406081E-01  0.1006413E+02  0.1078424E+02
Si  0.2997670E+01  0.1267115E+02  0.1015900E+02
Si  0.2697772E+01  0.1000156E+02  0.1321865E+02
Si  0.1073639E+00  0.1309372E+02  0.1316663E+02
Si  0.1535339E+01  0.1158971E+02  0.1177408E+02
Si  0.3922832E+01  0.1441654E+02  0.1172604E+02
Si  0.3926514E+01  0.1163655E+02  0.1430234E+02
Si  0.1456152E+01  0.1436312E+02  0.1450826E+02
Si  0.5697880E+01  0.9981327E+01  0.1033438E+02
Si  0.8601015E+01  0.1240755E+02  0.1032273E+02
Si  0.8301446E+01  0.9924555E+01  0.1315677E+02
Si  0.5188851E+01  0.1296210E+02  0.1299995E+02
Si  0.6784168E+01  0.1150817E+02  0.1173952E+02
Si  0.9749547E+01  0.1405818E+02  0.1155454E+02
Si  0.9386914E+01  0.1107574E+02  0.1471711E+02
Si  0.6660479E+01  0.1405819E+02  0.1449938E+02
Si  0.2144351E+02  0.5416114E+01  0.1381981E+02
Si  0.1557520E+02  0.1733014E+02  0.1067455E+02
Si  0.1766064E+02  0.2167311E+02  0.1858671E+02
Si  0.1362660E+02  0.1132729E+02  0.1465882E+02
Si  0.1658521E+02  0.1126582E+02  0.5880516E+01
Si  0.1958864E+02  0.1259218E+02  0.7600655E+01
Si  0.1148987E+02  0.6408908E+01  0.2165763E+02
Si  0.1477565E+02  0.1996116E+02  0.1330584E+02
Si  0.2269403E+02  0.4298128E+01  0.1710267E+02
Si  0.2239559E+02  0.1868139E+02  0.2080580E+02
Si  0.2620899E+02  0.1345452E+02  0.5486168E+01
Si  0.1285344E+02  0.1889659E+01  0.1411375E+02
Si  0.3529727E+02  0.4137770E+01  0.1064599E+02
Si  0.3215297E+02  0.7672237E+01  0.9589273E+01
Si  0.4221064E+02  0.1113159E+01  0.1933839E+02
Si  0.1202833E+02  0.1091278E+02  0.2166017E+02
Si  0.3262261E+00  0.1531831E+02  0.1037723E+02
Si  0.2940781E+01  0.1816237E+02  0.1024494E+02
Si  0.2647382E+01  0.1566959E+02  0.1302526E+02
Si  0.6508805E+02  0.1828373E+02  0.1293697E+02
Si  0.1351730E+01  0.1688281E+02  0.1165085E+02
Si  0.3946134E+01  0.1930278E+02  0.1182863E+02
Si  0.3968314E+01  0.1687390E+02  0.1435497E+02
Si  0.8586594E+00  0.1973644E+02  0.1439000E+02
Si  0.5376564E+01  0.1518866E+02  0.9814960E+01
Si  0.1183612E+02  0.1488704E+02  0.1107636E+02
Si  0.7962354E+01  0.1526560E+02  0.1289702E+02
Si  0.5533555E+01  0.1798144E+02  0.1313289E+02
Si  0.6572451E+01  0.1658832E+02  0.1143113E+02
Si  0.1451942E+02  0.2089499E+02  0.1554861E+02
Si  0.8743733E+01  0.1661786E+02  0.1457102E+02
Si  0.6640149E+01  0.1943511E+02  0.1449119E+02
Si  0.1439732E+02  0.7808784E+01  0.1134729E+02
Si  0.1787766E+02  0.1539668E+02  0.1822535E+02
Si  0.1164081E+02  0.1506110E+02  0.8665580E+01
Si  0.1361596E+02  0.1707803E+02  0.1733828E+02
Si  0.1053240E+02  0.1973774E+02  0.1356705E+02
Si  0.1844936E+02  0.2622003E+01  0.1677634E+02
Si  0.2265685E+02  0.9453330E+01  0.7645199E+01
Si  0.1860403E+02  0.1799294E+02  0.1269816E+02
Si  0.1064653E+02  0.1928037E+02  0.3956963E+01
Si  0.1999901E+02  0.7809261E+01  0.1927563E+02
Si  0.1885713E+02  0.2025290E+02  0.1185829E+02
Si  0.2444398E+02  0.1125222E+02  0.2275384E+01
Si  0.1399933E+02  0.1475088E+02  0.1398644E+02
Si  0.2984939E+02  0.8650945E+01  0.2153887E+02
Si  0.2994208E+02  0.6406197E+00  0.4211498E+01
Si  0.2480031E+02  0.1732481E+01  0.1258983E+02
Si  0.6484172E+02  0.2117059E+02  0.1568046E+02
Si  0.2511149E+01  0.1819377E+01  0.1552451E+02
Si  0.2783860E+01  0.2090080E+02  0.1837700E+02
Si  0.6494526E+02  0.1774151E+01  0.1858208E+02
Si  0.1284363E+01  0.7020521E+00  0.1712905E+02
Si  0.3784916E+01  0.3168400E+01  0.1677436E+02
Si  0.4108155E+01  0.5957531E+00  0.1968758E+02
Si  0.1364868E+01  0.3203699E+01  0.1991145E+02
Si  0.5242799E+01  0.2082638E+02  0.1572146E+02
Si  0.8379260E+01  0.1007461E+01  0.1382743E+02
Si  0.7729405E+01  0.2062004E+02  0.1868129E+02
Si  0.5196222E+01  0.2194608E+01  0.1823836E+02
Si  0.6458402E+01  0.2078149E+00  0.1751607E+02
Si  0.1247050E+02  0.4417857E+01  0.1614059E+02
Si  0.9498173E+01  0.2841199E+01  0.1742651E+02
Si  0.6830599E+01  0.3016245E+01  0.1970075E+02
Si  0.1869511E+02  0.1820320E+02  0.1722719E+02
Si  0.1839291E+02  0.1180676E+01  0.1391918E+02
Si  0.1753281E+02  0.2132982E+02  0.1506145E+00
Si  0.1340086E+02  0.2047220E+02  0.1825271E+02
Si  0.1167115E+02  0.1783102E+02  0.1624683E+02
Si  0.1885769E+02  0.1895755E+02  0.3058327E+01
Si  0.2532666E+02  0.6035577E-01  0.1782491E+02
Si  0.1169997E+02  0.9934595E+01  0.1699127E+02
Si  0.2207317E+02  0.2170724E+02  0.2590557E+01
Si  0.1671861E+02  0.5977251E+01  0.2030861E+02
Si  0.2436645E+02  0.5837948E+01  0.2120267E+01
Si  0.2092414E+02  0.2648899E+01  0.1740505E+02
Si  0.1692309E+02  0.1877606E+02  0.1424328E+02
Si  0.3063309E+02  0.8749803E+01  0.1518683E+02
Si  0.1741499E+02  0.1512456E+02  0.5527833E+01
Si  0.2160754E+02  0.1629002E+01  0.1965674E+02
Si  0.6507983E+02  0.4773489E+01  0.1582774E+02
Si  0.2693794E+01  0.6984946E+01  0.1562490E+02
Si  0.2762501E+01  0.4317391E+01  0.1851611E+02
Si  0.6508193E+02  0.7055756E+01  0.1869711E+02
Si  0.1360102E+01  0.5762608E+01  0.1724866E+02
Si  0.3839968E+01  0.8538726E+01  0.1714215E+02
Si  0.3902575E+01  0.5748585E+01  0.1981400E+02
Si  0.1195161E+01  0.8524021E+01  0.1992888E+02
Si  0.5398444E+01  0.4404965E+01  0.1530945E+02
Si  0.7891297E+01  0.7246693E+01  0.1567061E+02
Si  0.8049124E+01  0.4457757E+01  0.1828340E+02
Si  0.5176795E+01  0.7074134E+01  0.1839787E+02
Si  0.6668151E+01  0.5704073E+01  0.1679384E+02
Si  0.9510397E+01  0.8420366E+01  0.1680102E+02
Si  0.9522142E+01  0.5544776E+01  0.1989146E+02
Si  0.6649830E+01  0.8485780E+01  0.1963063E+02
Si  0.1425946E+02  0.6964410E+01  0.1525180E+02
Si  0.1660232E+02  0.9223484E+01  0.1958963E+02
Si  0.1642438E+02  0.3591837E+01  0.7514521E+01
Si  0.1025995E+02  0.4083956E+01  0.1539390E+02
Si  0.1239134E+02  0.2106568E+01  0.1665563E+02
Si  0.1282349E+02  0.8337504E+01  0.7158401E+01
Si  0.1449421E+02  0.1105506E+01  0.1669659E+02
Si  0.1054056E+02  0.6667206E+01  0.1818711E+02
Si  0.2762332E+02  0.6126822E+01  0.1802500E+02
Si  0.2956041E+02  0.1600654E+02  0.1203388E+02
Si  0.2378931E+02  0.4546060E+01  0.2361533E+00
Si  0.2033583E+02  0.9335299E+01  0.1378659E+02
Si  0.1857617E+02  0.6775080E+00  0.4221383E+01
Si  0.1591687E+02  0.1206098E+02  0.1437145E+02
Si  0.2210478E+02  0.5446172E+01  0.3040075E+01
Si  0.2380485E+02  0.1262327E+02  0.9324119E+01
Si  0.6495798E+02  0.1036670E+02  0.1599855E+02
Si  0.2733954E+01  0.1287792E+02  0.1576366E+02
Si  0.2724694E+01  0.1009209E+02  0.1869087E+02
Si  0.2553452E-01  0.1285307E+02  0.1856576E+02
Si  0.1511746E+01  0.1149610E+02  0.1723588E+02
Si  0.3964818E+01  0.1423739E+02  0.1718745E+02
Si  0.4362848E+01  0.1146503E+02  0.1985435E+02
Si  0.1407687E+01  0.1415841E+02  0.1979898E+02
Si  0.5273070E+01  0.9949269E+01  0.1582996E+02
Si  0.8116178E+01  0.1255763E+02  0.1574544E+02
Si  0.8038319E+01  0.9773622E+01  0.1817187E+02
Si  0.5433429E+01  0.1275669E+02  0.1845640E+02
Si  0.6659863E+01  0.1127725E+02  0.1707916E+02
Si  0.9557677E+01  0.1400949E+02  0.1708405E+02
Si  0.9191287E+01  0.1142452E+02  0.1963288E+02
Si  0.6910257E+01  0.1406288E+02  0.1983594E+02
Si  0.1204530E+02  0.1027361E+02  0.1294594E+02
Si  0.1682502E+02  0.1188687E+02  0.1667457E+02
Si  0.2179076E+02  0.2458748E+01  0.8873387E+01
Si  0.1103936E+02  0.1269851E+02  0.1829726E+02
Si  0.1198653E+02  0.8683788E+01  0.1906821E+02
Si  0.1171892E+02  0.3061006E+01  0.1869552E+02
Si  0.1460902E+02  0.5921958E+01  0.1914030E+02
Si  0.1591579E+02  0.1785331E+02  0.1397189E+01
Si  0.1252790E+02  0.2130265E+02  0.1335335E+02
Si  0.1941076E+02  0.1359583E+02  0.1850925E+02
Si  0.2569188E+02  0.5527080E+01  0.1439924E+02
Si  0.2735732E+02  0.1187900E+02  0.1031399E+02
Si  0.1798697E+02  0.8589778E+01  0.1395686E+02
Si  0.2259620E+02  0.1325132E+02  0.4464181E+01
Si  0.2706415E+02  0.3330535E+01  0.1604448E+02
Si  0.1607572E+02  0.1384117E+02  0.1768548E+02
Si  0.6515385E+02  0.1552766E+02  0.1591148E+02
Si  0.2478114E+01  0.1821063E+02  0.1543104E+02
Si  0.2674358E+01  0.1554773E+02  0.1855729E+02
Si  0.6466281E+02  0.1844975E+02  0.1845797E+02
Si  0.1195366E+01  0.1706226E+02  0.1737948E+02
Si  0.3838875E+01  0.1933201E+02  0.1684640E+02
Si  0.3830747E+01  0.1695631E+02  0.2003776E+02
Si  0.1279593E+01  0.1957214E+02  0.1963473E+02
Si  0.5207846E+01  0.1533927E+02  0.1565477E+02
Si  0.7908181E+01  0.1854634E+02  0.1603744E+02
Si  0.8071471E+01  0.1562480E+02  0.1817742E+02
Si  0.5261881E+01  0.1808538E+02  0.1824786E+02
Si  0.6620001E+01  0.1674979E+02  0.1679492E+02
Si  0.9226977E+01  0.2071894E+02  0.1667864E+02
Si  0.9610829E+01  0.1699743E+02  0.1927295E+02
Si  0.6182469E+01  0.1935192E+02  0.1973299E+02
Si  0.1067908E+02  0.1556895E+02  0.1585326E+02
Si  0.1329091E+02  0.1633095E+02  0.1944325E+02
Si  0.1181987E+02  0.1316519E+02  0.2074835E+02
Si  0.1020479E+02  0.1878204E+02  0.1776750E+02
Si  0.1365944E+02  0.1413266E+02  0.1980818E+02
Si  0.1664030E+02  0.1441783E+02  0.1418433E+02
Si  0.2289596E+02  0.1304066E+02  0.1854530E+01
Si  0.1219893E+02  0.7331129E+00  0.1928674E+02
Si  0.1105335E+02  0.1253920E+02  0.1318150E+02
Si  0.2046704E+02  0.2097344E+02  0.9925221E+01
Si  0.2131771E+02  0.9795489E+01  0.2399806E+01
Si  0.1262720E+02  0.1619739E+02  0.1822452E+01
Si  0.2179668E+02  0.1430616E+02  0.1837189E+02
Si  0.2185077E+02  0.1671847E+02  0.1461942E+02
Si  0.2272169E+02  0.1383302E+02  0.2044115E+02
Si  0.2019855E+02  0.4793744E+01  0.1811469E+02
Si  0.3512726E+02  0.1902817E+02  0.2845259E+01
Si  0.2803420E+02  0.6104172E+01  0.1201031E+02
Si  0.1966533E+02  0.1452180E+02  0.5866002E+01
Si  0.2935068E+02  0.7888432E+01  0.4040241E+01
Si  0.3318790E+02  0.1116057E+01  0.1260273E+01
Si  0.3512702E+02  0.9041380E+01  0.1071802E+02
Si  0.5211949E+02  0.6227082E+01  0.1795417E+02
Si  0.3559778E+02  0.1730312E+01  0.1079066E+02
Si  0.2832278E+02  0.5002529E+01  0.2855256E+01
Si  0.2695739E+02  0.1737396E+02  0.6183864E+01
Si  0.1802372E+02  0.3114103E+00  0.1622853E+02
Si  0.3716345E+02  0.4296951E+01  0.1697946E+02
Si  0.2812526E+02  0.8877305E+01  0.1572596E+02
Si  0.3641384E+02  0.1665361E+02  0.4828902E+01
Si  0.3703973E+02  0.9755231E+00  0.1243666E+02
Si  0.2989180E+02  0.1366596E+02  0.2121931E+02
Si  0.3226858E+02  0.1754236E+02  0.3901044E+01
Si  0.3730494E+02  0.1632913E+02  0.1026018E+02
Si  0.3989319E+02  0.1658297E+02  0.1479518E+02
Si  0.1991255E+02  0.2095969E+02  0.1394341E+02
Si  0.2806269E+02  0.1252559E+02  0.6692168E+00
Si  0.3230888E+02  0.1266900E+02  0.4222015E+01
Si  0.2617505E+02  0.7766896E+01  0.7652402E+01
Si  0.2071345E+02  0.1572771E+02  0.4166892E+01
Si  0.4970613E+02  0.1306388E+02  0.1414760E+02
Si  0.1536865E+02  0.1039924E+02  0.1781996E+02
Si  0.3816993E+02  0.9541836E+01  0.1521786E+02
Si  0.3383516E+02  0.2534572E+01  0.8259805E+01
Si  0.3032696E+02  0.9642427E+01  0.1825483E+02
Si  0.3297084E+02  0.2004251E+02  0.1443553E+02
Si  0.3704362E+02  0.5756960E+01  0.8616732E+01
Si  0.3976174E+02  0.1046542E+02  0.1699253E+02
Si  0.3273941E+02  0.8837933E+01  0.3126284E+01
Si  0.4188010E+02  0.1125123E+02  0.1770901E+02
Si  0.2716281E+02  0.2070396E+02  0.8933927E+01
Si  0.2929515E+02  0.1062147E+02  0.1032269E+02
Si  0.4516207E+02  0.2123523E+02  0.9994316E+01
Si  0.2444303E+02  0.2095039E+02  0.1545091E+02
Si  0.3580709E+02  0.1227875E+01  0.7495458E+01
Si  0.3560356E+02  0.5017202E+01  0.1525929E+02
Si  0.4163389E+02  0.3430512E+01  0.1308199E+02
Si  0.4402119E+02  0.3020795E+01  0.1902900E+02
Si  0.2731004E+02  0.1994993E+02  0.2042464E+02
Si  0.3084670E+02  0.4421931E+01  0.2412924E+01
Si  0.4081369E+02  0.1701641E+02  0.8248384E+01
Si  0.2498927E+02  0.5324367E+01  0.1090208E+02
Si  0.2311363E+02  0.4232531E+01  0.9465042E+01
Si  0.2537313E+02  0.4251545E+01  0.8640178E+01
Si  0.3238334E+02  0.2021157E+02  0.6756060E+01
Si  0.4296932E+02  0.2534453E+01  0.1142163E+01
Si  0.3933741E+02  0.1546288E+02  0.3621333E+00
Si  0.1411562E+02  0.3695703E+01  0.1928272E+02
Si  0.4593403E+02  0.1489304E+02  0.7078873E+01
Si  0.3054912E+02  0.1603980E+02  0.2911931E+01
Si  0.3978691E+02  0.1272115E+02  0.1367083E+02
Si  0.3135202E+02  0.2667981E+01  0.3794271E+01
Si  0.3654009E+02  0.4633751E+00  0.1653952E+02
Si  0.4199248E+02  0.1995497E+02  0.5127918E+01
Si  0.2495487E+02  0.1777231E+02  0.1371405E+02
Si  0.3155800E+02  0.1454233E+02  0.7213239E+01
Si  0.2503896E+02  0.1349649E+02  0.1125847E+02
Si  0.4643432E+02  0.1002270E+02  0.1030493E+02
Si  0.1603000E+02  0.3093772E+01  0.1664264E+02
Si  0.3229527E+02  0.1427011E+02  0.1404869E+02
Si  0.3214489E+02  0.1237913E+02  0.7895988E+01
Si  0.2018241E+02  0.2229222E+01  0.5211488E+01
Si  0.2188989E+02  0.1124619E+02  0.1369496E+02
Si  0.2233939E+02  0.1760524E+02  0.3406681E+01
Si  0.2520322E+02  0.1552222E+02  0.1449055E+02
Si  0.2360085E+02  0.4525816E+01  0.4793595E+01
Si  0.3906238E+02  0.1856721E+02  0.1853756E+02
Si  0.2809288E+02  0.1546120E+02  0.3542327E+01
Si  0.3601850E+02  0.9110685E+01  0.7987100E+01
Si  0.3078029E+02  0.1466423E+02  0.4876284E+01
Si  0.3055093E+02  0.2048423E+02  0.4625722E+00
Si  0.1980611E+02  0.6255918E+01  0.2901690E+01
Si  0.2914156E+02  0.1108621E+02  0.2034076E+01
Si  0.3981192E+02  0.8258720E+01  0.8606192E+01
Si  0.4132477E+02  0.8714021E+01  0.1336381E+02
Si  0.4116596E+02  0.2164629E+02  0.7206270E+01
Si  0.3317319E+02  0.1826041E+02  0.2144586E+02
Si  0.3178499E+02  0.3869184E+01  0.5766757E+01
Si  0.3012970E+02  0.1076960E+02  0.7987866E+01
Si  0.3052145E+02  0.2730790E+01  0.1915645E+02
Si  0.3108432E+02  0.7171909E+00  0.1704760E+02
Si  0.3233397E+02  0.2826539E+01  0.1380320E+02
Si  0.2986370E+02  0.1685834E+02  0.8003269E+01
Si  0.3379937E+02  0.4491228E+00  0.1108515E+02
Si  0.2020648E+02  0.8405976E+01  0.1166950E+02
Si  0.3440217E+02  0.6325371E+01  0.2846509E+01
Si  0.3352505E+02  0.1834251E+01  0.3458824E+01
Si  0.2832526E+02  0.2604521E+01  0.1007637E+02
Si  0.3878692E+02  0.1793956E+02  0.1821989E+01
Si  0.4403382E+02  0.1538454E+02  0.1115211E+02
Si  0.3884407E+02  0.1034961E+02  0.1041260E+02
Si  0.1534453E+02  0.8460035E+01  0.1641296E+02
Si  0.2862178E+02  0.2083944E+02  0.5537535E+01
Si  0.2883309E+02  0.2142891E+02  0.1729605E+02
Si  0.2435251E+02  0.1471970E+02  0.5631373E+01
Si  0.1941401E+02  0.1396445E+02  0.1270913E+02
Si  0.3298883E+02  0.1984846E+02  0.3339812E+01
Si  0.2375878E+02  0.1179510E+02  0.1558611E+02
Si  0.2502505E+02  0.1539415E+02  0.1688047E+02
Si  0.1890718E+02  0.1151072E+02  0.1747393E+02
Si  0.4028333E+02  0.1051644E+02  0.1465911E+02
Si  0.3061377E+02  0.1841087E+02  0.2083843E+02
Si  0.4818939E+02  0.5262060E+01  0.1756385E+02
Si  0.4454187E+02  0.8682689E+01  0.1107078E+02
Si  0.4477405E+02  0.9799681E+01  0.4384255E+01
Si  0.3179895E+02  0.1116516E+02  0.1700752E+02
Si  0.2617059E+02  0.1174311E+02  0.3900809E+01
Si  0.4131793E+02  0.4316158E+01  0.1957252E+02
Si  0.2792540E+02  0.7425588E+01  0.2189354E+01
Si  0.2534482E+02  0.6481798E+01  0.1744437E+02
Si  0.3589299E+02  0.1336771E+02  0.1322219E+02
Si  0.2239451E+02  0.1467268E+01  0.3679931E+00
Si  0.4018906E+02  0.1463547E+02  0.4393665E+01
Si  0.2661219E+02  0.1731829E+02  0.3774754E+01
Si  0.4787581E+02  0.1574109E+02  0.7878149E+01
Si  0.4331946E+02  0.3736896E+00  0.2138244E+02
Si  0.2880062E+02  0.1385322E+02  0.1886051E+02
Si  0.3895924E+02  0.3495073E+01  0.1552639E+02
Si  0.1352382E+02  0.1148950E+02  0.1715462E+02
Si  0.3701303E+02  0.1591205E+02  0.6988885E+01
Si  0.2365488E+02  0.4045160E+01  0.1222979E+02
Si  0.2861118E+02  0.7998752E+01  0.8689641E+01
Si  0.3088283E+02  0.1894192E+02  0.1858220E+02
Si  0.2522267E+02  0.2076579E+02  0.2047319E-01
Si  0.1056067E+02  0.1749761E+02  0.7160276E+01
Si  0.4177960E+02  0.1646950E+02  0.1591944E+02
Si  0.2928267E+02  0.1438674E+02  0.7764234E+01
Si  0.2829930E+02  0.2356619E+01  0.2006845E+02
Si  0.3257559E+02  0.1120177E+02  0.5778598E+01
Si  0.3899348E+02  0.1265312E+00  0.1120145E+02
Si  0.5316175E+02  0.1834913E+02  0.1415386E+02
Si  0.1537903E+02  0.1233927E+02  0.9343246E+01
Si  0.2061183E+02  0.1028835E+01  0.7226557E+01
Si  0.3924159E+02  0.1921719E+02  0.2138570E+02
Si  0.2091808E+02  0.5952572E+01  0.1623324E+02
Si  0.2965716E+02  0.1249033E+02  0.4670255E+01
Si  0.1629076E+02  0.8900847E+01  0.9878175E+01
Si  0.4304325E+02  0.4117687E+00  0.4145896E+01
Si  0.3036661E+02  0.2186693E+01  0.1506512E+02
Si  0.3283566E+02  0.1787728E+02  0.6263913E+01
Si  0.2770407E+02  0.1242495E+01  0.9969579E+00
Si  0.4772772E+02  0.1646003E+02  0.2577147E+01
Si  0.2887869E+02  0.1223769E+02  0.1340719E+02
Si  0.3467861E+02  0.1848539E+02  0.1298119E+02
Si  0.1760523E+02  0.4386826E+01  0.1802644E+02
Si  0.3638288E+02  0.1960969E+01  0.3488141E-01
Si  0.3329341E+02  0.1515846E+02  0.1222074E+02
Si  0.3117279E+02  0.4981133E+01  0.1979330E+02
Si  0.1714292E+02  0.1930998E+02  0.1840508E+02
Si  0.4430566E+02  0.3790110E+01  0.1671944E+02
Si  0.1378928E+02  0.1468462E+02  0.7371542E+01
Si  0.3416345E+02  0.1695815E+02  0.1825364E+02
Si  0.3409537E+02  0.1182541E+02  0.1764061E+02
Si  0.2698673E+02  0.4170969E+01  0.1140180E+02
Si  0.4085702E+02  0.8265611E+01  0.1769215E+02
Si  0.3388518E+02  0.6316324E+01  0.1624071E+02
Si  0.3246596E+02  0.1664009E+02  0.8391707E+01
Si  0.2570996E+02  0.2602695E+01  0.6877969E+01
Si  0.2466742E+02  0.1191931E+02  0.1798916E+02
Si  0.2717187E+02  0.3520483E+01  0.5288877E+01
Si  0.4894669E+02  0.1286408E+02  0.2767445E+01
Si  0.3449462E+02  0.9038084E+01  0.1181911E+00
Si  0.2937127E+02  0.3876345E+01  0.6164911E+01
Si  0.3486754E+02  0.1398142E+02  0.1645668E+02
Si  0.4249139E+02  0.1571924E+02  0.4730141E+01
Si  0.3319543E+02  0.6124559E+01  0.5393074E+01
Si  0.3541028E+02  0.1579152E+02  0.1338406E+02
Si  0.3007177E+02  0.1939841E+02  0.1530457E+02
Si  0.3277103E+02  0.7760520E+01  0.7295342E+01
Si  0.2995849E+02  0.1928463E+02  0.7941078E+01
Si  0.3625916E+02  0.6654449E+01  0.1056776E+02
Si  0.4447900E+02  0.1534722E+02  0.5005638E+00
Si  0.2399765E+02  0.1895209E+01  0.1893858E+02
Si  0.1877339E+02  0.1466005E+01  0.9888570E+01
Si  0.3620136E+02  0.2470306E+01  0.1802569E+02
Si  0.3431848E+02  0.9053961E+01  0.1812145E+02
Si  0.3713640E+02  0.1775147E+02  0.2110282E+02
Si  0.2694385E+02  0.6215455E+01  0.2055300E+02
Si  0.1569615E+02  0.2101828E+02  0.7545287E+01
Si  0.3532562E+02  0.3507919E+01  0.3325696E+01
Si  0.3906433E+02  0.2129767E+02  0.1957705E-01
Si  0.1780161E+02  0.4979995E+01  0.2181066E+01
Si  0.2672610E+02  0.1063939E+02  0.1485409E+02
Si  0.1637187E+02  0.1582253E+02  0.2144976E+02
Si  0.4630118E+02  0.3362287E+01  0.6406686E+01
Si  0.2672406E+02  0.1137330E+02  0.1262444E+02
Si  0.3401666E+02  0.1257062E+02  0.1385467E+02
Si  0.1852075E+02  0.6190740E+01  0.1619225E+02
Si  0.3820043E+02  0.2046107E+02  0.6097506E+01
Si  0.2045856E+02  0.1771414E+02  0.1012822E+02
Si  0.4879730E+02  0.5413912E+01  0.2003495E+02
Si  0.2417356E+02  0.1581032E+02  0.7671890E+01
Si  0.2674510E+02  0.1807296E+02  0.8578263E+01
Si  0.2829778E+02  0.1031161E+02  0.2075623E+02
Si  0.3084012E+02  0.1465159E+02  0.1756026E+02
Si  0.2948659E+02  0.3938022E+01  0.8527195E+01
Si  0.3497595E+02  0.1850867E+02  0.5030293E+01
Si  0.4430671E+02  0.1149464E+02  0.7454734E+01
Si  0.2887700E+02  0.1843702E+02  0.6156175E+01
Si  0.4664294E+02  0.1268153E+02  0.8032490E+01
Si  0.2450337E+02  0.9610181E+01  0.1616569E+02
Si  0.4019778E+02  0.1226734E+02  0.9742657E+01
Si  0.2110925E+02  0.1582363E+02  0.1177872E+02
Si  0.3657392E+02  0.1954206E+02  0.1637615E+02
Si  0.5048411E+02  0.8996917E+00  0.3695211E+01
Si  0.4539366E+02  0.1124885E+02  0.2438266E+01
Si  0.2799228E+02  0.1894478E+02  0.1654637E+02
Si  0.3777697E+02  0.1661769E+02  0.1917269E+02
Si  0.2885819E+02  0.5037542E+01  0.1606145E+02
Si  0.3049845E+02  0.5741803E+01  0.1140783E+02
Si  0.2321253E+02  0.1888953E+02  0.1473004E+02
Si  0.2760212E+02  0.1520588E+02  0.1506528E+02
Si  0.2964655E+02  0.1584372E+02  0.1575808E+02
Si  0.4475960E+02  0.5147356E+01  0.1147813E+02
Si  0.3629196E+02  0.6872296E+01  0.2035692E+02
Si  0.3573281E+02  0.8899037E+01  0.1582779E+02
Si  0.2752871E+02  0.2510404E+01  0.3036599E+01
Si  0.3297947E+02  0.9243606E+01  0.1609300E+02
Si  0.2705373E+02  0.5097897E+00  0.1088453E+02
Si  0.2843143E+02  0.8272750E+01  0.1120462E+02
Si  0.1146359E+02  0.2144381E+02  0.1658262E+02
Si  0.3880395E+02  0.2236683E+00  0.7909017E+01
Si  0.1580463E+02  0.1476031E+02  0.3797411E+01
Si  0.2229368E+02  0.7734130E+01  0.1356122E+02
Si  0.2070954E+02  0.3213490E+01  0.2120813E+02
Si  0.2721918E+02  0.1774628E+02  0.1453858E+02
Si  0.4451644E+02  0.7035623E+01  0.7913334E+01
Si  0.2342849E+02  0.5667016E+01  0.1526660E+02
Si  0.2308470E+02  0.2036947E+02  0.1278512E+02
Si  0.2598472E+02  0.6695975E+01  0.5321935E+01
Si  0.3977454E+02  0.1722379E+02  0.3967403E+01
Si  0.2793204E+02  0.1510451E+02  0.6023022E+01
Si  0.1955027E+02  0.2030932E+02  0.1949679E+02
Si  0.3174207E+02  0.1527185E+02  0.7932454E+00
Si  0.2951931E+02  0.6552442E+01  0.2073207E+02
Si  0.2634294E+02  0.2023447E+02  0.2255045E+01
Si  0.1776957E+02  0.8245170E+01  0.1645053E+02
Si  0.4235066E+02  0.9546793E+01  0.9926189E+01
Si  0.4842096E+02  0.8057250E+01  0.1359939E+02
Si  0.3750372E+02  0.1627049E+02  0.1343043E+01
Si  0.1599055E+02  0.5263072E+01  0.9439808E+01
Si  0.3333286E+02  0.4354312E+01  0.9641219E+01
Si  0.2221632E+02  0.1096533E+02  0.1980439E+02
Si  0.3298066E+02  0.1927758E+01  0.1919551E+02
Si  0.1792268E+02  0.1715001E+02  0.2002984E+02
Si  0.3029543E+02  0.1728786E+01  0.1093059E+02
Si  0.3675792E+02  0.1279444E+02  0.2078714E+02
Si  0.3169720E+02  0.1211697E+02  0.4382934E+00
Si  0.3138993E+02  0.3683086E+01  0.1178101E+02
Si  0.4700073E+02  0.1545371E+01  0.1531306E+02
Si  0.3574146E+02  0.4622843E+01  0.5437648E+01
Si  0.3705850E+02  0.2103649E+02  0.2531319E+01
Si  0.2440731E+02  0.2025478E+02  0.1006168E+02
Si  0.3503808E+02  0.1686306E+02  0.2072202E+00
Si  0.2332448E+02  0.1899627E+02  0.4853137E+01
Si  0.4676981E+02  0.6970283E+01  0.1695870E+02
Si  0.3859589E+02  0.9419042E+01  0.3049245E+01
Si  0.3358162E+02  0.1258782E+02  0.2146876E+01
Si  0.2271922E+02  0.7080517E+01  0.7024057E+01
Si  0.2066257E+02  0.1175092E+02  0.1600616E+02
Si  0.3788210E+02  0.7717923E+01  0.7321251E+01
Si  0.3899767E+02  0.1971535E+02  0.9062696E+01
Si  0.2918700E+02  0.5984114E-01  0.7698158E+01
Si  0.3652290E+02  0.1543025E+02  0.1539074E+02
Si  0.3410141E+02  0.8046798E+01  0.1434924E+02
Si  0.2503242E+02  0.1894105E+02  0.2021558E+02
Si  0.4165071E+02  0.2833885E+00  0.1126631E+02
Si  0.2808744E+02  0.2077879E+02  0.1488935E+02
Si  0.2920147E+02  0.1961024E+02  0.9929195E+01
Si  0.4643090E+02  0.7158187E+01  0.1461410E+02
Si  0.2062606E+02  0.1336434E+02  0.3301895E+01
Si  0.4613753E+02  0.2071770E+02  0.1209311E+02
Si  0.3830287E+02  0.1113202E+02  0.2167655E+02
Si  0.4504896E+02  0.2795614E+01  0.1140007E+02
Si  0.4392697E+02  0.2945301E+00  0.1365627E+02
Si  0.4595624E+02  0.3851603E+01  0.4085419E+01
Si  0.3865724E+02  0.2148613E+02  0.1383170E+02
Si  0.4119861E+02  0.7896885E+01  0.5493131E-01
Si  0.2591770E+02  0.8257795E+01  0.2108200E-01
Si  0.3109554E+02  0.1642063E+02  0.1391478E+02
Si  0.1468168E+02  0.1324051E+02  0.1874412E+01
Si  0.2485480E+02  0.1161726E+02  0.2037038E+02
Si  0.2886315E+02  0.1218144E+02  0.6887117E+01
Si  0.3279259E+02  0.4865847E+01  0.2141423E+02
Si  0.2003074E+02  0.2715184E+00  0.1768538E+02
Si  0.4335733E+02  0.6776511E+01  0.5832711E+01
Si  0.2570980E+02  0.1139397E+02  0.8757860E+01
Si  0.1908003E+02  0.1584795E+02  0.2318150E+01
Si  0.5267085E+02  0.6235905E+01  0.1259201E+00
Si  0.3203606E+02  0.8692444E+01  0.7881378E+00
Si  0.4063284E+02  0.1669411E+02  0.1819806E+02
Si  0.3152735E+02  0.2528075E+01  0.8007790E+01
Si  0.2626814E+02  0.9969843E+01  0.1926073E+02
Si  0.1608349E+02  0.6233734E+01  0.8557880E+00
Si  0.1914145E+02  0.9889396E+01  0.7934913E+01
Si  0.2257718E+02  0.2100742E+02  0.8732709E+01
Si  0.3913325E+02  0.4765011E+01  0.2066817E+02
Si  0.3059250E+02  0.2032501E+02  0.2945790E+01
Si  0.3474760E+02  0.1521407E+02  0.6125694E+01
Si  0.3985295E+02  0.4784844E+01  0.1110579E+02
Si  0.2424403E+02  0.8235951E+01  0.2222914E+01
Si  0.2142960E+02  0.5044823E+01  0.1123323E+02
Si  0.3649227E+02  0.1627698E+01  0.2387528E+01
Si  0.2823792E+02  0.1059505E+02  0.4372081E+01
Si  0.3120042E+02  0.1921823E+02  0.1088693E+02
Si  0.4422241E+02  0.2137096E+01  0.5775316E+01
Si  0.3029778E+02  0.8385745E+01  0.6961374E+01
Si  0.1297993E+02  0.1817295E+02  0.3521737E+00
Si  0.3878811E+02  0.1433864E+02  0.6234269E+01
Si  0.4462336E+02  0.5547016E+01  0.1915801E+02
Si  0.3710969E+02  0.4180183E+00  0.9434920E+01
Si  0.2780177E+02  0.1845981E+02  0.2181064E+01
Si  0.5081379E+02  0.1180166E+01  0.6167004E+01
Si  0.4144990E+02  0.1101079E+01  0.2484077E+01
Si  0.4276982E+02  0.9276003E+01  0.1858609E+02
Si  0.4159340E+02  0.1808961E+02  0.1347867E+02
Si  0.2503712E+02  0.3966047E+01  0.1802485E+02
Si  0.3187257E+02  0.2013873E+02  0.1668644E+02
Si  0.4378886E+02  0.2091864E+02  0.1182754E+02
Si  0.3637224E+02  0.1400955E+02  0.1222259E+01
Si  0.3531880E+02  0.2059347E+02  0.1007098E+02
Si  0.3795255E+02  0.7784305E+01  0.4924318E+01
Si  0.3521003E+02  0.4426696E+01  0.7923398E+01
Si  0.1647291E+02  0.9641880E+00  0.1040123E+02
Si  0.3499093E+02  0.1015616E+02  0.6106583E+01
Si  0.3084830E+02  0.6357320E+01  0.1581558E+02
Si  0.2716724E+02  0.6708496E+01  0.1573425E+02
Si  0.3424916E+02  0.1650405E+02  0.2776315E+01
Si  0.2826983E+02  0.1592515E+02  0.1906316E+02
Si  0.2174386E+02  0.1169306E+02  0.8499734E+01
Si  0.3972405E+02  0.4815956E+01  0.1361238E+02
Si  0.3153490E+02  0.1538375E+02  0.1076382E+02
Si  0.4272804E+02  0.1888962E+02  0.2111164E+02
Si  0.3068336E+02  0.1299447E+02  0.1044366E+02
Si  0.3420891E+02  0.6543569E+01  0.9061176E+01
Si  0.2800995E+02  0.1393795E+01  0.1559056E+02
Si  0.3147934E+02  0.1036198E+02  0.2058477E+02
Si  0.2458601E+02  0.2303838E+01  0.2118953E+02
Si  0.1839504E+02  0.6776582E+01  0.1107297E+02
Si  0.2205243E+02  0.1714680E+02  0.6611861E+01
Si  0.3877281E+02  0.1818788E+02  0.7315026E+01
Si  0.3448929E+02  0.2157546E+02  0.4731869E+01
Si  0.4107393E+02  0.1140000E+02  0.4896491E+01
Si  0.3628675E+02  0.1963765E+02  0.7010453E+00
Si  0.1681354E+02  0.1395918E+02  0.9164793E+01
Si  0.3513468E+02  0.2254808E+00  0.1842113E+02
Si  0.2064085E+02  0.5627414E+01  0.2042599E+02
Si  0.4421687E+02  0.9756090E+01  0.9350728E+00
Si  0.3579754E+02  0.1224957E+02  0.6011284E+01
Si  0.2274289E+02  0.1567185E+02  0.1656117E+02
Si  0.3297975E+02  0.1532973E+02  0.1633551E+02
Si  0.2490648E+02  0.1822808E+02  0.7000263E+01
Si  0.1684460E+02  0.2340230E+01  0.1235792E+02
Si  0.3650347E+02  0.1065340E+02  0.9907781E+01
Si  0.2483804E+02  0.1470360E+02  0.1963951E+01
Si  0.1487550E+02  0.1508717E+02  0.1617844E+02
Si  0.4763284E+02  0.1781390E+02  0.1765589E+02
Si  0.1550002E+02  0.1194689E+02  0.3805293E+01
Si  0.2791225E+02  0.8577798E+01  0.1807772E+02
Si  0.4222095E+02  0.1847325E+02  0.1855135E+02
Si  0.3320760E+02  0.2002741E+02  0.9051318E+01
Si  0.3631257E+02  0.1852577E+02  0.1128221E+02
Si  0.2636921E+02  0.3415778E+01  0.1362483E+02
Si  0.2581788E+02  0.9032621E+01  0.1301036E+02
Si  0.3190951E+02  0.1635375E+02  0.2048163E+02
Si  0.4210548E+02  0.5409933E+01  0.1094685E+02
Si  0.3194563E+02  0.7486291E+01  0.1227119E+02
Si  0.2072309E+02  0.9966847E+01  0.1013215E+02
Si  0.4230371E+02  0.1771828E+02  0.6336186E+01
Si  0.5005720E+02  0.1225993E+02  0.1068029E+02
Si  0.4183974E+02  0.1221334E+01  0.9316424E+01
Si  0.2628724E+02  0.9300545E+01  0.5650708E+01
Si  0.4598556E+02  0.1871677E+02  0.1075149E+02
Si  0.3294906E+02  0.2026291E+02  0.9577262E+00
Si  0.2479307E+02  0.9144671E+01  0.8749511E+01
Si  0.2174892E+02  0.2091944E+02  0.2000239E+02
Si  0.3853963E+02  0.2517648E+01  0.7077741E+01
Si  0.3467031E+02  0.1557287E+02  0.8610580E+01
Si  0.2070403E+02  0.6372073E+01  0.7678764E+01
Si  0.2570753E+02  0.1072950E+01  0.3997159E+01
Si  0.3117072E+02  0.6556514E+00  0.6498776E+01
Si  0.3411098E+02  0.1488882E+02  0.1066460E+01
Si  0.2293378E+02  0.5562194E+00  0.1714452E+02
Si  0.2279764E+02  0.1110206E+02  0.1126790E+02
Si  0.2439390E+02  0.7829834E+01  0.1452572E+02
Si  0.3117425E+02  0.1090174E+02  0.2874732E+01
Si  0.3377910E+02  0.7056003E+01  0.2063734E+02
Si  0.2626638E+02  0.2038415E+02  0.4622057E+01
Si  0.3896693E+02  0.8068400E+01  0.1309236E+02
Si  0.3669162E+02  0.2131479E+02  0.2107218E+02
Si  0.3340905E+02  0.1102194E+01  0.1696116E+02
Si  0.5392930E+02  0.2384946E+01  0.2049058E+01
Si  0.4094159E+02  0.2183655E+01  0.7223932E+01
Si  0.1632472E+02  0.2053422E+02  0.1147682E+02
Si  0.2646630E+02  0.1154799E+02  0.6816899E+01
Si  0.3933737E+02  0.2171432E+02  0.1798317E+02
Si  0.4819090E+02  0.8759405E+01  0.1766287E+02
Si  0.2221578E+02  0.8616268E+01  0.1884668E+02
Si  0.3096030E+02  0.2017827E+02  0.1321809E+02
Si  0.4409270E+02  0.7418466E+01  0.1161476E+01
Si  0.3637519E+02  0.6935509E+01  0.1406710E+02
Si  0.2440708E+02  0.5493405E+01  0.6820340E+01
Si  0.4426148E+02  0.2066272E+02  0.1573672E+02
Si  0.4307297E+02  0.2073773E+02  0.8737679E+01
Si  0.3893305E+02  0.1152067E+01  0.1594169E+02
Si  0.2397420E+02  0.2187006E+01  0.5324664E+01
Si  0.4403691E+02  0.1143785E+02  0.1389986E+02
Si  0.2572027E+02  0.1300892E+01  0.1498592E+02
Si  0.1408828E+02  0.9142920E+01  0.1346897E+02
Si  0.2834416E+02  0.1393169E+02  0.9846246E+01
Si  0.3061094E+02  0.9586162E+01  0.4961645E+01
Si  0.2651932E+02  0.1351688E+02  0.1832580E+02
Si  0.2958249E+02  0.1277458E+01  0.1444346E+00
Si  0.2467395E+02  0.1547623E+02  0.1005972E+02
Si  0.3523671E+02  0.1354213E+02  0.1891755E+02
Si  0.4741202E+02  0.1018584E+02  0.1599916E+02
Si  0.4694708E+02  0.4561868E+01  0.9522010E+01
Si  0.3490420E+02  0.4036081E+01  0.2152662E+02
Si  0.4682049E+02  0.1992257E+02  0.8732058E+01
Si  0.1729347E+02  0.4334126E+01  0.4489531E+01
Si  0.4062395E+02  0.3136019E+01  0.3705871E+01
Si  0.3458325E+02  0.9186468E+00  0.2085200E+02
Si  0.4101162E+02  0.1570688E+02  0.1300789E+02
Si  0.4199242E+02  0.3153320E+01  0.1772058E+02
Si  0.2273012E+02  0.1440946E+00  0.6439096E+01
Si  0.2667489E+02  0.1914038E+02  0.1250999E+02
Si  0.1973479E+02  0.1621109E+02  0.1384838E+02
Si  0.1148998E+02  0.2164736E+02  0.6738335E+01
Si  0.1477713E+02  0.1759687E+02  0.2069875E+02
Si  0.2036815E+02  0.7820889E+01  0.1228014E+01
Si  0.2836794E+02  0.1744599E+02  0.1038453E+02
Si  0.3018625E+02  0.6982229E+00  0.1309778E+02
Si  0.4323342E+02  0.7160965E+01  0.9810099E+01
Si  0.3448621E+02  0.2104845E+02  0.7120388E+01
Si  0.3469181E+02  0.3794142E+01  0.1918832E+02
Si  0.2745896E+02  0.1156118E+02  0.1725508E+02
Si  0.3940812E+02  0.6226720E+01  0.4952443E+01
Si  0.3172180E+02  0.2164726E+02  0.1024017E+02
Si  0.3616535E+02  0.1060879E+02  0.1853554E+02
Si  0.3794366E+02  0.5792321E+01  0.1867151E+02
Si  0.3284650E+02  0.9782440E+01  0.1029279E+02
Si  0.2491497E+02  0.1321678E+02  0.1372605E+02
Si  0.4148894E+02  0.1515955E+02  0.1066269E+02
Si  0.5283178E+02  0.1656738E+01  0.8369488E+01
Si  0.3214093E+02  0.8348853E+01  0.1916879E+02
Si  0.3020240E+02  0.6174258E+01  0.9063099E+01
Si  0.4138936E+02  0.2071927E+02  0.1832128E+02
Si  0.1328139E+02  0.7302839E+01  0.2083696E+02
Si  0.3260109E+02  0.6031234E+01  0.1410890E+02
Si  0.2383234E+02  0.2024642E+02  0.1863655E+02
Si  0.1752983E+02  0.1639516E+02  0.1147743E+02
Si  0.1643881E+02  0.2061268E+01  0.4642245E+01
Si  0.1161798E+02  0.2097886E+02  0.2614212E+01
Si  0.3302591E+02  0.4106816E+01  0.1717641E+02
Si  0.2392751E+02  0.2120385E+02  0.3817641E+01
Si  0.3096786E+02  0.5971539E+01  0.4287086E+01
Si  0.4303666E+02  0.1229868E+02  0.1611563E+02
Si  0.3563411E+02  0.7065718E+01  0.4813079E+01
Si  0.4157423E+02  0.4566711E+01  0.1933308E+01
Si  0.1824802E+02  0.1644866E+02  0.9169453E+01
Si  0.4300128E+02  0.1013253E+02  0.1236433E+02
Si  0.1611522E+02  0.1673400E+02  0.1535681E+02
Si  0.2809350E+02  0.2061414E+02  0.8934577E+00
Si  0.4384229E+02  0.1847094E+02  0.1224006E+02
Si  0.3030209E+02  0.8944458E+01  0.1280863E+02
Si  0.2218157E+02  0.1619702E+02  0.8888643E+01
Si  0.4137520E+02  0.5663523E+01  0.6230190E+01
Si  0.1155522E+02  0.2996064E+01  0.9716243E+01
Si  0.3453885E+02  0.1025126E+02  0.2191378E+01
Si  0.2528355E+02  0.1804441E+02  0.1022816E+02
Si  0.4191773E+02  0.2008764E+02  0.1588560E+02
Si  0.3766796E+02  0.9961586E+01  0.1267984E+02
Si  0.3264270E+02  0.1787412E+02  0.1638528E+02
Si  0.4821163E+02  0.1827429E+00  0.1173804E+02
Si  0.4218408E+02  0.5570220E+01  0.2163967E+02
Si  0.3995996E+02  0.1249867E+01  0.2007841E+02
Si  0.1311002E+02  0.2119958E+01  0.1141950E+02
Si  0.4167033E+02  0.2149576E+02  0.1398110E+02
Si  0.2575062E+02  0.1612185E+02  0.1926843E+02
Si  0.2119035E+02  0.1997267E+02  0.5496449E+01
Si  0.2741123E+02  0.2504216E+00  0.1910461E+02
Si  0.4126522E+02  0.1299543E+02  0.1167401E+02
Si  0.4524246E+02  0.2165492E+02  0.5469189E+01
Si  0.2317640E+02  0.1570338E+02  0.1312789E+02
Si  0.1188230E+02  0.1714031E+02  0.1018125E+02
Si  0.3791237E+02  0.6056137E+01  0.1241468E+02
Si  0.2197270E+02  0.1662124E+02  0.1868557E+02
Si  0.1478854E+02  0.4773188E+01  0.1528631E+02
Si  0.2402990E+02  0.1010383E+02  0.1299977E+00
Si  0.2923228E+02  0.1135923E+02  0.1908758E+02
Si  0.2686246E+02  0.1379121E+02  0.2457716E+01
Si  0.2525091E+02  0.1405535E+02  0.2030207E+02
Si  0.2920246E+02  0.1747885E+02  0.1748052E+02
Si  0.2961073E+02  0.1606975E+02  0.2122154E+02
Si  0.4494530E+02  0.4582885E+01  0.8225207E+01
Si  0.1908032E+02  0.6037957E+01  0.1382751E+02
Si  0.1837934E+02  0.9885122E+01  0.1108597E+02
Si  0.3827577E+02  0.4290841E+01  0.5192013E+01
Si  0.2835161E+02  0.5223363E+01  0.6276528E+00
Si  0.4103392E+02  0.1802662E+02  0.9463428E+00
Si  0.3808421E+02  0.2651925E+01  0.1994449E+02
Si  0.3308458E+02  0.1899196E+02  0.1905596E+02
Si  0.2022340E+02  0.1812499E+02  0.1970379E+02
Si  0.3856985E+02  0.1432787E+02  0.2012702E+02
Si  0.4723121E+02  0.1312310E+02  0.1792575E+02
Si  0.4033936E+02  0.1613581E+01  0.1404153E+02
Si  0.4534184E+02  0.7775347E+01  0.3323575E+01
Si  0.4217125E+02  0.1166268E+02  0.8564693E+01
Si  0.4834255E+02  0.1355535E+01  0.3648418E+00
Si  0.3295900E+02  0.1231459E+02  0.1016872E+02
Si  0.4602728E+02  0.1383253E+02  0.1350973E+02
Si  0.4613775E+02  0.1393798E+01  0.4360078E+00
Si  0.5208676E+02  0.2139461E+02  0.2113120E+02
Si  0.5024064E+02  0.3951578E+01  0.7973455E+01
Si  0.4697121E+02  0.1787273E+02  0.5316608E+00
Si  0.4723421E+02  0.2005954E+02  0.5049241E+01
Si  0.3647201E+02  0.9061377E+01  0.2039693E+02
Si  0.5113804E+02  0.6101807E+01  0.2031150E+02
Si  0.4312331E+02  0.1236885E+02  0.5535340E+01
Si  0.4825583E+02  0.2870559E+01  0.1706041E+02
Si  0.5319148E+02  0.2049017E+02  0.1743455E+01
Si  0.5257044E+02  0.1768982E+00  0.4771078E+01
Si  0.5110407E+02  0.1853395E+02  0.1718070E+02
Si  0.4150521E+02  0.1634701E+02  0.2607902E+01
Si  0.5427790E+02  0.2128990E+02  0.2054281E+02
Si  0.5724976E+02  0.1903160E+01  0.2159068E+02
Si  0.5741825E+02  0.2153488E+02  0.1938578E+01
Si  0.5144324E+02  0.2664143E+01  0.1197919E+01
Si  0.5544795E+02  0.4760342E+00  0.6336795E+00
Si  0.5844976E+02  0.3326476E+01  0.1371474E+01
Si  0.5814402E+02  0.4959104E+00  0.3941546E+01
Si  0.5407467E+02  0.4664773E+01  0.5626837E+01
Si  0.5982466E+02  0.2135565E+02  0.2149421E+02
Si  0.6241035E+02  0.2031679E+01  0.2143346E+02
Si  0.6245682E+02  0.2095503E+02  0.2550665E+01
Si  0.5989886E+02  0.2133433E+01  0.2814278E+01
Si  0.6112469E+02  0.7714285E+00  0.1318112E+01
Si  0.6376340E+02  0.3296694E+01  0.1098908E+01
Si  0.6388670E+02  0.6423596E+00  0.3737762E+01
Si  0.6102895E+02  0.3651735E+01  0.3806876E+01
Si  0.3474461E+02  0.1858437E+02  0.1526044E+02
Si  0.3300503E+02  0.1104320E+02  0.1250803E+02
Si  0.5256023E+02  0.8194551E+01  0.5132364E+01
Si  0.4077240E+02  0.1032742E+02  0.7089351E+01
Si  0.5160980E+02  0.1116894E+02  0.1937517E+02
Si  0.5235686E+02  0.1685423E+02  0.7015522E+00
Si  0.4453816E+02  0.8226291E+01  0.1596977E+02
Si  0.3564789E+02  0.1160122E+01  0.1447410E+02
Si  0.5117761E+02  0.7540750E+01  0.7069162E+01
Si  0.5094353E+02  0.6593303E+01  0.3078481E+01
Si  0.5181181E+02  0.1918823E+02  0.2251746E+00
Si  0.4197869E+02  0.3242481E+01  0.5463463E+01
Si  0.4774631E+02  0.1267008E+02  0.1011469E+02
Si  0.5340047E+02  0.8314918E+01  0.2051928E+02
Si  0.5203977E+02  0.8012493E+01  0.1558588E+01
Si  0.4884023E+02  0.1742160E+02  0.9734101E+01
Si  0.5410181E+02  0.4248035E+01  0.3973727E+00
Si  0.5685217E+02  0.7378692E+01  0.2138274E+02
Si  0.5683272E+02  0.4720958E+01  0.2541949E+01
Si  0.5436588E+02  0.7578644E+01  0.2506719E+01
Si  0.5551816E+02  0.6010233E+01  0.1151546E+01
Si  0.5818438E+02  0.8769312E+01  0.1159579E+01
Si  0.5807899E+02  0.6098232E+01  0.3849561E+01
Si  0.5549820E+02  0.8965146E+01  0.4073398E+01
Si  0.5953209E+02  0.4816262E+01  0.2150052E+02
Si  0.6240788E+02  0.7332397E+01  0.2144835E+02
Si  0.6250657E+02  0.4835660E+01  0.2339100E+01
Si  0.5969999E+02  0.7422878E+01  0.2453332E+01
Si  0.6103228E+02  0.6130462E+01  0.1010821E+01
Si  0.6401686E+02  0.8679051E+01  0.1016642E+01
Si  0.6373757E+02  0.6305729E+01  0.3811629E+01
Si  0.6104992E+02  0.8829329E+01  0.3867947E+01
Si  0.4653888E+02  0.1967136E+00  0.3404526E+01
Si  0.4317246E+02  0.1801840E+02  0.1533164E+02
Si  0.3994113E+02  0.6960277E+01  0.1978518E+02
Si  0.3523524E+02  0.1267281E+02  0.1085486E+02
Si  0.4066391E+02  0.1361875E+02  0.7675769E+01
Si  0.4408596E+02  0.1398995E+02  0.3935056E+01
Si  0.4007985E+02  0.1844711E+02  0.1158948E+02
Si  0.3502044E+02  0.9792702E+01  0.1293308E+02
Si  0.5152895E+02  0.8696464E+01  0.1388451E+02
Si  0.5276131E+02  0.9009375E+01  0.8473947E+01
Si  0.4832325E+02  0.1590427E+01  0.2571371E+01
Si  0.3571340E+02  0.1858490E+02  0.1846665E+02
Si  0.4255166E+02  0.9515206E+01  0.2093620E+02
Si  0.4526868E+02  0.1909588E+02  0.3746995E+01
Si  0.4979366E+02  0.8709281E+01  0.2268991E+00
Si  0.5148654E+02  0.1372747E+02  0.6996763E+00
Si  0.5339045E+02  0.1042236E+02  0.5248675E-01
Si  0.5692263E+02  0.1280646E+02  0.2136277E+02
Si  0.5694694E+02  0.1018190E+02  0.2628851E+01
Si  0.4666021E+02  0.1475742E+02  0.1525390E+01
Si  0.5555071E+02  0.1126441E+02  0.8254611E+00
Si  0.5839875E+02  0.1395469E+02  0.8603539E+00
Si  0.5845744E+02  0.1153309E+02  0.3736277E+01
Si  0.5591831E+02  0.1405727E+02  0.3518225E+01
Si  0.5988521E+02  0.1018869E+02  0.2164044E+02
Si  0.6266474E+02  0.1263785E+02  0.2108089E+02
Si  0.6255049E+02  0.1004879E+02  0.2368027E+01
Si  0.6000711E+02  0.1281232E+02  0.2361889E+01
Si  0.6150498E+02  0.1149539E+02  0.1198374E+01
Si  0.6404061E+02  0.1413945E+02  0.1080787E+01
Si  0.6388518E+02  0.1158665E+02  0.3859481E+01
Si  0.6116591E+02  0.1427313E+02  0.3869668E+01
Si  0.4529737E+02  0.2324104E+01  0.2191669E+01
Si  0.5303715E+02  0.8538411E+01  0.1574835E+02
Si  0.3886807E+02  0.1010855E+02  0.5308729E+01
Si  0.4221226E+02  0.4977578E+01  0.1632454E+02
Si  0.3409108E+02  0.2884787E+01  0.1546192E+02
Si  0.4210118E+02  0.2051260E+02  0.9450401E+00
Si  0.4092247E+02  0.8676299E+01  0.2425039E+01
Si  0.4511634E+02  0.2368997E+01  0.1375429E+02
Si  0.4446994E+02  0.1721760E+02  0.7165224E+01
Si  0.4470441E+02  0.1610307E+02  0.1811146E+02
Si  0.4034198E+02  0.1269806E+02  0.1911836E+02
Si  0.4774744E+02  0.8451090E+01  0.3396645E+01
Si  0.4803116E+02  0.1638066E+02  0.4895624E+01
Si  0.5066394E+02  0.2106656E+02  0.1917483E+01
Si  0.4614723E+02  0.1062586E+02  0.6406317E+01
Si  0.3705309E+02  0.1844703E+02  0.8922848E+01
Si  0.5421903E+02  0.1518955E+02  0.2025277E+00
Si  0.5697676E+02  0.1819184E+02  0.2152016E+02
Si  0.5739625E+02  0.1551392E+02  0.2547013E+01
Si  0.5272923E+02  0.1242782E+02  0.2267716E+01
Si  0.5583660E+02  0.1690660E+02  0.1241612E+01
Si  0.5861412E+02  0.1965921E+02  0.1058374E+01
Si  0.5840653E+02  0.1709777E+02  0.4046341E+01
Si  0.5408444E+02  0.1765801E+02  0.4548699E+01
Si  0.5990830E+02  0.1548377E+02  0.2133803E+02
Si  0.6237415E+02  0.1843853E+02  0.2163621E+02
Si  0.6245197E+02  0.1548950E+02  0.2323251E+01
Si  0.5982593E+02  0.1852894E+02  0.2704591E+01
Si  0.6100255E+02  0.1683818E+02  0.1292452E+01
Si  0.6404500E+02  0.1976943E+02  0.1049893E+01
Si  0.6385659E+02  0.1671992E+02  0.3932248E+01
Si  0.6126834E+02  0.1954887E+02  0.4056129E+01
Si  0.4760559E+02  0.1813197E+01  0.1906931E+02
Si  0.5394528E+02  0.1750785E+01  0.1500505E+02
Si  0.5239293E+02  0.2023442E+02  0.1610577E+02
Si  0.4743616E+02  0.2435537E+01  0.1043458E+02
Si  0.4896570E+02  0.2084870E+02  0.9581604E+01
Si  0.3587111E+02  0.7387708E+01  0.1152376E+01
Si  0.4489555E+02  0.1183889E+01  0.1668686E+02
Si  0.5208770E+02  0.1229282E+02  0.1187949E+02
Si  0.5375934E+02  0.8815768E-01  0.6882579E+01
Si  0.4894382E+02  0.1837005E+02  0.4745772E+01
Si  0.4800250E+02  0.1801699E+02  0.1187814E+02
Si  0.4471610E+02  0.5756889E+01  0.2160148E+02
Si  0.4558409E+02  0.1325930E+02  0.2130771E+02
Si  0.5208739E+02  0.2054280E+02  0.9392735E+01
Si  0.5252772E+02  0.1900238E+02  0.1168208E+02
Si  0.5449704E+02  0.4773602E+01  0.1057389E+02
Si  0.5519741E+02  0.2004765E+02  0.4426853E+01
Si  0.5681810E+02  0.1924206E+01  0.5057135E+01
Si  0.5695891E+02  0.2103208E+02  0.8137598E+01
Si  0.5461788E+02  0.3914311E+00  0.3047417E+01
Si  0.5402082E+02  0.3810116E+01  0.7677504E+01
Si  0.5817804E+02  0.3197217E+01  0.6611047E+01
Si  0.5845340E+02  0.5115813E+00  0.9400697E+01
Si  0.5600588E+02  0.3349234E+01  0.9120010E+01
Si  0.5963285E+02  0.2082766E+02  0.5152465E+01
Si  0.6243781E+02  0.2156159E+01  0.5083829E+01
Si  0.6224841E+02  0.2093103E+02  0.7730982E+01
Si  0.5971075E+02  0.1776095E+01  0.7906392E+01
Si  0.6077469E+02  0.6499274E+00  0.6276006E+01
Si  0.6362607E+02  0.3587744E+01  0.6576448E+01
Si  0.6351669E+02  0.5634504E+00  0.9032155E+01
Si  0.6087979E+02  0.3670911E+01  0.8872571E+01
Si  0.3848163E+02  0.5862588E+01  0.9704790E+00
Si  0.5072418E+02  0.3571006E+01  0.5839025E+01
Si  0.5356730E+02  0.1952524E+02  0.7679991E+01
Si  0.3618606E+02  0.1944960E+02  0.6958235E+01
Si  0.4233511E+02  0.9044171E+01  0.4631946E+01
Si  0.3164528E+02  0.2959765E+01  0.6767121E+00
Si  0.4812271E+02  0.7469360E+01  0.7962038E+01
Si  0.3623382E+02  0.4935971E+01  0.1525038E+01
Si  0.3966570E+02  0.1976501E+02  0.4184590E+01
Si  0.5590819E+02  0.2164160E+02  0.5955130E+01
Si  0.4654560E+02  0.4955849E+01  0.1309807E+02
Si  0.5054219E+02  0.2868667E+01  0.1348691E+02
Si  0.4819598E+02  0.4114673E+01  0.3200707E+01
Si  0.5018347E+02  0.1273904E+02  0.8269286E+01
Si  0.5476120E+02  0.6544834E+01  0.8764964E+01
Si  0.4343600E+02  0.1355275E+02  0.1284584E+02
Si  0.5315828E+02  0.6141879E+01  0.3891795E+01
Si  0.5685959E+02  0.7534191E+01  0.5226232E+01
Si  0.5711056E+02  0.4792390E+01  0.7665068E+01
Si  0.5409708E+02  0.8146805E+01  0.6937298E+01
Si  0.5556610E+02  0.6169957E+01  0.6514772E+01
Si  0.5857005E+02  0.8719212E+01  0.6368883E+01
Si  0.5850601E+02  0.5903273E+01  0.8989087E+01
Si  0.5571424E+02  0.8664691E+01  0.9297598E+01
Si  0.5931863E+02  0.4566712E+01  0.5210250E+01
Si  0.6222078E+02  0.7452685E+01  0.5192483E+01
Si  0.6244763E+02  0.5020682E+01  0.7803086E+01
Si  0.5973522E+02  0.7182759E+01  0.7890517E+01
Si  0.6089414E+02  0.5959716E+01  0.6325030E+01
Si  0.6395539E+02  0.8910628E+01  0.6233711E+01
Si  0.6399249E+02  0.6472424E+01  0.9123321E+01
Si  0.6129977E+02  0.8748358E+01  0.8768082E+01
Si  0.2714693E+02  0.1389804E+01  0.8304307E+01
Si  0.4012194E+02  0.6397858E+01  0.2668821E+01
Si  0.4333908E+02  0.1314168E+02  0.2158473E+02
Si  0.4830061E+02  0.1274666E+02  0.5145264E+01
Si  0.4304868E+02  0.1994954E+02  0.3071558E+01
Si  0.5211985E+02  0.8681411E+01  0.1152376E+02
Si  0.5009121E+02  0.1238198E+02  0.2085660E+02
Si  0.5034261E+02  0.1885956E+02  0.8983153E+01
Si  0.4849821E+02  0.1066902E+02  0.3619123E+01
Si  0.4910660E+02  0.3026145E+01  0.2054976E+02
Si  0.4760549E+02  0.1045492E+02  0.1367121E+02
Si  0.4997876E+02  0.6303091E+01  0.5383593E+01
Si  0.5015005E+02  0.9648694E+01  0.1030928E+02
Si  0.5018560E+02  0.1555254E+02  0.1777141E+01
Si  0.4643624E+02  0.1477722E+02  0.1089794E+02
Si  0.4651240E+02  0.1440366E+02  0.4803536E+01
Si  0.5399286E+02  0.1009693E+02  0.5527456E+01
Si  0.5707782E+02  0.1290384E+02  0.5054310E+01
Si  0.5720468E+02  0.1018222E+02  0.7715473E+01
Si  0.5074213E+02  0.9652467E+01  0.3841278E+01
Si  0.5590258E+02  0.1141797E+02  0.6334512E+01
Si  0.5839436E+02  0.1427929E+02  0.6538619E+01
Si  0.5838820E+02  0.1166962E+02  0.9052365E+01
Si  0.5535097E+02  0.1699443E+02  0.6807625E+01
Si  0.5983827E+02  0.1037837E+02  0.5064977E+01
Si  0.6262363E+02  0.1303576E+02  0.5041458E+01
Si  0.6250917E+02  0.1022305E+02  0.7541324E+01
Si  0.5973491E+02  0.1288912E+02  0.7837784E+01
Si  0.6114501E+02  0.1177925E+02  0.6196156E+01
Si  0.6405528E+02  0.1412747E+02  0.6568915E+01
Si  0.6394472E+02  0.1132064E+02  0.8983914E+01
Si  0.6118124E+02  0.1428175E+02  0.9057731E+01
Si  0.3834275E+02  0.1979293E+02  0.1196210E+02
Si  0.3549163E+02  0.1457302E+02  0.3672779E+01
Si  0.3794389E+02  0.1730499E+02  0.1635298E+02
Si  0.3542817E+02  0.1519392E+02  0.1088612E+02
Si  0.3057226E+02  0.1116117E+02  0.1228302E+02
Si  0.4706909E+02  0.1565486E+02  0.1818082E+02
Si  0.4162887E+02  0.1487798E+02  0.4677945E+00
Si  0.3978607E+02  0.1672342E+02  0.1033344E+02
Si  0.3837601E+02  0.1139696E+02  0.1905324E+02
Si  0.5252371E+02  0.1947119E+02  0.5386478E+01
Si  0.4902863E+02  0.1479467E+02  0.1567316E+02
Si  0.4094378E+02  0.1509221E+02  0.1963655E+02
Si  0.4483448E+02  0.1969507E+02  0.7377361E+01
Si  0.4613191E+02  0.7770301E+01  0.9243569E+01
Si  0.5256327E+02  0.1673901E+02  0.1034017E+02
Si  0.5003920E+02  0.1496721E+02  0.8491968E+01
Si  0.5469688E+02  0.1505107E+02  0.5382612E+01
Si  0.5688274E+02  0.1833572E+02  0.5425088E+01
Si  0.5675686E+02  0.1555427E+02  0.8053986E+01
Si  0.5326697E+02  0.1715618E+02  0.8201969E+01
Si  0.5154963E+02  0.1613746E+02  0.6769553E+01
Si  0.5832234E+02  0.1964025E+02  0.6764603E+01
Si  0.5808637E+02  0.1704252E+02  0.9206238E+01
Si  0.5522699E+02  0.1977897E+02  0.9469685E+01
Si  0.5980904E+02  0.1553270E+02  0.5101413E+01
Si  0.6257270E+02  0.1811152E+02  0.5378424E+01
Si  0.6259718E+02  0.1576040E+02  0.7837747E+01
Si  0.5975591E+02  0.1802853E+02  0.7867574E+01
Si  0.6098647E+02  0.1698628E+02  0.6441073E+01
Si  0.6394388E+02  0.1961542E+02  0.6520846E+01
Si  0.6409570E+02  0.1713672E+02  0.8981507E+01
Si  0.6094651E+02  0.1952665E+02  0.9319447E+01
Si  0.4546101E+02  0.6102334E+01  0.4995773E+01
Si  0.4594595E+02  0.1917076E+02  0.1878866E+02
Si  0.5084481E+02  0.1189792E+00  0.1919306E+02
Si  0.3258494E+02  0.1764463E+02  0.1209164E+02
Si  0.4911387E+02  0.1943341E+02  0.2461426E+01
Si  0.4931691E+02  0.1491945E+02  0.2112099E+02
Si  0.4878030E+02  0.5572849E+01  0.1345130E+02
Si  0.4793264E+02  0.2114247E+02  0.1647646E+02
Si  0.4827932E+02  0.8960004E+01  0.1129574E+02
Si  0.4906239E+02  0.1819025E+02  0.1564797E+02
Si  0.5208613E+02  0.3466330E+01  0.1537349E+02
Si  0.4220055E+02  0.8093006E+01  0.1565414E+02
Si  0.5158532E+02  0.5927067E+01  0.1305456E+02
Si  0.4966183E+02  0.6158462E+01  0.1133260E+02
Si  0.5438674E+02  0.3271558E+01  0.1242477E+02
Si  0.5239456E+02  0.4423322E+01  0.9410998E+01
Si  0.5398322E+02  0.2099040E+02  0.1100293E+02
Si  0.5726912E+02  0.2051964E+01  0.1084259E+02
Si  0.5686736E+02  0.2111651E+02  0.1311516E+02
Si  0.5045703E+02  0.4989850E+01  0.1509554E+02
Si  0.5553602E+02  0.8632668E+00  0.1194471E+02
Si  0.5832615E+02  0.3580576E+01  0.1210412E+02
Si  0.5803735E+02  0.6689722E+00  0.1451607E+02
Si  0.5559173E+02  0.3398946E+01  0.1462421E+02
Si  0.5969564E+02  0.2087426E+02  0.1062323E+02
Si  0.6233281E+02  0.2228132E+01  0.1030995E+02
Si  0.6232475E+02  0.2115525E+02  0.1304442E+02
Si  0.5951551E+02  0.2018766E+01  0.1339101E+02
Si  0.6114821E+02  0.7578420E+00  0.1199788E+02
Si  0.6376201E+02  0.3532269E+01  0.1177953E+02
Si  0.6357384E+02  0.7261581E+00  0.1457991E+02
Si  0.6112910E+02  0.3293321E+01  0.1468084E+02
Si  0.4073221E+02  0.6080197E+01  0.8457101E+01
Si  0.4984425E+02  0.1112972E+02  0.1595436E+02
Si  0.4934531E+02  0.1453655E+02  0.1784194E+02
Si  0.4924535E+02  0.1655812E+02  0.1391811E+02
Si  0.4690782E+02  0.6244043E+01  0.1109626E+02
Si  0.5307842E+02  0.1452547E+02  0.1275922E+02
Si  0.4160984E+02  0.1170655E+02  0.2099946E+02
Si  0.3481919E+02  0.5289196E+01  0.1288131E+02
Si  0.4853819E+02  0.4607666E+01  0.5472272E+01
Si  0.5432887E+02  0.9510423E+01  0.1087423E+02
Si  0.5113894E+02  0.4107146E+01  0.1149549E+02
Si  0.4192685E+02  0.1083862E+02  0.2593485E+01
Si  0.5292048E+02  0.1117792E+02  0.9801014E+01
Si  0.5301696E+02  0.1177309E+02  0.1480313E+02
Si  0.5363235E+02  0.6632065E+01  0.1449420E+02
Si  0.5071512E+02  0.1264534E+02  0.1756206E+02
Si  0.5340938E+02  0.1695519E+01  0.1071299E+02
Si  0.5751373E+02  0.7535943E+01  0.1048983E+02
Si  0.5684123E+02  0.5044528E+01  0.1340995E+02
Si  0.5459380E+02  0.8060835E+01  0.1280817E+02
Si  0.5588590E+02  0.6469411E+01  0.1186484E+02
Si  0.5891907E+02  0.8805152E+01  0.1178785E+02
Si  0.5852514E+02  0.6064771E+01  0.1469126E+02
Si  0.5620591E+02  0.8770273E+01  0.1438922E+02
Si  0.5977707E+02  0.4823511E+01  0.1062876E+02
Si  0.6243047E+02  0.7574695E+01  0.1047101E+02
Si  0.6227910E+02  0.4846899E+01  0.1336068E+02
Si  0.6009817E+02  0.7624654E+01  0.1331638E+02
Si  0.6121828E+02  0.6213214E+01  0.1185552E+02
Si  0.6374187E+02  0.8749665E+01  0.1196716E+02
Si  0.6383925E+02  0.6228950E+01  0.1452941E+02
Si  0.6145126E+02  0.8892405E+01  0.1467642E+02
Si  0.3691431E+02  0.4660698E+00  0.5321114E+01
Si  0.3743920E+02  0.1297166E+02  0.3397452E+01
Si  0.5472366E+02  0.1349788E+02  0.1684571E+01
Si  0.3756856E+02  0.2031838E+02  0.1906563E+02
Si  0.5248701E+02  0.1670291E+02  0.1752703E+02
Si  0.4641987E+02  0.9688180E+01  0.1930585E+02
Si  0.3492472E+02  0.9108197E+01  0.4129773E+01
Si  0.3691840E+02  0.1122913E+02  0.1951509E+01
Si  0.5039302E+02  0.1568085E+02  0.1070059E+02
Si  0.4766185E+02  0.7117990E+01  0.5789554E+01
Si  0.5106745E+02  0.1110683E+02  0.1372845E+02
Si  0.3608881E+02  0.1555648E+02  0.1788402E+02
Si  0.4182593E+02  0.1438872E+02  0.1445299E+02
Si  0.5346715E+02  0.1620497E+02  0.1449041E+02
Si  0.5478127E+02  0.1028439E+02  0.1558217E+02
Si  0.4849821E+02  0.1133706E+02  0.7005990E+01
Si  0.5441734E+02  0.1213219E+02  0.8280094E+01
Si  0.5675641E+02  0.1301860E+02  0.1040755E+02
Si  0.5732200E+02  0.1002188E+02  0.1299311E+02
Si  0.5465266E+02  0.1285980E+02  0.1343114E+02
Si  0.5498191E+02  0.1414666E+02  0.9052705E+01
Si  0.5853268E+02  0.1400836E+02  0.1169568E+02
Si  0.5843172E+02  0.1151880E+02  0.1462526E+02
Si  0.5552121E+02  0.1132968E+02  0.1183257E+02
Si  0.6001623E+02  0.1010337E+02  0.1009689E+02
Si  0.6262428E+02  0.1290481E+02  0.1015064E+02
Si  0.6236108E+02  0.1028389E+02  0.1310378E+02
Si  0.6001663E+02  0.1263968E+02  0.1296725E+02
Si  0.6128968E+02  0.1154468E+02  0.1144954E+02
Si  0.6378513E+02  0.1438709E+02  0.1167381E+02
Si  0.6396419E+02  0.1165206E+02  0.1450876E+02
Si  0.6116685E+02  0.1392646E+02  0.1458571E+02
Si  0.3093984E+02  0.1290595E+02  0.1575215E+02
Si  0.4269338E+02  0.1444454E+02  0.6735545E+01
Si  0.3941402E+02  0.2134899E+02  0.2181048E+01
Si  0.4041751E+02  0.8481261E+01  0.1104703E+02
Si  0.4552075E+02  0.1921782E+02  0.1403058E+02
Si  0.4360537E+02  0.4135185E+01  0.1434268E+02
Si  0.4468887E+02  0.1371863E+02  0.1734216E+02
Si  0.4337222E+02  0.3540998E+01  0.9819802E+01
Si  0.5070844E+02  0.1851146E+02  0.6499995E+01
Si  0.5345445E+02  0.1239110E+02  0.4610020E+01
Si  0.4889804E+02  0.2152766E+02  0.2011059E+02
Si  0.4763911E+02  0.1187642E+02  0.2004545E+02
Si  0.4909208E+02  0.2000283E+02  0.1272455E+02
Si  0.4694188E+02  0.1795470E+02  0.7381874E+01
Si  0.5438621E+02  0.1536268E+02  0.1647182E+02
Si  0.4708398E+02  0.1590126E+02  0.1309012E+02
Si  0.5423671E+02  0.1537218E+02  0.1095622E+02
Si  0.5676081E+02  0.1832498E+02  0.1066816E+02
Si  0.5725580E+02  0.1516450E+02  0.1320852E+02
Si  0.4770797E+02  0.1968460E+02  0.1450697E+02
Si  0.5587827E+02  0.1658172E+02  0.1195336E+02
Si  0.5826332E+02  0.1969845E+02  0.1195263E+02
Si  0.5831962E+02  0.1703261E+02  0.1441399E+02
Si  0.5535828E+02  0.1944008E+02  0.1417431E+02
Si  0.5986356E+02  0.1553747E+02  0.1035025E+02
Si  0.6237031E+02  0.1820720E+02  0.1040509E+02
Si  0.6248785E+02  0.1556222E+02  0.1325940E+02
Si  0.5988468E+02  0.1853522E+02  0.1341674E+02
Si  0.6106951E+02  0.1693250E+02  0.1209918E+02
Si  0.6339029E+02  0.1973028E+02  0.1193833E+02
Si  0.6396160E+02  0.1711841E+02  0.1442636E+02
Si  0.6095678E+02  0.2019703E+02  0.1465481E+02
Si  0.4984126E+02  0.2673415E+01  0.9888376E+01
Si  0.5141990E+02  0.2010474E+02  0.1377037E+02
Si  0.4663877E+02  0.1460744E+02  0.1587912E+02
Si  0.4514417E+02  0.2081132E+02  0.7112043E+00
Si  0.5102527E+02  0.1206756E+02  0.4022020E+01
Si  0.4539746E+02  0.1246875E+01  0.1980441E+02
Si  0.5527723E+02  0.3363406E+01  0.3729672E+01
Si  0.4496533E+02  0.1887936E+02  0.2104599E+02
Si  0.4472638E+02  0.1645130E+02  0.1325954E+02
Si  0.4754469E+02  0.2398545E+01  0.1292858E+02
Si  0.5039368E+02  0.2147047E+02  0.1682876E+02
Si  0.5056569E+02  0.7805266E+00  0.8463420E+01
Si  0.4972523E+02  0.1923298E+02  0.2096918E+02
Si  0.5257819E+02  0.1638896E+01  0.1311511E+02
Si  0.5402787E+02  0.1820707E+02  0.2135673E+01
Si  0.4177092E+02  0.5751887E+01  0.1423381E+02
Si  0.5452454E+02  0.2134607E+02  0.1554082E+02
Si  0.5683920E+02  0.1860450E+01  0.1621562E+02
Si  0.5715634E+02  0.2070997E+02  0.1874756E+02
Si  0.5422065E+02  0.1738478E+01  0.1916437E+02
Si  0.5564987E+02  0.4514829E+00  0.1760391E+02
Si  0.5805951E+02  0.3359486E+01  0.1743074E+02
Si  0.5848867E+02  0.6466387E+00  0.2003941E+02
Si  0.5559839E+02  0.3284042E+01  0.2018047E+02
Si  0.5938311E+02  0.2116625E+02  0.1613167E+02
Si  0.6223142E+02  0.1900240E+01  0.1603759E+02
Si  0.6219661E+02  0.2084746E+02  0.1883360E+02
Si  0.5939040E+02  0.2039088E+01  0.1858913E+02
Si  0.6091882E+02  0.5997653E+00  0.1746832E+02
Si  0.6371596E+02  0.3185206E+01  0.1742884E+02
Si  0.6365463E+02  0.5933619E+00  0.2011774E+02
Si  0.6070006E+02  0.3341248E+01  0.2019469E+02
Si  0.3186841E+02  0.6158960E+01  0.1785775E+02
Si  0.4515197E+02  0.1641192E+02  0.2032773E+02
Si  0.3838550E+02  0.2096025E+01  0.4193778E+01
Si  0.4579465E+02  0.1727938E+02  0.5096756E+01
Si  0.4976229E+02  0.8343409E+01  0.1565462E+02
Si  0.4025575E+02  0.1163492E+02  0.1174233E+01
Si  0.4631768E+02  0.2146297E+02  0.1809867E+02
Si  0.5137894E+02  0.1032503E+02  0.1550140E+01
Si  0.3808229E+02  0.8318972E+01  0.4391037E+00
Si  0.5039416E+02  0.2122129E+01  0.1686427E+02
Si  0.5292076E+02  0.4266256E+01  0.1735132E+02
Si  0.5233496E+02  0.6882871E+01  0.9704411E+01
Si  0.5012521E+02  0.6326375E+01  0.1668264E+02
Si  0.5214939E+02  0.2186317E+01  0.1849149E+02
Si  0.4905963E+02  0.5919814E+01  0.2140341E+01
Si  0.5144821E+02  0.3612761E+01  0.2054342E+02
Si  0.5476343E+02  0.5200735E+01  0.1608337E+02
Si  0.5744069E+02  0.7503759E+01  0.1610433E+02
Si  0.5649342E+02  0.4933500E+01  0.1873313E+02
Si  0.5364189E+02  0.7954479E+01  0.1824968E+02
Si  0.5569276E+02  0.6909113E+01  0.1741990E+02
Si  0.5860104E+02  0.9004412E+01  0.1746079E+02
Si  0.5821279E+02  0.6151159E+01  0.1996615E+02
Si  0.5562250E+02  0.8654598E+01  0.1987853E+02
Si  0.5965306E+02  0.4604095E+01  0.1589304E+02
Si  0.6250763E+02  0.7478685E+01  0.1619645E+02
Si  0.6196675E+02  0.4514188E+01  0.1870011E+02
Si  0.5946809E+02  0.7487132E+01  0.1881984E+02
Si  0.6062652E+02  0.6101292E+01  0.1732357E+02
Si  0.6393899E+02  0.8697748E+01  0.1745262E+02
Si  0.6362291E+02  0.5693965E+01  0.1996168E+02
Si  0.6104824E+02  0.8730835E+01  0.2021099E+02
Si  0.4228866E+02  0.6242165E+01  0.1829176E+02
Si  0.4711454E+02  0.1590204E+02  0.2135216E+02
Si  0.3953354E+02  0.1369784E+02  0.2200891E+01
Si  0.4341976E+02  0.1241647E+02  0.2195409E+01
Si  0.4128265E+02  0.1975796E+02  0.9994045E+01
Si  0.3272539E+02  0.1441980E+02  0.1885565E+02
Si  0.4484588E+02  0.7892547E+01  0.1832352E+02
Si  0.3882155E+02  0.4315769E+01  0.9023770E+01
Si  0.4959676E+02  0.9262786E+01  0.7956900E+01
Si  0.5072219E+02  0.1472791E+02  0.1290051E+02
Si  0.3747661E+02  0.1172122E+02  0.1406439E+02
Si  0.3799606E+02  0.1225228E+02  0.5478988E+01
Si  0.5285147E+02  0.1348018E+02  0.1659255E+02
Si  0.4502904E+02  0.1071164E+02  0.1605784E+02
Si  0.5304936E+02  0.1266985E+02  0.2082982E+02
Si  0.4597200E+02  0.8827453E+01  0.2156790E+02
Si  0.5111399E+02  0.8809472E+01  0.1995925E+02
Si  0.5732372E+02  0.1284041E+02  0.1624593E+02
Si  0.5722390E+02  0.1023823E+02  0.1877002E+02
Si  0.4886171E+02  0.9711061E+01  0.1984830E+02
Si  0.5589316E+02  0.1159141E+02  0.1748485E+02
Si  0.5851200E+02  0.1431766E+02  0.1756813E+02
Si  0.5852576E+02  0.1167644E+02  0.2006934E+02
Si  0.5523126E+02  0.1417551E+02  0.2007112E+02
Si  0.5980604E+02  0.1020052E+02  0.1599436E+02
Si  0.6262604E+02  0.1290253E+02  0.1587586E+02
Si  0.6233842E+02  0.1011057E+02  0.1878643E+02
Si  0.5979700E+02  0.1292274E+02  0.1867505E+02
Si  0.6129101E+02  0.1155211E+02  0.1735275E+02
Si  0.6377516E+02  0.1423621E+02  0.1732643E+02
Si  0.6383457E+02  0.1140639E+02  0.1985624E+02
Si  0.6128036E+02  0.1422002E+02  0.1996550E+02
Si  0.4716868E+02  0.1235562E+02  0.1418664E+01
Si  0.5244715E+02  0.1262087E+02  0.7149084E+01
Si  0.4728415E+02  0.5381234E+01  0.1956065E+00
Si  0.5243921E+02  0.1443410E+02  0.5327109E+01
Si  0.4938036E+02  0.1758137E+02  0.1095613E+01
Si  0.4431920E+02  0.1824572E+02  0.1760779E+02
Si  0.5048760E+02  0.3236397E+01  0.3406892E+01
Si  0.4896232E+02  0.5442921E+01  0.9023127E+01
Si  0.4636194E+02  0.1189035E+02  0.1189551E+02
Si  0.5403095E+02  0.1256675E+02  0.1859317E+02
Si  0.5593786E+02  0.1413521E+02  0.1484583E+02
Si  0.4670801E+02  0.1990027E+02  0.2076321E+01
Si  0.5050187E+02  0.1600116E+02  0.1908938E+02
Si  0.5420266E+02  0.1832826E+02  0.1840931E+02
Si  0.4763640E+02  0.7665862E+01  0.1123030E+01
Si  0.4301598E+02  0.1573524E+02  0.8737189E+01
Si  0.5704950E+02  0.1562825E+02  0.1905422E+02
Si  0.5681787E+02  0.1833414E+02  0.1579084E+02
Si  0.5571858E+02  0.1680818E+02  0.1753002E+02
Si  0.5263419E+02  0.1685108E+02  0.1991929E+02
Si  0.4953855E+02  0.1810745E+02  0.1901519E+02
Si  0.5829509E+02  0.1945155E+02  0.1731202E+02
Si  0.5845851E+02  0.1697345E+02  0.2029029E+02
Si  0.5541858E+02  0.1947789E+02  0.2013159E+02
Si  0.5949911E+02  0.1547503E+02  0.1593329E+02
Si  0.6229469E+02  0.1843809E+02  0.1579825E+02
Si  0.6253331E+02  0.1552948E+02  0.1858311E+02
Si  0.5965802E+02  0.1822144E+02  0.1866747E+02
Si  0.6107103E+02  0.1673556E+02  0.1718474E+02
Si  0.6353451E+02  0.1982765E+02  0.1733648E+02
Si  0.6366699E+02  0.1686357E+02  0.2026344E+02
Si  0.6083063E+02  0.1947898E+02  0.2027556E+02
