         
  0.6515772E+02  0.0000000E+00  0.2171924E+02
  0.0000000E+00  0.0000000E+00  0.2171924E+02
  0.6492947E+02  0.2068754E+02  0.1290070E+01
  0.2719940E+01  0.1579332E+01  0.9509833E+00
  0.2533055E+01  0.2061816E+02  0.3902379E+01
  0.6494313E+02  0.1357617E+01  0.3769556E+01
  0.1340437E+01  0.2391885E+00  0.2610617E+01
  0.3783606E+01  0.3144611E+01  0.2300635E+01
  0.4230268E+01  0.2167475E+00  0.5126673E+01
  0.1266064E+01  0.2842920E+01  0.5123002E+01
  0.5763211E+01  0.2058624E+02  0.1328298E+01
  0.8311855E+01  0.1772713E+01  0.1305807E+01
  0.7643474E+01  0.2114626E+02  0.4387805E+01
  0.5138732E+01  0.1949883E+01  0.3666815E+01
  0.6664912E+01  0.7831706E+00  0.2536310E+01
  0.7793785E+01  0.1021377E+02  0.2084252E+02
  0.7985318E+01  0.1903517E+01  0.7415151E+01
  0.6488477E+01  0.2671801E+01  0.5692182E+01
  0.1540914E+02  0.3343772E+01  0.6778715E+01
  0.2728575E+02  0.6058398E+01  0.1611989E+02
  0.1028663E+02  0.2867948E+00  0.1851395E+02
  0.1890289E+02  0.1139246E+02  0.1987076E+02
  0.1338577E+02  0.5743008E+00  0.1135997E+02
  0.3468962E+02  0.3499609E+01  0.1172117E+01
  0.9450682E+01  0.8181204E+01  0.8479910E+01
  0.3563037E+02  0.8999166E+00  0.3762662E+01
  0.1690689E+02  0.2067290E+02  0.1319821E+02
  0.1100590E+02  0.1256717E+02  0.1437947E+02
  0.3126765E+02  0.1434328E+02  0.1766617E+02
  0.1173054E+02  0.1886932E+02  0.1139925E+02
  0.2155384E+02  0.2169805E+02  0.1415285E+02
  0.3228085E+02  0.7257378E+01  0.8910667E+01
  0.1108753E+02  0.2167319E+02  0.4269261E+01
  0.3588148E+02  0.5477047E+01  0.3501010E+01
  0.2899968E-01  0.4201981E+01  0.1003252E+01
  0.2645827E+01  0.6809956E+01  0.1255512E+01
  0.2659652E+01  0.4357321E+01  0.4090182E+01
  0.6508139E+02  0.6908204E+01  0.3930749E+01
  0.1280946E+01  0.5653506E+01  0.2454876E+01
  0.4248528E+01  0.8237619E+01  0.2499403E+01
  0.4039787E+01  0.5699018E+01  0.5264298E+01
  0.1553641E+01  0.8089786E+01  0.5189877E+01
  0.5492498E+01  0.4391558E+01  0.1149759E+01
  0.6891887E+01  0.5634006E+01  0.2486615E+01
  0.9165650E+01  0.5058322E+01  0.5686766E+01
  0.5397053E+01  0.6779896E+01  0.3713254E+01
  0.8547816E+01  0.3173367E+01  0.4414037E+01
  0.1018994E+02  0.6594303E+01  0.4098975E+01
  0.9471191E+01  0.3656641E+01  0.7889279E+01
  0.8085114E+01  0.9664034E+01  0.4132153E+01
  0.1346414E+02  0.1250865E+02  0.8285440E+01
  0.3284225E+02  0.9448932E+01  0.1248421E+02
  0.3124623E+02  0.1172991E+02  0.8200062E+01
  0.1485307E+02  0.6638402E+01  0.1762165E+01
  0.2211777E+02  0.1458331E+02  0.5389528E+01
  0.1127080E+02  0.6913446E+01  0.9367017E+01
  0.2060011E+02  0.7660953E+01  0.6026581E+00
  0.1184343E+02  0.1102000E+02  0.3054656E+01
  0.3696682E+02  0.9949945E+01  0.9179087E+01
  0.1435804E+02  0.6716311E+01  0.1392979E+02
  0.2048162E+02  0.1023014E+02  0.8974041E+01
  0.2543743E+02  0.1474178E+02  0.9348099E+01
  0.1472180E+02  0.1893189E+02  0.6144388E+01
  0.1151439E+02  0.4547897E+01  0.5775608E+01
  0.1080595E+02  0.9545060E+01  0.6966720E+01
  0.1526661E+02  0.1913889E+02  0.1570763E+00
  0.2804619E+00  0.9891653E+01  0.1103470E+01
  0.3139920E+01  0.1262172E+02  0.1138592E+01
  0.2786766E+01  0.9759543E+01  0.4018946E+01
  0.2916854E+00  0.1210130E+02  0.3950356E+01
  0.1939065E+01  0.1107657E+02  0.2465630E+01
  0.4218928E+01  0.1381292E+02  0.2779084E+01
  0.3982311E+01  0.1094526E+02  0.5629823E+01
  0.1407536E+01  0.1350294E+02  0.5460228E+01
  0.5547693E+01  0.9769135E+01  0.1481657E+01
  0.1288128E+02  0.9775027E+01  0.1589827E+02
  0.8103745E+01  0.1231334E+02  0.6890003E+01
  0.5335492E+01  0.1234856E+02  0.4168782E+01
  0.6740990E+01  0.1111886E+02  0.2725369E+01
  0.1019087E+02  0.1448174E+02  0.3212141E+01
  0.1611008E+02  0.1657547E+02  0.2004687E+02
  0.6781261E+01  0.1381572E+02  0.5538829E+01
  0.1041705E+02  0.1560637E+02  0.2154391E+02
  0.2743027E+02  0.1281152E+02  0.2119274E+02
  0.2637565E+02  0.4212051E+01  0.7603446E+01
  0.1114735E+02  0.1515871E+02  0.1798442E+02
  0.1325599E+02  0.7377579E+01  0.1589171E+02
  0.2648379E+02  0.6342732E+01  0.4461217E+01
  0.3104768E+02  0.1636386E+01  0.1062709E+02
  0.2725867E+02  0.6255617E+01  0.6820119E+01
  0.1920847E+02  0.2020125E+02  0.1204443E+02
  0.1971314E+02  0.1927817E+02  0.8681371E+01
  0.1791256E+02  0.1913231E+02  0.2133174E+01
  0.1573707E+02  0.1218985E+02  0.7483966E+01
  0.2602529E+02  0.9274393E+01  0.8222894E+01
  0.2513128E+02  0.5954869E+01  0.1506708E+02
  0.3191470E+02  0.1741159E+02  0.1298010E+02
  0.3634344E+02  0.2919100E+01  0.1821646E+02
  0.9384399E-01  0.1520829E+02  0.1345201E+01
  0.2632163E+01  0.1805973E+02  0.1390602E+01
  0.2884630E+01  0.1513884E+02  0.4216919E+01
  0.6515093E+02  0.1759295E+02  0.3939822E+01
  0.1630452E+01  0.1640277E+02  0.2657854E+01
  0.4070408E+01  0.1936141E+02  0.2516840E+01
  0.4339329E+01  0.1667781E+02  0.5452904E+01
  0.1507083E+01  0.1894694E+02  0.5292609E+01
  0.5444350E+01  0.1498406E+02  0.1043851E+01
  0.1315572E+02  0.1609499E+02  0.2165089E+02
  0.1408800E+02  0.1436896E+02  0.5604240E+01
  0.5437156E+01  0.1815293E+02  0.4005640E+01
  0.6953924E+01  0.1668936E+02  0.2530240E+01
  0.1506503E+02  0.2014286E+02  0.1961241E+02
  0.2701436E+02  0.1738973E+02  0.9075048E+01
  0.6943544E+01  0.1909666E+02  0.5537705E+01
  0.2380670E+02  0.1188178E+02  0.1266001E+01
  0.8560625E+01  0.1783823E+02  0.1289816E+01
  0.1081014E+02  0.1237246E+02  0.9674423E+01
  0.1712101E+02  0.1249442E+02  0.1886258E+02
  0.2259661E+02  0.4429657E+01  0.1400250E+01
  0.1695172E+02  0.1153893E+02  0.1298994E+02
  0.1789332E+02  0.1690573E+02  0.1148465E+02
  0.1126236E+02  0.1943274E+02  0.3717739E+01
  0.2459334E+02  0.3277901E+01  0.1442526E+01
  0.1157793E+02  0.2072414E+02  0.8024919E+01
  0.3131580E+02  0.1056800E+02  0.2143947E+02
  0.1565540E+02  0.1536001E+02  0.4190424E+01
  0.2109031E+02  0.6951909E+00  0.1737713E+02
  0.1738843E+02  0.1098913E+02  0.2377578E+01
  0.2121641E+02  0.2090422E+02  0.6418636E+01
  0.1629434E+02  0.5148248E+01  0.2907409E+01
  0.6493527E+02  0.2039205E+02  0.6794569E+01
  0.2599443E+01  0.1651833E+01  0.6478214E+01
  0.3040192E+01  0.2072768E+02  0.9575328E+01
  0.3445527E+00  0.1114402E+01  0.9513401E+01
  0.1454040E+01  0.2158953E+02  0.7807304E+01
  0.4248333E+01  0.2841780E+01  0.8079371E+01
  0.4460524E+01  0.3963122E+00  0.1096319E+02
  0.1342453E+01  0.2804061E+01  0.1077089E+02
  0.5471759E+01  0.2052345E+02  0.6632890E+01
  0.9933224E+01  0.3262651E+01  0.1355921E+02
  0.8355240E+01  0.1970304E+02  0.8825159E+01
  0.5797208E+01  0.1505376E+01  0.9519022E+01
  0.7153512E+01  0.2154644E+02  0.8317393E+01
  0.1909010E+02  0.7227486E+01  0.2040436E+02
  0.1299004E+02  0.1575501E+02  0.8535412E+01
  0.6929791E+01  0.2909483E+01  0.1088952E+02
  0.3187450E+02  0.1593713E+01  0.1796071E+02
  0.1982034E+02  0.1749483E+02  0.2575543E+01
  0.1740785E+02  0.7758572E+01  0.1726987E+02
  0.2486736E+02  0.9029505E+01  0.2031964E+02
  0.1076998E+02  0.9811999E+01  0.1219087E+02
  0.1459915E+02  0.1230957E+02  0.4410468E+01
  0.1594585E+02  0.1944769E+02  0.8051689E+01
  0.2200490E+02  0.1427809E+02  0.3075502E+01
  0.1357092E+02  0.1407255E+02  0.1310891E+02
  0.2405445E+02  0.1136009E+02  0.1440439E+02
  0.1260106E+02  0.1856275E+02  0.2149948E+00
  0.1168824E+02  0.7492147E+01  0.5863899E+01
  0.1230650E+02  0.8403948E+01  0.2244647E+01
  0.2401574E+02  0.6306845E+01  0.4156762E+01
  0.1997080E+02  0.1991133E+02  0.1489312E+02
  0.1302472E+02  0.2327682E+01  0.9619042E+01
  0.6515543E+02  0.4287994E+01  0.6680497E+01
  0.2689539E+01  0.7012601E+01  0.6683742E+01
  0.2985823E+01  0.4164514E+01  0.9552330E+01
  0.1205908E+00  0.6801156E+01  0.9563958E+01
  0.1597872E+01  0.5502524E+01  0.8092862E+01
  0.4171164E+01  0.8313437E+01  0.8043743E+01
  0.4647404E+01  0.5594434E+01  0.1081368E+02
  0.1449324E+01  0.8110505E+01  0.1087891E+02
  0.5467739E+01  0.4508469E+01  0.6787029E+01
  0.1470340E+02  0.1150573E+01  0.8010225E+01
  0.6855702E+01  0.5679054E+01  0.8120950E+01
  0.5457702E+01  0.7125608E+01  0.9359744E+01
  0.8214985E+01  0.4594300E+01  0.9500751E+01
  0.1499529E+02  0.1188852E+02  0.1590451E+02
  0.1336098E+02  0.1865022E+02  0.1967788E+02
  0.6697037E+01  0.8446513E+01  0.1109538E+02
  0.2836578E+02  0.1078733E+02  0.1058991E+02
  0.8590030E+01  0.1198893E+02  0.8624465E+00
  0.1107917E+02  0.9557240E+01  0.2116375E+02
  0.1083369E+02  0.4522058E+01  0.1160726E+02
  0.1038211E+02  0.1981558E+02  0.5990238E+01
  0.1247447E+02  0.5232129E+01  0.1343113E+02
  0.2330866E+02  0.6579287E+01  0.6517535E+01
  0.2464186E+02  0.1669646E+02  0.1518851E+02
  0.1300331E+02  0.1532612E+02  0.1937368E+02
  0.2097997E+02  0.1940953E+02  0.1546469E+01
  0.1365346E+02  0.2162387E+00  0.4197190E+01
  0.4484271E+02  0.8343403E+01  0.5581053E+01
  0.2501945E+02  0.2001585E+02  0.1160136E+00
  0.1328775E+02  0.1754753E+02  0.1002677E+02
  0.3039348E+02  0.1258960E+01  0.7681215E+01
  0.1246165E+02  0.1078860E+02  0.1362903E+02
  0.3079416E+00  0.9492103E+01  0.6887335E+01
  0.2776176E+01  0.1233735E+02  0.7005704E+01
  0.2940352E+01  0.9454178E+01  0.9550634E+01
  0.3816901E-02  0.1220741E+02  0.9572939E+01
  0.1410339E+01  0.1088910E+02  0.8378992E+01
  0.4296297E+01  0.1383450E+02  0.8169021E+01
  0.4097870E+01  0.1119384E+02  0.1063243E+02
  0.1683896E+01  0.1364149E+02  0.1087719E+02
  0.5314205E+01  0.9527820E+01  0.6463513E+01
  0.1498366E+02  0.7438729E+01  0.8726890E+01
  0.6664640E+01  0.8189905E+01  0.5199540E+01
  0.5687010E+01  0.1236214E+02  0.9289857E+01
  0.6800507E+01  0.1067255E+02  0.7813837E+01
  0.8291333E+01  0.1536381E+02  0.9328715E+01
  0.8005355E+01  0.9589592E+01  0.9510126E+01
  0.6887630E+01  0.1397598E+02  0.1070742E+02
  0.1080273E+02  0.1736491E+02  0.1096716E+01
  0.1851374E+02  0.3011170E+01  0.6536009E+01
  0.1742077E+02  0.1165208E+02  0.1647988E+02
  0.2418011E+02  0.3440427E+01  0.8342065E+01
  0.2130551E+02  0.1095923E+01  0.2159423E+02
  0.1478147E+02  0.4059167E+00  0.2063787E+02
  0.2158013E+02  0.1258444E+02  0.9131934E+01
  0.8236536E+01  0.1526216E+02  0.4017364E+01
  0.2152271E+02  0.1106195E+02  0.2091761E+01
  0.2429551E+02  0.1486248E+02  0.1691633E+02
  0.2750867E+02  0.8564163E+01  0.2291463E+01
  0.2560741E+02  0.1518111E+02  0.1188202E+02
  0.2505751E+02  0.1513289E+02  0.4514920E+01
  0.3701417E+02  0.1432418E+02  0.1670413E+02
  0.3098497E+02  0.1250469E+02  0.1602905E+02
  0.3233812E+02  0.1282302E+02  0.1286543E+02
  0.1012270E+00  0.1484087E+02  0.6943718E+01
  0.2775050E+01  0.1773357E+02  0.6780759E+01
  0.2975735E+01  0.1522416E+02  0.9690066E+01
  0.2776922E+00  0.1752951E+02  0.9596170E+01
  0.1380404E+01  0.1625042E+02  0.8178242E+01
  0.4146679E+01  0.1919016E+02  0.8027364E+01
  0.4181055E+01  0.1668093E+02  0.1082194E+02
  0.1432191E+01  0.1939857E+02  0.1081176E+02
  0.5440627E+01  0.1519083E+02  0.6790043E+01
  0.2068437E+02  0.1613229E+02  0.2092518E+02
  0.1160590E+02  0.1470248E+02  0.1027778E+02
  0.5522938E+01  0.1778920E+02  0.9487761E+01
  0.6775674E+01  0.1667643E+02  0.8079109E+01
  0.8623411E+01  0.1790618E+02  0.6973378E+01
  0.8586831E+01  0.1786394E+02  0.1217351E+02
  0.7131013E+01  0.1908953E+02  0.1073722E+02
  0.1882126E+02  0.1721924E+02  0.1791735E+02
  0.1332921E+02  0.5080176E+01  0.1107850E+02
  0.1318988E+02  0.1064573E+02  0.1866955E+02
  0.1797383E+02  0.2086504E+02  0.9968791E+01
  0.9676466E+01  0.1415730E+02  0.1311811E+02
  0.2369855E+02  0.1576385E+02  0.1916844E+02
  0.2477546E+02  0.2388270E+00  0.1198362E+02
  0.1426137E+02  0.2114366E+02  0.1582467E+02
  0.1280856E+02  0.2587005E+01  0.1710115E+02
  0.1918575E+02  0.1491980E+02  0.1202545E+02
  0.1787306E+02  0.5329698E+01  0.1631418E+02
  0.2056861E+02  0.2107823E+02  0.3245114E+01
  0.1227441E+02  0.9870879E+00  0.7774415E+01
  0.9278244E+01  0.1122259E+02  0.1076355E+02
  0.9455402E+01  0.1368489E+02  0.8144696E+01
  0.2179470E+02  0.1549168E+02  0.1306485E+02
  0.6314052E-01  0.2054662E+02  0.1255785E+02
  0.2900832E+01  0.1880834E+01  0.1217864E+02
  0.3184798E+01  0.2039634E+02  0.1485179E+02
  0.1127392E+00  0.1256517E+01  0.1481221E+02
  0.1753699E+01  0.1507733E+00  0.1358853E+02
  0.4421822E+01  0.2977692E+01  0.1367837E+02
  0.4357937E+01  0.1167486E+00  0.1626868E+02
  0.1436883E+01  0.2588217E+01  0.1631279E+02
  0.5881173E+01  0.2063563E+02  0.1202762E+02
  0.1023953E+02  0.5617017E+00  0.1111612E+02
  0.8510280E+01  0.2035019E+02  0.1485239E+02
  0.5733306E+01  0.1537173E+01  0.1505853E+02
  0.7237869E+01  0.1625790E+00  0.1346452E+02
  0.1154620E+02  0.2716982E+01  0.2025881E+01
  0.1183489E+02  0.1543360E+02  0.1263379E+02
  0.6710728E+01  0.3086664E+01  0.1650334E+02
  0.9742193E+01  0.1937555E+02  0.1324545E+02
  0.2185966E+02  0.1963228E+02  0.4679208E+01
  0.2471203E+02  0.1035940E+02  0.1829918E+02
  0.2114019E+02  0.1637689E+02  0.9190660E+01
  0.1084702E+02  0.1536932E+02  0.7294435E+01
  0.2423443E+02  0.3253775E+01  0.1084612E+02
  0.8616944E+01  0.1712005E+01  0.1213058E+02
  0.1621471E+02  0.7072391E+00  0.1534996E+02
  0.4339101E+02  0.2103638E+02  0.6767254E+01
  0.1863416E+02  0.8433912E+01  0.1316681E+02
  0.1595529E+02  0.1055980E+02  0.5560373E+01
  0.1490985E+02  0.1622449E+02  0.1644867E+02
  0.2940200E+02  0.1969050E+02  0.5029980E+01
  0.2998211E+02  0.1616118E+02  0.8252395E+01
  0.2627390E+02  0.1828101E+01  0.6593319E+00
  0.1515031E+02  0.1789467E+02  0.1832734E+02
  0.6489921E+02  0.4131991E+01  0.1217524E+02
  0.2978077E+01  0.6761575E+01  0.1214133E+02
  0.2592236E+01  0.3944507E+01  0.1481760E+02
  0.6511029E+02  0.6644293E+01  0.1468363E+02
  0.1140953E+01  0.5419943E+01  0.1337084E+02
  0.4031510E+01  0.8442044E+01  0.1366205E+02
  0.3901458E+01  0.5555177E+01  0.1621853E+02
  0.1085800E+01  0.8375070E+01  0.1612480E+02
  0.5855924E+01  0.4252377E+01  0.1228640E+02
  0.8108714E+01  0.7343957E+01  0.1246110E+02
  0.8478486E+01  0.4200285E+01  0.1520669E+02
  0.5412516E+01  0.7142042E+01  0.1520861E+02
  0.7047251E+01  0.5738859E+01  0.1397416E+02
  0.9756942E+01  0.8543255E+01  0.1377509E+02
  0.9599820E+01  0.5537347E+01  0.1037955E+00
  0.6996438E+01  0.8434817E+01  0.1635641E+02
  0.9494268E+01  0.5728759E+01  0.1640085E+02
  0.2249553E+02  0.1623086E+01  0.8190659E+01
  0.1897149E+02  0.7316288E+01  0.2053531E+01
  0.1113630E+02  0.7139760E+01  0.2086094E+02
  0.1712082E+02  0.8630853E+01  0.3151836E+01
  0.2933548E+02  0.2688516E+01  0.1390636E+02
  0.1343818E+02  0.1206854E+02  0.1186078E+02
  0.1596210E+02  0.1217549E+02  0.5835821E+00
  0.8511101E+01  0.3785727E+01  0.2384725E+01
  0.1390544E+02  0.4724880E+01  0.2137639E+02
  0.2354718E+02  0.5079142E+01  0.1661094E+02
  0.1219431E+02  0.1285843E+02  0.1815398E+01
  0.2190127E+02  0.5274671E+01  0.1487831E+02
  0.1100838E+02  0.2185030E+01  0.6383730E+01
  0.1016033E+02  0.8238149E+00  0.2183966E+01
  0.2258751E+02  0.5342183E+01  0.1245799E+02
  0.6693049E-01  0.9465562E+01  0.1240028E+02
  0.2741472E+01  0.1242037E+02  0.1233938E+02
  0.2523215E+01  0.9783192E+01  0.1492529E+02
  0.6503090E+02  0.1246947E+02  0.1519019E+02
  0.1044857E+01  0.1130933E+02  0.1372245E+02
  0.4336001E+01  0.1376838E+02  0.1353087E+02
  0.3818778E+01  0.1106430E+02  0.1635683E+02
  0.1467601E+01  0.1391232E+02  0.1622448E+02
  0.5228538E+01  0.1001389E+02  0.1205391E+02
  0.8175583E+01  0.1251491E+02  0.1215989E+02
  0.8227376E+01  0.9782139E+01  0.1492916E+02
  0.5520473E+01  0.1234720E+02  0.1518125E+02
  0.6792170E+01  0.1115435E+02  0.1371291E+02
  0.1484055E+02  0.9287561E+01  0.7049737E+01
  0.9476691E+01  0.1148630E+02  0.1604371E+02
  0.7015063E+01  0.1409383E+02  0.1613740E+02
  0.1912589E+02  0.7004340E+01  0.8131428E+01
  0.1547072E+02  0.6796963E+01  0.1941755E+02
  0.2406872E+02  0.2097657E+02  0.5958509E+01
  0.1120961E+02  0.1287099E+02  0.1989455E+02
  0.1777112E+02  0.1695147E+01  0.3621539E+01
  0.2412421E+02  0.1266802E+02  0.9738795E+01
  0.1517495E+02  0.6082888E+01  0.4958988E+01
  0.1908942E+02  0.3009294E+01  0.1610717E+02
  0.1682293E+02  0.7372693E+01  0.6585601E+00
  0.3623221E+02  0.2132199E+02  0.2132894E+02
  0.3028368E+02  0.4405825E+01  0.8034956E+01
  0.1959363E+02  0.1041344E+02  0.1204243E+02
  0.3798056E+02  0.1693075E+02  0.1400726E+02
  0.3880033E+02  0.1195744E+02  0.2009669E+02
  0.4579191E+02  0.1431478E+02  0.1873982E+02
  0.1501080E+02  0.3476832E+01  0.1426220E+01
  0.3173898E+00  0.1496451E+02  0.1247845E+02
  0.2920898E+01  0.1812646E+02  0.1193334E+02
  0.3073299E+01  0.1506025E+02  0.1496137E+02
  0.3349233E+00  0.1762382E+02  0.1483262E+02
  0.1937533E+01  0.1639719E+02  0.1346476E+02
  0.4514376E+01  0.1936223E+02  0.1324751E+02
  0.4414668E+01  0.1661104E+02  0.1629992E+02
  0.1626918E+01  0.1927440E+02  0.1625546E+02
  0.5821553E+01  0.1526858E+02  0.1211874E+02
  0.1026951E+02  0.2041743E+02  0.1003715E+02
  0.8483862E+01  0.1542074E+02  0.1485835E+02
  0.5893350E+01  0.1788795E+02  0.1466128E+02
  0.7347441E+01  0.1642112E+02  0.1321671E+02
  0.2365377E+02  0.1906270E+02  0.1499890E+02
  0.1757148E+02  0.1084750E+02  0.1055993E+02
  0.7191813E+01  0.1919698E+02  0.1604565E+02
  0.1527570E+02  0.1463047E+02  0.7667312E+01
  0.2227948E+02  0.1374246E+02  0.1624412E+02
  0.1411957E+02  0.1227031E+02  0.2090993E+02
  0.1732959E+02  0.1549683E+02  0.1664667E+02
  0.2157635E+02  0.1028798E+02  0.1100077E+02
  0.2308794E+02  0.2122474E+02  0.2118907E+02
  0.2409746E+02  0.1642842E+01  0.6651220E+01
  0.1059406E+02  0.1665966E+02  0.1500458E+02
  0.1187586E+02  0.1856984E+02  0.1392841E+02
  0.3153385E+02  0.3425364E+01  0.1479559E+02
  0.1953335E+02  0.3242291E+01  0.2173694E+01
  0.1374893E+02  0.4021390E+01  0.5203423E+01
  0.1203844E+02  0.5011469E+01  0.1954896E+02
  0.1840188E+02  0.9528797E+01  0.7853117E+01
  0.1729434E+02  0.3369330E+01  0.1234435E+01
  0.2081427E+02  0.1887313E+02  0.1091423E+02
  0.6495243E+02  0.2038768E+02  0.1734626E+02
  0.2967331E+01  0.1492300E+01  0.1758007E+02
  0.2593062E+01  0.2074707E+02  0.2013403E+02
  0.1169073E+00  0.1281075E+01  0.2020519E+02
  0.1283317E+01  0.3027879E+00  0.1865685E+02
  0.4344783E+01  0.2949500E+01  0.1902091E+02
  0.4321323E+01  0.1320333E+00  0.2160576E+02
  0.1311674E+01  0.2703630E+01  0.2144355E+02
  0.5689570E+01  0.2046318E+02  0.1748087E+02
  0.1247525E+02  0.8063427E-01  0.1744791E+02
  0.8756459E+01  0.2034483E+02  0.1935968E+02
  0.5723752E+01  0.1397042E+01  0.2020686E+02
  0.6980920E+01  0.2899625E+00  0.1869550E+02
  0.2746841E+02  0.1808885E+02  0.1303388E+02
  0.8546602E+01  0.2176460E+01  0.1776082E+02
  0.7028215E+01  0.3046831E+01  0.2155325E+02
  0.1532561E+02  0.1877169E+02  0.1275310E+02
  0.1291262E+02  0.2882835E+00  0.9391330E+00
  0.4314438E+02  0.1856336E+02  0.9069068E+01
  0.2182475E+02  0.8391222E+01  0.5935357E+01
  0.2577214E+02  0.1141563E+02  0.4276672E+01
  0.1595175E+02  0.1777507E+02  0.4533624E+01
  0.9063623E+01  0.1967554E+02  0.2910530E+01
  0.1106846E+02  0.6644012E+01  0.1473532E+02
  0.1922605E+02  0.8570280E+01  0.5730106E+01
  0.1435968E+02  0.8568033E+01  0.1765246E+02
  0.2803208E+02  0.1606959E+02  0.4664417E+01
  0.3079316E+02  0.4112224E+01  0.3467304E+00
  0.1742478E+02  0.2094026E+02  0.1868586E+02
  0.5281931E+02  0.6342321E+01  0.2166775E+02
  0.1491682E+02  0.4197911E+01  0.1253918E+02
  0.9646812E+01  0.8274078E+01  0.2738669E+01
  0.6505230E+02  0.4005543E+01  0.1754168E+02
  0.2382276E+01  0.6890776E+01  0.1764242E+02
  0.2655807E+01  0.4163284E+01  0.2014776E+02
  0.6502003E+02  0.6852715E+01  0.2027902E+02
  0.1132813E+01  0.5555136E+01  0.1901024E+02
  0.3952633E+01  0.8255977E+01  0.1855838E+02
  0.3867336E+01  0.5626859E+01  0.2142833E+02
  0.1578502E+01  0.8128275E+01  0.2139703E+02
  0.5362724E+01  0.4418066E+01  0.1764774E+02
  0.7953602E+01  0.7201302E+01  0.1765617E+02
  0.8412259E+01  0.4204866E+01  0.2007116E+02
  0.5263388E+01  0.6887536E+01  0.2003773E+02
  0.7004954E+01  0.5737486E+01  0.1883106E+02
  0.8106533E+01  0.7036215E+01  0.6562902E+01
  0.1333305E+02  0.9977870E+01  0.2122691E+02
  0.6839504E+01  0.8111363E+01  0.2159644E+02
  0.2166160E+02  0.2053506E+02  0.1651530E+02
  0.2058205E+02  0.7917201E+01  0.3803750E+01
  0.1179705E+02  0.2503263E+01  0.1470606E+02
  0.1407556E+02  0.1429991E+02  0.1546158E+02
  0.2888399E+02  0.1462898E+02  0.1064505E+02
  0.1202398E+02  0.1342510E+02  0.6662279E+01
  0.1239829E+02  0.6179888E+01  0.1134959E+01
  0.1108562E+02  0.1050457E+02  0.1755324E+02
  0.2736690E+02  0.2035989E+02  0.2450171E+01
  0.2791753E+02  0.8899128E+01  0.1971339E+02
  0.1053746E+02  0.1329033E+02  0.4184395E+00
  0.3765712E+02  0.7765749E+00  0.6601633E+01
  0.2106912E+02  0.1001904E+02  0.1407464E+02
  0.1467524E+02  0.2076012E+02  0.2341568E+01
  0.1651496E+02  0.1129321E+01  0.1045206E+02
  0.2396336E+02  0.1719364E+02  0.5473810E+01
  0.1759369E+00  0.9660517E+01  0.1773214E+02
  0.2767123E+01  0.1251190E+02  0.1770801E+02
  0.3024849E+01  0.9575809E+01  0.2023137E+02
  0.3739059E+00  0.1252894E+02  0.2041280E+02
  0.1582545E+01  0.1079332E+02  0.1917380E+02
  0.4299738E+01  0.1388451E+02  0.1868537E+02
  0.4462324E+01  0.1095110E+02  0.2143641E+02
  0.1657910E+01  0.1405553E+02  0.2167431E+02
  0.5349448E+01  0.9591982E+01  0.1739984E+02
  0.7978173E+01  0.1250402E+02  0.1745733E+02
  0.9652000E+01  0.8640879E+01  0.1841306E+02
  0.5632312E+01  0.1244708E+02  0.2011112E+02
  0.6756248E+01  0.1097774E+02  0.1877611E+02
  0.8321426E+01  0.1518288E+02  0.2045886E+02
  0.1469483E+02  0.8647698E+01  0.3126493E+01
  0.6916964E+01  0.1357730E+02  0.2158670E+02
  0.1201301E+02  0.1919292E+02  0.1774400E+02
  0.1927408E+02  0.1378924E+02  0.3382070E+01
  0.2203245E+02  0.1822674E+02  0.2121447E+02
  0.1267978E+02  0.1082618E+02  0.9803019E+01
  0.1587202E+02  0.4712093E+01  0.1472182E+02
  0.2029047E+02  0.1674306E+01  0.3783409E+01
  0.2231639E+02  0.2257617E+01  0.4999036E+01
  0.3220182E+02  0.1083558E+02  0.3505789E+01
  0.1024702E+02  0.3637394E+01  0.1865619E+02
  0.1797391E+02  0.1326788E+02  0.9957356E+01
  0.2529694E+02  0.2064985E+02  0.1479320E+02
  0.1427289E+02  0.7340977E+01  0.1107934E+02
  0.2648639E+02  0.5382917E+01  0.1278967E+02
  0.1131816E+02  0.6984518E+01  0.1824718E+02
  0.2904963E+02  0.1147038E+01  0.2102777E+02
  0.2382555E+02  0.1072303E+01  0.1409746E+02
  0.4455458E-01  0.1492441E+02  0.1760752E+02
  0.2813153E+01  0.1775177E+02  0.1763647E+02
  0.2920204E+01  0.1514203E+02  0.2020219E+02
  0.1511164E+00  0.1796197E+02  0.2037131E+02
  0.1212157E+01  0.1625922E+02  0.1886980E+02
  0.4105583E+01  0.1927695E+02  0.1888083E+02
  0.3975080E+01  0.1668723E+02  0.2156472E+02
  0.1236779E+01  0.1952552E+02  0.2170445E+02
  0.5775555E+01  0.1527948E+02  0.1792451E+02
  0.8367319E+01  0.1837732E+02  0.1798300E+02
  0.9363424E+01  0.1406155E+02  0.1878745E+02
  0.5362617E+01  0.1805508E+02  0.2054410E+02
  0.7026964E+01  0.1673880E+02  0.1924586E+02
  0.9541763E+01  0.1951637E+02  0.2143281E+02
  0.1334593E+02  0.1904561E+02  0.8230273E+01
  0.7074545E+01  0.1927295E+02  0.2171313E+02
  0.1214388E+02  0.8514494E+01  0.1067776E+02
  0.2130453E+02  0.1277922E+02  0.6661973E+01
  0.1494025E+02  0.1505276E+02  0.1014706E+02
  0.9162687E+01  0.1059809E+01  0.5541232E+01
  0.3102697E+02  0.5119200E+01  0.1980981E+02
  0.2797656E+02  0.2128616E+02  0.1800601E+02
  0.2748480E+02  0.1830128E+02  0.1675730E+02
  0.2169021E+02  0.1848518E+02  0.1772726E+02
  0.1310011E+02  0.1039885E+02  0.7368339E+01
  0.1394181E+02  0.1703350E+02  0.1375298E+02
  0.1154371E+02  0.1467301E+02  0.1565272E+02
  0.1790454E+02  0.1893663E+02  0.5248048E+01
  0.1337404E+02  0.1322743E+02  0.1874099E+02
  0.1887273E+02  0.7387004E+01  0.1530485E+02
  0.2448475E+02  0.1174179E+02  0.6314079E+01
  0.2979204E+02  0.1812472E+02  0.1720499E+02
  0.3910672E+02  0.1432693E+02  0.1144627E+02
  0.3781346E+02  0.1395734E+02  0.4534398E+01
  0.1854187E+02  0.1691605E+02  0.2011959E+02
  0.3064656E+02  0.8758300E+01  0.1315262E+02
  0.3836887E+02  0.9446011E+01  0.1650962E+02
  0.4938031E+02  0.1383693E+02  0.4550371E+01
  0.4939420E+02  0.1171787E+01  0.9772069E+01
  0.3249066E+02  0.2135624E+02  0.1964200E+02
  0.4832404E+02  0.1951561E+02  0.1133482E+01
  0.2922410E+02  0.1910051E+02  0.2160693E+02
  0.1821010E+02  0.1872066E+01  0.8662869E+01
  0.4086928E+02  0.1333181E+02  0.7190518E+00
  0.2742901E+02  0.6791456E+01  0.1893801E+02
  0.5261770E+02  0.1168419E+02  0.1215496E+02
  0.3124750E+02  0.1768046E+02  0.9927543E+01
  0.4233336E+02  0.1673546E+02  0.6595656E+01
  0.2964962E+02  0.1235224E+02  0.6079031E+00
  0.3416162E+02  0.1306451E+02  0.5173907E+01
  0.4680104E+02  0.1776060E+02  0.1772577E+02
  0.2022090E+02  0.1434902E+02  0.9944721E+01
  0.2945904E+02  0.6693400E+01  0.1173153E+02
  0.2768605E+02  0.3035327E+01  0.2081542E+02
  0.2582926E+02  0.1187606E+02  0.8261167E+01
  0.2354492E+02  0.1920788E+01  0.2124460E+02
  0.5202942E+02  0.8562961E+01  0.4323886E-01
  0.1909364E+02  0.1834918E+01  0.1834363E+02
  0.3267792E+02  0.7504389E+01  0.3413613E+01
  0.3479942E+02  0.1043680E+02  0.1782719E+02
  0.2199137E+02  0.1660207E+02  0.2327521E+01
  0.3741124E+02  0.1220793E+02  0.2559710E+01
  0.5173664E+02  0.1539117E+02  0.7569491E+01
  0.3135421E+02  0.2085323E+02  0.1037756E+02
  0.3021256E+02  0.6793164E+01  0.2140316E+02
  0.3380036E+02  0.1125015E+02  0.1357635E+02
  0.3404583E+02  0.2351017E+01  0.1881386E+02
  0.2369386E+02  0.1466144E+01  0.3012216E+01
  0.5406173E+02  0.6891631E+01  0.9526134E+01
  0.3143039E+02  0.1600249E+02  0.1502353E+02
  0.3209375E+02  0.1551796E+02  0.5168072E+01
  0.3430102E+02  0.8469617E+01  0.1610131E+01
  0.3606174E+02  0.2076134E+02  0.1983394E+01
  0.4887089E+02  0.1046642E+01  0.3427830E+01
  0.3309991E+02  0.1279767E+02  0.2488167E+01
  0.2842737E+02  0.7463490E+01  0.1448555E+02
  0.3865596E+02  0.9396813E+01  0.1089250E+02
  0.2959619E+02  0.1571610E+02  0.1655631E+02
  0.2265924E+02  0.2126853E+02  0.9433121E+01
  0.2415522E+02  0.8791388E+01  0.3334612E+01
  0.3652344E+02  0.6876221E+01  0.2084505E+02
  0.4223611E+02  0.6444168E+01  0.1109527E+02
  0.4128141E+02  0.1891912E+02  0.2056913E+02
  0.2219235E+02  0.4869894E+01  0.2008327E+02
  0.2980486E+02  0.1878870E+02  0.1344867E+02
  0.2745360E+02  0.5101494E+01  0.1945354E+01
  0.3194401E+02  0.2171819E+02  0.1381623E+02
  0.3534712E+02  0.9866601E+01  0.1074813E+02
  0.2052826E+02  0.1909510E+02  0.1975681E+02
  0.3987911E+02  0.9889071E+01  0.1195667E+01
  0.3560654E+02  0.1248628E+01  0.1357917E+02
  0.3861543E+02  0.2126525E+02  0.2011633E+02
  0.1879471E+02  0.2147309E+02  0.2035473E+02
  0.3584118E+02  0.5956677E+01  0.1368949E+02
  0.1519365E+02  0.4184557E+01  0.1957565E+02
  0.5100663E+02  0.1770630E+02  0.1475240E+02
  0.2978086E+02  0.1534125E+02  0.6165134E+01
  0.2329619E+02  0.7664307E+01  0.1023003E+02
  0.1860777E+02  0.1363085E+02  0.1573783E+02
  0.1546418E+02  0.1706846E+02  0.1109056E+02
  0.3426916E+02  0.1905870E+02  0.1869617E+02
  0.2082727E+02  0.3436876E+01  0.2164690E+02
  0.3933891E+02  0.2132377E+02  0.1264618E+02
  0.3422158E+02  0.9945666E+00  0.2087871E+02
  0.3848252E+02  0.6980417E+01  0.1103575E+02
  0.2466323E+02  0.3701309E+01  0.3844351E+01
  0.2967322E+02  0.1336692E+02  0.4181026E+01
  0.1601278E+02  0.1488691E+02  0.1894140E+01
  0.2399945E+02  0.1493964E+02  0.1643229E+01
  0.4550377E+02  0.1837205E+02  0.5794064E+01
  0.3814954E+02  0.3652148E+01  0.3841937E+01
  0.4388778E+02  0.1736215E+02  0.1754425E+02
  0.3102170E+02  0.1398609E+02  0.1504803E+01
  0.1460619E+02  0.7917247E+01  0.2127728E+02
  0.3679389E+02  0.1133235E+02  0.1874824E+02
  0.2854843E+02  0.1079333E+02  0.1698964E+01
  0.3811035E+02  0.8536068E+01  0.1437661E+02
  0.3257123E+02  0.3684789E+01  0.4300980E+01
  0.2226843E+02  0.1062842E+02  0.5715935E+01
  0.3430661E+02  0.7502144E+01  0.1595357E+02
  0.9702356E+01  0.1583551E+02  0.1130195E+02
  0.3717390E+02  0.8922884E+01  0.2171745E+02
  0.4351637E+02  0.6378143E+01  0.4473200E+00
  0.3715696E+02  0.2014274E+02  0.6450435E+01
  0.3809706E+02  0.2217367E+01  0.1595797E+02
  0.4872416E+02  0.6731888E+01  0.1919629E+01
  0.4729242E+02  0.2560686E+01  0.2320746E+01
  0.2274174E+02  0.2090228E+01  0.1735444E+02
  0.1992466E+02  0.1218651E+02  0.3839127E+00
  0.2543283E+02  0.1686971E+02  0.2787364E+01
  0.2116499E+02  0.2144510E+02  0.1965273E+02
  0.2593732E+02  0.1989750E+02  0.1247850E+02
  0.3023437E+02  0.9332336E+01  0.1960258E+02
  0.2198670E+02  0.1922333E+02  0.1383265E+02
  0.2697687E+02  0.1383624E+01  0.4725553E+01
  0.2869596E+02  0.6692622E+01  0.3198273E+01
  0.2925946E+02  0.1016710E+02  0.8448213E+01
  0.3385575E+02  0.1417675E+00  0.1502821E+02
  0.4782563E+02  0.2115645E+02  0.1237715E+02
  0.4173108E+02  0.1756476E+02  0.1707295E+02
  0.5080570E+02  0.1553499E+02  0.1160281E+02
  0.2714526E+02  0.2163403E+02  0.1145063E+02
  0.1627755E+02  0.9635042E+01  0.5477136E+00
  0.5411898E+02  0.1993516E+02  0.1819725E+02
  0.1691688E+02  0.1937881E+02  0.1524675E+02
  0.2570541E+02  0.1347931E+02  0.2833842E+01
  0.3381070E+02  0.1967091E+02  0.1866022E+01
  0.3766578E+02  0.1518006E+02  0.9721882E+01
  0.4820280E+02  0.1044063E+02  0.1810658E+02
  0.1443524E+02  0.2096816E+02  0.9249195E+01
  0.5021920E+02  0.1566415E+02  0.1409291E+02
  0.4231881E+02  0.3525853E+01  0.4184305E+00
  0.2904062E+02  0.1026143E+02  0.1560046E+02
  0.4156673E+02  0.2040335E+02  0.1556026E+02
  0.3581735E+02  0.1358925E+02  0.9327329E+01
  0.4439831E+02  0.1086239E+01  0.1691323E+02
  0.3542078E+02  0.1361673E+01  0.6276648E+01
  0.2924680E+02  0.5654496E+01  0.1778887E+02
  0.2062314E+02  0.1739874E+02  0.1279545E+02
  0.2335019E+02  0.3228665E+01  0.1929030E+02
  0.1114850E+02  0.1691799E+02  0.3545145E+01
  0.2962812E+02  0.1564956E+02  0.2506292E+01
  0.1752012E+02  0.1389419E+02  0.1346629E+02
  0.1385085E+02  0.8200691E+01  0.5343779E+01
  0.3192847E+02  0.2920051E+01  0.2013027E+02
  0.2996755E+02  0.1928520E+02  0.1107427E+02
  0.5323320E+02  0.1634114E+02  0.1641007E+02
  0.1065453E+02  0.4996159E+01  0.2443682E+01
  0.9384175E+01  0.1098876E+02  0.5613420E+01
  0.4188241E+02  0.2040693E+02  0.9990737E+01
  0.3655852E+02  0.2018277E+02  0.1439797E+02
  0.3453090E+02  0.1552064E+02  0.5801105E+01
  0.1209554E+02  0.2059972E+02  0.1467439E+02
  0.5300396E+02  0.1842158E+02  0.7726944E+01
  0.4284580E+02  0.8517925E+01  0.1374666E+02
  0.2366258E+02  0.1816315E+02  0.1905252E+02
  0.9724817E+01  0.1092238E+02  0.1951931E+02
  0.4337721E+02  0.1672182E+02  0.1330099E+02
  0.3327676E+02  0.1009710E+01  0.6854387E+01
  0.3238115E+02  0.1885433E+02  0.2013226E+02
  0.3397801E+02  0.7544663E+01  0.1850472E+02
  0.3477059E+02  0.1534061E+02  0.5933682E+00
  0.3196220E+02  0.1240255E+02  0.1053333E+02
  0.2536996E+02  0.6508731E+01  0.2040922E+02
  0.1517149E+02  0.2134950E+02  0.5996156E+01
  0.2780315E+02  0.1972179E+02  0.1013563E+02
  0.1387604E+02  0.3908165E+01  0.1500528E+02
  0.2679747E+02  0.1013398E+02  0.2125976E+02
  0.3010436E+02  0.5206769E+01  0.1423266E+02
  0.3397712E+02  0.1751959E+02  0.6741900E+00
  0.3991872E+02  0.1631260E+02  0.1270414E+02
  0.3554057E+02  0.1620654E+02  0.1216998E+02
  0.1490007E+02  0.1106391E+02  0.1363252E+02
  0.1574366E+02  0.1851067E+02  0.2484158E+01
  0.2283753E+02  0.9663680E+01  0.1698709E+02
  0.2569637E+02  0.7157555E+01  0.1733960E+02
  0.4681432E+02  0.1911837E+02  0.1302772E+02
  0.3603758E+02  0.8584023E+01  0.1727173E+02
  0.2340397E+02  0.1599182E+02  0.8268072E+01
  0.2689170E+02  0.1513917E+02  0.2129180E+02
  0.4039676E+02  0.9428641E+01  0.1393665E+02
  0.4432588E+02  0.1661560E+01  0.7569117E+01
  0.3559782E+02  0.2349564E+01  0.8378259E+01
  0.2492262E+02  0.2073170E+02  0.9786236E+01
  0.3486803E+02  0.1765548E+02  0.5845800E+01
  0.2606228E+02  0.5762071E+01  0.9240261E+01
  0.2851199E+02  0.5070092E+01  0.2143945E+02
  0.3879892E+02  0.5344730E+01  0.5657289E+01
  0.2599356E+02  0.1816070E+02  0.1858819E+02
  0.1824966E+02  0.1836695E+02  0.1317356E+02
  0.3759019E+02  0.4162803E+01  0.1333077E+02
  0.5056152E+02  0.4274135E+01  0.1287535E+02
  0.2239222E+02  0.2153995E+02  0.1643141E+01
  0.4491147E+02  0.1213439E+02  0.2153060E+02
  0.2577712E+02  0.2068124E+02  0.7704247E+01
  0.3967824E+02  0.1411238E+02  0.1941921E+02
  0.3877995E+02  0.1867656E+02  0.5552791E+01
  0.2188842E+02  0.1941062E+02  0.8060767E+01
  0.1702555E+02  0.1181057E+01  0.1760073E+02
  0.1806199E+02  0.5351846E+01  0.9437412E+01
  0.4335830E+02  0.1819693E+02  0.1964862E+01
  0.1626284E+02  0.9640653E+01  0.1640805E+02
  0.3564152E+02  0.2010177E+02  0.1200408E+02
  0.1836193E+02  0.6828678E+01  0.1115864E+02
  0.4006236E+02  0.6877858E+01  0.5637431E+00
  0.3802792E+02  0.3085782E+01  0.8703767E+01
  0.5089266E+02  0.5112212E+01  0.7802656E+01
  0.2724104E+02  0.3204680E+01  0.1244029E+02
  0.1705070E+02  0.6476024E+01  0.6090672E+01
  0.3445625E+02  0.5876739E+01  0.1178040E+02
  0.2376249E+02  0.1809616E+02  0.1336005E+01
  0.3434632E+02  0.1060035E+02  0.5821826E+01
  0.2736267E+02  0.1656181E+02  0.1121893E+02
  0.4768801E+02  0.1063193E+02  0.1995873E+01
  0.2460848E+02  0.1464616E+02  0.2111241E+02
  0.3448059E+02  0.1200750E+02  0.1071162E+02
  0.2701588E+02  0.1694716E+02  0.1509249E+02
  0.3204643E+02  0.1118974E+02  0.5825465E+01
  0.3564500E+02  0.1332713E+02  0.1864393E+02
  0.4389596E+02  0.5143157E+00  0.9769865E+01
  0.4554245E+02  0.1423695E+02  0.4745511E+01
  0.5440259E+02  0.1788461E+02  0.1505142E+02
  0.2135333E+02  0.1131863E+02  0.1610718E+02
  0.3598121E+02  0.1207576E+02  0.1280900E+02
  0.4412843E+02  0.1280215E+02  0.1396509E+02
  0.3764396E+02  0.1320632E+01  0.1209360E+02
  0.1624626E+02  0.4321788E+00  0.1930682E+01
  0.4256235E+02  0.6257443E+01  0.1782050E+02
  0.3668414E+02  0.9649630E+01  0.1261583E+02
  0.4058713E+02  0.2770892E+01  0.1913475E+02
  0.3937626E+02  0.3830753E+01  0.1493650E+02
  0.3739560E+02  0.5079474E+01  0.7636432E+01
  0.1776493E+02  0.1768640E+02  0.7444331E+01
  0.2334934E+02  0.3555700E+01  0.1390270E+02
  0.3141512E+02  0.1624522E+01  0.5260757E+01
  0.3098027E+02  0.6170098E+01  0.1634771E+02
  0.2315454E+02  0.9807744E+01  0.2339640E-01
  0.3561252E+02  0.4743598E+01  0.5952468E+01
  0.1819949E+02  0.1183873E+02  0.8027870E+01
  0.2104725E+02  0.4250848E+01  0.5158152E+01
  0.1563761E+02  0.1518137E+02  0.1267315E+02
  0.2273540E+02  0.1740747E+02  0.1089937E+02
  0.5140482E+02  0.7654136E+01  0.1728348E+02
  0.3055744E+02  0.2116960E+02  0.1807140E+02
  0.2254202E+02  0.7236579E+01  0.1699026E+02
  0.2787186E+02  0.1267972E+02  0.1893771E+02
  0.4039332E+02  0.1661391E+02  0.5536192E+01
  0.3595137E+02  0.1164636E+02  0.4522824E+01
  0.1555602E+02  0.1252473E+02  0.1090286E+02
  0.2725916E+02  0.9451690E+01  0.1433829E+02
  0.3694105E+02  0.6197489E+01  0.9686138E+01
  0.2995511E+02  0.5623838E+01  0.5974135E+01
  0.3344548E+02  0.1983644E+02  0.1646919E+02
  0.3207852E+02  0.9194819E+01  0.1630956E+01
  0.4062673E+02  0.3281524E+01  0.1076157E+02
  0.2603718E+02  0.1820644E+02  0.6884898E+01
  0.1464752E+02  0.1863235E+02  0.1549996E+02
  0.2847748E+02  0.1279885E+02  0.1182674E+02
  0.2543369E+02  0.3114945E-02  0.1893643E+01
  0.1881238E+02  0.1407926E+02  0.1813536E+02
  0.2048584E+02  0.8051770E+01  0.1135241E+02
  0.2987627E+02  0.6388631E+01  0.9460326E+01
  0.3296784E+02  0.4934091E+00  0.3869817E+01
  0.3206243E+02  0.1782783E+02  0.1802388E+02
  0.3000405E+02  0.1239020E+02  0.1353773E+02
  0.4589575E+02  0.1795169E+02  0.1508548E+02
  0.2586610E+02  0.1047178E+02  0.1042534E+02
  0.3258529E+02  0.1571399E+02  0.1897275E+02
  0.2696285E+02  0.3782202E+01  0.4092507E+01
  0.3891821E+02  0.6108897E+01  0.1565841E+02
  0.1657295E+02  0.1591356E+01  0.5686333E+01
  0.5440312E+02  0.2028928E+02  0.1265113E+02
  0.3173034E+02  0.9529400E+01  0.7397781E+01
  0.3568352E+02  0.8503326E+01  0.6126006E+01
  0.1369677E+02  0.2526681E+01  0.3213702E+01
  0.1703422E+02  0.3051643E+01  0.1214686E+02
  0.3968348E+02  0.1048835E+02  0.6217419E+01
  0.4615541E+02  0.8907245E+01  0.7494347E+00
  0.2456264E+02  0.7531578E+01  0.8247508E+01
  0.3731771E+02  0.1175513E+02  0.1645339E+02
  0.4111903E+02  0.8532376E+01  0.6114608E+01
  0.3648534E+02  0.1824002E+02  0.1771992E+02
  0.3707997E+02  0.1834486E+02  0.1207958E+02
  0.1946057E+02  0.1067612E+02  0.1737390E+02
  0.4046026E+02  0.1177691E+02  0.4324156E+01
  0.4563930E+02  0.1088466E+01  0.2066980E+02
  0.2328872E+02  0.1104546E+02  0.3584969E+01
  0.4007430E+02  0.1509514E+02  0.2504996E+01
  0.4639332E+02  0.9695071E+01  0.1941890E+02
  0.4213893E+02  0.1442523E+02  0.1877844E+02
  0.3666590E+02  0.8600646E+01  0.2336954E+01
  0.5082249E+02  0.5248702E+01  0.5395856E+00
  0.3634414E+02  0.3158174E+00  0.1593190E+02
  0.4527144E+02  0.8406871E+01  0.1337304E+02
  0.2086742E+02  0.6367318E+01  0.1853279E+02
  0.1582848E+02  0.1673665E+02  0.6960476E+01
  0.9200840E+01  0.1956260E+01  0.1999806E+02
  0.1921714E+02  0.3711871E+01  0.1971295E+02
  0.2425544E+02  0.1180736E+02  0.1179732E+02
  0.4371429E+02  0.7267505E+01  0.1595008E+02
  0.2500547E+02  0.1842635E+02  0.1042200E+02
  0.3502189E+02  0.1244183E+02  0.1652399E+02
  0.2989935E+02  0.8088807E+01  0.6325728E+01
  0.2426428E+02  0.1887854E+02  0.3690210E+01
  0.5090138E+02  0.3995606E+01  0.1899638E+02
  0.2794254E+02  0.2111471E+02  0.1417487E+00
  0.4854934E+02  0.1740016E+02  0.8955550E+01
  0.3568947E+02  0.7846240E+01  0.8574336E+01
  0.3389723E+02  0.1789831E+02  0.1504857E+02
  0.2401530E+02  0.1820425E+02  0.8325579E+01
  0.2601487E+02  0.1118041E+02  0.1717703E+01
  0.1823794E+02  0.2108704E+02  0.3669970E+01
  0.3472024E+02  0.5629565E+00  0.9694061E+01
  0.1729848E+02  0.2800419E+01  0.1448780E+02
  0.3818162E+02  0.1144297E+02  0.1349065E+02
  0.3865340E+02  0.5550131E+01  0.2098676E+02
  0.3575238E+02  0.1395654E+02  0.1470666E+02
  0.1908082E+02  0.1322363E+02  0.5938925E+01
  0.2061135E+02  0.5297009E+01  0.8687568E+01
  0.2991133E+02  0.1929422E+02  0.1929099E+02
  0.2856172E+02  0.9572973E+01  0.5009925E+01
  0.4224436E+02  0.9037179E+01  0.1118710E+02
  0.2639029E+02  0.2936386E+01  0.1902773E+02
  0.1890989E+02  0.1921835E+02  0.2159378E+02
  0.4745874E+02  0.8553245E+01  0.3077256E+01
  0.5400298E+02  0.4864094E+01  0.1695848E+02
  0.3744311E+02  0.7329348E+00  0.1819988E+02
  0.3881720E+02  0.1916180E+01  0.1418773E+01
  0.4297713E+02  0.1675899E+02  0.1096174E+02
  0.2362148E+02  0.9489593E+01  0.1185327E+02
  0.3730632E+02  0.1217783E+02  0.8370455E+01
  0.3004611E+02  0.8096654E+01  0.1800190E+01
  0.2224817E+02  0.4627268E+01  0.7254315E+01
  0.2132962E+02  0.7945696E+01  0.8940199E+01
  0.5352193E+02  0.1312690E+02  0.1379010E+02
  0.2623994E+02  0.8846405E+01  0.4530652E+01
  0.3034109E+02  0.1281286E+02  0.1937674E+02
  0.2633571E+02  0.1790137E+02  0.2086613E+02
  0.3772088E+02  0.1569598E+02  0.2773443E+01
  0.1692378E+02  0.9988657E+00  0.2139088E+02
  0.2385359E+02  0.1648023E+02  0.1278863E+02
  0.3969989E+02  0.1129910E+02  0.1551329E+02
  0.1784412E+02  0.1321692E+02  0.2098718E+02
  0.3244439E+02  0.2114587E+02  0.3408640E+00
  0.2120799E+02  0.7669767E+01  0.1502611E+02
  0.1994888E+02  0.1553388E+02  0.5121492E+01
  0.3702214E+02  0.1714790E+02  0.4543811E+01
  0.1823416E+02  0.2132497E+02  0.1583453E+02
  0.4773137E+02  0.8737728E+01  0.1643908E+02
  0.3343657E+02  0.9717150E+01  0.1962456E+02
  0.4196992E+02  0.8057314E+01  0.2134935E+02
  0.3668230E+02  0.1686706E+02  0.7128504E+00
  0.3329043E+02  0.5681802E+01  0.2003558E+02
  0.2128706E+02  0.3855164E+01  0.1669208E+02
  0.1567266E+02  0.8781041E+01  0.1432114E+02
  0.2206127E+02  0.2087131E+01  0.1077232E+02
  0.2799593E+02  0.2710014E+01  0.2115293E+01
  0.3910865E+02  0.1820560E+02  0.7888978E+01
  0.4415968E+02  0.9042589E+01  0.7737642E+01
  0.4035160E+02  0.1418708E+02  0.4648920E+01
  0.1083683E+02  0.2048880E+02  0.1572975E+01
  0.4881281E+02  0.7830848E+01  0.1994987E+02
  0.1649300E+02  0.7991487E+01  0.1219582E+02
  0.4232652E+02  0.1166593E+02  0.2133531E+02
  0.2781935E+02  0.3630701E+01  0.1596536E+02
  0.3134363E+02  0.1927361E+02  0.5890960E+01
  0.3646264E+02  0.1729583E+02  0.1007464E+02
  0.2174338E+02  0.5751385E+01  0.3260784E+01
  0.2674745E+02  0.1373441E+02  0.1329802E+02
  0.3757542E+02  0.9817727E+01  0.4975249E+01
  0.3327884E+02  0.1767405E+02  0.1067578E+02
  0.1695568E+02  0.8610688E+01  0.9786380E+01
  0.4638952E+02  0.9318291E+01  0.8799153E+01
  0.9783020E+01  0.1656506E+02  0.5225939E+01
  0.2537638E+02  0.1306789E+02  0.1920988E+02
  0.3746845E+02  0.1472083E+02  0.1326906E+02
  0.1524747E+02  0.1680941E+02  0.6492999E+00
  0.4780115E+02  0.8418056E+01  0.5509716E+01
  0.2735967E+02  0.1035008E+02  0.1820564E+02
  0.1860100E+02  0.1611380E+02  0.9084304E+01
  0.3067597E+02  0.4866636E+01  0.3760005E+01
  0.3991805E+02  0.2055590E+02  0.1890751E+00
  0.4230624E+02  0.9328606E+00  0.1829573E+02
  0.1384274E+02  0.4525833E+01  0.8832140E+01
  0.3680756E+02  0.4767339E+01  0.1960486E+02
  0.5082756E+02  0.6538258E+01  0.9878839E+01
  0.5269930E+02  0.1678903E+02  0.5930540E+01
  0.2719174E+02  0.1516604E+02  0.2542470E+01
  0.4924538E+02  0.1213768E+02  0.1406342E+02
  0.3543741E+02  0.4435929E+01  0.9890320E+01
  0.2619453E+02  0.9308162E+01  0.1657961E+02
  0.2172947E+02  0.1671368E+02  0.6678865E+01
  0.4043502E+02  0.8978711E+01  0.9569281E+01
  0.3438687E+02  0.1732902E+02  0.8435993E+01
  0.2117345E+02  0.4398390E+01  0.1089962E+02
  0.1881335E+02  0.3418583E+01  0.1059714E+02
  0.4136284E+02  0.2084268E+01  0.1411736E+02
  0.3116501E+02  0.1704593E+01  0.2953994E+00
  0.1955341E+02  0.8382310E+01  0.1822614E+02
  0.2519731E+02  0.7542717E+01  0.1214996E+01
  0.2761167E+02  0.1077822E+02  0.6918448E+01
  0.3317485E+02  0.2094727E+02  0.8299315E+01
  0.4582948E+02  0.1991542E+02  0.1646828E+02
  0.3199751E+02  0.6886214E+01  0.5615822E+01
  0.4253464E+02  0.1451125E+02  0.2130640E+02
  0.3264439E+02  0.4601788E+01  0.8763545E+01
  0.3199845E+02  0.1663644E+02  0.2130663E+02
  0.4743353E+02  0.1757527E+01  0.5371011E+01
  0.3446659E+02  0.1502528E+02  0.8151406E+01
  0.1302340E+02  0.2510907E+01  0.2009524E+00
  0.3301002E+02  0.5325023E+01  0.1518412E+02
  0.4919620E+02  0.6728411E+01  0.7436318E+01
  0.3871757E+02  0.2023483E+02  0.1457931E+02
  0.1831836E+02  0.1691378E+02  0.9185627E+00
  0.2515032E+02  0.1259120E+01  0.1985850E+02
  0.3177060E+02  0.8347234E+01  0.1795352E+02
  0.2851629E+02  0.1838021E+02  0.3439729E+01
  0.2032414E+02  0.1448691E+01  0.6235093E+01
  0.4998799E+02  0.1263748E+02  0.2020766E+02
  0.5554644E+02  0.3084856E+01  0.1645903E+02
  0.2934893E+02  0.2640587E+01  0.9573591E+01
  0.1829841E+02  0.9390968E+01  0.2068420E+02
  0.4075537E+02  0.1458006E+02  0.9400137E+01
  0.3428795E+02  0.6616334E+01  0.2874613E+00
  0.1101020E+02  0.1281699E+02  0.4562141E+01
  0.1955709E+02  0.2167900E+02  0.8204201E+01
  0.2063731E+02  0.9748822E+01  0.2208059E+00
  0.2502163E+02  0.4776378E+01  0.1863008E+02
  0.2835784E+02  0.1259780E+02  0.1557819E+02
  0.1525330E+02  0.2102651E+02  0.1151290E+02
  0.4517907E+02  0.1546966E+02  0.1673251E+02
  0.4106772E+02  0.7117316E+01  0.7958174E+01
  0.4355691E+02  0.4387993E+01  0.1711175E+02
  0.2848827E+02  0.8876576E+01  0.1212041E+02
  0.3659025E+02  0.6267821E+01  0.1630036E+02
  0.2948284E+02  0.1705836E+02  0.2016862E+02
  0.3830237E+02  0.4124839E+01  0.1412461E+01
  0.3325993E+02  0.2464330E+01  0.8858933E+01
  0.5035132E+02  0.2102338E+02  0.1303646E+02
  0.5211384E+02  0.1948257E+02  0.9102509E+00
  0.1732413E+02  0.1883625E+02  0.1755731E+02
  0.2877301E+02  0.3434692E+00  0.5809742E+01
  0.2104043E+02  0.1633835E+02  0.1734780E+02
  0.1062113E+02  0.2725483E+01  0.9853263E+01
  0.1025929E+02  0.1019259E+02  0.1418877E+01
  0.3025323E+02  0.1896238E+02  0.2066471E+01
  0.2766870E+02  0.1520213E+02  0.8420024E+01
  0.3386251E+02  0.7937651E+01  0.1072710E+02
  0.4612793E+02  0.2021075E+02  0.4351627E+01
  0.2323121E+02  0.9509930E+01  0.1456612E+02
  0.3142809E+02  0.1937300E+02  0.8135477E+01
  0.2678720E+02  0.1444828E+02  0.1751294E+02
  0.3588465E+02  0.3072507E+01  0.4234225E+01
  0.2761592E+02  0.2040827E+02  0.1563420E+02
  0.2712246E+02  0.2323225E+01  0.8963149E+01
  0.5021620E+02  0.1060653E+02  0.2294968E+01
  0.3473415E+02  0.3927094E+01  0.2051252E+02
  0.2689311E+02  0.1591419E+01  0.1709494E+02
  0.3869985E+02  0.1380176E+02  0.2668896E-01
  0.4422823E+02  0.1303267E+02  0.2186028E+01
  0.4155700E+02  0.1533300E+02  0.1412033E+02
  0.3096824E+02  0.1336183E+02  0.6241293E+01
  0.4550531E+02  0.1093569E+02  0.3178400E+01
  0.8194911E+01  0.6964002E+01  0.1371670E+01
  0.4017257E+02  0.6536208E+01  0.1758950E+02
  0.1711919E+02  0.3236640E+01  0.2071903E+02
  0.1058485E+02  0.2069033E+02  0.1652091E+02
  0.2062935E+02  0.1495049E+02  0.1516523E+02
  0.1240396E+02  0.5913297E+01  0.7387663E+01
  0.4238507E+02  0.2108004E+02  0.1988784E+02
  0.1559105E+02  0.1442565E+02  0.1934787E+02
  0.1604485E+02  0.5434616E+01  0.8040980E+01
  0.3877195E+02  0.1563804E+02  0.7727063E+01
  0.3411861E+02  0.1843573E+02  0.1272693E+02
  0.4123173E+02  0.1073131E+02  0.1756085E+02
  0.2006645E+02  0.1791021E+02  0.5101131E+01
  0.4188181E+02  0.1827277E+02  0.1475505E+02
  0.1063697E+02  0.1755203E+02  0.1722350E+02
  0.2571274E+02  0.2078106E+02  0.4385850E+01
  0.4494633E+02  0.9893384E+00  0.1406553E+02
  0.3175187E+02  0.2213873E+01  0.1295852E+02
  0.2647359E+02  0.2031880E+02  0.1989588E+02
  0.4717667E+02  0.1545259E+02  0.9293973E+01
  0.9470389E+01  0.6169640E+01  0.1073373E+02
  0.2463772E+02  0.8600936E+00  0.1635110E+02
  0.3284241E+02  0.1527579E+02  0.3097560E+01
  0.2993737E+02  0.2639651E+01  0.3485476E+01
  0.3967828E+02  0.5939299E+00  0.8044751E+01
  0.2784507E+02  0.1478132E+02  0.1529324E+02
  0.4992969E+02  0.1388482E+02  0.1010504E+02
  0.5273633E+02  0.8160859E+01  0.1540745E+02
  0.3457963E+02  0.1497711E+02  0.2015931E+02
  0.1369731E+02  0.2274033E+01  0.1950230E+02
  0.2741352E+02  0.1611422E+02  0.1930972E+02
  0.2334490E+02  0.6195663E+01  0.2164982E+02
  0.1450874E+02  0.1295351E+02  0.2163300E+01
  0.2817663E+02  0.1717958E+02  0.5674623E+00
  0.3998832E+02  0.8760709E+01  0.1823836E+02
  0.3179666E+02  0.6050065E+01  0.1290677E+02
  0.3501509E+02  0.3746856E+01  0.1392906E+02
  0.1721598E+02  0.1250904E+02  0.4286720E+01
  0.3898066E+02  0.1943086E+02  0.2291228E+01
  0.1772715E+02  0.5865054E+01  0.1885367E+02
  0.1871220E+02  0.5295982E+01  0.2979549E+01
  0.2986213E+02  0.1090297E+02  0.3756019E+01
  0.2130173E+02  0.1498635E+02  0.1906579E+02
  0.3334611E+02  0.1206775E+02  0.2043863E+02
  0.3149161E+02  0.6106247E+01  0.1815909E+01
  0.2633798E+02  0.1178275E+02  0.1478992E+02
  0.2947677E+02  0.2081396E+02  0.8685424E+01
  0.4735166E+02  0.2113533E+02  0.6307798E+01
  0.1833519E+02  0.1443392E+02  0.1390088E+01
  0.1160341E+02  0.4947246E+01  0.1712461E+02
  0.4572566E+02  0.4859610E+01  0.1638397E+02
  0.2285817E+02  0.8020261E+01  0.1646373E+01
  0.3385804E+02  0.1520877E+02  0.1067575E+02
  0.4043430E+02  0.1750864E+02  0.3319258E+01
  0.3007628E+02  0.3476426E+01  0.1688591E+02
  0.1187751E+02  0.6213703E+00  0.1330757E+02
  0.4964456E+02  0.1790591E+02  0.6008478E+01
  0.5078771E+02  0.8962369E+01  0.1423810E+02
  0.3314504E+02  0.4291245E+01  0.1114855E+02
  0.4504855E+02  0.8009361E+01  0.2769065E+01
  0.3952324E+02  0.1163711E+02  0.1144451E+02
  0.5146920E+02  0.1233710E+01  0.7341359E+01
  0.3119341E+02  0.1439404E+02  0.2092704E+02
  0.5189420E+02  0.8474258E+00  0.9938655E+01
  0.5220462E+02  0.2068486E+02  0.1150212E+02
  0.4936189E+02  0.1732180E+02  0.1704168E+02
  0.5062528E+02  0.1486443E+02  0.2060772E+02
  0.5077503E+02  0.1702438E+01  0.1601422E+02
  0.4274344E+02  0.2142156E+02  0.2529692E+01
  0.4160161E+02  0.2154735E+02  0.1334642E+02
  0.3975963E+02  0.1349506E+01  0.1749459E+02
  0.3533630E+02  0.1050497E+02  0.2077541E+02
  0.4687848E+02  0.3155574E+01  0.2081328E+02
  0.5149073E+02  0.2095890E+02  0.4063166E+01
  0.5210085E+02  0.1580712E+02  0.4744289E+00
  0.5546912E+02  0.1361040E+02  0.1634269E+02
  0.4564577E+02  0.1931007E+02  0.1942730E+01
  0.4566239E+02  0.1425925E+02  0.1472754E+02
  0.5684626E+02  0.1355250E+01  0.1341453E+01
  0.5705916E+02  0.2027522E+02  0.3938318E+01
  0.4989552E+02  0.1596749E+02  0.1790625E+01
  0.5550126E+02  0.2158852E+02  0.2789730E+01
  0.5800646E+02  0.2908413E+01  0.2900684E+01
  0.5837539E+02  0.2160818E+02  0.5107810E+01
  0.4765292E+02  0.2918829E+01  0.7329946E+01
  0.6003905E+02  0.2061733E+02  0.1240627E+01
  0.6240842E+02  0.1696044E+01  0.1171651E+01
  0.6220403E+02  0.2033588E+02  0.4077679E+01
  0.5969548E+02  0.1614927E+01  0.3877622E+01
  0.6127512E+02  0.3157836E+00  0.2709314E+01
  0.6381147E+02  0.3077810E+01  0.2639399E+01
  0.6388775E+02  0.9193875E-01  0.5347962E+01
  0.6092545E+02  0.2702622E+01  0.5531146E+01
  0.4949680E+02  0.7246752E+01  0.1582588E+02
  0.3246210E+02  0.1518697E+02  0.1281501E+02
  0.4318205E+02  0.1642864E+02  0.1988611E+02
  0.4452664E+02  0.2064056E+02  0.2045948E+02
  0.5393786E+02  0.2108104E+02  0.1045194E+01
  0.4451671E+02  0.1942040E+02  0.7706780E+01
  0.4869344E+02  0.2432458E+01  0.3428467E+00
  0.2960391E+02  0.2095474E+02  0.1461447E+02
  0.5080732E+02  0.7098928E+00  0.2503780E+01
  0.5395246E+02  0.6968668E+01  0.4264392E+01
  0.3103731E+02  0.1985725E+02  0.1591005E+02
  0.3837522E+02  0.1938733E+02  0.1846244E+02
  0.4953405E+02  0.2026802E+02  0.5569228E+01
  0.5344212E+02  0.1408752E+02  0.5352181E+01
  0.4518164E+02  0.1189987E+02  0.1908809E+02
  0.5235833E+02  0.1471707E+02  0.1491900E+02
  0.4938721E+02  0.1936794E+02  0.1454109E+02
  0.5692417E+02  0.7294550E+01  0.1616956E+01
  0.5694003E+02  0.4558819E+01  0.4412439E+01
  0.5400649E+02  0.1246833E+02  0.2041340E+02
  0.5395504E+02  0.3071052E+01  0.2154511E+02
  0.5853592E+02  0.8150227E+01  0.3074871E+01
  0.5840471E+02  0.5676607E+01  0.5731492E+01
  0.5285877E+02  0.4631026E+01  0.2811324E+01
  0.5950582E+02  0.4240386E+01  0.1415282E+01
  0.6265378E+02  0.7017997E+01  0.1484502E+01
  0.6239877E+02  0.3982572E+01  0.4055245E+01
  0.5986036E+02  0.6495749E+01  0.4057701E+01
  0.6130085E+02  0.5515405E+01  0.2653225E+01
  0.6412837E+02  0.8596430E+01  0.2517187E+01
  0.6372956E+02  0.5714793E+01  0.5375192E+01
  0.6108542E+02  0.8140136E+01  0.5275717E+01
  0.4840057E+02  0.1755607E+02  0.1327817E+02
  0.4285089E+02  0.1192110E+02  0.1867360E+02
  0.4942493E+02  0.2038026E-01  0.7639932E+01
  0.4914265E+02  0.5455364E+01  0.1439211E+02
  0.3992851E+02  0.2036108E+02  0.4308132E+01
  0.5291179E+02  0.4361881E+00  0.5617972E+01
  0.3634668E+02  0.1525223E+01  0.1107577E+01
  0.2089163E+02  0.1284423E+02  0.1800597E+02
  0.5422150E+02  0.7558023E+01  0.1997402E+02
  0.5399863E+02  0.1172988E+02  0.1563645E+02
  0.4649003E+02  0.1932123E+01  0.1158878E+02
  0.3110048E+02  0.1435626E+02  0.9626863E+01
  0.5278059E+02  0.5319589E+01  0.1047639E+02
  0.5350629E+02  0.1129677E+02  0.3526620E+01
  0.4974781E+02  0.1991703E+02  0.1078758E+02
  0.5211741E+02  0.1853308E+02  0.1682959E+02
  0.5281102E+02  0.7910904E+01  0.2284856E+01
  0.5678895E+02  0.1206255E+02  0.1506918E+01
  0.5705354E+02  0.9308391E+01  0.4166309E+01
  0.3979094E+02  0.8232595E+00  0.3304417E+01
  0.5603075E+02  0.1155413E+02  0.3720029E+01
  0.5839241E+02  0.1340018E+02  0.2843964E+01
  0.5851345E+02  0.1072077E+02  0.5585563E+01
  0.5576887E+02  0.1351371E+02  0.5317478E+01
  0.5975498E+02  0.9410089E+01  0.1588400E+01
  0.6263505E+02  0.1228328E+02  0.1500541E+01
  0.6253637E+02  0.9553854E+01  0.4093150E+01
  0.5971504E+02  0.1197667E+02  0.4151105E+01
  0.6111320E+02  0.1097402E+02  0.2811510E+01
  0.6415205E+02  0.1355495E+02  0.2751094E+01
  0.6425597E+02  0.1085235E+02  0.5588312E+01
  0.6141284E+02  0.1331232E+02  0.5403064E+01
  0.4382013E+02  0.7064466E+01  0.1983145E+02
  0.5102024E+02  0.1222921E+02  0.5994517E+00
  0.4235865E+02  0.1559927E+02  0.1715162E+01
  0.4590205E+02  0.7267415E+01  0.1701383E+02
  0.3928321E+02  0.2096343E+01  0.5283372E+01
  0.4006842E+02  0.1772288E+02  0.1883389E+02
  0.3447036E+02  0.1224121E+02  0.7150310E+00
  0.4572414E+02  0.3219163E+01  0.4174916E+01
  0.5221260E+02  0.1123093E+02  0.9012658E+01
  0.4453656E+02  0.1589674E+02  0.6126198E+01
  0.4267204E+02  0.1533337E+02  0.1650260E+02
  0.4534335E+02  0.3789842E+01  0.7753407E+01
  0.3907329E+02  0.7708605E+01  0.4834550E+01
  0.5053304E+02  0.5411140E+01  0.3006719E+01
  0.2129666E+02  0.2134903E+02  0.1158107E+02
  0.3716900E+02  0.1921111E+02  0.8970753E+01
  0.5252910E+02  0.1089091E+02  0.2136846E+02
  0.5671375E+02  0.1772500E+02  0.1355263E+01
  0.5718905E+02  0.1499900E+02  0.4164635E+01
  0.4916622E+02  0.1642329E+02  0.1921337E+02
  0.5529497E+02  0.1615054E+02  0.3053270E+01
  0.5865343E+02  0.1901796E+02  0.2456910E+01
  0.5853296E+02  0.1637025E+02  0.5623198E+01
  0.5424616E+02  0.1256593E+02  0.9661626E+01
  0.5976042E+02  0.1482165E+02  0.1172055E+01
  0.6244063E+02  0.1767796E+02  0.1344119E+01
  0.6260070E+02  0.1482865E+02  0.4099523E+01
  0.5985528E+02  0.1757351E+02  0.4106251E+01
  0.6125672E+02  0.1613514E+02  0.2636702E+01
  0.6369888E+02  0.1919162E+02  0.2655638E+01
  0.6391026E+02  0.1629999E+02  0.5419721E+01
  0.6105458E+02  0.1872021E+02  0.5361757E+01
  0.5428830E+02  0.9747794E+01  0.1201147E+02
  0.5087743E+02  0.1296509E+02  0.8055449E+01
  0.4710071E+02  0.1467955E+01  0.9188974E+01
  0.4437212E+02  0.3361586E+01  0.1942666E+01
  0.4421212E+02  0.1529927E+02  0.2989227E+01
  0.4761520E+02  0.1939026E+02  0.1930468E+02
  0.4223261E+02  0.1003810E+02  0.9560818E+00
  0.5284904E+02  0.1338847E+02  0.3117459E+01
  0.4026186E+02  0.3083136E+01  0.8143904E+01
  0.3701025E+02  0.2119278E+02  0.1041348E+02
  0.4535097E+02  0.1692890E+02  0.1535850E+01
  0.5207957E+02  0.3072394E+00  0.1963576E+02
  0.4979155E+02  0.2535075E+00  0.1888889E+02
  0.5214050E+02  0.1207711E+02  0.5615932E+01
  0.5456521E+02  0.1471664E+02  0.1228676E+02
  0.5438779E+02  0.4061902E+01  0.1210085E+02
  0.5215021E+02  0.1791059E+02  0.2113178E+02
  0.5690135E+02  0.1210882E+01  0.6299617E+01
  0.5688000E+02  0.2033111E+02  0.9782856E+01
  0.4699121E+02  0.1534682E+02  0.5627653E+00
  0.3022326E+02  0.1097119E+02  0.1780840E+02
  0.5823867E+02  0.2597305E+01  0.8211090E+01
  0.5826503E+02  0.2728502E+00  0.1061581E+02
  0.5590273E+02  0.1922245E+02  0.5515454E+01
  0.5967438E+02  0.2015118E+02  0.6579976E+01
  0.6238716E+02  0.1242329E+01  0.6702433E+01
  0.6246949E+02  0.2012816E+02  0.9507681E+01
  0.5979995E+02  0.1537541E+01  0.9227285E+01
  0.6112143E+02  0.2149116E+02  0.7995595E+01
  0.6387156E+02  0.2537108E+01  0.8021225E+01
  0.6387733E+02  0.2160003E+02  0.1093295E+02
  0.6109448E+02  0.2960679E+01  0.1087840E+02
  0.4665410E+02  0.1151695E+01  0.1835194E+02
  0.5042319E+02  0.8204225E+01  0.1923621E+01
  0.5056751E+02  0.1375049E+02  0.2358989E+01
  0.3651671E+02  0.1354904E+02  0.7937827E+00
  0.4822025E+02  0.1569553E+02  0.3497869E+01
  0.3289062E+02  0.2224088E+01  0.2162565E+01
  0.3327623E+02  0.4986519E+01  0.6528794E+01
  0.4998891E+02  0.1974923E+02  0.1702511E+02
  0.3265265E+02  0.1779501E+02  0.4920974E+01
  0.5559629E+02  0.2871955E+00  0.8381636E+01
  0.5416250E+02  0.1615042E+01  0.9290228E+01
  0.4534771E+02  0.1597220E+02  0.1098533E+02
  0.4100491E+02  0.3969213E+01  0.1300999E+02
  0.4343945E+02  0.1002213E+02  0.3076263E+01
  0.5240583E+02  0.1889704E+02  0.3353186E+01
  0.4731868E+02  0.4847117E+01  0.1924782E+02
  0.4662894E+02  0.6113395E+01  0.9722759E+01
  0.5689660E+02  0.6911930E+01  0.6994081E+01
  0.5716633E+02  0.4208927E+01  0.9367585E+01
  0.5563305E+02  0.8411704E+01  0.1074172E+02
  0.5000505E+02  0.1818783E+01  0.1360289E+02
  0.5826544E+02  0.8225262E+01  0.8242342E+01
  0.5844531E+02  0.5460597E+01  0.1082801E+02
  0.5417235E+02  0.9525855E+01  0.6934125E+01
  0.5965187E+02  0.4109302E+01  0.7154660E+01
  0.6244192E+02  0.6908987E+01  0.6870063E+01
  0.6256452E+02  0.4186352E+01  0.9453952E+01
  0.5978865E+02  0.6900478E+01  0.9536089E+01
  0.6123773E+02  0.5576236E+01  0.8030400E+01
  0.6397455E+02  0.8184899E+01  0.8198174E+01
  0.6355754E+02  0.5755567E+01  0.1099659E+02
  0.6115208E+02  0.8352276E+01  0.1085853E+02
  0.2916009E+02  0.2168589E+02  0.3502134E+01
  0.5032404E+02  0.9290958E+01  0.1858594E+02
  0.4522388E+02  0.1055084E+02  0.1232508E+02
  0.4701659E+02  0.6729981E+01  0.2113300E+02
  0.4746727E+02  0.3691868E+01  0.1480300E+02
  0.4575820E+02  0.1606886E+02  0.1327943E+02
  0.4197374E+02  0.9060334E+01  0.1581601E+02
  0.5041026E+02  0.2082826E+02  0.7561554E+00
  0.3645699E+02  0.1598972E+02  0.1863213E+02
  0.5569756E+02  0.5894952E+01  0.2976445E+01
  0.4404201E+02  0.6717747E+01  0.1005826E+02
  0.5412546E+02  0.1790053E+02  0.4408992E+01
  0.3916607E+02  0.9621191E+01  0.2049427E+02
  0.2826192E+02  0.7915587E+01  0.8303070E+01
  0.3638391E+02  0.1810428E+02  0.1536389E+02
  0.5291481E+02  0.5249463E+01  0.5284753E+01
  0.4619702E+02  0.2115407E+02  0.8495547E+01
  0.5712912E+02  0.1223392E+02  0.7059498E+01
  0.5708102E+02  0.9798258E+01  0.9470440E+01
  0.4255585E+02  0.2489602E+01  0.9107853E+01
  0.5552583E+02  0.1099467E+02  0.8259960E+01
  0.5875946E+02  0.1344197E+02  0.7934234E+01
  0.5860593E+02  0.1107496E+02  0.1083270E+02
  0.5563777E+02  0.1622991E+02  0.8114672E+01
  0.5979599E+02  0.9287761E+01  0.6967780E+01
  0.6278045E+02  0.1205986E+02  0.6878757E+01
  0.6260452E+02  0.9609436E+01  0.9517546E+01
  0.6016990E+02  0.1225484E+02  0.9531040E+01
  0.6111781E+02  0.1089703E+02  0.7945979E+01
  0.6391308E+02  0.1350023E+02  0.8330725E+01
  0.6400854E+02  0.1096218E+02  0.1075898E+02
  0.6120539E+02  0.1379314E+02  0.1082864E+02
  0.4615679E+02  0.1833259E+02  0.1080182E+02
  0.4721161E+02  0.5401379E+01  0.7546167E+01
  0.3840792E+02  0.3357554E+01  0.1093935E+02
  0.4885845E+02  0.3515121E+00  0.2101035E+02
  0.1702457E+02  0.8611462E+01  0.5243085E+01
  0.5030819E+02  0.7732133E+01  0.1206927E+02
  0.3098126E+02  0.8555932E+01  0.1557246E+02
  0.4173595E+02  0.2149464E+00  0.2724635E+00
  0.3888897E+02  0.7882569E+01  0.2500562E+01
  0.5029615E+02  0.1240760E+02  0.1184858E+02
  0.4940471E+02  0.5427063E+01  0.2012835E+02
  0.5155453E+02  0.1122680E+02  0.1436715E+02
  0.4617216E+02  0.1034619E+02  0.5385096E+01
  0.4419185E+02  0.2107323E-01  0.4423225E+01
  0.4549942E+02  0.4735036E+01  0.4598959E+00
  0.4380342E+02  0.2829531E+01  0.1883500E+02
  0.5423047E+02  0.4135345E+01  0.6790096E+01
  0.5699783E+02  0.1769772E+02  0.6800065E+01
  0.5743058E+02  0.1476069E+02  0.9306573E+01
  0.5358414E+02  0.1473535E+02  0.8776385E+01
  0.4067760E+02  0.2158474E+01  0.2156275E+02
  0.5832785E+02  0.1911678E+02  0.8228190E+01
  0.5872233E+02  0.1614448E+02  0.1065432E+02
  0.5585040E+02  0.1886245E+02  0.1135766E+02
  0.5998602E+02  0.1491029E+02  0.6635018E+01
  0.6239890E+02  0.1742981E+02  0.6697057E+01
  0.6264408E+02  0.1486560E+02  0.9431750E+01
  0.5981164E+02  0.1763841E+02  0.9450201E+01
  0.6132991E+02  0.1625820E+02  0.8159957E+01
  0.6363886E+02  0.1882906E+02  0.8044767E+01
  0.6404529E+02  0.1626642E+02  0.1083540E+02
  0.6122863E+02  0.1911102E+02  0.1083243E+02
  0.4954134E+02  0.1471495E+02  0.1759786E+02
  0.2642718E+02  0.1242068E+01  0.6982428E+01
  0.4349353E+02  0.6713442E+01  0.7905240E+01
  0.3910240E+02  0.4497989E+01  0.1866686E+02
  0.5420321E+02  0.1793915E+02  0.1979936E+02
  0.4688945E+02  0.1484873E+02  0.6807121E+01
  0.4601958E+02  0.7472940E+01  0.1914189E+02
  0.4746102E+02  0.1715454E+02  0.6037762E+01
  0.4390632E+02  0.1206375E+02  0.9519066E+01
  0.4233724E+02  0.1336549E+02  0.1085475E+02
  0.4562527E+02  0.1312379E+02  0.7889697E+01
  0.5293565E+02  0.7610902E+01  0.7812385E+01
  0.4367126E+02  0.2488680E+01  0.5268892E+01
  0.5317226E+02  0.1599801E+02  0.1101437E+02
  0.5577841E+02  0.2840524E+01  0.1060218E+02
  0.4326876E+02  0.5644959E+01  0.3435229E+01
  0.5565159E+02  0.3442093E+00  0.1373149E+02
  0.5698621E+02  0.1548091E+01  0.1202024E+02
  0.5694664E+02  0.2031125E+02  0.1490031E+02
  0.4489243E+02  0.6224802E+01  0.1428854E+02
  0.5269051E+02  0.1935846E+02  0.1450016E+02
  0.5814854E+02  0.2754290E+01  0.1360251E+02
  0.5801324E+02  0.2155372E+02  0.1637849E+02
  0.5501448E+02  0.9111639E+00  0.1594287E+02
  0.5978554E+02  0.2063176E+02  0.1205977E+02
  0.6246690E+02  0.1389262E+01  0.1221795E+02
  0.6237383E+02  0.2042713E+02  0.1475418E+02
  0.5932120E+02  0.1141686E+01  0.1485411E+02
  0.6089632E+02  0.2227718E-01  0.1328302E+02
  0.6379776E+02  0.2787191E+01  0.1364019E+02
  0.6365220E+02  0.1068712E+00  0.1611807E+02
  0.6105296E+02  0.2401518E+01  0.1614698E+02
  0.3235278E+02  0.1780723E+02  0.2628085E+01
  0.4098116E+02  0.2124587E+02  0.6460035E+01
  0.4773798E+02  0.1421445E+02  0.1134623E+02
  0.4626122E+02  0.4900420E+01  0.1299231E+02
  0.4400935E+02  0.4617552E+01  0.2050105E+02
  0.4822553E+02  0.7111259E+01  0.1297146E+02
  0.3854237E+02  0.1619611E+02  0.1971642E+02
  0.3294729E+02  0.9322004E+01  0.1499990E+02
  0.4572278E+02  0.5734276E+01  0.3414165E+01
  0.5157025E+02  0.6799051E+01  0.6116819E+01
  0.4774499E+02  0.1547442E+01  0.1367378E+02
  0.3685958E+02  0.1533043E+02  0.6158596E+01
  0.5546609E+02  0.5734440E+01  0.8102513E+01
  0.4988008E+02  0.3071557E+01  0.8309553E+01
  0.4720271E+02  0.3125401E+01  0.1726829E+02
  0.4487170E+02  0.1482552E+02  0.2108483E+02
  0.4720807E+02  0.1134832E+02  0.7921626E+01
  0.5711188E+02  0.6882003E+01  0.1207611E+02
  0.5700746E+02  0.4312988E+01  0.1491909E+02
  0.4821270E+02  0.7956460E+01  0.9413774E+01
  0.5552453E+02  0.5548071E+01  0.1350262E+02
  0.5829607E+02  0.8433015E+01  0.1343894E+02
  0.5824391E+02  0.5201744E+01  0.1649533E+02
  0.5450068E+02  0.6786307E+01  0.1552574E+02
  0.5973073E+02  0.4122311E+01  0.1229690E+02
  0.6240884E+02  0.7020884E+01  0.1239047E+02
  0.6226647E+02  0.4111443E+01  0.1497043E+02
  0.5921092E+02  0.6805039E+01  0.1488312E+02
  0.6099681E+02  0.5522175E+01  0.1357687E+02
  0.6384732E+02  0.8018338E+01  0.1367593E+02
  0.6362691E+02  0.5490266E+01  0.1621360E+02
  0.6096864E+02  0.8003850E+01  0.1620981E+02
  0.3888726E+02  0.1615151E+02  0.4371613E+00
  0.3992546E+02  0.1870809E+02  0.1038560E+02
  0.4303416E+02  0.5233594E+01  0.1291176E+02
  0.4262601E+02  0.1476419E+02  0.4696050E+01
  0.5692139E+02  0.1223128E+02  0.1780637E+02
  0.3394960E+02  0.1547437E+02  0.1477964E+02
  0.4624747E+02  0.4058636E+01  0.1073026E+02
  0.3501414E+02  0.7457157E+01  0.4011308E+01
  0.4287134E+02  0.1217198E+02  0.4284604E+01
  0.2412238E+02  0.1407442E+02  0.6665877E+01
  0.3633691E+02  0.3834048E+01  0.1607707E+02
  0.4278194E+02  0.7886531E+01  0.4334544E+01
  0.4156756E+02  0.1093602E+02  0.1246397E+02
  0.3627257E+02  0.1301848E+02  0.6376226E+01
  0.5583407E+02  0.8410667E+01  0.1646188E+02
  0.5569679E+02  0.1619585E+02  0.1368956E+02
  0.4392267E+02  0.4271934E+01  0.9842988E+01
  0.5722290E+02  0.1213292E+02  0.1239188E+02
  0.5695430E+02  0.9570901E+01  0.1511266E+02
  0.5084362E+02  0.1756639E+02  0.7990256E+01
  0.4024589E+02  0.5745459E+01  0.9883251E+01
  0.5986573E+02  0.1201880E+02  0.1519100E+02
  0.5568385E+02  0.1082597E+02  0.1380924E+02
  0.5251740E+02  0.1342815E+02  0.1891538E+02
  0.5997875E+02  0.9475269E+01  0.1233362E+02
  0.6249447E+02  0.1223808E+02  0.1200951E+02
  0.6259735E+02  0.9411838E+01  0.1516690E+02
  0.5854304E+02  0.1070355E+02  0.1662642E+02
  0.6138490E+02  0.1086086E+02  0.1385311E+02
  0.6365126E+02  0.1366609E+02  0.1376211E+02
  0.6396896E+02  0.1096392E+02  0.1655311E+02
  0.6115408E+02  0.1326712E+02  0.1633982E+02
  0.2464787E+02  0.5703820E+01  0.1122391E+02
  0.4769246E+02  0.1944803E+02  0.9424691E+01
  0.3785312E+02  0.9005589E+01  0.7263519E+01
  0.4792573E+02  0.1328119E+02  0.1874161E+02
  0.4122014E+02  0.4930958E+01  0.6948235E+01
  0.5276341E+02  0.2309165E+01  0.2385285E+01
  0.4450333E+02  0.3221117E+01  0.1308100E+02
  0.5114081E+02  0.1535883E+02  0.5058635E+01
  0.3868198E+02  0.6324723E+01  0.1327501E+02
  0.5557968E+02  0.8297940E+01  0.5712622E+01
  0.4799122E+02  0.1434833E+02  0.1373458E+02
  0.4354101E+02  0.1839241E+02  0.2131773E+02
  0.5264893E+02  0.8038433E+01  0.1297875E+02
  0.3392638E+02  0.2170256E+02  0.1236928E+02
  0.5092682E+02  0.2983336E+01  0.9238842E+00
  0.3133670E+02  0.2102596E+02  0.2581642E+01
  0.4929178E+02  0.6547383E+01  0.4993673E+01
  0.5741446E+02  0.1733930E+02  0.1235188E+02
  0.5711065E+02  0.1475136E+02  0.1491140E+02
  0.4820893E+02  0.4793006E+01  0.3391352E+01
  0.5602597E+02  0.1366134E+02  0.1090704E+02
  0.5869481E+02  0.1894948E+02  0.1363429E+02
  0.5839673E+02  0.1591635E+02  0.1640710E+02
  0.5580807E+02  0.1923104E+02  0.1673338E+02
  0.5964037E+02  0.1483038E+02  0.1250271E+02
  0.6237726E+02  0.1766547E+02  0.1210086E+02
  0.6222964E+02  0.1497454E+02  0.1493421E+02
  0.5964588E+02  0.1753148E+02  0.1513378E+02
  0.6081700E+02  0.1649520E+02  0.1353712E+02
  0.6376664E+02  0.1886932E+02  0.1341886E+02
  0.6404497E+02  0.1644791E+02  0.1635448E+02
  0.6089384E+02  0.1905084E+02  0.1625186E+02
  0.4347429E+02  0.4587012E+01  0.6354718E+01
  0.3953912E+02  0.1191096E+02  0.2175049E+01
  0.5098555E+02  0.1172800E+02  0.1823057E+02
  0.4892609E+02  0.2334743E+01  0.1177023E+02
  0.4688600E+02  0.1192797E+02  0.1098590E+02
  0.4692077E+02  0.1092316E+02  0.2138651E+02
  0.5552899E+02  0.2724626E+01  0.5315946E+01
  0.5147183E+02  0.1354893E+02  0.1664465E+02
  0.4669519E+02  0.1375266E+02  0.2472971E+01
  0.4159436E+02  0.1364038E+01  0.4674270E+01
  0.4804420E+02  0.2034675E+02  0.3446871E+01
  0.5442562E+02  0.1785445E+02  0.9790696E+01
  0.4998415E+02  0.1139966E+02  0.4649207E+01
  0.5143021E+02  0.2124638E+02  0.1588318E+02
  0.5425906E+02  0.2046063E+02  0.6802400E+01
  0.4123826E+02  0.1694659E+02  0.8607313E+01
  0.4781539E+02  0.2083365E+02  0.1743063E+02
  0.5658850E+02  0.1148195E+01  0.1785722E+02
  0.5727282E+02  0.2029064E+02  0.2082203E+02
  0.4707301E+02  0.2076183E+02  0.2132286E+02
  0.5560857E+02  0.2135404E+02  0.1925612E+02
  0.5796971E+02  0.2752272E+01  0.1901413E+02
  0.5858142E+02  0.1721024E+00  0.2348309E-01
  0.5616618E+02  0.3462888E+01  0.1274691E-01
  0.5959846E+02  0.2016092E+02  0.1753756E+02
  0.6242646E+02  0.1371104E+01  0.1768987E+02
  0.6207931E+02  0.2038583E+02  0.2030577E+02
  0.5962936E+02  0.1592310E+01  0.2026515E+02
  0.6092924E+02  0.1230310E+00  0.1889002E+02
  0.6387672E+02  0.2559403E+01  0.1895632E+02
  0.6360189E+02  0.9349393E-01  0.2156198E+02
  0.6072679E+02  0.2910077E+01  0.2166065E+02
  0.1880187E+02  0.4883562E+01  0.5312278E+01
  0.4414529E+02  0.1951553E+02  0.1092158E+02
  0.3692894E+02  0.1850772E+02  0.2548698E+01
  0.5168099E+02  0.8963787E+01  0.9556717E+01
  0.5453010E+02  0.5201836E+01  0.1065025E+01
  0.2649763E+02  0.1578601E+02  0.6524955E+01
  0.4486444E+02  0.1350424E+02  0.1122564E+02
  0.4668518E+02  0.1727731E+02  0.3569013E+01
  0.4842177E+02  0.1066360E+02  0.1219253E+02
  0.5169676E+02  0.5277583E+01  0.1706238E+02
  0.5413959E+02  0.7003676E+00  0.2080293E+02
  0.5300201E+02  0.3561228E+01  0.8565224E+01
  0.4411554E+02  0.1049347E+02  0.1475284E+02
  0.4946778E+02  0.9371814E+01  0.1070971E+02
  0.4181494E+02  0.1341617E+02  0.1304289E+02
  0.5003348E+02  0.1865441E+02  0.2009106E+02
  0.5176772E+02  0.3725087E+01  0.1506471E+02
  0.5716801E+02  0.6941258E+01  0.1782212E+02
  0.5700722E+02  0.4720901E+01  0.1995740E+02
  0.5183869E+02  0.2620209E+01  0.2054945E+02
  0.5533446E+02  0.5835121E+01  0.1872432E+02
  0.5836027E+02  0.8231804E+01  0.1947447E+02
  0.5826703E+02  0.5792242E+01  0.1152997E+00
  0.5529598E+02  0.8455292E+01  0.2032655E+00
  0.5979153E+02  0.3793464E+01  0.1766598E+02
  0.6251563E+02  0.6988979E+01  0.1773753E+02
  0.6247192E+02  0.4013302E+01  0.2047446E+02
  0.5997619E+02  0.6715145E+01  0.2071509E+02
  0.6115579E+02  0.5276592E+01  0.1903234E+02
  0.6400592E+02  0.8319206E+01  0.1899149E+02
  0.6374047E+02  0.5484619E+01  0.2161549E+02
  0.6145648E+02  0.8482048E+01  0.2144596E+00
  0.4187807E+02  0.1929538E+02  0.3537782E+01
  0.4357335E+02  0.2860857E+01  0.1508581E+02
  0.5070911E+02  0.1725772E+02  0.3813580E+01
  0.4308031E+02  0.1123045E+02  0.7304034E+01
  0.4888423E+02  0.1251435E+02  0.6590945E+01
  0.3956098E+02  0.1243804E+02  0.9175372E+01
  0.2591273E+02  0.2007297E+01  0.1089659E+02
  0.3951590E+02  0.2088434E+02  0.1672374E+02
  0.4946915E+02  0.2386796E+01  0.1787212E+02
  0.4433922E+02  0.9803257E+01  0.1020002E+02
  0.2580665E+02  0.3760784E+01  0.1447167E+02
  0.3511986E+02  0.1955625E+02  0.7712195E+01
  0.4636794E+02  0.6462056E+01  0.5551354E+01
  0.4086081E+02  0.1096085E+02  0.8068811E+01
  0.5404257E+02  0.1271949E+01  0.3954101E+01
  0.4876154E+02  0.1718611E+02  0.2166400E+02
  0.4147973E+02  0.5588663E+01  0.1740276E+01
  0.5843899E+02  0.1341377E+02  0.1372543E+02
  0.5681650E+02  0.9804411E+01  0.2050221E+02
  0.4471956E+02  0.1220506E+02  0.5823389E+01
  0.5555042E+02  0.1114144E+02  0.1912551E+02
  0.5833621E+02  0.1359590E+02  0.1912540E+02
  0.5839954E+02  0.1086571E+02  0.2049298E+00
  0.5545269E+02  0.1364049E+02  0.1674957E+00
  0.5984489E+02  0.9233120E+01  0.1783891E+02
  0.6279268E+02  0.1221947E+02  0.1761840E+02
  0.6285489E+02  0.9680315E+01  0.2039145E+02
  0.5970777E+02  0.1211308E+02  0.2046533E+02
  0.6133751E+02  0.1073372E+02  0.1905918E+02
  0.6389280E+02  0.1358620E+02  0.1892159E+02
  0.6400374E+02  0.1113955E+02  0.2170266E+02
  0.6121915E+02  0.1354195E+02  0.2170923E+02
  0.4770897E+02  0.1677127E+02  0.1544516E+02
  0.5217134E+02  0.3062144E+01  0.1145443E+02
  0.5383540E+02  0.9984261E+01  0.1223408E+01
  0.4502138E+02  0.1902822E+02  0.1886327E+02
  0.3615127E+02  0.5339482E+01  0.1134311E+01
  0.5434527E+02  0.1479565E+02  0.1786215E+02
  0.4133379E+02  0.1809416E+02  0.1250345E+02
  0.4423233E+02  0.1067342E+01  0.9836687E+00
  0.4900681E+02  0.1222930E+02  0.1682263E+02
  0.5397810E+02  0.1473160E+02  0.1529336E+01
  0.5445485E+02  0.9981456E+01  0.1752867E+02
  0.4388946E+02  0.6112787E-01  0.1220093E+02
  0.5315432E+02  0.3305616E+00  0.1751108E+02
  0.4760080E+02  0.9072278E+01  0.1393100E+02
  0.4380120E+02  0.2104967E+02  0.1556279E+02
  0.3954359E+02  0.2123143E+02  0.1027342E+02
  0.5682383E+02  0.1498865E+02  0.2055344E+02
  0.5729607E+02  0.1751633E+02  0.1779177E+02
  0.5566395E+02  0.1638349E+02  0.1920897E+02
  0.4948853E+02  0.1736835E+02  0.1107917E+02
  0.5291681E+02  0.8970000E+01  0.1873509E+02
  0.5846576E+02  0.1886503E+02  0.1917044E+02
  0.5811144E+02  0.1623661E+02  0.1131631E+00
  0.5509754E+02  0.1918832E+02  0.2171169E+02
  0.5981080E+02  0.1461827E+02  0.1778848E+02
  0.6242959E+02  0.1788951E+02  0.1756070E+02
  0.6259407E+02  0.1487180E+02  0.2034350E+02
  0.5960338E+02  0.1735861E+02  0.2042952E+02
  0.6119997E+02  0.1621272E+02  0.1894605E+02
  0.6375634E+02  0.1919399E+02  0.1911974E+02
  0.6381565E+02  0.1644928E+02  0.2166036E+02
  0.6102390E+02  0.1889594E+02  0.1544562E+00
