         
  0.6515772E+02  0.0000000E+00  0.2171924E+02
  0.0000000E+00  0.0000000E+00  0.2171924E+02
  0.6508961E+02  0.2169492E+02  0.2130670E+02  Si
  0.2684742E+01  0.2828496E+01  0.2123350E+02  Si
  0.2428855E+01  0.2137752E+02  0.2290706E+01  Si
  0.1173228E+00  0.2622092E+01  0.2182196E+01  Si
  0.1251218E+01  0.1252518E+01  0.6343004E+00  Si
  0.4139449E+01  0.3826945E+01  0.1117913E+01  Si
  0.3675097E+01  0.1122263E+01  0.3523141E+01  Si
  0.1373599E+01  0.4155166E+01  0.3831296E+01  Si
  0.5415280E+01  0.2159762E+02  0.2107957E+02  Si
  0.7678605E+01  0.2212619E+01  0.2109063E+02  Si
  0.8273745E+01  0.2120042E+02  0.2076679E+01  Si
  0.5210490E+01  0.2370590E+01  0.2253912E+01  Si
  0.6789947E+01  0.9945218E+00  0.9466012E+00  Si
  0.9388043E+01  0.3649675E+01  0.7833396E+00  Si
  0.9515778E+01  0.9937234E+00  0.3473686E+01  Si
  0.6676449E+01  0.3640101E+01  0.3614926E+01  Si
  0.1061689E+02  0.2789979E+00  0.2131233E+02  Si
  0.1349005E+02  0.2618069E+01  0.2111740E+02  Si
  0.1373718E+02  0.2141540E+02  0.2004476E+01  Si
  0.1102169E+02  0.2468422E+01  0.2297505E+01  Si
  0.1225456E+02  0.1190273E+01  0.9569601E+00  Si
  0.1471657E+02  0.4198085E+01  0.5301446E+00  Si
  0.1499664E+02  0.9354957E+00  0.3432535E+01  Si
  0.1239080E+02  0.3750593E+01  0.3577754E+01  Si
  0.1603482E+02  0.2106845E+02  0.2083676E+02  Si
  0.1923631E+02  0.2372047E+01  0.2094603E+02  Si
  0.1890263E+02  0.2155807E+02  0.1792211E+01  Si
  0.1599582E+02  0.2568469E+01  0.2097477E+01  Si
  0.1755683E+02  0.1508774E+01  0.7896498E+00  Si
  0.2599847E+02  0.5234571E+01  0.3466204E+01  Si
  0.2104474E+02  0.5060004E+01  0.2832350E+00  Si
  0.1736600E+02  0.4077199E+01  0.3515894E+01  Si
  0.1435446E+00  0.5348118E+01  0.2129919E+02  Si
  0.2596827E+01  0.8216306E+01  0.2132045E+02  Si
  0.2696300E+01  0.5309047E+01  0.2336874E+01  Si
  0.1780119E+00  0.8155953E+01  0.2304768E+01  Si
  0.1373882E+01  0.6665810E+01  0.9295256E+00  Si
  0.4053165E+01  0.9654181E+01  0.8321416E+00  Si
  0.4024121E+01  0.6636234E+01  0.3778245E+01  Si
  0.1603909E+01  0.9456865E+01  0.3596268E+01  Si
  0.5223929E+01  0.5151530E+01  0.2107631E+02  Si
  0.8052901E+01  0.7622679E+01  0.2115107E+02  Si
  0.8052824E+01  0.4971491E+01  0.2019062E+01  Si
  0.4983267E+01  0.7833484E+01  0.2107149E+01  Si
  0.6473444E+01  0.6466578E+01  0.6450696E+00  Si
  0.9179235E+01  0.8970012E+01  0.1020582E+01  Si
  0.9448461E+01  0.6402030E+01  0.3510589E+01  Si
  0.6498851E+01  0.9157624E+01  0.3486486E+01  Si
  0.1069917E+02  0.5018243E+01  0.2114070E+02  Si
  0.1384287E+02  0.7817918E+01  0.2120667E+02  Si
  0.1364922E+02  0.5478120E+01  0.2277320E+01  Si
  0.1090916E+02  0.7950029E+01  0.2251165E+01  Si
  0.1208650E+02  0.6626294E+01  0.5890057E+00  Si
  0.1488880E+02  0.9336450E+01  0.1132785E+01  Si
  0.1489832E+02  0.6836109E+01  0.3597646E+01  Si
  0.1214043E+02  0.9367066E+01  0.3594529E+01  Si
  0.1657595E+02  0.5193699E+01  0.2099606E+02  Si
  0.1907885E+02  0.7888936E+01  0.2120540E+02  Si
  0.1913344E+02  0.5146978E+01  0.2091680E+01  Si
  0.1647670E+02  0.7843861E+01  0.2135569E+01  Si
  0.1790900E+02  0.6454713E+01  0.7995617E+00  Si
  0.2173647E+02  0.1095749E+02  0.2122754E+02  Si
  0.2798343E+02  0.5796430E+01  0.1632899E+02  Si
  0.1783261E+02  0.9334390E+01  0.3357313E+01  Si
  0.6491526E+02  0.1072706E+02  0.2123656E+02  Si
  0.2545660E+01  0.1337105E+02  0.2115347E+02  Si
  0.2681382E+01  0.1101484E+02  0.2138826E+01  Si
  0.1457862E+00  0.1348015E+02  0.2232172E+01  Si
  0.1344423E+01  0.1194184E+02  0.6839388E+00  Si
  0.4054121E+01  0.1452010E+02  0.8745212E+00  Si
  0.4240717E+01  0.1206486E+02  0.3432367E+01  Si
  0.1549321E+01  0.1472355E+02  0.3640160E+01  Si
  0.5416183E+01  0.1058941E+02  0.2081803E+02  Si
  0.8204502E+01  0.1354153E+02  0.2099448E+02  Si
  0.7767701E+01  0.1042056E+02  0.1971418E+01  Si
  0.5539887E+01  0.1314564E+02  0.2013625E+01  Si
  0.6844884E+01  0.1201025E+02  0.3382115E+00  Si
  0.9618080E+01  0.1468362E+02  0.6386733E+00  Si
  0.9138200E+01  0.1190827E+02  0.3227774E+01  Si
  0.6804592E+01  0.1481984E+02  0.3518495E+01  Si
  0.1063822E+02  0.1055589E+02  0.2146907E+02  Si
  0.1358621E+02  0.1299546E+02  0.2116229E+02  Si
  0.1345967E+02  0.1076740E+02  0.2491806E+01  Si
  0.1067255E+02  0.1316359E+02  0.1953308E+01  Si
  0.1225870E+02  0.1188350E+02  0.8522199E+00  Si
  0.1469514E+02  0.1451705E+02  0.7295762E+00  Si
  0.1485591E+02  0.1212837E+02  0.3767877E+01  Si
  0.1195835E+02  0.1429828E+02  0.3425873E+01  Si
  0.1634228E+02  0.1030219E+02  0.2137024E+02  Si
  0.1924513E+02  0.1331927E+02  0.2094272E+02  Si
  0.2050185E+02  0.9341055E+01  0.5883377E+00  Si
  0.1625660E+02  0.1324852E+02  0.2185856E+01  Si
  0.1776243E+02  0.1205539E+02  0.6728045E+00  Si
  0.2027697E+02  0.1199292E+02  0.1965240E+02  Si
  0.2461813E+02  0.2128678E+02  0.6442533E+01  Si
  0.1791794E+02  0.1413793E+02  0.3469207E+01  Si
  0.6502908E+02  0.1624498E+02  0.2130620E+02  Si
  0.2942689E+01  0.1908061E+02  0.2104119E+02  Si
  0.2855148E+01  0.1604231E+02  0.2095740E+01  Si
  0.6492383E+02  0.1877208E+02  0.2052558E+01  Si
  0.1513794E+01  0.1768282E+02  0.8173373E+00  Si
  0.4035827E+01  0.2030606E+02  0.8878440E+00  Si
  0.4220865E+01  0.1732209E+02  0.3332702E+01  Si
  0.1135008E+01  0.2009365E+02  0.3471903E+01  Si
  0.5206547E+01  0.1588449E+02  0.2115765E+02  Si
  0.8227371E+01  0.1876278E+02  0.2100678E+02  Si
  0.8132775E+01  0.1598246E+02  0.1930456E+01  Si
  0.5588485E+01  0.1874546E+02  0.2034007E+01  Si
  0.6859558E+01  0.1725087E+02  0.4382987E+00  Si
  0.9537751E+01  0.2016409E+02  0.5711914E+00  Si
  0.9455916E+01  0.1753216E+02  0.3125949E+01  Si
  0.6948344E+01  0.2007006E+02  0.3666504E+01  Si
  0.1102127E+02  0.1607971E+02  0.2115959E+02  Si
  0.1366517E+02  0.1876104E+02  0.2104860E+02  Si
  0.1353443E+02  0.1573574E+02  0.2300876E+01  Si
  0.1114076E+02  0.1901587E+02  0.1928774E+01  Si
  0.1254423E+02  0.1739601E+02  0.7729370E+00  Si
  0.1483951E+02  0.1986177E+02  0.7587654E+00  Si
  0.1499655E+02  0.1704802E+02  0.3427618E+01  Si
  0.1251298E+02  0.2020428E+02  0.3569301E+01  Si
  0.1629784E+02  0.1596169E+02  0.2121929E+02  Si
  0.1908822E+02  0.1874371E+02  0.2126241E+02  Si
  0.1898038E+02  0.1581516E+02  0.1982737E+01  Si
  0.1629502E+02  0.1842068E+02  0.2108134E+01  Si
  0.1768023E+02  0.1728096E+02  0.8084743E+00  Si
  0.2664415E+02  0.2040773E+02  0.1650011E+02  Si
  0.2025114E+02  0.1737956E+02  0.3560867E+01  Si
  0.1776324E+02  0.1997261E+02  0.3375070E+01  Si
  0.6514498E+02  0.2023718E-01  0.4726380E+01  Si
  0.2504896E+01  0.2596144E+01  0.4951783E+01  Si
  0.2663600E+01  0.2147146E+02  0.7323325E+01  Si
  0.6500279E+02  0.2459974E+01  0.7594981E+01  Si
  0.1248233E+01  0.1307380E+01  0.6125901E+01  Si
  0.3726454E+01  0.3802928E+01  0.6375563E+01  Si
  0.3796864E+01  0.1161324E+01  0.8843712E+01  Si
  0.1168293E+01  0.3738693E+01  0.8970735E+01  Si
  0.5503979E+01  0.3318123E-01  0.4841481E+01  Si
  0.8150243E+01  0.2188806E+01  0.5017497E+01  Si
  0.8451542E+01  0.2144478E+02  0.7548766E+01  Si
  0.5357220E+01  0.2366064E+01  0.7542160E+01  Si
  0.6794345E+01  0.9307747E+00  0.6601946E+01  Si
  0.9384051E+01  0.3631359E+01  0.6340697E+01  Si
  0.9732537E+01  0.1227847E+01  0.8705521E+01  Si
  0.6606143E+01  0.4132079E+01  0.8652607E+01  Si
  0.1072817E+02  0.2132124E+02  0.4845867E+01  Si
  0.1373060E+02  0.2414610E+01  0.4908502E+01  Si
  0.1353413E+02  0.2131508E+02  0.7324188E+01  Si
  0.1106405E+02  0.2316499E+01  0.7304146E+01  Si
  0.1222812E+02  0.8914451E+00  0.5893523E+01  Si
  0.1484220E+02  0.4162217E+01  0.6079985E+01  Si
  0.1492175E+02  0.1091555E+01  0.8575731E+01  Si
  0.1235523E+02  0.3878654E+01  0.8796735E+01  Si
  0.1649290E+02  0.2143720E+02  0.4658862E+01  Si
  0.1901119E+02  0.2419808E+01  0.4359410E+01  Si
  0.1890556E+02  0.2167812E+02  0.7227644E+01  Si
  0.1638795E+02  0.2515989E+01  0.7420020E+01  Si
  0.1774435E+02  0.1294036E+01  0.5933465E+01  Si
  0.2133132E+02  0.7055122E+00  0.1530104E+02  Si
  0.2792385E+02  0.1690139E+01  0.5321116E+01  Si
  0.1775028E+02  0.3986547E+01  0.8848005E+01  Si
  0.1622134E-01  0.5465663E+01  0.5315156E+01  Si
  0.2461764E+01  0.7820536E+01  0.4919098E+01  Si
  0.2361480E+01  0.5228475E+01  0.7906975E+01  Si
  0.6505435E+02  0.8090683E+01  0.7720605E+01  Si
  0.1275508E+01  0.6523713E+01  0.6443586E+01  Si
  0.3813304E+01  0.9324267E+01  0.6108510E+01  Si
  0.4083057E+01  0.6648576E+01  0.8933732E+01  Si
  0.1266434E+01  0.9395080E+01  0.8945642E+01  Si
  0.5134511E+01  0.5149074E+01  0.5047980E+01  Si
  0.7907041E+01  0.7909028E+01  0.4809832E+01  Si
  0.8259148E+01  0.5343736E+01  0.7391404E+01  Si
  0.5326003E+01  0.8001671E+01  0.7566904E+01  Si
  0.6640469E+01  0.6668715E+01  0.6285321E+01  Si
  0.9335414E+01  0.9341422E+01  0.6113396E+01  Si
  0.9540802E+01  0.6624165E+01  0.8800997E+01  Si
  0.6740264E+01  0.9515185E+01  0.8894222E+01  Si
  0.1073713E+02  0.4970475E+01  0.4879891E+01  Si
  0.1347959E+02  0.7995671E+01  0.5146409E+01  Si
  0.1352082E+02  0.5330209E+01  0.7434897E+01  Si
  0.1084144E+02  0.8077200E+01  0.7604287E+01  Si
  0.1170643E+02  0.6666003E+01  0.6082407E+01  Si
  0.1516091E+02  0.9229066E+01  0.6342943E+01  Si
  0.1499918E+02  0.6657978E+01  0.8798194E+01  Si
  0.1231309E+02  0.9246789E+01  0.9089029E+01  Si
  0.1620364E+02  0.5378746E+01  0.4928801E+01  Si
  0.1913209E+02  0.8061580E+01  0.4681862E+01  Si
  0.2018018E+02  0.3742217E+01  0.6023709E+01  Si
  0.1653751E+02  0.8025813E+01  0.7669926E+01  Si
  0.1774219E+02  0.6585995E+01  0.6195271E+01  Si
  0.2069885E+02  0.6574576E+01  0.3383838E+01  Si
  0.2224616E+02  0.7997147E+01  0.1502779E+02  Si
  0.1768125E+02  0.9276831E+01  0.9409874E+01  Si
  0.1684518E+00  0.1070626E+02  0.4720165E+01  Si
  0.2848936E+01  0.1318208E+02  0.4939262E+01  Si
  0.2668347E+01  0.1067291E+02  0.7478848E+01  Si
  0.1976396E+00  0.1351668E+02  0.7500716E+01  Si
  0.1422756E+01  0.1209215E+02  0.6248816E+01  Si
  0.4018351E+01  0.1454960E+02  0.6237076E+01  Si
  0.3827043E+01  0.1216536E+02  0.8976031E+01  Si
  0.1519091E+01  0.1490524E+02  0.8988470E+01  Si
  0.5177228E+01  0.1061576E+02  0.5013416E+01  Si
  0.8000112E+01  0.1325371E+02  0.4663241E+01  Si
  0.7985012E+01  0.1078459E+02  0.7547067E+01  Si
  0.5285910E+01  0.1318541E+02  0.7572539E+01  Si
  0.6594202E+01  0.1194566E+02  0.6168870E+01  Si
  0.9275487E+01  0.1457431E+02  0.5968326E+01  Si
  0.9391366E+01  0.1211777E+02  0.8968681E+01  Si
  0.6671220E+01  0.1477464E+02  0.8736892E+01  Si
  0.1055985E+02  0.1065777E+02  0.4804827E+01  Si
  0.1305888E+02  0.1299498E+02  0.4899377E+01  Si
  0.1348856E+02  0.1055456E+02  0.7469819E+01  Si
  0.1067044E+02  0.1354636E+02  0.7570225E+01  Si
  0.1178258E+02  0.1179492E+02  0.6343353E+01  Si
  0.1471779E+02  0.1448672E+02  0.6078291E+01  Si
  0.1483692E+02  0.1207596E+02  0.8900280E+01  Si
  0.1221553E+02  0.1474971E+02  0.8733435E+01  Si
  0.1628765E+02  0.1038575E+02  0.4771628E+01  Si
  0.1906104E+02  0.1065012E+02  0.1999217E+01  Si
  0.1871368E+02  0.1059691E+02  0.7556789E+01  Si
  0.1638323E+02  0.1328240E+02  0.7534470E+01  Si
  0.1772409E+02  0.1193588E+02  0.6000801E+01  Si
  0.2271998E+02  0.1777062E+02  0.6239293E+00  Si
  0.2271714E+02  0.6819707E+01  0.5892930E+01  Si
  0.1753077E+02  0.1450924E+02  0.8750675E+01  Si
  0.6510345E+02  0.1615695E+02  0.4861280E+01  Si
  0.2782465E+01  0.1867201E+02  0.4686929E+01  Si
  0.2777489E+01  0.1627451E+02  0.7398833E+01  Si
  0.6507497E+02  0.1895568E+02  0.7372435E+01  Si
  0.1308413E+01  0.1731983E+02  0.6185771E+01  Si
  0.4235966E+01  0.2019916E+02  0.5968103E+01  Si
  0.4176125E+01  0.1771916E+02  0.8617477E+01  Si
  0.1181935E+01  0.2032018E+02  0.8852983E+01  Si
  0.5446321E+01  0.1589175E+02  0.4949965E+01  Si
  0.8356659E+01  0.1847207E+02  0.4698623E+01  Si
  0.8502773E+01  0.1630148E+02  0.7456795E+01  Si
  0.5532970E+01  0.1903075E+02  0.7310481E+01  Si
  0.6853021E+01  0.1736134E+02  0.6273438E+01  Si
  0.9673888E+01  0.2006313E+02  0.6199796E+01  Si
  0.9720543E+01  0.1752821E+02  0.8780296E+01  Si
  0.6683603E+01  0.2031642E+02  0.8797151E+01  Si
  0.1077713E+02  0.1593058E+02  0.4585443E+01  Si
  0.1375305E+02  0.1877553E+02  0.4801498E+01  Si
  0.1376387E+02  0.1606189E+02  0.7248801E+01  Si
  0.1133717E+02  0.1877918E+02  0.7451900E+01  Si
  0.1239752E+02  0.1703804E+02  0.5939231E+01  Si
  0.1517006E+02  0.2013892E+02  0.6171067E+01  Si
  0.1496913E+02  0.1739107E+02  0.8914379E+01  Si
  0.1231041E+02  0.1996001E+02  0.9096332E+01  Si
  0.1633840E+02  0.1580249E+02  0.4803530E+01  Si
  0.2599324E+02  0.1701043E+02  0.7105354E+01  Si
  0.1892847E+02  0.1596512E+02  0.7692536E+01  Si
  0.1638817E+02  0.1874222E+02  0.7468484E+01  Si
  0.1768438E+02  0.1722944E+02  0.6225397E+01  Si
  0.2518314E+02  0.2466640E+01  0.1744242E+01  Si
  0.2261462E+02  0.1990597E+02  0.6886197E+01  Si
  0.1785732E+02  0.2007418E+02  0.8735621E+01  Si
  0.6496340E+02  0.2160178E+02  0.1062638E+02  Si
  0.2448471E+01  0.2351766E+01  0.1045394E+02  Si
  0.2543497E+01  0.2141268E+02  0.1323043E+02  Si
  0.6512724E+02  0.2823462E+01  0.1342018E+02  Si
  0.1018379E+01  0.1285832E+01  0.1198497E+02  Si
  0.4017540E+01  0.3880873E+01  0.1164250E+02  Si
  0.4068274E+01  0.1181334E+01  0.1443471E+02  Si
  0.1585033E+01  0.4019159E+01  0.1445769E+02  Si
  0.5289674E+01  0.2155705E+02  0.1017746E+02  Si
  0.7914376E+01  0.2545415E+01  0.9905860E+01  Si
  0.8103267E+01  0.2141762E+02  0.1313135E+02  Si
  0.5182039E+01  0.2456029E+01  0.1298237E+02  Si
  0.6765307E+01  0.1135711E+01  0.1161996E+02  Si
  0.9231211E+01  0.3824454E+01  0.1145100E+02  Si
  0.9814128E+01  0.9821864E+00  0.1432867E+02  Si
  0.6832395E+01  0.3794606E+01  0.1437498E+02  Si
  0.1100823E+02  0.2158245E+02  0.1011605E+02  Si
  0.1381027E+02  0.2485806E+01  0.1007301E+02  Si
  0.1377157E+02  0.2141239E+02  0.1275923E+02  Si
  0.1094191E+02  0.2656385E+01  0.1290844E+02  Si
  0.1243826E+02  0.1182610E+01  0.1162875E+02  Si
  0.1505871E+02  0.4074969E+01  0.1150736E+02  Si
  0.1497283E+02  0.1023351E+01  0.1409612E+02  Si
  0.1234257E+02  0.3853676E+01  0.1433310E+02  Si
  0.1627258E+02  0.2151179E+02  0.1002790E+02  Si
  0.2042217E+02  0.9819313E+00  0.8940690E+01  Si
  0.2500787E+02  0.1790268E+02  0.1916226E+02  Si
  0.1617026E+02  0.2738316E+01  0.1262454E+02  Si
  0.1751575E+02  0.1296466E+01  0.1148748E+02  Si
  0.1910989E+02  0.2511790E+01  0.1016517E+02  Si
  0.2047149E+02  0.3920079E+01  0.1145668E+02  Si
  0.1738881E+02  0.3963008E+01  0.1428934E+02  Si
  0.6513488E+02  0.5313516E+01  0.1007144E+02  Si
  0.2763490E+01  0.8014219E+01  0.1023113E+02  Si
  0.2724203E+01  0.5222610E+01  0.1302804E+02  Si
  0.6154001E-02  0.7770574E+01  0.1295458E+02  Si
  0.1261624E+01  0.6512399E+01  0.1141140E+02  Si
  0.4358878E+01  0.9525555E+01  0.1151031E+02  Si
  0.4103648E+01  0.6611972E+01  0.1425575E+02  Si
  0.1564929E+01  0.9433320E+01  0.1412653E+02  Si
  0.5458645E+01  0.5215423E+01  0.1018003E+02  Si
  0.8243907E+01  0.8171867E+01  0.9963933E+01  Si
  0.7984403E+01  0.5138721E+01  0.1296165E+02  Si
  0.5705388E+01  0.7957021E+01  0.1289232E+02  Si
  0.6611412E+01  0.6631439E+01  0.1162312E+02  Si
  0.9583208E+01  0.9423107E+01  0.1159828E+02  Si
  0.9440584E+01  0.6620160E+01  0.1434823E+02  Si
  0.6711440E+01  0.9572690E+01  0.1431906E+02  Si
  0.1093306E+02  0.5140664E+01  0.1025789E+02  Si
  0.1370912E+02  0.7903738E+01  0.1054311E+02  Si
  0.1364722E+02  0.5286524E+01  0.1296365E+02  Si
  0.1077505E+02  0.8089511E+01  0.1306901E+02  Si
  0.1211565E+02  0.6654848E+01  0.1179400E+02  Si
  0.1485532E+02  0.9420469E+01  0.1201223E+02  Si
  0.1486157E+02  0.6840625E+01  0.1431063E+02  Si
  0.1207629E+02  0.9408269E+01  0.1436503E+02  Si
  0.1654218E+02  0.5521317E+01  0.1032302E+02  Si
  0.1914143E+02  0.7821769E+01  0.1038736E+02  Si
  0.1934091E+02  0.5164189E+01  0.1291831E+02  Si
  0.1646228E+02  0.7987717E+01  0.1316248E+02  Si
  0.1790419E+02  0.6532607E+01  0.1182765E+02  Si
  0.2955855E+02  0.7932202E+01  0.1679270E+02  Si
  0.2023193E+02  0.6440594E+01  0.1457692E+02  Si
  0.1785781E+02  0.9114167E+01  0.1437744E+02  Si
  0.6501295E+02  0.1065382E+02  0.1040177E+02  Si
  0.2587811E+01  0.1357043E+02  0.1028604E+02  Si
  0.2962702E+01  0.1086614E+02  0.1291503E+02  Si
  0.6504079E+02  0.1330265E+02  0.1325626E+02  Si
  0.1217116E+01  0.1201621E+02  0.1170598E+02  Si
  0.4082126E+01  0.1472116E+02  0.1153710E+02  Si
  0.4086219E+01  0.1224043E+02  0.1424058E+02  Si
  0.1167228E+01  0.1482971E+02  0.1430745E+02  Si
  0.5562229E+01  0.1099582E+02  0.1022868E+02  Si
  0.8151452E+01  0.1380623E+02  0.1010636E+02  Si
  0.8194626E+01  0.1090129E+02  0.1313000E+02  Si
  0.5504074E+01  0.1351193E+02  0.1286343E+02  Si
  0.6950189E+01  0.1216363E+02  0.1137267E+02  Si
  0.9515591E+01  0.1507111E+02  0.1139259E+02  Si
  0.9404981E+01  0.1227782E+02  0.1443958E+02  Si
  0.7003729E+01  0.1487836E+02  0.1408939E+02  Si
  0.1114907E+02  0.1082646E+02  0.1044129E+02  Si
  0.1358367E+02  0.1373107E+02  0.1033362E+02  Si
  0.1358008E+02  0.1085107E+02  0.1340271E+02  Si
  0.1057316E+02  0.1367171E+02  0.1290433E+02  Si
  0.1233945E+02  0.1235692E+02  0.1189344E+02  Si
  0.1496094E+02  0.1486105E+02  0.1175861E+02  Si
  0.1502629E+02  0.1221874E+02  0.1472830E+02  Si
  0.1221036E+02  0.1444154E+02  0.1448987E+02  Si
  0.1618576E+02  0.1074094E+02  0.1055302E+02  Si
  0.2393649E+02  0.5142911E+01  0.1286585E+02  Si
  0.2966991E+02  0.3178695E+01  0.7080280E+00  Si
  0.1637020E+02  0.1342692E+02  0.1295622E+02  Si
  0.1794751E+02  0.1193862E+02  0.1172599E+02  Si
  0.2045252E+02  0.1996446E+02  0.1158969E+02  Si
  0.1919693E+02  0.1595649E+02  0.1268304E+02  Si
  0.1775141E+02  0.1479514E+02  0.1412265E+02  Si
  0.6509344E+02  0.1626692E+02  0.1027756E+02  Si
  0.2594274E+01  0.1887139E+02  0.1006953E+02  Si
  0.2850396E+01  0.1598143E+02  0.1303167E+02  Si
  0.1928668E-02  0.1868940E+02  0.1286995E+02  Si
  0.1747944E+01  0.1744457E+02  0.1153457E+02  Si
  0.4018272E+01  0.2036492E+02  0.1157361E+02  Si
  0.4354411E+01  0.1749316E+02  0.1417235E+02  Si
  0.1286789E+01  0.1990952E+02  0.1462217E+02  Si
  0.5129981E+01  0.1604434E+02  0.1000286E+02  Si
  0.8206576E+01  0.1894462E+02  0.1012021E+02  Si
  0.8235569E+01  0.1647538E+02  0.1284928E+02  Si
  0.5505030E+01  0.1896993E+02  0.1276597E+02  Si
  0.6550204E+01  0.1756860E+02  0.1113982E+02  Si
  0.9674594E+01  0.2040277E+02  0.1141716E+02  Si
  0.9642988E+01  0.1766976E+02  0.1422819E+02  Si
  0.6923191E+01  0.1999459E+02  0.1448765E+02  Si
  0.1104934E+02  0.1651675E+02  0.1019397E+02  Si
  0.1365973E+02  0.1879019E+02  0.1037842E+02  Si
  0.1362203E+02  0.1592173E+02  0.1322818E+02  Si
  0.1094240E+02  0.1908849E+02  0.1298066E+02  Si
  0.1233811E+02  0.1750129E+02  0.1189122E+02  Si
  0.1508303E+02  0.2024947E+02  0.1142269E+02  Si
  0.1487828E+02  0.1749736E+02  0.1445281E+02  Si
  0.1238574E+02  0.2026509E+02  0.1441761E+02  Si
  0.1637585E+02  0.1607978E+02  0.1013599E+02  Si
  0.1890633E+02  0.1884424E+02  0.1033397E+02  Si
  0.2212651E+02  0.1261221E+02  0.1328921E+02  Si
  0.1602693E+02  0.1879772E+02  0.1309662E+02  Si
  0.1754428E+02  0.1746514E+02  0.1168369E+02  Si
  0.2193244E+02  0.1644601E+02  0.1566492E+02  Si
  0.2038312E+02  0.1492578E+02  0.1692477E+02  Si
  0.1764152E+02  0.2007536E+02  0.1429592E+02  Si
  0.6494785E+02  0.1187489E+00  0.1593361E+02  Si
  0.2667958E+01  0.2424188E+01  0.1579124E+02  Si
  0.2682016E+01  0.2161430E+02  0.1828927E+02  Si
  0.3337532E-01  0.2856075E+01  0.1829704E+02  Si
  0.1363441E+01  0.1323852E+01  0.1709874E+02  Si
  0.3875135E+01  0.3970625E+01  0.1719146E+02  Si
  0.3927530E+01  0.1091715E+01  0.1977811E+02  Si
  0.1381271E+01  0.4119698E+01  0.1982666E+02  Si
  0.5510125E+01  0.2146981E+02  0.1562091E+02  Si
  0.8186462E+01  0.2112482E+01  0.1553411E+02  Si
  0.8102438E+01  0.2152903E+02  0.1833894E+02  Si
  0.5392826E+01  0.2450544E+01  0.1834198E+02  Si
  0.6831580E+01  0.1253464E+01  0.1704945E+02  Si
  0.9677438E+01  0.3945102E+01  0.1680402E+02  Si
  0.9493101E+01  0.1232050E+01  0.1964927E+02  Si
  0.6669850E+01  0.3861537E+01  0.1953416E+02  Si
  0.1130766E+02  0.2169474E+02  0.1570812E+02  Si
  0.1388501E+02  0.2499011E+01  0.1573392E+02  Si
  0.1334545E+02  0.2168947E+02  0.1855922E+02  Si
  0.1091338E+02  0.2431346E+01  0.1819284E+02  Si
  0.1243143E+02  0.1244004E+01  0.1715751E+02  Si
  0.1507502E+02  0.3799937E+01  0.1714848E+02  Si
  0.1487035E+02  0.1079709E+01  0.1966829E+02  Si
  0.1211496E+02  0.3736673E+01  0.1954083E+02  Si
  0.1598914E+02  0.2139065E+02  0.1567747E+02  Si
  0.1856362E+02  0.2461069E+01  0.1552489E+02  Si
  0.1890443E+02  0.2108018E+02  0.1816062E+02  Si
  0.1657601E+02  0.2373300E+01  0.1822024E+02  Si
  0.1750976E+02  0.7743268E+00  0.1688136E+02  Si
  0.2022677E+02  0.3824535E+01  0.1723428E+02  Si
  0.2160481E+02  0.3068786E+01  0.1901717E+02  Si
  0.1795634E+02  0.3886121E+01  0.1967962E+02  Si
  0.2376003E+00  0.5366104E+01  0.1586402E+02  Si
  0.2867307E+01  0.8033531E+01  0.1561311E+02  Si
  0.2693082E+01  0.5398981E+01  0.1840627E+02  Si
  0.2064640E-01  0.7859633E+01  0.1824379E+02  Si
  0.1529440E+01  0.6934177E+01  0.1718328E+02  Si
  0.4202642E+01  0.9423593E+01  0.1700656E+02  Si
  0.4036500E+01  0.6845795E+01  0.2004369E+02  Si
  0.9261568E+00  0.9273617E+01  0.1985837E+02  Si
  0.5442245E+01  0.5224195E+01  0.1565893E+02  Si
  0.7840177E+01  0.8129818E+01  0.1556186E+02  Si
  0.8177161E+01  0.5221612E+01  0.1827453E+02  Si
  0.5349429E+01  0.7754371E+01  0.1839397E+02  Si
  0.6872505E+01  0.6458908E+01  0.1684534E+02  Si
  0.9428657E+01  0.9290597E+01  0.1703142E+02  Si
  0.9478451E+01  0.6513746E+01  0.1974854E+02  Si
  0.6927717E+01  0.9030843E+01  0.1973879E+02  Si
  0.1115212E+02  0.5478098E+01  0.1573350E+02  Si
  0.1358341E+02  0.8125844E+01  0.1588053E+02  Si
  0.1368739E+02  0.5089264E+01  0.1859040E+02  Si
  0.1084452E+02  0.7973393E+01  0.1847518E+02  Si
  0.1250445E+02  0.6783270E+01  0.1730223E+02  Si
  0.1512162E+02  0.9233387E+01  0.1692997E+02  Si
  0.1518807E+02  0.6715401E+01  0.1988781E+02  Si
  0.1212465E+02  0.9303268E+01  0.2014143E+02  Si
  0.1610082E+02  0.5473785E+01  0.1560304E+02  Si
  0.1891326E+02  0.7530387E+01  0.1601066E+02  Si
  0.1904796E+02  0.5306265E+01  0.1835668E+02  Si
  0.1644314E+02  0.7933660E+01  0.1841049E+02  Si
  0.1745364E+02  0.6578268E+01  0.1735963E+02  Si
  0.2497380E+02  0.4580004E+01  0.1523384E+02  Si
  0.2052255E+02  0.6480839E+01  0.1988725E+02  Si
  0.1769702E+02  0.9233508E+01  0.1991228E+02  Si
  0.3169355E-01  0.1060634E+02  0.1556919E+02  Si
  0.2636956E+01  0.1363095E+02  0.1568685E+02  Si
  0.2594252E+01  0.1039288E+02  0.1832883E+02  Si
  0.2048224E+00  0.1348369E+02  0.1818559E+02  Si
  0.1314297E+01  0.1186823E+02  0.1686208E+02  Si
  0.4040959E+01  0.1489730E+02  0.1681651E+02  Si
  0.3912697E+01  0.1197138E+02  0.1953552E+02  Si
  0.1260249E+01  0.1488995E+02  0.1987332E+02  Si
  0.5244189E+01  0.1097656E+02  0.1588520E+02  Si
  0.8188396E+01  0.1389805E+02  0.1605752E+02  Si
  0.8132678E+01  0.1053559E+02  0.1842269E+02  Si
  0.5292203E+01  0.1359265E+02  0.1812749E+02  Si
  0.6891411E+01  0.1221635E+02  0.1710658E+02  Si
  0.9843027E+01  0.1494141E+02  0.1737166E+02  Si
  0.9394721E+01  0.1179459E+02  0.1990248E+02  Si
  0.6792084E+01  0.1466133E+02  0.1971332E+02  Si
  0.1083407E+02  0.1077053E+02  0.1600197E+02  Si
  0.1359215E+02  0.1352259E+02  0.1610899E+02  Si
  0.1357134E+02  0.1041920E+02  0.1849176E+02  Si
  0.1098254E+02  0.1325567E+02  0.1880913E+02  Si
  0.1240917E+02  0.1192304E+02  0.1747847E+02  Si
  0.1523114E+02  0.1462296E+02  0.1703288E+02  Si
  0.1503698E+02  0.1158649E+02  0.1968486E+02  Si
  0.1239414E+02  0.1474952E+02  0.1993091E+02  Si
  0.1650594E+02  0.1066320E+02  0.1579024E+02  Si
  0.1893040E+02  0.1347833E+02  0.1570678E+02  Si
  0.1912119E+02  0.1056444E+02  0.1854082E+02  Si
  0.1634326E+02  0.1333704E+02  0.1857453E+02  Si
  0.1771401E+02  0.1201334E+02  0.1731740E+02  Si
  0.2030065E+02  0.1749643E+02  0.1385201E+02  Si
  0.3268713E+02  0.1541059E+01  0.2163415E+01  Si
  0.1773741E+02  0.1476139E+02  0.1980108E+02  Si
  0.6500992E+02  0.1614799E+02  0.1562890E+02  Si
  0.2853501E+01  0.1872452E+02  0.1568677E+02  Si
  0.2740697E+01  0.1622558E+02  0.1833308E+02  Si
  0.4613819E-01  0.1874595E+02  0.1846309E+02  Si
  0.1295635E+01  0.1742525E+02  0.1693273E+02  Si
  0.4109982E+01  0.2035389E+02  0.1698522E+02  Si
  0.4238966E+01  0.1744884E+02  0.1975675E+02  Si
  0.1229921E+01  0.2023081E+02  0.1968403E+02  Si
  0.5538008E+01  0.1613799E+02  0.1541405E+02  Si
  0.8232931E+01  0.1875510E+02  0.1576551E+02  Si
  0.8149620E+01  0.1610090E+02  0.1843342E+02  Si
  0.5507953E+01  0.1888452E+02  0.1840972E+02  Si
  0.6912357E+01  0.1755606E+02  0.1707281E+02  Si
  0.9478788E+01  0.2032680E+02  0.1698028E+02  Si
  0.9559554E+01  0.1745672E+02  0.1979658E+02  Si
  0.6730218E+01  0.2021502E+02  0.1983609E+02  Si
  0.1086395E+02  0.1616557E+02  0.1572334E+02  Si
  0.1328265E+02  0.1866080E+02  0.1578151E+02  Si
  0.1382056E+02  0.1596937E+02  0.1828749E+02  Si
  0.1094578E+02  0.1891956E+02  0.1844582E+02  Si
  0.1216823E+02  0.1735846E+02  0.1709114E+02  Si
  0.1468192E+02  0.2011811E+02  0.1705759E+02  Si
  0.1491875E+02  0.1734058E+02  0.1958450E+02  Si
  0.1205604E+02  0.2045529E+02  0.1988033E+02  Si
  0.1643608E+02  0.1607490E+02  0.1571497E+02  Si
  0.1891993E+02  0.1883420E+02  0.1530291E+02  Si
  0.1913911E+02  0.1605649E+02  0.1853174E+02  Si
  0.1627613E+02  0.1856840E+02  0.1818067E+02  Si
  0.1803081E+02  0.1746200E+02  0.1708288E+02  Si
  0.2038523E+02  0.2050631E+02  0.1630639E+02  Si
  0.2173825E+02  0.1620364E+02  0.2080531E+02  Si
  0.1778667E+02  0.1963667E+02  0.1963787E+02  Si
  0.2514676E+02  0.1461544E+02  0.1611966E+02  Si
  0.2360215E+02  0.9521568E+01  0.8212014E+01  Si
  0.2638704E+02  0.1086932E+02  0.2126338E+02  Si
  0.2176194E+02  0.2467843E+01  0.1260528E+02  Si
  0.3119278E+02  0.2098644E+02  0.1090453E+02  Si
  0.2286433E+02  0.6830692E+01  0.3485013E+00  Si
  0.2820799E+02  0.1625706E+02  0.6794038E+01  Si
  0.1897527E+02  0.2156430E+02  0.1285654E+02  Si
  0.2870563E+02  0.2029498E+02  0.4613730E+01  Si
  0.3619813E+02  0.1488487E+02  0.1126433E+02  Si
  0.2824928E+02  0.1030297E+02  0.9388657E+01  Si
  0.4334989E+02  0.2433928E+01  0.1804564E+02  Si
  0.2805931E+02  0.1971659E+02  0.1474401E+02  Si
  0.3690191E+02  0.3649253E+01  0.6423461E+01  Si
  0.3545094E+02  0.1640854E+02  0.1375182E+02  Si
  0.3949663E+02  0.2022816E+02  0.3393394E+01  Si
  0.2056474E+02  0.1466948E+02  0.6343553E+00  Si
  0.2972643E+02  0.1148353E+02  0.1187915E+02  Si
  0.2329481E+02  0.6694990E+01  0.1131859E+02  Si
  0.3920554E+02  0.6424353E+01  0.1153875E+02  Si
  0.3790096E+02  0.1930973E+02  0.1171964E+02  Si
  0.3474267E+02  0.2041041E+02  0.1287248E+02  Si
  0.4057656E+02  0.5130717E+01  0.1854009E+02  Si
  0.3406030E+02  0.1455930E+02  0.1291813E+02  Si
  0.3233260E+02  0.1903004E+02  0.7228447E+00  Si
  0.4173924E+02  0.1191132E+02  0.3213183E+01  Si
  0.3334075E+02  0.6508721E+01  0.2130917E+01  Si
  0.3694240E+02  0.1292024E+01  0.1978050E+02  Si
  0.4069283E+02  0.8118315E+01  0.5087159E+01  Si
  0.2286421E+02  0.1490644E+02  0.1269228E+02  Si
  0.2683614E+02  0.9014298E+01  0.2717882E+01  Si
  0.4215582E+02  0.6817962E+01  0.3702405E+01  Si
  0.2177511E+02  0.5274742E+01  0.1019199E+02  Si
  0.2370074E+02  0.1315241E+02  0.6929589E+01  Si
  0.2886216E+02  0.1366090E+02  0.2013538E+02  Si
  0.2790168E+02  0.1334914E+02  0.1626075E+02  Si
  0.2751760E+02  0.1482633E+01  0.1020621E+02  Si
  0.2394008E+02  0.1594974E+02  0.1449509E+02  Si
  0.3081050E+02  0.1770658E+02  0.1651912E+02  Si
  0.3525473E+02  0.2430529E+01  0.2117430E+02  Si
  0.2511881E+02  0.1217319E+02  0.1589403E+02  Si
  0.2621795E+02  0.1543082E+02  0.3650042E+01  Si
  0.3339160E+02  0.2123552E+02  0.2812026E+01  Si
  0.2819230E+02  0.1827678E+02  0.3401481E+01  Si
  0.3144478E+02  0.1591188E+02  0.2217884E+01  Si
  0.3754747E+02  0.1278302E+02  0.1223055E+02  Si
  0.3468381E+02  0.1590011E+02  0.7708643E+00  Si
  0.2022818E+02  0.1745394E+02  0.9186677E+01  Si
  0.4068198E+02  0.2406004E+01  0.1562662E+02  Si
  0.3623529E+02  0.1696809E+02  0.4340883E+01  Si
  0.3557407E+02  0.1252093E+02  0.1059043E+02  Si
  0.4100084E+02  0.2523359E+01  0.2121718E+02  Si
  0.2542510E+02  0.2060531E+02  0.8652354E+01  Si
  0.2411358E+02  0.7805262E+01  0.1635197E+02  Si
  0.3400802E+02  0.1132251E+02  0.1602396E+01  Si
  0.3057762E+02  0.1005282E+02  0.1028049E+02  Si
  0.3529454E+02  0.5031924E+01  0.2792690E+01  Si
  0.3820284E+02  0.7989231E-01  0.2125783E+02  Si
  0.3181123E+02  0.1988654E+02  0.3979339E+01  Si
  0.4207441E+02  0.4038526E+01  0.8344231E+00  Si
  0.2255973E+02  0.1489368E+02  0.3557980E+01  Si
  0.2632423E+02  0.1034168E+02  0.5933856E+01  Si
  0.4064668E+02  0.7955312E+01  0.1030383E+02  Si
  0.2903711E+02  0.7571577E+01  0.5158227E+01  Si
  0.2480271E+02  0.6085674E+01  0.7174127E+01  Si
  0.2716339E+02  0.2859913E+01  0.2002816E+02  Si
  0.2556183E+02  0.5453585E+00  0.1542087E+02  Si
  0.2763230E+02  0.7946731E+01  0.1023770E+02  Si
  0.2269886E+02  0.1219046E+02  0.1633705E+02  Si
  0.2752775E+02  0.1164169E+02  0.7506854E+01  Si
  0.2904667E+02  0.2134743E+02  0.9647139E+01  Si
  0.2140196E+02  0.1883059E+02  0.2163457E+01  Si
  0.2177263E+02  0.8368189E+01  0.7567497E+01  Si
  0.3296331E+02  0.1216966E+02  0.1436595E+02  Si
  0.2310846E+02  0.1460215E+02  0.1965235E+02  Si
  0.2463964E+02  0.8033478E+01  0.9654051E+01  Si
  0.4050335E+02  0.1324221E+02  0.1554562E+02  Si
  0.2224783E+02  0.1853353E+02  0.1673086E+02  Si
  0.3681845E+02  0.8934658E+01  0.7731172E+00  Si
  0.2971042E+02  0.1143520E+01  0.1564291E+02  Si
  0.2021748E+02  0.1167436E+02  0.8775124E+01  Si
  0.3161355E+02  0.6223634E+01  0.5915623E+01  Si
  0.2951072E+02  0.1268995E+02  0.1797100E+02  Si
  0.3300346E+02  0.1033285E+02  0.1940253E+02  Si
  0.2206030E+02  0.2310036E+01  0.2231389E+01  Si
  0.2529623E+02  0.1485731E+02  0.3181626E+00  Si
  0.3162778E+02  0.1316984E+02  0.8278625E+01  Si
  0.3364253E+02  0.2392061E+01  0.6661164E+01  Si
  0.3307714E+02  0.2043588E+02  0.1504566E+02  Si
  0.3031844E+02  0.7656389E+01  0.1913029E+02  Si
  0.3782742E+02  0.8046952E+01  0.2555387E+01  Si
  0.3953913E+02  0.9285854E+01  0.8657320E+01  Si
  0.2947245E+02  0.7298774E+00  0.1790715E+02  Si
  0.4206666E+02  0.1751095E+02  0.1975767E+02  Si
  0.3677874E+02  0.1471331E+02  0.6017600E-01  Si
  0.3265016E+02  0.1843651E+02  0.1361017E+02  Si
  0.2815898E+02  0.6287539E+01  0.1392307E+02  Si
  0.3876764E+02  0.2081427E+02  0.1595825E+02  Si
  0.2810436E+02  0.8202421E+01  0.1245957E+02  Si
  0.3146131E+02  0.8807040E+01  0.4526361E+00  Si
  0.2671380E+02  0.1497914E+02  0.2025125E+02  Si
  0.3174456E+02  0.1340698E+01  0.9558801E+01  Si
  0.3647914E+02  0.7180861E+01  0.9485238E+01  Si
  0.3423699E+02  0.8939000E+01  0.1186797E+02  Si
  0.3392025E+02  0.6531140E+00  0.1880417E+02  Si
  0.3898392E+02  0.2057420E+02  0.1342651E+02  Si
  0.2403833E+02  0.1920376E+02  0.1524727E+02  Si
  0.2273786E+02  0.1860382E+02  0.4915951E+01  Si
  0.3045031E+02  0.6880560E+01  0.5968032E+00  Si
  0.3438336E+02  0.1528753E+02  0.2012556E+02  Si
  0.3584056E+02  0.1108525E+02  0.1518067E+02  Si
  0.3924861E+02  0.9370715E+01  0.1441519E+02  Si
  0.2826087E+02  0.7790255E+01  0.5121003E-01  Si
  0.4257614E+02  0.1210881E+01  0.3395455E+01  Si
  0.4103679E+02  0.1840775E+02  0.1608784E+02  Si
  0.2855346E+02  0.1258061E+02  0.2039671E+01  Si
  0.3511302E+02  0.1307537E+02  0.1692126E+02  Si
  0.4212305E+02  0.2021117E+02  0.1135830E+02  Si
  0.3620162E+02  0.7710687E+00  0.1087783E+01  Si
  0.2653871E+02  0.1382704E+02  0.1813159E+01  Si
  0.2877198E+02  0.1486022E+02  0.1625834E+01  Si
  0.4044387E+02  0.1049964E+02  0.1819019E+02  Si
  0.4040697E+02  0.1606935E+02  0.2052565E+01  Si
  0.3959903E+02  0.3911147E+01  0.3660859E+01  Si
  0.4091736E+02  0.1662929E+02  0.1789664E+02  Si
  0.2491228E+02  0.1551373E+02  0.1853426E+02  Si
  0.2576539E+02  0.4902855E+01  0.2018064E+02  Si
  0.3962716E+02  0.1310327E+01  0.8330419E+00  Si
  0.3458037E+02  0.1561268E+02  0.5371403E+01  Si
  0.3020156E+02  0.1312989E+02  0.3959615E+00  Si
  0.3407250E+02  0.6525062E+01  0.8889623E+01  Si
  0.2970787E+02  0.3372989E+01  0.1216599E+02  Si
  0.2486664E+02  0.1790020E+02  0.1327581E+02  Si
  0.2026430E+02  0.1999595E+02  0.6335409E+01  Si
  0.1912564E+02  0.1854211E+02  0.5048087E+01  Si
  0.4057430E+02  0.7787921E+01  0.1541173E+02  Si
  0.2685100E+02  0.2135000E+00  0.2106587E+02  Si
  0.2624699E+02  0.3735872E+01  0.1013266E+02  Si
  0.4157172E+02  0.1483970E+02  0.4833110E+00  Si
  0.3209865E+02  0.6381791E+01  0.1024919E+02  Si
  0.3539800E+02  0.1544378E+02  0.1797768E+02  Si
  0.4314435E+02  0.1320816E+02  0.1837172E+02  Si
  0.2682185E+02  0.1750700E+02  0.2077570E+02  Si
  0.3578364E+02  0.6804173E+01  0.2120306E+02  Si
  0.2640413E+02  0.6920780E+01  0.1679638E+01  Si
  0.3238509E+02  0.2127978E+02  0.2129677E+02  Si
  0.3336197E+02  0.1143105E+02  0.1682579E+02  Si
  0.3469179E+02  0.1871142E+02  0.2133060E+02  Si
  0.3031598E+02  0.1864700E+02  0.1441393E+02  Si
  0.2020340E+02  0.9763423E+00  0.1922783E+02  Si
  0.2281198E+02  0.3518766E+01  0.9300966E+01  Si
  0.2974551E+02  0.2579904E+01  0.9767479E+01  Si
  0.3671167E+02  0.2084809E+02  0.1891579E+02  Si
  0.4038027E+02  0.1093656E+02  0.7275741E+01  Si
  0.2433062E+02  0.1320249E+02  0.1160488E+02  Si
  0.3794485E+02  0.1934547E+02  0.1721506E+01  Si
  0.4185465E+02  0.6671942E+01  0.1963225E+02  Si
  0.4096955E+02  0.1279234E+02  0.1023433E+02  Si
  0.4055804E+02  0.5275704E+01  0.7805275E+01  Si
  0.3909173E+02  0.1773163E+02  0.6649095E+01  Si
  0.4103087E+02  0.2125792E+02  0.7546089E+01  Si
  0.2932917E+02  0.1997532E+01  0.7515030E+01  Si
  0.2619398E+02  0.1238752E+02  0.1028518E+02  Si
  0.1952720E+02  0.1334049E+02  0.5089164E+01  Si
  0.2313096E+02  0.1174392E+02  0.1193896E+01  Si
  0.3762593E+02  0.2029269E+02  0.9605785E+01  Si
  0.2026467E+02  0.1282576E+01  0.2856427E+01  Si
  0.2841755E+02  0.9984510E+01  0.2114390E+02  Si
  0.2048791E+02  0.1163365E+02  0.3699051E+01  Si
  0.2172758E+02  0.3810941E+00  0.2094937E+02  Si
  0.2371878E+02  0.2701851E+01  0.1811654E+02  Si
  0.2058365E+02  0.6849735E+01  0.8910077E+01  Si
  0.2760009E+02  0.1789135E+02  0.1852338E+02  Si
  0.2141246E+02  0.1018976E+02  0.1515313E+02  Si
  0.3133294E+02  0.6289420E+01  0.1466291E+02  Si
  0.2689564E+02  0.2008237E+02  0.1039793E+02  Si
  0.3353571E+02  0.8841412E+01  0.2118757E+02  Si
  0.3945822E+02  0.6639551E+01  0.6478095E+01  Si
  0.3490828E+02  0.1100956E+01  0.9679815E+01  Si
  0.4083632E+02  0.1855779E+02  0.1015143E+02  Si
  0.2304959E+02  0.8425518E+01  0.3951872E+01  Si
  0.2726419E+02  0.2531514E+01  0.1263432E+02  Si
  0.2027003E+02  0.9433740E+01  0.6113625E+01  Si
  0.3919113E+02  0.3884634E+01  0.9144858E+01  Si
  0.3199799E+02  0.1011881E+01  0.1455581E+02  Si
  0.3722161E+02  0.1825163E+02  0.1484516E+02  Si
  0.3090965E+02  0.1917347E+02  0.2063337E+02  Si
  0.3486738E+02  0.1299679E+02  0.1928886E+02  Si
  0.2167837E+02  0.2067857E+02  0.9812812E+01  Si
  0.2048320E+02  0.1502693E+02  0.6554404E+01  Si
  0.3736803E+02  0.1023227E+01  0.9460232E+01  Si
  0.2981743E+02  0.4616389E+01  0.1396044E+02  Si
  0.3424559E+02  0.6165070E+01  0.6384754E+01  Si
  0.2474694E+02  0.1238446E+02  0.3000587E+01  Si
  0.2934423E+02  0.1840012E+02  0.5997944E+01  Si
  0.3655000E+02  0.1527121E+02  0.6735548E+01  Si
  0.3706875E+02  0.2021762E+01  0.1287386E+02  Si
  0.2823764E+02  0.1494280E+02  0.8876130E+01  Si
  0.4179538E+02  0.9049164E+01  0.5550047E+00  Si
  0.2663232E+02  0.2592980E+01  0.1499764E+02  Si
  0.1992935E+02  0.1760380E+01  0.1368586E+02  Si
  0.2923312E+02  0.1785855E+02  0.9615253E-02  Si
  0.3078073E+02  0.2657981E+01  0.1901374E+02  Si
  0.2731448E+02  0.1293000E+02  0.1376661E+02  Si
  0.2167297E+02  0.1632705E+02  0.5156404E+01  Si
  0.3458499E+02  0.4743411E+01  0.2008919E+02  Si
  0.4202875E+02  0.2008290E+02  0.6867112E+00  Si
  0.4211870E+02  0.1738305E+02  0.8755930E+01  Si
  0.2489735E+02  0.9609705E+01  0.1266775E+02  Si
  0.2788112E+02  0.1093600E+02  0.1513549E+02  Si
  0.3875096E+02  0.1214854E+02  0.5931106E+01  Si
  0.3511659E+02  0.9721457E+01  0.1724142E+02  Si
  0.3799885E+02  0.1034807E+02  0.1609366E+02  Si
  0.3216718E+02  0.2021682E+02  0.1733772E+02  Si
  0.3786336E+02  0.5363580E+01  0.2124779E+02  Si
  0.2640795E+02  0.6157026E+01  0.9424053E+01  Si
  0.3320474E+02  0.1487982E+02  0.1061451E+02  Si
  0.4206814E+02  0.3959708E+01  0.1148885E+02  Si
  0.3532166E+02  0.2138928E+01  0.4961091E+01  Si
  0.4184999E+02  0.9551681E+01  0.6284517E+01  Si
  0.3116614E+02  0.1843515E+02  0.1100993E+02  Si
  0.4184969E+02  0.8956963E+01  0.1689431E+02  Si
  0.3791369E+02  0.7954591E+01  0.1310442E+02  Si
  0.2424577E+02  0.1295877E+02  0.2104179E+02  Si
  0.3934891E+02  0.1729040E+02  0.1138509E+02  Si
  0.3194853E+02  0.8543903E+01  0.1457467E+02  Si
  0.3412630E+02  0.1242033E+02  0.3873661E+01  Si
  0.2350250E+02  0.1746710E+01  0.1614005E+02  Si
  0.3357809E+02  0.8883125E+01  0.1849873E+01  Si
  0.2493351E+02  0.1012368E+02  0.1528919E+01  Si
  0.3336450E+02  0.6464077E+01  0.2152951E+02  Si
  0.2955350E+02  0.6627776E+01  0.7420037E+01  Si
  0.3007537E+02  0.1510393E+02  0.3918721E+01  Si
  0.2245902E+02  0.1657533E+02  0.1122102E+02  Si
  0.2203613E+02  0.7916004E+01  0.1869248E+02  Si
  0.2542763E+02  0.8792008E+01  0.4511312E+01  Si
  0.4225918E+02  0.6894123E+01  0.8916559E+01  Si
  0.3174259E+02  0.1434832E+02  0.5346180E+01  Si
  0.3245483E+02  0.1097727E+02  0.9109549E+01  Si
  0.2951236E+02  0.9830953E+01  0.1344683E+02  Si
  0.3216626E+02  0.3727154E+01  0.5330069E+01  Si
  0.2824875E+02  0.2030404E+02  0.1840938E+02  Si
  0.3794602E+02  0.7958679E+01  0.7680257E+01  Si
  0.3905200E+02  0.1412518E+02  0.1360349E+02  Si
  0.3123676E+02  0.5628534E+01  0.2034418E+02  Si
  0.2808413E+02  0.4110101E+01  0.2098317E+01  Si
  0.3780250E+02  0.1641610E+02  0.2066521E+02  Si
  0.3937958E+02  0.2004144E+02  0.1988112E+02  Si
  0.2286407E+02  0.3455016E+01  0.1445749E+02  Si
  0.2688469E+02  0.2019699E+02  0.2824913E+01  Si
  0.2391961E+02  0.1899358E+02  0.1122360E+02  Si
  0.3779081E+02  0.1062450E+02  0.2139504E+02  Si
  0.4041361E+02  0.1326155E+02  0.4677189E+01  Si
  0.3728425E+02  0.9075177E+01  0.1811231E+02  Si
  0.4186245E+02  0.9377851E+01  0.1135101E+02  Si
  0.4085680E+02  0.5802998E-01  0.1878460E+02  Si
  0.3389772E+02  0.3279575E+01  0.3489483E+01  Si
  0.3362533E+02  0.2127850E+02  0.1101861E+02  Si
  0.3751439E+02  0.1563300E+02  0.1457230E+02  Si
  0.2096083E+02  0.9206949E+01  0.1129763E+02  Si
  0.2172102E+02  0.1337187E+02  0.1820902E+02  Si
  0.3259053E+02  0.1773300E+02  0.2972735E+01  Si
  0.3349189E+02  0.8966220E+01  0.4160196E+01  Si
  0.2776784E+02  0.4130779E+00  0.1425659E+02  Si
  0.2131597E+02  0.1327403E+02  0.2199911E+01  Si
  0.3584503E+02  0.1246727E+02  0.8421311E+01  Si
  0.3964360E+02  0.1121630E+01  0.6300569E+01  Si
  0.2540475E+02  0.1823592E+02  0.9238083E+01  Si
  0.2560488E+02  0.1817068E+02  0.1663226E+02  Si
  0.3113339E+02  0.1479385E+02  0.1214412E+02  Si
  0.3954702E+02  0.1948868E+02  0.8350295E+01  Si
  0.2672718E+02  0.6386562E+01  0.1831051E+02  Si
  0.4198336E+02  0.1995103E+02  0.5952828E+01  Si
  0.3057568E+02  0.1539657E+02  0.1454176E+02  Si
  0.3329082E+02  0.1096309E+02  0.5412324E+01  Si
  0.3808967E+02  0.1600509E+02  0.9837116E+01  Si
  0.3475709E+02  0.1970454E+02  0.6191455E+01  Si
  0.3521049E+02  0.1232347E+02  0.1312931E+02  Si
  0.3767687E+02  0.5271706E+01  0.1030358E+02  Si
  0.4074012E+02  0.8440360E-01  0.1241777E+02  Si
  0.3886072E+02  0.1553541E+02  0.1859637E+02  Si
  0.3374794E+02  0.1390876E+02  0.1328016E+01  Si
  0.4093330E+02  0.2148116E+02  0.2247839E+01  Si
  0.2500312E+02  0.1542431E+01  0.1974615E+02  Si
  0.2784100E+02  0.1758966E+02  0.1277748E+02  Si
  0.3027143E+02  0.1606783E+02  0.8045509E+01  Si
  0.3370384E+02  0.7911169E+01  0.1615258E+02  Si
  0.3933257E+02  0.1202974E+02  0.1713702E+02  Si
  0.2368244E+02  0.2141508E+02  0.2000840E+02  Si
  0.2862890E+02  0.9950285E+01  0.5113151E+01  Si
  0.3424041E+02  0.2388447E+00  0.7698965E+01  Si
  0.3605144E+02  0.1926305E+02  0.8343546E+01  Si
  0.3345739E+02  0.5137036E+01  0.1527090E+02  Si
  0.2367855E+02  0.4347819E+00  0.2012930E+01  Si
  0.2726485E+02  0.2157317E+01  0.6953777E+00  Si
  0.2873052E+02  0.3543262E+01  0.1573222E+02  Si
  0.2668010E+02  0.1519491E+02  0.1071058E+02  Si
  0.3667527E+02  0.1913923E+02  0.1715404E+02  Si
  0.4058019E+02  0.2370089E+01  0.1042945E+02  Si
  0.3487772E+02  0.1514610E+01  0.1672761E+02  Si
  0.4185232E+02  0.2047058E+02  0.1705679E+02  Si
  0.4063537E+02  0.5217631E+01  0.1272146E+02  Si
  0.3230623E+02  0.7252765E+01  0.1249082E+02  Si
  0.4228575E+02  0.1160184E+02  0.8767634E+01  Si
  0.3921335E+02  0.5945787E+01  0.1671076E+02  Si
  0.2526077E+02  0.9814830E+01  0.1634414E+02  Si
  0.3470000E+02  0.9069479E+01  0.1419633E+02  Si
  0.2663239E+02  0.8967321E+01  0.1432938E+02  Si
  0.2118247E+02  0.8550943E-01  0.4790101E+01  Si
  0.1895221E+02  0.1328460E+02  0.1014744E+02  Si
  0.4188218E+02  0.1734733E+02  0.3412869E+01  Si
  0.4175566E+02  0.1726440E+02  0.1411574E+02  Si
  0.2851109E+02  0.1560102E+02  0.1576304E+02  Si
  0.3658383E+02  0.6580493E+01  0.3961642E+01  Si
  0.3817087E+02  0.2788508E+01  0.2236253E+01  Si
  0.3601879E+02  0.2168952E+02  0.5930613E+01  Si
  0.3318812E+02  0.5966890E+01  0.1776750E+02  Si
  0.4044566E+02  0.1035003E+02  0.1928838E+01  Si
  0.3196901E+02  0.1246368E+02  0.1230020E+02  Si
  0.4071619E+02  0.1569386E+02  0.1267988E+02  Si
  0.2274354E+02  0.2042382E+02  0.3474260E+01  Si
  0.2636349E+02  0.1999405E+02  0.5563110E+01  Si
  0.2676387E+02  0.1519746E+02  0.1323157E+02  Si
  0.2146381E+02  0.2830308E+01  0.2142094E+02  Si
  0.2920973E+02  0.3996206E+01  0.2014883E+02  Si
  0.3063490E+02  0.3633492E+01  0.1693890E+02  Si
  0.2758296E+02  0.1757176E+02  0.1029020E+02  Si
  0.2613742E+02  0.1244185E+02  0.1924610E+02  Si
  0.1911223E+02  0.5290707E+01  0.7577507E+01  Si
  0.3177017E+02  0.1377686E+00  0.1887190E+02  Si
  0.3674447E+02  0.1262170E+02  0.2072399E+02  Si
  0.3701705E+02  0.7219454E+01  0.1677133E+02  Si
  0.3617779E+02  0.7168321E+01  0.1453106E+02  Si
  0.3091796E+02  0.9113266E+01  0.7830046E+01  Si
  0.2487334E+02  0.9140454E+01  0.2103632E+02  Si
  0.2221119E+02  0.1258031E+02  0.1070266E+02  Si
  0.3636926E+02  0.9337207E+01  0.6657015E+01  Si
  0.2900536E+02  0.1233664E+02  0.5767757E+01  Si
  0.3332239E+02  0.1725805E+02  0.1129294E+02  Si
  0.2320198E+02  0.9684105E+01  0.1970724E+02  Si
  0.3562197E+02  0.1841674E+02  0.1215837E+02  Si
  0.3392341E+02  0.1420195E+02  0.8323041E+01  Si
  0.2878774E+02  0.1963027E+02  0.1391395E+01  Si
  0.2866073E+02  0.8791481E+01  0.7259027E+01  Si
  0.3099929E+02  0.2083245E+02  0.1670147E+01  Si
  0.3913312E+02  0.6553136E+01  0.9562996E+00  Si
  0.2349877E+02  0.1971000E+01  0.1094797E+02  Si
  0.4204479E+02  0.1468743E+02  0.5996838E+01  Si
  0.3464130E+02  0.4120374E+01  0.7703234E+01  Si
  0.3297574E+02  0.1741513E+02  0.1577860E+02  Si
  0.3123786E+02  0.6163244E+01  0.2664340E+01  Si
  0.3029447E+02  0.1011449E+02  0.1566908E+02  Si
  0.2270862E+02  0.8486419E+01  0.1282192E+02  Si
  0.3675777E+02  0.1920957E+02  0.4943640E+01  Si
  0.3738791E+02  0.1475975E+02  0.1695423E+02  Si
  0.3967664E+02  0.1010573E+01  0.1703467E+02  Si
  0.2455554E+02  0.1171078E+02  0.1361493E+02  Si
  0.3124091E+02  0.7942564E+01  0.4273313E+01  Si
  0.2565243E+02  0.1304559E+02  0.8094934E+01  Si
  0.3068138E+02  0.9782892E+01  0.2016117E+02  Si
  0.2678593E+02  0.8819640E+01  0.1781098E+02  Si
  0.3241376E+02  0.1420994E+02  0.1572784E+02  Si
  0.3192401E+02  0.1487473E+02  0.2777015E+00  Si
  0.2038788E+02  0.8976854E+01  0.1721495E+02  Si
  0.4056227E+02  0.1863204E+02  0.4810961E+01  Si
  0.3715632E+02  0.1701507E+02  0.8158895E+01  Si
  0.2962816E+02  0.1978113E+02  0.7981418E+01  Si
  0.2509590E+02  0.6870152E+01  0.2133277E+02  Si
  0.2806048E+02  0.1478838E+02  0.4909912E+01  Si
  0.3717528E+02  0.3635889E+01  0.1471628E+02  Si
  0.3272777E+02  0.2749556E+01  0.1600697E+02  Si
  0.3010267E+02  0.1706381E+02  0.1267160E+02  Si
  0.3455361E+02  0.1053261E+02  0.7538525E+01  Si
  0.3088381E+02  0.1389242E+01  0.3797477E+01  Si
  0.3582747E+02  0.1940222E+02  0.2721698E+01  Si
  0.3258959E+02  0.1584315E+02  0.7037341E+01  Si
  0.2597228E+02  0.6803927E+01  0.1516852E+02  Si
  0.3779388E+02  0.1342222E+02  0.1903328E+01  Si
  0.2206009E+02  0.2032978E+02  0.1418724E+02  Si
  0.4058608E+02  0.5363902E+01  0.2349015E+01  Si
  0.3677995E+02  0.9783100E+00  0.3339157E+01  Si
  0.3141970E+02  0.1216817E+02  0.6178778E+01  Si
  0.3631357E+02  0.3198634E+01  0.1694229E+02  Si
  0.4216051E+02  0.1132183E+01  0.9010646E+01  Si
  0.2015867E+02  0.1193360E+02  0.1425650E+02  Si
  0.3603466E+02  0.3978282E+01  0.1171885E+02  Si
  0.2510359E+02  0.1806987E+02  0.5147477E+01  Si
  0.3490957E+02  0.1753104E+02  0.2403616E+01  Si
  0.3067113E+02  0.1473884E+02  0.1007575E+02  Si
  0.2978982E+02  0.1788068E+02  0.9483904E+01  Si
  0.2231579E+02  0.1852526E+02  0.8826920E+01  Si
  0.2475269E+02  0.3917510E+01  0.7947461E+01  Si
  0.4209126E+02  0.4138168E+01  0.6179720E+01  Si
  0.2848343E+02  0.6271330E+01  0.1994519E+02  Si
  0.3526295E+02  0.7754246E+01  0.5314705E+01  Si
  0.3331102E+02  0.1221276E+02  0.2097302E+02  Si
  0.3958353E+02  0.1437666E+02  0.9114670E+01  Si
  0.2193269E+02  0.1054435E+02  0.9816971E+01  Si
  0.2404072E+02  0.1073419E+02  0.6364649E+01  Si
  0.2582869E+02  0.2110170E+02  0.1894959E+02  Si
  0.2693409E+02  0.1135811E+02  0.3474366E+01  Si
  0.3791202E+02  0.1366597E+02  0.7558118E+01  Si
  0.3561033E+02  0.5394859E+01  0.1807543E+02  Si
  0.3751159E+02  0.9948631E+01  0.9585739E+01  Si
  0.3900625E+02  0.1466219E+02  0.3253989E+01  Si
  0.2483643E+02  0.2104222E+02  0.3438686E+00  Si
  0.4099039E+02  0.2389750E+01  0.4820095E+01  Si
  0.2413331E+02  0.1136085E+02  0.1803899E+02  Si
  0.2816298E+02  0.1327875E+02  0.1144934E+02  Si
  0.3315937E+02  0.2511979E+01  0.2026080E+02  Si
  0.3716901E+02  0.1949707E+02  0.2102103E+02  Si
  0.3419322E+02  0.3087418E+01  0.9961749E+01  Si
  0.3418179E+02  0.1860172E+02  0.1758164E+02  Si
  0.4233016E+02  0.1292228E+01  0.1411780E+02  Si
  0.4088287E+02  0.1599496E+02  0.7388603E+01  Si
  0.3164419E+02  0.4021070E+01  0.1054750E+02  Si
  0.2850450E+02  0.6416175E+00  0.3206177E+01  Si
  0.3928527E+02  0.3783660E+01  0.2012646E+02  Si
  0.2214198E+02  0.1040812E+02  0.4836007E+01  Si
  0.2165316E+02  0.4908765E+01  0.4859955E+01  Si
  0.3181364E+02  0.8753012E+00  0.7446962E+01  Si
  0.2138717E+02  0.2345562E+01  0.7476880E+01  Si
  0.3456191E+02  0.2028515E+02  0.1953483E+02  Si
  0.2514799E+02  0.1855306E+02  0.5501686E+00  Si
  0.3810872E+02  0.2159757E+02  0.5032621E+01  Si
  0.2260781E+02  0.1473831E+02  0.9476146E+01  Si
  0.2376050E+02  0.1611477E+02  0.1871390E+01  Si
  0.2163245E+02  0.4998939E+01  0.1566642E+02  Si
  0.2645439E+02  0.1968469E+02  0.1276955E+02  Si
  0.4197730E+02  0.1202858E+02  0.1409912E+02  Si
  0.3926269E+02  0.9535417E+01  0.3809460E+01  Si
  0.3533420E+02  0.4994508E+01  0.1385290E+02  Si
  0.3651718E+02  0.8787310E+01  0.1129898E+02  Si
  0.4217051E+02  0.6576746E+01  0.1410059E+02  Si
  0.3820136E+02  0.2402843E+01  0.1837629E+02  Si
  0.3377012E+02  0.8178375E+01  0.1876452E+02  Si
  0.3827174E+02  0.2258083E+01  0.7692052E+01  Si
  0.3052887E+02  0.3904238E+01  0.3593751E+01  Si
  0.2573305E+02  0.2559186E+01  0.6427735E+01  Si
  0.3206811E+02  0.1794439E+02  0.5531658E+01  Si
  0.3965796E+02  0.4296124E+01  0.1493484E+02  Si
  0.3279973E+02  0.2085656E+01  0.1158291E+02  Si
  0.3910989E+02  0.9397585E+01  0.1971494E+02  Si
  0.2799728E+02  0.5468831E+01  0.5982943E+01  Si
  0.2739423E+02  0.9398574E+00  0.7848167E+01  Si
  0.2933954E+02  0.1291872E+02  0.8428315E+01  Si
  0.3910917E+02  0.1744652E+02  0.6705341E+00  Si
  0.3100210E+02  0.1462074E+02  0.1765731E+02  Si
  0.3317034E+02  0.1443962E+02  0.3533714E+01  Si
  0.3211858E+02  0.1583820E+02  0.1946257E+02  Si
  0.3087875E+02  0.5893273E+01  0.1682029E+02  Si
  0.3661276E+02  0.7074240E-01  0.1367912E+02  Si
  0.3028961E+02  0.7800287E+01  0.1143302E+02  Si
  0.3843493E+02  0.1299283E+02  0.1906730E+02  Si
  0.2449503E+02  0.1408212E+02  0.4814029E+01  Si
  0.3641010E+02  0.2135215E+02  0.1613443E+02  Si
  0.3819394E+02  0.5073494E+01  0.5160113E+01  Si
  0.2308309E+02  0.1221493E+01  0.5951918E+01  Si
  0.2192525E+02  0.1851285E+02  0.1257443E+02  Si
  0.2504695E+02  0.2146246E+02  0.4102062E+01  Si
  0.2552247E+02  0.1747346E+02  0.2811578E+01  Si
  0.3741119E+02  0.1075239E+02  0.4839413E+01  Si
  0.2279557E+02  0.6126320E+01  0.1724548E+02  Si
  0.3932621E+02  0.1187619E+02  0.8666426E+00  Si
  0.4165953E+02  0.1188477E+02  0.1966592E+02  Si
  0.3137150E+02  0.1884100E+01  0.1836891E+00  Si
  0.3925188E+02  0.1926662E+02  0.1753245E+02  Si
  0.3105347E+02  0.1090120E+02  0.1777136E+02  Si
  0.2494441E+02  0.1516307E+02  0.8695027E+01  Si
  0.3659543E+02  0.3828360E+01  0.9309524E+00  Si
  0.2045322E+02  0.2041997E+02  0.6194676E+00  Si
  0.3164017E+02  0.2039396E+02  0.6385317E+01  Si
  0.3717887E+02  0.6859820E+01  0.1931233E+02  Si
  0.2243234E+02  0.1902135E+02  0.1909327E+02  Si
  0.3297001E+02  0.1920298E+02  0.7764935E+01  Si
  0.2034200E+02  0.1527782E+02  0.1058420E+02  Si
  0.3185843E+02  0.1815597E+02  0.1851310E+02  Si
  0.2859374E+02  0.3641351E+01  0.4494250E+01  Si
  0.2936343E+02  0.1638123E+02  0.1791906E+02  Si
  0.4013195E+02  0.1334678E+02  0.2082669E+02  Si
  0.3488044E+02  0.2065611E+02  0.9940751E+00  Si
  0.2374240E+02  0.2133282E+02  0.1029962E+02  Si
  0.3357074E+02  0.1122216E+02  0.1104227E+02  Si
  0.3821591E+02  0.1592629E+02  0.4985294E+01  Si
  0.2502657E+02  0.3273231E+01  0.1210380E+02  Si
  0.2052800E+02  0.1757969E+02  0.1967148E+02  Si
  0.3079931E+02  0.1074587E+01  0.1240477E+02  Si
  0.3902792E+02  0.1127585E+02  0.1087969E+02  Si
  0.3633158E+02  0.1166133E+02  0.2857069E+01  Si
  0.3895195E+02  0.9687935E+00  0.1130965E+02  Si
  0.2554802E+02  0.3185275E+01  0.3967966E+01  Si
  0.2142932E+02  0.1340946E+02  0.7786856E+01  Si
  0.2995828E+02  0.1075412E+02  0.1127777E+01  Si
  0.2627676E+02  0.6612954E+01  0.5335482E+01  Si
  0.2202337E+02  0.8130554E+01  0.1992079E+01  Si
  0.3431843E+02  0.1560889E+02  0.1593491E+02  Si
  0.4207292E+02  0.3915758E+01  0.1703270E+02  Si
  0.2793230E+02  0.1082368E+02  0.1878226E+02  Si
  0.2893464E+02  0.2071879E+02  0.2073444E+02  Si
  0.2624793E+02  0.9840036E+01  0.1062719E+02  Si
  0.4208221E+02  0.1444328E+02  0.1150613E+02  Si
  0.2457069E+02  0.2090950E+02  0.1360072E+02  Si
  0.3276464E+02  0.7802319E+01  0.7279011E+01  Si
  0.1948726E+02  0.1023341E+02  0.1271286E+02  Si
  0.2493731E+02  0.4790806E+01  0.1790980E+02  Si
  0.2626678E+02  0.1617421E+02  0.1536583E+02  Si
  0.2297683E+02  0.2884809E+01  0.4175345E+01  Si
  0.4045021E+02  0.7718687E+01  0.2105748E+02  Si
  0.4045712E+02  0.1073020E+02  0.1299449E+02  Si
  0.2996271E+02  0.1582562E+02  0.2054723E+02  Si
  0.3417908E+02  0.1915089E+02  0.9952993E+01  Si
  0.4068679E+02  0.1861887E+02  0.2105811E+02  Si
  0.4338809E+02  0.2158425E+02  0.2105878E+02  Si
  0.4612104E+02  0.2372975E+01  0.2101311E+02  Si
  0.4621070E+02  0.2132716E+02  0.2191041E+01  Si
  0.4374101E+02  0.2693018E+01  0.2100585E+01  Si
  0.4477674E+02  0.1126757E+01  0.7907778E+00  Si
  0.4776216E+02  0.3625836E+01  0.4787623E+00  Si
  0.4755682E+02  0.9141276E+00  0.3624085E+01  Si
  0.4485658E+02  0.4165434E+01  0.3539190E+01  Si
  0.4876220E+02  0.2171505E+02  0.2115290E+02  Si
  0.5167272E+02  0.2693405E+01  0.2121731E+02  Si
  0.5136793E+02  0.2161882E+02  0.2207428E+01  Si
  0.4869736E+02  0.2148362E+01  0.1979755E+01  Si
  0.5031179E+02  0.1296784E+01  0.7149447E+00  Si
  0.5286513E+02  0.4010782E+01  0.7930437E+00  Si
  0.5282935E+02  0.1297904E+01  0.3353518E+01  Si
  0.5020219E+02  0.3725017E+01  0.3103554E+01  Si
  0.5425782E+02  0.2152842E+02  0.2101896E+02  Si
  0.5710975E+02  0.2668713E+01  0.2124007E+02  Si
  0.5689711E+02  0.7206753E-01  0.2161184E+01  Si
  0.5421869E+02  0.2585995E+01  0.2030914E+01  Si
  0.5558706E+02  0.1364850E+01  0.6155188E+00  Si
  0.5848388E+02  0.4016219E+01  0.1023703E+01  Si
  0.5841854E+02  0.1225592E+01  0.3458084E+01  Si
  0.5547661E+02  0.3967104E+01  0.3607344E+01  Si
  0.5971712E+02  0.7641449E-02  0.2138041E+02  Si
  0.6261184E+02  0.2273200E+01  0.2116687E+02  Si
  0.6237105E+02  0.7412097E-01  0.2195179E+01  Si
  0.5975412E+02  0.2703266E+01  0.2191424E+01  Si
  0.6103492E+02  0.1247843E+01  0.7368171E+00  Si
  0.6400344E+02  0.3716226E+01  0.7487461E+00  Si
  0.6390224E+02  0.1400287E+01  0.3367804E+01  Si
  0.6114181E+02  0.3963976E+01  0.3605313E+01  Si
  0.4341494E+02  0.5185451E+01  0.2080956E+02  Si
  0.4606416E+02  0.7917989E+01  0.2096957E+02  Si
  0.4582875E+02  0.5100124E+01  0.1589921E+01  Si
  0.4334762E+02  0.7779860E+01  0.1756291E+01  Si
  0.4474177E+02  0.6543634E+01  0.4663465E+00  Si
  0.4743092E+02  0.9124679E+01  0.5353831E+00  Si
  0.4741350E+02  0.6165032E+01  0.3165765E+01  Si
  0.4474465E+02  0.9181750E+01  0.3114703E+01  Si
  0.4891251E+02  0.5327642E+01  0.2085666E+02  Si
  0.5153428E+02  0.8159155E+01  0.2138110E+02  Si
  0.5161532E+02  0.5329326E+01  0.2136952E+01  Si
  0.4884702E+02  0.7935380E+01  0.2111053E+01  Si
  0.5025284E+02  0.6743087E+01  0.8054316E+00  Si
  0.5310596E+02  0.9416579E+01  0.7841410E+00  Si
  0.5289703E+02  0.6712205E+01  0.3460028E+01  Si
  0.5032920E+02  0.9878744E+01  0.3414126E+01  Si
  0.5436849E+02  0.5327985E+01  0.2101632E+02  Si
  0.5713670E+02  0.7970040E+01  0.2126165E+02  Si
  0.5699751E+02  0.5445202E+01  0.2290817E+01  Si
  0.5438324E+02  0.8088207E+01  0.2344721E+01  Si
  0.5573144E+02  0.6492616E+01  0.9559510E+00  Si
  0.5855696E+02  0.9414747E+01  0.5875582E+00  Si
  0.5832076E+02  0.6839239E+01  0.3440036E+01  Si
  0.5562318E+02  0.9429041E+01  0.3479451E+01  Si
  0.5982141E+02  0.5340865E+01  0.2136981E+02  Si
  0.6256373E+02  0.7903688E+01  0.2121013E+02  Si
  0.6260152E+02  0.5029315E+01  0.2152846E+01  Si
  0.5988872E+02  0.8334071E+01  0.1990672E+01  Si
  0.6120793E+02  0.6626997E+01  0.8792530E+00  Si
  0.6387339E+02  0.9121787E+01  0.1024700E+01  Si
  0.6391732E+02  0.6737692E+01  0.3512722E+01  Si
  0.6143961E+02  0.9335568E+01  0.3615836E+01  Si
  0.4310087E+02  0.1061077E+02  0.2096232E+02  Si
  0.4600292E+02  0.1350058E+02  0.2104739E+02  Si
  0.4604730E+02  0.1065753E+02  0.1842934E+01  Si
  0.4316142E+02  0.1342366E+02  0.2081224E+01  Si
  0.4441292E+02  0.1202381E+02  0.5337492E+00  Si
  0.4751661E+02  0.1493339E+02  0.7296793E+00  Si
  0.4749131E+02  0.1195281E+02  0.2975783E+01  Si
  0.4463091E+02  0.1460962E+02  0.3525002E+01  Si
  0.4873264E+02  0.1054265E+02  0.2087123E+02  Si
  0.5150314E+02  0.1310388E+02  0.2102393E+02  Si
  0.5180979E+02  0.1088690E+02  0.2023433E+01  Si
  0.4880437E+02  0.1340200E+02  0.1800102E+01  Si
  0.5007002E+02  0.1198834E+02  0.6299611E+00  Si
  0.5309468E+02  0.1444624E+02  0.5702172E+00  Si
  0.5323776E+02  0.1210782E+02  0.3595083E+01  Si
  0.5027905E+02  0.1470464E+02  0.3204261E+01  Si
  0.5446877E+02  0.1050350E+02  0.2110972E+02  Si
  0.5703033E+02  0.1322834E+02  0.2111263E+02  Si
  0.5709445E+02  0.1068316E+02  0.2027920E+01  Si
  0.5464569E+02  0.1339148E+02  0.2101361E+01  Si
  0.5573425E+02  0.1198518E+02  0.6613274E+00  Si
  0.5824764E+02  0.1498324E+02  0.7176151E+00  Si
  0.5848551E+02  0.1205240E+02  0.3356660E+01  Si
  0.5573383E+02  0.1470047E+02  0.3748143E+01  Si
  0.5988072E+02  0.1081214E+02  0.2109308E+02  Si
  0.6249169E+02  0.1380095E+02  0.2104026E+02  Si
  0.6273103E+02  0.1071874E+02  0.2319641E+01  Si
  0.5983953E+02  0.1344114E+02  0.1933469E+01  Si
  0.6129545E+02  0.1215064E+02  0.6987079E+00  Si
  0.6386037E+02  0.1493298E+02  0.1026278E+01  Si
  0.6378098E+02  0.1231666E+02  0.3509680E+01  Si
  0.6110302E+02  0.1486416E+02  0.3567099E+01  Si
  0.4325152E+02  0.1604935E+02  0.2095618E+02  Si
  0.4570871E+02  0.1884186E+02  0.2108249E+02  Si
  0.4606857E+02  0.1602721E+02  0.2002946E+01  Si
  0.4315640E+02  0.1889503E+02  0.2388792E+01  Si
  0.4443127E+02  0.1724927E+02  0.8434175E+00  Si
  0.4745996E+02  0.2017713E+02  0.4817276E+00  Si
  0.4736732E+02  0.1737616E+02  0.3424220E+01  Si
  0.4503444E+02  0.2008203E+02  0.3431206E+01  Si
  0.4884844E+02  0.1637675E+02  0.2123554E+02  Si
  0.5184495E+02  0.1872731E+02  0.2098522E+02  Si
  0.5166780E+02  0.1595476E+02  0.1934163E+01  Si
  0.4875457E+02  0.1869906E+02  0.1787542E+01  Si
  0.5038974E+02  0.1741805E+02  0.3994363E+00  Si
  0.5295092E+02  0.2031857E+02  0.7887946E+00  Si
  0.5279469E+02  0.1742835E+02  0.3425370E+01  Si
  0.4995387E+02  0.1996659E+02  0.3460030E+01  Si
  0.5440488E+02  0.1599927E+02  0.2109994E+02  Si
  0.5679144E+02  0.1896237E+02  0.2105057E+02  Si
  0.5686734E+02  0.1618085E+02  0.2332151E+01  Si
  0.5416831E+02  0.1865195E+02  0.2078221E+01  Si
  0.5560901E+02  0.1741350E+02  0.6759246E+00  Si
  0.5831478E+02  0.2034070E+02  0.9705805E+00  Si
  0.5830710E+02  0.1783272E+02  0.3502559E+01  Si
  0.5527680E+02  0.2032854E+02  0.3432144E+01  Si
  0.5953606E+02  0.1620434E+02  0.2114157E+02  Si
  0.6248338E+02  0.1894479E+02  0.2092564E+02  Si
  0.6226762E+02  0.1633858E+02  0.2132300E+01  Si
  0.5979956E+02  0.1907784E+02  0.2245875E+01  Si
  0.6082853E+02  0.1780212E+02  0.6405949E+00  Si
  0.6371503E+02  0.2022478E+02  0.7583687E+00  Si
  0.6375425E+02  0.1763640E+02  0.3601980E+01  Si
  0.6131868E+02  0.2040561E+02  0.3673436E+01  Si
  0.4366767E+02  0.2128139E+02  0.4843593E+01  Si
  0.4617874E+02  0.2618232E+01  0.4866518E+01  Si
  0.4642565E+02  0.2141625E+02  0.7509519E+01  Si
  0.4346721E+02  0.2391447E+01  0.7516313E+01  Si
  0.4489490E+02  0.1025761E+01  0.6148276E+01  Si
  0.4757921E+02  0.4076870E+01  0.6270546E+01  Si
  0.4757730E+02  0.1219780E+01  0.8949412E+01  Si
  0.4496121E+02  0.3904237E+01  0.8850432E+01  Si
  0.4874931E+02  0.2149511E+02  0.4951772E+01  Si
  0.5162694E+02  0.2529997E+01  0.4795560E+01  Si
  0.5144001E+02  0.2155525E+02  0.7676263E+01  Si
  0.4874589E+02  0.2675714E+01  0.7542160E+01  Si
  0.5023211E+02  0.1158258E+01  0.6229299E+01  Si
  0.5308063E+02  0.3843980E+01  0.6302474E+01  Si
  0.5301157E+02  0.1017678E+01  0.8888214E+01  Si
  0.5024801E+02  0.3770785E+01  0.9172316E+01  Si
  0.5416839E+02  0.2171519E+02  0.4916459E+01  Si
  0.5709882E+02  0.2850690E+01  0.4746667E+01  Si
  0.5708663E+02  0.2160377E+02  0.7744709E+01  Si
  0.5447595E+02  0.2441472E+01  0.7754537E+01  Si
  0.5587493E+02  0.1238732E+01  0.6090099E+01  Si
  0.5825267E+02  0.4139308E+01  0.6146442E+01  Si
  0.5839036E+02  0.1264078E+01  0.9221049E+01  Si
  0.5573503E+02  0.4011358E+01  0.9096893E+01  Si
  0.5964543E+02  0.2155843E+02  0.4808555E+01  Si
  0.6249535E+02  0.2426512E+01  0.4841475E+01  Si
  0.6250468E+02  0.5172252E-01  0.7716043E+01  Si
  0.5945654E+02  0.2755326E+01  0.7767571E+01  Si
  0.6094151E+02  0.1347946E+01  0.6356027E+01  Si
  0.6370174E+02  0.4050143E+01  0.6230001E+01  Si
  0.6389031E+02  0.1518875E+01  0.9230665E+01  Si
  0.6107838E+02  0.3778366E+01  0.9120001E+01  Si
  0.4374676E+02  0.5714875E+01  0.4987406E+01  Si
  0.4591980E+02  0.7731093E+01  0.4618356E+01  Si
  0.4636365E+02  0.5244697E+01  0.7651738E+01  Si
  0.4365780E+02  0.8306104E+01  0.7351250E+01  Si
  0.4506843E+02  0.6735433E+01  0.6579276E+01  Si
  0.4743959E+02  0.9063619E+01  0.6009406E+01  Si
  0.4791306E+02  0.6585952E+01  0.8993835E+01  Si
  0.4493877E+02  0.9316240E+01  0.8860747E+01  Si
  0.4888384E+02  0.5010010E+01  0.4585465E+01  Si
  0.5123732E+02  0.8361935E+01  0.5116374E+01  Si
  0.5160443E+02  0.5108130E+01  0.7723239E+01  Si
  0.4894158E+02  0.7808233E+01  0.7249736E+01  Si
  0.5037062E+02  0.6278904E+01  0.6053698E+01  Si
  0.5268245E+02  0.9419861E+01  0.6465410E+01  Si
  0.5275639E+02  0.6625350E+01  0.8891348E+01  Si
  0.5008773E+02  0.9441783E+01  0.8834192E+01  Si
  0.5419297E+02  0.5363483E+01  0.4965359E+01  Si
  0.5692924E+02  0.8089450E+01  0.4940443E+01  Si
  0.5702476E+02  0.5425750E+01  0.7769854E+01  Si
  0.5421455E+02  0.7966033E+01  0.7878092E+01  Si
  0.5546290E+02  0.6778899E+01  0.6500671E+01  Si
  0.5837966E+02  0.9455771E+01  0.6171760E+01  Si
  0.5832683E+02  0.6845765E+01  0.9012240E+01  Si
  0.5565204E+02  0.9348488E+01  0.9052878E+01  Si
  0.5957133E+02  0.5545595E+01  0.4869637E+01  Si
  0.6261229E+02  0.7948675E+01  0.5151754E+01  Si
  0.6218766E+02  0.5080385E+01  0.7625548E+01  Si
  0.5983360E+02  0.8506418E+01  0.7732215E+01  Si
  0.6098441E+02  0.6837610E+01  0.6552095E+01  Si
  0.6390106E+02  0.9435053E+01  0.6364114E+01  Si
  0.6343663E+02  0.6820777E+01  0.8835356E+01  Si
  0.6114105E+02  0.9741280E+01  0.9373219E+01  Si
  0.4349417E+02  0.1050921E+02  0.4498839E+01  Si
  0.4626045E+02  0.1317730E+02  0.4778255E+01  Si
  0.4630606E+02  0.1051217E+02  0.7311294E+01  Si
  0.4338052E+02  0.1306396E+02  0.7189953E+01  Si
  0.4482043E+02  0.1176622E+02  0.5888010E+01  Si
  0.4768695E+02  0.1442817E+02  0.6297280E+01  Si
  0.4745110E+02  0.1189878E+02  0.8988298E+01  Si
  0.4456876E+02  0.1445092E+02  0.8763741E+01  Si
  0.4849219E+02  0.1092418E+02  0.4674014E+01  Si
  0.5150131E+02  0.1350171E+02  0.4561144E+01  Si
  0.5134263E+02  0.1092375E+02  0.7651384E+01  Si
  0.4892250E+02  0.1296527E+02  0.7448395E+01  Si
  0.5028159E+02  0.1209173E+02  0.5822504E+01  Si
  0.5270383E+02  0.1456000E+02  0.6248594E+01  Si
  0.5280380E+02  0.1208596E+02  0.9014460E+01  Si
  0.5005266E+02  0.1455577E+02  0.8697722E+01  Si
  0.5433726E+02  0.1057963E+02  0.5087222E+01  Si
  0.5716825E+02  0.1344561E+02  0.4952833E+01  Si
  0.5703556E+02  0.1072279E+02  0.7828959E+01  Si
  0.5436596E+02  0.1328405E+02  0.7721169E+01  Si
  0.5569751E+02  0.1193453E+02  0.6555140E+01  Si
  0.5859054E+02  0.1494816E+02  0.6407290E+01  Si
  0.5821929E+02  0.1227290E+02  0.8813742E+01  Si
  0.5560291E+02  0.1492739E+02  0.8764566E+01  Si
  0.5987347E+02  0.1072931E+02  0.4727875E+01  Si
  0.6228407E+02  0.1342738E+02  0.4953294E+01  Si
  0.6249932E+02  0.1089925E+02  0.7814306E+01  Si
  0.5982935E+02  0.1353784E+02  0.7767371E+01  Si
  0.6086857E+02  0.1212326E+02  0.6370091E+01  Si
  0.6370486E+02  0.1479665E+02  0.6252193E+01  Si
  0.6397713E+02  0.1221716E+02  0.9083523E+01  Si
  0.6138930E+02  0.1492735E+02  0.9142616E+01  Si
  0.4337761E+02  0.1611976E+02  0.4908486E+01  Si
  0.4621628E+02  0.1868131E+02  0.4763678E+01  Si
  0.4592486E+02  0.1580229E+02  0.7384718E+01  Si
  0.4325860E+02  0.1885577E+02  0.7438096E+01  Si
  0.4479978E+02  0.1744321E+02  0.6209413E+01  Si
  0.4775878E+02  0.1978231E+02  0.6354265E+01  Si
  0.4714482E+02  0.1727120E+02  0.8840994E+01  Si
  0.4470531E+02  0.2022256E+02  0.8809664E+01  Si
  0.4873097E+02  0.1587818E+02  0.4590663E+01  Si
  0.5131132E+02  0.1860371E+02  0.4919242E+01  Si
  0.5135237E+02  0.1616530E+02  0.7586076E+01  Si
  0.4876066E+02  0.1849426E+02  0.7551501E+01  Si
  0.4994044E+02  0.1719199E+02  0.5939926E+01  Si
  0.5276035E+02  0.2013956E+02  0.6198396E+01  Si
  0.5282730E+02  0.1726857E+02  0.9128939E+01  Si
  0.5012643E+02  0.2004072E+02  0.8822764E+01  Si
  0.5421421E+02  0.1614018E+02  0.4954320E+01  Si
  0.5673492E+02  0.1907511E+02  0.5062262E+01  Si
  0.5712673E+02  0.1649652E+02  0.7632722E+01  Si
  0.5400262E+02  0.1884620E+02  0.7876661E+01  Si
  0.5550600E+02  0.1784800E+02  0.6404292E+01  Si
  0.5846739E+02  0.2019890E+02  0.6471205E+01  Si
  0.5850548E+02  0.1763097E+02  0.9116030E+01  Si
  0.5544571E+02  0.2030234E+02  0.9018089E+01  Si
  0.5994433E+02  0.1635272E+02  0.4909934E+01  Si
  0.6254323E+02  0.1897275E+02  0.5107305E+01  Si
  0.6254264E+02  0.1621782E+02  0.7568704E+01  Si
  0.5995346E+02  0.1896480E+02  0.7596817E+01  Si
  0.6130279E+02  0.1766337E+02  0.6280403E+01  Si
  0.6379392E+02  0.2056928E+02  0.6263842E+01  Si
  0.6399610E+02  0.1751825E+02  0.8905499E+01  Si
  0.6123245E+02  0.2030716E+02  0.8878030E+01  Si
  0.4351840E+02  0.2150544E+02  0.1027588E+02  Si
  0.4636761E+02  0.2527642E+01  0.1016858E+02  Si
  0.4606084E+02  0.2149951E+02  0.1319387E+02  Si
  0.4372120E+02  0.2611596E+01  0.1271697E+02  Si
  0.4505156E+02  0.1010644E+01  0.1149710E+02  Si
  0.4771066E+02  0.3747352E+01  0.1170007E+02  Si
  0.4766564E+02  0.1030639E+01  0.1435331E+02  Si
  0.4494881E+02  0.3752644E+01  0.1431756E+02  Si
  0.4893852E+02  0.2160559E+02  0.1030414E+02  Si
  0.5174319E+02  0.2469208E+01  0.1035878E+02  Si
  0.5148901E+02  0.2150814E+02  0.1305770E+02  Si
  0.4907179E+02  0.2489177E+01  0.1321394E+02  Si
  0.5033228E+02  0.1131155E+01  0.1172038E+02  Si
  0.5284437E+02  0.4000880E+01  0.1160747E+02  Si
  0.5291120E+02  0.1340332E+01  0.1449057E+02  Si
  0.5033478E+02  0.3994617E+01  0.1455235E+02  Si
  0.5431517E+02  0.3034525E-02  0.1056511E+02  Si
  0.5711414E+02  0.2853299E+01  0.1059784E+02  Si
  0.5698713E+02  0.2167737E+02  0.1298546E+02  Si
  0.5405478E+02  0.2756054E+01  0.1325751E+02  Si
  0.5558036E+02  0.1563755E+01  0.1185488E+02  Si
  0.5830517E+02  0.4256543E+01  0.1171068E+02  Si
  0.5806355E+02  0.1251441E+01  0.1465389E+02  Si
  0.5552714E+02  0.4026942E+01  0.1461489E+02  Si
  0.6006632E+02  0.3430812E-02  0.1059421E+02  Si
  0.6241402E+02  0.2580628E+01  0.1066391E+02  Si
  0.6226954E+02  0.2168207E+02  0.1321397E+02  Si
  0.5924790E+02  0.2745839E+01  0.1322189E+02  Si
  0.6099886E+02  0.1412372E+01  0.1211354E+02  Si
  0.6394992E+02  0.4099947E+01  0.1177503E+02  Si
  0.6369859E+02  0.1213306E+01  0.1463348E+02  Si
  0.6089275E+02  0.4083555E+01  0.1435339E+02  Si
  0.4357425E+02  0.5337103E+01  0.1014649E+02  Si
  0.4639371E+02  0.7770695E+01  0.1020609E+02  Si
  0.4620730E+02  0.5045368E+01  0.1282310E+02  Si
  0.4344301E+02  0.8137086E+01  0.1268450E+02  Si
  0.4486527E+02  0.6661341E+01  0.1161725E+02  Si
  0.4765361E+02  0.9318719E+01  0.1160454E+02  Si
  0.4742415E+02  0.6382125E+01  0.1421669E+02  Si
  0.4460037E+02  0.9150964E+01  0.1445070E+02  Si
  0.4890231E+02  0.5149133E+01  0.1050886E+02  Si
  0.5123682E+02  0.8013755E+01  0.1007318E+02  Si
  0.5168615E+02  0.5208812E+01  0.1310251E+02  Si
  0.4862087E+02  0.7793462E+01  0.1315146E+02  Si
  0.5016112E+02  0.6576621E+01  0.1176618E+02  Si
  0.5280396E+02  0.9080318E+01  0.1157440E+02  Si
  0.5283037E+02  0.6613556E+01  0.1442919E+02  Si
  0.4991948E+02  0.9386521E+01  0.1419473E+02  Si
  0.5414294E+02  0.5187249E+01  0.1013488E+02  Si
  0.5692528E+02  0.8194192E+01  0.1042759E+02  Si
  0.5694067E+02  0.5664856E+01  0.1330411E+02  Si
  0.5431243E+02  0.7986657E+01  0.1315651E+02  Si
  0.5537347E+02  0.6710875E+01  0.1156929E+02  Si
  0.5827049E+02  0.9311629E+01  0.1196828E+02  Si
  0.5844904E+02  0.6809138E+01  0.1491696E+02  Si
  0.5581479E+02  0.9641048E+01  0.1431412E+02  Si
  0.5957537E+02  0.5400118E+01  0.1026702E+02  Si
  0.6219966E+02  0.7819924E+01  0.1053377E+02  Si
  0.6261790E+02  0.5470538E+01  0.1300861E+02  Si
  0.5942897E+02  0.8078384E+01  0.1352700E+02  Si
  0.6064468E+02  0.6507400E+01  0.1199305E+02  Si
  0.6376298E+02  0.9146442E+01  0.1175655E+02  Si
  0.6362318E+02  0.6521564E+01  0.1467853E+02  Si
  0.6087437E+02  0.9490626E+01  0.1459172E+02  Si
  0.4363392E+02  0.1061811E+02  0.1040922E+02  Si
  0.4614444E+02  0.1317875E+02  0.1020393E+02  Si
  0.4593722E+02  0.1043284E+02  0.1312374E+02  Si
  0.4348866E+02  0.1339785E+02  0.1290906E+02  Si
  0.4488831E+02  0.1214195E+02  0.1154364E+02  Si
  0.4732530E+02  0.1472446E+02  0.1159188E+02  Si
  0.4703547E+02  0.1190448E+02  0.1425297E+02  Si
  0.4450735E+02  0.1478150E+02  0.1423679E+02  Si
  0.4873704E+02  0.1061819E+02  0.1038094E+02  Si
  0.5159257E+02  0.1338153E+02  0.1039124E+02  Si
  0.5151832E+02  0.1070859E+02  0.1277385E+02  Si
  0.4842505E+02  0.1339286E+02  0.1318741E+02  Si
  0.4996232E+02  0.1210620E+02  0.1153971E+02  Si
  0.5295704E+02  0.1494328E+02  0.1164908E+02  Si
  0.5282800E+02  0.1226399E+02  0.1422629E+02  Si
  0.4993158E+02  0.1471712E+02  0.1440549E+02  Si
  0.5428902E+02  0.1084173E+02  0.1024744E+02  Si
  0.5694616E+02  0.1371255E+02  0.1015055E+02  Si
  0.5678436E+02  0.1099162E+02  0.1296398E+02  Si
  0.5421068E+02  0.1349480E+02  0.1284371E+02  Si
  0.5564624E+02  0.1235669E+02  0.1161393E+02  Si
  0.5845466E+02  0.1498305E+02  0.1143977E+02  Si
  0.5832858E+02  0.1251790E+02  0.1419470E+02  Si
  0.5550016E+02  0.1492861E+02  0.1433590E+02  Si
  0.5951643E+02  0.1087281E+02  0.1038701E+02  Si
  0.6239315E+02  0.1318800E+02  0.1058136E+02  Si
  0.6244901E+02  0.1031415E+02  0.1284997E+02  Si
  0.5986645E+02  0.1370114E+02  0.1277797E+02  Si
  0.6097700E+02  0.1196054E+02  0.1197425E+02  Si
  0.6383280E+02  0.1465655E+02  0.1177814E+02  Si
  0.6358593E+02  0.1176689E+02  0.1449165E+02  Si
  0.6089929E+02  0.1531959E+02  0.1433029E+02  Si
  0.4353600E+02  0.1583833E+02  0.1012027E+02  Si
  0.4606629E+02  0.1896165E+02  0.1006312E+02  Si
  0.4606830E+02  0.1598663E+02  0.1289823E+02  Si
  0.4312531E+02  0.1858243E+02  0.1280886E+02  Si
  0.4482917E+02  0.1732806E+02  0.1141961E+02  Si
  0.4746855E+02  0.2023870E+02  0.1157936E+02  Si
  0.4730693E+02  0.1756137E+02  0.1443319E+02  Si
  0.4453643E+02  0.2005591E+02  0.1424190E+02  Si
  0.4879516E+02  0.1613137E+02  0.1006299E+02  Si
  0.5146781E+02  0.1881602E+02  0.1038451E+02  Si
  0.5145475E+02  0.1605242E+02  0.1301100E+02  Si
  0.4870601E+02  0.1862161E+02  0.1289844E+02  Si
  0.5025445E+02  0.1730564E+02  0.1158706E+02  Si
  0.5289536E+02  0.2020764E+02  0.1161697E+02  Si
  0.5289747E+02  0.1754732E+02  0.1431769E+02  Si
  0.5002033E+02  0.2006740E+02  0.1432112E+02  Si
  0.5443725E+02  0.1609810E+02  0.1036163E+02  Si
  0.5687932E+02  0.1903310E+02  0.1029208E+02  Si
  0.5705725E+02  0.1605735E+02  0.1284902E+02  Si
  0.5428454E+02  0.1891422E+02  0.1288695E+02  Si
  0.5572829E+02  0.1765548E+02  0.1169508E+02  Si
  0.5851020E+02  0.2037192E+02  0.1165543E+02  Si
  0.5837001E+02  0.1752525E+02  0.1417151E+02  Si
  0.5568888E+02  0.2030997E+02  0.1438798E+02  Si
  0.5987156E+02  0.1621272E+02  0.1017113E+02  Si
  0.6256639E+02  0.1908610E+02  0.1014069E+02  Si
  0.6254301E+02  0.1626193E+02  0.1282377E+02  Si
  0.5978794E+02  0.1893384E+02  0.1302692E+02  Si
  0.6108378E+02  0.1782652E+02  0.1145639E+02  Si
  0.6338710E+02  0.2037320E+02  0.1173997E+02  Si
  0.6387296E+02  0.1764031E+02  0.1420237E+02  Si
  0.6120855E+02  0.2018974E+02  0.1448788E+02  Si
  0.4344661E+02  0.2136926E+02  0.1547164E+02  Si
  0.4614347E+02  0.2443437E+01  0.1544111E+02  Si
  0.4603216E+02  0.2169857E+02  0.1829672E+02  Si
  0.4236668E+02  0.1455969E+01  0.1984267E+02  Si
  0.4485122E+02  0.1141887E+01  0.1685381E+02  Si
  0.4732379E+02  0.3807915E+01  0.1702526E+02  Si
  0.4751220E+02  0.1341621E+01  0.1980191E+02  Si
  0.4469516E+02  0.3672036E+01  0.1964999E+02  Si
  0.4880726E+02  0.2152485E+02  0.1580183E+02  Si
  0.5176747E+02  0.2663388E+01  0.1584136E+02  Si
  0.5151398E+02  0.9036124E-02  0.1833145E+02  Si
  0.4889298E+02  0.2802195E+01  0.1846621E+02  Si
  0.5023449E+02  0.1351267E+01  0.1703004E+02  Si
  0.5290969E+02  0.4030588E+01  0.1731466E+02  Si
  0.5289278E+02  0.1305509E+01  0.1989536E+02  Si
  0.5044809E+02  0.4026210E+01  0.1981813E+02  Si
  0.5432451E+02  0.2169402E+02  0.1581695E+02  Si
  0.5683587E+02  0.2763918E+01  0.1590427E+02  Si
  0.5697009E+02  0.2155209E+02  0.1839612E+02  Si
  0.5421404E+02  0.2593199E+01  0.1863534E+02  Si
  0.5576656E+02  0.1287803E+01  0.1715808E+02  Si
  0.5812097E+02  0.4132425E+01  0.1752920E+02  Si
  0.5828066E+02  0.1251731E+01  0.2024158E+02  Si
  0.5574792E+02  0.3869934E+01  0.1975189E+02  Si
  0.5970477E+02  0.2167468E+02  0.1570260E+02  Si
  0.6218242E+02  0.2650006E+01  0.1592271E+02  Si
  0.6256544E+02  0.7642085E-01  0.1848507E+02  Si
  0.5947570E+02  0.2734099E+01  0.1872421E+02  Si
  0.6088884E+02  0.1392816E+01  0.1739051E+02  Si
  0.6381621E+02  0.4257997E+01  0.1694450E+02  Si
  0.6422660E+02  0.1176094E+01  0.1958826E+02  Si
  0.6124069E+02  0.3897881E+01  0.2012314E+02  Si
  0.4326405E+02  0.5209626E+01  0.1566388E+02  Si
  0.4598847E+02  0.7727644E+01  0.1575876E+02  Si
  0.4606260E+02  0.5005777E+01  0.1832256E+02  Si
  0.4330635E+02  0.7841098E+01  0.1813605E+02  Si
  0.4472619E+02  0.6525755E+01  0.1692860E+02  Si
  0.4760993E+02  0.9372002E+01  0.1689324E+02  Si
  0.4729738E+02  0.6516839E+01  0.1956853E+02  Si
  0.4453313E+02  0.9231292E+01  0.1966833E+02  Si
  0.4878910E+02  0.5245132E+01  0.1563572E+02  Si
  0.5138502E+02  0.8008620E+01  0.1570130E+02  Si
  0.5159368E+02  0.5469579E+01  0.1855779E+02  Si
  0.4868825E+02  0.7939306E+01  0.1842977E+02  Si
  0.5009548E+02  0.6626099E+01  0.1692097E+02  Si
  0.5275977E+02  0.9245956E+01  0.1704399E+02  Si
  0.5284593E+02  0.6889637E+01  0.1990889E+02  Si
  0.4996738E+02  0.9281536E+01  0.1976923E+02  Si
  0.5424738E+02  0.5443423E+01  0.1578738E+02  Si
  0.5691397E+02  0.8342396E+01  0.1596308E+02  Si
  0.5687593E+02  0.5774020E+01  0.1867680E+02  Si
  0.5408742E+02  0.8233229E+01  0.1865637E+02  Si
  0.5545746E+02  0.6912321E+01  0.1719115E+02  Si
  0.5864104E+02  0.9597564E+01  0.1728962E+02  Si
  0.5855373E+02  0.6530279E+01  0.2003066E+02  Si
  0.5592352E+02  0.9467094E+01  0.1977151E+02  Si
  0.5941854E+02  0.5139300E+01  0.1598649E+02  Si
  0.6244757E+02  0.8184801E+01  0.1588842E+02  Si
  0.6250166E+02  0.5236357E+01  0.1849925E+02  Si
  0.5981958E+02  0.8077299E+01  0.1863073E+02  Si
  0.6089931E+02  0.6558938E+01  0.1711897E+02  Si
  0.6393659E+02  0.9368664E+01  0.1706183E+02  Si
  0.6386553E+02  0.6679833E+01  0.1990032E+02  Si
  0.6141770E+02  0.9408540E+01  0.1980617E+02  Si
  0.4316973E+02  0.1076387E+02  0.1560592E+02  Si
  0.4591286E+02  0.1347296E+02  0.1561326E+02  Si
  0.4599258E+02  0.1068147E+02  0.1817175E+02  Si
  0.4177209E+02  0.1469918E+02  0.1684478E+02  Si
  0.4471390E+02  0.1191864E+02  0.1689472E+02  Si
  0.4752265E+02  0.1462849E+02  0.1705374E+02  Si
  0.4719660E+02  0.1187042E+02  0.1991460E+02  Si
  0.4470349E+02  0.1479941E+02  0.1969935E+02  Si
  0.4867876E+02  0.1090618E+02  0.1564003E+02  Si
  0.5135886E+02  0.1344042E+02  0.1571041E+02  Si
  0.5134721E+02  0.1057913E+02  0.1820808E+02  Si
  0.4866868E+02  0.1315799E+02  0.1853925E+02  Si
  0.5020219E+02  0.1227499E+02  0.1697527E+02  Si
  0.5287505E+02  0.1465850E+02  0.1705623E+02  Si
  0.5274032E+02  0.1166363E+02  0.1972376E+02  Si
  0.5007928E+02  0.1480056E+02  0.1969985E+02  Si
  0.5426531E+02  0.1080218E+02  0.1553831E+02  Si
  0.5693516E+02  0.1368949E+02  0.1575574E+02  Si
  0.5709615E+02  0.1111392E+02  0.1824253E+02  Si
  0.5408334E+02  0.1306172E+02  0.1832269E+02  Si
  0.5576995E+02  0.1241965E+02  0.1693262E+02  Si
  0.5835256E+02  0.1490315E+02  0.1704073E+02  Si
  0.5864306E+02  0.1214652E+02  0.1974920E+02  Si
  0.5560540E+02  0.1462439E+02  0.1964633E+02  Si
  0.5973749E+02  0.1104573E+02  0.1556919E+02  Si
  0.6228751E+02  0.1362617E+02  0.1539692E+02  Si
  0.6255511E+02  0.1104215E+02  0.1827147E+02  Si
  0.5987317E+02  0.1365935E+02  0.1849310E+02  Si
  0.6110255E+02  0.1245199E+02  0.1692493E+02  Si
  0.6372045E+02  0.1477149E+02  0.1687504E+02  Si
  0.6383357E+02  0.1233264E+02  0.1979156E+02  Si
  0.6097881E+02  0.1515573E+02  0.1974274E+02  Si
  0.4312821E+02  0.1618128E+02  0.1562008E+02  Si
  0.4586648E+02  0.1885817E+02  0.1571696E+02  Si
  0.4609862E+02  0.1615223E+02  0.1833651E+02  Si
  0.4325578E+02  0.1883997E+02  0.1830927E+02  Si
  0.4465478E+02  0.1740015E+02  0.1693789E+02  Si
  0.4719869E+02  0.2010793E+02  0.1701814E+02  Si
  0.4731655E+02  0.1768070E+02  0.1992130E+02  Si
  0.4464908E+02  0.2034290E+02  0.1963682E+02  Si
  0.4878264E+02  0.1630607E+02  0.1581385E+02  Si
  0.5162254E+02  0.1897078E+02  0.1535989E+02  Si
  0.5171864E+02  0.1591065E+02  0.1843390E+02  Si
  0.4864575E+02  0.1880187E+02  0.1828888E+02  Si
  0.5042189E+02  0.1751966E+02  0.1708749E+02  Si
  0.5289230E+02  0.2015772E+02  0.1711288E+02  Si
  0.5292200E+02  0.1721615E+02  0.1955429E+02  Si
  0.5028185E+02  0.2017096E+02  0.1979857E+02  Si
  0.5410290E+02  0.1603709E+02  0.1567718E+02  Si
  0.5692692E+02  0.1885156E+02  0.1576014E+02  Si
  0.5697851E+02  0.1608994E+02  0.1819669E+02  Si
  0.5422119E+02  0.1881923E+02  0.1842210E+02  Si
  0.5553880E+02  0.1744802E+02  0.1693138E+02  Si
  0.5842696E+02  0.2026333E+02  0.1710771E+02  Si
  0.5836240E+02  0.1755200E+02  0.1965396E+02  Si
  0.5543125E+02  0.2028615E+02  0.1952055E+02  Si
  0.5966307E+02  0.1640333E+02  0.1575875E+02  Si
  0.6258011E+02  0.1878201E+02  0.1594261E+02  Si
  0.6261050E+02  0.1615318E+02  0.1826819E+02  Si
  0.5981672E+02  0.1911186E+02  0.1860356E+02  Si
  0.6113927E+02  0.1759251E+02  0.1731185E+02  Si
  0.6375287E+02  0.2028973E+02  0.1705499E+02  Si
  0.6375249E+02  0.1754766E+02  0.1975412E+02  Si
  0.6090022E+02  0.2059664E+02  0.1978931E+02  Si
