         
  0.6515772E+02  0.0000000E+00  0.2171924E+02
  0.0000000E+00  0.0000000E+00  0.2171924E+02
  0.1811353E+00  0.2137472E+02  0.2178781E+00  Si
  0.2854870E+01  0.2381182E+01  0.4005727E+00  Si
  0.2793534E+01  0.2124107E+02  0.3244122E+01  Si
  0.1368472E+00  0.2239389E+01  0.3119877E+01  Si
  0.1563386E+01  0.8519374E+00  0.1829184E+01  Si
  0.3916906E+01  0.3985440E+01  0.1900082E+01  Si
  0.4248756E+01  0.1018678E+01  0.4565621E+01  Si
  0.1343973E+01  0.3522806E+01  0.4850511E+01  Si
  0.5250931E+01  0.2137921E+02  0.3233975E+00  Si
  0.7957128E+01  0.2573648E+01  0.4394864E+00  Si
  0.8140593E+01  0.2168524E+02  0.3036306E+01  Si
  0.5371247E+01  0.2511597E+01  0.3190136E+01  Si
  0.6429257E+01  0.1187795E+01  0.1685191E+01  Si
  0.9417633E+01  0.4063608E+01  0.1622469E+01  Si
  0.9182699E+01  0.1433588E+01  0.4582547E+01  Si
  0.6715545E+01  0.3759392E+01  0.4691424E+01  Si
  0.1078642E+02  0.2165551E+02  0.6770142E+00  Si
  0.1362760E+02  0.2429640E+01  0.3967963E+00  Si
  0.1337630E+02  0.2164277E+02  0.3123785E+01  Si
  0.1064936E+02  0.2813502E+01  0.2969154E+01  Si
  0.1208473E+02  0.1334460E+01  0.1927435E+01  Si
  0.1484561E+02  0.3867820E+01  0.1736748E+01  Si
  0.1500026E+02  0.9859418E+00  0.4481841E+01  Si
  0.1218430E+02  0.3874035E+01  0.4371563E+01  Si
  0.1571216E+02  0.2135826E+02  0.3169760E+00  Si
  0.1877950E+02  0.1998973E+01  0.3604903E+00  Si
  0.1857826E+02  0.2147127E+02  0.2776346E+01  Si
  0.1620066E+02  0.2591773E+01  0.3342071E+01  Si
  0.1726916E+02  0.1049713E+01  0.1746988E+01  Si
  0.2632861E+02  0.4655530E+01  0.2134308E+02  Si
  0.2209894E+02  0.3219881E+01  0.3442495E+01  Si
  0.1769875E+02  0.3897431E+01  0.4469557E+01  Si
  0.6506610E+02  0.5025680E+01  0.4169642E+00  Si
  0.2706923E+01  0.7606475E+01  0.4968840E+00  Si
  0.2490151E+01  0.5008054E+01  0.3293940E+01  Si
  0.6505166E+02  0.7793188E+01  0.3086454E+01  Si
  0.1189633E+01  0.6374889E+01  0.1803848E+01  Si
  0.3884737E+01  0.9042119E+01  0.2012510E+01  Si
  0.3979324E+01  0.6497167E+01  0.4550891E+01  Si
  0.1062287E+01  0.9182532E+01  0.4587655E+01  Si
  0.5372032E+01  0.5371059E+01  0.5782190E+00  Si
  0.7988285E+01  0.7756272E+01  0.5026739E+00  Si
  0.8070650E+01  0.5114373E+01  0.3258888E+01  Si
  0.5178703E+01  0.7996456E+01  0.3506264E+01  Si
  0.6651790E+01  0.6623594E+01  0.2214295E+01  Si
  0.9201295E+01  0.9253130E+01  0.1892049E+01  Si
  0.9384878E+01  0.6379424E+01  0.4767923E+01  Si
  0.6429814E+01  0.9349302E+01  0.4718524E+01  Si
  0.1070606E+02  0.5315205E+01  0.3788934E+00  Si
  0.1346320E+02  0.7827547E+01  0.5075674E+00  Si
  0.1355659E+02  0.5222889E+01  0.3161376E+01  Si
  0.1070197E+02  0.7854951E+01  0.3133589E+01  Si
  0.1213699E+02  0.6603396E+01  0.1800234E+01  Si
  0.1458419E+02  0.9144032E+01  0.1931781E+01  Si
  0.1522461E+02  0.6511596E+01  0.4498968E+01  Si
  0.1215547E+02  0.9222339E+01  0.4476215E+01  Si
  0.1646329E+02  0.5280427E+01  0.5356722E+00  Si
  0.1876714E+02  0.7988213E+01  0.2612390E+00  Si
  0.1916754E+02  0.5060376E+01  0.2748279E+01  Si
  0.1615209E+02  0.8080728E+01  0.3192652E+01  Si
  0.1757283E+02  0.6781625E+01  0.1756081E+01  Si
  0.2045943E+02  0.9438595E+01  0.1164913E+01  Si
  0.2101701E+02  0.7134163E+01  0.5552320E+01  Si
  0.1762299E+02  0.9320540E+01  0.4287287E+01  Si
  0.6512511E+02  0.1050341E+02  0.3510241E+00  Si
  0.2600311E+01  0.1320172E+02  0.3724288E+00  Si
  0.2262018E+01  0.1040662E+02  0.3264304E+01  Si
  0.6500570E+02  0.1334535E+02  0.3424291E+01  Si
  0.1160849E+01  0.1189658E+02  0.1889725E+01  Si
  0.3933451E+01  0.1450427E+02  0.1887388E+01  Si
  0.3845807E+01  0.1158068E+02  0.4405629E+01  Si
  0.1309721E+01  0.1471397E+02  0.4451156E+01  Si
  0.5312462E+01  0.1034849E+02  0.6641714E+00  Si
  0.7996458E+01  0.1322008E+02  0.4579172E+00  Si
  0.7908909E+01  0.1047463E+02  0.3273218E+01  Si
  0.5332402E+01  0.1302351E+02  0.3149797E+01  Si
  0.6783935E+01  0.1168149E+02  0.1780577E+01  Si
  0.9470547E+01  0.1468142E+02  0.1763005E+01  Si
  0.9511835E+01  0.1191699E+02  0.4683121E+01  Si
  0.6645772E+01  0.1418273E+02  0.4584133E+01  Si
  0.1058146E+02  0.1049675E+02  0.5076370E+00  Si
  0.1324337E+02  0.1340654E+02  0.4267200E+00  Si
  0.1333015E+02  0.1075347E+02  0.3005146E+01  Si
  0.1060851E+02  0.1339341E+02  0.3445090E+01  Si
  0.1179107E+02  0.1202135E+02  0.1844641E+01  Si
  0.1468190E+02  0.1478385E+02  0.1872987E+01  Si
  0.1466012E+02  0.1211913E+02  0.4312162E+01  Si
  0.1210800E+02  0.1456317E+02  0.4721220E+01  Si
  0.1585798E+02  0.1047035E+02  0.6151701E+00  Si
  0.1849663E+02  0.1345806E+02  0.2990493E+00  Si
  0.1907130E+02  0.1057604E+02  0.2941797E+01  Si
  0.1606378E+02  0.1343385E+02  0.3062604E+01  Si
  0.1746742E+02  0.1191168E+02  0.1697146E+01  Si
  0.1969402E+02  0.1474122E+02  0.1645050E+01  Si
  0.2055866E+02  0.1175926E+02  0.4610313E+01  Si
  0.1768367E+02  0.1474602E+02  0.4591009E+01  Si
  0.1715400E+00  0.1606039E+02  0.6167947E+00  Si
  0.2492710E+01  0.1853832E+02  0.3406881E+00  Si
  0.2661188E+01  0.1606314E+02  0.3169044E+01  Si
  0.6500770E+02  0.1876707E+02  0.3198890E+01  Si
  0.1440226E+01  0.1755984E+02  0.1983725E+01  Si
  0.4122378E+01  0.1988249E+02  0.1658358E+01  Si
  0.4049422E+01  0.1727460E+02  0.4537171E+01  Si
  0.1287554E+01  0.1973085E+02  0.4613854E+01  Si
  0.5327361E+01  0.1591786E+02  0.3630416E+00  Si
  0.8070126E+01  0.1849657E+02  0.5526837E+00  Si
  0.8021493E+01  0.1571728E+02  0.3352592E+01  Si
  0.5537304E+01  0.1886070E+02  0.3220851E+01  Si
  0.6670320E+01  0.1717332E+02  0.1957065E+01  Si
  0.9411048E+01  0.2017704E+02  0.1680362E+01  Si
  0.9613095E+01  0.1740859E+02  0.4408922E+01  Si
  0.6994393E+01  0.2018757E+02  0.4585784E+01  Si
  0.1084087E+02  0.1594834E+02  0.3937493E+00  Si
  0.1335283E+02  0.1874409E+02  0.2949175E+00  Si
  0.1323907E+02  0.1609211E+02  0.3291224E+01  Si
  0.1090865E+02  0.1871863E+02  0.3112535E+01  Si
  0.1245443E+02  0.1738283E+02  0.1602466E+01  Si
  0.1473278E+02  0.1998031E+02  0.2059431E+01  Si
  0.1472982E+02  0.1738110E+02  0.4440330E+01  Si
  0.1205861E+02  0.2025819E+02  0.4347399E+01  Si
  0.1596245E+02  0.1590577E+02  0.1891504E+00  Si
  0.1886392E+02  0.1894371E+02  0.3120081E+00  Si
  0.1883310E+02  0.1601436E+02  0.2976556E+01  Si
  0.1619509E+02  0.1877332E+02  0.3175193E+01  Si
  0.1740772E+02  0.1756469E+02  0.1531036E+01  Si
  0.2023536E+02  0.2045251E+02  0.1439836E+01  Si
  0.2061562E+02  0.1710732E+02  0.4247079E+01  Si
  0.1757498E+02  0.1992721E+02  0.4460142E+01  Si
  0.7236614E-01  0.2142775E+02  0.5905664E+01  Si
  0.2910151E+01  0.2285142E+01  0.6038183E+01  Si
  0.2662599E+01  0.2135077E+02  0.8494540E+01  Si
  0.1671419E+00  0.2438137E+01  0.8653634E+01  Si
  0.1284569E+01  0.1098087E+01  0.7213416E+01  Si
  0.4043222E+01  0.3999211E+01  0.7336747E+01  Si
  0.3845080E+01  0.9303546E+00  0.9851436E+01  Si
  0.1412505E+01  0.3720789E+01  0.1001367E+02  Si
  0.5691916E+01  0.2147967E+02  0.5893943E+01  Si
  0.7892459E+01  0.2500024E+01  0.6287744E+01  Si
  0.8209930E+01  0.2136004E+02  0.8359312E+01  Si
  0.5149008E+01  0.2623436E+01  0.8703054E+01  Si
  0.6761666E+01  0.1087446E+01  0.7391911E+01  Si
  0.9582590E+01  0.3683650E+01  0.7539049E+01  Si
  0.9582502E+01  0.7885087E+00  0.1003945E+02  Si
  0.6856055E+01  0.3568919E+01  0.9905387E+01  Si
  0.1075393E+02  0.2140870E+02  0.5452573E+01  Si
  0.1346829E+02  0.2394761E+01  0.5654207E+01  Si
  0.1326808E+02  0.2148887E+02  0.8689822E+01  Si
  0.1090927E+02  0.2315768E+01  0.8691059E+01  Si
  0.1210921E+02  0.1001838E+01  0.6999814E+01  Si
  0.1491897E+02  0.3301248E+01  0.7369447E+01  Si
  0.1493253E+02  0.1023813E+01  0.1014721E+02  Si
  0.1226257E+02  0.3570575E+01  0.1006449E+02  Si
  0.1646378E+02  0.2136328E+02  0.5849673E+01  Si
  0.1909380E+02  0.2360718E+01  0.5824559E+01  Si
  0.1949187E+02  0.2143314E+02  0.8693473E+01  Si
  0.1639257E+02  0.2123633E+01  0.8660193E+01  Si
  0.1783575E+02  0.8676565E+00  0.7268779E+01  Si
  0.2478927E+02  0.1529330E+01  0.1036938E+01  Si
  0.2337219E+02  0.5164008E+00  0.6606530E+01  Si
  0.1750132E+02  0.3738300E+01  0.9987124E+01  Si
  0.6508633E+02  0.5296439E+01  0.5762689E+01  Si
  0.2416727E+01  0.7752076E+01  0.6046676E+01  Si
  0.2499394E+01  0.5331748E+01  0.8689390E+01  Si
  0.6498595E+02  0.7923774E+01  0.8558973E+01  Si
  0.1126996E+01  0.6527662E+01  0.7315265E+01  Si
  0.3619648E+01  0.9276401E+01  0.7512931E+01  Si
  0.3977997E+01  0.6440108E+01  0.9942328E+01  Si
  0.1280498E+01  0.9091311E+01  0.1010518E+02  Si
  0.5354280E+01  0.5153494E+01  0.5763204E+01  Si
  0.7835359E+01  0.7679035E+01  0.6118018E+01  Si
  0.7977258E+01  0.5029682E+01  0.8560893E+01  Si
  0.5174706E+01  0.8080291E+01  0.8724550E+01  Si
  0.6415771E+01  0.6346740E+01  0.7403988E+01  Si
  0.9424137E+01  0.9135287E+01  0.7179326E+01  Si
  0.9459573E+01  0.6374919E+01  0.1002161E+02  Si
  0.6535375E+01  0.9375656E+01  0.1003990E+02  Si
  0.1094294E+02  0.5096004E+01  0.6051717E+01  Si
  0.1367323E+02  0.7928963E+01  0.5651235E+01  Si
  0.1358412E+02  0.4847062E+01  0.8671068E+01  Si
  0.1080173E+02  0.7775646E+01  0.8569594E+01  Si
  0.1249253E+02  0.6289751E+01  0.7258488E+01  Si
  0.1487871E+02  0.9390709E+01  0.6972137E+01  Si
  0.1487474E+02  0.6480875E+01  0.9756718E+01  Si
  0.1229307E+02  0.9240261E+01  0.9701479E+01  Si
  0.1615153E+02  0.4937236E+01  0.6055994E+01  Si
  0.1873573E+02  0.7936700E+01  0.6063835E+01  Si
  0.2020409E+02  0.4216446E+01  0.6831212E+01  Si
  0.1610047E+02  0.8044998E+01  0.8484525E+01  Si
  0.1738756E+02  0.6566231E+01  0.7356402E+01  Si
  0.2223297E+02  0.5140071E+01  0.6264445E+01  Si
  0.2020924E+02  0.4756451E+01  0.1084951E+02  Si
  0.1732669E+02  0.9333413E+01  0.9933163E+01  Si
  0.6494300E+02  0.1056718E+02  0.5964950E+01  Si
  0.2705183E+01  0.1308128E+02  0.5877877E+01  Si
  0.2455517E+01  0.1062451E+02  0.8974521E+01  Si
  0.9504856E-01  0.1336216E+02  0.8733859E+01  Si
  0.1174484E+01  0.1186486E+02  0.7373182E+01  Si
  0.4153422E+01  0.1458024E+02  0.6874904E+01  Si
  0.3936161E+01  0.1197664E+02  0.1012996E+02  Si
  0.1453719E+01  0.1456949E+02  0.1004134E+02  Si
  0.5143541E+01  0.1052964E+02  0.6060453E+01  Si
  0.8070641E+01  0.1300482E+02  0.6001652E+01  Si
  0.8077475E+01  0.1048537E+02  0.8569023E+01  Si
  0.5276394E+01  0.1323261E+02  0.8592834E+01  Si
  0.6598637E+01  0.1164435E+02  0.7231744E+01  Si
  0.9184748E+01  0.1446545E+02  0.7253455E+01  Si
  0.9287581E+01  0.1164772E+02  0.1011409E+02  Si
  0.6768196E+01  0.1492618E+02  0.9860269E+01  Si
  0.1081786E+02  0.1061671E+02  0.5943332E+01  Si
  0.1342865E+02  0.1335539E+02  0.6076065E+01  Si
  0.1365063E+02  0.1056148E+02  0.8432008E+01  Si
  0.1050171E+02  0.1337037E+02  0.8875953E+01  Si
  0.1194492E+02  0.1203479E+02  0.7319667E+01  Si
  0.1512910E+02  0.1454252E+02  0.7353514E+01  Si
  0.1474586E+02  0.1182333E+02  0.9918796E+01  Si
  0.1218662E+02  0.1460369E+02  0.1017638E+02  Si
  0.1630821E+02  0.1064113E+02  0.5552224E+01  Si
  0.1912941E+02  0.1319475E+02  0.5760259E+01  Si
  0.1859849E+02  0.1070839E+02  0.8488910E+01  Si
  0.1628525E+02  0.1302696E+02  0.8785060E+01  Si
  0.1759189E+02  0.1209884E+02  0.7010511E+01  Si
  0.2031771E+02  0.1424212E+02  0.7626545E+01  Si
  0.2241602E+02  0.1202705E+02  0.9824582E+01  Si
  0.1756349E+02  0.1465883E+02  0.9945427E+01  Si
  0.6510347E+02  0.1603484E+02  0.6094737E+01  Si
  0.2709321E+01  0.1842165E+02  0.6121781E+01  Si
  0.2924906E+01  0.1585198E+02  0.8675656E+01  Si
  0.2662285E-01  0.1862790E+02  0.8591492E+01  Si
  0.1388539E+01  0.1710264E+02  0.7571851E+01  Si
  0.4119830E+01  0.2025943E+02  0.7057908E+01  Si
  0.3973739E+01  0.1740244E+02  0.9821708E+01  Si
  0.1297788E+01  0.2013417E+02  0.9935383E+01  Si
  0.5577215E+01  0.1588428E+02  0.5745001E+01  Si
  0.8188835E+01  0.1880879E+02  0.5710001E+01  Si
  0.8148482E+01  0.1598938E+02  0.8417372E+01  Si
  0.5372376E+01  0.1865594E+02  0.8397691E+01  Si
  0.6773316E+01  0.1748749E+02  0.7184777E+01  Si
  0.9698545E+01  0.2018083E+02  0.7037154E+01  Si
  0.9819258E+01  0.1721020E+02  0.9659284E+01  Si
  0.6822288E+01  0.2012710E+02  0.9714752E+01  Si
  0.1066691E+02  0.1589984E+02  0.6074530E+01  Si
  0.1348011E+02  0.1878017E+02  0.5674318E+01  Si
  0.1338405E+02  0.1592821E+02  0.8573027E+01  Si
  0.1119017E+02  0.1874431E+02  0.8299586E+01  Si
  0.1216001E+02  0.1735920E+02  0.7110127E+01  Si
  0.1497196E+02  0.2018198E+02  0.7293160E+01  Si
  0.1512030E+02  0.1731933E+02  0.9823170E+01  Si
  0.1211093E+02  0.2000107E+02  0.1009893E+02  Si
  0.1614801E+02  0.1606280E+02  0.5864479E+01  Si
  0.2109171E+02  0.8231568E+00  0.6423274E+01  Si
  0.1911369E+02  0.1608900E+02  0.8531274E+01  Si
  0.1674308E+02  0.1876832E+02  0.8508553E+01  Si
  0.1766334E+02  0.1746293E+02  0.7098294E+01  Si
  0.2486138E+02  0.1719488E+02  0.7383266E+01  Si
  0.2084441E+02  0.1790817E+02  0.8727938E+01  Si
  0.1781812E+02  0.2022262E+02  0.9954003E+01  Si
  0.6489867E+02  0.2128898E+02  0.1125495E+02  Si
  0.2546428E+01  0.2488225E+01  0.1143801E+02  Si
  0.2556057E+01  0.2128902E+02  0.1385443E+02  Si
  0.6508868E+02  0.2545801E+01  0.1399732E+02  Si
  0.1193498E+01  0.9795419E+00  0.1261275E+02  Si
  0.3927194E+01  0.3818924E+01  0.1271284E+02  Si
  0.3881234E+01  0.1125809E+01  0.1516074E+02  Si
  0.1370639E+01  0.3783575E+01  0.1521131E+02  Si
  0.5477173E+01  0.2149941E+02  0.1116699E+02  Si
  0.8178821E+01  0.2266240E+01  0.1122162E+02  Si
  0.7929816E+01  0.2126871E+02  0.1413864E+02  Si
  0.5202567E+01  0.2383269E+01  0.1401679E+02  Si
  0.6630391E+01  0.1034710E+01  0.1264047E+02  Si
  0.9451005E+01  0.3724054E+01  0.1284398E+02  Si
  0.9147053E+01  0.9864284E+00  0.1548239E+02  Si
  0.6679171E+01  0.3649464E+01  0.1553652E+02  Si
  0.1068679E+02  0.2132551E+02  0.1154892E+02  Si
  0.1349696E+02  0.2328939E+01  0.1144468E+02  Si
  0.1359632E+02  0.2120931E+02  0.1425766E+02  Si
  0.1052478E+02  0.2128861E+01  0.1417798E+02  Si
  0.1211203E+02  0.1074229E+01  0.1293335E+02  Si
  0.1479874E+02  0.3548427E+01  0.1266517E+02  Si
  0.1493681E+02  0.9864787E+00  0.1535998E+02  Si
  0.1203700E+02  0.3628976E+01  0.1535607E+02  Si
  0.1638178E+02  0.2144927E+02  0.1136140E+02  Si
  0.2063645E+02  0.9349135E+00  0.1016391E+02  Si
  0.1984342E+02  0.2124733E+02  0.1496269E+02  Si
  0.1639262E+02  0.2171614E+01  0.1387546E+02  Si
  0.1791599E+02  0.8811548E+00  0.1267410E+02  Si
  0.1885315E+02  0.2291440E+01  0.1122432E+02  Si
  0.2037044E+02  0.3575398E+01  0.1281249E+02  Si
  0.1775316E+02  0.3630346E+01  0.1524632E+02  Si
  0.6500322E+02  0.5042795E+01  0.1120965E+02  Si
  0.2760653E+01  0.7718633E+01  0.1132637E+02  Si
  0.2681670E+01  0.5210919E+01  0.1384644E+02  Si
  0.1629677E+00  0.7660585E+01  0.1391459E+02  Si
  0.1118078E+01  0.6377326E+01  0.1254432E+02  Si
  0.3860283E+01  0.9052402E+01  0.1279312E+02  Si
  0.4009201E+01  0.6507840E+01  0.1528211E+02  Si
  0.1207825E+01  0.9315658E+01  0.1551785E+02  Si
  0.5403284E+01  0.4955017E+01  0.1138347E+02  Si
  0.8022627E+01  0.7718639E+01  0.1125360E+02  Si
  0.7928944E+01  0.5097309E+01  0.1391591E+02  Si
  0.5245792E+01  0.7715341E+01  0.1401483E+02  Si
  0.6616900E+01  0.6285479E+01  0.1266078E+02  Si
  0.9407154E+01  0.8990711E+01  0.1272291E+02  Si
  0.9331901E+01  0.6512973E+01  0.1537436E+02  Si
  0.6622010E+01  0.9226967E+01  0.1523604E+02  Si
  0.1073628E+02  0.4959430E+01  0.1117990E+02  Si
  0.1346470E+02  0.7743559E+01  0.1102617E+02  Si
  0.1335831E+02  0.4978255E+01  0.1382888E+02  Si
  0.1060704E+02  0.7500238E+01  0.1404635E+02  Si
  0.1193337E+02  0.6333559E+01  0.1261562E+02  Si
  0.1477125E+02  0.9363129E+01  0.1238608E+02  Si
  0.1463396E+02  0.6472732E+01  0.1517044E+02  Si
  0.1204942E+02  0.9058811E+01  0.1538591E+02  Si
  0.1614654E+02  0.4999167E+01  0.1120039E+02  Si
  0.1888104E+02  0.7970824E+01  0.1120510E+02  Si
  0.1918548E+02  0.5017739E+01  0.1388413E+02  Si
  0.1617033E+02  0.7953022E+01  0.1376331E+02  Si
  0.1755702E+02  0.6360454E+01  0.1254748E+02  Si
  0.2201281E+02  0.8119966E+01  0.1436091E+02  Si
  0.2035637E+02  0.6621436E+01  0.1507404E+02  Si
  0.1770851E+02  0.9485241E+01  0.1497920E+02  Si
  0.6508452E+02  0.1049867E+02  0.1134171E+02  Si
  0.2603975E+01  0.1323091E+02  0.1155515E+02  Si
  0.2521581E+01  0.1036265E+02  0.1407158E+02  Si
  0.6514977E+02  0.1309392E+02  0.1418433E+02  Si
  0.1374834E+01  0.1180178E+02  0.1280299E+02  Si
  0.4120540E+01  0.1489809E+02  0.1240072E+02  Si
  0.3866176E+01  0.1193710E+02  0.1497946E+02  Si
  0.1345019E+01  0.1470016E+02  0.1529232E+02  Si
  0.5347299E+01  0.1058897E+02  0.1145538E+02  Si
  0.8041150E+01  0.1330096E+02  0.1109310E+02  Si
  0.8095867E+01  0.1050754E+02  0.1398421E+02  Si
  0.5330878E+01  0.1349600E+02  0.1376497E+02  Si
  0.6621996E+01  0.1199309E+02  0.1271586E+02  Si
  0.9368829E+01  0.1459755E+02  0.1240146E+02  Si
  0.9455820E+01  0.1192095E+02  0.1519177E+02  Si
  0.6675833E+01  0.1462169E+02  0.1497236E+02  Si
  0.1083410E+02  0.1030188E+02  0.1125536E+02  Si
  0.1348668E+02  0.1323939E+02  0.1164497E+02  Si
  0.1318773E+02  0.1040268E+02  0.1373694E+02  Si
  0.1057569E+02  0.1322647E+02  0.1383081E+02  Si
  0.1173864E+02  0.1184240E+02  0.1257300E+02  Si
  0.1491534E+02  0.1483906E+02  0.1280853E+02  Si
  0.1442045E+02  0.1192511E+02  0.1480987E+02  Si
  0.1211331E+02  0.1443534E+02  0.1521382E+02  Si
  0.1596017E+02  0.1061820E+02  0.1118096E+02  Si
  0.1907541E+02  0.1064271E+02  0.1359843E+02  Si
  0.2069319E+02  0.9150712E+01  0.1245826E+02  Si
  0.1620091E+02  0.1341377E+02  0.1387352E+02  Si
  0.1753860E+02  0.1193485E+02  0.1229809E+02  Si
  0.2112746E+02  0.1865095E+02  0.1306098E+02  Si
  0.2048973E+02  0.1213930E+02  0.1500133E+02  Si
  0.1739249E+02  0.1462567E+02  0.1537678E+02  Si
  0.6319684E-01  0.1585431E+02  0.1143468E+02  Si
  0.2660098E+01  0.1869878E+02  0.1124403E+02  Si
  0.2795555E+01  0.1608005E+02  0.1402703E+02  Si
  0.1636012E-01  0.1888578E+02  0.1409444E+02  Si
  0.1388285E+01  0.1746470E+02  0.1274985E+02  Si
  0.4242674E+01  0.1989927E+02  0.1250676E+02  Si
  0.4211758E+01  0.1711396E+02  0.1539905E+02  Si
  0.1256320E+01  0.2007916E+02  0.1535243E+02  Si
  0.5458993E+01  0.1625386E+02  0.1102897E+02  Si
  0.8372662E+01  0.1864633E+02  0.1085880E+02  Si
  0.8161569E+01  0.1592139E+02  0.1376164E+02  Si
  0.5551226E+01  0.1859499E+02  0.1387864E+02  Si
  0.6924039E+01  0.1744193E+02  0.1235323E+02  Si
  0.9254997E+01  0.1982366E+02  0.1281180E+02  Si
  0.9417816E+01  0.1735220E+02  0.1541581E+02  Si
  0.6742645E+01  0.1987604E+02  0.1518460E+02  Si
  0.1086149E+02  0.1594930E+02  0.1133849E+02  Si
  0.1366001E+02  0.1857771E+02  0.1127709E+02  Si
  0.1341156E+02  0.1595824E+02  0.1408196E+02  Si
  0.1076690E+02  0.1864296E+02  0.1406526E+02  Si
  0.1204082E+02  0.1731496E+02  0.1273013E+02  Si
  0.1496228E+02  0.2011485E+02  0.1250325E+02  Si
  0.1487016E+02  0.1741250E+02  0.1515620E+02  Si
  0.1181899E+02  0.2022566E+02  0.1563604E+02  Si
  0.1631284E+02  0.1596816E+02  0.1140528E+02  Si
  0.1907013E+02  0.1892709E+02  0.1160676E+02  Si
  0.2096107E+02  0.1346308E+02  0.1287976E+02  Si
  0.1625299E+02  0.1883689E+02  0.1375966E+02  Si
  0.1763099E+02  0.1750246E+02  0.1262429E+02  Si
  0.2104834E+02  0.1935002E+02  0.1534430E+02  Si
  0.2009103E+02  0.1652012E+02  0.1634270E+02  Si
  0.1775348E+02  0.1991295E+02  0.1545590E+02  Si
  0.6500139E+02  0.2138739E+02  0.1657408E+02  Si
  0.2565923E+01  0.2501505E+01  0.1636744E+02  Si
  0.2560395E+01  0.2159803E+02  0.1933114E+02  Si
  0.6493304E+02  0.2566640E+01  0.1935916E+02  Si
  0.1274227E+01  0.1255591E+01  0.1784081E+02  Si
  0.3929195E+01  0.3942881E+01  0.1792086E+02  Si
  0.3942090E+01  0.1081295E+01  0.2060438E+02  Si
  0.1313617E+01  0.3652922E+01  0.2085698E+02  Si
  0.5271881E+01  0.2132890E+02  0.1668930E+02  Si
  0.7970011E+01  0.2467886E+01  0.1689568E+02  Si
  0.8054816E+01  0.2139899E+02  0.1944162E+02  Si
  0.5245908E+01  0.2283785E+01  0.1929643E+02  Si
  0.6598576E+01  0.1100649E+01  0.1808935E+02  Si
  0.9443547E+01  0.3862200E+01  0.1816318E+02  Si
  0.9302947E+01  0.1191083E+01  0.2097359E+02  Si
  0.6668267E+01  0.3889470E+01  0.2069424E+02  Si
  0.1061770E+02  0.2145745E+02  0.1700309E+02  Si
  0.1348357E+02  0.2415259E+01  0.1663050E+02  Si
  0.1344060E+02  0.2148543E+02  0.1925291E+02  Si
  0.1080368E+02  0.2519182E+01  0.1962455E+02  Si
  0.1207155E+02  0.1201442E+01  0.1795859E+02  Si
  0.1472247E+02  0.3936120E+01  0.1807625E+02  Si
  0.1483877E+02  0.1040530E+01  0.2077157E+02  Si
  0.1221428E+02  0.3914303E+01  0.2074733E+02  Si
  0.1646412E+02  0.2142613E+02  0.1670789E+02  Si
  0.1919332E+02  0.2449089E+01  0.1666899E+02  Si
  0.1871165E+02  0.2143354E+02  0.1948959E+02  Si
  0.1613623E+02  0.2730602E+01  0.1936376E+02  Si
  0.1766888E+02  0.1342058E+01  0.1813564E+02  Si
  0.2022578E+02  0.4170608E+01  0.1786458E+02  Si
  0.2025028E+02  0.2061338E+00  0.2117444E+02  Si
  0.1776477E+02  0.3772757E+01  0.2093167E+02  Si
  0.1378330E+00  0.4911184E+01  0.1667404E+02  Si
  0.2668965E+01  0.7827244E+01  0.1691822E+02  Si
  0.2569485E+01  0.5200921E+01  0.1929620E+02  Si
  0.6495688E+02  0.7796030E+01  0.1945562E+02  Si
  0.1268333E+01  0.6398295E+01  0.1819392E+02  Si
  0.4167602E+01  0.9396916E+01  0.1793227E+02  Si
  0.3918688E+01  0.6405658E+01  0.2071925E+02  Si
  0.1335161E+01  0.8969198E+01  0.2078856E+02  Si
  0.5208478E+01  0.5189226E+01  0.1673547E+02  Si
  0.7960358E+01  0.7983206E+01  0.1665594E+02  Si
  0.8060665E+01  0.5316898E+01  0.1945633E+02  Si
  0.5181588E+01  0.7789630E+01  0.1934574E+02  Si
  0.6516951E+01  0.6455987E+01  0.1800325E+02  Si
  0.9532097E+01  0.9235787E+01  0.1811241E+02  Si
  0.9463870E+01  0.6490457E+01  0.2081549E+02  Si
  0.6569253E+01  0.8909675E+01  0.2098797E+02  Si
  0.1073424E+02  0.4974123E+01  0.1661782E+02  Si
  0.1357951E+02  0.7581303E+01  0.1663466E+02  Si
  0.1354040E+02  0.5239123E+01  0.1942945E+02  Si
  0.1073522E+02  0.7592616E+01  0.1929443E+02  Si
  0.1201003E+02  0.6244417E+01  0.1801619E+02  Si
  0.1471322E+02  0.9271264E+01  0.1775812E+02  Si
  0.1492490E+02  0.6415656E+01  0.2078486E+02  Si
  0.1202944E+02  0.9072046E+01  0.2078205E+02  Si
  0.1614885E+02  0.5136141E+01  0.1648364E+02  Si
  0.1887018E+02  0.7968148E+01  0.1637603E+02  Si
  0.1889418E+02  0.5292450E+01  0.1935094E+02  Si
  0.1602749E+02  0.7771878E+01  0.1917341E+02  Si
  0.1747641E+02  0.6645194E+01  0.1772982E+02  Si
  0.2007884E+02  0.9580130E+01  0.1785870E+02  Si
  0.2034529E+02  0.6764202E+01  0.2056632E+02  Si
  0.1725504E+02  0.9237755E+01  0.2061972E+02  Si
  0.6507866E+02  0.1033740E+02  0.1688627E+02  Si
  0.2607010E+01  0.1304916E+02  0.1652232E+02  Si
  0.2652172E+01  0.1050451E+02  0.1949327E+02  Si
  0.6508091E+02  0.1336525E+02  0.1946575E+02  Si
  0.1128282E+01  0.1192812E+02  0.1811252E+02  Si
  0.4171037E+01  0.1411636E+02  0.1794029E+02  Si
  0.4138646E+01  0.1168037E+02  0.2100511E+02  Si
  0.1285443E+01  0.1468059E+02  0.2081634E+02  Si
  0.5185457E+01  0.1067383E+02  0.1633488E+02  Si
  0.7979657E+01  0.1343938E+02  0.1654782E+02  Si
  0.7774994E+01  0.1041711E+02  0.1957133E+02  Si
  0.5525166E+01  0.1269938E+02  0.1954408E+02  Si
  0.6783109E+01  0.1175190E+02  0.1775042E+02  Si
  0.9236573E+01  0.1467376E+02  0.1806074E+02  Si
  0.9309435E+01  0.1177940E+02  0.2080644E+02  Si
  0.6636462E+01  0.1459108E+02  0.2085283E+02  Si
  0.1076186E+02  0.1037810E+02  0.1642108E+02  Si
  0.1327884E+02  0.1282912E+02  0.1640539E+02  Si
  0.1336960E+02  0.1029615E+02  0.1945872E+02  Si
  0.1070197E+02  0.1303107E+02  0.1945725E+02  Si
  0.1207882E+02  0.1154586E+02  0.1806945E+02  Si
  0.1458041E+02  0.1443687E+02  0.1780921E+02  Si
  0.1451655E+02  0.1188047E+02  0.2104211E+02  Si
  0.1209752E+02  0.1462823E+02  0.2067032E+02  Si
  0.1592782E+02  0.1073461E+02  0.1621091E+02  Si
  0.1858845E+02  0.1255391E+02  0.1632769E+02  Si
  0.1843339E+02  0.1053959E+02  0.1941212E+02  Si
  0.1569493E+02  0.1316727E+02  0.1955871E+02  Si
  0.1688199E+02  0.1182945E+02  0.1823601E+02  Si
  0.2049650E+02  0.1542677E+02  0.1840472E+02  Si
  0.1970224E+02  0.1216820E+02  0.2049726E+02  Si
  0.1730726E+02  0.1463950E+02  0.2052271E+02  Si
  0.9189847E-01  0.1621025E+02  0.1676258E+02  Si
  0.2750479E+01  0.1865543E+02  0.1666482E+02  Si
  0.2734928E+01  0.1569224E+02  0.1926069E+02  Si
  0.6504332E+02  0.1842255E+02  0.1958755E+02  Si
  0.1403055E+01  0.1734085E+02  0.1802332E+02  Si
  0.3907691E+01  0.2007424E+02  0.1825122E+02  Si
  0.3934394E+01  0.1732237E+02  0.2066716E+02  Si
  0.1346550E+01  0.1997348E+02  0.2037362E+02  Si
  0.5558919E+01  0.1562961E+02  0.1656959E+02  Si
  0.8099646E+01  0.1859463E+02  0.1675002E+02  Si
  0.7939812E+01  0.1619981E+02  0.1946684E+02  Si
  0.5283239E+01  0.1868118E+02  0.1930574E+02  Si
  0.6673066E+01  0.1705195E+02  0.1783657E+02  Si
  0.9295768E+01  0.1994798E+02  0.1829454E+02  Si
  0.9388749E+01  0.1727924E+02  0.2073470E+02  Si
  0.6695147E+01  0.2004540E+02  0.2068632E+02  Si
  0.1079732E+02  0.1591004E+02  0.1665977E+02  Si
  0.1328631E+02  0.1867916E+02  0.1650386E+02  Si
  0.1329842E+02  0.1599028E+02  0.1895834E+02  Si
  0.1066536E+02  0.1880702E+02  0.1968145E+02  Si
  0.1192632E+02  0.1745565E+02  0.1796695E+02  Si
  0.1476590E+02  0.2014853E+02  0.1778223E+02  Si
  0.1466842E+02  0.1734690E+02  0.2050696E+02  Si
  0.1208203E+02  0.2037996E+02  0.2088725E+02  Si
  0.1612713E+02  0.1606060E+02  0.1669053E+02  Si
  0.1942423E+02  0.1871664E+02  0.1670242E+02  Si
  0.1876328E+02  0.1644220E+02  0.1974375E+02  Si
  0.1612203E+02  0.1858528E+02  0.1929445E+02  Si
  0.1767057E+02  0.1744011E+02  0.1794704E+02  Si
  0.2041870E+02  0.2029877E+02  0.1813019E+02  Si
  0.2052236E+02  0.1727505E+02  0.2110495E+02  Si
  0.1721103E+02  0.1989809E+02  0.2079740E+02  Si
  0.2885396E+02  0.1203781E+02  0.8540139E+01  Si
  0.2335500E+02  0.1026660E+02  0.1665595E+02  Si
  0.3363435E+02  0.1481405E+01  0.9359905E+01  Si
  0.2314365E+02  0.1590965E+01  0.1449651E+02  Si
  0.2801571E+02  0.1173850E+01  0.4213540E+01  Si
  0.2866306E+02  0.1396196E+02  0.2489386E+01  Si
  0.2373651E+02  0.1138840E+02  0.4094592E+01  Si
  0.1976799E+02  0.2118267E+02  0.1255194E+02  Si
  0.2882018E+02  0.4755881E+01  0.1598442E+02  Si
  0.3551545E+02  0.1981511E+02  0.1441443E+02  Si
  0.2513223E+02  0.2045268E+02  0.2004656E+02  Si
  0.4319322E+02  0.2762417E+01  0.1969376E+02  Si
  0.3345274E+02  0.1119960E+02  0.1810904E+01  Si
  0.3277019E+02  0.9215868E+01  0.3093241E+01  Si
  0.3776077E+02  0.4157911E-01  0.1124023E+02  Si
  0.4003051E+02  0.8184627E+00  0.4721289E+01  Si
  0.2289108E+02  0.1257941E+02  0.7473258E+01  Si
  0.3306106E+02  0.1501698E+02  0.1552921E+02  Si
  0.2996466E+02  0.4353495E+01  0.7151071E+01  Si
  0.3268863E+02  0.7056913E+01  0.8744118E+01  Si
  0.3655236E+02  0.2738510E+01  0.2099998E+02  Si
  0.3106609E+02  0.6176376E+01  0.3751801E+01  Si
  0.3825489E+02  0.4695313E+01  0.1622163E+02  Si
  0.2987603E+02  0.1191128E+02  0.1068297E+02  Si
  0.3615328E+02  0.2022179E+02  0.1828825E+02  Si
  0.4225251E+02  0.1160136E+02  0.4472627E+01  Si
  0.4002568E+02  0.1196598E+02  0.1835938E+02  Si
  0.3902214E+02  0.2300708E+01  0.2666008E+01  Si
  0.4037619E+02  0.8718289E+01  0.4340910E+01  Si
  0.2638016E+02  0.1197137E+02  0.9212313E+01  Si
  0.2848586E+02  0.8857822E+01  0.2381108E+01  Si
  0.4233046E+02  0.7175504E+01  0.5337856E+01  Si
  0.2296735E+02  0.9853661E+01  0.9459838E+01  Si
  0.2237823E+02  0.1495163E+02  0.6911984E+01  Si
  0.2545897E+02  0.1460746E+02  0.1382800E+02  Si
  0.3120320E+02  0.1623128E+02  0.6019213E+01  Si
  0.2173598E+02  0.7699655E+01  0.8937608E+01  Si
  0.2621548E+02  0.2023490E+02  0.1340655E+02  Si
  0.2474756E+02  0.1668993E+02  0.1742846E+02  Si
  0.3360913E+02  0.5837964E+00  0.1237042E+02  Si
  0.2507856E+02  0.9028235E+01  0.1017585E+02  Si
  0.2779041E+02  0.1230312E+02  0.7690044E+00  Si
  0.3922354E+02  0.1677076E+02  0.8934401E+00  Si
  0.2693553E+02  0.1566031E+02  0.1754494E+02  Si
  0.2824486E+02  0.9588829E+00  0.2004247E+02  Si
  0.3841648E+02  0.1545218E+02  0.1182271E+02  Si
  0.3321596E+02  0.1284100E+02  0.1910175E+02  Si
  0.2063342E+02  0.1244173E+02  0.2233723E+01  Si
  0.4028510E+02  0.3369786E+01  0.1633763E+02  Si
  0.4092432E+02  0.2155918E+02  0.8385388E+01  Si
  0.3699485E+02  0.1566149E+02  0.7063521E+01  Si
  0.3654308E+02  0.2133537E+02  0.4343053E+01  Si
  0.2643002E+02  0.2168800E+02  0.5645591E+01  Si
  0.2266437E+02  0.1565702E+02  0.1934225E+02  Si
  0.3957920E+02  0.9856015E+01  0.2145916E+02  Si
  0.3959521E+02  0.1429886E+02  0.1440926E+02  Si
  0.3489443E+02  0.2135722E+01  0.7331498E+01  Si
  0.3146173E+02  0.3804657E+01  0.1991730E+02  Si
  0.3589567E+02  0.1947616E+02  0.8370281E+01  Si
  0.4232987E+02  0.4211349E+01  0.2408181E+01  Si
  0.2339886E+02  0.1952414E+02  0.1588820E+02  Si
  0.2426316E+02  0.5800098E+01  0.2932958E+01  Si
  0.4114565E+02  0.7277269E+01  0.1226852E+02  Si
  0.3325361E+02  0.8454451E+01  0.5336787E+01  Si
  0.2150962E+02  0.1896134E+02  0.3153353E+01  Si
  0.2662901E+02  0.4314769E+01  0.1107014E+02  Si
  0.2586082E+02  0.2045479E+02  0.9594266E+01  Si
  0.2269604E+02  0.9195685E+01  0.4755602E+01  Si
  0.2727862E+02  0.1544832E+02  0.1037659E+02  Si
  0.2858835E+02  0.1606569E+02  0.3685279E+01  Si
  0.2711133E+02  0.1858832E+02  0.2147453E+02  Si
  0.3374703E+02  0.2010732E+02  0.1869252E+02  Si
  0.2352457E+02  0.9519569E+01  0.7109615E+01  Si
  0.3889056E+02  0.1485545E+02  0.1687915E+02  Si
  0.2327587E+02  0.1426647E+02  0.1022780E+02  Si
  0.2343164E+02  0.4760514E+01  0.8307586E+01  Si
  0.3522772E+02  0.1715310E+02  0.9165159E+01  Si
  0.2693402E+02  0.2143414E+02  0.1854264E+02  Si
  0.3680730E+02  0.1446806E+02  0.2044754E+02  Si
  0.2662880E+02  0.1795839E+02  0.8879370E+01  Si
  0.2002539E+02  0.9115146E+01  0.7725875E+01  Si
  0.3684202E+02  0.1721225E+02  0.3329986E+01  Si
  0.3629947E+02  0.1280357E+02  0.1001404E+02  Si
  0.3614424E+02  0.1356735E+02  0.7673267E+01  Si
  0.2407843E+02  0.1693274E+01  0.3140895E+01  Si
  0.2270450E+02  0.1396887E+02  0.2096524E+02  Si
  0.3125428E+02  0.1714212E+02  0.2626981E+01  Si
  0.3447791E+02  0.1110655E+01  0.1820353E+01  Si
  0.3220883E+02  0.3650894E+01  0.7637596E+01  Si
  0.3639384E+02  0.7273259E+01  0.9822203E+01  Si
  0.3948275E+02  0.1772557E+02  0.1250495E+02  Si
  0.3922734E+02  0.1090288E+02  0.7129644E+01  Si
  0.2668928E+02  0.1089757E+02  0.7077490E+01  Si
  0.3995548E+02  0.1511602E+02  0.1903824E+02  Si
  0.3542392E+02  0.1920421E+02  0.4046568E+01  Si
  0.2890092E+02  0.5537680E+00  0.8056171E+01  Si
  0.2795562E+02  0.2890137E+01  0.2164443E+02  Si
  0.2408496E+02  0.2101742E+02  0.1410652E+02  Si
  0.2418026E+02  0.1443950E+02  0.1774740E+02  Si
  0.3201580E+02  0.1318411E+02  0.7518571E+01  Si
  0.2284340E+02  0.1169297E+02  0.1488090E+02  Si
  0.2270933E+02  0.8707391E+01  0.9037802E+00  Si
  0.2659741E+02  0.2370382E+00  0.7897118E+01  Si
  0.3372381E+02  0.1075503E+02  0.8031787E+01  Si
  0.2954084E+02  0.1539613E+02  0.1147365E+02  Si
  0.3713181E+02  0.3217486E+01  0.1478249E+02  Si
  0.2191166E+02  0.6802798E+00  0.1787654E+02  Si
  0.2326127E+02  0.1797094E+02  0.1872954E+02  Si
  0.2266424E+02  0.5770770E+01  0.2027591E+02  Si
  0.3897110E+02  0.1343450E+02  0.2021769E+02  Si
  0.3450530E+02  0.1910752E+02  0.1213568E+02  Si
  0.3933113E+02  0.9510613E+01  0.9095846E+01  Si
  0.2532675E+02  0.1137384E+02  0.9996660E+00  Si
  0.4238327E+02  0.1138134E+01  0.4649123E+01  Si
  0.3935871E+02  0.1854300E+02  0.1655667E+02  Si
  0.2821136E+02  0.1326163E+02  0.2031050E+02  Si
  0.4172498E+02  0.6785203E+01  0.1568111E+02  Si
  0.4216954E+02  0.2000852E+02  0.1278839E+02  Si
  0.3035129E+02  0.1775184E+01  0.1946820E+02  Si
  0.2252125E+02  0.2007441E+02  0.5267599E+01  Si
  0.3957591E+02  0.1723212E+02  0.2031062E+02  Si
  0.4117078E+02  0.1047915E+02  0.1981780E+02  Si
  0.3708103E+02  0.1972359E+02  0.2468580E+01  Si
  0.3818322E+02  0.1036933E+02  0.1757197E+02  Si
  0.3260683E+02  0.1621583E+02  0.1340885E+02  Si
  0.3755508E+02  0.1512226E+02  0.9892399E+00  Si
  0.2154957E+02  0.1564805E+02  0.8087874E+00  Si
  0.3623114E+02  0.6043678E+01  0.1648846E+02  Si
  0.2789877E+02  0.1974621E+02  0.1734870E+01  Si
  0.3216455E+02  0.8754135E+01  0.2043013E+02  Si
  0.2683333E+02  0.1001808E+02  0.3364558E+01  Si
  0.3514737E+02  0.5206423E+01  0.9341846E+01  Si
  0.2244285E+02  0.1663997E+02  0.1300013E+02  Si
  0.2092053E+02  0.1986686E+02  0.7259566E+01  Si
  0.1909751E+02  0.1865491E+02  0.5741064E+01  Si
  0.3995797E+02  0.7887438E+01  0.1705919E+02  Si
  0.3167375E+02  0.5726597E+01  0.6029884E+01  Si
  0.2864566E+02  0.2136305E+00  0.7493008E+00  Si
  0.4124227E+02  0.1527999E+02  0.1200167E+01  Si
  0.2614558E+02  0.4861060E+01  0.5927602E+01  Si
  0.3725222E+02  0.1803349E+02  0.1767433E+02  Si
  0.4358669E+02  0.1357452E+02  0.1941729E+02  Si
  0.2899845E+02  0.1443415E+02  0.1669111E+02  Si
  0.3155504E+02  0.2992223E+00  0.2107755E+02  Si
  0.3064750E+02  0.1001661E+02  0.2881058E+01  Si
  0.2474148E+02  0.1694596E+02  0.1347562E+02  Si
  0.3786660E+02  0.1283463E+02  0.1811911E+02  Si
  0.3364028E+02  0.1267507E+02  0.1565960E+02  Si
  0.2923210E+02  0.2084083E+02  0.1199819E+02  Si
  0.2161248E+02  0.1149509E+02  0.2686497E-02  Si
  0.2501672E+02  0.2134057E+01  0.7224656E+01  Si
  0.3424140E+02  0.2088005E+01  0.1525688E+02  Si
  0.4006955E+02  0.2079542E+02  0.1646653E+02  Si
  0.4262594E+02  0.9578467E+01  0.7673616E+01  Si
  0.3549699E+02  0.1253541E+02  0.2062272E+02  Si
  0.4025735E+02  0.6748815E+00  0.1981662E+02  Si
  0.4181388E+02  0.6574127E+01  0.2037318E+02  Si
  0.4028757E+02  0.1370084E+02  0.1217689E+02  Si
  0.4040881E+02  0.4819036E+01  0.8996037E+01  Si
  0.3825736E+02  0.1675879E+02  0.5169408E+01  Si
  0.3939455E+02  0.2051149E+02  0.9979929E+01  Si
  0.3541464E+02  0.2005949E+02  0.5137485E+00  Si
  0.2678455E+02  0.1697678E+02  0.4761780E+01  Si
  0.1916547E+02  0.1353820E+02  0.1122461E+02  Si
  0.2317830E+02  0.9437208E+01  0.2023419E+02  Si
  0.3524067E+02  0.4681421E+01  0.1504142E+02  Si
  0.2047670E+02  0.1258688E+01  0.3888817E+01  Si
  0.2529628E+02  0.8549861E+01  0.2036041E+02  Si
  0.2859190E+02  0.6757501E+01  0.3358381E+01  Si
  0.2258242E+02  0.2090898E+02  0.2112591E+02  Si
  0.2235008E+02  0.3706219E+01  0.1901650E+02  Si
  0.2259694E+02  0.2976221E+01  0.1249270E+02  Si
  0.2594749E+02  0.1908334E+02  0.6158639E+01  Si
  0.2782145E+02  0.9927399E+01  0.1763986E+02  Si
  0.2901659E+02  0.4032255E+01  0.1092067E+02  Si
  0.3045457E+02  0.5687497E+01  0.2134857E+02  Si
  0.3155960E+02  0.1456367E+02  0.2145417E+02  Si
  0.3636032E+02  0.3632089E+01  0.1500984E+01  Si
  0.3874525E+02  0.4344478E+01  0.2064743E+02  Si
  0.4096446E+02  0.1895537E+02  0.1115824E+02  Si
  0.2963293E+02  0.1980426E+02  0.1413295E+02  Si
  0.3614250E+02  0.8302165E+01  0.1783004E+01  Si
  0.2147519E+02  0.1071548E+02  0.6400654E+01  Si
  0.3899789E+02  0.3747360E+01  0.1024679E+02  Si
  0.2523408E+02  0.3248062E+01  0.1424899E+02  Si
  0.3282435E+02  0.2056256E+02  0.6679736E+01  Si
  0.3084757E+02  0.1653229E+02  0.3475852E+00  Si
  0.3456472E+02  0.1652660E+02  0.6959439E+01  Si
  0.2760910E+02  0.2595905E+01  0.1366300E+02  Si
  0.2296606E+02  0.1326994E+02  0.2644339E+01  Si
  0.3932329E+02  0.6573747E+01  0.3939882E+01  Si
  0.3036431E+02  0.1459594E+02  0.4349876E+01  Si
  0.2674469E+02  0.6345816E+01  0.1991125E+02  Si
  0.2905326E+02  0.8989498E+01  0.2167542E+02  Si
  0.3196901E+02  0.1467111E+02  0.1900646E+02  Si
  0.2993885E+02  0.1370896E+02  0.6685203E+01  Si
  0.3266719E+02  0.4797269E+01  0.9721650E+01  Si
  0.2109563E+02  0.1538225E+02  0.1415836E+02  Si
  0.4285552E+02  0.9166603E+01  0.2030483E+01  Si
  0.2163126E+02  0.8037084E+01  0.1886915E+02  Si
  0.2107023E+02  0.1525623E+01  0.1580337E+02  Si
  0.2911282E+02  0.8931322E+01  0.1954705E+02  Si
  0.2494758E+02  0.1796286E+02  0.2050707E+02  Si
  0.3388128E+02  0.9436868E+01  0.1722581E+02  Si
  0.2968100E+02  0.2776060E+01  0.9032508E+01  Si
  0.3018953E+02  0.3407305E+01  0.3636091E+00  Si
  0.4197493E+02  0.2010543E+02  0.1998071E+01  Si
  0.4173584E+02  0.1761547E+02  0.9722064E+01  Si
  0.3081374E+02  0.1368709E+02  0.1226418E+02  Si
  0.2595384E+02  0.1378321E+02  0.1626975E+02  Si
  0.3294426E+02  0.1875678E+02  0.3033738E+01  Si
  0.3211001E+02  0.1169290E+02  0.9471300E+01  Si
  0.4046514E+02  0.1327222E+02  0.1655677E+02  Si
  0.3018963E+02  0.1583360E+02  0.1373174E+02  Si
  0.3326814E+02  0.2517605E+01  0.2116690E+02  Si
  0.2533818E+02  0.1248603E+02  0.1854906E+02  Si
  0.3563022E+02  0.1385951E+02  0.1476495E+02  Si
  0.4181411E+02  0.3945535E+01  0.1291528E+02  Si
  0.2340557E+02  0.2041625E+02  0.1820010E+02  Si
  0.3994389E+02  0.1203202E+02  0.9169671E+01  Si
  0.3135173E+02  0.1865966E+02  0.6806242E+01  Si
  0.4173697E+02  0.8935996E+01  0.1791712E+02  Si
  0.3588561E+02  0.5904104E+01  0.1906740E+01  Si
  0.2440590E+02  0.1825668E+02  0.2818806E+01  Si
  0.3219788E+02  0.3028304E+01  0.4385805E+01  Si
  0.3118575E+02  0.7812988E+01  0.8203211E+00  Si
  0.3732425E+02  0.1279538E+02  0.4904131E+01  Si
  0.2872747E+02  0.1187491E+02  0.5962903E+01  Si
  0.3398170E+02  0.1417149E+02  0.7108521E+01  Si
  0.3698307E+02  0.1119437E+02  0.6480241E+01  Si
  0.4078099E+02  0.4622149E+01  0.1936055E+02  Si
  0.2912726E+02  0.9849006E+01  0.1129198E+02  Si
  0.3950221E+02  0.1160710E+02  0.1186407E+01  Si
  0.2270756E+02  0.1504600E+02  0.4498655E+01  Si
  0.2403241E+02  0.6997228E+01  0.2165453E+02  Si
  0.2806788E+02  0.4316821E+01  0.3117592E+01  Si
  0.4162616E+02  0.6701156E+01  0.9891094E+01  Si
  0.3664323E+02  0.1594730E+01  0.3042904E+01  Si
  0.3375330E+02  0.7762070E+01  0.1881482E+02  Si
  0.2626269E+02  0.1481346E+02  0.2286079E+01  Si
  0.2543348E+02  0.1582072E+02  0.2132951E+02  Si
  0.3427356E+02  0.6944182E+01  0.1936142E+00  Si
  0.3754441E+02  0.5399687E+01  0.5125490E+01  Si
  0.3628991E+02  0.1415382E+02  0.1705608E+02  Si
  0.2961168E+02  0.6516845E+01  0.1728628E+02  Si
  0.2442514E+02  0.3906871E+01  0.4302903E+01  Si
  0.3559533E+02  0.1630380E+02  0.2089937E+02  Si
  0.3482124E+02  0.1520319E+02  0.1284540E+02  Si
  0.2696972E+02  0.2114496E+02  0.1142637E+02  Si
  0.2470034E+02  0.2084787E+02  0.5989309E+00  Si
  0.2125004E+02  0.2495798E+01  0.8289243E+01  Si
  0.3005009E+02  0.1253685E+02  0.1183864E+00  Si
  0.3879585E+02  0.1452626E+02  0.4470045E+01  Si
  0.3285939E+02  0.1209680E+02  0.1168121E+02  Si
  0.4230272E+02  0.9342931E+01  0.1262711E+02  Si
  0.3922423E+02  0.1906309E+02  0.1352758E+01  Si
  0.2460933E+02  0.1161208E+02  0.6309196E+01  Si
  0.2960316E+02  0.6270964E+01  0.8089449E+01  Si
  0.3264413E+02  0.2094071E+02  0.9176264E+01  Si
  0.2860672E+02  0.1164053E+02  0.1393583E+02  Si
  0.1987615E+02  0.1303662E+02  0.1827354E+02  Si
  0.3488106E+02  0.1033414E+02  0.5785928E+01  Si
  0.3702392E+02  0.3458059E+01  0.1883960E+02  Si
  0.2174454E+02  0.5502714E+01  0.1653587E+02  Si
  0.2980979E+02  0.9450188E+01  0.1350329E+02  Si
  0.2336139E+02  0.7241641E+01  0.6259435E+01  Si
  0.4053579E+02  0.3205541E+01  0.5452674E+01  Si
  0.2565129E+02  0.1701145E+02  0.1104867E+02  Si
  0.2455442E+02  0.1222161E+02  0.1104562E+02  Si
  0.3472327E+02  0.1893136E+02  0.6499783E+01  Si
  0.3464963E+02  0.4367027E+01  0.7237435E+01  Si
  0.3516921E+02  0.6426122E+01  0.1317044E+02  Si
  0.4211084E+02  0.2013489E+02  0.6975430E+01  Si
  0.3456394E+02  0.2621480E+01  0.5107722E+01  Si
  0.3017298E+02  0.1108671E+02  0.1752535E+02  Si
  0.3800984E+02  0.4127663E+01  0.1261412E+02  Si
  0.3030037E+02  0.2084455E+02  0.9654510E+01  Si
  0.3753830E+02  0.4618987E+01  0.8438477E+01  Si
  0.3627990E+02  0.1068804E+02  0.1082146E+02  Si
  0.4077213E+02  0.2067264E+02  0.1426256E+02  Si
  0.4100615E+02  0.1925364E+02  0.2073187E+02  Si
  0.3798722E+02  0.6573145E+01  0.1988355E+02  Si
  0.4070784E+02  0.3293461E+01  0.1117836E+01  Si
  0.3084270E+02  0.1602459E+02  0.9387209E+01  Si
  0.3574542E+02  0.7332956E+01  0.2011416E+02  Si
  0.3085678E+02  0.7727101E+01  0.7318999E+01  Si
  0.3895817E+02  0.7970125E+01  0.1262076E+02  Si
  0.3150023E+02  0.9550998E+01  0.1499938E+02  Si
  0.2211436E+02  0.1494685E+01  0.2004585E+02  Si
  0.2338481E+02  0.1176942E+02  0.1968219E+02  Si
  0.2689311E+02  0.2494450E+01  0.5787371E+01  Si
  0.3925169E+02  0.1289316E+01  0.7301796E+01  Si
  0.2577397E+02  0.2718758E+01  0.9383406E+01  Si
  0.2869755E+02  0.1648754E+02  0.8549578E+01  Si
  0.2687760E+02  0.3263339E+01  0.1603901E+02  Si
  0.2111999E+02  0.7070022E+01  0.1114510E+02  Si
  0.2778904E+02  0.1214520E+02  0.3708199E+01  Si
  0.3459685E+02  0.1584104E+02  0.1706267E+02  Si
  0.4083570E+02  0.2540396E+01  0.1138857E+02  Si
  0.2743049E+02  0.1438111E+02  0.1265279E+02  Si
  0.4163765E+02  0.2073281E+02  0.1858994E+02  Si
  0.3784606E+02  0.7630410E+01  0.8027205E+01  Si
  0.3663181E+02  0.8697643E+01  0.6272208E+01  Si
  0.4232605E+02  0.1145348E+02  0.9166949E+01  Si
  0.3426341E+02  0.4725563E+01  0.1177214E+02  Si
  0.2746312E+02  0.7100191E+01  0.8454433E+01  Si
  0.3925149E+02  0.8859152E+01  0.1496277E+02  Si
  0.2534119E+02  0.6957606E+01  0.4966906E+01  Si
  0.2416352E+02  0.2153747E+02  0.4422961E+01  Si
  0.2471381E+02  0.1493255E+02  0.6611529E+01  Si
  0.4223896E+02  0.1721634E+02  0.4566509E+01  Si
  0.4164462E+02  0.1777326E+02  0.1580889E+02  Si
  0.2138201E+02  0.5504270E+01  0.3841416E+01  Si
  0.3562832E+02  0.8548565E+01  0.4094263E+01  Si
  0.3007383E+02  0.1977859E+02  0.4908603E+01  Si
  0.3717309E+02  0.1767528E+02  0.1988260E+02  Si
  0.3053564E+02  0.3494185E+01  0.1261227E+02  Si
  0.4101753E+02  0.1043239E+02  0.2814528E+01  Si
  0.3365912E+02  0.3753500E+01  0.1905909E+02  Si
  0.4066674E+02  0.1628413E+02  0.1400571E+02  Si
  0.2464635E+02  0.3541415E+01  0.2013538E+02  Si
  0.3062960E+02  0.1059472E+02  0.2038223E+02  Si
  0.2458821E+02  0.1390834E+02  0.8703342E+00  Si
  0.2688040E+02  0.9881380E+01  0.2152777E+02  Si
  0.2791931E+02  0.8747309E+01  0.1460714E+02  Si
  0.2417742E+02  0.1916759E+02  0.1078101E+02  Si
  0.3009404E+02  0.1000320E+02  0.5171841E+01  Si
  0.3142672E+02  0.1171361E+02  0.1566723E+02  Si
  0.1899428E+02  0.5132654E+01  0.8667353E+01  Si
  0.2800115E+02  0.7650440E+01  0.1101169E+02  Si
  0.3553328E+02  0.8365324E+01  0.1602679E+02  Si
  0.3544320E+02  0.5331424E+01  0.1864136E+02  Si
  0.3495736E+02  0.9159692E+01  0.9489317E+01  Si
  0.2510252E+02  0.7647254E+01  0.1327633E+02  Si
  0.3111685E+02  0.8364378E+01  0.1157794E+02  Si
  0.3217059E+02  0.9151412E+00  0.3162549E+01  Si
  0.3330130E+02  0.1471699E+02  0.1513529E+01  Si
  0.3316388E+02  0.1704488E+02  0.1044815E+02  Si
  0.3723375E+02  0.6423424E+01  0.1188401E+02  Si
  0.2350190E+02  0.6725765E+01  0.1179840E+02  Si
  0.3581312E+02  0.2038867E+01  0.1714833E+02  Si
  0.3592650E+02  0.2851371E+01  0.1207890E+02  Si
  0.3392202E+02  0.9565482E+01  0.1195126E+00  Si
  0.3100630E+02  0.3519952E+01  0.1633309E+02  Si
  0.2282938E+02  0.2030520E+02  0.1242716E+02  Si
  0.4130452E+02  0.5282493E+01  0.4487683E+01  Si
  0.2765548E+02  0.6788585E+01  0.1339298E+02  Si
  0.4229970E+02  0.1423957E+02  0.7032541E+01  Si
  0.3742073E+02  0.2101954E+02  0.1493620E+02  Si
  0.3886354E+02  0.1726784E+01  0.1790648E+02  Si
  0.3674698E+02  0.1174797E+02  0.1411174E+02  Si
  0.2553272E+02  0.5277702E+01  0.1295038E+02  Si
  0.3216958E+02  0.1067762E+02  0.1884089E+02  Si
  0.3445186E+02  0.3745459E+00  0.5651192E+01  Si
  0.3108628E+02  0.1812560E+02  0.1437306E+02  Si
  0.3334948E+02  0.1653665E+02  0.1898469E+02  Si
  0.3014119E+02  0.1349054E+02  0.1470951E+02  Si
  0.2889312E+02  0.1705770E+02  0.6124637E+01  Si
  0.2311984E+02  0.1651131E+02  0.8853254E+01  Si
  0.2732800E+02  0.9097634E+01  0.9532114E+01  Si
  0.2432658E+02  0.9702922E+01  0.2347684E+01  Si
  0.3079832E+02  0.1755870E+02  0.1677478E+02  Si
  0.3690667E+02  0.1993754E+02  0.2057814E+02  Si
  0.2157123E+02  0.1134963E+02  0.1787857E+02  Si
  0.3529081E+02  0.1615387E+02  0.1491939E+01  Si
  0.3753013E+02  0.1723998E+02  0.1023604E+02  Si
  0.3468807E+02  0.2053118E+02  0.1024298E+02  Si
  0.3308548E+02  0.5802417E+01  0.1766814E+02  Si
  0.3965717E+02  0.1783923E+02  0.6777337E+01  Si
  0.3736735E+02  0.1080145E+01  0.1370163E+02  Si
  0.3259370E+02  0.6878200E+01  0.2186994E+01  Si
  0.3088146E+02  0.1847728E+02  0.9116498E+01  Si
  0.3334187E+02  0.3027037E+00  0.1683064E+02  Si
  0.2633282E+02  0.1051673E+02  0.1435133E+02  Si
  0.3221467E+02  0.2062489E+02  0.4329318E+01  Si
  0.3866658E+02  0.1554757E+02  0.8891453E+01  Si
  0.2957957E+02  0.5203673E+01  0.1385502E+02  Si
  0.3479300E+02  0.1077013E+02  0.1266889E+02  Si
  0.2638069E+02  0.1756569E+01  0.1154895E+02  Si
  0.3716015E+02  0.2377817E+01  0.7696125E+01  Si
  0.3162186E+02  0.1975411E+02  0.1989417E+02  Si
  0.3835607E+02  0.1900553E+02  0.8572737E+01  Si
  0.3895273E+02  0.3095986E+00  0.1406895E+01  Si
  0.4212244E+02  0.1257388E+01  0.9943307E+01  Si
  0.2500403E+02  0.9616347E+01  0.1248398E+02  Si
  0.2980214E+02  0.2145209E+02  0.1587215E+02  Si
  0.2991055E+02  0.1829624E+02  0.1873471E+02  Si
  0.4185456E+02  0.1512934E+02  0.3660884E+01  Si
  0.2978873E+02  0.6274201E+01  0.1053730E+02  Si
  0.3439590E+02  0.1369082E+02  0.1093748E+02  Si
  0.2643730E+02  0.1919578E+02  0.3742048E+01  Si
  0.2331940E+02  0.2035274E+02  0.2585548E+01  Si
  0.4201106E+02  0.3818543E+01  0.7400924E+01  Si
  0.2881174E+02  0.8097217E+01  0.5461764E+01  Si
  0.3400366E+02  0.2615088E+00  0.2122177E+02  Si
  0.2481405E+02  0.1246500E+01  0.2040874E+02  Si
  0.4083535E+02  0.1915881E+02  0.5228982E+01  Si
  0.3368405E+02  0.2942193E+01  0.1317230E+02  Si
  0.3749927E+02  0.1028754E+02  0.1022430E+01  Si
  0.2610934E+02  0.9756736E+00  0.1684482E+02  Si
  0.3596316E+02  0.1025253E+02  0.2078031E+02  Si
  0.3897936E+02  0.1352758E+02  0.2304074E+01  Si
  0.2405055E+02  0.6832622E+01  0.9554883E+01  Si
  0.3462843E+02  0.7672666E+01  0.7343258E+01  Si
  0.4077154E+02  0.8963027E+01  0.6583271E+01  Si
  0.2777183E+02  0.7769646E+01  0.1682912E+02  Si
  0.3669642E+02  0.7874837E+00  0.7196772E+00  Si
  0.2746575E+02  0.1226577E+02  0.1172154E+02  Si
  0.3131039E+02  0.1525880E+02  0.1678710E+02  Si
  0.2917436E+02  0.6574863E+01  0.1957937E+02  Si
  0.2521461E+02  0.1795189E+02  0.1538021E+02  Si
  0.2671928E+02  0.5755893E+01  0.1942261E+01  Si
  0.2842586E+02  0.2003109E+02  0.1741670E+02  Si
  0.4134469E+02  0.1089972E+01  0.1581719E+02  Si
  0.4089465E+02  0.1612667E+02  0.8117662E+01  Si
  0.3302945E+02  0.7752635E+01  0.1320920E+02  Si
  0.3134948E+02  0.1212915E+02  0.2055711E+01  Si
  0.3261348E+02  0.1779969E+02  0.2082148E+02  Si
  0.2713752E+02  0.1115309E+02  0.1958038E+02  Si
  0.2107152E+02  0.4839873E+01  0.2000988E+00  Si
  0.2195461E+02  0.6780078E+00  0.1239419E+02  Si
  0.2343620E+02  0.1629609E+01  0.9105196E+01  Si
  0.3185755E+02  0.2098650E+02  0.1152578E+02  Si
  0.2581382E+02  0.6593448E+01  0.1787255E+02  Si
  0.4017332E+02  0.2049285E+02  0.3440860E+01  Si
  0.3521337E+02  0.1351700E+02  0.4121791E+01  Si
  0.2958352E+02  0.1322914E+01  0.1304339E+02  Si
  0.2229984E+02  0.3609314E+01  0.1015841E+02  Si
  0.3154647E+02  0.6139839E+01  0.1428057E+02  Si
  0.4199986E+02  0.1161770E+02  0.1551156E+02  Si
  0.3687905E+02  0.1226639E+02  0.2691144E+01  Si
  0.2745615E+02  0.1949713E+02  0.1528168E+02  Si
  0.3905416E+02  0.5791953E+01  0.7143759E+01  Si
  0.4042252E+02  0.5094960E+01  0.1479628E+02  Si
  0.3918630E+02  0.5993463E+01  0.1803614E+02  Si
  0.2993145E+02  0.1336375E+02  0.1861273E+02  Si
  0.3548636E+02  0.8300606E+00  0.1081064E+02  Si
  0.2230811E+02  0.6256909E+01  0.1827011E+01  Si
  0.3718686E+02  0.1630485E+00  0.1705789E+02  Si
  0.2862773E+02  0.1903356E+02  0.7931602E+01  Si
  0.3165800E+02  0.2540868E+01  0.1047727E+02  Si
  0.3182028E+02  0.9840047E+01  0.6745412E+01  Si
  0.3582274E+02  0.1016606E+02  0.1837332E+02  Si
  0.2719963E+02  0.1829071E+01  0.1949585E+01  Si
  0.3514088E+02  0.1586079E+02  0.4604698E+01  Si
  0.3553278E+02  0.1704606E+02  0.1153598E+02  Si
  0.3470435E+02  0.1564722E+01  0.1938681E+02  Si
  0.3838571E+02  0.1002683E+02  0.1140748E+02  Si
  0.3088990E+02  0.1305668E+01  0.1120224E+01  Si
  0.3392326E+02  0.9406663E+01  0.1459479E+02  Si
  0.3110467E+02  0.1286984E+01  0.1727863E+02  Si
  0.3183860E+02  0.2522966E+01  0.1439868E+02  Si
  0.3343201E+02  0.9444986E+01  0.1145942E+02  Si
  0.3968762E+02  0.7462511E+01  0.2143890E+02  Si
  0.2391326E+02  0.4052112E+01  0.1606461E+02  Si
  0.2923844E+02  0.3190060E+01  0.4965531E+01  Si
  0.3294876E+02  0.4785301E+01  0.1571807E+02  Si
  0.2501069E+02  0.1570654E+02  0.4186945E+01  Si
  0.2352891E+02  0.1323323E+02  0.1306567E+02  Si
  0.2213743E+02  0.1747248E+02  0.1089897E+02  Si
  0.2747828E+02  0.2763293E+00  0.1497372E+02  Si
  0.3223271E+02  0.1857030E+02  0.1211533E+02  Si
  0.2555933E+02  0.4012753E+01  0.1764413E+02  Si
  0.4102561E+02  0.1361886E+02  0.5330178E+01  Si
  0.4239002E+02  0.1232037E+02  0.2093847E+02  Si
  0.2406509E+02  0.8243146E+01  0.1563349E+02  Si
  0.3825871E+02  0.6987913E+01  0.1573785E+01  Si
  0.3399716E+02  0.1813880E+02  0.1113301E+01  Si
  0.3296022E+02  0.1650111E+02  0.4364846E+01  Si
  0.3826912E+02  0.3305193E+01  0.5666543E+01  Si
  0.2528434E+02  0.1409903E+02  0.8952685E+01  Si
  0.3909688E+02  0.2068271E+02  0.2106719E+02  Si
  0.3726223E+02  0.9899911E+01  0.1532429E+02  Si
  0.3866399E+02  0.4560910E+01  0.1405308E+01  Si
  0.2927779E+02  0.1847510E+02  0.3159151E+01  Si
  0.1999887E+02  0.1237804E+02  0.9430924E+01  Si
  0.3895129E+02  0.1942958E+02  0.1435156E+02  Si
  0.3851612E+02  0.1354763E+02  0.1038240E+02  Si
  0.3493693E+02  0.1231077E+02  0.1771996E+02  Si
  0.4087183E+02  0.1348689E+02  0.1369477E+00  Si
  0.2752518E+02  0.1553822E+02  0.1983943E+02  Si
  0.2646715E+02  0.8892541E+01  0.5492302E+01  Si
  0.3265763E+02  0.1361322E+02  0.3657968E+01  Si
  0.3506597E+02  0.1305579E+02  0.1265730E+01  Si
  0.2606830E+02  0.1718926E+02  0.1475721E+01  Si
  0.2136107E+02  0.1906234E+02  0.2001147E+02  Si
  0.3374701E+02  0.4897458E+01  0.5059070E+01  Si
  0.3905431E+02  0.1185916E+02  0.1283121E+02  Si
  0.3053147E+02  0.4079250E+01  0.2761996E+01  Si
  0.3964420E+02  0.9468292E+00  0.1269598E+02  Si
  0.2946006E+02  0.2229467E+00  0.5966045E+01  Si
  0.1897334E+02  0.1614749E+02  0.1414607E+02  Si
  0.2563936E+02  0.1151027E+02  0.1639524E+02  Si
  0.3303095E+02  0.1831514E+02  0.1754250E+02  Si
  0.2338759E+02  0.7042437E+01  0.1765955E+02  Si
  0.3374340E+02  0.2143386E+02  0.1459533E+02  Si
  0.4221828E+02  0.3953474E+01  0.1775589E+02  Si
  0.3158322E+02  0.7450325E+01  0.1636806E+02  Si
  0.3292717E+02  0.1477201E+02  0.9312288E+01  Si
  0.2579550E+02  0.5299058E+01  0.8476528E+01  Si
  0.4260464E+02  0.1510580E+02  0.1310006E+02  Si
  0.2403719E+02  0.2136777E+01  0.1761158E+02  Si
  0.3547533E+02  0.6335014E+01  0.4120682E+01  Si
  0.2290619E+02  0.1023351E+02  0.1303754E+02  Si
  0.2023196E+02  0.3267699E+01  0.1800777E+01  Si
  0.3528811E+02  0.1796306E+02  0.1618174E+02  Si
  0.2890922E+02  0.1718304E+02  0.2065064E+02  Si
  0.4180583E+02  0.7111061E+01  0.1093643E+01  Si
  0.4075113E+02  0.1048137E+02  0.1374776E+02  Si
  0.2246234E+02  0.1672299E+02  0.2840959E+01  Si
  0.3825182E+02  0.1458049E+01  0.9732844E+01  Si
  0.4171201E+02  0.1817798E+02  0.9206856E+00  Si
  0.4309000E+02  0.1373523E+00  0.6410969E+00  Si
  0.4602426E+02  0.2361296E+01  0.5157632E+00  Si
  0.4638026E+02  0.2152925E+02  0.3303993E+01  Si
  0.4387692E+02  0.2517768E+01  0.3223595E+01  Si
  0.4493515E+02  0.8989273E+00  0.1785186E+01  Si
  0.4789536E+02  0.3489509E+01  0.1583873E+01  Si
  0.4772021E+02  0.1192254E+01  0.4763700E+01  Si
  0.4482118E+02  0.4167362E+01  0.4842831E+01  Si
  0.4899527E+02  0.2150168E+02  0.1886496E+00  Si
  0.5181639E+02  0.2810799E+01  0.2165108E+02  Si
  0.5154872E+02  0.2149098E+02  0.3033653E+01  Si
  0.4917080E+02  0.2208981E+01  0.3087842E+01  Si
  0.5040299E+02  0.1105321E+01  0.1278848E+01  Si
  0.5295413E+02  0.3783740E+01  0.1511882E+01  Si
  0.5260985E+02  0.9222944E+00  0.4553314E+01  Si
  0.5034057E+02  0.3631101E+01  0.4517974E+01  Si
  0.5420322E+02  0.2133351E+02  0.2715800E+00  Si
  0.5695290E+02  0.2451098E+01  0.4870018E+00  Si
  0.5681950E+02  0.2142160E+02  0.2922388E+01  Si
  0.5423585E+02  0.2346128E+01  0.3019563E+01  Si
  0.5553681E+02  0.9287073E+00  0.1733668E+01  Si
  0.5869186E+02  0.3876813E+01  0.1778056E+01  Si
  0.5806587E+02  0.1024651E+01  0.4588001E+01  Si
  0.5521952E+02  0.3723895E+01  0.4560921E+01  Si
  0.5960229E+02  0.2159567E+02  0.5819881E+00  Si
  0.6243064E+02  0.2572149E+01  0.3132371E+00  Si
  0.6249568E+02  0.2145988E+02  0.3036466E+01  Si
  0.5986535E+02  0.2296740E+01  0.3201088E+01  Si
  0.6128912E+02  0.1042471E+01  0.1749397E+01  Si
  0.6389314E+02  0.3615810E+01  0.1897091E+01  Si
  0.6374753E+02  0.1071576E+01  0.4492515E+01  Si
  0.6103478E+02  0.4078209E+01  0.4520280E+01  Si
  0.4372814E+02  0.5500030E+01  0.8191731E+00  Si
  0.4618426E+02  0.7888422E+01  0.6159143E+00  Si
  0.4653451E+02  0.4839386E+01  0.3232911E+01  Si
  0.4374193E+02  0.7663449E+01  0.3568422E+01  Si
  0.4520874E+02  0.6518789E+01  0.2227090E+01  Si
  0.4785404E+02  0.9216915E+01  0.1769555E+01  Si
  0.4764931E+02  0.6422403E+01  0.4626768E+01  Si
  0.4514055E+02  0.9297667E+01  0.4507960E+01  Si
  0.4908033E+02  0.5168534E+01  0.3439146E+00  Si
  0.5162515E+02  0.7986565E+01  0.3263979E+00  Si
  0.5133635E+02  0.4917536E+01  0.2662445E+01  Si
  0.4906194E+02  0.7804805E+01  0.3398313E+01  Si
  0.5031057E+02  0.6771281E+01  0.1698799E+01  Si
  0.5313180E+02  0.9093118E+01  0.1709368E+01  Si
  0.5263199E+02  0.6402168E+01  0.4297505E+01  Si
  0.5038073E+02  0.9186320E+01  0.4752565E+01  Si
  0.5436103E+02  0.5442368E+01  0.4266573E+00  Si
  0.5721714E+02  0.7943378E+01  0.3416214E+00  Si
  0.5702230E+02  0.5136712E+01  0.3398295E+01  Si
  0.5444915E+02  0.7655817E+01  0.3095967E+01  Si
  0.5580019E+02  0.6622978E+01  0.1714435E+01  Si
  0.5830226E+02  0.9228876E+01  0.1683659E+01  Si
  0.5825920E+02  0.6583294E+01  0.4664694E+01  Si
  0.5551227E+02  0.9161275E+01  0.4553428E+01  Si
  0.5969049E+02  0.5517400E+01  0.4642165E+00  Si
  0.6231449E+02  0.7778424E+01  0.3166204E+00  Si
  0.6232668E+02  0.5101069E+01  0.3001083E+01  Si
  0.5965974E+02  0.8089201E+01  0.3324323E+01  Si
  0.6104601E+02  0.6756707E+01  0.1885380E+01  Si
  0.6378381E+02  0.9243757E+01  0.1729133E+01  Si
  0.6374666E+02  0.6612857E+01  0.4343915E+01  Si
  0.6116708E+02  0.9254596E+01  0.4870698E+01  Si
  0.4358953E+02  0.1083486E+02  0.3517570E+00  Si
  0.4616357E+02  0.1312481E+02  0.6512946E+00  Si
  0.4658053E+02  0.1059693E+02  0.3091906E+01  Si
  0.4354344E+02  0.1338179E+02  0.3333713E+01  Si
  0.4492651E+02  0.1190898E+02  0.1981283E+01  Si
  0.4758311E+02  0.1446350E+02  0.1920816E+01  Si
  0.4764105E+02  0.1171827E+02  0.4776474E+01  Si
  0.4501077E+02  0.1468402E+02  0.4774139E+01  Si
  0.4906898E+02  0.1061940E+02  0.5671853E+00  Si
  0.5167106E+02  0.1308530E+02  0.5977601E+00  Si
  0.5185861E+02  0.1051671E+02  0.3329589E+01  Si
  0.4873628E+02  0.1301199E+02  0.3474453E+01  Si
  0.5043487E+02  0.1185164E+02  0.2280865E+01  Si
  0.5310624E+02  0.1434079E+02  0.1815967E+01  Si
  0.5287514E+02  0.1193251E+02  0.4575356E+01  Si
  0.5034332E+02  0.1457320E+02  0.4746836E+01  Si
  0.5451707E+02  0.1069222E+02  0.4103113E+00  Si
  0.5703674E+02  0.1345338E+02  0.5208885E+00  Si
  0.5698614E+02  0.1032623E+02  0.3171923E+01  Si
  0.5451293E+02  0.1308565E+02  0.3215906E+01  Si
  0.5583967E+02  0.1188341E+02  0.2047164E+01  Si
  0.5840311E+02  0.1461935E+02  0.1782495E+01  Si
  0.5829284E+02  0.1187621E+02  0.4435473E+01  Si
  0.5579188E+02  0.1477705E+02  0.4571502E+01  Si
  0.5966587E+02  0.1048465E+02  0.3674212E+00  Si
  0.6237936E+02  0.1337353E+02  0.4800539E+00  Si
  0.6241024E+02  0.1056891E+02  0.3133740E+01  Si
  0.5973308E+02  0.1314267E+02  0.2974295E+01  Si
  0.6109459E+02  0.1167273E+02  0.1605669E+01  Si
  0.6389469E+02  0.1457935E+02  0.1825946E+01  Si
  0.6354724E+02  0.1191792E+02  0.4702889E+01  Si
  0.6105787E+02  0.1455649E+02  0.4322303E+01  Si
  0.4335150E+02  0.1633914E+02  0.4384297E+00  Si
  0.4609116E+02  0.1889534E+02  0.6050943E+00  Si
  0.4641206E+02  0.1595270E+02  0.3222911E+01  Si
  0.4335793E+02  0.1871000E+02  0.3377429E+01  Si
  0.4477023E+02  0.1741231E+02  0.2097996E+01  Si
  0.4775709E+02  0.2007946E+02  0.1776768E+01  Si
  0.4763142E+02  0.1738091E+02  0.4874459E+01  Si
  0.4494766E+02  0.2002103E+02  0.4629150E+01  Si
  0.4874132E+02  0.1609060E+02  0.3639068E+00  Si
  0.5146893E+02  0.1870556E+02  0.5234253E+00  Si
  0.5147247E+02  0.1581851E+02  0.3110511E+01  Si
  0.4885896E+02  0.1857556E+02  0.3234097E+01  Si
  0.5018168E+02  0.1727302E+02  0.1884488E+01  Si
  0.5287414E+02  0.2014049E+02  0.1669599E+01  Si
  0.5289248E+02  0.1688539E+02  0.4594735E+01  Si
  0.5030796E+02  0.1996277E+02  0.4509325E+01  Si
  0.5430450E+02  0.1578268E+02  0.5947187E+00  Si
  0.5674986E+02  0.1871448E+02  0.2498077E+00  Si
  0.5702817E+02  0.1606090E+02  0.3094159E+01  Si
  0.5411534E+02  0.1846231E+02  0.2957309E+01  Si
  0.5555519E+02  0.1737065E+02  0.1712317E+01  Si
  0.5815468E+02  0.2004981E+02  0.1509303E+01  Si
  0.5830182E+02  0.1725173E+02  0.4335135E+01  Si
  0.5563425E+02  0.1999833E+02  0.4398948E+01  Si
  0.5973119E+02  0.1623222E+02  0.5230940E+00  Si
  0.6232675E+02  0.1894576E+02  0.7014819E+00  Si
  0.6244491E+02  0.1594568E+02  0.3013212E+01  Si
  0.5946646E+02  0.1876962E+02  0.3046775E+01  Si
  0.6108592E+02  0.1745518E+02  0.1859278E+01  Si
  0.6392688E+02  0.2023571E+02  0.1793330E+01  Si
  0.6373265E+02  0.1730840E+02  0.4542067E+01  Si
  0.6111968E+02  0.2008327E+02  0.4377770E+01  Si
  0.4382188E+02  0.2147725E+02  0.5869226E+01  Si
  0.4635905E+02  0.2824255E+01  0.6147306E+01  Si
  0.4617347E+02  0.2141865E+02  0.9081005E+01  Si
  0.4345735E+02  0.2703904E+01  0.8680816E+01  Si
  0.4508505E+02  0.1217460E+01  0.7292909E+01  Si
  0.4771178E+02  0.3970013E+01  0.7690078E+01  Si
  0.4733777E+02  0.1089112E+01  0.1038730E+02  Si
  0.4464476E+02  0.4173132E+01  0.1027077E+02  Si
  0.4917822E+02  0.2135302E+02  0.6125632E+01  Si
  0.5162443E+02  0.2407199E+01  0.5910785E+01  Si
  0.5147071E+02  0.2156629E+02  0.8813879E+01  Si
  0.4875227E+02  0.2286390E+01  0.9046884E+01  Si
  0.5019128E+02  0.1259889E+01  0.7481683E+01  Si
  0.5281556E+02  0.3621116E+01  0.7382240E+01  Si
  0.5309742E+02  0.1088592E+01  0.1001644E+02  Si
  0.5002956E+02  0.3814581E+01  0.1007285E+02  Si
  0.5418989E+02  0.2132203E+02  0.5723035E+01  Si
  0.5684340E+02  0.2488987E+01  0.5859716E+01  Si
  0.5691458E+02  0.2141399E+02  0.8658109E+01  Si
  0.5436666E+02  0.2293950E+01  0.8569838E+01  Si
  0.5552557E+02  0.1017976E+01  0.7236117E+01  Si
  0.5825755E+02  0.3853754E+01  0.7168882E+01  Si
  0.5867693E+02  0.9158109E+00  0.9929716E+01  Si
  0.5577857E+02  0.3657641E+01  0.9975050E+01  Si
  0.5963260E+02  0.2134552E+02  0.5666831E+01  Si
  0.6228282E+02  0.2474413E+01  0.5684549E+01  Si
  0.6226103E+02  0.2144091E+02  0.8437939E+01  Si
  0.5972729E+02  0.2410454E+01  0.8531439E+01  Si
  0.6082882E+02  0.1207363E+01  0.7065770E+01  Si
  0.6393843E+02  0.3776185E+01  0.7195421E+01  Si
  0.6375305E+02  0.1180036E+01  0.9692063E+01  Si
  0.6112800E+02  0.3844592E+01  0.9921249E+01  Si
  0.4332853E+02  0.5431992E+01  0.6525225E+01  Si
  0.4644665E+02  0.7829966E+01  0.5769266E+01  Si
  0.4629635E+02  0.5379324E+01  0.8936158E+01  Si
  0.4348742E+02  0.7778636E+01  0.8889245E+01  Si
  0.4522214E+02  0.6789276E+01  0.7350192E+01  Si
  0.4751078E+02  0.9072618E+01  0.7401143E+01  Si
  0.4737323E+02  0.6784971E+01  0.1020121E+02  Si
  0.4479872E+02  0.9331324E+01  0.1023809E+02  Si
  0.4906532E+02  0.4931671E+01  0.5895201E+01  Si
  0.5192207E+02  0.7885483E+01  0.5824077E+01  Si
  0.5143400E+02  0.5139826E+01  0.8722006E+01  Si
  0.4900654E+02  0.7790218E+01  0.8618898E+01  Si
  0.5037409E+02  0.6389001E+01  0.7291057E+01  Si
  0.5324882E+02  0.9252240E+01  0.7348979E+01  Si
  0.5322107E+02  0.6182729E+01  0.1013344E+02  Si
  0.5041673E+02  0.9014915E+01  0.1001463E+02  Si
  0.5394941E+02  0.5042085E+01  0.5829990E+01  Si
  0.5694050E+02  0.7917825E+01  0.5825258E+01  Si
  0.5684871E+02  0.5249500E+01  0.8479663E+01  Si
  0.5453432E+02  0.7959762E+01  0.8715766E+01  Si
  0.5558825E+02  0.6492879E+01  0.6950192E+01  Si
  0.5826272E+02  0.9167572E+01  0.7324980E+01  Si
  0.5848581E+02  0.6406207E+01  0.9748817E+01  Si
  0.5593017E+02  0.9174362E+01  0.1011542E+02  Si
  0.5936805E+02  0.5077642E+01  0.5737045E+01  Si
  0.6246592E+02  0.7914623E+01  0.5743854E+01  Si
  0.6234386E+02  0.5175958E+01  0.8531848E+01  Si
  0.5974884E+02  0.7800669E+01  0.8462013E+01  Si
  0.6112995E+02  0.6497145E+01  0.6946769E+01  Si
  0.6366925E+02  0.9196078E+01  0.7299264E+01  Si
  0.6363459E+02  0.6569286E+01  0.9787570E+01  Si
  0.6101180E+02  0.9195696E+01  0.9912520E+01  Si
  0.4380589E+02  0.1049494E+02  0.5938648E+01  Si
  0.4633255E+02  0.1326139E+02  0.6044070E+01  Si
  0.4615609E+02  0.1029993E+02  0.8689494E+01  Si
  0.4365911E+02  0.1314235E+02  0.8759078E+01  Si
  0.4494003E+02  0.1189265E+02  0.7263247E+01  Si
  0.4741175E+02  0.1461113E+02  0.7463967E+01  Si
  0.4741157E+02  0.1165353E+02  0.1000582E+02  Si
  0.4480831E+02  0.1460728E+02  0.9912497E+01  Si
  0.4871446E+02  0.1039552E+02  0.6127726E+01  Si
  0.5151441E+02  0.1311252E+02  0.6077151E+01  Si
  0.5166814E+02  0.1041310E+02  0.8560957E+01  Si
  0.4860043E+02  0.1303875E+02  0.8872894E+01  Si
  0.5013159E+02  0.1174792E+02  0.7454138E+01  Si
  0.5275230E+02  0.1444626E+02  0.7531613E+01  Si
  0.5279893E+02  0.1168181E+02  0.9879885E+01  Si
  0.5005090E+02  0.1446650E+02  0.9989135E+01  Si
  0.5432188E+02  0.1071533E+02  0.5755869E+01  Si
  0.5705909E+02  0.1336016E+02  0.5957576E+01  Si
  0.5722520E+02  0.1065756E+02  0.8714515E+01  Si
  0.5423313E+02  0.1314315E+02  0.8595973E+01  Si
  0.5570369E+02  0.1185625E+02  0.7316217E+01  Si
  0.5831420E+02  0.1466004E+02  0.7245109E+01  Si
  0.5851784E+02  0.1189963E+02  0.1013332E+02  Si
  0.5585652E+02  0.1458960E+02  0.9997563E+01  Si
  0.5951166E+02  0.1066237E+02  0.5965663E+01  Si
  0.6221508E+02  0.1339812E+02  0.5957281E+01  Si
  0.6255319E+02  0.1065113E+02  0.8867000E+01  Si
  0.5961377E+02  0.1306323E+02  0.8398437E+01  Si
  0.6118309E+02  0.1176872E+02  0.7537486E+01  Si
  0.6383406E+02  0.1470634E+02  0.7487692E+01  Si
  0.6393901E+02  0.1200314E+02  0.1014337E+02  Si
  0.6113481E+02  0.1442733E+02  0.9557529E+01  Si
  0.4363911E+02  0.1582599E+02  0.6158461E+01  Si
  0.4624516E+02  0.1851500E+02  0.6015429E+01  Si
  0.4632095E+02  0.1624026E+02  0.8709109E+01  Si
  0.4344111E+02  0.1878091E+02  0.8551582E+01  Si
  0.4492179E+02  0.1749475E+02  0.7430127E+01  Si
  0.4755201E+02  0.2015174E+02  0.7395415E+01  Si
  0.4761123E+02  0.1740347E+02  0.9981934E+01  Si
  0.4473350E+02  0.1999726E+02  0.1020960E+02  Si
  0.4890718E+02  0.1576845E+02  0.6015425E+01  Si
  0.5162121E+02  0.1857786E+02  0.5838537E+01  Si
  0.5142602E+02  0.1587452E+02  0.8748710E+01  Si
  0.4889359E+02  0.1877605E+02  0.8729523E+01  Si
  0.5024490E+02  0.1734677E+02  0.7287637E+01  Si
  0.5284227E+02  0.1993560E+02  0.7335405E+01  Si
  0.5307733E+02  0.1697202E+02  0.1012075E+02  Si
  0.5030413E+02  0.2004565E+02  0.9950912E+01  Si
  0.5426019E+02  0.1566127E+02  0.6132297E+01  Si
  0.5692556E+02  0.1869000E+02  0.5742521E+01  Si
  0.5708600E+02  0.1630157E+02  0.8654486E+01  Si
  0.5439212E+02  0.1853699E+02  0.8598713E+01  Si
  0.5571466E+02  0.1726557E+02  0.7112507E+01  Si
  0.5814062E+02  0.2001022E+02  0.7160414E+01  Si
  0.5872073E+02  0.1763738E+02  0.9787006E+01  Si
  0.5571440E+02  0.1995643E+02  0.9993149E+01  Si
  0.5966325E+02  0.1581036E+02  0.5741067E+01  Si
  0.6234040E+02  0.1885489E+02  0.5753456E+01  Si
  0.6239580E+02  0.1614319E+02  0.8617263E+01  Si
  0.5985437E+02  0.1873863E+02  0.8314892E+01  Si
  0.6096185E+02  0.1732405E+02  0.7111923E+01  Si
  0.6363034E+02  0.1999289E+02  0.7146749E+01  Si
  0.6375349E+02  0.1736426E+02  0.1006865E+02  Si
  0.6111504E+02  0.1984198E+02  0.9750930E+01  Si
  0.4329673E+02  0.2166604E+02  0.1144772E+02  Si
  0.4600037E+02  0.2642846E+01  0.1153454E+02  Si
  0.4593534E+02  0.2155976E+02  0.1420778E+02  Si
  0.4288735E+02  0.2174640E+01  0.1435086E+02  Si
  0.4470190E+02  0.1418289E+01  0.1284734E+02  Si
  0.4751364E+02  0.3869915E+01  0.1294235E+02  Si
  0.4737417E+02  0.1003142E+01  0.1558559E+02  Si
  0.4456150E+02  0.3552765E+01  0.1536733E+02  Si
  0.4891784E+02  0.2127176E+02  0.1148869E+02  Si
  0.5151337E+02  0.2404583E+01  0.1119656E+02  Si
  0.5162829E+02  0.2120203E+02  0.1376482E+02  Si
  0.4880833E+02  0.2331709E+01  0.1432601E+02  Si
  0.5012177E+02  0.1122712E+01  0.1258867E+02  Si
  0.5277210E+02  0.3677954E+01  0.1260899E+02  Si
  0.5297804E+02  0.8653586E+00  0.1518134E+02  Si
  0.5032180E+02  0.3531579E+01  0.1556691E+02  Si
  0.5451804E+02  0.2128372E+02  0.1119386E+02  Si
  0.5734278E+02  0.2513441E+01  0.1130389E+02  Si
  0.5683200E+02  0.2110362E+02  0.1387751E+02  Si
  0.5445582E+02  0.2338377E+01  0.1372584E+02  Si
  0.5599659E+02  0.9951880E+00  0.1245667E+02  Si
  0.5849084E+02  0.3803072E+01  0.1266760E+02  Si
  0.5854348E+02  0.7413520E+00  0.1487060E+02  Si
  0.5568961E+02  0.3796829E+01  0.1495089E+02  Si
  0.5965326E+02  0.2121410E+02  0.1121690E+02  Si
  0.6251954E+02  0.2365953E+01  0.1099875E+02  Si
  0.6261668E+02  0.2155861E+02  0.1391094E+02  Si
  0.5972746E+02  0.2252543E+01  0.1380574E+02  Si
  0.6135270E+02  0.9839057E+00  0.1232955E+02  Si
  0.6356562E+02  0.3795045E+01  0.1249127E+02  Si
  0.6372898E+02  0.1206483E+01  0.1535886E+02  Si
  0.6110223E+02  0.3556751E+01  0.1529329E+02  Si
  0.4310067E+02  0.5468463E+01  0.1150698E+02  Si
  0.4595874E+02  0.8027211E+01  0.1178811E+02  Si
  0.4590623E+02  0.5116823E+01  0.1429788E+02  Si
  0.4334037E+02  0.7933177E+01  0.1419806E+02  Si
  0.4463292E+02  0.6490130E+01  0.1308227E+02  Si
  0.4759632E+02  0.9333534E+01  0.1280870E+02  Si
  0.4751349E+02  0.6602919E+01  0.1559735E+02  Si
  0.4459195E+02  0.9277898E+01  0.1579495E+02  Si
  0.4889630E+02  0.5306265E+01  0.1139834E+02  Si
  0.5190585E+02  0.7623430E+01  0.1128679E+02  Si
  0.5160410E+02  0.4970157E+01  0.1417293E+02  Si
  0.4899319E+02  0.7853483E+01  0.1412433E+02  Si
  0.5047641E+02  0.6594339E+01  0.1294312E+02  Si
  0.5303384E+02  0.9127974E+01  0.1259704E+02  Si
  0.5299130E+02  0.6442140E+01  0.1513601E+02  Si
  0.5020841E+02  0.9325951E+01  0.1539374E+02  Si
  0.5450231E+02  0.4792933E+01  0.1144413E+02  Si
  0.5721068E+02  0.7622301E+01  0.1122180E+02  Si
  0.5716175E+02  0.4992491E+01  0.1389140E+02  Si
  0.5443884E+02  0.7918165E+01  0.1399805E+02  Si
  0.5576204E+02  0.6405975E+01  0.1252272E+02  Si
  0.5832243E+02  0.9251882E+01  0.1268960E+02  Si
  0.5821067E+02  0.6620136E+01  0.1537639E+02  Si
  0.5569525E+02  0.9236198E+01  0.1549101E+02  Si
  0.5979529E+02  0.5122773E+01  0.1121372E+02  Si
  0.6242740E+02  0.7809413E+01  0.1123327E+02  Si
  0.6237511E+02  0.5027042E+01  0.1405798E+02  Si
  0.5978260E+02  0.7677138E+01  0.1398662E+02  Si
  0.6116391E+02  0.6297293E+01  0.1260397E+02  Si
  0.6374536E+02  0.8992606E+01  0.1270525E+02  Si
  0.6384348E+02  0.6187659E+01  0.1534451E+02  Si
  0.6129791E+02  0.8980551E+01  0.1546991E+02  Si
  0.4329743E+02  0.1084950E+02  0.1128679E+02  Si
  0.4599203E+02  0.1316304E+02  0.1127699E+02  Si
  0.4612847E+02  0.1044575E+02  0.1426520E+02  Si
  0.4332257E+02  0.1323730E+02  0.1428096E+02  Si
  0.4455609E+02  0.1195854E+02  0.1297795E+02  Si
  0.4728302E+02  0.1472527E+02  0.1268179E+02  Si
  0.4754923E+02  0.1183546E+02  0.1555064E+02  Si
  0.4471497E+02  0.1488241E+02  0.1545715E+02  Si
  0.4880070E+02  0.1042673E+02  0.1119608E+02  Si
  0.5141117E+02  0.1319952E+02  0.1122762E+02  Si
  0.5166015E+02  0.1074113E+02  0.1387937E+02  Si
  0.4881867E+02  0.1314118E+02  0.1395643E+02  Si
  0.5002251E+02  0.1184775E+02  0.1236478E+02  Si
  0.5279975E+02  0.1450906E+02  0.1267735E+02  Si
  0.5296809E+02  0.1208945E+02  0.1526002E+02  Si
  0.5015858E+02  0.1449430E+02  0.1545577E+02  Si
  0.5434007E+02  0.1046841E+02  0.1129966E+02  Si
  0.5719982E+02  0.1331976E+02  0.1135773E+02  Si
  0.5706007E+02  0.1064945E+02  0.1420834E+02  Si
  0.5451413E+02  0.1344879E+02  0.1411305E+02  Si
  0.5587535E+02  0.1186094E+02  0.1259223E+02  Si
  0.5850079E+02  0.1483237E+02  0.1232758E+02  Si
  0.5839175E+02  0.1200530E+02  0.1541724E+02  Si
  0.5556859E+02  0.1465177E+02  0.1568323E+02  Si
  0.5983729E+02  0.1065251E+02  0.1141065E+02  Si
  0.6240831E+02  0.1341054E+02  0.1139856E+02  Si
  0.6238150E+02  0.1042840E+02  0.1396099E+02  Si
  0.5973133E+02  0.1343617E+02  0.1395524E+02  Si
  0.6111861E+02  0.1190417E+02  0.1269606E+02  Si
  0.6389625E+02  0.1449841E+02  0.1273115E+02  Si
  0.6373241E+02  0.1164287E+02  0.1539110E+02  Si
  0.6095131E+02  0.1469798E+02  0.1532098E+02  Si
  0.4338577E+02  0.1623343E+02  0.1109597E+02  Si
  0.4617189E+02  0.1862979E+02  0.1138103E+02  Si
  0.4609969E+02  0.1593656E+02  0.1412522E+02  Si
  0.4334560E+02  0.1866398E+02  0.1408229E+02  Si
  0.4463222E+02  0.1722964E+02  0.1265007E+02  Si
  0.4751988E+02  0.2015304E+02  0.1294021E+02  Si
  0.4748365E+02  0.1737048E+02  0.1560465E+02  Si
  0.4440919E+02  0.2015899E+02  0.1569242E+02  Si
  0.4885179E+02  0.1593445E+02  0.1137590E+02  Si
  0.5192032E+02  0.1860767E+02  0.1117295E+02  Si
  0.5141735E+02  0.1591143E+02  0.1391021E+02  Si
  0.4880191E+02  0.1854430E+02  0.1396016E+02  Si
  0.5026256E+02  0.1741848E+02  0.1247557E+02  Si
  0.5324143E+02  0.2002345E+02  0.1258956E+02  Si
  0.5285181E+02  0.1730659E+02  0.1508534E+02  Si
  0.5024005E+02  0.1995983E+02  0.1515099E+02  Si
  0.5427841E+02  0.1574679E+02  0.1128005E+02  Si
  0.5711304E+02  0.1854235E+02  0.1129525E+02  Si
  0.5712927E+02  0.1586004E+02  0.1424001E+02  Si
  0.5442188E+02  0.1871186E+02  0.1402477E+02  Si
  0.5571165E+02  0.1703337E+02  0.1271688E+02  Si
  0.5846009E+02  0.1996834E+02  0.1256123E+02  Si
  0.5840211E+02  0.1747302E+02  0.1570728E+02  Si
  0.5547064E+02  0.2019009E+02  0.1554047E+02  Si
  0.6008232E+02  0.1601129E+02  0.1083617E+02  Si
  0.6222124E+02  0.1854215E+02  0.1148102E+02  Si
  0.6249432E+02  0.1596928E+02  0.1401141E+02  Si
  0.5960557E+02  0.1860899E+02  0.1412771E+02  Si
  0.6087120E+02  0.1713269E+02  0.1270261E+02  Si
  0.6370968E+02  0.2015935E+02  0.1287512E+02  Si
  0.6366207E+02  0.1756222E+02  0.1533585E+02  Si
  0.6112501E+02  0.2006632E+02  0.1524348E+02  Si
  0.4292955E+02  0.2166272E+02  0.1701311E+02  Si
  0.4610444E+02  0.2321054E+01  0.1698736E+02  Si
  0.4613401E+02  0.2136336E+02  0.1966538E+02  Si
  0.4178801E+02  0.1797591E+01  0.2132451E+02  Si
  0.4471970E+02  0.1189524E+01  0.1847995E+02  Si
  0.4761056E+02  0.3839465E+01  0.1811046E+02  Si
  0.4753543E+02  0.1129227E+01  0.2081158E+02  Si
  0.4479449E+02  0.3982334E+01  0.2106217E+02  Si
  0.4876111E+02  0.2116032E+02  0.1689801E+02  Si
  0.5162359E+02  0.2091844E+01  0.1663006E+02  Si
  0.5150207E+02  0.2102203E+02  0.1929819E+02  Si
  0.4897752E+02  0.2568602E+01  0.1952396E+02  Si
  0.5015299E+02  0.6758541E+00  0.1828188E+02  Si
  0.5290076E+02  0.3748783E+01  0.1782241E+02  Si
  0.5278685E+02  0.9598145E+00  0.2055561E+02  Si
  0.5043515E+02  0.4096774E+01  0.2052634E+02  Si
  0.5418540E+02  0.2159612E+02  0.1682867E+02  Si
  0.5697974E+02  0.2273150E+01  0.1628068E+02  Si
  0.5709011E+02  0.2148029E+02  0.1941967E+02  Si
  0.5424570E+02  0.2405296E+01  0.1936472E+02  Si
  0.5578256E+02  0.1128825E+01  0.1812421E+02  Si
  0.5820867E+02  0.3623058E+01  0.1787137E+02  Si
  0.5823649E+02  0.9621687E+00  0.2070523E+02  Si
  0.5567681E+02  0.3896623E+01  0.2074008E+02  Si
  0.5987359E+02  0.2165691E+02  0.1665964E+02  Si
  0.6232569E+02  0.2143746E+01  0.1671461E+02  Si
  0.6245210E+02  0.2137406E+02  0.1965001E+02  Si
  0.5944825E+02  0.2411835E+01  0.1935784E+02  Si
  0.6122330E+02  0.9019980E+00  0.1837626E+02  Si
  0.6364136E+02  0.3790691E+01  0.1788709E+02  Si
  0.6393466E+02  0.1283575E+01  0.2098373E+02  Si
  0.6096899E+02  0.3827424E+01  0.2083353E+02  Si
  0.4350602E+02  0.5620298E+01  0.1658753E+02  Si
  0.4619516E+02  0.7809233E+01  0.1687752E+02  Si
  0.4622101E+02  0.5240399E+01  0.1963358E+02  Si
  0.4344708E+02  0.7950741E+01  0.1948031E+02  Si
  0.4484115E+02  0.6583965E+01  0.1814764E+02  Si
  0.4763693E+02  0.9194042E+01  0.1825671E+02  Si
  0.4765409E+02  0.6582365E+01  0.2101889E+02  Si
  0.4483205E+02  0.9209558E+01  0.2091479E+02  Si
  0.4882597E+02  0.5050077E+01  0.1674675E+02  Si
  0.5168393E+02  0.8004486E+01  0.1662942E+02  Si
  0.5174478E+02  0.5356766E+01  0.1921820E+02  Si
  0.4898446E+02  0.7912613E+01  0.1956188E+02  Si
  0.5024551E+02  0.6649180E+01  0.1783930E+02  Si
  0.5299735E+02  0.9351099E+01  0.1816659E+02  Si
  0.5305154E+02  0.6634969E+01  0.2069909E+02  Si
  0.5025879E+02  0.9452539E+01  0.2089132E+02  Si
  0.5435420E+02  0.4946313E+01  0.1639115E+02  Si
  0.5710799E+02  0.8035459E+01  0.1679469E+02  Si
  0.5692879E+02  0.5189057E+01  0.1927155E+02  Si
  0.5446412E+02  0.8071955E+01  0.1951012E+02  Si
  0.5565733E+02  0.6554093E+01  0.1797667E+02  Si
  0.5858195E+02  0.9285540E+01  0.1795541E+02  Si
  0.5854903E+02  0.6697847E+01  0.2061371E+02  Si
  0.5597440E+02  0.9253885E+01  0.2065624E+02  Si
  0.5992590E+02  0.5106933E+01  0.1653326E+02  Si
  0.6258062E+02  0.7600827E+01  0.1683733E+02  Si
  0.6251727E+02  0.5065421E+01  0.1941662E+02  Si
  0.5982989E+02  0.8102604E+01  0.1942545E+02  Si
  0.6121755E+02  0.6513459E+01  0.1819609E+02  Si
  0.6384079E+02  0.9021440E+01  0.1812359E+02  Si
  0.6375956E+02  0.6491364E+01  0.2074889E+02  Si
  0.6115971E+02  0.9366650E+01  0.2088389E+02  Si
  0.4337935E+02  0.1065642E+02  0.1709724E+02  Si
  0.4632549E+02  0.1356975E+02  0.1660308E+02  Si
  0.4635196E+02  0.1058614E+02  0.1942606E+02  Si
  0.4189940E+02  0.1446171E+02  0.1801421E+02  Si
  0.4519006E+02  0.1225919E+02  0.1835267E+02  Si
  0.4747988E+02  0.1493861E+02  0.1813270E+02  Si
  0.4772970E+02  0.1187974E+02  0.2088743E+02  Si
  0.4494283E+02  0.1470617E+02  0.2106784E+02  Si
  0.4888016E+02  0.1058615E+02  0.1689540E+02  Si
  0.5149521E+02  0.1325292E+02  0.1674744E+02  Si
  0.5161360E+02  0.1077354E+02  0.1952879E+02  Si
  0.4903295E+02  0.1342226E+02  0.1933812E+02  Si
  0.5027062E+02  0.1183660E+02  0.1814660E+02  Si
  0.5281919E+02  0.1471723E+02  0.1798068E+02  Si
  0.5312828E+02  0.1194256E+02  0.2092882E+02  Si
  0.5014978E+02  0.1449490E+02  0.2104749E+02  Si
  0.5417216E+02  0.1082572E+02  0.1678684E+02  Si
  0.5712979E+02  0.1317666E+02  0.1695939E+02  Si
  0.5728572E+02  0.1075976E+02  0.1922736E+02  Si
  0.5425077E+02  0.1354202E+02  0.1952973E+02  Si
  0.5556758E+02  0.1202661E+02  0.1837302E+02  Si
  0.5840106E+02  0.1450526E+02  0.1806508E+02  Si
  0.5840860E+02  0.1212231E+02  0.2088343E+02  Si
  0.5581225E+02  0.1471166E+02  0.2074309E+02  Si
  0.6011205E+02  0.1055021E+02  0.1646321E+02  Si
  0.6253365E+02  0.1322470E+02  0.1664031E+02  Si
  0.6236140E+02  0.1056558E+02  0.1948829E+02  Si
  0.5991730E+02  0.1339749E+02  0.1925492E+02  Si
  0.6130115E+02  0.1192164E+02  0.1800400E+02  Si
  0.6390539E+02  0.1476962E+02  0.1802551E+02  Si
  0.6367442E+02  0.1211904E+02  0.2067478E+02  Si
  0.6111501E+02  0.1484359E+02  0.2074519E+02  Si
  0.4305148E+02  0.1619749E+02  0.1685970E+02  Si
  0.4602106E+02  0.1864858E+02  0.1665919E+02  Si
  0.4607697E+02  0.1622100E+02  0.1946103E+02  Si
  0.4317258E+02  0.1905871E+02  0.1965557E+02  Si
  0.4458514E+02  0.1745038E+02  0.1827059E+02  Si
  0.4733309E+02  0.1982999E+02  0.1819687E+02  Si
  0.4731076E+02  0.1740899E+02  0.2094883E+02  Si
  0.4448264E+02  0.2028923E+02  0.2117183E+02  Si
  0.4916780E+02  0.1610068E+02  0.1680589E+02  Si
  0.5138099E+02  0.1846745E+02  0.1653918E+02  Si
  0.5162871E+02  0.1585532E+02  0.1978824E+02  Si
  0.4875700E+02  0.1854729E+02  0.1953371E+02  Si
  0.5032905E+02  0.1728496E+02  0.1831876E+02  Si
  0.5302547E+02  0.1983821E+02  0.1770325E+02  Si
  0.5312876E+02  0.1723634E+02  0.2105792E+02  Si
  0.5038704E+02  0.1986056E+02  0.2081619E+02  Si
  0.5416732E+02  0.1619701E+02  0.1666094E+02  Si
  0.5684742E+02  0.1879878E+02  0.1686265E+02  Si
  0.5720628E+02  0.1593923E+02  0.1957539E+02  Si
  0.5427715E+02  0.1853924E+02  0.1932863E+02  Si
  0.5570037E+02  0.1719653E+02  0.1817542E+02  Si
  0.5849319E+02  0.1992832E+02  0.1804639E+02  Si
  0.5834894E+02  0.1735898E+02  0.2085651E+02  Si
  0.5540293E+02  0.2017966E+02  0.2058357E+02  Si
  0.5966963E+02  0.1595021E+02  0.1698424E+02  Si
  0.6232754E+02  0.1870265E+02  0.1709614E+02  Si
  0.6263706E+02  0.1597821E+02  0.1965705E+02  Si
  0.5962202E+02  0.1872018E+02  0.1942720E+02  Si
  0.6107741E+02  0.1754504E+02  0.1843032E+02  Si
  0.6380463E+02  0.2009326E+02  0.1814071E+02  Si
  0.6373799E+02  0.1730290E+02  0.2114530E+02  Si
  0.6100724E+02  0.2007463E+02  0.2090278E+02  Si
