         
  0.6515772E+02  0.0000000E+00  0.2171924E+02
  0.0000000E+00  0.0000000E+00  0.2171924E+02
  0.6513717E+02  0.2170166E+02  0.2100871E+02  Si
  0.2827718E+01  0.2619735E+01  0.2100893E+02  Si
  0.2633072E+01  0.2166927E+02  0.2260916E+01  Si
  0.6507528E+02  0.2566065E+01  0.2525786E+01  Si
  0.1446692E+01  0.1418355E+01  0.6386635E+00  Si
  0.4034311E+01  0.3817632E+01  0.9190186E+00  Si
  0.3831492E+01  0.1200801E+01  0.3591325E+01  Si
  0.1278804E+01  0.3911768E+01  0.3779410E+01  Si
  0.5541461E+01  0.2145287E+02  0.2116427E+02  Si
  0.8147495E+01  0.2662215E+01  0.2115575E+02  Si
  0.8039484E+01  0.7196675E-01  0.2062844E+01  Si
  0.5472096E+01  0.2592405E+01  0.2198664E+01  Si
  0.6570942E+01  0.1356139E+01  0.7510741E+00  Si
  0.9563372E+01  0.3828137E+01  0.9382731E+00  Si
  0.9358587E+01  0.1287982E+01  0.3371964E+01  Si
  0.6734027E+01  0.4130408E+01  0.3609571E+01  Si
  0.1109921E+02  0.5834686E-01  0.2133621E+02  Si
  0.1361648E+02  0.2458123E+01  0.2113813E+02  Si
  0.1374736E+02  0.2132533E+02  0.2253601E+01  Si
  0.1092119E+02  0.2619829E+01  0.2255435E+01  Si
  0.1255052E+02  0.1245893E+01  0.1048378E+01  Si
  0.1495738E+02  0.3849156E+01  0.9106087E+00  Si
  0.1507877E+02  0.1248790E+01  0.3492203E+01  Si
  0.1224190E+02  0.3880497E+01  0.3812850E+01  Si
  0.1667277E+02  0.2150533E+02  0.2123886E+02  Si
  0.1918745E+02  0.2558583E+01  0.2120461E+02  Si
  0.1918978E+02  0.2170411E+02  0.1920460E+01  Si
  0.1648584E+02  0.2546247E+01  0.2218483E+01  Si
  0.1787276E+02  0.1230106E+01  0.7918626E+00  Si
  0.2910516E+02  0.6636320E+01  0.2789719E+01  Si
  0.2168023E+02  0.5248055E+01  0.2127264E+02  Si
  0.1738551E+02  0.3956376E+01  0.3800991E+01  Si
  0.3382320E-01  0.4947845E+01  0.2146369E+02  Si
  0.2541136E+01  0.7838972E+01  0.2100210E+02  Si
  0.2620772E+01  0.5011538E+01  0.2241206E+01  Si
  0.1907570E+00  0.7623709E+01  0.2016425E+01  Si
  0.1499299E+01  0.6409463E+01  0.8361716E+00  Si
  0.3778126E+01  0.9385691E+01  0.5601599E+00  Si
  0.3924452E+01  0.6506449E+01  0.3469013E+01  Si
  0.1524531E+01  0.9083768E+01  0.3272072E+01  Si
  0.5330868E+01  0.5101128E+01  0.2132948E+02  Si
  0.8269435E+01  0.8022922E+01  0.2097349E+02  Si
  0.8102748E+01  0.5340699E+01  0.2058542E+01  Si
  0.5135337E+01  0.7925817E+01  0.1959853E+01  Si
  0.6658771E+01  0.6756782E+01  0.6803458E+00  Si
  0.9653368E+01  0.9308292E+01  0.5219008E+00  Si
  0.9474553E+01  0.6613511E+01  0.3609341E+01  Si
  0.6704281E+01  0.9162426E+01  0.3373931E+01  Si
  0.1084175E+02  0.5288837E+01  0.2119109E+02  Si
  0.1333021E+02  0.7794147E+01  0.2116653E+02  Si
  0.1333755E+02  0.5015799E+01  0.1997132E+01  Si
  0.1074430E+02  0.7901901E+01  0.2163202E+01  Si
  0.1194455E+02  0.6417569E+01  0.9371609E+00  Si
  0.1472198E+02  0.9100211E+01  0.8520646E+00  Si
  0.1466450E+02  0.6546750E+01  0.3518998E+01  Si
  0.1205791E+02  0.9406437E+01  0.3435647E+01  Si
  0.1633938E+02  0.5429188E+01  0.2149559E+02  Si
  0.1899162E+02  0.8213698E+01  0.2096513E+02  Si
  0.1857016E+02  0.5313475E+01  0.1967264E+01  Si
  0.1628609E+02  0.8171202E+01  0.2169381E+01  Si
  0.1777330E+02  0.6965439E+01  0.8510861E+00  Si
  0.2193143E+02  0.1058752E+02  0.2105384E+02  Si
  0.2513235E+02  0.8161093E+01  0.1945644E+02  Si
  0.1748648E+02  0.9409691E+01  0.3555593E+01  Si
  0.6507075E+02  0.1039022E+02  0.2082435E+02  Si
  0.2487412E+01  0.1331051E+02  0.2118324E+02  Si
  0.2709595E+01  0.1059923E+02  0.1881526E+01  Si
  0.6502849E+02  0.1299710E+02  0.1926959E+01  Si
  0.1369715E+01  0.1180980E+02  0.7331171E+00  Si
  0.4041870E+01  0.1451980E+02  0.9386712E+00  Si
  0.4055691E+01  0.1194412E+02  0.3308780E+01  Si
  0.1417607E+01  0.1432730E+02  0.3342008E+01  Si
  0.5257796E+01  0.1062840E+02  0.2080359E+02  Si
  0.8137120E+01  0.1357857E+02  0.2105632E+02  Si
  0.7875996E+01  0.1051882E+02  0.1854208E+01  Si
  0.5436522E+01  0.1337304E+02  0.2038109E+01  Si
  0.6802908E+01  0.1207787E+02  0.5192864E+00  Si
  0.9419139E+01  0.1492882E+02  0.7378137E+00  Si
  0.9214998E+01  0.1171413E+02  0.3391505E+01  Si
  0.6802952E+01  0.1480594E+02  0.3333113E+01  Si
  0.1091822E+02  0.1062784E+02  0.2105063E+02  Si
  0.1349096E+02  0.1341190E+02  0.2120913E+02  Si
  0.1366114E+02  0.1076960E+02  0.2129135E+01  Si
  0.1062388E+02  0.1332370E+02  0.2062247E+01  Si
  0.1207125E+02  0.1202102E+02  0.7359121E+00  Si
  0.1477589E+02  0.1484718E+02  0.8963527E+00  Si
  0.1479732E+02  0.1213629E+02  0.3408169E+01  Si
  0.1201972E+02  0.1467690E+02  0.3540747E+01  Si
  0.1615186E+02  0.1063235E+02  0.2129535E+02  Si
  0.1891920E+02  0.1306748E+02  0.2156475E+02  Si
  0.2031782E+02  0.9522359E+01  0.7996802E+00  Si
  0.1611733E+02  0.1342074E+02  0.2255226E+01  Si
  0.1738812E+02  0.1199113E+02  0.9589910E+00  Si
  0.2023761E+02  0.1182966E+02  0.1986993E+02  Si
  0.2313390E+02  0.2190580E+01  0.5042844E+01  Si
  0.1750565E+02  0.1453073E+02  0.3728112E+01  Si
  0.6501418E+02  0.1626919E+02  0.2109101E+02  Si
  0.2676639E+01  0.1882682E+02  0.2117530E+02  Si
  0.2612225E+01  0.1590801E+02  0.2117838E+01  Si
  0.6510229E+02  0.1864764E+02  0.2103037E+01  Si
  0.1270863E+01  0.1746375E+02  0.5691270E+00  Si
  0.3900068E+01  0.2018076E+02  0.7231242E+00  Si
  0.4192056E+01  0.1742202E+02  0.3614594E+01  Si
  0.1358659E+01  0.2003813E+02  0.3263630E+01  Si
  0.5392247E+01  0.1594816E+02  0.2126536E+02  Si
  0.7848701E+01  0.1889320E+02  0.2115386E+02  Si
  0.8036702E+01  0.1635569E+02  0.2148079E+01  Si
  0.5330059E+01  0.1901723E+02  0.2061887E+01  Si
  0.6605247E+01  0.1750363E+02  0.8017782E+00  Si
  0.9379091E+01  0.2032059E+02  0.6978205E+00  Si
  0.9457905E+01  0.1769554E+02  0.3469547E+01  Si
  0.6818458E+01  0.2041513E+02  0.3481677E+01  Si
  0.1113230E+02  0.1626956E+02  0.2122167E+02  Si
  0.1392398E+02  0.1880472E+02  0.2121074E+02  Si
  0.1353321E+02  0.1611034E+02  0.2194306E+01  Si
  0.1094653E+02  0.1890704E+02  0.1945866E+01  Si
  0.1247659E+02  0.1745172E+02  0.8003070E+00  Si
  0.1525207E+02  0.2021361E+02  0.8300163E+00  Si
  0.1473907E+02  0.1763654E+02  0.3550820E+01  Si
  0.1193061E+02  0.2034077E+02  0.3471726E+01  Si
  0.1626846E+02  0.1616828E+02  0.2135915E+02  Si
  0.1904173E+02  0.1863270E+02  0.2125127E+02  Si
  0.1901772E+02  0.1578439E+02  0.2532249E+01  Si
  0.1649453E+02  0.1867961E+02  0.2198587E+01  Si
  0.1793539E+02  0.1711742E+02  0.1109184E+01  Si
  0.2841780E+02  0.1593072E+01  0.1145463E+02  Si
  0.2050704E+02  0.1726929E+02  0.3705707E+01  Si
  0.1792420E+02  0.2027697E+02  0.3192890E+01  Si
  0.4234741E-01  0.2151837E+02  0.4615142E+01  Si
  0.2630476E+01  0.2619296E+01  0.5234320E+01  Si
  0.2790733E+01  0.2150144E+02  0.7595641E+01  Si
  0.6509815E+02  0.2604192E+01  0.7436840E+01  Si
  0.1164015E+01  0.8861396E+00  0.6173059E+01  Si
  0.4247346E+01  0.4109461E+01  0.6212360E+01  Si
  0.4234530E+01  0.1061675E+01  0.8912671E+01  Si
  0.1378167E+01  0.3836407E+01  0.8951289E+01  Si
  0.5278545E+01  0.3404491E-02  0.4844494E+01  Si
  0.8025772E+01  0.2286583E+01  0.4789342E+01  Si
  0.8177372E+01  0.2171021E+02  0.7734175E+01  Si
  0.5512043E+01  0.2625195E+01  0.7578517E+01  Si
  0.6659712E+01  0.1204045E+01  0.6196567E+01  Si
  0.9279560E+01  0.3582727E+01  0.6393861E+01  Si
  0.9677710E+01  0.1219277E+01  0.9063723E+01  Si
  0.6803099E+01  0.4125866E+01  0.8801030E+01  Si
  0.1070646E+02  0.9482826E-01  0.4835861E+01  Si
  0.1377582E+02  0.2543234E+01  0.4939251E+01  Si
  0.1350627E+02  0.2152938E+02  0.7417287E+01  Si
  0.1096563E+02  0.2607976E+01  0.7540594E+01  Si
  0.1225444E+02  0.1259537E+01  0.6158703E+01  Si
  0.1512104E+02  0.3789451E+01  0.6316223E+01  Si
  0.1456387E+02  0.1362712E+01  0.8936931E+01  Si
  0.1228426E+02  0.4186749E+01  0.8853877E+01  Si
  0.1650430E+02  0.1373838E-01  0.4614019E+01  Si
  0.1916870E+02  0.2197738E+01  0.4935350E+01  Si
  0.1905280E+02  0.2123788E+02  0.7538737E+01  Si
  0.1625407E+02  0.2250427E+01  0.7686748E+01  Si
  0.1773106E+02  0.1108639E+01  0.6211372E+01  Si
  0.2322687E+02  0.2040897E+02  0.1448849E+02  Si
  0.2977589E+02  0.3354736E+01  0.8710641E+01  Si
  0.1726684E+02  0.3681788E+01  0.9151916E+01  Si
  0.6475440E+02  0.5210519E+01  0.4855685E+01  Si
  0.2562478E+01  0.7619879E+01  0.4778128E+01  Si
  0.2645636E+01  0.5445789E+01  0.7480181E+01  Si
  0.6512478E+02  0.8075423E+01  0.7670856E+01  Si
  0.1046138E+01  0.6474425E+01  0.6154130E+01  Si
  0.3962463E+01  0.8953347E+01  0.6173765E+01  Si
  0.4033730E+01  0.6695038E+01  0.8881901E+01  Si
  0.1374941E+01  0.9420379E+01  0.8794479E+01  Si
  0.5681309E+01  0.5399991E+01  0.4881731E+01  Si
  0.8230109E+01  0.8091593E+01  0.4940766E+01  Si
  0.8174263E+01  0.5398345E+01  0.7478299E+01  Si
  0.5397225E+01  0.7918715E+01  0.7418930E+01  Si
  0.6773632E+01  0.6801323E+01  0.6210666E+01  Si
  0.9626053E+01  0.9232791E+01  0.6399991E+01  Si
  0.9566270E+01  0.6665865E+01  0.8806322E+01  Si
  0.6676547E+01  0.9356228E+01  0.8727050E+01  Si
  0.1074589E+02  0.5195664E+01  0.5193042E+01  Si
  0.1343842E+02  0.8167505E+01  0.5009779E+01  Si
  0.1382834E+02  0.5216927E+01  0.7628809E+01  Si
  0.1102108E+02  0.8013328E+01  0.7796744E+01  Si
  0.1231536E+02  0.6649015E+01  0.6391968E+01  Si
  0.1491534E+02  0.9592060E+01  0.6156298E+01  Si
  0.1502279E+02  0.6623467E+01  0.9165023E+01  Si
  0.1229226E+02  0.9496779E+01  0.8865478E+01  Si
  0.1595950E+02  0.5457362E+01  0.4877960E+01  Si
  0.1868748E+02  0.7865559E+01  0.4817640E+01  Si
  0.2049347E+02  0.3775991E+01  0.6015559E+01  Si
  0.1634514E+02  0.8139262E+01  0.7561185E+01  Si
  0.1762129E+02  0.6693466E+01  0.6348754E+01  Si
  0.2005361E+02  0.6352984E+01  0.3362837E+01  Si
  0.2297653E+02  0.9601174E+01  0.1422782E+02  Si
  0.1767695E+02  0.9295836E+01  0.8729931E+01  Si
  0.5688977E-01  0.1057927E+02  0.4775397E+01  Si
  0.2626327E+01  0.1312190E+02  0.4622024E+01  Si
  0.2811750E+01  0.1062795E+02  0.7297552E+01  Si
  0.4527696E-01  0.1345387E+02  0.7475960E+01  Si
  0.1316433E+01  0.1183903E+02  0.6122849E+01  Si
  0.3944189E+01  0.1462280E+02  0.5957707E+01  Si
  0.4139909E+01  0.1216859E+02  0.8914920E+01  Si
  0.1408706E+01  0.1468487E+02  0.8828764E+01  Si
  0.5391301E+01  0.1049761E+02  0.4921982E+01  Si
  0.8144656E+01  0.1337307E+02  0.4749547E+01  Si
  0.8110700E+01  0.1069109E+02  0.7576261E+01  Si
  0.5297261E+01  0.1347874E+02  0.7522408E+01  Si
  0.6725763E+01  0.1198289E+02  0.6112535E+01  Si
  0.9462616E+01  0.1468841E+02  0.6340150E+01  Si
  0.9558614E+01  0.1181531E+02  0.8830544E+01  Si
  0.6712300E+01  0.1495218E+02  0.8732687E+01  Si
  0.1078972E+02  0.1057229E+02  0.4873316E+01  Si
  0.1341971E+02  0.1347568E+02  0.5210165E+01  Si
  0.1347961E+02  0.1084383E+02  0.7574178E+01  Si
  0.1083267E+02  0.1338585E+02  0.7638404E+01  Si
  0.1204320E+02  0.1198269E+02  0.6421754E+01  Si
  0.1465548E+02  0.1498428E+02  0.6126588E+01  Si
  0.1490803E+02  0.1238874E+02  0.8860552E+01  Si
  0.1211638E+02  0.1476727E+02  0.8903471E+01  Si
  0.1617937E+02  0.1102561E+02  0.4623906E+01  Si
  0.1907911E+02  0.1095772E+02  0.2309286E+01  Si
  0.1921930E+02  0.1080577E+02  0.7706755E+01  Si
  0.1625396E+02  0.1363033E+02  0.7592830E+01  Si
  0.1754416E+02  0.1211515E+02  0.6323360E+01  Si
  0.2317800E+02  0.1706523E+02  0.7289177E+00  Si
  0.2567429E+02  0.6167813E+01  0.3622459E+01  Si
  0.1787523E+02  0.1472252E+02  0.8928619E+01  Si
  0.6514625E+02  0.1592531E+02  0.4627765E+01  Si
  0.2739918E+01  0.1873922E+02  0.4774518E+01  Si
  0.2619571E+01  0.1598737E+02  0.7270715E+01  Si
  0.6844546E-01  0.1872746E+02  0.7278039E+01  Si
  0.1328575E+01  0.1742157E+02  0.5875940E+01  Si
  0.4157653E+01  0.2027026E+02  0.6099667E+01  Si
  0.3952455E+01  0.1737261E+02  0.8637605E+01  Si
  0.1554425E+01  0.2001050E+02  0.8803044E+01  Si
  0.5523796E+01  0.1583565E+02  0.4657699E+01  Si
  0.8109540E+01  0.1882340E+02  0.4815498E+01  Si
  0.8442687E+01  0.1624699E+02  0.7562049E+01  Si
  0.5551513E+01  0.1882340E+02  0.7374367E+01  Si
  0.6935040E+01  0.1719887E+02  0.6054444E+01  Si
  0.9322515E+01  0.2024015E+02  0.6170928E+01  Si
  0.9524998E+01  0.1761083E+02  0.9280536E+01  Si
  0.7148860E+01  0.1998576E+02  0.8866399E+01  Si
  0.1052561E+02  0.1621488E+02  0.4802861E+01  Si
  0.1364488E+02  0.1929233E+02  0.4572831E+01  Si
  0.1326181E+02  0.1631189E+02  0.7344159E+01  Si
  0.1069930E+02  0.1909488E+02  0.7690203E+01  Si
  0.1190293E+02  0.1784681E+02  0.6049847E+01  Si
  0.1513843E+02  0.2040177E+02  0.5915556E+01  Si
  0.1486560E+02  0.1746466E+02  0.8724329E+01  Si
  0.1249622E+02  0.2017501E+02  0.9081835E+01  Si
  0.1619143E+02  0.1624070E+02  0.4960934E+01  Si
  0.2689570E+02  0.1835506E+02  0.9272998E+01  Si
  0.1895559E+02  0.1630089E+02  0.7462537E+01  Si
  0.1612824E+02  0.1899393E+02  0.7294924E+01  Si
  0.1770081E+02  0.1773755E+02  0.6137747E+01  Si
  0.2455676E+02  0.4795021E+01  0.2137497E+01  Si
  0.2339783E+02  0.2004306E+02  0.9008472E+01  Si
  0.1731556E+02  0.2009852E+02  0.8990502E+01  Si
  0.5035085E-01  0.2149426E+02  0.1008634E+02  Si
  0.2848339E+01  0.2445731E+01  0.1011510E+02  Si
  0.2364439E+01  0.2128810E+02  0.1300137E+02  Si
  0.7125353E-01  0.2604749E+01  0.1304620E+02  Si
  0.1176876E+01  0.1140073E+01  0.1157883E+02  Si
  0.4244113E+01  0.4034339E+01  0.1145132E+02  Si
  0.3726348E+01  0.1194272E+01  0.1409294E+02  Si
  0.1241578E+01  0.4010012E+01  0.1453233E+02  Si
  0.5612046E+01  0.2148123E+02  0.9938502E+01  Si
  0.8164216E+01  0.2732937E+01  0.1022909E+02  Si
  0.8071568E+01  0.2171044E+02  0.1311765E+02  Si
  0.5264221E+01  0.2372213E+01  0.1285215E+02  Si
  0.6772071E+01  0.1296743E+01  0.1148901E+02  Si
  0.9456872E+01  0.3824342E+01  0.1180646E+02  Si
  0.9414380E+01  0.1166043E+01  0.1459297E+02  Si
  0.6517710E+01  0.3736409E+01  0.1424661E+02  Si
  0.1114362E+02  0.2155616E+02  0.1043060E+02  Si
  0.1352996E+02  0.2809229E+01  0.1047224E+02  Si
  0.1359631E+02  0.2141074E+02  0.1334237E+02  Si
  0.1089329E+02  0.2439698E+01  0.1300322E+02  Si
  0.1227824E+02  0.1055307E+01  0.1200308E+02  Si
  0.1489552E+02  0.4139452E+01  0.1211027E+02  Si
  0.1503301E+02  0.1041413E+01  0.1459089E+02  Si
  0.1220358E+02  0.3640287E+01  0.1451488E+02  Si
  0.1619585E+02  0.1619335E-01  0.1006149E+02  Si
  0.2021934E+02  0.1113775E+01  0.8937536E+01  Si
  0.2808256E+02  0.2110895E+01  0.1747078E+02  Si
  0.1655154E+02  0.2378670E+01  0.1322179E+02  Si
  0.1751804E+02  0.1010054E+01  0.1178369E+02  Si
  0.1889233E+02  0.2507308E+01  0.1036493E+02  Si
  0.2021394E+02  0.3959658E+01  0.1172955E+02  Si
  0.1773644E+02  0.4058076E+01  0.1440839E+02  Si
  0.6512124E+02  0.4973457E+01  0.1008483E+02  Si
  0.2718449E+01  0.8058245E+01  0.1036067E+02  Si
  0.2537524E+01  0.5068524E+01  0.1277090E+02  Si
  0.1434062E-01  0.7798548E+01  0.1269672E+02  Si
  0.1277538E+01  0.6459910E+01  0.1137393E+02  Si
  0.4308150E+01  0.9165124E+01  0.1174178E+02  Si
  0.3807187E+01  0.6360278E+01  0.1426385E+02  Si
  0.1296881E+01  0.9141403E+01  0.1405389E+02  Si
  0.5601664E+01  0.5605728E+01  0.1033435E+02  Si
  0.8142426E+01  0.7970304E+01  0.1030729E+02  Si
  0.8068570E+01  0.5193514E+01  0.1329054E+02  Si
  0.5429211E+01  0.7710452E+01  0.1352035E+02  Si
  0.6988750E+01  0.6685109E+01  0.1204484E+02  Si
  0.9568735E+01  0.9224986E+01  0.1175039E+02  Si
  0.9659493E+01  0.6621081E+01  0.1435787E+02  Si
  0.6662003E+01  0.9409212E+01  0.1436198E+02  Si
  0.1081241E+02  0.5328176E+01  0.1020340E+02  Si
  0.1350671E+02  0.8081681E+01  0.1021018E+02  Si
  0.1336788E+02  0.5503707E+01  0.1311463E+02  Si
  0.1095262E+02  0.8084235E+01  0.1303249E+02  Si
  0.1214846E+02  0.6838451E+01  0.1149519E+02  Si
  0.1507602E+02  0.9346857E+01  0.1158216E+02  Si
  0.1462397E+02  0.7100962E+01  0.1433312E+02  Si
  0.1211871E+02  0.9455631E+01  0.1436604E+02  Si
  0.1621165E+02  0.5346159E+01  0.1082505E+02  Si
  0.1909055E+02  0.7966893E+01  0.1002948E+02  Si
  0.1888623E+02  0.5350713E+01  0.1292033E+02  Si
  0.1653463E+02  0.8119093E+01  0.1320504E+02  Si
  0.1767223E+02  0.6932693E+01  0.1180374E+02  Si
  0.3309292E+02  0.6874923E+01  0.1229562E+02  Si
  0.2045989E+02  0.6582288E+01  0.1453367E+02  Si
  0.1771046E+02  0.9497049E+01  0.1455103E+02  Si
  0.2307207E-01  0.1073669E+02  0.1010705E+02  Si
  0.2702415E+01  0.1360534E+02  0.1036991E+02  Si
  0.2753457E+01  0.1067320E+02  0.1284039E+02  Si
  0.6479272E+02  0.1324199E+02  0.1289513E+02  Si
  0.1228153E+01  0.1216531E+02  0.1157101E+02  Si
  0.4172758E+01  0.1491249E+02  0.1171808E+02  Si
  0.4005542E+01  0.1199729E+02  0.1425007E+02  Si
  0.1056619E+01  0.1481663E+02  0.1440444E+02  Si
  0.5377389E+01  0.1055389E+02  0.1019709E+02  Si
  0.7938584E+01  0.1327329E+02  0.9896580E+01  Si
  0.7926919E+01  0.1063460E+02  0.1268775E+02  Si
  0.5532159E+01  0.1354477E+02  0.1318953E+02  Si
  0.6549028E+01  0.1212452E+02  0.1163829E+02  Si
  0.9260322E+01  0.1474936E+02  0.1146841E+02  Si
  0.9234538E+01  0.1176373E+02  0.1416979E+02  Si
  0.6660776E+01  0.1505082E+02  0.1471145E+02  Si
  0.1106230E+02  0.1060693E+02  0.1028189E+02  Si
  0.1371153E+02  0.1364458E+02  0.1038657E+02  Si
  0.1359524E+02  0.1077899E+02  0.1310341E+02  Si
  0.1050236E+02  0.1342002E+02  0.1303159E+02  Si
  0.1231341E+02  0.1218225E+02  0.1165991E+02  Si
  0.1501279E+02  0.1486359E+02  0.1186252E+02  Si
  0.1477521E+02  0.1218344E+02  0.1459355E+02  Si
  0.1201099E+02  0.1443301E+02  0.1430544E+02  Si
  0.1632665E+02  0.1082833E+02  0.1024834E+02  Si
  0.2572111E+02  0.6254353E+01  0.1476952E+02  Si
  0.3046313E+02  0.9577684E+00  0.5624447E+01  Si
  0.1626653E+02  0.1322842E+02  0.1305134E+02  Si
  0.1776228E+02  0.1208052E+02  0.1167592E+02  Si
  0.2054024E+02  0.2062409E+02  0.1150256E+02  Si
  0.1908434E+02  0.1637770E+02  0.1325635E+02  Si
  0.1780185E+02  0.1494213E+02  0.1457447E+02  Si
  0.6515184E+02  0.1620188E+02  0.1031522E+02  Si
  0.2585674E+01  0.1868235E+02  0.1030744E+02  Si
  0.2734317E+01  0.1590638E+02  0.1311690E+02  Si
  0.6500266E+02  0.1884893E+02  0.1319295E+02  Si
  0.1283000E+01  0.1742597E+02  0.1196170E+02  Si
  0.4012969E+01  0.2034599E+02  0.1138501E+02  Si
  0.3961075E+01  0.1751565E+02  0.1420550E+02  Si
  0.1061478E+01  0.2021102E+02  0.1459070E+02  Si
  0.5470673E+01  0.1629695E+02  0.1021163E+02  Si
  0.8349090E+01  0.1890556E+02  0.1065466E+02  Si
  0.7786356E+01  0.1597272E+02  0.1292096E+02  Si
  0.5327625E+01  0.1899858E+02  0.1294448E+02  Si
  0.6746625E+01  0.1750348E+02  0.1163105E+02  Si
  0.9737683E+01  0.2044885E+02  0.1181509E+02  Si
  0.9110880E+01  0.1748195E+02  0.1429927E+02  Si
  0.6757512E+01  0.2038427E+02  0.1418524E+02  Si
  0.1103757E+02  0.1636194E+02  0.1040402E+02  Si
  0.1393723E+02  0.1885093E+02  0.1068576E+02  Si
  0.1357360E+02  0.1603012E+02  0.1337301E+02  Si
  0.1084283E+02  0.1892565E+02  0.1320061E+02  Si
  0.1241177E+02  0.1760136E+02  0.1186105E+02  Si
  0.1529382E+02  0.2055023E+02  0.1215989E+02  Si
  0.1519940E+02  0.1740213E+02  0.1476677E+02  Si
  0.1206357E+02  0.2027302E+02  0.1468980E+02  Si
  0.1637144E+02  0.1621601E+02  0.1025530E+02  Si
  0.1885078E+02  0.1896641E+02  0.1049138E+02  Si
  0.2184493E+02  0.1372094E+02  0.1273568E+02  Si
  0.1641544E+02  0.1872070E+02  0.1307743E+02  Si
  0.1775517E+02  0.1758133E+02  0.1179350E+02  Si
  0.2174400E+02  0.1635176E+02  0.1618350E+02  Si
  0.2032032E+02  0.1466016E+02  0.1720425E+02  Si
  0.1783598E+02  0.1992883E+02  0.1459073E+02  Si
  0.1296474E+00  0.2164736E+02  0.1581543E+02  Si
  0.2860986E+01  0.2648799E+01  0.1565335E+02  Si
  0.2581270E+01  0.2595463E-02  0.1836838E+02  Si
  0.6504130E+02  0.2559659E+01  0.1832956E+02  Si
  0.1329003E+01  0.1270755E+01  0.1708965E+02  Si
  0.3979284E+01  0.3985747E+01  0.1717128E+02  Si
  0.4377628E+01  0.1271135E+01  0.1965565E+02  Si
  0.1181884E+01  0.3781465E+01  0.1982716E+02  Si
  0.5171064E+01  0.2163240E+02  0.1551918E+02  Si
  0.8124329E+01  0.2809819E+01  0.1565359E+02  Si
  0.8014178E+01  0.2154473E+02  0.1833611E+02  Si
  0.5586217E+01  0.2761665E+01  0.1841788E+02  Si
  0.6660987E+01  0.1315326E+01  0.1697503E+02  Si
  0.9346104E+01  0.3880502E+01  0.1711427E+02  Si
  0.9503204E+01  0.1140278E+01  0.1985042E+02  Si
  0.6786858E+01  0.3874679E+01  0.1964998E+02  Si
  0.1088670E+02  0.2165895E+02  0.1591074E+02  Si
  0.1370417E+02  0.2449090E+01  0.1569895E+02  Si
  0.1364743E+02  0.4338740E-01  0.1871340E+02  Si
  0.1083248E+02  0.2710552E+01  0.1855650E+02  Si
  0.1225661E+02  0.1304937E+01  0.1721708E+02  Si
  0.1500912E+02  0.3935492E+01  0.1716182E+02  Si
  0.1524726E+02  0.1281282E+01  0.2001400E+02  Si
  0.1212529E+02  0.3854711E+01  0.2002790E+02  Si
  0.1637435E+02  0.2128836E+02  0.1589094E+02  Si
  0.1903924E+02  0.2652346E+01  0.1589538E+02  Si
  0.1913387E+02  0.2139706E+02  0.1848264E+02  Si
  0.1655248E+02  0.2630854E+01  0.1874893E+02  Si
  0.1786856E+02  0.1192473E+01  0.1713626E+02  Si
  0.2022890E+02  0.3793315E+01  0.1735847E+02  Si
  0.2200294E+02  0.2576288E+01  0.1862918E+02  Si
  0.1767892E+02  0.3940621E+01  0.2003540E+02  Si
  0.6501364E+02  0.5224200E+01  0.1557248E+02  Si
  0.2420803E+01  0.7892390E+01  0.1561329E+02  Si
  0.2642340E+01  0.5096240E+01  0.1846609E+02  Si
  0.6501875E+02  0.7865057E+01  0.1854769E+02  Si
  0.1276308E+01  0.6539142E+01  0.1713286E+02  Si
  0.4088798E+01  0.9273202E+01  0.1692524E+02  Si
  0.4211497E+01  0.6562371E+01  0.1983002E+02  Si
  0.1327466E+01  0.9250715E+01  0.1964292E+02  Si
  0.5252242E+01  0.5243886E+01  0.1572484E+02  Si
  0.8180992E+01  0.8214385E+01  0.1585421E+02  Si
  0.8026770E+01  0.5421220E+01  0.1826922E+02  Si
  0.5483787E+01  0.7930286E+01  0.1847604E+02  Si
  0.6832952E+01  0.6781935E+01  0.1680811E+02  Si
  0.9628880E+01  0.9603073E+01  0.1715948E+02  Si
  0.9505141E+01  0.6489855E+01  0.1971235E+02  Si
  0.6758433E+01  0.9332377E+01  0.1971139E+02  Si
  0.1079579E+02  0.5357872E+01  0.1582917E+02  Si
  0.1346443E+02  0.8230010E+01  0.1571651E+02  Si
  0.1350902E+02  0.5079207E+01  0.1856751E+02  Si
  0.1082350E+02  0.8014328E+01  0.1842510E+02  Si
  0.1218440E+02  0.6584316E+01  0.1730745E+02  Si
  0.1469894E+02  0.9336403E+01  0.1720949E+02  Si
  0.1487917E+02  0.6341693E+01  0.1982869E+02  Si
  0.1222187E+02  0.9454042E+01  0.1968541E+02  Si
  0.1603581E+02  0.5310556E+01  0.1530145E+02  Si
  0.1923347E+02  0.7960935E+01  0.1587073E+02  Si
  0.1896904E+02  0.5393220E+01  0.1865052E+02  Si
  0.1615116E+02  0.7742513E+01  0.1822125E+02  Si
  0.1765945E+02  0.6535060E+01  0.1694231E+02  Si
  0.2558368E+02  0.2220419E+01  0.1408902E+02  Si
  0.2062962E+02  0.6905444E+01  0.1970500E+02  Si
  0.1741931E+02  0.9443221E+01  0.1981023E+02  Si
  0.6505041E+02  0.1045212E+02  0.1562162E+02  Si
  0.2621098E+01  0.1332549E+02  0.1563176E+02  Si
  0.2586339E+01  0.1060166E+02  0.1829775E+02  Si
  0.6489886E+02  0.1313938E+02  0.1837894E+02  Si
  0.1286374E+01  0.1187557E+02  0.1689931E+02  Si
  0.3972020E+01  0.1472677E+02  0.1690192E+02  Si
  0.3658551E+01  0.1196802E+02  0.1975368E+02  Si
  0.1102058E+01  0.1434572E+02  0.1968445E+02  Si
  0.5301831E+01  0.1057550E+02  0.1551233E+02  Si
  0.8051805E+01  0.1328900E+02  0.1562871E+02  Si
  0.8058496E+01  0.1085152E+02  0.1830798E+02  Si
  0.5151243E+01  0.1322364E+02  0.1845864E+02  Si
  0.6560542E+01  0.1204054E+02  0.1696006E+02  Si
  0.9434099E+01  0.1480739E+02  0.1675905E+02  Si
  0.9520617E+01  0.1203528E+02  0.1965646E+02  Si
  0.6693719E+01  0.1475567E+02  0.1973609E+02  Si
  0.1094033E+02  0.1095669E+02  0.1575197E+02  Si
  0.1354980E+02  0.1383400E+02  0.1591367E+02  Si
  0.1352644E+02  0.1079809E+02  0.1833058E+02  Si
  0.1073684E+02  0.1331211E+02  0.1826789E+02  Si
  0.1225074E+02  0.1219991E+02  0.1721318E+02  Si
  0.1503144E+02  0.1460257E+02  0.1736666E+02  Si
  0.1477517E+02  0.1206646E+02  0.1993848E+02  Si
  0.1184914E+02  0.1459151E+02  0.1992066E+02  Si
  0.1618275E+02  0.1065848E+02  0.1593060E+02  Si
  0.1897541E+02  0.1329558E+02  0.1588855E+02  Si
  0.1845725E+02  0.1079146E+02  0.1853574E+02  Si
  0.1617589E+02  0.1335705E+02  0.1888155E+02  Si
  0.1730366E+02  0.1226114E+02  0.1733036E+02  Si
  0.2051180E+02  0.1766179E+02  0.1447576E+02  Si
  0.2857103E+02  0.1504102E+01  0.1982775E+02  Si
  0.1770753E+02  0.1447985E+02  0.2026452E+02  Si
  0.6513149E+02  0.1601322E+02  0.1583608E+02  Si
  0.2504087E+01  0.1887963E+02  0.1584802E+02  Si
  0.2526459E+01  0.1578305E+02  0.1842241E+02  Si
  0.3206172E-01  0.1875473E+02  0.1851181E+02  Si
  0.1323911E+01  0.1735209E+02  0.1708891E+02  Si
  0.3867895E+01  0.2012172E+02  0.1723622E+02  Si
  0.3909108E+01  0.1719394E+02  0.1978429E+02  Si
  0.1319577E+01  0.2038847E+02  0.1991892E+02  Si
  0.5131143E+01  0.1638639E+02  0.1570430E+02  Si
  0.7809398E+01  0.1887567E+02  0.1563973E+02  Si
  0.7984104E+01  0.1615701E+02  0.1835578E+02  Si
  0.5229990E+01  0.1876804E+02  0.1846645E+02  Si
  0.6627417E+01  0.1753955E+02  0.1714607E+02  Si
  0.9381783E+01  0.2009655E+02  0.1708083E+02  Si
  0.9469074E+01  0.1754563E+02  0.1994660E+02  Si
  0.6687120E+01  0.2014474E+02  0.1986965E+02  Si
  0.1093355E+02  0.1627294E+02  0.1529290E+02  Si
  0.1365071E+02  0.1903227E+02  0.1589311E+02  Si
  0.1347339E+02  0.1603668E+02  0.1864976E+02  Si
  0.1095906E+02  0.1872622E+02  0.1856610E+02  Si
  0.1233775E+02  0.1729524E+02  0.1710827E+02  Si
  0.1493209E+02  0.2031294E+02  0.1754014E+02  Si
  0.1514649E+02  0.1730460E+02  0.1992351E+02  Si
  0.1236176E+02  0.2017579E+02  0.1997243E+02  Si
  0.1657374E+02  0.1585133E+02  0.1610815E+02  Si
  0.1882841E+02  0.1840157E+02  0.1567627E+02  Si
  0.1909693E+02  0.1588142E+02  0.1879211E+02  Si
  0.1644012E+02  0.1905801E+02  0.1867178E+02  Si
  0.1776854E+02  0.1736439E+02  0.1747141E+02  Si
  0.2305966E+02  0.9084863E+00  0.1711560E+02  Si
  0.2173990E+02  0.1585661E+02  0.2137808E+02  Si
  0.1780492E+02  0.2029860E+02  0.2011960E+02  Si
  0.2597942E+02  0.1793561E+02  0.1599846E+02  Si
  0.2575745E+02  0.9233640E+01  0.7512242E+01  Si
  0.2725010E+02  0.6955617E+01  0.1078601E+01  Si
  0.2173816E+02  0.2668420E+01  0.1316340E+02  Si
  0.3286263E+02  0.8069645E+00  0.8972163E+01  Si
  0.2544884E+02  0.1160916E+02  0.5582505E+01  Si
  0.3358006E+02  0.1134093E+02  0.1078030E+02  Si
  0.1904371E+02  0.2153930E+02  0.1317116E+02  Si
  0.2542002E+02  0.1660620E+02  0.9982985E+01  Si
  0.3826637E+02  0.1284533E+02  0.1341221E+02  Si
  0.2997859E+02  0.1787445E+02  0.7755920E+01  Si
  0.4377600E+02  0.2572538E+01  0.1878485E+02  Si
  0.3034695E+02  0.1751942E+02  0.1086715E+02  Si
  0.3601699E+02  0.6794099E+01  0.5240867E+01  Si
  0.3857540E+02  0.1579101E+02  0.1602670E+02  Si
  0.3974732E+02  0.2047063E+02  0.3378673E+01  Si
  0.2038587E+02  0.1435280E+02  0.1022806E+01  Si
  0.2438597E+02  0.1656360E+02  0.1964386E+02  Si
  0.2390971E+02  0.3448408E+01  0.6891288E+01  Si
  0.3954846E+02  0.7121138E+01  0.1161138E+02  Si
  0.3523988E+02  0.1962475E+02  0.1019485E+02  Si
  0.3794661E+02  0.2058039E+02  0.1547823E+02  Si
  0.4083079E+02  0.5270915E+01  0.1840309E+02  Si
  0.3512500E+02  0.1027554E+02  0.1408631E+02  Si
  0.2940490E+02  0.1317739E+02  0.2168819E+02  Si
  0.4206877E+02  0.1213083E+02  0.3537613E+01  Si
  0.3242113E+02  0.1381156E+02  0.1829676E+02  Si
  0.3467774E+02  0.1986509E+02  0.1747964E+01  Si
  0.4043310E+02  0.8035004E+01  0.4975120E+01  Si
  0.2346241E+02  0.1548288E+02  0.1292226E+02  Si
  0.2963027E+02  0.6564800E+01  0.2048542E+02  Si
  0.4189674E+02  0.6631520E+01  0.3802603E+01  Si
  0.2423355E+02  0.5202193E+00  0.1313380E+02  Si
  0.2529792E+02  0.1402711E+02  0.2159326E+02  Si
  0.2887008E+02  0.1368182E+02  0.1943644E+02  Si
  0.2746682E+02  0.7456509E+01  0.2016251E+02  Si
  0.2774313E+02  0.3924822E+01  0.1136739E+02  Si
  0.2284814E+02  0.1748800E+02  0.1176358E+02  Si
  0.2620368E+02  0.1995673E+02  0.1469672E+02  Si
  0.3271393E+02  0.2070880E+02  0.5415506E+00  Si
  0.2306775E+02  0.1745958E+02  0.1776701E+02  Si
  0.2714832E+02  0.1211379E+02  0.2248015E+01  Si
  0.2999127E+02  0.1962774E+02  0.3927717E+01  Si
  0.2744473E+02  0.1423877E+02  0.9715076E+00  Si
  0.3511317E+02  0.1529529E+02  0.8745271E+01  Si
  0.3663613E+02  0.1184132E+02  0.1519655E+02  Si
  0.3951201E+02  0.1492453E+02  0.2003105E+02  Si
  0.2030910E+02  0.1782381E+02  0.9008268E+01  Si
  0.3883510E+02  0.2689527E+01  0.1570813E+02  Si
  0.3321322E+02  0.1837535E+02  0.5442784E+01  Si
  0.3578741E+02  0.1691354E+02  0.1045535E+02  Si
  0.4098999E+02  0.2716669E+01  0.2135726E+02  Si
  0.2591336E+02  0.4000152E+00  0.5545022E+01  Si
  0.3120960E+02  0.6592632E+01  0.1539612E+02  Si
  0.3445372E+02  0.9862333E+01  0.3164655E+01  Si
  0.3064972E+02  0.1193593E+02  0.1040812E+02  Si
  0.3321124E+02  0.1206366E+01  0.1906969E+02  Si
  0.3647347E+02  0.1967533E+02  0.2302759E+00  Si
  0.2819918E+02  0.1664811E+02  0.8118047E+00  Si
  0.4221741E+02  0.4312106E+01  0.1045581E+01  Si
  0.2276734E+02  0.1376786E+02  0.3985793E+01  Si
  0.2668605E+02  0.1701697E+02  0.2851111E+01  Si
  0.4084700E+02  0.8273377E+01  0.9985192E+01  Si
  0.2449819E+02  0.1019976E+02  0.3147230E+01  Si
  0.2274235E+02  0.8672243E+01  0.3854120E+01  Si
  0.2289652E+02  0.1658154E+01  0.4387243E+00  Si
  0.3197002E+02  0.2005307E+02  0.1195193E+02  Si
  0.3050187E+02  0.1362935E+02  0.8765062E+01  Si
  0.2292036E+02  0.1301359E+02  0.1627268E+02  Si
  0.2497749E+02  0.1211377E+02  0.9424042E+01  Si
  0.3002796E+02  0.4137399E+01  0.1084635E+02  Si
  0.2172526E+02  0.1814789E+02  0.2319611E+01  Si
  0.2144799E+02  0.7751238E+01  0.7846422E+01  Si
  0.3107425E+02  0.6462740E+01  0.1851638E+02  Si
  0.2546544E+02  0.1470983E+02  0.1789281E+02  Si
  0.2274137E+02  0.8487163E+01  0.9612975E+01  Si
  0.4071121E+02  0.1308995E+02  0.1613642E+02  Si
  0.2149297E+02  0.1874365E+02  0.1868885E+02  Si
  0.3424427E+02  0.9008209E+01  0.2030489E+02  Si
  0.2988449E+02  0.2030764E+02  0.2110749E+02  Si
  0.2046066E+02  0.1206689E+02  0.9117619E+01  Si
  0.2730512E+02  0.1128390E+02  0.7108607E+01  Si
  0.3412708E+02  0.9685592E+01  0.1807384E+02  Si
  0.3299355E+02  0.5146375E+01  0.1882467E+02  Si
  0.2154539E+02  0.2676775E+01  0.2167778E+01  Si
  0.2500463E+02  0.1571578E+02  0.1630519E+01  Si
  0.3175403E+02  0.1034741E+02  0.1221483E+02  Si
  0.2955071E+02  0.7444181E+01  0.4873681E+01  Si
  0.3375752E+02  0.2043984E+02  0.1859126E+02  Si
  0.3608828E+02  0.2979881E+01  0.5457791E+00  Si
  0.3744019E+02  0.7826654E+01  0.1799710E+01  Si
  0.3823008E+02  0.9895120E+01  0.1085930E+02  Si
  0.2966581E+02  0.1535581E+02  0.1385358E+02  Si
  0.4205031E+02  0.1776186E+02  0.1980361E+02  Si
  0.3172632E+02  0.1392909E+02  0.3153571E+00  Si
  0.3832126E+02  0.1635069E+02  0.4733163E+01  Si
  0.2921225E+02  0.8036463E+01  0.1503128E+02  Si
  0.3849543E+02  0.6743384E+00  0.1700178E+02  Si
  0.2485603E+02  0.9828861E+01  0.1044384E+02  Si
  0.2939565E+02  0.1237909E+02  0.3233136E+01  Si
  0.3347634E+02  0.1576016E+02  0.2711217E+01  Si
  0.2845431E+02  0.2075918E+02  0.2547730E+01  Si
  0.3570871E+02  0.9338642E+01  0.8540477E+01  Si
  0.3223423E+02  0.8397551E+01  0.1063017E+02  Si
  0.3045983E+02  0.1672912E+02  0.1564643E+02  Si
  0.3973258E+02  0.1989381E+02  0.1449877E+02  Si
  0.2294005E+02  0.2012551E+02  0.1994186E+02  Si
  0.2510723E+02  0.1863124E+02  0.4109615E+01  Si
  0.3253510E+02  0.8691505E+01  0.2178515E+01  Si
  0.3316492E+02  0.1097056E+02  0.1510074E+02  Si
  0.3635738E+02  0.3691683E+01  0.2003055E+02  Si
  0.3948855E+02  0.9671425E+01  0.1477235E+02  Si
  0.2954640E+02  0.1014890E+02  0.2991180E+01  Si
  0.4197955E+02  0.1300023E+01  0.3688117E+01  Si
  0.4096877E+02  0.1876443E+02  0.1581017E+02  Si
  0.3075347E+02  0.7632696E+01  0.3391646E+00  Si
  0.3079423E+02  0.1657073E+02  0.1804970E+02  Si
  0.4180945E+02  0.2005653E+02  0.1174751E+02  Si
  0.3534911E+02  0.4401047E+00  0.2428174E+01  Si
  0.2776167E+02  0.8723380E+01  0.4381522E+01  Si
  0.2565442E+02  0.1227662E+02  0.1827372E+02  Si
  0.4093059E+02  0.9821530E+01  0.1905168E+02  Si
  0.4059291E+02  0.1649894E+02  0.2121025E+01  Si
  0.3883253E+02  0.4320496E+01  0.4035478E+01  Si
  0.4082103E+02  0.1625071E+02  0.1868415E+02  Si
  0.3022748E+02  0.1404839E+02  0.1736541E+02  Si
  0.2312088E+02  0.6843801E+01  0.1718738E+02  Si
  0.3939577E+02  0.1182230E+01  0.7939741E+00  Si
  0.3571239E+02  0.1667912E+02  0.8118254E+00  Si
  0.3134868E+02  0.1004602E+02  0.3208488E+00  Si
  0.3266701E+02  0.1338227E+02  0.2511937E+01  Si
  0.3122820E+02  0.5682869E+01  0.1323353E+02  Si
  0.2791166E+02  0.1075815E+01  0.1377026E+02  Si
  0.2027847E+02  0.1995012E+02  0.6015646E+01  Si
  0.1907953E+02  0.1869750E+02  0.4600043E+01  Si
  0.4070364E+02  0.8064400E+01  0.1574064E+02  Si
  0.2674907E+02  0.6263080E-02  0.1790903E+02  Si
  0.2772592E+02  0.7117435E+01  0.1361814E+02  Si
  0.4220155E+02  0.1480284E+02  0.9984277E+00  Si
  0.3056174E+02  0.7344885E+01  0.7374846E+01  Si
  0.3762868E+02  0.1889980E+02  0.1709389E+02  Si
  0.4350747E+02  0.1337999E+02  0.1851295E+02  Si
  0.2339344E+02  0.1456289E+02  0.2020810E+02  Si
  0.3730778E+02  0.6318651E+01  0.1353765E+02  Si
  0.2687016E+02  0.9637452E+01  0.2129909E+02  Si
  0.2974474E+02  0.1800235E+02  0.1988605E+02  Si
  0.3439624E+02  0.7711182E+01  0.1386423E+02  Si
  0.2968089E+02  0.1339436E+02  0.1492841E+02  Si
  0.3706860E+02  0.1701856E+02  0.1497395E+02  Si
  0.2061013E+02  0.8956011E+00  0.1983311E+02  Si
  0.2280838E+02  0.7175395E+01  0.6054460E+01  Si
  0.2999942E+02  0.2280215E+01  0.1446973E+02  Si
  0.3583166E+02  0.1792013E+02  0.2052318E+02  Si
  0.4068546E+02  0.1069310E+02  0.7498984E+01  Si
  0.2702064E+02  0.1680149E+02  0.1404485E+02  Si
  0.3863307E+02  0.1968658E+02  0.1415995E+01  Si
  0.4234473E+02  0.6434603E+01  0.1991371E+02  Si
  0.4090530E+02  0.1300966E+02  0.1036087E+02  Si
  0.4078567E+02  0.5227326E+01  0.7508870E+01  Si
  0.3758121E+02  0.1903135E+02  0.7424158E+01  Si
  0.4082581E+02  0.2162313E+02  0.7654486E+01  Si
  0.2513977E+02  0.9126473E+00  0.5686568E+00  Si
  0.2580575E+02  0.1532764E+02  0.1548859E+02  Si
  0.1906590E+02  0.1334533E+02  0.5106100E+01  Si
  0.2317622E+02  0.1255598E+02  0.2186816E+00  Si
  0.3784455E+02  0.2138556E+02  0.1007393E+02  Si
  0.2043203E+02  0.1129927E+01  0.3571321E+01  Si
  0.3604625E+02  0.6632795E+01  0.2063750E+02  Si
  0.2046604E+02  0.1188492E+02  0.3798200E+01  Si
  0.2164103E+02  0.2137024E+02  0.2149487E+02  Si
  0.2545646E+02  0.4690358E+01  0.1655146E+02  Si
  0.2008182E+02  0.6170867E+01  0.8695479E+01  Si
  0.2922918E+02  0.1979144E+02  0.1170200E+02  Si
  0.2174220E+02  0.1088062E+02  0.1587661E+02  Si
  0.3502546E+02  0.3610726E+01  0.1591062E+02  Si
  0.2536972E+02  0.3567698E+01  0.1209996E+02  Si
  0.3675256E+02  0.5525356E+01  0.1834884E+02  Si
  0.3910583E+02  0.6082696E+01  0.5957869E+01  Si
  0.3533967E+02  0.1594657E+01  0.5800976E+01  Si
  0.4050982E+02  0.1883415E+02  0.1035910E+02  Si
  0.2487356E+02  0.9411675E+01  0.8883524E+00  Si
  0.3007779E+02  0.2103787E+02  0.1648644E+02  Si
  0.2014919E+02  0.9203135E+01  0.6555390E+01  Si
  0.3932803E+02  0.4001874E+01  0.8889114E+01  Si
  0.3534828E+02  0.1846520E+02  0.1607673E+02  Si
  0.3801457E+02  0.1851657E+02  0.1339946E+02  Si
  0.2991647E+02  0.1887219E+02  0.1508241E+02  Si
  0.3385202E+02  0.5258037E+01  0.7894730E+00  Si
  0.2211370E+02  0.1039870E+00  0.1012235E+02  Si
  0.2039588E+02  0.1461300E+02  0.6527857E+01  Si
  0.3654510E+02  0.1767131E+01  0.9382603E+01  Si
  0.2831015E+02  0.8126610E+01  0.1731212E+02  Si
  0.3323706E+02  0.2555909E+01  0.7134010E+01  Si
  0.2654073E+02  0.1332132E+02  0.4339592E+01  Si
  0.2896727E+02  0.2012989E+02  0.8069646E+01  Si
  0.3514683E+02  0.1172025E+02  0.6160217E+01  Si
  0.3328994E+02  0.1765194E+01  0.1123191E+02  Si
  0.3232580E+02  0.2001337E+02  0.7678296E+01  Si
  0.4178540E+02  0.9313509E+01  0.8490707E+00  Si
  0.3204930E+02  0.3755057E+01  0.1458053E+02  Si
  0.2043186E+02  0.1283321E+01  0.1458272E+02  Si
  0.3203320E+02  0.8628801E+01  0.1814170E+02  Si
  0.2916140E+02  0.2019240E+02  0.1872156E+02  Si
  0.2301919E+02  0.1316324E+02  0.9620570E+01  Si
  0.2176404E+02  0.1584880E+02  0.4886851E+01  Si
  0.3307897E+02  0.3100165E+01  0.1569184E+01  Si
  0.4254717E+02  0.2021139E+02  0.3450727E+00  Si
  0.4164383E+02  0.1724702E+02  0.9011111E+01  Si
  0.2492382E+02  0.1055921E+02  0.1385177E+02  Si
  0.2714638E+02  0.5744495E+01  0.1811846E+02  Si
  0.3928160E+02  0.1162863E+02  0.6237925E+01  Si
  0.3354764E+02  0.1116576E+02  0.2108363E+02  Si
  0.3801608E+02  0.1061622E+02  0.1650780E+02  Si
  0.3498337E+02  0.2813247E+01  0.1835544E+02  Si
  0.3804545E+02  0.5344162E+01  0.2098316E+02  Si
  0.2629586E+02  0.8781411E+01  0.1249592E+02  Si
  0.3704258E+02  0.1458179E+02  0.5853482E+01  Si
  0.4204474E+02  0.3949491E+01  0.1161379E+02  Si
  0.3484158E+02  0.3379698E+01  0.4258796E+01  Si
  0.4217036E+02  0.9300050E+01  0.6108482E+01  Si
  0.3549794E+02  0.1824262E+02  0.8432876E+01  Si
  0.4214355E+02  0.9252499E+01  0.1703246E+02  Si
  0.3810680E+02  0.8564133E+01  0.1293661E+02  Si
  0.2730924E+02  0.1174632E+02  0.1998012E+02  Si
  0.3931360E+02  0.1719392E+02  0.1163424E+02  Si
  0.2898947E+02  0.2958075E+01  0.1290977E+00  Si
  0.3654610E+02  0.1271733E+02  0.4377463E+01  Si
  0.2141741E+02  0.2162623E+02  0.1585741E+02  Si
  0.3593118E+02  0.1092122E+02  0.1054218E+02  Si
  0.2403851E+02  0.1097183E+02  0.1722163E+02  Si
  0.3328220E+02  0.1544965E+01  0.3428511E+01  Si
  0.2699476E+02  0.8772210E+01  0.9657695E+01  Si
  0.3393995E+02  0.2073945E+02  0.6235923E+01  Si
  0.2152757E+02  0.1642369E+02  0.1020671E+02  Si
  0.2186315E+02  0.8371031E+01  0.1837993E+02  Si
  0.3042767E+02  0.1446229E+02  0.2377657E+01  Si
  0.4226098E+02  0.6689634E+01  0.8819757E+01  Si
  0.3568113E+02  0.1483081E+02  0.3346570E+01  Si
  0.3579809E+02  0.5433025E+01  0.7305265E+01  Si
  0.3083076E+02  0.9510046E+01  0.5085516E+01  Si
  0.2667372E+02  0.4984265E+01  0.7029247E+01  Si
  0.3194591E+02  0.3128975E+01  0.1767854E+02  Si
  0.3935966E+02  0.9421986E+01  0.8707144E+01  Si
  0.3959084E+02  0.1437951E+02  0.1442672E+02  Si
  0.3125535E+02  0.5875627E+01  0.1616551E+01  Si
  0.2842457E+02  0.1052139E+02  0.8670189E+00  Si
  0.3811591E+02  0.1584320E+02  0.4887807E-02  Si
  0.4072703E+02  0.2034900E+00  0.1805964E+02  Si
  0.2293784E+02  0.4097979E+01  0.1435423E+02  Si
  0.2493050E+02  0.1781690E+01  0.3730780E+01  Si
  0.2310387E+02  0.1715084E+01  0.1139829E+02  Si
  0.3811201E+02  0.1139914E+02  0.2064090E+02  Si
  0.4045945E+02  0.1338157E+02  0.5058412E+01  Si
  0.3797765E+02  0.8112101E+01  0.1829514E+02  Si
  0.4234554E+02  0.9089134E+01  0.1175926E+02  Si
  0.4107820E+02  0.1979348E+01  0.1618691E+02  Si
  0.2964204E+02  0.4214047E+01  0.2227702E+01  Si
  0.3512927E+02  0.2170060E+02  0.9049755E+01  Si
  0.3435232E+02  0.1422673E+02  0.1429991E+02  Si
  0.2011970E+02  0.9121881E+01  0.1168282E+02  Si
  0.2179255E+02  0.1323422E+02  0.1857095E+02  Si
  0.3218307E+02  0.1631284E+02  0.7336794E+00  Si
  0.3346340E+02  0.9158279E+01  0.7564021E+01  Si
  0.3204316E+02  0.1985142E+02  0.1429835E+02  Si
  0.2183600E+02  0.1301583E+02  0.2188793E+01  Si
  0.2948916E+02  0.7729712E+01  0.1060638E+02  Si
  0.3931813E+02  0.1087056E+01  0.6502943E+01  Si
  0.2633404E+02  0.4149372E+01  0.9332820E+01  Si
  0.2358821E+02  0.3737800E+01  0.1024252E+02  Si
  0.3058647E+02  0.3315899E+00  0.1171223E+02  Si
  0.3936149E+02  0.2004094E+02  0.8723335E+01  Si
  0.3017093E+02  0.4192543E+01  0.2015199E+02  Si
  0.4213986E+02  0.2046370E+02  0.6237671E+01  Si
  0.3217501E+02  0.1350091E+02  0.1156587E+02  Si
  0.3065827E+02  0.1315484E+02  0.5239503E+01  Si
  0.3788878E+02  0.1541965E+02  0.1070081E+02  Si
  0.2671252E+02  0.1906423E+02  0.1658710E+01  Si
  0.3397447E+02  0.1225973E+02  0.1315786E+02  Si
  0.3819677E+02  0.5675860E+01  0.1007928E+02  Si
  0.4055299E+02  0.2166409E+02  0.1299063E+02  Si
  0.3840743E+02  0.1331046E+02  0.1895322E+02  Si
  0.3343328E+02  0.1332810E+02  0.2034624E+02  Si
  0.4128185E+02  0.2156622E+02  0.1825515E+01  Si
  0.3031970E+02  0.1652270E+01  0.1675904E+02  Si
  0.2579150E+02  0.1586985E+02  0.1208858E+02  Si
  0.2721366E+02  0.2660648E+01  0.3603509E+01  Si
  0.3208116E+02  0.1957408E+02  0.2024030E+02  Si
  0.3976292E+02  0.1170024E+02  0.1775861E+02  Si
  0.2452539E+02  0.2092636E+02  0.1821583E+02  Si
  0.2895232E+02  0.1733952E+02  0.3752090E+01  Si
  0.3064133E+02  0.3708451E+01  0.5732289E+01  Si
  0.3431232E+02  0.1690321E+02  0.6942176E+01  Si
  0.3408775E+02  0.4247851E+01  0.8859709E+01  Si
  0.2297126E+02  0.3345070E+01  0.2047665E+02  Si
  0.2674904E+02  0.2642460E+01  0.1335958E+01  Si
  0.3344925E+02  0.2167524E+02  0.1519580E+02  Si
  0.2876370E+02  0.1462767E+02  0.1067609E+02  Si
  0.3558637E+02  0.2028591E+02  0.1465298E+02  Si
  0.4037369E+02  0.2665696E+01  0.1046370E+02  Si
  0.3294269E+02  0.1346260E+01  0.2149678E+02  Si
  0.4225746E+02  0.2036552E+02  0.1699233E+02  Si
  0.4087689E+02  0.5738592E+01  0.1269424E+02  Si
  0.3302060E+02  0.7613241E+01  0.1598502E+02  Si
  0.4224019E+02  0.1182004E+02  0.8813413E+01  Si
  0.3943008E+02  0.6699764E+01  0.1713759E+02  Si
  0.2458950E+02  0.8293154E+01  0.1561822E+02  Si
  0.3472115E+02  0.5856837E+01  0.1699693E+02  Si
  0.2649233E+02  0.1310830E+02  0.1622672E+02  Si
  0.2173188E+02  0.2114580E+02  0.4691491E+01  Si
  0.1906438E+02  0.1345122E+02  0.1055777E+02  Si
  0.4192334E+02  0.1774731E+02  0.3459766E+01  Si
  0.4200806E+02  0.1716689E+02  0.1405343E+02  Si
  0.2623783E+02  0.1774338E+02  0.1830138E+02  Si
  0.3551557E+02  0.7841917E+01  0.3062831E+01  Si
  0.3676460E+02  0.3659074E+01  0.2816386E+01  Si
  0.3279361E+02  0.1087850E+01  0.5554777E+01  Si
  0.3429998E+02  0.5553918E+01  0.1097930E+02  Si
  0.4049621E+02  0.1074635E+02  0.2216070E+01  Si
  0.2892585E+02  0.1039363E+02  0.1470978E+02  Si
  0.4044404E+02  0.1569725E+02  0.1283802E+02  Si
  0.2306897E+02  0.1975419E+02  0.3319248E+01  Si
  0.2347162E+02  0.1564689E+02  0.8891030E+01  Si
  0.3027713E+02  0.9701630E+01  0.9769003E+01  Si
  0.2008443E+02  0.3900360E+01  0.6794437E+00  Si
  0.2764576E+02  0.4943493E+01  0.3604526E+01  Si
  0.3382689E+02  0.2079436E+01  0.1436821E+02  Si
  0.2679255E+02  0.1902019E+02  0.7146083E+01  Si
  0.3066976E+02  0.1534705E+02  0.1173755E+02  Si
  0.1860238E+02  0.4672486E+01  0.7475540E+01  Si
  0.3582745E+02  0.1622176E+02  0.1881607E+02  Si
  0.3619732E+02  0.1138144E+02  0.3979387E+00  Si
  0.3620505E+02  0.8931620E+01  0.1704693E+02  Si
  0.3593163E+02  0.7109958E+01  0.1555189E+02  Si
  0.2960916E+02  0.1519598E+02  0.7132919E+01  Si
  0.2477511E+02  0.7133112E+01  0.2165869E+02  Si
  0.2307497E+02  0.1145470E+02  0.1250865E+02  Si
  0.3679963E+02  0.7143579E+01  0.8778334E+01  Si
  0.2748012E+02  0.1440016E+02  0.6886083E+01  Si
  0.3358389E+02  0.1607115E+02  0.1062901E+02  Si
  0.2341702E+02  0.9967119E+01  0.1928189E+02  Si
  0.3666465E+02  0.1368167E+02  0.1181707E+02  Si
  0.3107233E+02  0.9783290E+01  0.7621341E+01  Si
  0.2769800E+02  0.1705515E+02  0.2019362E+02  Si
  0.2840561E+02  0.1282281E+02  0.5770739E+01  Si
  0.2851905E+02  0.1818108E+02  0.5747037E+01  Si
  0.3944975E+02  0.6782147E+01  0.7554903E+00  Si
  0.2286999E+02  0.6762390E+01  0.1166990E+02  Si
  0.4159578E+02  0.1486027E+02  0.6375813E+01  Si
  0.3394145E+02  0.5649446E+01  0.5181401E+01  Si
  0.3620114E+02  0.1542979E+02  0.1338599E+02  Si
  0.2933006E+02  0.1297053E+01  0.3397563E+01  Si
  0.2659020E+02  0.1067996E+02  0.1569980E+02  Si
  0.2504057E+02  0.7361178E+01  0.1049659E+02  Si
  0.3860840E+02  0.2405077E+00  0.4467087E+01  Si
  0.3535907E+02  0.1332479E+02  0.1626817E+02  Si
  0.3531529E+02  0.6387172E+00  0.1693765E-01  Si
  0.2368942E+02  0.1511317E+02  0.1521419E+02  Si
  0.3026191E+02  0.1547945E+02  0.4571515E+01  Si
  0.2717350E+02  0.2039176E+02  0.1049294E+02  Si
  0.2872432E+02  0.5118106E+01  0.5917236E+01  Si
  0.3050303E+02  0.9446056E+01  0.1641513E+02  Si
  0.2973192E+02  0.9182504E+01  0.1864841E+02  Si
  0.2959854E+02  0.1100573E+02  0.2052715E+02  Si
  0.2019849E+02  0.9619996E+01  0.1723869E+02  Si
  0.4069502E+02  0.1890528E+02  0.4991022E+01  Si
  0.3632207E+02  0.2133071E+02  0.6886234E+01  Si
  0.2819742E+02  0.1226073E+01  0.5795983E+01  Si
  0.2270353E+02  0.6128354E+01  0.1066866E+01  Si
  0.3190278E+02  0.1833522E+02  0.9264752E+01  Si
  0.3689813E+02  0.7146649E+00  0.1222773E+02  Si
  0.3351550E+02  0.2170338E+02  0.1282345E+02  Si
  0.3289523E+02  0.1623403E+02  0.1647670E+02  Si
  0.3277090E+02  0.7806073E+01  0.5710462E+01  Si
  0.3031295E+02  0.1753551E+02  0.1743550E+01  Si
  0.3530026E+02  0.1892274E+02  0.3922318E+01  Si
  0.3452447E+02  0.1366995E+02  0.1047593E+02  Si
  0.2425252E+02  0.2684433E+01  0.1591572E+02  Si
  0.3785233E+02  0.1324732E+02  0.2429767E+01  Si
  0.2441309E+02  0.1865449E+02  0.1072604E+02  Si
  0.4043789E+02  0.5508577E+01  0.2428923E+01  Si
  0.3332048E+02  0.6472456E+01  0.2897913E+01  Si
  0.3414782E+02  0.1340685E+02  0.7408467E+01  Si
  0.3650421E+02  0.4960275E+01  0.1163792E+02  Si
  0.4197984E+02  0.1144991E+01  0.9204952E+01  Si
  0.2022399E+02  0.1233908E+02  0.1425066E+02  Si
  0.3190712E+02  0.4534436E+01  0.7677568E+01  Si
  0.2287771E+02  0.1691385E+02  0.6869712E+01  Si
  0.3090339E+02  0.1154717E+02  0.1404543E+02  Si
  0.3248330E+02  0.1612789E+02  0.4684663E+01  Si
  0.3050640E+02  0.1182614E+01  0.9303412E+01  Si
  0.2189753E+02  0.1907474E+02  0.7507243E+01  Si
  0.2469496E+02  0.9014797E+01  0.5245571E+01  Si
  0.4203862E+02  0.3669677E+01  0.6215694E+01  Si
  0.2541571E+02  0.3794166E+01  0.1998624E+02  Si
  0.3820185E+02  0.7912735E+01  0.7071214E+01  Si
  0.3399209E+02  0.1152570E+02  0.1618896E+01  Si
  0.3913043E+02  0.1427095E+02  0.9329800E+01  Si
  0.2227833E+02  0.1112550E+02  0.1020289E+02  Si
  0.2316187E+02  0.1201105E+02  0.5568304E+01  Si
  0.3220381E+02  0.3148077E+01  0.2012450E+02  Si
  0.2515301E+02  0.1187203E+02  0.1354170E+01  Si
  0.3795498E+02  0.1324998E+02  0.7265161E+01  Si
  0.3584959E+02  0.2099749E+02  0.1974438E+02  Si
  0.3101085E+02  0.6246913E+01  0.9702276E+01  Si
  0.3951990E+02  0.1467725E+02  0.3266091E+01  Si
  0.2590123E+02  0.2025320E+02  0.2142693E+02  Si
  0.4037758E+02  0.2636330E+01  0.5044691E+01  Si
  0.2617461E+02  0.9039216E+01  0.1742033E+02  Si
  0.2779703E+02  0.1249507E+02  0.1405889E+02  Si
  0.3074190E+02  0.1996912E+02  0.1455389E+01  Si
  0.3506803E+02  0.1501076E+02  0.2078338E+02  Si
  0.3173290E+02  0.3584204E+01  0.3519667E+01  Si
  0.3337821E+02  0.1854644E+02  0.1104706E+02  Si
  0.4206775E+02  0.1405918E+01  0.1422562E+02  Si
  0.4016908E+02  0.1584578E+02  0.7912114E+01  Si
  0.2515491E+02  0.2295121E+01  0.8601404E+01  Si
  0.2755019E+02  0.2522850E+01  0.8028675E+01  Si
  0.3949004E+02  0.3745228E+01  0.1975003E+02  Si
  0.2169398E+02  0.1037024E+02  0.4947341E+01  Si
  0.2151078E+02  0.5531886E+01  0.4817548E+01  Si
  0.2645766E+02  0.2014554E+02  0.3919177E+01  Si
  0.2160664E+02  0.5185974E+01  0.1029193E+02  Si
  0.3700925E+02  0.1220596E+01  0.1854653E+02  Si
  0.2473327E+02  0.2117614E+02  0.2702406E+01  Si
  0.3722935E+02  0.2002915E+02  0.5214021E+01  Si
  0.2689486E+02  0.1361838E+02  0.9236376E+01  Si
  0.2456040E+02  0.1489682E+02  0.3695037E+01  Si
  0.2171813E+02  0.5247913E+01  0.1597811E+02  Si
  0.2540078E+02  0.2023945E+02  0.1239496E+02  Si
  0.4202005E+02  0.1218909E+02  0.1458231E+02  Si
  0.3877525E+02  0.9259617E+01  0.3513554E+01  Si
  0.3727977E+02  0.4442929E+01  0.1630595E+02  Si
  0.3592522E+02  0.9090679E+01  0.1234048E+02  Si
  0.4217634E+02  0.6565902E+01  0.1444813E+02  Si
  0.3905599E+02  0.2086564E+02  0.2121914E+02  Si
  0.3656235E+02  0.8856967E+01  0.2150532E+02  Si
  0.3793485E+02  0.2900052E+01  0.7635056E+01  Si
  0.2771506E+02  0.2120716E+02  0.2015357E+02  Si
  0.2281218E+02  0.4189405E+00  0.6486544E+01  Si
  0.3556144E+02  0.2668877E+01  0.1123140E+02  Si
  0.3914533E+02  0.5170048E+01  0.1491409E+02  Si
  0.2903977E+02  0.5884944E+01  0.1215155E+02  Si
  0.3885022E+02  0.9250663E+01  0.2042333E+02  Si
  0.2827855E+02  0.6766392E+01  0.7643931E+01  Si
  0.2807836E+02  0.4251744E+00  0.9232509E+01  Si
  0.3180858E+02  0.1255457E+02  0.7161493E+01  Si
  0.3865742E+02  0.1745799E+02  0.1515948E+01  Si
  0.3360682E+02  0.1203517E+02  0.1723514E+02  Si
  0.3669691E+02  0.1701623E+02  0.3068545E+01  Si
  0.3314811E+02  0.1611556E+02  0.1897016E+02  Si
  0.3401472E+02  0.1655351E+02  0.1321224E+02  Si
  0.3613406E+02  0.2002776E+02  0.1240180E+02  Si
  0.2748670E+02  0.1139720E+02  0.9517882E+01  Si
  0.3664710E+02  0.1372580E+02  0.2920199E+00  Si
  0.2659750E+02  0.1665470E+02  0.6468987E+01  Si
  0.3318652E+02  0.1815874E+02  0.1501747E+02  Si
  0.3731751E+02  0.4472744E+01  0.5963645E+01  Si
  0.2175164E+02  0.2494003E+01  0.7604329E+01  Si
  0.2173390E+02  0.1905418E+02  0.1319420E+02  Si
  0.2283186E+02  0.4001438E+01  0.3483926E+01  Si
  0.2470901E+02  0.1648668E+02  0.5303150E+01  Si
  0.3772848E+02  0.9721853E+01  0.5504811E+01  Si
  0.2160185E+02  0.8022035E+01  0.1307773E+02  Si
  0.3924755E+02  0.1214431E+02  0.8895252E+00  Si
  0.4193764E+02  0.1218449E+02  0.1971156E+02  Si
  0.2798872E+02  0.2138791E+02  0.1571766E+02  Si
  0.3950735E+02  0.1760473E+02  0.1726517E+02  Si
  0.3344102E+02  0.6620315E+01  0.2067864E+02  Si
  0.2867014E+02  0.1652417E+02  0.9269579E+01  Si
  0.3604245E+02  0.5659371E+01  0.1302533E+01  Si
  0.2055226E+02  0.1975572E+02  0.1155391E+01  Si
  0.3778574E+02  0.1295096E+01  0.2622527E+01  Si
  0.3820363E+02  0.1833711E+01  0.2057790E+02  Si
  0.2419863E+02  0.1858625E+02  0.2100095E+02  Si
  0.3037521E+02  0.2041966E+02  0.6373447E+01  Si
  0.2049018E+02  0.1500833E+02  0.1169809E+02  Si
  0.3495663E+02  0.1848091E+02  0.1833440E+02  Si
  0.2598794E+02  0.4770888E+01  0.5461773E+00  Si
  0.2820314E+02  0.1886429E+02  0.1382283E+02  Si
  0.4053096E+02  0.1349171E+02  0.2138130E+02  Si
  0.3339656E+02  0.1763511E+02  0.2093611E+02  Si
  0.2481867E+02  0.2145929E+02  0.7704694E+01  Si
  0.3103111E+02  0.4630127E+01  0.1667401E+02  Si
  0.3926152E+02  0.1759125E+02  0.6432180E+01  Si
  0.2440048E+02  0.5394784E+01  0.1297759E+02  Si
  0.2042118E+02  0.1732931E+02  0.2025260E+02  Si
  0.2582816E+02  0.2705178E+01  0.1768300E+02  Si
  0.3938351E+02  0.1173643E+02  0.1164419E+02  Si
  0.3334284E+02  0.1035446E+02  0.5325860E+01  Si
  0.3913522E+02  0.1018634E+01  0.1170614E+02  Si
  0.2463245E+02  0.5567810E+01  0.5779134E+01  Si
  0.2190257E+02  0.1284414E+02  0.7417205E+01  Si
  0.3465563E+02  0.1497808E+02  0.5676157E+01  Si
  0.2788937E+02  0.9005015E+01  0.6930224E+01  Si
  0.2131304E+02  0.7793828E+01  0.2142885E+01  Si
  0.3686261E+02  0.1451245E+02  0.1751215E+02  Si
  0.4237473E+02  0.3708536E+01  0.1719696E+02  Si
  0.2773401E+02  0.1452334E+02  0.1286617E+02  Si
  0.2893699E+02  0.4157187E+01  0.1805049E+02  Si
  0.2847183E+02  0.1181017E+02  0.1171327E+02  Si
  0.4222437E+02  0.1457470E+02  0.1152041E+02  Si
  0.2022394E+02  0.1996790E+02  0.1702688E+02  Si
  0.3673055E+02  0.1108516E+02  0.7499969E+01  Si
  0.1899061E+02  0.1066793E+02  0.1301500E+02  Si
  0.2483605E+02  0.5837730E+01  0.1874622E+02  Si
  0.2412035E+02  0.1938541E+02  0.1667286E+02  Si
  0.2623172E+02  0.8404494E+01  0.2504404E+01  Si
  0.4070179E+02  0.7937290E+01  0.2079541E+02  Si
  0.4099855E+02  0.1066190E+02  0.1314936E+02  Si
  0.2767811E+02  0.1575360E+02  0.1825294E+02  Si
  0.3133510E+02  0.2512875E+01  0.1246818E+02  Si
  0.4119697E+02  0.2020918E+02  0.1995670E+02  Si
  0.4356265E+02  0.4005695E+00  0.2109494E+02  Si
  0.4653377E+02  0.2656069E+01  0.2102938E+02  Si
  0.4638259E+02  0.2154663E+02  0.2171220E+01  Si
  0.4326419E+02  0.2645053E+01  0.2378668E+01  Si
  0.4484447E+02  0.1487902E+01  0.7772847E+00  Si
  0.4759932E+02  0.3697934E+01  0.8100307E+00  Si
  0.4768034E+02  0.1114830E+01  0.3545407E+01  Si
  0.4485812E+02  0.3862641E+01  0.3610497E+01  Si
  0.4903334E+02  0.2125176E+02  0.2132512E+02  Si
  0.5157843E+02  0.2504832E+01  0.2109101E+02  Si
  0.5137177E+02  0.2163180E+02  0.2516836E+01  Si
  0.4891577E+02  0.2414682E+01  0.2291344E+01  Si
  0.5016995E+02  0.1176394E+01  0.8373952E+00  Si
  0.5266619E+02  0.3653414E+01  0.7794315E+00  Si
  0.5261851E+02  0.1199740E+01  0.3788697E+01  Si
  0.5017626E+02  0.4001133E+01  0.3772225E+01  Si
  0.5412452E+02  0.2136682E+02  0.2136310E+02  Si
  0.5665211E+02  0.2449351E+01  0.2122159E+02  Si
  0.5682522E+02  0.2138358E+02  0.2260483E+01  Si
  0.5391312E+02  0.2268810E+01  0.2211945E+01  Si
  0.5543678E+02  0.9578138E+00  0.9777624E+00  Si
  0.5830640E+02  0.3537519E+01  0.5484040E+00  Si
  0.5820869E+02  0.1118139E+01  0.3357298E+01  Si
  0.5538131E+02  0.3823517E+01  0.3430846E+01  Si
  0.5965922E+02  0.2138165E+02  0.2122507E+02  Si
  0.6243507E+02  0.2747024E+01  0.2106491E+02  Si
  0.6224483E+02  0.2154697E+02  0.2265713E+01  Si
  0.5969176E+02  0.2280823E+01  0.1910532E+01  Si
  0.6113569E+02  0.1104803E+01  0.6475030E+00  Si
  0.6365811E+02  0.4042119E+01  0.1188888E+01  Si
  0.6359389E+02  0.1251292E+01  0.3705294E+01  Si
  0.6068749E+02  0.3877936E+01  0.3260158E+01  Si
  0.4388682E+02  0.5449683E+01  0.2139514E+02  Si
  0.4634280E+02  0.8070282E+01  0.2134643E+02  Si
  0.4620951E+02  0.5088277E+01  0.2060769E+01  Si
  0.4337084E+02  0.8190839E+01  0.2411398E+01  Si
  0.4511997E+02  0.6924277E+01  0.1189563E+01  Si
  0.4766141E+02  0.9481752E+01  0.8080816E+00  Si
  0.4764672E+02  0.6284378E+01  0.3393373E+01  Si
  0.4493241E+02  0.9412886E+01  0.3775105E+01  Si
  0.4891588E+02  0.5099707E+01  0.2114123E+02  Si
  0.5124950E+02  0.7978595E+01  0.2100320E+02  Si
  0.5150377E+02  0.5126873E+01  0.2343376E+01  Si
  0.4878683E+02  0.7895483E+01  0.2137029E+01  Si
  0.5018421E+02  0.6735682E+01  0.8452149E+00  Si
  0.5274504E+02  0.9214110E+01  0.6758319E+00  Si
  0.5276345E+02  0.6572739E+01  0.3655549E+01  Si
  0.5015895E+02  0.9141346E+01  0.3486541E+01  Si
  0.5407996E+02  0.5279934E+01  0.2131911E+02  Si
  0.5681262E+02  0.7806396E+01  0.2128301E+02  Si
  0.5700435E+02  0.4971100E+01  0.2109716E+01  Si
  0.5386469E+02  0.7981559E+01  0.2079813E+01  Si
  0.5539830E+02  0.6528805E+01  0.8484983E+00  Si
  0.5825358E+02  0.9276564E+01  0.7129206E+00  Si
  0.5814268E+02  0.6258866E+01  0.3600778E+01  Si
  0.5554346E+02  0.9456729E+01  0.3153342E+01  Si
  0.5954584E+02  0.5174804E+01  0.2110655E+02  Si
  0.6247285E+02  0.7685179E+01  0.2123438E+02  Si
  0.6210431E+02  0.5384507E+01  0.2140030E+01  Si
  0.5943918E+02  0.7839483E+01  0.2206972E+01  Si
  0.6092007E+02  0.6481430E+01  0.6483363E+00  Si
  0.6397025E+02  0.9154160E+01  0.8265388E+00  Si
  0.6366038E+02  0.6690866E+01  0.3382515E+01  Si
  0.6077092E+02  0.9263312E+01  0.3295003E+01  Si
  0.4316520E+02  0.1078517E+02  0.2114323E+02  Si
  0.4608965E+02  0.1358972E+02  0.2139444E+02  Si
  0.4599231E+02  0.1047806E+02  0.2132823E+01  Si
  0.4336558E+02  0.1358840E+02  0.2412870E+01  Si
  0.4453641E+02  0.1203603E+02  0.9652523E+00  Si
  0.4760923E+02  0.1504363E+02  0.1025370E+01  Si
  0.4737490E+02  0.1193803E+02  0.3500038E+01  Si
  0.4478556E+02  0.1461080E+02  0.3842573E+01  Si
  0.4912372E+02  0.1071251E+02  0.2114507E+02  Si
  0.5153902E+02  0.1358241E+02  0.2125453E+02  Si
  0.5174369E+02  0.1056924E+02  0.2343870E+01  Si
  0.4872386E+02  0.1336200E+02  0.2356652E+01  Si
  0.5025320E+02  0.1216653E+02  0.1123174E+01  Si
  0.5295462E+02  0.1467967E+02  0.8874020E+00  Si
  0.5280579E+02  0.1201001E+02  0.3623365E+01  Si
  0.5008372E+02  0.1465903E+02  0.3398405E+01  Si
  0.5438831E+02  0.1061901E+02  0.2110383E+02  Si
  0.5705709E+02  0.1351071E+02  0.2127707E+02  Si
  0.5693180E+02  0.1086028E+02  0.2049076E+01  Si
  0.5420126E+02  0.1324976E+02  0.2325754E+01  Si
  0.5569348E+02  0.1221039E+02  0.6466425E+00  Si
  0.5813141E+02  0.1475944E+02  0.9389302E+00  Si
  0.5831834E+02  0.1191015E+02  0.3472422E+01  Si
  0.5564728E+02  0.1489713E+02  0.3642659E+01  Si
  0.5982817E+02  0.1051040E+02  0.2097617E+02  Si
  0.6228462E+02  0.1341543E+02  0.2113691E+02  Si
  0.6237903E+02  0.1049879E+02  0.2088206E+01  Si
  0.5941570E+02  0.1311595E+02  0.1954031E+01  Si
  0.6103958E+02  0.1195545E+02  0.6714936E+00  Si
  0.6378575E+02  0.1457573E+02  0.5850167E+00  Si
  0.6360001E+02  0.1205396E+02  0.3366420E+01  Si
  0.6075946E+02  0.1478537E+02  0.3368496E+01  Si
  0.4325338E+02  0.1617198E+02  0.2138183E+02  Si
  0.4600403E+02  0.1897377E+02  0.2109915E+02  Si
  0.4615205E+02  0.1631679E+02  0.2601472E+01  Si
  0.4351834E+02  0.1884660E+02  0.2162173E+01  Si
  0.4487478E+02  0.1745581E+02  0.1037086E+01  Si
  0.4762700E+02  0.1986804E+02  0.9034955E+00  Si
  0.4747914E+02  0.1773735E+02  0.3882379E+01  Si
  0.4481323E+02  0.2025568E+02  0.3686489E+01  Si
  0.4891803E+02  0.1613557E+02  0.2118982E+02  Si
  0.5169409E+02  0.1886088E+02  0.2140086E+02  Si
  0.5147920E+02  0.1599749E+02  0.2072055E+01  Si
  0.4880775E+02  0.1875584E+02  0.2313743E+01  Si
  0.5023919E+02  0.1762599E+02  0.8488351E+00  Si
  0.5271075E+02  0.2039795E+02  0.1041466E+01  Si
  0.5251549E+02  0.1730351E+02  0.3661953E+01  Si
  0.4999831E+02  0.2029548E+02  0.3698503E+01  Si
  0.5431029E+02  0.1603570E+02  0.2113245E+02  Si
  0.5696763E+02  0.1889722E+02  0.2122544E+02  Si
  0.5673011E+02  0.1617883E+02  0.1989619E+01  Si
  0.5411322E+02  0.1882494E+02  0.2203521E+01  Si
  0.5542553E+02  0.1762811E+02  0.7020797E+00  Si
  0.5820659E+02  0.2020166E+02  0.9682099E+00  Si
  0.5812491E+02  0.1726266E+02  0.3583844E+01  Si
  0.5558527E+02  0.1997676E+02  0.3708545E+01  Si
  0.5957787E+02  0.1613903E+02  0.2129050E+02  Si
  0.6246823E+02  0.1883089E+02  0.2125390E+02  Si
  0.6224641E+02  0.1584691E+02  0.1939756E+01  Si
  0.5935926E+02  0.1877770E+02  0.2259533E+01  Si
  0.6104624E+02  0.1757792E+02  0.8634515E+00  Si
  0.6384082E+02  0.2030028E+02  0.9299439E+00  Si
  0.6355964E+02  0.1730436E+02  0.3328773E+01  Si
  0.6090352E+02  0.2011872E+02  0.3360018E+01  Si
  0.4343831E+02  0.2137113E+00  0.5057217E+01  Si
  0.4651708E+02  0.2749823E+01  0.4839915E+01  Si
  0.4621060E+02  0.1730311E+00  0.7814818E+01  Si
  0.4335168E+02  0.2675844E+01  0.7952209E+01  Si
  0.4476141E+02  0.1629547E+01  0.6306980E+01  Si
  0.4735046E+02  0.4237849E+01  0.6497242E+01  Si
  0.4784685E+02  0.9054229E+00  0.9300114E+01  Si
  0.4488092E+02  0.3996948E+01  0.9340190E+01  Si
  0.4881506E+02  0.2158100E+02  0.5183694E+01  Si
  0.5139326E+02  0.2462629E+01  0.5218732E+01  Si
  0.5164019E+02  0.2150082E+02  0.7881492E+01  Si
  0.4884335E+02  0.2388104E+01  0.7873726E+01  Si
  0.5016417E+02  0.1005648E+01  0.6406564E+01  Si
  0.5314895E+02  0.3817166E+01  0.6413881E+01  Si
  0.5274885E+02  0.1275415E+01  0.9119641E+01  Si
  0.5019561E+02  0.3967613E+01  0.9030888E+01  Si
  0.5417874E+02  0.2157082E+02  0.4923670E+01  Si
  0.5667941E+02  0.2337631E+01  0.4777000E+01  Si
  0.5697465E+02  0.2135597E+02  0.7776159E+01  Si
  0.5424237E+02  0.2466986E+01  0.7868362E+01  Si
  0.5554627E+02  0.1214238E+01  0.6401050E+01  Si
  0.5811201E+02  0.3513078E+01  0.6269295E+01  Si
  0.5843623E+02  0.8492189E+00  0.8764676E+01  Si
  0.5576910E+02  0.3655749E+01  0.9167509E+01  Si
  0.5949994E+02  0.2148266E+02  0.4661424E+01  Si
  0.6196588E+02  0.2571609E+01  0.4772369E+01  Si
  0.6245237E+02  0.2170712E+02  0.7601040E+01  Si
  0.5968361E+02  0.2246096E+01  0.7274737E+01  Si
  0.6089834E+02  0.9232766E+00  0.5972123E+01  Si
  0.6349085E+02  0.3860347E+01  0.6225787E+01  Si
  0.6394651E+02  0.1102037E+01  0.8872992E+01  Si
  0.6117566E+02  0.3639748E+01  0.8652676E+01  Si
  0.4329157E+02  0.5345991E+01  0.4898060E+01  Si
  0.4631743E+02  0.7852220E+01  0.4958667E+01  Si
  0.4608366E+02  0.5518610E+01  0.8102924E+01  Si
  0.4349471E+02  0.8108301E+01  0.7492753E+01  Si
  0.4486483E+02  0.6610604E+01  0.6212530E+01  Si
  0.4745881E+02  0.9503497E+01  0.6395645E+01  Si
  0.4761389E+02  0.6781585E+01  0.9473958E+01  Si
  0.4480467E+02  0.9634194E+01  0.8992369E+01  Si
  0.4887985E+02  0.5358805E+01  0.5210710E+01  Si
  0.5171374E+02  0.8046565E+01  0.5051444E+01  Si
  0.5152228E+02  0.5327321E+01  0.7810420E+01  Si
  0.4882664E+02  0.8018955E+01  0.7802480E+01  Si
  0.5002095E+02  0.6861916E+01  0.6548694E+01  Si
  0.5300146E+02  0.9147574E+01  0.6310601E+01  Si
  0.5342571E+02  0.6514011E+01  0.8880545E+01  Si
  0.5017543E+02  0.9082315E+01  0.9242283E+01  Si
  0.5405443E+02  0.5204348E+01  0.4788809E+01  Si
  0.5688367E+02  0.7805256E+01  0.4866727E+01  Si
  0.5714374E+02  0.4949397E+01  0.7662895E+01  Si
  0.5449020E+02  0.7696475E+01  0.7453197E+01  Si
  0.5581058E+02  0.6263758E+01  0.6271161E+01  Si
  0.5831970E+02  0.9145855E+01  0.6038042E+01  Si
  0.5866470E+02  0.6224588E+01  0.8671159E+01  Si
  0.5599716E+02  0.9007502E+01  0.8883391E+01  Si
  0.5957145E+02  0.4889074E+01  0.5219504E+01  Si
  0.6227654E+02  0.8101808E+01  0.4800797E+01  Si
  0.6250519E+02  0.5171593E+01  0.7862609E+01  Si
  0.5980446E+02  0.7797989E+01  0.7446312E+01  Si
  0.6116189E+02  0.6377778E+01  0.6289283E+01  Si
  0.6367767E+02  0.9316429E+01  0.6303056E+01  Si
  0.6376427E+02  0.6844217E+01  0.9035311E+01  Si
  0.6112740E+02  0.9227977E+01  0.8889854E+01  Si
  0.4351827E+02  0.1093967E+02  0.4990605E+01  Si
  0.4618277E+02  0.1330454E+02  0.4979288E+01  Si
  0.4598480E+02  0.1101772E+02  0.7582274E+01  Si
  0.4318208E+02  0.1364225E+02  0.7788330E+01  Si
  0.4466525E+02  0.1225217E+02  0.6444163E+01  Si
  0.4755472E+02  0.1473667E+02  0.6404011E+01  Si
  0.4735638E+02  0.1232405E+02  0.8843339E+01  Si
  0.4467955E+02  0.1504277E+02  0.9068404E+01  Si
  0.4894886E+02  0.1052313E+02  0.4905275E+01  Si
  0.5147184E+02  0.1337632E+02  0.4935528E+01  Si
  0.5172353E+02  0.1057574E+02  0.7882258E+01  Si
  0.4899923E+02  0.1336429E+02  0.7624199E+01  Si
  0.5041621E+02  0.1194290E+02  0.6487057E+01  Si
  0.5295399E+02  0.1465670E+02  0.6290596E+01  Si
  0.5315355E+02  0.1200934E+02  0.9076766E+01  Si
  0.5030906E+02  0.1466442E+02  0.9096790E+01  Si
  0.5412274E+02  0.1057817E+02  0.4694236E+01  Si
  0.5697165E+02  0.1333514E+02  0.4841514E+01  Si
  0.5734451E+02  0.1083228E+02  0.7407751E+01  Si
  0.5458732E+02  0.1325953E+02  0.7533851E+01  Si
  0.5564852E+02  0.1188968E+02  0.5993460E+01  Si
  0.5823606E+02  0.1477393E+02  0.6349732E+01  Si
  0.5853804E+02  0.1215133E+02  0.8892727E+01  Si
  0.5555756E+02  0.1491973E+02  0.8703012E+01  Si
  0.5954109E+02  0.1062282E+02  0.4936654E+01  Si
  0.6235797E+02  0.1338246E+02  0.4483532E+01  Si
  0.6248583E+02  0.1062764E+02  0.7530490E+01  Si
  0.5973966E+02  0.1312117E+02  0.7296640E+01  Si
  0.6127458E+02  0.1199488E+02  0.5983440E+01  Si
  0.6368729E+02  0.1449703E+02  0.6100153E+01  Si
  0.6390136E+02  0.1198664E+02  0.8852588E+01  Si
  0.6107103E+02  0.1465540E+02  0.8452488E+01  Si
  0.4311632E+02  0.1612994E+02  0.4705558E+01  Si
  0.4612916E+02  0.1899475E+02  0.5284201E+01  Si
  0.4594362E+02  0.1638587E+02  0.7569725E+01  Si
  0.4307025E+02  0.1888310E+02  0.7846671E+01  Si
  0.4437285E+02  0.1757403E+02  0.6147309E+01  Si
  0.4769442E+02  0.2034792E+02  0.6574059E+01  Si
  0.4755134E+02  0.1751013E+02  0.9263188E+01  Si
  0.4480794E+02  0.2017771E+02  0.8881056E+01  Si
  0.4869403E+02  0.1614161E+02  0.4904954E+01  Si
  0.5144285E+02  0.1889314E+02  0.4913472E+01  Si
  0.5158486E+02  0.1603317E+02  0.7709337E+01  Si
  0.4904141E+02  0.1883080E+02  0.7852743E+01  Si
  0.5023298E+02  0.1740170E+02  0.6234709E+01  Si
  0.5285724E+02  0.2018751E+02  0.6131665E+01  Si
  0.5275556E+02  0.1732397E+02  0.9029159E+01  Si
  0.5040893E+02  0.2007066E+02  0.9026131E+01  Si
  0.5412162E+02  0.1607080E+02  0.4919497E+01  Si
  0.5708795E+02  0.1864375E+02  0.5095240E+01  Si
  0.5689034E+02  0.1623876E+02  0.7652715E+01  Si
  0.5393206E+02  0.1874748E+02  0.7678463E+01  Si
  0.5537913E+02  0.1757707E+02  0.6240272E+01  Si
  0.5846545E+02  0.2010860E+02  0.6422987E+01  Si
  0.5839073E+02  0.1749004E+02  0.9100861E+01  Si
  0.5546247E+02  0.2016608E+02  0.8975921E+01  Si
  0.5980893E+02  0.1603460E+02  0.5060397E+01  Si
  0.6232666E+02  0.1884312E+02  0.4868154E+01  Si
  0.6249720E+02  0.1596027E+02  0.7592613E+01  Si
  0.5967199E+02  0.1849086E+02  0.7483862E+01  Si
  0.6115385E+02  0.1749263E+02  0.6350736E+01  Si
  0.6373989E+02  0.2018501E+02  0.6221735E+01  Si
  0.6402060E+02  0.1740477E+02  0.8730516E+01  Si
  0.6107882E+02  0.1997248E+02  0.8733272E+01  Si
  0.4343960E+02  0.2123716E+02  0.1033533E+02  Si
  0.4639820E+02  0.2545996E+01  0.1051432E+02  Si
  0.4642122E+02  0.2144979E+02  0.1298225E+02  Si
  0.4364603E+02  0.2668521E+01  0.1285911E+02  Si
  0.4482725E+02  0.1061810E+01  0.1155681E+02  Si
  0.4771553E+02  0.3558369E+01  0.1201742E+02  Si
  0.4747224E+02  0.9259194E+00  0.1456310E+02  Si
  0.4496277E+02  0.3934036E+01  0.1437270E+02  Si
  0.4925525E+02  0.2165555E+02  0.1043341E+02  Si
  0.5150578E+02  0.2575317E+01  0.1035424E+02  Si
  0.5157491E+02  0.2142059E+02  0.1333419E+02  Si
  0.4896485E+02  0.2191588E+01  0.1339493E+02  Si
  0.5050366E+02  0.1262021E+01  0.1204273E+02  Si
  0.5293980E+02  0.3783400E+01  0.1190749E+02  Si
  0.5314548E+02  0.1024357E+01  0.1473387E+02  Si
  0.5020003E+02  0.3788456E+01  0.1458745E+02  Si
  0.5437517E+02  0.2160448E+02  0.1030524E+02  Si
  0.5713999E+02  0.2333631E+01  0.1029178E+02  Si
  0.5701755E+02  0.2137517E+02  0.1312392E+02  Si
  0.5435316E+02  0.2476694E+01  0.1319239E+02  Si
  0.5570790E+02  0.1085911E+01  0.1185462E+02  Si
  0.5826657E+02  0.3957563E+01  0.1140394E+02  Si
  0.5844241E+02  0.1093624E+01  0.1413865E+02  Si
  0.5570368E+02  0.4050944E+01  0.1420301E+02  Si
  0.5981057E+02  0.2142431E+02  0.1023175E+02  Si
  0.6253563E+02  0.2415470E+01  0.1024504E+02  Si
  0.6248481E+02  0.2141489E+02  0.1301934E+02  Si
  0.5964654E+02  0.2388740E+01  0.1257608E+02  Si
  0.6116377E+02  0.9457808E+00  0.1144044E+02  Si
  0.6372520E+02  0.3892636E+01  0.1166584E+02  Si
  0.6386774E+02  0.1178481E+01  0.1449473E+02  Si
  0.6073056E+02  0.3959924E+01  0.1405331E+02  Si
  0.4350455E+02  0.5519590E+01  0.1039069E+02  Si
  0.4615972E+02  0.8279500E+01  0.1050180E+02  Si
  0.4646299E+02  0.5100454E+01  0.1292183E+02  Si
  0.4377804E+02  0.7886660E+01  0.1306162E+02  Si
  0.4495515E+02  0.6697373E+01  0.1175410E+02  Si
  0.4786423E+02  0.9727525E+01  0.1156071E+02  Si
  0.4756946E+02  0.6829639E+01  0.1424274E+02  Si
  0.4494489E+02  0.9394693E+01  0.1446635E+02  Si
  0.4888542E+02  0.5147639E+01  0.1065101E+02  Si
  0.5192874E+02  0.7849332E+01  0.1037837E+02  Si
  0.5157916E+02  0.5277664E+01  0.1305637E+02  Si
  0.4887563E+02  0.8180422E+01  0.1280780E+02  Si
  0.5035591E+02  0.6806110E+01  0.1162031E+02  Si
  0.5348150E+02  0.9347363E+01  0.1174670E+02  Si
  0.5281329E+02  0.6734967E+01  0.1444119E+02  Si
  0.5040294E+02  0.9412336E+01  0.1424489E+02  Si
  0.5460224E+02  0.5054473E+01  0.1059647E+02  Si
  0.5730646E+02  0.7595186E+01  0.1023759E+02  Si
  0.5729675E+02  0.5262616E+01  0.1298901E+02  Si
  0.5433109E+02  0.7784845E+01  0.1303109E+02  Si
  0.5586699E+02  0.6471988E+01  0.1185429E+02  Si
  0.5844680E+02  0.9228240E+01  0.1149665E+02  Si
  0.5826446E+02  0.6643432E+01  0.1457355E+02  Si
  0.5580382E+02  0.9158846E+01  0.1440040E+02  Si
  0.5997943E+02  0.5117989E+01  0.1011349E+02  Si
  0.6250631E+02  0.8193368E+01  0.1035358E+02  Si
  0.6223376E+02  0.5255256E+01  0.1286050E+02  Si
  0.5965213E+02  0.8075373E+01  0.1272511E+02  Si
  0.6106807E+02  0.6707504E+01  0.1140939E+02  Si
  0.6387179E+02  0.9390014E+01  0.1166460E+02  Si
  0.6374548E+02  0.6499307E+01  0.1416320E+02  Si
  0.6101308E+02  0.9364628E+01  0.1425728E+02  Si
  0.4345871E+02  0.1065982E+02  0.1047957E+02  Si
  0.4592353E+02  0.1356470E+02  0.1046431E+02  Si
  0.4616801E+02  0.1084098E+02  0.1302501E+02  Si
  0.4349427E+02  0.1346688E+02  0.1323713E+02  Si
  0.4481028E+02  0.1226085E+02  0.1191926E+02  Si
  0.4762551E+02  0.1494068E+02  0.1196232E+02  Si
  0.4779020E+02  0.1222485E+02  0.1424070E+02  Si
  0.4465853E+02  0.1480995E+02  0.1455565E+02  Si
  0.4908874E+02  0.1117629E+02  0.9959283E+01  Si
  0.5176142E+02  0.1342539E+02  0.1035106E+02  Si
  0.5171635E+02  0.1070452E+02  0.1280359E+02  Si
  0.4910140E+02  0.1348633E+02  0.1279449E+02  Si
  0.5052733E+02  0.1210577E+02  0.1136169E+02  Si
  0.5290641E+02  0.1482643E+02  0.1175475E+02  Si
  0.5302063E+02  0.1184040E+02  0.1438977E+02  Si
  0.5032223E+02  0.1481020E+02  0.1433913E+02  Si
  0.5486930E+02  0.1048323E+02  0.1009153E+02  Si
  0.5702222E+02  0.1349582E+02  0.1014805E+02  Si
  0.5705466E+02  0.1060480E+02  0.1308039E+02  Si
  0.5403880E+02  0.1357639E+02  0.1302744E+02  Si
  0.5563018E+02  0.1202777E+02  0.1191494E+02  Si
  0.5837501E+02  0.1462676E+02  0.1164645E+02  Si
  0.5826939E+02  0.1187863E+02  0.1453874E+02  Si
  0.5560013E+02  0.1488332E+02  0.1444950E+02  Si
  0.5974991E+02  0.1065793E+02  0.1030492E+02  Si
  0.6218944E+02  0.1326493E+02  0.9895091E+01  Si
  0.6219399E+02  0.1061301E+02  0.1294232E+02  Si
  0.5957014E+02  0.1318998E+02  0.1307484E+02  Si
  0.6100833E+02  0.1198792E+02  0.1179314E+02  Si
  0.6357609E+02  0.1465432E+02  0.1135609E+02  Si
  0.6354260E+02  0.1170951E+02  0.1438131E+02  Si
  0.6080762E+02  0.1472354E+02  0.1435664E+02  Si
  0.4311204E+02  0.1625515E+02  0.1027465E+02  Si
  0.4630642E+02  0.1905266E+02  0.1030879E+02  Si
  0.4610224E+02  0.1613534E+02  0.1324559E+02  Si
  0.4344658E+02  0.1873134E+02  0.1312417E+02  Si
  0.4487297E+02  0.1752994E+02  0.1172853E+02  Si
  0.4794821E+02  0.2024875E+02  0.1168668E+02  Si
  0.4744870E+02  0.1740933E+02  0.1449197E+02  Si
  0.4491410E+02  0.2012214E+02  0.1422895E+02  Si
  0.4894632E+02  0.1606013E+02  0.1054317E+02  Si
  0.5172247E+02  0.1884326E+02  0.1021665E+02  Si
  0.5156441E+02  0.1622642E+02  0.1302712E+02  Si
  0.4902889E+02  0.1887047E+02  0.1324684E+02  Si
  0.5026606E+02  0.1750553E+02  0.1175638E+02  Si
  0.5304458E+02  0.2021862E+02  0.1175252E+02  Si
  0.5308024E+02  0.1752419E+02  0.1441263E+02  Si
  0.5006299E+02  0.2003323E+02  0.1472681E+02  Si
  0.5430454E+02  0.1618943E+02  0.1045588E+02  Si
  0.5713684E+02  0.1905312E+02  0.1032204E+02  Si
  0.5699963E+02  0.1624095E+02  0.1295335E+02  Si
  0.5451824E+02  0.1879992E+02  0.1310138E+02  Si
  0.5571600E+02  0.1750834E+02  0.1160766E+02  Si
  0.5853828E+02  0.2023920E+02  0.1180290E+02  Si
  0.5842754E+02  0.1760228E+02  0.1437453E+02  Si
  0.5563816E+02  0.2001314E+02  0.1463093E+02  Si
  0.5978610E+02  0.1595583E+02  0.1012003E+02  Si
  0.6261195E+02  0.1876254E+02  0.1014155E+02  Si
  0.6242155E+02  0.1598231E+02  0.1320746E+02  Si
  0.5972467E+02  0.1871655E+02  0.1283196E+02  Si
  0.6123945E+02  0.1742172E+02  0.1165177E+02  Si
  0.6375894E+02  0.2026845E+02  0.1161730E+02  Si
  0.6382768E+02  0.1746773E+02  0.1475612E+02  Si
  0.6105780E+02  0.2009130E+02  0.1437356E+02  Si
  0.4354378E+02  0.2151341E+02  0.1526914E+02  Si
  0.4597165E+02  0.2268159E+01  0.1587300E+02  Si
  0.4631895E+02  0.5664582E-01  0.1863543E+02  Si
  0.4196436E+02  0.1361106E+01  0.1979714E+02  Si
  0.4449117E+02  0.1049983E+01  0.1706719E+02  Si
  0.4741883E+02  0.3866434E+01  0.1693770E+02  Si
  0.4778969E+02  0.1130399E+01  0.2006897E+02  Si
  0.4517031E+02  0.3956981E+01  0.2000710E+02  Si
  0.4884750E+02  0.2144242E+02  0.1615256E+02  Si
  0.5164264E+02  0.2558744E+01  0.1587052E+02  Si
  0.5143215E+02  0.2132114E+02  0.1855566E+02  Si
  0.4871856E+02  0.2660955E+01  0.1842549E+02  Si
  0.5032427E+02  0.1135936E+01  0.1727297E+02  Si
  0.5337968E+02  0.4017470E+01  0.1694409E+02  Si
  0.5287441E+02  0.1149434E+01  0.1954865E+02  Si
  0.5015252E+02  0.3815927E+01  0.1968500E+02  Si
  0.5430408E+02  0.2121794E+02  0.1605539E+02  Si
  0.5700644E+02  0.2327803E+01  0.1541014E+02  Si
  0.5674828E+02  0.2123189E+02  0.1842092E+02  Si
  0.5442239E+02  0.2649439E+01  0.1823952E+02  Si
  0.5553123E+02  0.1109281E+01  0.1691449E+02  Si
  0.5805410E+02  0.4058119E+01  0.1707435E+02  Si
  0.5802114E+02  0.1013588E+01  0.1969275E+02  Si
  0.5535598E+02  0.3998681E+01  0.1989849E+02  Si
  0.5949138E+02  0.2138972E+02  0.1568703E+02  Si
  0.6222784E+02  0.2572621E+01  0.1556290E+02  Si
  0.6232569E+02  0.2148947E+02  0.1841740E+02  Si
  0.5951214E+02  0.2375564E+01  0.1810530E+02  Si
  0.6111661E+02  0.1053212E+01  0.1689191E+02  Si
  0.6345289E+02  0.3981224E+01  0.1691014E+02  Si
  0.6377667E+02  0.1381265E+01  0.1975471E+02  Si
  0.6071385E+02  0.3808396E+01  0.1951276E+02  Si
  0.4360402E+02  0.5273711E+01  0.1585771E+02  Si
  0.4617155E+02  0.7925122E+01  0.1590819E+02  Si
  0.4642341E+02  0.5329639E+01  0.1837727E+02  Si
  0.4340238E+02  0.7847747E+01  0.1860499E+02  Si
  0.4504888E+02  0.6441966E+01  0.1727125E+02  Si
  0.4765337E+02  0.9527370E+01  0.1716480E+02  Si
  0.4780972E+02  0.6650040E+01  0.1983128E+02  Si
  0.4463947E+02  0.9372143E+01  0.1996987E+02  Si
  0.4879205E+02  0.5386103E+01  0.1569053E+02  Si
  0.5165763E+02  0.8040086E+01  0.1559177E+02  Si
  0.5168282E+02  0.5121339E+01  0.1830868E+02  Si
  0.4901835E+02  0.7907711E+01  0.1796980E+02  Si
  0.5033426E+02  0.6532683E+01  0.1685626E+02  Si
  0.5304367E+02  0.9417826E+01  0.1721050E+02  Si
  0.5279438E+02  0.6663012E+01  0.1974358E+02  Si
  0.5024504E+02  0.9242858E+01  0.1963813E+02  Si
  0.5461942E+02  0.5425243E+01  0.1561207E+02  Si
  0.5711842E+02  0.7840514E+01  0.1585352E+02  Si
  0.5689293E+02  0.5205538E+01  0.1854985E+02  Si
  0.5419954E+02  0.7853673E+01  0.1840930E+02  Si
  0.5585605E+02  0.6526683E+01  0.1709021E+02  Si
  0.5831214E+02  0.9455240E+01  0.1721655E+02  Si
  0.5827580E+02  0.6495901E+01  0.1989416E+02  Si
  0.5570572E+02  0.9135884E+01  0.1973479E+02  Si
  0.5946622E+02  0.5064239E+01  0.1585544E+02  Si
  0.6205355E+02  0.7659020E+01  0.1564743E+02  Si
  0.6222488E+02  0.5167166E+01  0.1866572E+02  Si
  0.5964553E+02  0.8071486E+01  0.1853361E+02  Si
  0.6077931E+02  0.6349833E+01  0.1729734E+02  Si
  0.6360590E+02  0.9164013E+01  0.1696980E+02  Si
  0.6386771E+02  0.6364784E+01  0.1988862E+02  Si
  0.6123165E+02  0.9163418E+01  0.1991938E+02  Si
  0.4339679E+02  0.1076667E+02  0.1562221E+02  Si
  0.4611941E+02  0.1300465E+02  0.1562807E+02  Si
  0.4623133E+02  0.1045631E+02  0.1878836E+02  Si
  0.4184616E+02  0.1463092E+02  0.1733234E+02  Si
  0.4466612E+02  0.1175481E+02  0.1728295E+02  Si
  0.4719546E+02  0.1478856E+02  0.1689887E+02  Si
  0.4751117E+02  0.1207084E+02  0.2000835E+02  Si
  0.4467177E+02  0.1470666E+02  0.1982484E+02  Si
  0.4899395E+02  0.1067045E+02  0.1560390E+02  Si
  0.5169012E+02  0.1325030E+02  0.1569911E+02  Si
  0.5151753E+02  0.1060202E+02  0.1847569E+02  Si
  0.4870565E+02  0.1341134E+02  0.1827713E+02  Si
  0.5028846E+02  0.1208723E+02  0.1698643E+02  Si
  0.5303088E+02  0.1463030E+02  0.1716681E+02  Si
  0.5261973E+02  0.1199578E+02  0.2014763E+02  Si
  0.5006561E+02  0.1455056E+02  0.1984386E+02  Si
  0.5445330E+02  0.1052708E+02  0.1579539E+02  Si
  0.5694937E+02  0.1342372E+02  0.1591501E+02  Si
  0.5700173E+02  0.1043064E+02  0.1868675E+02  Si
  0.5423122E+02  0.1322059E+02  0.1885065E+02  Si
  0.5571927E+02  0.1199729E+02  0.1730829E+02  Si
  0.5850420E+02  0.1481669E+02  0.1707230E+02  Si
  0.5818996E+02  0.1180157E+02  0.2011220E+02  Si
  0.5568421E+02  0.1470025E+02  0.1999484E+02  Si
  0.5978741E+02  0.1080873E+02  0.1592145E+02  Si
  0.6220585E+02  0.1310153E+02  0.1547772E+02  Si
  0.6247390E+02  0.1065196E+02  0.1846372E+02  Si
  0.5962963E+02  0.1340850E+02  0.1865193E+02  Si
  0.6118490E+02  0.1226605E+02  0.1728284E+02  Si
  0.6350531E+02  0.1453081E+02  0.1698183E+02  Si
  0.6363882E+02  0.1194441E+02  0.1988714E+02  Si
  0.6094591E+02  0.1488295E+02  0.1986717E+02  Si
  0.4318822E+02  0.1597697E+02  0.1589274E+02  Si
  0.4595375E+02  0.1875316E+02  0.1569955E+02  Si
  0.4612235E+02  0.1626122E+02  0.1850438E+02  Si
  0.4349955E+02  0.1917055E+02  0.1867562E+02  Si
  0.4453329E+02  0.1749535E+02  0.1726607E+02  Si
  0.4746310E+02  0.2018425E+02  0.1717757E+02  Si
  0.4742223E+02  0.1752133E+02  0.1979045E+02  Si
  0.4481942E+02  0.2065816E+02  0.1993405E+02  Si
  0.4892653E+02  0.1607723E+02  0.1582478E+02  Si
  0.5154356E+02  0.1875880E+02  0.1591815E+02  Si
  0.5160704E+02  0.1596745E+02  0.1856013E+02  Si
  0.4879088E+02  0.1889336E+02  0.1845286E+02  Si
  0.5015668E+02  0.1735159E+02  0.1718144E+02  Si
  0.5276703E+02  0.2004674E+02  0.1716723E+02  Si
  0.5273985E+02  0.1727419E+02  0.2002435E+02  Si
  0.5020826E+02  0.2000668E+02  0.1992180E+02  Si
  0.5415344E+02  0.1623027E+02  0.1586607E+02  Si
  0.5714363E+02  0.1880737E+02  0.1602301E+02  Si
  0.5697606E+02  0.1604826E+02  0.1831495E+02  Si
  0.5397362E+02  0.1863553E+02  0.1862623E+02  Si
  0.5559504E+02  0.1750962E+02  0.1721822E+02  Si
  0.5832270E+02  0.2014869E+02  0.1744146E+02  Si
  0.5818765E+02  0.1729886E+02  0.1986063E+02  Si
  0.5541068E+02  0.1987421E+02  0.2001366E+02  Si
  0.5976840E+02  0.1617229E+02  0.1594947E+02  Si
  0.6239304E+02  0.1879086E+02  0.1597240E+02  Si
  0.6259935E+02  0.1617547E+02  0.1855893E+02  Si
  0.5958972E+02  0.1873360E+02  0.1871833E+02  Si
  0.6107084E+02  0.1740058E+02  0.1730583E+02  Si
  0.6388151E+02  0.2018234E+02  0.1715860E+02  Si
  0.6383008E+02  0.1768981E+02  0.1970828E+02  Si
  0.6105937E+02  0.2008619E+02  0.1992949E+02  Si
