         
  0.6515772E+02  0.0000000E+00  0.2171924E+02
  0.0000000E+00  0.0000000E+00  0.2171924E+02
  0.3313115E+00  0.2454711E-01  0.2104185E+02  Si
  0.2784427E+01  0.3089550E+01  0.2094228E+02  Si
  0.2804188E+01  0.2168121E+02  0.1669939E+01  Si
  0.1847807E+00  0.2846887E+01  0.1781430E+01  Si
  0.1666616E+01  0.1656848E+01  0.5255839E+00  Si
  0.4354067E+01  0.4295489E+01  0.6516757E+00  Si
  0.3599563E+01  0.1294745E+01  0.3147259E+01  Si
  0.1419210E+01  0.4003977E+01  0.3705152E+01  Si
  0.5595356E+01  0.2155168E+02  0.2099761E+02  Si
  0.7897196E+01  0.2666655E+01  0.2081039E+02  Si
  0.8029832E+01  0.3450490E-01  0.1832782E+01  Si
  0.5454650E+01  0.2778389E+01  0.2124253E+01  Si
  0.6816374E+01  0.1595943E+01  0.5159258E+00  Si
  0.9330738E+01  0.4192436E+01  0.4914628E+00  Si
  0.9287856E+01  0.1607448E+01  0.3015841E+01  Si
  0.6715822E+01  0.4126718E+01  0.3433282E+01  Si
  0.1063920E+02  0.2154940E+02  0.2114054E+02  Si
  0.1355229E+02  0.2861059E+01  0.2091873E+02  Si
  0.1334119E+02  0.2163591E+02  0.1643537E+01  Si
  0.1096397E+02  0.2929436E+01  0.1968165E+01  Si
  0.1195688E+02  0.1465072E+01  0.5302452E+00  Si
  0.1492805E+02  0.4016681E+01  0.6309125E+00  Si
  0.1494842E+02  0.1099140E+01  0.3104950E+01  Si
  0.1224183E+02  0.4476087E+01  0.3170182E+01  Si
  0.1677381E+02  0.9335369E-01  0.2087458E+02  Si
  0.1925154E+02  0.2663273E+01  0.2118773E+02  Si
  0.1909563E+02  0.2127787E+02  0.1758492E+01  Si
  0.1629800E+02  0.2636892E+01  0.2108502E+01  Si
  0.1791372E+02  0.1384987E+01  0.8348667E+00  Si
  0.2703955E+02  0.1090573E+01  0.8695309E+01  Si
  0.2164447E+02  0.5379936E+01  0.2103375E+02  Si
  0.1765943E+02  0.3964485E+01  0.3568530E+01  Si
  0.6500184E+02  0.5632426E+01  0.2084504E+02  Si
  0.2784977E+01  0.8054724E+01  0.2110842E+02  Si
  0.2813616E+01  0.5276517E+01  0.2058733E+01  Si
  0.4478208E-01  0.8095649E+01  0.1821568E+01  Si
  0.1527936E+01  0.6692500E+01  0.4235226E+00  Si
  0.4098526E+01  0.9493132E+01  0.9278150E+00  Si
  0.4045069E+01  0.6759835E+01  0.3243688E+01  Si
  0.1110521E+01  0.9335849E+01  0.3213382E+01  Si
  0.5729875E+01  0.5556336E+01  0.2088656E+02  Si
  0.8243005E+01  0.8057098E+01  0.2089015E+02  Si
  0.8227103E+01  0.5585380E+01  0.2014212E+01  Si
  0.5303886E+01  0.8085238E+01  0.2145460E+01  Si
  0.6884993E+01  0.7113024E+01  0.7705598E+00  Si
  0.9495500E+01  0.9546555E+01  0.6649547E+00  Si
  0.9552474E+01  0.6922402E+01  0.3409064E+01  Si
  0.6571424E+01  0.9424435E+01  0.3442571E+01  Si
  0.1087378E+02  0.5578827E+01  0.2080594E+02  Si
  0.1377412E+02  0.8042768E+01  0.2101217E+02  Si
  0.1366304E+02  0.5751487E+01  0.1666364E+01  Si
  0.1091946E+02  0.8145871E+01  0.1838399E+01  Si
  0.1210532E+02  0.7127353E+01  0.4253556E+00  Si
  0.1489087E+02  0.9717615E+01  0.8170203E+00  Si
  0.1477896E+02  0.6570892E+01  0.3483492E+01  Si
  0.1219890E+02  0.9497482E+01  0.3219554E+01  Si
  0.1633577E+02  0.5169173E+01  0.2124389E+02  Si
  0.1899381E+02  0.7821355E+01  0.2133469E+02  Si
  0.1912903E+02  0.5289301E+01  0.2291269E+01  Si
  0.1600403E+02  0.8048347E+01  0.2160685E+01  Si
  0.1748490E+02  0.6513134E+01  0.1132290E+01  Si
  0.2157155E+02  0.1045916E+02  0.2122690E+02  Si
  0.2341115E+02  0.1154306E+02  0.1451738E+02  Si
  0.1767358E+02  0.9449414E+01  0.3244701E+01  Si
  0.2698425E+00  0.1066033E+02  0.2096570E+02  Si
  0.2637808E+01  0.1339706E+02  0.2097843E+02  Si
  0.2711301E+01  0.1091549E+02  0.2167263E+01  Si
  0.6501131E+02  0.1342512E+02  0.1772644E+01  Si
  0.1404705E+01  0.1214291E+02  0.6534701E+00  Si
  0.4061995E+01  0.1479577E+02  0.5422677E+00  Si
  0.4137362E+01  0.1245445E+02  0.3555204E+01  Si
  0.1158591E+01  0.1478244E+02  0.3238557E+01  Si
  0.5393199E+01  0.1067700E+02  0.2108470E+02  Si
  0.8039439E+01  0.1315795E+02  0.2103155E+02  Si
  0.8043816E+01  0.1083813E+02  0.2096964E+01  Si
  0.5359376E+01  0.1347854E+02  0.2123752E+01  Si
  0.6600763E+01  0.1211538E+02  0.7100748E+00  Si
  0.9365969E+01  0.1465431E+02  0.6090403E+00  Si
  0.9271569E+01  0.1228741E+02  0.3609698E+01  Si
  0.6592583E+01  0.1501309E+02  0.3418823E+01  Si
  0.1080558E+02  0.1103893E+02  0.2108036E+02  Si
  0.1353798E+02  0.1352573E+02  0.2101270E+02  Si
  0.1362936E+02  0.1104215E+02  0.2238445E+01  Si
  0.1051519E+02  0.1343727E+02  0.2171718E+01  Si
  0.1214352E+02  0.1219515E+02  0.7380430E+00  Si
  0.1500585E+02  0.1505654E+02  0.1452976E+00  Si
  0.1514350E+02  0.1237804E+02  0.3351216E+01  Si
  0.1193798E+02  0.1484511E+02  0.3247763E+01  Si
  0.1612795E+02  0.1085183E+02  0.2093480E+02  Si
  0.1931638E+02  0.1334638E+02  0.2101981E+02  Si
  0.2010086E+02  0.9388776E+01  0.9982814E+00  Si
  0.1644033E+02  0.1378913E+02  0.1649977E+01  Si
  0.1760007E+02  0.1242122E+02  0.4553215E+00  Si
  0.2058647E+02  0.1194386E+02  0.1962997E+02  Si
  0.2435608E+02  0.1940809E+01  0.4374933E+01  Si
  0.1759038E+02  0.1498029E+02  0.3358189E+01  Si
  0.6505846E+02  0.1625223E+02  0.2097585E+02  Si
  0.2586701E+01  0.1922566E+02  0.2090258E+02  Si
  0.2742939E+01  0.1596848E+02  0.1942327E+01  Si
  0.6285925E-01  0.1880587E+02  0.1922153E+01  Si
  0.1501011E+01  0.1748328E+02  0.4843718E+00  Si
  0.4228500E+01  0.2029665E+02  0.5427230E+00  Si
  0.4052933E+01  0.1740486E+02  0.3223751E+01  Si
  0.1469232E+01  0.2032966E+02  0.3146766E+01  Si
  0.5339466E+01  0.1623179E+02  0.2081171E+02  Si
  0.8103178E+01  0.1860248E+02  0.2077015E+02  Si
  0.7962487E+01  0.1609686E+02  0.1914175E+01  Si
  0.5479598E+01  0.1886385E+02  0.2021691E+01  Si
  0.6531363E+01  0.1729844E+02  0.5246616E+00  Si
  0.9271693E+01  0.2003249E+02  0.6488256E+00  Si
  0.9450872E+01  0.1752382E+02  0.3025743E+01  Si
  0.6615139E+01  0.2050507E+02  0.3522888E+01  Si
  0.1077063E+02  0.1611016E+02  0.2097326E+02  Si
  0.1354800E+02  0.1879140E+02  0.2098205E+02  Si
  0.1350243E+02  0.1612175E+02  0.1856760E+01  Si
  0.1079964E+02  0.1891954E+02  0.1989414E+01  Si
  0.1208611E+02  0.1764326E+02  0.5982648E+00  Si
  0.1510469E+02  0.2036171E+02  0.3126913E+00  Si
  0.1498763E+02  0.1750040E+02  0.3028854E+01  Si
  0.1217268E+02  0.2042143E+02  0.3049807E+01  Si
  0.1675129E+02  0.1598084E+02  0.2054127E+02  Si
  0.1918112E+02  0.1869398E+02  0.2067106E+02  Si
  0.1898953E+02  0.1627847E+02  0.1837183E+01  Si
  0.1637812E+02  0.1869533E+02  0.1562943E+01  Si
  0.1784178E+02  0.1741379E+02  0.2205219E+00  Si
  0.2401617E+02  0.5130327E+01  0.1732024E+02  Si
  0.2068517E+02  0.1733692E+02  0.3223489E+01  Si
  0.1750004E+02  0.2012670E+02  0.3355100E+01  Si
  0.4113745E-01  0.9936193E-01  0.4448526E+01  Si
  0.2743000E+01  0.2682360E+01  0.4874382E+01  Si
  0.2822361E+01  0.2163005E+02  0.7535786E+01  Si
  0.6500166E+02  0.2831746E+01  0.7522696E+01  Si
  0.1198940E+01  0.1341825E+01  0.6267412E+01  Si
  0.4111852E+01  0.4099457E+01  0.6002672E+01  Si
  0.4114687E+01  0.1377123E+01  0.8579671E+01  Si
  0.1284534E+01  0.4260421E+01  0.8674960E+01  Si
  0.5210291E+01  0.3056127E-01  0.4785153E+01  Si
  0.8190886E+01  0.2814041E+01  0.4640181E+01  Si
  0.8039768E+01  0.1156063E+00  0.7673727E+01  Si
  0.5568901E+01  0.2809833E+01  0.7392726E+01  Si
  0.6967444E+01  0.1431298E+01  0.6205830E+01  Si
  0.9354154E+01  0.4116792E+01  0.6065463E+01  Si
  0.9725669E+01  0.1485002E+01  0.8736472E+01  Si
  0.6654968E+01  0.4324389E+01  0.8787568E+01  Si
  0.1051158E+02  0.1459231E-01  0.4066610E+01  Si
  0.1349117E+02  0.2539124E+01  0.4448787E+01  Si
  0.1339646E+02  0.8416753E-01  0.7202107E+01  Si
  0.1100121E+02  0.2798179E+01  0.7142890E+01  Si
  0.1194883E+02  0.1236911E+01  0.5650193E+01  Si
  0.1481491E+02  0.3856590E+01  0.5905957E+01  Si
  0.1494438E+02  0.1167296E+01  0.8926338E+01  Si
  0.1241914E+02  0.4147583E+01  0.8464867E+01  Si
  0.1583718E+02  0.2133071E+02  0.4751141E+01  Si
  0.1886455E+02  0.2638530E+01  0.4735467E+01  Si
  0.1855087E+02  0.1664909E-01  0.7428789E+01  Si
  0.1615162E+02  0.2583867E+01  0.7219934E+01  Si
  0.1742233E+02  0.1234433E+01  0.5924722E+01  Si
  0.2122691E+02  0.1969932E+02  0.1330612E+02  Si
  0.3014398E+02  0.1043809E+01  0.1092003E+02  Si
  0.1745067E+02  0.4120692E+01  0.8588152E+01  Si
  0.6491388E+02  0.5395318E+01  0.4753490E+01  Si
  0.2740400E+01  0.8148972E+01  0.4703874E+01  Si
  0.2647262E+01  0.5523786E+01  0.7531553E+01  Si
  0.1148022E-01  0.8082492E+01  0.7259118E+01  Si
  0.1293297E+01  0.6659552E+01  0.5959225E+01  Si
  0.4184586E+01  0.9544180E+01  0.6219038E+01  Si
  0.3939007E+01  0.7089138E+01  0.8827419E+01  Si
  0.1186608E+01  0.9601338E+01  0.8847875E+01  Si
  0.5294801E+01  0.5662574E+01  0.4709809E+01  Si
  0.8003251E+01  0.8263614E+01  0.4735007E+01  Si
  0.8135846E+01  0.5346671E+01  0.7420246E+01  Si
  0.5682070E+01  0.8381411E+01  0.7762088E+01  Si
  0.6708606E+01  0.6852915E+01  0.6115706E+01  Si
  0.9409600E+01  0.9527931E+01  0.5985897E+01  Si
  0.9390406E+01  0.6911747E+01  0.8692574E+01  Si
  0.6902224E+01  0.9721193E+01  0.9052400E+01  Si
  0.1053669E+02  0.5639607E+01  0.4727331E+01  Si
  0.1342256E+02  0.8058475E+01  0.4572077E+01  Si
  0.1363372E+02  0.5534910E+01  0.7061169E+01  Si
  0.1078594E+02  0.8105908E+01  0.7229573E+01  Si
  0.1201241E+02  0.6638382E+01  0.5998410E+01  Si
  0.1485671E+02  0.9494302E+01  0.6090005E+01  Si
  0.1486558E+02  0.6875742E+01  0.8796719E+01  Si
  0.1218616E+02  0.9432210E+01  0.8777036E+01  Si
  0.1614567E+02  0.5355619E+01  0.4606200E+01  Si
  0.1900481E+02  0.8009420E+01  0.4730619E+01  Si
  0.2017038E+02  0.4092411E+01  0.6088966E+01  Si
  0.1640164E+02  0.8019912E+01  0.7458525E+01  Si
  0.1760194E+02  0.6844392E+01  0.6046899E+01  Si
  0.2028503E+02  0.6699238E+01  0.3534254E+01  Si
  0.2737115E+02  0.7748869E+01  0.1184703E+02  Si
  0.1795633E+02  0.9075504E+01  0.8768179E+01  Si
  0.6490542E+02  0.1051892E+02  0.4638873E+01  Si
  0.2386726E+01  0.1346055E+02  0.4887693E+01  Si
  0.2580005E+01  0.1095489E+02  0.7443210E+01  Si
  0.6490558E+02  0.1337635E+02  0.7578070E+01  Si
  0.1117025E+01  0.1205978E+02  0.6054685E+01  Si
  0.3944767E+01  0.1501453E+02  0.6191582E+01  Si
  0.3986920E+01  0.1232557E+02  0.8689119E+01  Si
  0.1175741E+01  0.1488151E+02  0.8536512E+01  Si
  0.5405798E+01  0.1090093E+02  0.4843949E+01  Si
  0.7842188E+01  0.1374272E+02  0.4806283E+01  Si
  0.8082057E+01  0.1078082E+02  0.7322466E+01  Si
  0.5459648E+01  0.1358141E+02  0.7331578E+01  Si
  0.6748923E+01  0.1232808E+02  0.6120260E+01  Si
  0.9428010E+01  0.1504841E+02  0.5944904E+01  Si
  0.9504865E+01  0.1226094E+02  0.8713219E+01  Si
  0.6746312E+01  0.1513919E+02  0.8650821E+01  Si
  0.1081470E+02  0.1076865E+02  0.4526273E+01  Si
  0.1331079E+02  0.1342975E+02  0.4573161E+01  Si
  0.1337787E+02  0.1086653E+02  0.7484458E+01  Si
  0.1077751E+02  0.1340963E+02  0.7142158E+01  Si
  0.1208735E+02  0.1210947E+02  0.5928641E+01  Si
  0.1470410E+02  0.1495008E+02  0.5892226E+01  Si
  0.1502268E+02  0.1201889E+02  0.8622997E+01  Si
  0.1212744E+02  0.1477667E+02  0.8643005E+01  Si
  0.1629196E+02  0.1074858E+02  0.4916917E+01  Si
  0.1898186E+02  0.1110274E+02  0.1878308E+01  Si
  0.1928371E+02  0.1057808E+02  0.7354118E+01  Si
  0.1617106E+02  0.1367038E+02  0.7259857E+01  Si
  0.1771445E+02  0.1211079E+02  0.6282630E+01  Si
  0.2298853E+02  0.1747669E+02  0.4162131E+00  Si
  0.2909325E+02  0.7579209E+01  0.1939711E+02  Si
  0.1764879E+02  0.1463419E+02  0.8727904E+01  Si
  0.6503010E+02  0.1622232E+02  0.4704504E+01  Si
  0.2623868E+01  0.1884568E+02  0.4707742E+01  Si
  0.2656735E+01  0.1621266E+02  0.7516080E+01  Si
  0.1705926E+00  0.1900535E+02  0.7410192E+01  Si
  0.1465095E+01  0.1754507E+02  0.6087368E+01  Si
  0.3900749E+01  0.2024528E+02  0.5943943E+01  Si
  0.3992931E+01  0.1756867E+02  0.8860873E+01  Si
  0.1525363E+01  0.2036459E+02  0.8854196E+01  Si
  0.5203660E+01  0.1631128E+02  0.4694871E+01  Si
  0.7962828E+01  0.1882698E+02  0.4582391E+01  Si
  0.8054421E+01  0.1634690E+02  0.7322263E+01  Si
  0.5109543E+01  0.1887088E+02  0.7376648E+01  Si
  0.6587692E+01  0.1760433E+02  0.5970079E+01  Si
  0.9271059E+01  0.2041107E+02  0.5717023E+01  Si
  0.9306066E+01  0.1784887E+02  0.8682809E+01  Si
  0.6790902E+01  0.2016844E+02  0.8792659E+01  Si
  0.1077809E+02  0.1649192E+02  0.4579105E+01  Si
  0.1340488E+02  0.1878780E+02  0.4272351E+01  Si
  0.1339412E+02  0.1641595E+02  0.7271523E+01  Si
  0.1057363E+02  0.1903246E+02  0.7162624E+01  Si
  0.1209494E+02  0.1775935E+02  0.5773895E+01  Si
  0.1457513E+02  0.2000104E+02  0.6041842E+01  Si
  0.1491750E+02  0.1760656E+02  0.8821875E+01  Si
  0.1216747E+02  0.2022706E+02  0.8494735E+01  Si
  0.1611651E+02  0.1635586E+02  0.4526636E+01  Si
  0.3117176E+02  0.1203473E+02  0.5571633E+01  Si
  0.1920016E+02  0.1602055E+02  0.7542561E+01  Si
  0.1629427E+02  0.1872433E+02  0.7314840E+01  Si
  0.1771101E+02  0.1743406E+02  0.6121089E+01  Si
  0.2453925E+02  0.5880360E+01  0.1358606E+01  Si
  0.2334772E+02  0.2015291E+02  0.9308278E+01  Si
  0.1762212E+02  0.1989932E+02  0.8758072E+01  Si
  0.6502261E+02  0.5705867E-02  0.1000763E+02  Si
  0.2701084E+01  0.2683363E+01  0.9839448E+01  Si
  0.2911331E+01  0.1471614E+00  0.1266789E+02  Si
  0.1951481E+00  0.2603349E+01  0.1283754E+02  Si
  0.1647974E+01  0.1344938E+01  0.1132006E+02  Si
  0.4143553E+01  0.4030720E+01  0.1122590E+02  Si
  0.4212248E+01  0.1490975E+01  0.1406004E+02  Si
  0.1213307E+01  0.4156952E+01  0.1409148E+02  Si
  0.5411712E+01  0.6098157E-01  0.9930751E+01  Si
  0.8179163E+01  0.2856108E+01  0.9916645E+01  Si
  0.8407475E+01  0.9282675E-01  0.1280218E+02  Si
  0.5535853E+01  0.2794792E+01  0.1254603E+02  Si
  0.6932464E+01  0.1279036E+01  0.1144427E+02  Si
  0.9403898E+01  0.4281169E+01  0.1142980E+02  Si
  0.9710112E+01  0.1512048E+01  0.1411294E+02  Si
  0.7036880E+01  0.4020640E+01  0.1408817E+02  Si
  0.1107673E+02  0.2165453E+02  0.1025121E+02  Si
  0.1366269E+02  0.2700644E+01  0.9999846E+01  Si
  0.1389517E+02  0.1738890E+00  0.1277223E+02  Si
  0.1095858E+02  0.2992636E+01  0.1264600E+02  Si
  0.1236450E+02  0.1410486E+01  0.1143090E+02  Si
  0.1486498E+02  0.4152915E+01  0.1157046E+02  Si
  0.1508337E+02  0.1397046E+01  0.1428075E+02  Si
  0.1214014E+02  0.4187107E+01  0.1416882E+02  Si
  0.1623287E+02  0.2141804E+02  0.1005058E+02  Si
  0.2000080E+02  0.1334779E+01  0.8723798E+01  Si
  0.2974764E+02  0.2133342E+02  0.2641112E+01  Si
  0.1617591E+02  0.2856458E+01  0.1279263E+02  Si
  0.1718260E+02  0.1340509E+01  0.1129818E+02  Si
  0.1869985E+02  0.2780700E+01  0.1005522E+02  Si
  0.2017330E+02  0.4080288E+01  0.1146000E+02  Si
  0.1758478E+02  0.4274884E+01  0.1427955E+02  Si
  0.6502543E+02  0.5475918E+01  0.1034417E+02  Si
  0.2465882E+01  0.8322002E+01  0.1033532E+02  Si
  0.2806165E+01  0.5308869E+01  0.1256843E+02  Si
  0.6505609E+02  0.8262775E+01  0.1283482E+02  Si
  0.1307148E+01  0.6818684E+01  0.1147056E+02  Si
  0.4097331E+01  0.9573409E+01  0.1142548E+02  Si
  0.4367122E+01  0.6554800E+01  0.1401450E+02  Si
  0.1347265E+01  0.9796167E+01  0.1409864E+02  Si
  0.5381230E+01  0.5546992E+01  0.1010289E+02  Si
  0.8111991E+01  0.7946304E+01  0.1035859E+02  Si
  0.8057990E+01  0.5584043E+01  0.1255025E+02  Si
  0.5433684E+01  0.8072271E+01  0.1278909E+02  Si
  0.6693368E+01  0.6661466E+01  0.1133691E+02  Si
  0.9504542E+01  0.9594726E+01  0.1159756E+02  Si
  0.9621106E+01  0.6903790E+01  0.1392184E+02  Si
  0.6869982E+01  0.9415902E+01  0.1408492E+02  Si
  0.1091178E+02  0.5531426E+01  0.9889141E+01  Si
  0.1361596E+02  0.8142746E+01  0.1029144E+02  Si
  0.1374717E+02  0.5545880E+01  0.1285310E+02  Si
  0.1086062E+02  0.8522358E+01  0.1291957E+02  Si
  0.1227502E+02  0.7052147E+01  0.1162160E+02  Si
  0.1510699E+02  0.9541971E+01  0.1127967E+02  Si
  0.1505380E+02  0.6797377E+01  0.1404839E+02  Si
  0.1221434E+02  0.9736880E+01  0.1414279E+02  Si
  0.1630070E+02  0.5501017E+01  0.1014316E+02  Si
  0.1910969E+02  0.8103630E+01  0.1030786E+02  Si
  0.1918471E+02  0.5616015E+01  0.1302870E+02  Si
  0.1648239E+02  0.8271670E+01  0.1277627E+02  Si
  0.1775409E+02  0.6755773E+01  0.1168110E+02  Si
  0.3279942E+02  0.4391419E+01  0.1542085E+02  Si
  0.2060677E+02  0.6282351E+01  0.1500341E+02  Si
  0.1771245E+02  0.9512595E+01  0.1441491E+02  Si
  0.6511408E+02  0.1078604E+02  0.1040832E+02  Si
  0.2514664E+01  0.1346791E+02  0.1008831E+02  Si
  0.2888742E+01  0.1102342E+02  0.1282344E+02  Si
  0.6503631E+02  0.1341736E+02  0.1272647E+02  Si
  0.1233326E+01  0.1218465E+02  0.1139808E+02  Si
  0.3841211E+01  0.1462648E+02  0.1166706E+02  Si
  0.4408015E+01  0.1211975E+02  0.1411665E+02  Si
  0.1245107E+01  0.1449627E+02  0.1438311E+02  Si
  0.5341496E+01  0.1094301E+02  0.9925152E+01  Si
  0.8200831E+01  0.1375833E+02  0.9762625E+01  Si
  0.8124038E+01  0.1087394E+02  0.1265492E+02  Si
  0.5497603E+01  0.1346138E+02  0.1252224E+02  Si
  0.6893423E+01  0.1229554E+02  0.1126294E+02  Si
  0.9552774E+01  0.1483598E+02  0.1131550E+02  Si
  0.9336525E+01  0.1242654E+02  0.1412156E+02  Si
  0.6813355E+01  0.1462467E+02  0.1432041E+02  Si
  0.1082626E+02  0.1075234E+02  0.9911229E+01  Si
  0.1346468E+02  0.1322204E+02  0.9915156E+01  Si
  0.1364761E+02  0.1078811E+02  0.1273359E+02  Si
  0.1097163E+02  0.1342080E+02  0.1274713E+02  Si
  0.1220144E+02  0.1203363E+02  0.1141547E+02  Si
  0.1455828E+02  0.1501827E+02  0.1112572E+02  Si
  0.1486579E+02  0.1238948E+02  0.1409821E+02  Si
  0.1218856E+02  0.1494595E+02  0.1427142E+02  Si
  0.1651774E+02  0.1073253E+02  0.9762534E+01  Si
  0.2552713E+02  0.9154190E+01  0.1156536E+02  Si
  0.2672663E+02  0.2074909E+01  0.2567209E+01  Si
  0.1608019E+02  0.1326131E+02  0.1229010E+02  Si
  0.1770649E+02  0.1214912E+02  0.1131787E+02  Si
  0.2020842E+02  0.2042677E+02  0.1130168E+02  Si
  0.1911298E+02  0.1579599E+02  0.1282379E+02  Si
  0.1732035E+02  0.1454268E+02  0.1388539E+02  Si
  0.1867713E+00  0.1643251E+02  0.1028059E+02  Si
  0.2724705E+01  0.1890602E+02  0.1021826E+02  Si
  0.2642244E+01  0.1599051E+02  0.1307843E+02  Si
  0.7869341E-01  0.1920746E+02  0.1291458E+02  Si
  0.1431992E+01  0.1770116E+02  0.1163821E+02  Si
  0.4282813E+01  0.2018493E+02  0.1134635E+02  Si
  0.4113063E+01  0.1750401E+02  0.1422706E+02  Si
  0.1634078E+01  0.2039116E+02  0.1417928E+02  Si
  0.5071434E+01  0.1622690E+02  0.1018528E+02  Si
  0.8231300E+01  0.1898673E+02  0.1022617E+02  Si
  0.8165147E+01  0.1617025E+02  0.1277236E+02  Si
  0.5711941E+01  0.1903623E+02  0.1295156E+02  Si
  0.6864660E+01  0.1752795E+02  0.1151662E+02  Si
  0.9691590E+01  0.2036375E+02  0.1153837E+02  Si
  0.9264624E+01  0.1779160E+02  0.1410922E+02  Si
  0.6776017E+01  0.2053671E+02  0.1423439E+02  Si
  0.1095581E+02  0.1633873E+02  0.9820730E+01  Si
  0.1374081E+02  0.1908338E+02  0.1014836E+02  Si
  0.1344776E+02  0.1627730E+02  0.1276232E+02  Si
  0.1101209E+02  0.1887865E+02  0.1290968E+02  Si
  0.1220588E+02  0.1762370E+02  0.1135594E+02  Si
  0.1491669E+02  0.2005224E+02  0.1151139E+02  Si
  0.1494148E+02  0.1739126E+02  0.1418101E+02  Si
  0.1232976E+02  0.2043000E+02  0.1395333E+02  Si
  0.1642191E+02  0.1612943E+02  0.1009728E+02  Si
  0.1894007E+02  0.1870052E+02  0.1059845E+02  Si
  0.2647985E+02  0.1410902E+02  0.1404741E+02  Si
  0.1630396E+02  0.1906828E+02  0.1310099E+02  Si
  0.1756921E+02  0.1732905E+02  0.1174210E+02  Si
  0.2133106E+02  0.1662894E+02  0.1582429E+02  Si
  0.2009370E+02  0.1457062E+02  0.1654457E+02  Si
  0.1759661E+02  0.2061088E+02  0.1410890E+02  Si
  0.3884791E+00  0.9977824E-01  0.1549311E+02  Si
  0.2654810E+01  0.2814869E+01  0.1526171E+02  Si
  0.2836051E+01  0.1579537E+00  0.1829887E+02  Si
  0.6509215E+02  0.2811785E+01  0.1821527E+02  Si
  0.1475406E+01  0.1509432E+01  0.1702344E+02  Si
  0.3902867E+01  0.4043742E+01  0.1669450E+02  Si
  0.4100320E+01  0.1471880E+01  0.1977795E+02  Si
  0.1204717E+01  0.4179514E+01  0.1941577E+02  Si
  0.5526669E+01  0.2124346E+00  0.1553791E+02  Si
  0.8353262E+01  0.2722007E+01  0.1553715E+02  Si
  0.7873350E+01  0.2157820E+02  0.1808123E+02  Si
  0.5272875E+01  0.2705201E+01  0.1821437E+02  Si
  0.6876628E+01  0.1457409E+01  0.1683657E+02  Si
  0.9643270E+01  0.4000387E+01  0.1669021E+02  Si
  0.9374981E+01  0.1358322E+01  0.1947699E+02  Si
  0.6744995E+01  0.4098947E+01  0.1934794E+02  Si
  0.1088093E+02  0.2155849E+02  0.1536060E+02  Si
  0.1351971E+02  0.2776765E+01  0.1557949E+02  Si
  0.1333863E+02  0.2148020E+00  0.1835580E+02  Si
  0.1089295E+02  0.2863120E+01  0.1804791E+02  Si
  0.1221689E+02  0.1292378E+01  0.1675324E+02  Si
  0.1481530E+02  0.4025182E+01  0.1693620E+02  Si
  0.1503349E+02  0.1233482E+01  0.1966420E+02  Si
  0.1224693E+02  0.4079353E+01  0.1941950E+02  Si
  0.1641430E+02  0.1095411E+00  0.1561894E+02  Si
  0.1904244E+02  0.2779512E+01  0.1521309E+02  Si
  0.1927300E+02  0.3218779E+00  0.1806860E+02  Si
  0.1627867E+02  0.2518157E+01  0.1824884E+02  Si
  0.1785125E+02  0.1517800E+01  0.1667328E+02  Si
  0.2024073E+02  0.4313441E+01  0.1642306E+02  Si
  0.2082535E+02  0.1398954E+01  0.2164037E+02  Si
  0.1774329E+02  0.3980544E+01  0.1961840E+02  Si
  0.6510395E+02  0.5650984E+01  0.1536522E+02  Si
  0.2782130E+01  0.8155651E+01  0.1516136E+02  Si
  0.2706550E+01  0.5392472E+01  0.1809106E+02  Si
  0.6514022E+02  0.8140232E+01  0.1815420E+02  Si
  0.1358391E+01  0.6874251E+01  0.1672573E+02  Si
  0.4089961E+01  0.9282411E+01  0.1673226E+02  Si
  0.3968200E+01  0.6837930E+01  0.1954448E+02  Si
  0.1350524E+01  0.9247560E+01  0.1945803E+02  Si
  0.5454964E+01  0.5324806E+01  0.1544884E+02  Si
  0.8180373E+01  0.8084002E+01  0.1538575E+02  Si
  0.8261618E+01  0.5355395E+01  0.1810509E+02  Si
  0.5443656E+01  0.8154591E+01  0.1827342E+02  Si
  0.6827313E+01  0.6708512E+01  0.1680814E+02  Si
  0.9689270E+01  0.9416176E+01  0.1688171E+02  Si
  0.9498174E+01  0.6780106E+01  0.1944674E+02  Si
  0.6926693E+01  0.9446821E+01  0.1957965E+02  Si
  0.1083661E+02  0.5355857E+01  0.1548663E+02  Si
  0.1376910E+02  0.8382932E+01  0.1553062E+02  Si
  0.1367084E+02  0.5377330E+01  0.1832607E+02  Si
  0.1113430E+02  0.8189826E+01  0.1821708E+02  Si
  0.1246999E+02  0.6847973E+01  0.1682597E+02  Si
  0.1522825E+02  0.9458452E+01  0.1706208E+02  Si
  0.1506022E+02  0.6777852E+01  0.1966397E+02  Si
  0.1230970E+02  0.9579791E+01  0.1988437E+02  Si
  0.1611981E+02  0.5621232E+01  0.1566630E+02  Si
  0.1911021E+02  0.8156879E+01  0.1564380E+02  Si
  0.1901370E+02  0.5353738E+01  0.1801398E+02  Si
  0.1662018E+02  0.8028095E+01  0.1827114E+02  Si
  0.1760507E+02  0.6858645E+01  0.1677432E+02  Si
  0.2586468E+02  0.1347011E+01  0.1706400E+02  Si
  0.2026483E+02  0.6717398E+01  0.1961802E+02  Si
  0.1761887E+02  0.9339341E+01  0.2001936E+02  Si
  0.6501236E+02  0.1097258E+02  0.1562906E+02  Si
  0.2913960E+01  0.1354230E+02  0.1542363E+02  Si
  0.2747993E+01  0.1066340E+02  0.1818576E+02  Si
  0.6511358E+02  0.1353575E+02  0.1830005E+02  Si
  0.1463807E+01  0.1227003E+02  0.1672920E+02  Si
  0.3878677E+01  0.1484693E+02  0.1659044E+02  Si
  0.3976421E+01  0.1200913E+02  0.1980128E+02  Si
  0.1291775E+01  0.1490554E+02  0.1960177E+02  Si
  0.5462654E+01  0.1061383E+02  0.1564516E+02  Si
  0.7914532E+01  0.1329633E+02  0.1568852E+02  Si
  0.8074150E+01  0.1084509E+02  0.1811239E+02  Si
  0.5048507E+01  0.1352116E+02  0.1831497E+02  Si
  0.6393255E+01  0.1199119E+02  0.1714347E+02  Si
  0.9638021E+01  0.1492632E+02  0.1685502E+02  Si
  0.9461700E+01  0.1234895E+02  0.1959212E+02  Si
  0.6969151E+01  0.1470523E+02  0.1965981E+02  Si
  0.1091433E+02  0.1108690E+02  0.1543428E+02  Si
  0.1360113E+02  0.1364430E+02  0.1579356E+02  Si
  0.1350336E+02  0.1048817E+02  0.1820638E+02  Si
  0.1099035E+02  0.1358415E+02  0.1835570E+02  Si
  0.1235354E+02  0.1201534E+02  0.1709823E+02  Si
  0.1505501E+02  0.1509196E+02  0.1702456E+02  Si
  0.1488264E+02  0.1199796E+02  0.1949474E+02  Si
  0.1250278E+02  0.1514567E+02  0.1974463E+02  Si
  0.1628288E+02  0.1098309E+02  0.1554633E+02  Si
  0.1860915E+02  0.1333223E+02  0.1547564E+02  Si
  0.1910202E+02  0.1075896E+02  0.1863736E+02  Si
  0.1633949E+02  0.1331520E+02  0.1805079E+02  Si
  0.1770998E+02  0.1185104E+02  0.1707296E+02  Si
  0.2009789E+02  0.1766531E+02  0.1413349E+02  Si
  0.2978373E+02  0.2050751E+02  0.1873786E+02  Si
  0.1789774E+02  0.1458515E+02  0.1947330E+02  Si
  0.8897805E-03  0.1616912E+02  0.1552048E+02  Si
  0.2754096E+01  0.1885501E+02  0.1569640E+02  Si
  0.2767590E+01  0.1603610E+02  0.1828174E+02  Si
  0.6514233E+02  0.1897559E+02  0.1809860E+02  Si
  0.1339554E+01  0.1750325E+02  0.1684872E+02  Si
  0.4155982E+01  0.2063393E+02  0.1679704E+02  Si
  0.3916292E+01  0.1764694E+02  0.1954391E+02  Si
  0.1412161E+01  0.2044577E+02  0.1942046E+02  Si
  0.5561896E+01  0.1627433E+02  0.1556459E+02  Si
  0.7913036E+01  0.1898194E+02  0.1568700E+02  Si
  0.8118213E+01  0.1609047E+02  0.1813864E+02  Si
  0.4971870E+01  0.1914041E+02  0.1814054E+02  Si
  0.6482598E+01  0.1768538E+02  0.1703660E+02  Si
  0.9394542E+01  0.2026454E+02  0.1671288E+02  Si
  0.9565806E+01  0.1729808E+02  0.1936503E+02  Si
  0.6659937E+01  0.2000098E+02  0.1933631E+02  Si
  0.1077142E+02  0.1652991E+02  0.1556517E+02  Si
  0.1390969E+02  0.1917506E+02  0.1522217E+02  Si
  0.1359770E+02  0.1661167E+02  0.1807243E+02  Si
  0.1088801E+02  0.1902784E+02  0.1816143E+02  Si
  0.1226561E+02  0.1798896E+02  0.1661280E+02  Si
  0.1490019E+02  0.2060300E+02  0.1673695E+02  Si
  0.1531009E+02  0.1778026E+02  0.1961333E+02  Si
  0.1210829E+02  0.2034783E+02  0.1959917E+02  Si
  0.1626288E+02  0.1615723E+02  0.1543636E+02  Si
  0.1895391E+02  0.1912840E+02  0.1563222E+02  Si
  0.1903941E+02  0.1624231E+02  0.1811403E+02  Si
  0.1635989E+02  0.1918976E+02  0.1817886E+02  Si
  0.1755852E+02  0.1749230E+02  0.1674831E+02  Si
  0.2167361E+02  0.1835641E+02  0.1727987E+02  Si
  0.2620573E+02  0.1684828E+02  0.1930647E+00  Si
  0.1816718E+02  0.2046944E+02  0.1930506E+02  Si
  0.2631452E+02  0.2080387E+02  0.1694887E+02  Si
  0.2058827E+02  0.1260501E+02  0.8142445E+01  Si
  0.2848651E+02  0.6671716E+01  0.3054683E+01  Si
  0.1997116E+02  0.5786026E+01  0.9730803E+01  Si
  0.2878505E+02  0.8271462E+00  0.1449171E+02  Si
  0.2655461E+02  0.1316966E+02  0.6873514E+01  Si
  0.3489557E+02  0.1042579E+02  0.1118767E+02  Si
  0.1878745E+02  0.2208759E+00  0.1248248E+02  Si
  0.2690263E+02  0.1976295E+02  0.7624485E+01  Si
  0.3810719E+02  0.1323386E+02  0.1280335E+02  Si
  0.3028456E+02  0.7739672E+01  0.1003174E+02  Si
  0.4333156E+02  0.2380788E+01  0.1832390E+02  Si
  0.3258872E+02  0.1568596E+02  0.1321560E+02  Si
  0.3757032E+02  0.3924128E+01  0.7186806E+01  Si
  0.3825785E+02  0.1677761E+02  0.1523091E+02  Si
  0.3909563E+02  0.2000690E+02  0.2998637E+01  Si
  0.2049362E+02  0.1483579E+02  0.7380156E+00  Si
  0.2358151E+02  0.1398613E+02  0.1794124E+02  Si
  0.2495183E+02  0.2171597E+01  0.7625736E+01  Si
  0.3786835E+02  0.7866588E+01  0.1292387E+02  Si
  0.3696863E+02  0.7002454E+00  0.9841568E+01  Si
  0.3377154E+02  0.2149196E+02  0.1779909E+02  Si
  0.4083268E+02  0.4956045E+01  0.1833323E+02  Si
  0.3008172E+02  0.1779336E+02  0.1184097E+02  Si
  0.3296701E+02  0.1427490E+02  0.3600158E+00  Si
  0.4204332E+02  0.1214043E+02  0.3032096E+01  Si
  0.3466809E+02  0.1152181E+02  0.1390607E+02  Si
  0.3154071E+02  0.1500032E+02  0.2585212E+01  Si
  0.4072071E+02  0.8036930E+01  0.4976912E+01  Si
  0.2654909E+02  0.1862410E+02  0.1292171E+02  Si
  0.3417117E+02  0.5083280E+01  0.2027293E+02  Si
  0.4171172E+02  0.6620263E+01  0.3082684E+01  Si
  0.2123791E+02  0.2899163E+00  0.1422969E+02  Si
  0.2699665E+02  0.1539659E+02  0.6552146E+01  Si
  0.2486416E+02  0.1401002E+02  0.1576295E+02  Si
  0.3033087E+02  0.1815818E+01  0.3204289E+01  Si
  0.2438082E+02  0.8549386E+01  0.4466495E+01  Si
  0.2265388E+02  0.1718692E+02  0.1147974E+02  Si
  0.2875572E+02  0.1863365E+02  0.1748332E+02  Si
  0.3254314E+02  0.8021789E+00  0.5865335E+01  Si
  0.2294213E+02  0.1534473E+02  0.1458520E+02  Si
  0.2936156E+02  0.2071289E+02  0.5762761E+01  Si
  0.2537700E+02  0.1218634E+01  0.1127531E+02  Si
  0.2945557E+02  0.1602876E+02  0.5658687E+00  Si
  0.3158031E+02  0.1347946E+02  0.7225643E+01  Si
  0.3685177E+02  0.1141256E+02  0.1396488E+02  Si
  0.3949060E+02  0.1433678E+02  0.1935396E+02  Si
  0.2060504E+02  0.1753006E+02  0.9012273E+01  Si
  0.3937522E+02  0.1724218E+01  0.1781919E+02  Si
  0.3119590E+02  0.1734566E+02  0.2168150E+02  Si
  0.3426312E+02  0.1701581E+02  0.1099954E+02  Si
  0.4053642E+02  0.2297395E+01  0.2122628E+02  Si
  0.2739382E+02  0.3264414E+01  0.4320719E+01  Si
  0.3068621E+02  0.5749507E+01  0.1647326E+02  Si
  0.3314122E+02  0.5329248E+01  0.8947221E+01  Si
  0.2852731E+02  0.1144893E+02  0.2733932E+01  Si
  0.3218655E+02  0.1109762E+00  0.2134029E+02  Si
  0.3125559E+02  0.1937342E+02  0.5616686E+01  Si
  0.2694693E+02  0.7406430E+00  0.2055094E+02  Si
  0.4184153E+02  0.3624259E+01  0.9014568E+00  Si
  0.2348477E+02  0.1455990E+02  0.4438196E+01  Si
  0.2865209E+02  0.2117456E+02  0.8139189E+01  Si
  0.4063420E+02  0.7923212E+01  0.1027564E+02  Si
  0.2497520E+02  0.1083614E+02  0.2157685E+02  Si
  0.2653848E+02  0.7453370E+01  0.1411704E+01  Si
  0.2335527E+02  0.1620995E+01  0.5551083E+00  Si
  0.3097403E+02  0.2465421E+01  0.9926533E+00  Si
  0.2855441E+02  0.1123062E+02  0.1464902E+02  Si
  0.2156377E+02  0.1102911E+02  0.1597297E+02  Si
  0.2436229E+02  0.9101590E+00  0.1527798E+02  Si
  0.2853782E+02  0.6302520E+01  0.7699861E+01  Si
  0.2188129E+02  0.1896253E+02  0.1867968E+01  Si
  0.2338925E+02  0.1019875E+02  0.8594586E+01  Si
  0.2809921E+02  0.4254275E+01  0.2092387E+02  Si
  0.2565328E+02  0.1461626E+02  0.2101012E+02  Si
  0.2555135E+02  0.1055519E+02  0.9561463E+01  Si
  0.4055376E+02  0.1286310E+02  0.1554661E+02  Si
  0.2489229E+02  0.1737387E+02  0.1812566E+02  Si
  0.3434525E+02  0.6470932E+01  0.1826780E+02  Si
  0.3277510E+02  0.1850143E+02  0.2133605E+01  Si
  0.2061435E+02  0.1465724E+02  0.1129810E+02  Si
  0.2857237E+02  0.8701779E+01  0.4416698E+01  Si
  0.3397748E+02  0.6751751E+01  0.2218508E+01  Si
  0.3275743E+02  0.7999319E+01  0.2151039E+02  Si
  0.2239880E+02  0.2780972E+01  0.2414850E+01  Si
  0.2455612E+02  0.1656499E+02  0.2074417E+01  Si
  0.3330446E+02  0.8861698E+01  0.1221503E+02  Si
  0.3013087E+02  0.7996134E+01  0.1907295E+01  Si
  0.3713590E+02  0.1976148E+02  0.4302062E+01  Si
  0.3382824E+02  0.1171408E+01  0.1118932E+01  Si
  0.3787446E+02  0.1071120E+02  0.5029633E+01  Si
  0.3821972E+02  0.1093470E+02  0.9983630E+01  Si
  0.3630697E+02  0.1392765E+02  0.3820504E+01  Si
  0.4223868E+02  0.1747157E+02  0.1968196E+02  Si
  0.3308403E+02  0.9716540E+01  0.1821645E+02  Si
  0.3842063E+02  0.1629437E+02  0.4375851E+01  Si
  0.2794096E+02  0.7903870E+01  0.1737749E+02  Si
  0.3154854E+02  0.1877960E+02  0.1970094E+02  Si
  0.2547430E+02  0.9721110E+01  0.1796180E+01  Si
  0.2721797E+02  0.1568083E+02  0.9124204E+01  Si
  0.3736324E+02  0.1629673E+02  0.8454430E+00  Si
  0.2814314E+02  0.1800091E+02  0.1301831E+01  Si
  0.3661168E+02  0.1268237E+02  0.9285792E+01  Si
  0.3760384E+02  0.1681375E+01  0.1206468E+02  Si
  0.2866950E+02  0.1577649E+02  0.1115618E+02  Si
  0.3949191E+02  0.1989984E+02  0.1508328E+02  Si
  0.2468830E+02  0.1831959E+02  0.2051108E+02  Si
  0.2491101E+02  0.1624552E+02  0.5681850E+01  Si
  0.2681021E+02  0.5435077E+01  0.4416032E+01  Si
  0.2996148E+02  0.4118548E+01  0.1357967E+02  Si
  0.3343855E+02  0.2022991E+02  0.1570592E+02  Si
  0.3946381E+02  0.9029987E+01  0.1434737E+02  Si
  0.3090529E+02  0.1369818E+02  0.2082439E+02  Si
  0.4168667E+02  0.1109546E+01  0.3643256E+01  Si
  0.4086134E+02  0.1855942E+02  0.1649423E+02  Si
  0.3025692E+02  0.4696827E+01  0.4646192E+00  Si
  0.3101160E+02  0.1269008E+02  0.1316891E+02  Si
  0.4206312E+02  0.1997893E+02  0.1181184E+02  Si
  0.3578567E+02  0.2159890E+02  0.1051929E+01  Si
  0.3039888E+02  0.1021748E+02  0.3988520E+01  Si
  0.2832274E+02  0.1259563E+02  0.1856061E+02  Si
  0.4065236E+02  0.1061556E+02  0.1815324E+02  Si
  0.4106331E+02  0.1624872E+02  0.1892149E+01  Si
  0.3916789E+02  0.4118598E+01  0.3756919E+01  Si
  0.4107395E+02  0.1580035E+02  0.1829790E+02  Si
  0.2839330E+02  0.1309707E+02  0.1292512E+02  Si
  0.2367938E+02  0.7428799E+01  0.1707859E+02  Si
  0.3925901E+02  0.8250562E+00  0.2878014E+00  Si
  0.2805224E+02  0.9428098E+01  0.1355706E+01  Si
  0.3249684E+02  0.7776592E+01  0.1915827E+02  Si
  0.2980658E+02  0.1681522E+02  0.3034132E+01  Si
  0.2514171E+02  0.3014717E+01  0.1426745E+02  Si
  0.2481241E+02  0.1767721E+02  0.1411612E+02  Si
  0.1997544E+02  0.2030241E+02  0.5879387E+01  Si
  0.1889741E+02  0.1862093E+02  0.4564196E+01  Si
  0.4070334E+02  0.7750557E+01  0.1584232E+02  Si
  0.2981833E+02  0.1656529E+02  0.1775634E+02  Si
  0.2242214E+02  0.7990979E+01  0.1506024E+02  Si
  0.4224297E+02  0.1476042E+02  0.4589937E+00  Si
  0.3172439E+02  0.5300753E+01  0.4786910E+01  Si
  0.3854371E+02  0.1850199E+02  0.1960530E+02  Si
  0.4379924E+02  0.1308637E+02  0.1816693E+02  Si
  0.2188551E+02  0.1566476E+02  0.2087805E+02  Si
  0.3997686E+02  0.4422280E+01  0.1461656E+02  Si
  0.2904945E+02  0.9389949E+01  0.1621481E+02  Si
  0.3737247E+02  0.4898269E+00  0.1718680E+02  Si
  0.3616710E+02  0.4664911E+01  0.1317490E+02  Si
  0.3441272E+02  0.7553420E+01  0.1427185E+02  Si
  0.3058976E+02  0.1210533E+02  0.1564665E+02  Si
  0.2073933E+02  0.1500290E+01  0.1930605E+02  Si
  0.2263362E+02  0.7370814E+01  0.5820695E+01  Si
  0.2862673E+02  0.2071851E+02  0.1605470E+02  Si
  0.3495220E+02  0.1565332E+02  0.4318030E+00  Si
  0.4078241E+02  0.1097208E+02  0.7770031E+01  Si
  0.2871985E+02  0.1225796E+02  0.1035753E+02  Si
  0.3728167E+02  0.1867425E+02  0.1443124E+01  Si
  0.4191256E+02  0.6554775E+01  0.1978976E+02  Si
  0.4072014E+02  0.1353250E+02  0.1031075E+02  Si
  0.3959592E+02  0.6888704E+01  0.6718290E+01  Si
  0.3708717E+02  0.1592907E+02  0.8025586E+01  Si
  0.4084944E+02  0.2146116E+02  0.7886832E+01  Si
  0.2433417E+02  0.2134335E+02  0.1491406E+01  Si
  0.2196566E+02  0.1372424E+02  0.1303004E+02  Si
  0.1900676E+02  0.1363364E+02  0.4822225E+01  Si
  0.2410114E+02  0.1410954E+02  0.2130644E+01  Si
  0.3723829E+02  0.1544778E+01  0.7621938E+01  Si
  0.2026323E+02  0.1697836E+01  0.3023502E+01  Si
  0.3460303E+02  0.7052349E+01  0.5430856E+01  Si
  0.2035476E+02  0.1207776E+02  0.3608809E+01  Si
  0.2205082E+02  0.2120323E+02  0.2063857E+02  Si
  0.3084122E+02  0.6347366E+01  0.1887960E+02  Si
  0.2155832E+02  0.8301325E+01  0.8679973E+01  Si
  0.2220981E+02  0.6146333E+00  0.1643243E+02  Si
  0.2294177E+02  0.1193692E+02  0.1210407E+02  Si
  0.3173723E+02  0.1024475E+01  0.1689731E+02  Si
  0.2739543E+02  0.2302884E+01  0.1549174E+02  Si
  0.3789660E+02  0.4915218E+01  0.1563438E+02  Si
  0.3835604E+02  0.5388140E+01  0.5457589E+01  Si
  0.3648395E+02  0.1824895E+02  0.7659300E+01  Si
  0.4066820E+02  0.1885247E+02  0.1034086E+02  Si
  0.2725209E+02  0.1446165E+02  0.1935581E+02  Si
  0.3284913E+02  0.1807634E+02  0.1389664E+02  Si
  0.2070433E+02  0.8886823E+01  0.6154202E+01  Si
  0.4079746E+02  0.5099745E+01  0.7872931E+01  Si
  0.3644627E+02  0.1616048E+02  0.1840818E+02  Si
  0.3837261E+02  0.1848022E+02  0.1332105E+02  Si
  0.3176905E+02  0.1624132E+02  0.1628052E+02  Si
  0.3782256E+02  0.8411147E+01  0.7500178E+01  Si
  0.2145103E+02  0.5403505E-01  0.9825654E+01  Si
  0.2063743E+02  0.1477126E+02  0.6166915E+01  Si
  0.3528393E+02  0.2054221E+02  0.1037629E+02  Si
  0.2738899E+02  0.1204017E+02  0.1641087E+02  Si
  0.3129210E+02  0.3316281E+01  0.1163389E+02  Si
  0.2618014E+02  0.1134350E+02  0.3594643E+01  Si
  0.3715956E+02  0.1985032E+02  0.1166339E+02  Si
  0.3580088E+02  0.1153714E+02  0.4570554E+01  Si
  0.3487676E+02  0.5813852E+01  0.1160924E+02  Si
  0.3432349E+02  0.8477149E+00  0.1347919E+02  Si
  0.4158585E+02  0.9246574E+01  0.6827921E+00  Si
  0.2961178E+02  0.2357649E+01  0.2029843E+02  Si
  0.2245355E+02  0.1916016E+02  0.1969913E+02  Si
  0.3222401E+02  0.2445075E+01  0.2041373E+02  Si
  0.2545883E+02  0.1746327E+02  0.3965520E+01  Si
  0.2391470E+02  0.1532763E+02  0.8804107E+01  Si
  0.2187560E+02  0.1647268E+02  0.4938492E+01  Si
  0.2507698E+02  0.1947978E+01  0.1922809E+02  Si
  0.4183122E+02  0.2008889E+02  0.7343850E+00  Si
  0.4197846E+02  0.1761413E+02  0.8833815E+01  Si
  0.2728244E+02  0.4614693E+01  0.6614327E+01  Si
  0.3008984E+02  0.3874543E+01  0.9547596E+01  Si
  0.3943339E+02  0.1190986E+02  0.5921576E+01  Si
  0.3196232E+02  0.6250150E+01  0.1264731E+01  Si
  0.3791975E+02  0.1021494E+02  0.1564764E+02  Si
  0.3572357E+02  0.3548019E+01  0.1916368E+02  Si
  0.3744310E+02  0.3426503E+01  0.2059709E+02  Si
  0.3366348E+02  0.9680396E+01  0.9086089E+01  Si
  0.3696900E+02  0.1512483E+02  0.5762561E+01  Si
  0.4233911E+02  0.3928441E+01  0.1140392E+02  Si
  0.3386405E+02  0.4739577E+01  0.5123466E+01  Si
  0.4199089E+02  0.9584631E+01  0.6156132E+01  Si
  0.3530957E+02  0.1857869E+02  0.5417845E+01  Si
  0.4210682E+02  0.9100266E+01  0.1696111E+02  Si
  0.3415553E+02  0.3317950E+01  0.1362452E+02  Si
  0.2300015E+02  0.1109771E+02  0.1244413E+01  Si
  0.3950837E+02  0.1727391E+02  0.1151053E+02  Si
  0.3319843E+02  0.1982045E+02  0.8718686E+01  Si
  0.3346292E+02  0.2016706E+02  0.6174807E+01  Si
  0.2192666E+02  0.2799724E+01  0.1745683E+02  Si
  0.3711127E+02  0.1442117E+02  0.1670883E+02  Si
  0.2589306E+02  0.9061610E+01  0.1829736E+02  Si
  0.3385619E+02  0.1722619E+02  0.3991464E+01  Si
  0.2673848E+02  0.1614211E+02  0.1249938E+02  Si
  0.2986500E+02  0.1952648E+02  0.1413455E+02  Si
  0.2552853E+02  0.1395707E+02  0.9141710E+01  Si
  0.2171395E+02  0.8304192E+01  0.1842664E+02  Si
  0.3305636E+02  0.1555325E+02  0.5693942E+01  Si
  0.4222727E+02  0.6743460E+01  0.8871339E+01  Si
  0.2627542E+02  0.1537595E+02  0.1725678E+02  Si
  0.3268240E+02  0.5095579E+01  0.1276435E+02  Si
  0.3182955E+02  0.9364645E+01  0.1052539E+02  Si
  0.2345289E+02  0.1164507E+02  0.6831646E+01  Si
  0.3335643E+02  0.2030434E+02  0.1988295E+02  Si
  0.3945312E+02  0.9240802E+01  0.8971743E+01  Si
  0.3946897E+02  0.1470082E+02  0.1426787E+02  Si
  0.3339261E+02  0.2036717E+02  0.3653295E+01  Si
  0.3078965E+02  0.1275336E+02  0.1818981E+02  Si
  0.3809883E+02  0.1614023E+02  0.2029031E+02  Si
  0.4059013E+02  0.6667065E-01  0.1891703E+02  Si
  0.1995480E+02  0.2157095E+01  0.1316741E+02  Si
  0.2914955E+02  0.4340000E+01  0.2686267E+01  Si
  0.2298181E+02  0.1432719E+01  0.1118109E+02  Si
  0.3800347E+02  0.1037038E+02  0.6668741E-03  Si
  0.4061939E+02  0.1328413E+02  0.4498159E+01  Si
  0.3812243E+02  0.7911920E+01  0.1819621E+02  Si
  0.4199524E+02  0.9244129E+01  0.1151473E+02  Si
  0.4039300E+02  0.2534941E+01  0.1601131E+02  Si
  0.2993433E+02  0.2960587E+01  0.7013615E+01  Si
  0.3728213E+02  0.2011644E+02  0.9228169E+01  Si
  0.3669977E+02  0.1422308E+02  0.1103375E+02  Si
  0.2052332E+02  0.9741493E+01  0.1147826E+02  Si
  0.2154705E+02  0.1293987E+02  0.1756738E+02  Si
  0.2671489E+02  0.1783691E+02  0.1957646E+02  Si
  0.3368656E+02  0.2601085E+01  0.1645970E+02  Si
  0.3380198E+02  0.2017611E+02  0.1289583E+02  Si
  0.2176272E+02  0.1309933E+02  0.1940729E+01  Si
  0.2497418E+02  0.1259650E+02  0.5165320E+01  Si
  0.3957915E+02  0.1608055E+01  0.7018429E+01  Si
  0.2330713E+02  0.3700410E+01  0.6685194E+01  Si
  0.2431419E+02  0.3408888E+01  0.1199953E+02  Si
  0.2949246E+02  0.1522117E+02  0.6007064E+01  Si
  0.3948000E+02  0.2068912E+02  0.9592477E+01  Si
  0.2615832E+02  0.5126470E+01  0.1802195E+02  Si
  0.4190213E+02  0.2006952E+02  0.6264479E+01  Si
  0.3289188E+02  0.1177934E+02  0.8322384E+01  Si
  0.3010992E+02  0.1368251E+02  0.1202485E+01  Si
  0.3808991E+02  0.1593998E+02  0.1022518E+02  Si
  0.2785593E+02  0.1351368E+02  0.2422908E+01  Si
  0.3453541E+02  0.1477511E+02  0.1209222E+02  Si
  0.3820470E+02  0.4629957E+01  0.1049986E+02  Si
  0.4042594E+02  0.2111080E+02  0.1333652E+02  Si
  0.3780324E+02  0.1309306E+02  0.1851418E+02  Si
  0.3558263E+02  0.1259918E+02  0.1973483E+02  Si
  0.4055655E+02  0.2167983E+02  0.1895417E+01  Si
  0.2777937E+02  0.1562500E+01  0.1102455E+02  Si
  0.2869298E+02  0.1078469E+02  0.5731801E+01  Si
  0.2278262E+02  0.9995187E+01  0.3471992E+01  Si
  0.3359115E+02  0.1743071E+02  0.1284254E-01  Si
  0.3891991E+02  0.1165598E+02  0.1685975E+02  Si
  0.2399537E+02  0.1559405E+02  0.1950773E+02  Si
  0.3083079E+02  0.1905360E+02  0.3193614E+01  Si
  0.3491256E+02  0.2323776E+01  0.8265356E+01  Si
  0.3442450E+02  0.1772458E+02  0.8518357E+01  Si
  0.3472013E+02  0.7915836E+01  0.7710407E+01  Si
  0.2511020E+02  0.3249055E+01  0.1221757E+01  Si
  0.2305994E+02  0.3711576E+01  0.1925105E+02  Si
  0.3663732E+02  0.8650562E+00  0.1413221E+02  Si
  0.2596536E+02  0.2127849E+02  0.1278245E+02  Si
  0.3561627E+02  0.4103978E+01  0.1661861E+02  Si
  0.4071451E+02  0.2272979E+01  0.1035000E+02  Si
  0.2902895E+02  0.4304808E+01  0.1589939E+02  Si
  0.4198604E+02  0.2029048E+02  0.1743651E+02  Si
  0.4132794E+02  0.5432178E+01  0.1288626E+02  Si
  0.2834969E+02  0.9687134E+01  0.2073077E+02  Si
  0.4216497E+02  0.1219440E+02  0.8997563E+01  Si
  0.3934457E+02  0.6391862E+01  0.1694378E+02  Si
  0.2418819E+02  0.9441918E+01  0.1383780E+02  Si
  0.3538176E+02  0.1298433E+01  0.1789954E+02  Si
  0.2820776E+02  0.1179053E+02  0.7887170E+01  Si
  0.2121637E+02  0.2160065E+02  0.4198337E+01  Si
  0.1915641E+02  0.1340889E+02  0.9895002E+01  Si
  0.4250375E+02  0.1745691E+02  0.3434244E+01  Si
  0.4208971E+02  0.1755458E+02  0.1438043E+02  Si
  0.2842240E+02  0.1746420E+02  0.1426491E+02  Si
  0.3706763E+02  0.5695920E+01  0.2117504E+02  Si
  0.3531606E+02  0.5027528E+01  0.3192756E+01  Si
  0.2324079E+02  0.1296421E+00  0.1304262E+02  Si
  0.2393270E+02  0.3002289E+01  0.1634147E+02  Si
  0.4035146E+02  0.1059782E+02  0.2179643E+01  Si
  0.3106445E+02  0.8286055E+01  0.1322853E+02  Si
  0.4100963E+02  0.1598177E+02  0.1290126E+02  Si
  0.2300148E+02  0.2021032E+02  0.3275256E+01  Si
  0.2448166E+02  0.1843196E+02  0.1062776E+02  Si
  0.3402918E+02  0.7273063E+01  0.9911330E+01  Si
  0.2079185E+02  0.4025812E+01  0.1100685E+01  Si
  0.3399607E+02  0.2499953E+01  0.6084672E+01  Si
  0.3443655E+02  0.9788753E+01  0.1545031E+02  Si
  0.2561799E+02  0.2099156E+02  0.5885243E+01  Si
  0.3264844E+02  0.1335505E+02  0.1010626E+02  Si
  0.1907073E+02  0.5795156E+01  0.7521064E+01  Si
  0.3559875E+02  0.1497586E+02  0.2011582E+02  Si
  0.3276867E+02  0.1012614E+01  0.3356440E+01  Si
  0.3644707E+02  0.8952500E+01  0.1679237E+02  Si
  0.3420415E+02  0.6130311E+01  0.1609664E+02  Si
  0.3212374E+02  0.9715461E+01  0.2377689E+01  Si
  0.2368797E+02  0.8662908E+01  0.2127439E+02  Si
  0.2518601E+02  0.1165566E+02  0.1620382E+02  Si
  0.3705082E+02  0.1019405E+02  0.1179253E+02  Si
  0.3034251E+02  0.1405478E+02  0.1000043E+02  Si
  0.3380967E+02  0.1557494E+02  0.1534500E+02  Si
  0.2298534E+02  0.1020015E+02  0.1934542E+02  Si
  0.3785793E+02  0.1336435E+02  0.7341361E+01  Si
  0.3081285E+02  0.5799468E+01  0.8720263E+01  Si
  0.2720912E+02  0.1723051E+02  0.1612627E+02  Si
  0.2866956E+02  0.1638407E+02  0.2000132E+02  Si
  0.3342609E+02  0.1131961E+02  0.5708413E+01  Si
  0.3898471E+02  0.6701380E+01  0.6158727E+00  Si
  0.2236012E+02  0.6084500E+01  0.9599422E+01  Si
  0.4185269E+02  0.1473117E+02  0.5924771E+01  Si
  0.3674230E+02  0.6541483E+01  0.4411916E+01  Si
  0.3524561E+02  0.1738215E+02  0.1443883E+02  Si
  0.2777628E+02  0.2068924E+02  0.3827811E+01  Si
  0.2526641E+02  0.9382031E+01  0.1605543E+02  Si
  0.2709578E+02  0.9828441E+01  0.7875376E+01  Si
  0.3573073E+02  0.1630716E+01  0.4559959E+01  Si
  0.3628567E+02  0.1536098E+02  0.1456658E+02  Si
  0.3497008E+02  0.2650688E+01  0.2622758E+01  Si
  0.2492659E+02  0.1313255E+02  0.1264714E+02  Si
  0.3461495E+02  0.1533582E+02  0.2896789E+01  Si
  0.2665343E+02  0.1799546E+02  0.9345213E+01  Si
  0.2505114E+02  0.5421291E+01  0.7437993E+01  Si
  0.3669995E+02  0.6087675E+01  0.1894125E+02  Si
  0.3018723E+02  0.1128875E+02  0.2073669E+02  Si
  0.3198574E+02  0.1022667E+02  0.1600717E+02  Si
  0.2033913E+02  0.9467481E+01  0.1710127E+02  Si
  0.4089941E+02  0.1896680E+02  0.4407031E+01  Si
  0.3232197E+02  0.1091615E+01  0.1216948E+02  Si
  0.2687364E+02  0.5917079E+01  0.9417729E+01  Si
  0.2263099E+02  0.7122875E+01  0.8000386E+00  Si
  0.3850365E+02  0.3804426E+01  0.1271229E+02  Si
  0.3930295E+02  0.3470591E+01  0.8801362E+01  Si
  0.3556957E+02  0.1912592E+02  0.1593985E+02  Si
  0.3589128E+02  0.9577137E+01  0.2085668E+02  Si
  0.3940915E+02  0.6501667E+01  0.1162107E+02  Si
  0.3485020E+02  0.1804997E+02  0.1796993E+02  Si
  0.3111078E+02  0.1588403E+02  0.1977738E+02  Si
  0.3495358E+02  0.1339680E+02  0.1554379E+02  Si
  0.2818699E+02  0.5399700E+01  0.1258144E+02  Si
  0.3787624E+02  0.1403278E+02  0.1833093E+01  Si
  0.2189166E+02  0.1589649E+02  0.9826724E+01  Si
  0.4020185E+02  0.5022538E+01  0.2029962E+01  Si
  0.3503697E+02  0.7180274E+01  0.2120083E+02  Si
  0.3426983E+02  0.1220082E+02  0.6094280E-01  Si
  0.3650247E+02  0.4889513E+01  0.8938385E+01  Si
  0.4218451E+02  0.1042917E+01  0.9195310E+01  Si
  0.2045921E+02  0.1235371E+02  0.1426086E+02  Si
  0.2692547E+02  0.1090477E+02  0.1263842E+02  Si
  0.2293784E+02  0.1817157E+02  0.6377204E+01  Si
  0.2659990E+02  0.1098010E+02  0.1966998E+02  Si
  0.3110706E+02  0.1413172E+02  0.4726674E+01  Si
  0.2742978E+02  0.2044685E+02  0.1917919E+02  Si
  0.2140855E+02  0.1924137E+02  0.7654427E+01  Si
  0.2363002E+02  0.7442884E+01  0.7930355E+01  Si
  0.4210265E+02  0.4131975E+01  0.6029760E+01  Si
  0.2415411E+02  0.5613906E+01  0.2041051E+02  Si
  0.3521278E+02  0.1181694E+02  0.7504599E+01  Si
  0.3071285E+02  0.7249365E+01  0.4153080E+01  Si
  0.3937583E+02  0.1456767E+02  0.8678119E+01  Si
  0.2206173E+02  0.1124193E+02  0.1010083E+02  Si
  0.2626997E+02  0.1228171E+02  0.1084768E+02  Si
  0.3045711E+02  0.2293923E+01  0.1534754E+02  Si
  0.2743298E+02  0.6552788E+01  0.2098834E+02  Si
  0.3614387E+02  0.9801827E+01  0.6555645E+01  Si
  0.3510306E+02  0.1868037E+02  0.2025622E+02  Si
  0.3638405E+02  0.7252792E+01  0.9283281E+01  Si
  0.3966218E+02  0.1496220E+02  0.3056560E+01  Si
  0.2816288E+02  0.8110362E+00  0.9216593E+00  Si
  0.4057723E+02  0.2641917E+01  0.5026268E+01  Si
  0.2448394E+02  0.1183044E+02  0.1859006E+02  Si
  0.2880028E+02  0.9373778E+01  0.1252289E+02  Si
  0.2967709E+02  0.1550339E+02  0.8329243E+01  Si
  0.3303633E+02  0.8025138E+01  0.3866297E+01  Si
  0.2458581E+02  0.6194757E+01  0.3682325E+01  Si
  0.3126633E+02  0.2000527E+02  0.1209300E+02  Si
  0.4154382E+02  0.1011766E+01  0.1458037E+02  Si
  0.4051310E+02  0.1631120E+02  0.7434692E+01  Si
  0.2568503E+02  0.2097980E+02  0.9465265E+01  Si
  0.2605596E+02  0.5296695E+01  0.1404119E+02  Si
  0.3954591E+02  0.3288115E+01  0.1937146E+02  Si
  0.2167371E+02  0.1089574E+02  0.5247568E+01  Si
  0.2166919E+02  0.5505667E+01  0.4942486E+01  Si
  0.2832795E+02  0.2105522E+02  0.1277891E+02  Si
  0.2346930E+02  0.4106088E+01  0.8976077E+01  Si
  0.3924418E+02  0.2077317E+02  0.2028122E+02  Si
  0.2427578E+02  0.1936462E+02  0.4904224E+01  Si
  0.3303254E+02  0.1888644E+02  0.1100997E+02  Si
  0.2990724E+02  0.1454257E+02  0.1561629E+02  Si
  0.2474456E+02  0.1744915E+02  0.7877545E+01  Si
  0.2378814E+02  0.7466346E+01  0.1133339E+02  Si
  0.3401684E+02  0.1521290E+02  0.9275312E+01  Si
  0.4182003E+02  0.1170313E+02  0.1397236E+02  Si
  0.3909358E+02  0.9254658E+01  0.3590589E+01  Si
  0.3719467E+02  0.2068131E+02  0.1532275E+02  Si
  0.3658150E+02  0.6557896E+01  0.1433492E+02  Si
  0.4231100E+02  0.6632217E+01  0.1443316E+02  Si
  0.3550313E+02  0.2135898E+02  0.3393919E+01  Si
  0.3769976E+02  0.7646024E+01  0.2519421E+01  Si
  0.3480186E+02  0.3824397E+01  0.1019093E+02  Si
  0.2462976E+02  0.2168593E+02  0.2055855E+02  Si
  0.2286215E+02  0.9527897E+00  0.5657498E+01  Si
  0.2975663E+02  0.2044394E+02  0.1018232E+02  Si
  0.3965256E+02  0.6428293E+00  0.1167018E+02  Si
  0.2480351E+02  0.7155056E+01  0.1489574E+02  Si
  0.3908419E+02  0.9464022E+01  0.1954593E+02  Si
  0.3050736E+02  0.1089637E+02  0.1159085E+02  Si
  0.2633774E+02  0.1664969E+01  0.5822515E+01  Si
  0.3336612E+02  0.1262169E+02  0.1204343E+02  Si
  0.3959231E+02  0.1788036E+02  0.9342468E+00  Si
  0.3072183E+02  0.1030369E+02  0.1819288E+02  Si
  0.3645869E+02  0.1756824E+02  0.3419862E+01  Si
  0.3132998E+02  0.1877235E+02  0.1581022E+02  Si
  0.3237815E+02  0.1043553E+02  0.9643722E-02  Si
  0.3442085E+02  0.1281423E+01  0.1057384E+02  Si
  0.3107525E+02  0.1718092E+02  0.6431583E+01  Si
  0.3573352E+02  0.8287004E+01  0.1744645E+01  Si
  0.3012998E+02  0.1586428E+02  0.1351245E+02  Si
  0.3695107E+02  0.1995286E+02  0.2101298E+02  Si
  0.2986793E+02  0.3564959E+01  0.4685269E+01  Si
  0.2135447E+02  0.2350155E+01  0.7184605E+01  Si
  0.2340176E+02  0.1913472E+02  0.1269831E+02  Si
  0.2331325E+02  0.4157867E+01  0.4188244E+01  Si
  0.3199997E+02  0.1564331E+02  0.8057166E+01  Si
  0.3203691E+02  0.1286951E+02  0.2305134E+01  Si
  0.2218433E+02  0.8568430E+01  0.1269488E+02  Si
  0.3935290E+02  0.1223689E+02  0.7984705E+00  Si
  0.4222993E+02  0.1184791E+02  0.1971454E+02  Si
  0.2805706E+02  0.4075835E+01  0.1071979E+02  Si
  0.3916037E+02  0.1718139E+02  0.1750989E+02  Si
  0.3188317E+02  0.4961886E+01  0.2049711E+02  Si
  0.3274720E+02  0.1727420E+02  0.1826397E+02  Si
  0.3183761E+02  0.4351095E+01  0.7038264E+01  Si
  0.2049776E+02  0.2010081E+02  0.3873544E+00  Si
  0.3737719E+02  0.2828046E+01  0.2999399E+01  Si
  0.3735005E+02  0.1839720E+01  0.8799599E+00  Si
  0.2783244E+02  0.1821064E+02  0.3632225E+01  Si
  0.3052804E+02  0.8949631E+00  0.7020930E+01  Si
  0.2424467E+02  0.1561188E+02  0.1268328E+02  Si
  0.3490426E+02  0.1397472E+02  0.1802696E+02  Si
  0.2586524E+02  0.3946361E+01  0.2060126E+02  Si
  0.3601061E+02  0.1793088E+02  0.1224785E+02  Si
  0.4074030E+02  0.1346153E+02  0.2092726E+02  Si
  0.2986767E+02  0.2161394E+02  0.2080900E+02  Si
  0.2414845E+02  0.1167686E-01  0.7571429E+01  Si
  0.2729728E+02  0.5898840E+01  0.1614728E+02  Si
  0.3963003E+02  0.1782582E+02  0.5854494E+01  Si
  0.2507157E+02  0.5273943E+01  0.1074921E+02  Si
  0.2077792E+02  0.1731611E+02  0.1929802E+02  Si
  0.2579917E+02  0.6055532E-01  0.3316962E+01  Si
  0.3940541E+02  0.1198687E+02  0.1143080E+02  Si
  0.3587671E+02  0.1080388E+02  0.1174984E+01  Si
  0.3713473E+02  0.2540830E+01  0.1573522E+02  Si
  0.2799830E+02  0.8139103E+01  0.9468683E+01  Si
  0.2261634E+02  0.1382526E+02  0.7398787E+01  Si
  0.2785775E+02  0.1947901E+02  0.1095994E+02  Si
  0.2650352E+02  0.9720168E+01  0.5512384E+01  Si
  0.2158502E+02  0.8198476E+01  0.2535374E+01  Si
  0.3544962E+02  0.1026428E+02  0.1868698E+02  Si
  0.4210213E+02  0.3779398E+01  0.1699877E+02  Si
  0.2792967E+02  0.1418881E+02  0.1610193E+02  Si
  0.3074688E+02  0.8105876E+01  0.1558054E+02  Si
  0.3052923E+02  0.6158879E+01  0.1183415E+02  Si
  0.4219653E+02  0.1488461E+02  0.1150731E+02  Si
  0.2064477E+02  0.2061782E+02  0.1665535E+02  Si
  0.3389698E+02  0.1133043E+02  0.3008507E+01  Si
  0.1905021E+02  0.1099737E+02  0.1291357E+02  Si
  0.2577361E+02  0.6971474E+01  0.1938384E+02  Si
  0.2529622E+02  0.1894598E+02  0.1629702E+02  Si
  0.2824821E+02  0.1533463E+02  0.3852846E+01  Si
  0.4026737E+02  0.7927459E+01  0.2103808E+02  Si
  0.4051187E+02  0.1027471E+02  0.1269986E+02  Si
  0.2604150E+02  0.1290599E+02  0.8597878E+00  Si
  0.3045498E+02  0.9135938E+00  0.1862286E+02  Si
  0.4049189E+02  0.1887965E+02  0.2087658E+02  Si
  0.4339438E+02  0.2159751E+02  0.2132446E+02  Si
  0.4608439E+02  0.2515671E+01  0.2117955E+02  Si
  0.4616040E+02  0.3453179E-01  0.2329413E+01  Si
  0.4309010E+02  0.2453192E+01  0.2298601E+01  Si
  0.4476924E+02  0.1383815E+01  0.1026312E+01  Si
  0.4753366E+02  0.3955916E+01  0.9129414E+00  Si
  0.4744881E+02  0.1307734E+01  0.3904687E+01  Si
  0.4460830E+02  0.3863266E+01  0.3648839E+01  Si
  0.4870514E+02  0.2144004E+02  0.2133218E+02  Si
  0.5165074E+02  0.2520480E+01  0.2102345E+02  Si
  0.5154658E+02  0.8203699E-01  0.1983687E+01  Si
  0.4889324E+02  0.2665785E+01  0.2222178E+01  Si
  0.5015874E+02  0.1213705E+01  0.5993136E+00  Si
  0.5308861E+02  0.3984164E+01  0.8089156E+00  Si
  0.5277735E+02  0.1209418E+01  0.3373034E+01  Si
  0.5026496E+02  0.3970124E+01  0.3567406E+01  Si
  0.5438945E+02  0.2140024E+02  0.2108286E+02  Si
  0.5689213E+02  0.2617210E+01  0.2117558E+02  Si
  0.5701573E+02  0.2163967E+02  0.2206826E+01  Si
  0.5419950E+02  0.2463746E+01  0.2256076E+01  Si
  0.5555289E+02  0.1179215E+01  0.7922147E+00  Si
  0.5836944E+02  0.3940065E+01  0.7727386E+00  Si
  0.5856085E+02  0.1205981E+01  0.3466304E+01  Si
  0.5574538E+02  0.3880492E+01  0.3607797E+01  Si
  0.5993642E+02  0.1402944E+00  0.2090728E+02  Si
  0.6263161E+02  0.2809962E+01  0.2082798E+02  Si
  0.6244265E+02  0.2151665E+02  0.1956331E+01  Si
  0.5990074E+02  0.2594285E+01  0.2051130E+01  Si
  0.6121341E+02  0.1297093E+01  0.6088012E+00  Si
  0.6373905E+02  0.4119041E+01  0.5029397E+00  Si
  0.6383739E+02  0.1396597E+01  0.3081294E+01  Si
  0.6125470E+02  0.4203952E+01  0.3096726E+01  Si
  0.4312616E+02  0.5011147E+01  0.2131140E+02  Si
  0.4606286E+02  0.7573401E+01  0.2143893E+02  Si
  0.4598045E+02  0.5063278E+01  0.2446533E+01  Si
  0.4321651E+02  0.7895454E+01  0.1978388E+01  Si
  0.4474743E+02  0.6313494E+01  0.7802236E+00  Si
  0.4729097E+02  0.9402342E+01  0.8127150E+00  Si
  0.4759263E+02  0.6671203E+01  0.3129917E+01  Si
  0.4453172E+02  0.9516214E+01  0.3470442E+01  Si
  0.4897146E+02  0.5089103E+01  0.2126100E+02  Si
  0.5150512E+02  0.8063542E+01  0.2102295E+02  Si
  0.5162407E+02  0.5369837E+01  0.2034101E+01  Si
  0.4910659E+02  0.8197782E+01  0.2011824E+01  Si
  0.5017783E+02  0.6840286E+01  0.8437882E+00  Si
  0.5267634E+02  0.9488640E+01  0.7223479E+00  Si
  0.5297523E+02  0.6719477E+01  0.3502428E+01  Si
  0.5050290E+02  0.9378575E+01  0.3622764E+01  Si
  0.5439800E+02  0.5128059E+01  0.2115973E+02  Si
  0.5685931E+02  0.8153719E+01  0.2094678E+02  Si
  0.5698464E+02  0.5279114E+01  0.2126348E+01  Si
  0.5412799E+02  0.8124833E+01  0.2124246E+01  Si
  0.5570326E+02  0.6699074E+01  0.8168528E+00  Si
  0.5825336E+02  0.9341094E+01  0.5354323E+00  Si
  0.5832071E+02  0.6678543E+01  0.3381326E+01  Si
  0.5554575E+02  0.9218435E+01  0.3420312E+01  Si
  0.5984702E+02  0.5278160E+01  0.2106688E+02  Si
  0.6265656E+02  0.8395038E+01  0.2096426E+02  Si
  0.6260091E+02  0.5471303E+01  0.1904419E+01  Si
  0.5969926E+02  0.7939482E+01  0.1919219E+01  Si
  0.6125561E+02  0.6748811E+01  0.5736884E+00  Si
  0.6377360E+02  0.9608833E+01  0.6538365E+00  Si
  0.6390512E+02  0.6869150E+01  0.3262983E+01  Si
  0.6089928E+02  0.9343396E+01  0.3414584E+01  Si
  0.4323974E+02  0.1021213E+02  0.2105517E+02  Si
  0.4596421E+02  0.1336771E+02  0.2119143E+02  Si
  0.4590297E+02  0.1080852E+02  0.2265447E+01  Si
  0.4373305E+02  0.1313505E+02  0.1817630E+01  Si
  0.4481605E+02  0.1151724E+02  0.3393103E+00  Si
  0.4729668E+02  0.1471978E+02  0.7848807E+00  Si
  0.4729639E+02  0.1237909E+02  0.3591512E+01  Si
  0.4458278E+02  0.1478344E+02  0.3504106E+01  Si
  0.4894814E+02  0.1067614E+02  0.2112697E+02  Si
  0.5168849E+02  0.1357492E+02  0.2091602E+02  Si
  0.5159627E+02  0.1088748E+02  0.2232080E+01  Si
  0.4878134E+02  0.1352803E+02  0.2112610E+01  Si
  0.5040770E+02  0.1210648E+02  0.7154320E+00  Si
  0.5291921E+02  0.1482801E+02  0.7877654E+00  Si
  0.5286953E+02  0.1224778E+02  0.3392369E+01  Si
  0.5019233E+02  0.1500080E+02  0.3550417E+01  Si
  0.5413099E+02  0.1087040E+02  0.2107671E+02  Si
  0.5728142E+02  0.1358637E+02  0.2100948E+02  Si
  0.5679743E+02  0.1076412E+02  0.1933658E+01  Si
  0.5417884E+02  0.1351436E+02  0.2310501E+01  Si
  0.5560840E+02  0.1231463E+02  0.6434228E+00  Si
  0.5816758E+02  0.1518330E+02  0.1097898E+01  Si
  0.5824453E+02  0.1188886E+02  0.3586194E+01  Si
  0.5565383E+02  0.1502744E+02  0.3538565E+01  Si
  0.5987321E+02  0.1057159E+02  0.2122943E+02  Si
  0.6248603E+02  0.1343708E+02  0.2092922E+02  Si
  0.6229126E+02  0.1076811E+02  0.2082959E+01  Si
  0.5970705E+02  0.1363042E+02  0.2110346E+01  Si
  0.6111385E+02  0.1233742E+02  0.8750448E+00  Si
  0.6374239E+02  0.1492516E+02  0.4568059E+00  Si
  0.6375998E+02  0.1214723E+02  0.3266525E+01  Si
  0.6146918E+02  0.1507442E+02  0.3348451E+01  Si
  0.4354595E+02  0.1611484E+02  0.2091932E+02  Si
  0.4610400E+02  0.1888983E+02  0.2115914E+02  Si
  0.4605714E+02  0.1625056E+02  0.2337222E+01  Si
  0.4343314E+02  0.1896798E+02  0.2017946E+01  Si
  0.4465913E+02  0.1735825E+02  0.8071666E+00  Si
  0.4740815E+02  0.2011605E+02  0.9604004E+00  Si
  0.4734512E+02  0.1774465E+02  0.3541864E+01  Si
  0.4454036E+02  0.2038566E+02  0.3600324E+01  Si
  0.4886120E+02  0.1612415E+02  0.2111652E+02  Si
  0.5121325E+02  0.1892553E+02  0.2098737E+02  Si
  0.5137556E+02  0.1625521E+02  0.2030681E+01  Si
  0.4891071E+02  0.1890549E+02  0.2297325E+01  Si
  0.4994038E+02  0.1749845E+02  0.6034599E+00  Si
  0.5268297E+02  0.2035760E+02  0.5599580E+00  Si
  0.5270075E+02  0.1780363E+02  0.3294983E+01  Si
  0.5031724E+02  0.2027953E+02  0.3375989E+01  Si
  0.5431435E+02  0.1625427E+02  0.2108251E+02  Si
  0.5697467E+02  0.1894107E+02  0.2083072E+02  Si
  0.5668611E+02  0.1661694E+02  0.2397885E+01  Si
  0.5415792E+02  0.1919573E+02  0.1977825E+01  Si
  0.5570720E+02  0.1770905E+02  0.6135101E+00  Si
  0.5836357E+02  0.2053559E+02  0.4735738E+00  Si
  0.5825815E+02  0.1786068E+02  0.3495780E+01  Si
  0.5573737E+02  0.2037193E+02  0.3678769E+01  Si
  0.5963322E+02  0.1637906E+02  0.2127024E+02  Si
  0.6226095E+02  0.1911966E+02  0.2116190E+02  Si
  0.6249113E+02  0.1627437E+02  0.1949557E+01  Si
  0.5943562E+02  0.1907730E+02  0.2056010E+01  Si
  0.6094238E+02  0.1781801E+02  0.7846852E+00  Si
  0.6385964E+02  0.2044549E+02  0.5505644E+00  Si
  0.6374752E+02  0.1766615E+02  0.3511131E+01  Si
  0.6109421E+02  0.2020984E+02  0.3326144E+01  Si
  0.4323006E+02  0.2171708E+02  0.5226569E+01  Si
  0.4595373E+02  0.2655925E+01  0.5161406E+01  Si
  0.4606096E+02  0.2151809E+02  0.7704728E+01  Si
  0.4327791E+02  0.2634458E+01  0.7686137E+01  Si
  0.4471367E+02  0.1351393E+01  0.6526281E+01  Si
  0.4722854E+02  0.4190540E+01  0.6389174E+01  Si
  0.4757836E+02  0.1282298E+01  0.8986071E+01  Si
  0.4493314E+02  0.3961397E+01  0.8771948E+01  Si
  0.4889234E+02  0.2158899E+02  0.5065533E+01  Si
  0.5173283E+02  0.2693259E+01  0.4970642E+01  Si
  0.5149944E+02  0.2160450E+02  0.7571957E+01  Si
  0.4867521E+02  0.2628948E+01  0.7482998E+01  Si
  0.5018418E+02  0.1631876E+01  0.6190360E+01  Si
  0.5305647E+02  0.4065737E+01  0.6288028E+01  Si
  0.5296202E+02  0.1133780E+01  0.8882418E+01  Si
  0.4998103E+02  0.3939280E+01  0.8718294E+01  Si
  0.5430449E+02  0.2163668E+02  0.4987953E+01  Si
  0.5715091E+02  0.2707827E+01  0.4867314E+01  Si
  0.5696653E+02  0.1531022E+00  0.7761044E+01  Si
  0.5446762E+02  0.2474349E+01  0.7540835E+01  Si
  0.5582106E+02  0.1174740E+01  0.6098438E+01  Si
  0.5846836E+02  0.3962222E+01  0.6204669E+01  Si
  0.5863811E+02  0.1525578E+01  0.8852162E+01  Si
  0.5571387E+02  0.4161078E+01  0.9009302E+01  Si
  0.5964549E+02  0.2150796E+02  0.4834445E+01  Si
  0.6238507E+02  0.2695102E+01  0.4697802E+01  Si
  0.6246569E+02  0.2134169E+02  0.7486119E+01  Si
  0.5982390E+02  0.2846056E+01  0.7495845E+01  Si
  0.6111348E+02  0.1191428E+01  0.6123780E+01  Si
  0.6355976E+02  0.4168330E+01  0.6261032E+01  Si
  0.6353287E+02  0.1353489E+01  0.8720962E+01  Si
  0.6101452E+02  0.4201234E+01  0.9005514E+01  Si
  0.4340387E+02  0.5517410E+01  0.4601048E+01  Si
  0.4628532E+02  0.8160303E+01  0.4522177E+01  Si
  0.4592635E+02  0.5606274E+01  0.7239667E+01  Si
  0.4331695E+02  0.8015882E+01  0.7340232E+01  Si
  0.4481603E+02  0.7083708E+01  0.5747406E+01  Si
  0.4763322E+02  0.9284152E+01  0.5988039E+01  Si
  0.4734036E+02  0.6736003E+01  0.8567958E+01  Si
  0.4481993E+02  0.9162772E+01  0.8582919E+01  Si
  0.4862590E+02  0.5415103E+01  0.4685243E+01  Si
  0.5171435E+02  0.7965770E+01  0.5157952E+01  Si
  0.5171496E+02  0.5453180E+01  0.7766695E+01  Si
  0.4893051E+02  0.7910038E+01  0.7280612E+01  Si
  0.5024851E+02  0.6353951E+01  0.5895311E+01  Si
  0.5314411E+02  0.9604944E+01  0.6138377E+01  Si
  0.5309771E+02  0.7052974E+01  0.9096287E+01  Si
  0.4996733E+02  0.9549721E+01  0.8759597E+01  Si
  0.5441414E+02  0.5214400E+01  0.4932675E+01  Si
  0.5718377E+02  0.8200431E+01  0.4818196E+01  Si
  0.5704806E+02  0.5353183E+01  0.7494805E+01  Si
  0.5445748E+02  0.8204372E+01  0.7435929E+01  Si
  0.5579877E+02  0.6995905E+01  0.5889746E+01  Si
  0.5842028E+02  0.9621614E+01  0.6091518E+01  Si
  0.5864208E+02  0.6821286E+01  0.8720209E+01  Si
  0.5602519E+02  0.9432627E+01  0.8870061E+01  Si
  0.5987822E+02  0.5375098E+01  0.4821631E+01  Si
  0.6231427E+02  0.8205193E+01  0.4766273E+01  Si
  0.6225968E+02  0.5531475E+01  0.7608896E+01  Si
  0.5991372E+02  0.8275673E+01  0.7309003E+01  Si
  0.6104616E+02  0.6758760E+01  0.6062501E+01  Si
  0.6372914E+02  0.9400444E+01  0.6028297E+01  Si
  0.6363973E+02  0.6931990E+01  0.8942045E+01  Si
  0.6098416E+02  0.9551551E+01  0.8853485E+01  Si
  0.4327782E+02  0.1112589E+02  0.4811337E+01  Si
  0.4619032E+02  0.1369583E+02  0.4968734E+01  Si
  0.4622044E+02  0.1062283E+02  0.7259004E+01  Si
  0.4328530E+02  0.1360390E+02  0.7631176E+01  Si
  0.4487350E+02  0.1235527E+02  0.6222298E+01  Si
  0.4748762E+02  0.1494070E+02  0.6224976E+01  Si
  0.4738398E+02  0.1206003E+02  0.8660174E+01  Si
  0.4468440E+02  0.1504934E+02  0.8831592E+01  Si
  0.4881839E+02  0.1082153E+02  0.4638591E+01  Si
  0.5141955E+02  0.1343082E+02  0.4809002E+01  Si
  0.5153061E+02  0.1094818E+02  0.7377783E+01  Si
  0.4881519E+02  0.1354873E+02  0.7423347E+01  Si
  0.5012274E+02  0.1218808E+02  0.6088835E+01  Si
  0.5276213E+02  0.1474037E+02  0.6244190E+01  Si
  0.5307375E+02  0.1208175E+02  0.9035077E+01  Si
  0.5008102E+02  0.1477400E+02  0.8908507E+01  Si
  0.5443180E+02  0.1079469E+02  0.4663553E+01  Si
  0.5688957E+02  0.1357723E+02  0.5021947E+01  Si
  0.5724262E+02  0.1104676E+02  0.7530543E+01  Si
  0.5417594E+02  0.1349808E+02  0.7737192E+01  Si
  0.5551588E+02  0.1209251E+02  0.6325853E+01  Si
  0.5852717E+02  0.1520360E+02  0.6132030E+01  Si
  0.5825136E+02  0.1250387E+02  0.8727264E+01  Si
  0.5546205E+02  0.1503660E+02  0.8809599E+01  Si
  0.5987484E+02  0.1088379E+02  0.4671805E+01  Si
  0.6235623E+02  0.1353435E+02  0.4656934E+01  Si
  0.6250532E+02  0.1073669E+02  0.7491005E+01  Si
  0.5989913E+02  0.1362765E+02  0.7331968E+01  Si
  0.6098787E+02  0.1210695E+02  0.6112138E+01  Si
  0.6376098E+02  0.1479359E+02  0.6007678E+01  Si
  0.6351908E+02  0.1224871E+02  0.9133182E+01  Si
  0.6102345E+02  0.1502251E+02  0.8857141E+01  Si
  0.4334129E+02  0.1618526E+02  0.4960590E+01  Si
  0.4613589E+02  0.1908579E+02  0.5081855E+01  Si
  0.4617344E+02  0.1622299E+02  0.7544534E+01  Si
  0.4343945E+02  0.1873756E+02  0.7722506E+01  Si
  0.4479314E+02  0.1761250E+02  0.6376403E+01  Si
  0.4756089E+02  0.2036525E+02  0.6315040E+01  Si
  0.4756658E+02  0.1761214E+02  0.8883941E+01  Si
  0.4484124E+02  0.2007982E+02  0.9050960E+01  Si
  0.4868077E+02  0.1631682E+02  0.4780025E+01  Si
  0.5151842E+02  0.1905790E+02  0.4832118E+01  Si
  0.5163308E+02  0.1615381E+02  0.7622106E+01  Si
  0.4907819E+02  0.1891925E+02  0.7583551E+01  Si
  0.5023717E+02  0.1752792E+02  0.6214554E+01  Si
  0.5280012E+02  0.2037582E+02  0.6265343E+01  Si
  0.5291952E+02  0.1752577E+02  0.9136346E+01  Si
  0.5013348E+02  0.2027783E+02  0.8965429E+01  Si
  0.5396252E+02  0.1618844E+02  0.4868815E+01  Si
  0.5685631E+02  0.1882204E+02  0.4929968E+01  Si
  0.5713024E+02  0.1630663E+02  0.7605170E+01  Si
  0.5411968E+02  0.1880928E+02  0.7839506E+01  Si
  0.5529351E+02  0.1744313E+02  0.6214070E+01  Si
  0.5826295E+02  0.2032934E+02  0.6384667E+01  Si
  0.5838313E+02  0.1754869E+02  0.9077606E+01  Si
  0.5565953E+02  0.2029773E+02  0.8938515E+01  Si
  0.5972771E+02  0.1659756E+02  0.4565929E+01  Si
  0.6247538E+02  0.1904063E+02  0.4880930E+01  Si
  0.6261252E+02  0.1614328E+02  0.7496739E+01  Si
  0.5966082E+02  0.1856487E+02  0.7656833E+01  Si
  0.6108870E+02  0.1754869E+02  0.6063115E+01  Si
  0.6411539E+02  0.2022627E+02  0.6033896E+01  Si
  0.6395016E+02  0.1776986E+02  0.8748142E+01  Si
  0.6083095E+02  0.2021660E+02  0.8892031E+01  Si
  0.4361816E+02  0.2129879E+02  0.1044893E+02  Si
  0.4591663E+02  0.2211037E+01  0.1024097E+02  Si
  0.4627001E+02  0.2163469E+02  0.1314038E+02  Si
  0.4302166E+02  0.2307772E+01  0.1316005E+02  Si
  0.4482633E+02  0.1072828E+01  0.1181142E+02  Si
  0.4708456E+02  0.3862332E+01  0.1136634E+02  Si
  0.4749557E+02  0.1223573E+01  0.1445649E+02  Si
  0.4463036E+02  0.3848182E+01  0.1428682E+02  Si
  0.4878443E+02  0.2147897E+02  0.1037172E+02  Si
  0.5150366E+02  0.2531126E+01  0.1017020E+02  Si
  0.5141812E+02  0.2161747E+02  0.1284583E+02  Si
  0.4856473E+02  0.2720105E+01  0.1289078E+02  Si
  0.5010219E+02  0.1369874E+01  0.1160903E+02  Si
  0.5294521E+02  0.4271440E+01  0.1149312E+02  Si
  0.5249527E+02  0.1518550E+01  0.1428067E+02  Si
  0.4999048E+02  0.4145964E+01  0.1432622E+02  Si
  0.5441171E+02  0.6355049E-01  0.1043765E+02  Si
  0.5719416E+02  0.2665906E+01  0.1033680E+02  Si
  0.5709417E+02  0.7703270E-01  0.1285375E+02  Si
  0.5408733E+02  0.2924030E+01  0.1295330E+02  Si
  0.5574392E+02  0.1567540E+01  0.1180811E+02  Si
  0.5849700E+02  0.4125281E+01  0.1150610E+02  Si
  0.5836997E+02  0.1419558E+01  0.1437335E+02  Si
  0.5550856E+02  0.4099674E+01  0.1425918E+02  Si
  0.5988617E+02  0.4152964E-01  0.1013994E+02  Si
  0.6250546E+02  0.2935213E+01  0.1009393E+02  Si
  0.6249001E+02  0.2168860E+02  0.1275371E+02  Si
  0.6003155E+02  0.2719359E+01  0.1296352E+02  Si
  0.6129586E+02  0.1445809E+01  0.1140946E+02  Si
  0.6373066E+02  0.4089464E+01  0.1176287E+02  Si
  0.6371808E+02  0.1448056E+01  0.1425833E+02  Si
  0.6126506E+02  0.4101787E+01  0.1426195E+02  Si
  0.4386028E+02  0.5521060E+01  0.1011678E+02  Si
  0.4608858E+02  0.8085710E+01  0.1022026E+02  Si
  0.4605916E+02  0.5029128E+01  0.1313871E+02  Si
  0.4331581E+02  0.8131303E+01  0.1297173E+02  Si
  0.4487309E+02  0.6731966E+01  0.1170774E+02  Si
  0.4729383E+02  0.9263546E+01  0.1142395E+02  Si
  0.4740735E+02  0.6500929E+01  0.1423935E+02  Si
  0.4478856E+02  0.9400464E+01  0.1418487E+02  Si
  0.4844302E+02  0.5279541E+01  0.9828219E+01  Si
  0.5125230E+02  0.8063873E+01  0.1015492E+02  Si
  0.5141228E+02  0.5295046E+01  0.1284770E+02  Si
  0.4875172E+02  0.7857918E+01  0.1275531E+02  Si
  0.4998534E+02  0.6480153E+01  0.1136965E+02  Si
  0.5277995E+02  0.9834287E+01  0.1162415E+02  Si
  0.5290901E+02  0.6687217E+01  0.1424214E+02  Si
  0.5021530E+02  0.9102386E+01  0.1420669E+02  Si
  0.5445512E+02  0.5854050E+01  0.1039012E+02  Si
  0.5744371E+02  0.8340118E+01  0.1023948E+02  Si
  0.5727632E+02  0.5414963E+01  0.1292910E+02  Si
  0.5420001E+02  0.8073054E+01  0.1275710E+02  Si
  0.5612803E+02  0.6942904E+01  0.1159768E+02  Si
  0.5836208E+02  0.9881354E+01  0.1170793E+02  Si
  0.5841639E+02  0.6837867E+01  0.1413650E+02  Si
  0.5555799E+02  0.9267173E+01  0.1425000E+02  Si
  0.5987351E+02  0.5575400E+01  0.1034223E+02  Si
  0.6222533E+02  0.8466068E+01  0.1035087E+02  Si
  0.6234934E+02  0.5361155E+01  0.1299679E+02  Si
  0.5966097E+02  0.8153289E+01  0.1276272E+02  Si
  0.6125570E+02  0.6770485E+01  0.1157984E+02  Si
  0.6350511E+02  0.9969205E+01  0.1170006E+02  Si
  0.6358194E+02  0.6899668E+01  0.1396073E+02  Si
  0.6096779E+02  0.9589099E+01  0.1410415E+02  Si
  0.4347145E+02  0.1072384E+02  0.1005071E+02  Si
  0.4602645E+02  0.1357390E+02  0.1012469E+02  Si
  0.4614569E+02  0.1060755E+02  0.1278689E+02  Si
  0.4341988E+02  0.1329169E+02  0.1301437E+02  Si
  0.4476284E+02  0.1198822E+02  0.1149323E+02  Si
  0.4745994E+02  0.1489854E+02  0.1138535E+02  Si
  0.4768958E+02  0.1191166E+02  0.1435172E+02  Si
  0.4459076E+02  0.1471479E+02  0.1459238E+02  Si
  0.4835409E+02  0.1077671E+02  0.1007238E+02  Si
  0.5132721E+02  0.1332589E+02  0.1028546E+02  Si
  0.5121100E+02  0.1088731E+02  0.1305558E+02  Si
  0.4857615E+02  0.1361040E+02  0.1296364E+02  Si
  0.4980575E+02  0.1205072E+02  0.1170814E+02  Si
  0.5286965E+02  0.1465431E+02  0.1179691E+02  Si
  0.5285604E+02  0.1217905E+02  0.1438414E+02  Si
  0.5025893E+02  0.1469451E+02  0.1438224E+02  Si
  0.5453242E+02  0.1075406E+02  0.1042000E+02  Si
  0.5688083E+02  0.1366452E+02  0.1016484E+02  Si
  0.5692421E+02  0.1095672E+02  0.1320385E+02  Si
  0.5434270E+02  0.1370518E+02  0.1311816E+02  Si
  0.5566129E+02  0.1238145E+02  0.1185738E+02  Si
  0.5822986E+02  0.1500444E+02  0.1158062E+02  Si
  0.5836491E+02  0.1229011E+02  0.1431126E+02  Si
  0.5565760E+02  0.1493146E+02  0.1439098E+02  Si
  0.5976245E+02  0.1127794E+02  0.1023748E+02  Si
  0.6235372E+02  0.1398860E+02  0.1041726E+02  Si
  0.6201369E+02  0.1126753E+02  0.1305392E+02  Si
  0.5950530E+02  0.1394617E+02  0.1309959E+02  Si
  0.6068280E+02  0.1276209E+02  0.1176643E+02  Si
  0.6389181E+02  0.1527402E+02  0.1155793E+02  Si
  0.6351124E+02  0.1249730E+02  0.1423713E+02  Si
  0.6079020E+02  0.1550983E+02  0.1425479E+02  Si
  0.4334788E+02  0.1638912E+02  0.1018023E+02  Si
  0.4611693E+02  0.1880426E+02  0.1039450E+02  Si
  0.4604472E+02  0.1583874E+02  0.1297196E+02  Si
  0.4355656E+02  0.1892359E+02  0.1314112E+02  Si
  0.4479354E+02  0.1749866E+02  0.1174243E+02  Si
  0.4749298E+02  0.2012447E+02  0.1172243E+02  Si
  0.4742078E+02  0.1730658E+02  0.1427644E+02  Si
  0.4472415E+02  0.2053875E+02  0.1435251E+02  Si
  0.4873492E+02  0.1643908E+02  0.1025535E+02  Si
  0.5165582E+02  0.1897745E+02  0.1042312E+02  Si
  0.5175757E+02  0.1619947E+02  0.1324970E+02  Si
  0.4884402E+02  0.1866519E+02  0.1290105E+02  Si
  0.5034021E+02  0.1748466E+02  0.1176848E+02  Si
  0.5307471E+02  0.2036617E+02  0.1154534E+02  Si
  0.5341738E+02  0.1784280E+02  0.1453063E+02  Si
  0.5011289E+02  0.2014827E+02  0.1428822E+02  Si
  0.5415792E+02  0.1620371E+02  0.1050128E+02  Si
  0.5714507E+02  0.1906783E+02  0.1030770E+02  Si
  0.5717219E+02  0.1632743E+02  0.1336467E+02  Si
  0.5450831E+02  0.1907096E+02  0.1262317E+02  Si
  0.5579928E+02  0.1755284E+02  0.1154796E+02  Si
  0.5854294E+02  0.2041666E+02  0.1160003E+02  Si
  0.5846935E+02  0.1765627E+02  0.1450408E+02  Si
  0.5565233E+02  0.2036095E+02  0.1410796E+02  Si
  0.5998513E+02  0.1623750E+02  0.1031250E+02  Si
  0.6254607E+02  0.1897830E+02  0.1013437E+02  Si
  0.6251749E+02  0.1651706E+02  0.1294689E+02  Si
  0.5973496E+02  0.1901153E+02  0.1319832E+02  Si
  0.6111120E+02  0.1789124E+02  0.1164673E+02  Si
  0.6386102E+02  0.2030729E+02  0.1139144E+02  Si
  0.6389372E+02  0.1783318E+02  0.1417351E+02  Si
  0.6121236E+02  0.2039619E+02  0.1429901E+02  Si
  0.4299682E+02  0.2142579E+02  0.1559065E+02  Si
  0.4591104E+02  0.2388961E+01  0.1566710E+02  Si
  0.4606881E+02  0.2154377E+02  0.1854956E+02  Si
  0.4218649E+02  0.1293045E+01  0.2003858E+02  Si
  0.4462232E+02  0.8964028E+00  0.1695781E+02  Si
  0.4747794E+02  0.3357069E+01  0.1711966E+02  Si
  0.4759522E+02  0.1195231E+01  0.1972182E+02  Si
  0.4458362E+02  0.3842980E+01  0.1987426E+02  Si
  0.4890721E+02  0.2134725E+02  0.1550332E+02  Si
  0.5122770E+02  0.2581244E+01  0.1557473E+02  Si
  0.5173803E+02  0.2156155E+02  0.1844273E+02  Si
  0.4911717E+02  0.2371984E+01  0.1834438E+02  Si
  0.5041457E+02  0.9953727E+00  0.1688037E+02  Si
  0.5278751E+02  0.3644397E+01  0.1713497E+02  Si
  0.5305222E+02  0.1224564E+01  0.1989640E+02  Si
  0.5018835E+02  0.3754215E+01  0.1984304E+02  Si
  0.5383364E+02  0.7052671E-01  0.1554544E+02  Si
  0.5678941E+02  0.2603255E+01  0.1569729E+02  Si
  0.5674818E+02  0.6946344E-01  0.1826805E+02  Si
  0.5428619E+02  0.2364163E+01  0.1843568E+02  Si
  0.5536907E+02  0.1247813E+01  0.1685231E+02  Si
  0.5851669E+02  0.3869763E+01  0.1682713E+02  Si
  0.5828666E+02  0.1489280E+01  0.1967317E+02  Si
  0.5574549E+02  0.3881002E+01  0.1975242E+02  Si
  0.5985573E+02  0.2169666E+02  0.1568387E+02  Si
  0.6273513E+02  0.3038342E+01  0.1561990E+02  Si
  0.6252179E+02  0.2161837E+02  0.1809325E+02  Si
  0.5997609E+02  0.2728506E+01  0.1831603E+02  Si
  0.6117877E+02  0.1422698E+01  0.1685699E+02  Si
  0.6395578E+02  0.4548340E+01  0.1695897E+02  Si
  0.6403068E+02  0.1169139E+01  0.1968252E+02  Si
  0.6114719E+02  0.4081513E+01  0.1970976E+02  Si
  0.4359350E+02  0.5186741E+01  0.1574881E+02  Si
  0.4585624E+02  0.7773831E+01  0.1536324E+02  Si
  0.4636151E+02  0.5076889E+01  0.1835908E+02  Si
  0.4359335E+02  0.7897912E+01  0.1864068E+02  Si
  0.4491423E+02  0.6384958E+01  0.1711236E+02  Si
  0.4710054E+02  0.9056592E+01  0.1719086E+02  Si
  0.4755777E+02  0.6299446E+01  0.2002129E+02  Si
  0.4495461E+02  0.8854717E+01  0.2013203E+02  Si
  0.4859228E+02  0.5252662E+01  0.1584713E+02  Si
  0.5129820E+02  0.7807790E+01  0.1545855E+02  Si
  0.5132007E+02  0.5172807E+01  0.1843704E+02  Si
  0.4863672E+02  0.7955956E+01  0.1862065E+02  Si
  0.4997329E+02  0.6643227E+01  0.1714443E+02  Si
  0.5287171E+02  0.9227831E+01  0.1694546E+02  Si
  0.5279199E+02  0.6538846E+01  0.1980913E+02  Si
  0.5027364E+02  0.9366205E+01  0.1946190E+02  Si
  0.5399568E+02  0.5175317E+01  0.1591366E+02  Si
  0.5696550E+02  0.8082534E+01  0.1578251E+02  Si
  0.5695552E+02  0.5081174E+01  0.1835204E+02  Si
  0.5426730E+02  0.7913604E+01  0.1842523E+02  Si
  0.5560861E+02  0.6605541E+01  0.1692804E+02  Si
  0.5868838E+02  0.9435780E+01  0.1705800E+02  Si
  0.5822978E+02  0.6555416E+01  0.1964001E+02  Si
  0.5538465E+02  0.9439245E+01  0.1970134E+02  Si
  0.5978818E+02  0.5474980E+01  0.1551947E+02  Si
  0.6219419E+02  0.8406896E+01  0.1544521E+02  Si
  0.6237487E+02  0.5678601E+01  0.1838552E+02  Si
  0.5977690E+02  0.8034775E+01  0.1856078E+02  Si
  0.6096112E+02  0.7051475E+01  0.1693184E+02  Si
  0.6379812E+02  0.9447829E+01  0.1695138E+02  Si
  0.6377278E+02  0.7040590E+01  0.1969296E+02  Si
  0.6113044E+02  0.9522723E+01  0.1968720E+02  Si
  0.4330647E+02  0.1085219E+02  0.1547823E+02  Si
  0.4608822E+02  0.1339851E+02  0.1565150E+02  Si
  0.4601038E+02  0.1064206E+02  0.1873514E+02  Si
  0.4224899E+02  0.1411629E+02  0.1682526E+02  Si
  0.4514166E+02  0.1153604E+02  0.1684607E+02  Si
  0.4745207E+02  0.1474143E+02  0.1710826E+02  Si
  0.4744418E+02  0.1201929E+02  0.1990849E+02  Si
  0.4507637E+02  0.1471552E+02  0.1947026E+02  Si
  0.4879430E+02  0.1027879E+02  0.1578331E+02  Si
  0.5163164E+02  0.1345343E+02  0.1602645E+02  Si
  0.5165184E+02  0.1082402E+02  0.1831915E+02  Si
  0.4884388E+02  0.1334460E+02  0.1824985E+02  Si
  0.5012040E+02  0.1187234E+02  0.1695830E+02  Si
  0.5310169E+02  0.1509089E+02  0.1707570E+02  Si
  0.5294459E+02  0.1230713E+02  0.1956950E+02  Si
  0.5002037E+02  0.1465758E+02  0.1966017E+02  Si
  0.5428782E+02  0.1066333E+02  0.1566255E+02  Si
  0.5687133E+02  0.1326916E+02  0.1584565E+02  Si
  0.5729720E+02  0.1053790E+02  0.1849818E+02  Si
  0.5448418E+02  0.1362431E+02  0.1836283E+02  Si
  0.5570385E+02  0.1190866E+02  0.1713450E+02  Si
  0.5840828E+02  0.1471205E+02  0.1694986E+02  Si
  0.5861064E+02  0.1202150E+02  0.1988784E+02  Si
  0.5595699E+02  0.1508629E+02  0.1978485E+02  Si
  0.5977861E+02  0.1094035E+02  0.1553035E+02  Si
  0.6196434E+02  0.1376028E+02  0.1567333E+02  Si
  0.6260260E+02  0.1083173E+02  0.1833793E+02  Si
  0.5974849E+02  0.1364384E+02  0.1858199E+02  Si
  0.6110894E+02  0.1223052E+02  0.1720142E+02  Si
  0.6368559E+02  0.1498769E+02  0.1696044E+02  Si
  0.6402578E+02  0.1200152E+02  0.1971504E+02  Si
  0.6128167E+02  0.1497487E+02  0.1992427E+02  Si
  0.4325223E+02  0.1616211E+02  0.1581133E+02  Si
  0.4614612E+02  0.1877421E+02  0.1568194E+02  Si
  0.4611406E+02  0.1626845E+02  0.1819721E+02  Si
  0.4364297E+02  0.1898782E+02  0.1835594E+02  Si
  0.4471201E+02  0.1752899E+02  0.1704589E+02  Si
  0.4750429E+02  0.2009235E+02  0.1703139E+02  Si
  0.4747857E+02  0.1748965E+02  0.1974581E+02  Si
  0.4487965E+02  0.2021078E+02  0.2001336E+02  Si
  0.4871570E+02  0.1595099E+02  0.1556745E+02  Si
  0.5157128E+02  0.1880724E+02  0.1576678E+02  Si
  0.5151575E+02  0.1620112E+02  0.1858333E+02  Si
  0.4899918E+02  0.1865717E+02  0.1835213E+02  Si
  0.5023757E+02  0.1720851E+02  0.1701583E+02  Si
  0.5299187E+02  0.2013495E+02  0.1713971E+02  Si
  0.5303030E+02  0.1775428E+02  0.1972132E+02  Si
  0.5020921E+02  0.2036822E+02  0.1985473E+02  Si
  0.5445683E+02  0.1641281E+02  0.1571587E+02  Si
  0.5718619E+02  0.1910315E+02  0.1543460E+02  Si
  0.5718220E+02  0.1635492E+02  0.1808512E+02  Si
  0.5443256E+02  0.1893306E+02  0.1815239E+02  Si
  0.5569116E+02  0.1784140E+02  0.1692646E+02  Si
  0.5838673E+02  0.2028187E+02  0.1690500E+02  Si
  0.5861166E+02  0.1744625E+02  0.1964885E+02  Si
  0.5570636E+02  0.2028875E+02  0.1966060E+02  Si
  0.5962135E+02  0.1646075E+02  0.1611954E+02  Si
  0.6247630E+02  0.1906436E+02  0.1554011E+02  Si
  0.6249453E+02  0.1646365E+02  0.1850636E+02  Si
  0.5975583E+02  0.1907349E+02  0.1843005E+02  Si
  0.6122495E+02  0.1773911E+02  0.1718350E+02  Si
  0.6400818E+02  0.2045169E+02  0.1657718E+02  Si
  0.6375860E+02  0.1780993E+02  0.1967153E+02  Si
  0.6120036E+02  0.2046250E+02  0.1963162E+02  Si
