         
  0.6515772E+02  0.0000000E+00  0.2171924E+02
  0.0000000E+00  0.0000000E+00  0.2171924E+02
  0.6508644E+02  0.2151772E-01  0.2129772E+02  Si
  0.2730648E+01  0.2650385E+01  0.2164238E+02  Si
  0.2650167E+01  0.2161859E+02  0.2468988E+01  Si
  0.6506773E+02  0.2677116E+01  0.2183993E+01  Si
  0.1401525E+01  0.1232701E+01  0.1071262E+01  Si
  0.4379925E+01  0.3854759E+01  0.1366525E+01  Si
  0.4083776E+01  0.1309048E+01  0.3854043E+01  Si
  0.1400806E+01  0.3654073E+01  0.3745796E+01  Si
  0.5679336E+01  0.2171495E+02  0.2131320E+02  Si
  0.8192004E+01  0.2226225E+01  0.2127142E+02  Si
  0.8419317E+01  0.2136168E+02  0.2557392E+01  Si
  0.5755358E+01  0.2360604E+01  0.2694943E+01  Si
  0.7055370E+01  0.1078016E+01  0.1220220E+01  Si
  0.9589860E+01  0.3788173E+01  0.1117494E+01  Si
  0.9672582E+01  0.1124310E+01  0.3953434E+01  Si
  0.6950840E+01  0.3849534E+01  0.3891727E+01  Si
  0.1098915E+02  0.2128391E+02  0.2134828E+02  Si
  0.1358777E+02  0.2546400E+01  0.2146515E+02  Si
  0.1379348E+02  0.2150589E+02  0.2555540E+01  Si
  0.1113358E+02  0.2379824E+01  0.2337776E+01  Si
  0.1256181E+02  0.9339865E+00  0.9154231E+00  Si
  0.1484779E+02  0.3800482E+01  0.1243712E+01  Si
  0.1450542E+02  0.1316983E+01  0.4010979E+01  Si
  0.1236929E+02  0.3983560E+01  0.3875096E+01  Si
  0.1633287E+02  0.2150192E+02  0.2155935E+02  Si
  0.1862791E+02  0.2301074E+01  0.2165337E+02  Si
  0.1895281E+02  0.2120032E+02  0.2845961E+01  Si
  0.1618002E+02  0.2472940E+01  0.2540525E+01  Si
  0.1758594E+02  0.8659241E+00  0.1260125E+01  Si
  0.2584842E+02  0.5519888E+01  0.4376900E+00  Si
  0.2121990E+02  0.2194851E+01  0.2349293E+01  Si
  0.1761223E+02  0.3641366E+01  0.3992352E+01  Si
  0.3600638E-01  0.5297111E+01  0.2102299E+02  Si
  0.2692405E+01  0.7811016E+01  0.2147584E+02  Si
  0.2720855E+01  0.5054698E+01  0.2565646E+01  Si
  0.4101164E-01  0.7806713E+01  0.2299741E+01  Si
  0.1442670E+01  0.6281063E+01  0.9945464E+00  Si
  0.4185724E+01  0.9191737E+01  0.1104840E+01  Si
  0.3845070E+01  0.6601453E+01  0.3991137E+01  Si
  0.1295400E+01  0.9171607E+01  0.3822722E+01  Si
  0.5501255E+01  0.5264350E+01  0.2145048E+02  Si
  0.7962994E+01  0.7897556E+01  0.2125684E+02  Si
  0.8214871E+01  0.4992483E+01  0.2424060E+01  Si
  0.5426778E+01  0.7672186E+01  0.2523753E+01  Si
  0.6788001E+01  0.6525359E+01  0.1215710E+01  Si
  0.9121968E+01  0.9405733E+01  0.9299601E+00  Si
  0.9520155E+01  0.6600938E+01  0.3849206E+01  Si
  0.6752416E+01  0.9131292E+01  0.3816088E+01  Si
  0.1069083E+02  0.5218555E+01  0.2162473E+02  Si
  0.1339200E+02  0.8039105E+01  0.2155556E+02  Si
  0.1357534E+02  0.5441566E+01  0.2500467E+01  Si
  0.1073494E+02  0.8185675E+01  0.2597727E+01  Si
  0.1209544E+02  0.6775529E+01  0.1247653E+01  Si
  0.1484755E+02  0.9418122E+01  0.1291090E+01  Si
  0.1501903E+02  0.6672481E+01  0.3916665E+01  Si
  0.1219699E+02  0.9388162E+01  0.3940410E+01  Si
  0.1608431E+02  0.5269389E+01  0.2147827E+02  Si
  0.1920042E+02  0.7847696E+01  0.2138874E+02  Si
  0.1866544E+02  0.5291008E+01  0.2631834E+01  Si
  0.1612602E+02  0.7961084E+01  0.2269988E+01  Si
  0.1746996E+02  0.6794426E+01  0.1080564E+01  Si
  0.2022217E+02  0.9625694E+01  0.9228397E+00  Si
  0.2433594E+02  0.1609702E+01  0.1065660E+02  Si
  0.1758424E+02  0.8918020E+01  0.3814158E+01  Si
  0.6509954E+02  0.1051566E+02  0.2163629E+02  Si
  0.2548379E+01  0.1310417E+02  0.2134343E+02  Si
  0.2785007E+01  0.1041868E+02  0.2466644E+01  Si
  0.2603362E-01  0.1333196E+02  0.2668784E+01  Si
  0.1295300E+01  0.1189336E+02  0.1328688E+01  Si
  0.4018489E+01  0.1466948E+02  0.1050098E+01  Si
  0.3976317E+01  0.1176527E+02  0.3875344E+01  Si
  0.1336779E+01  0.1473443E+02  0.3764076E+01  Si
  0.5246176E+01  0.1062355E+02  0.2125186E+02  Si
  0.8022271E+01  0.1316273E+02  0.2167602E+02  Si
  0.7850914E+01  0.1069107E+02  0.2346789E+01  Si
  0.5352568E+01  0.1347192E+02  0.2699344E+01  Si
  0.6389052E+01  0.1207188E+02  0.1219203E+01  Si
  0.9142765E+01  0.1475541E+02  0.1167825E+01  Si
  0.9315251E+01  0.1194480E+02  0.3856467E+01  Si
  0.6769987E+01  0.1495566E+02  0.3976602E+01  Si
  0.1069105E+02  0.1071375E+02  0.2133376E+02  Si
  0.1340817E+02  0.1334729E+02  0.2151500E+02  Si
  0.1327468E+02  0.1064300E+02  0.2552414E+01  Si
  0.1057169E+02  0.1333094E+02  0.2378507E+01  Si
  0.1191822E+02  0.1198028E+02  0.1101166E+01  Si
  0.1460450E+02  0.1455930E+02  0.1172633E+01  Si
  0.1491004E+02  0.1174153E+02  0.4031991E+01  Si
  0.1200516E+02  0.1468854E+02  0.3664681E+01  Si
  0.1616828E+02  0.1102486E+02  0.2352464E-01  Si
  0.1876034E+02  0.1352697E+02  0.7268515E-01  Si
  0.1883804E+02  0.1049556E+02  0.2660478E+01  Si
  0.1586859E+02  0.1313304E+02  0.2692047E+01  Si
  0.1749109E+02  0.1212881E+02  0.1473930E+01  Si
  0.1955677E+02  0.1453821E+02  0.2077112E+01  Si
  0.2062747E+02  0.1390419E+02  0.7771173E+01  Si
  0.1725362E+02  0.1463684E+02  0.3818616E+01  Si
  0.6513997E+02  0.1596787E+02  0.1567760E-01  Si
  0.2902140E+01  0.1910295E+02  0.2143498E+02  Si
  0.2817879E+01  0.1613755E+02  0.2486825E+01  Si
  0.8697210E-01  0.1875037E+02  0.2245130E+01  Si
  0.1612375E+01  0.1755669E+02  0.1042382E+01  Si
  0.4263304E+01  0.2057430E+02  0.1080985E+01  Si
  0.3929210E+01  0.1732767E+02  0.3829758E+01  Si
  0.1475918E+01  0.2011623E+02  0.3440312E+01  Si
  0.5572613E+01  0.1600267E+02  0.2160980E+02  Si
  0.8275766E+01  0.1865034E+02  0.2150244E+02  Si
  0.8168551E+01  0.1630422E+02  0.2563273E+01  Si
  0.5320999E+01  0.1884616E+02  0.2497981E+01  Si
  0.6851140E+01  0.1737535E+02  0.1191864E+01  Si
  0.9722435E+01  0.2002113E+02  0.1112913E+01  Si
  0.9458250E+01  0.1796852E+02  0.3785556E+01  Si
  0.6913694E+01  0.2020897E+02  0.3809878E+01  Si
  0.1070776E+02  0.1610359E+02  0.2143382E+02  Si
  0.1365932E+02  0.1868136E+02  0.2157802E+02  Si
  0.1334456E+02  0.1601851E+02  0.2576150E+01  Si
  0.1107864E+02  0.1875192E+02  0.2391483E+01  Si
  0.1200544E+02  0.1739841E+02  0.1078591E+01  Si
  0.1497413E+02  0.1998684E+02  0.1003253E+01  Si
  0.1470062E+02  0.1751108E+02  0.3770476E+01  Si
  0.1234802E+02  0.2009376E+02  0.3734096E+01  Si
  0.1584902E+02  0.1609071E+02  0.2154428E+02  Si
  0.1908082E+02  0.1848308E+02  0.2170679E+02  Si
  0.1842894E+02  0.1638193E+02  0.2865798E+01  Si
  0.1644040E+02  0.1891683E+02  0.2570651E+01  Si
  0.1732427E+02  0.1742210E+02  0.1222257E+01  Si
  0.2033355E+02  0.2030526E+02  0.1263271E+01  Si
  0.1991317E+02  0.1779290E+02  0.3954265E+01  Si
  0.1716790E+02  0.2037879E+02  0.4187394E+01  Si
  0.6506284E+02  0.2140712E+02  0.4688958E+01  Si
  0.2666720E+01  0.2342933E+01  0.5300848E+01  Si
  0.2750119E+01  0.2112983E+02  0.7483078E+01  Si
  0.2906094E+00  0.2779323E+01  0.7636687E+01  Si
  0.1075672E+01  0.8383294E+00  0.6352866E+01  Si
  0.4002943E+01  0.3957457E+01  0.6275257E+01  Si
  0.3845657E+01  0.1195051E+01  0.8798895E+01  Si
  0.1433464E+01  0.3979814E+01  0.9261641E+01  Si
  0.5548323E+01  0.2170676E+02  0.5124876E+01  Si
  0.8392319E+01  0.2459416E+01  0.5348466E+01  Si
  0.8001008E+01  0.2140703E+02  0.8001527E+01  Si
  0.5382552E+01  0.2672332E+01  0.7554761E+01  Si
  0.6876149E+01  0.1128742E+01  0.6456997E+01  Si
  0.9560112E+01  0.3952382E+01  0.6742991E+01  Si
  0.9335450E+01  0.8932124E+00  0.9481801E+01  Si
  0.6763940E+01  0.4100346E+01  0.8651660E+01  Si
  0.1108014E+02  0.2133875E+02  0.5302123E+01  Si
  0.1348782E+02  0.2782160E+01  0.5383667E+01  Si
  0.1380593E+02  0.5401108E-01  0.8122148E+01  Si
  0.1068166E+02  0.2160513E+01  0.8043745E+01  Si
  0.1226528E+02  0.1187981E+01  0.6630739E+01  Si
  0.1490078E+02  0.3985763E+01  0.6689967E+01  Si
  0.1503081E+02  0.1369457E+01  0.9520674E+01  Si
  0.1226048E+02  0.3707566E+01  0.9256735E+01  Si
  0.1586669E+02  0.2166978E+02  0.5569462E+01  Si
  0.1872786E+02  0.2330043E+01  0.5408806E+01  Si
  0.1874035E+02  0.2136041E+02  0.8078466E+01  Si
  0.1636476E+02  0.2518512E+01  0.8005317E+01  Si
  0.1750025E+02  0.1138415E+01  0.6627974E+01  Si
  0.2308937E+02  0.3440331E+00  0.1823267E+02  Si
  0.2675024E+02  0.8168657E+00  0.6741321E+01  Si
  0.1757345E+02  0.3851902E+01  0.9609486E+01  Si
  0.6496027E+02  0.5006113E+01  0.5078668E+01  Si
  0.2728089E+01  0.7902344E+01  0.5482191E+01  Si
  0.2755532E+01  0.5231897E+01  0.7781193E+01  Si
  0.1275432E+00  0.7854612E+01  0.7705743E+01  Si
  0.1173790E+01  0.6341258E+01  0.6384760E+01  Si
  0.4201094E+01  0.9321495E+01  0.6571926E+01  Si
  0.4103558E+01  0.6592500E+01  0.9190893E+01  Si
  0.1309629E+01  0.9225545E+01  0.9039391E+01  Si
  0.5421520E+01  0.5221661E+01  0.5137249E+01  Si
  0.8310899E+01  0.8028014E+01  0.5305446E+01  Si
  0.8247431E+01  0.5790184E+01  0.7489382E+01  Si
  0.5410929E+01  0.8106527E+01  0.8069900E+01  Si
  0.6561999E+01  0.6816956E+01  0.6380581E+01  Si
  0.9694485E+01  0.9171093E+01  0.6685887E+01  Si
  0.9575055E+01  0.6619388E+01  0.9144597E+01  Si
  0.6891736E+01  0.9576613E+01  0.9371548E+01  Si
  0.1088689E+02  0.5228384E+01  0.5332054E+01  Si
  0.1356191E+02  0.8027272E+01  0.5259671E+01  Si
  0.1349717E+02  0.5265129E+01  0.8007296E+01  Si
  0.1110492E+02  0.7955143E+01  0.8042479E+01  Si
  0.1232093E+02  0.6650069E+01  0.6582246E+01  Si
  0.1516812E+02  0.9231537E+01  0.6498335E+01  Si
  0.1509489E+02  0.6612900E+01  0.9368267E+01  Si
  0.1240521E+02  0.9190760E+01  0.9427234E+01  Si
  0.1631193E+02  0.5166824E+01  0.5201546E+01  Si
  0.1882895E+02  0.7884139E+01  0.5349735E+01  Si
  0.2009955E+02  0.3638393E+01  0.6677575E+01  Si
  0.1657438E+02  0.7847998E+01  0.8010080E+01  Si
  0.1777260E+02  0.6457403E+01  0.6632102E+01  Si
  0.2018932E+02  0.6296761E+01  0.4240023E+01  Si
  0.2042960E+02  0.6076515E+01  0.9446988E+01  Si
  0.1800446E+02  0.8982077E+01  0.9453413E+01  Si
  0.5753747E-01  0.1088679E+02  0.5164621E+01  Si
  0.2613035E+01  0.1347055E+02  0.5024246E+01  Si
  0.2823088E+01  0.1064336E+02  0.7847524E+01  Si
  0.6494215E+02  0.1326319E+02  0.7795669E+01  Si
  0.1512448E+01  0.1209445E+02  0.6718554E+01  Si
  0.4144010E+01  0.1459265E+02  0.6548685E+01  Si
  0.4096227E+01  0.1196622E+02  0.9333006E+01  Si
  0.1136764E+01  0.1470809E+02  0.9000165E+01  Si
  0.5450513E+01  0.1053337E+02  0.5049611E+01  Si
  0.8014519E+01  0.1348071E+02  0.5136778E+01  Si
  0.8191020E+01  0.1069768E+02  0.7751124E+01  Si
  0.5395351E+01  0.1341723E+02  0.7967397E+01  Si
  0.6577269E+01  0.1207090E+02  0.6305123E+01  Si
  0.9451228E+01  0.1504339E+02  0.6502259E+01  Si
  0.9498815E+01  0.1194514E+02  0.8977106E+01  Si
  0.6693783E+01  0.1478547E+02  0.9321223E+01  Si
  0.1075545E+02  0.1063766E+02  0.5199902E+01  Si
  0.1349253E+02  0.1339644E+02  0.5095678E+01  Si
  0.1371162E+02  0.1051872E+02  0.7994180E+01  Si
  0.1080558E+02  0.1327441E+02  0.7555549E+01  Si
  0.1246761E+02  0.1191489E+02  0.6335320E+01  Si
  0.1480451E+02  0.1445057E+02  0.6688197E+01  Si
  0.1488503E+02  0.1163353E+02  0.9222610E+01  Si
  0.1225330E+02  0.1442974E+02  0.9093031E+01  Si
  0.1642266E+02  0.1065429E+02  0.5152565E+01  Si
  0.1886788E+02  0.1372440E+02  0.5377418E+01  Si
  0.1877161E+02  0.1045716E+02  0.7893050E+01  Si
  0.1614872E+02  0.1311277E+02  0.7723497E+01  Si
  0.1763631E+02  0.1196970E+02  0.6444668E+01  Si
  0.2022444E+02  0.1583621E+02  0.5514901E+01  Si
  0.2210595E+02  0.1457538E+02  0.6031680E+01  Si
  0.1723274E+02  0.1405650E+02  0.9602780E+01  Si
  0.6494549E+02  0.1592194E+02  0.5024544E+01  Si
  0.2599569E+01  0.1883742E+02  0.5203404E+01  Si
  0.2594562E+01  0.1585908E+02  0.7729673E+01  Si
  0.6481686E+02  0.1838008E+02  0.7620313E+01  Si
  0.1262404E+01  0.1708254E+02  0.6361338E+01  Si
  0.4336844E+01  0.2006463E+02  0.6200334E+01  Si
  0.4207502E+01  0.1721014E+02  0.9134916E+01  Si
  0.1033426E+01  0.1981068E+02  0.8997006E+01  Si
  0.5349948E+01  0.1617899E+02  0.5203861E+01  Si
  0.8117470E+01  0.1889497E+02  0.5297344E+01  Si
  0.8213920E+01  0.1612528E+02  0.8056951E+01  Si
  0.5402757E+01  0.1878612E+02  0.7794489E+01  Si
  0.6861276E+01  0.1745381E+02  0.6636721E+01  Si
  0.9472065E+01  0.2005493E+02  0.6678813E+01  Si
  0.9391601E+01  0.1727708E+02  0.9426639E+01  Si
  0.6645318E+01  0.1995854E+02  0.9400885E+01  Si
  0.1059256E+02  0.1616000E+02  0.5098490E+01  Si
  0.1332544E+02  0.1891317E+02  0.5340559E+01  Si
  0.1347575E+02  0.1602565E+02  0.7735965E+01  Si
  0.1058283E+02  0.1897522E+02  0.8344742E+01  Si
  0.1190894E+02  0.1738499E+02  0.6605997E+01  Si
  0.1471683E+02  0.2016097E+02  0.6855781E+01  Si
  0.1477697E+02  0.1715210E+02  0.9457841E+01  Si
  0.1262103E+02  0.2008819E+02  0.9327209E+01  Si
  0.1588665E+02  0.1594771E+02  0.5339643E+01  Si
  0.2234686E+02  0.1725298E+02  0.4953210E+01  Si
  0.1970899E+02  0.1704182E+02  0.7598424E+01  Si
  0.1606653E+02  0.1875682E+02  0.7999317E+01  Si
  0.1740083E+02  0.1752362E+02  0.6438854E+01  Si
  0.2505866E+02  0.1333460E+02  0.5328813E+01  Si
  0.2071600E+02  0.1899263E+02  0.8442148E+01  Si
  0.1763266E+02  0.1987167E+02  0.9506904E+01  Si
  0.6506403E+02  0.2142034E+02  0.1040781E+02  Si
  0.2779387E+01  0.2473259E+01  0.1049776E+02  Si
  0.2609337E+01  0.2149165E+02  0.1317736E+02  Si
  0.6507742E+02  0.2647569E+01  0.1329000E+02  Si
  0.1098595E+01  0.1330482E+01  0.1176167E+02  Si
  0.4291734E+01  0.3769917E+01  0.1204529E+02  Si
  0.4085579E+01  0.1070687E+01  0.1471846E+02  Si
  0.1452650E+01  0.4093293E+01  0.1468133E+02  Si
  0.5245745E+01  0.2166998E+02  0.1050381E+02  Si
  0.7859180E+01  0.2633976E+01  0.1037683E+02  Si
  0.8133457E+01  0.2145934E+02  0.1329810E+02  Si
  0.5647301E+01  0.2182664E+01  0.1357088E+02  Si
  0.6950965E+01  0.1006322E+01  0.1181760E+02  Si
  0.9347336E+01  0.3895454E+01  0.1162495E+02  Si
  0.9643143E+01  0.1151172E+01  0.1446895E+02  Si
  0.7029454E+01  0.3817754E+01  0.1477958E+02  Si
  0.1117892E+02  0.2139907E+02  0.1059064E+02  Si
  0.1367864E+02  0.2605184E+01  0.1071944E+02  Si
  0.1353950E+02  0.2127475E+02  0.1340644E+02  Si
  0.1078261E+02  0.2682910E+01  0.1313111E+02  Si
  0.1225213E+02  0.1232162E+01  0.1215336E+02  Si
  0.1538707E+02  0.3934633E+01  0.1211818E+02  Si
  0.1482815E+02  0.1256373E+01  0.1464815E+02  Si
  0.1211948E+02  0.3738037E+01  0.1475240E+02  Si
  0.1620614E+02  0.2131404E+02  0.1067805E+02  Si
  0.2005980E+02  0.8802780E+00  0.9498793E+01  Si
  0.2655185E+02  0.3044030E+00  0.1690059E+02  Si
  0.1648571E+02  0.2406666E+01  0.1346603E+02  Si
  0.1757083E+02  0.1018374E+01  0.1205206E+02  Si
  0.1890958E+02  0.2263168E+01  0.1086823E+02  Si
  0.2016546E+02  0.3889589E+01  0.1228341E+02  Si
  0.1751689E+02  0.3423748E+01  0.1509409E+02  Si
  0.6507602E+02  0.5372734E+01  0.1067494E+02  Si
  0.2654377E+01  0.8091822E+01  0.1032334E+02  Si
  0.2926745E+01  0.5375863E+01  0.1330231E+02  Si
  0.6494113E+02  0.8087101E+01  0.1329269E+02  Si
  0.1272589E+01  0.6667888E+01  0.1204082E+02  Si
  0.3892445E+01  0.9265046E+01  0.1185814E+02  Si
  0.4151311E+01  0.6526472E+01  0.1488021E+02  Si
  0.1343776E+01  0.9135418E+01  0.1468911E+02  Si
  0.5576099E+01  0.5326264E+01  0.1058807E+02  Si
  0.8155361E+01  0.7926231E+01  0.1048287E+02  Si
  0.8289785E+01  0.5043819E+01  0.1322443E+02  Si
  0.5523320E+01  0.7965988E+01  0.1358602E+02  Si
  0.7012903E+01  0.6567312E+01  0.1203147E+02  Si
  0.9412249E+01  0.9291556E+01  0.1180035E+02  Si
  0.9886452E+01  0.6498800E+01  0.1421670E+02  Si
  0.7183402E+01  0.9333406E+01  0.1455197E+02  Si
  0.1065378E+02  0.5114892E+01  0.1041713E+02  Si
  0.1371314E+02  0.7833204E+01  0.1091847E+02  Si
  0.1370081E+02  0.5111052E+01  0.1326284E+02  Si
  0.1095739E+02  0.7986062E+01  0.1302458E+02  Si
  0.1228309E+02  0.6159781E+01  0.1187646E+02  Si
  0.1513932E+02  0.9044768E+01  0.1218504E+02  Si
  0.1512995E+02  0.6558186E+01  0.1462333E+02  Si
  0.1225736E+02  0.9191288E+01  0.1482175E+02  Si
  0.1650598E+02  0.5468534E+01  0.1080560E+02  Si
  0.1939937E+02  0.7512767E+01  0.1082743E+02  Si
  0.1875079E+02  0.5056590E+01  0.1411531E+02  Si
  0.1670951E+02  0.7720061E+01  0.1330521E+02  Si
  0.1810279E+02  0.6328532E+01  0.1244714E+02  Si
  0.2562718E+02  0.4748006E+01  0.1994488E+02  Si
  0.2052461E+02  0.6345903E+01  0.1511697E+02  Si
  0.1796891E+02  0.9250601E+01  0.1466931E+02  Si
  0.6504226E+02  0.1059765E+02  0.1045860E+02  Si
  0.2464597E+01  0.1317410E+02  0.1044327E+02  Si
  0.2852930E+01  0.1050576E+02  0.1324854E+02  Si
  0.6498261E+02  0.1264916E+02  0.1322645E+02  Si
  0.1218896E+01  0.1167727E+02  0.1201250E+02  Si
  0.3719893E+01  0.1462726E+02  0.1189097E+02  Si
  0.4187366E+01  0.1198681E+02  0.1447141E+02  Si
  0.1136989E+01  0.1434028E+02  0.1446031E+02  Si
  0.5358494E+01  0.1060686E+02  0.1074001E+02  Si
  0.8219073E+01  0.1342055E+02  0.1048843E+02  Si
  0.8232049E+01  0.1079887E+02  0.1351395E+02  Si
  0.5411400E+01  0.1356314E+02  0.1324004E+02  Si
  0.6939946E+01  0.1215968E+02  0.1193495E+02  Si
  0.9585501E+01  0.1458132E+02  0.1183379E+02  Si
  0.9601126E+01  0.1216946E+02  0.1473604E+02  Si
  0.6862724E+01  0.1467438E+02  0.1457870E+02  Si
  0.1094828E+02  0.1065339E+02  0.1050223E+02  Si
  0.1345050E+02  0.1295613E+02  0.1066794E+02  Si
  0.1371211E+02  0.1034333E+02  0.1350396E+02  Si
  0.1084642E+02  0.1319494E+02  0.1349622E+02  Si
  0.1224115E+02  0.1163787E+02  0.1222714E+02  Si
  0.1442821E+02  0.1434881E+02  0.1234261E+02  Si
  0.1520799E+02  0.1161360E+02  0.1471639E+02  Si
  0.1232681E+02  0.1440916E+02  0.1482105E+02  Si
  0.1627842E+02  0.1028432E+02  0.1056907E+02  Si
  0.1983155E+02  0.1075187E+02  0.1545752E+02  Si
  0.2233265E+02  0.9580946E+01  0.1763301E+02  Si
  0.1637185E+02  0.1322186E+02  0.1333522E+02  Si
  0.1742489E+02  0.1221956E+02  0.1140240E+02  Si
  0.2021837E+02  0.1961068E+02  0.1251245E+02  Si
  0.1892955E+02  0.1597986E+02  0.1355919E+02  Si
  0.1785480E+02  0.1439169E+02  0.1475805E+02  Si
  0.4980863E-01  0.1589733E+02  0.1038946E+02  Si
  0.2603063E+01  0.1860569E+02  0.1046852E+02  Si
  0.2354309E+01  0.1581983E+02  0.1335745E+02  Si
  0.6501835E+02  0.1907798E+02  0.1309665E+02  Si
  0.1337004E+01  0.1720515E+02  0.1183400E+02  Si
  0.3930210E+01  0.2028442E+02  0.1181241E+02  Si
  0.3730411E+01  0.1718020E+02  0.1465167E+02  Si
  0.1140361E+01  0.2025520E+02  0.1452184E+02  Si
  0.5382089E+01  0.1583145E+02  0.1074808E+02  Si
  0.8100367E+01  0.1849104E+02  0.1074702E+02  Si
  0.8261368E+01  0.1595540E+02  0.1333006E+02  Si
  0.5393162E+01  0.1889545E+02  0.1320443E+02  Si
  0.6789700E+01  0.1719093E+02  0.1210055E+02  Si
  0.9540801E+01  0.2002582E+02  0.1175661E+02  Si
  0.9677299E+01  0.1741559E+02  0.1467735E+02  Si
  0.6695193E+01  0.2035395E+02  0.1483383E+02  Si
  0.1110543E+02  0.1583133E+02  0.1064517E+02  Si
  0.1410018E+02  0.1877282E+02  0.1066572E+02  Si
  0.1349109E+02  0.1593817E+02  0.1376969E+02  Si
  0.1084799E+02  0.1847747E+02  0.1300698E+02  Si
  0.1254186E+02  0.1724247E+02  0.1193118E+02  Si
  0.1516918E+02  0.2005084E+02  0.1204971E+02  Si
  0.1512410E+02  0.1741087E+02  0.1475978E+02  Si
  0.1187543E+02  0.1988834E+02  0.1460371E+02  Si
  0.1593424E+02  0.1568467E+02  0.1089863E+02  Si
  0.1937127E+02  0.1833011E+02  0.1060475E+02  Si
  0.2297926E+02  0.1318392E+02  0.1477224E+02  Si
  0.1647812E+02  0.1875459E+02  0.1336518E+02  Si
  0.1736806E+02  0.1714283E+02  0.1194616E+02  Si
  0.2140868E+02  0.1590188E+02  0.1682376E+02  Si
  0.2048201E+02  0.1406561E+02  0.1799508E+02  Si
  0.1782506E+02  0.1992152E+02  0.1476822E+02  Si
  0.6500629E+02  0.2148176E+02  0.1611726E+02  Si
  0.2711580E+01  0.2747725E+01  0.1594499E+02  Si
  0.2634734E+01  0.2148037E+02  0.1898304E+02  Si
  0.6508933E+02  0.2623660E+01  0.1870415E+02  Si
  0.1359085E+01  0.1332234E+01  0.1749111E+02  Si
  0.4375804E+01  0.3912888E+01  0.1732907E+02  Si
  0.4127458E+01  0.1115431E+01  0.2028742E+02  Si
  0.1644171E+01  0.4032241E+01  0.1980674E+02  Si
  0.5259612E+01  0.2159993E+02  0.1630988E+02  Si
  0.8334907E+01  0.2184354E+01  0.1616048E+02  Si
  0.8325645E+01  0.2106064E+02  0.1861200E+02  Si
  0.5480727E+01  0.2493662E+01  0.1888171E+02  Si
  0.6737631E+01  0.7904142E+00  0.1739157E+02  Si
  0.9550259E+01  0.3727848E+01  0.1732155E+02  Si
  0.9675869E+01  0.9181609E+00  0.1978398E+02  Si
  0.6840999E+01  0.3859090E+01  0.2023726E+02  Si
  0.1105611E+02  0.2165672E+02  0.1607542E+02  Si
  0.1345225E+02  0.2372715E+01  0.1624997E+02  Si
  0.1344656E+02  0.2153660E+02  0.1870091E+02  Si
  0.1103115E+02  0.2758637E+01  0.1881012E+02  Si
  0.1202576E+02  0.1095565E+01  0.1752080E+02  Si
  0.1491782E+02  0.3735182E+01  0.1730616E+02  Si
  0.1504799E+02  0.1215399E+01  0.2004761E+02  Si
  0.1219806E+02  0.4027472E+01  0.2023079E+02  Si
  0.1638681E+02  0.2139842E+02  0.1585096E+02  Si
  0.1922855E+02  0.2210933E+01  0.1635289E+02  Si
  0.1880426E+02  0.2134062E+02  0.1898241E+02  Si
  0.1635954E+02  0.2694941E+01  0.1886002E+02  Si
  0.1762419E+02  0.1185774E+01  0.1754005E+02  Si
  0.2060732E+02  0.3567484E+01  0.1783515E+02  Si
  0.2026900E+02  0.1130950E+01  0.2034927E+02  Si
  0.1746422E+02  0.4018486E+01  0.2038630E+02  Si
  0.2780393E-02  0.5041908E+01  0.1616996E+02  Si
  0.2608974E+01  0.7859581E+01  0.1623425E+02  Si
  0.3139221E+01  0.5534145E+01  0.1855449E+02  Si
  0.1904878E-01  0.8051729E+01  0.1904270E+02  Si
  0.1298806E+01  0.6730944E+01  0.1745800E+02  Si
  0.3866428E+01  0.9420265E+01  0.1738673E+02  Si
  0.4242661E+01  0.6506919E+01  0.2018876E+02  Si
  0.1513999E+01  0.9486442E+01  0.2038812E+02  Si
  0.5683257E+01  0.5400701E+01  0.1597251E+02  Si
  0.8211973E+01  0.7552637E+01  0.1582398E+02  Si
  0.8002327E+01  0.5156520E+01  0.1877919E+02  Si
  0.5350120E+01  0.7878574E+01  0.1871142E+02  Si
  0.6798015E+01  0.6707264E+01  0.1736933E+02  Si
  0.9198676E+01  0.9056056E+01  0.1721535E+02  Si
  0.9500412E+01  0.6455696E+01  0.1999134E+02  Si
  0.6729436E+01  0.9150180E+01  0.1988237E+02  Si
  0.1083251E+02  0.5244178E+01  0.1597390E+02  Si
  0.1368835E+02  0.7649795E+01  0.1619545E+02  Si
  0.1367732E+02  0.5370248E+01  0.1890834E+02  Si
  0.1079137E+02  0.7891191E+01  0.1856340E+02  Si
  0.1217928E+02  0.6506823E+01  0.1733835E+02  Si
  0.1507461E+02  0.8976160E+01  0.1762375E+02  Si
  0.1490578E+02  0.6710703E+01  0.2023268E+02  Si
  0.1208476E+02  0.9276165E+01  0.1990312E+02  Si
  0.1640355E+02  0.5130540E+01  0.1614871E+02  Si
  0.1887577E+02  0.7738629E+01  0.1611303E+02  Si
  0.1900082E+02  0.4988017E+01  0.1903183E+02  Si
  0.1658775E+02  0.7689779E+01  0.1905875E+02  Si
  0.1778260E+02  0.6530076E+01  0.1752100E+02  Si
  0.1988673E+02  0.9360575E+01  0.1743212E+02  Si
  0.2043046E+02  0.6317051E+01  0.2044587E+02  Si
  0.1737482E+02  0.9377430E+01  0.2035603E+02  Si
  0.1917934E+00  0.1043045E+02  0.1613717E+02  Si
  0.2876032E+01  0.1341786E+02  0.1574219E+02  Si
  0.2474397E+01  0.1073547E+02  0.1888155E+02  Si
  0.5938133E-01  0.1324204E+02  0.1870350E+02  Si
  0.1559993E+01  0.1207308E+02  0.1725002E+02  Si
  0.3768861E+01  0.1473490E+02  0.1741845E+02  Si
  0.3930256E+01  0.1189513E+02  0.1984153E+02  Si
  0.1240441E+01  0.1467258E+02  0.2004600E+02  Si
  0.5440357E+01  0.1048323E+02  0.1585910E+02  Si
  0.8112252E+01  0.1338866E+02  0.1609264E+02  Si
  0.7929891E+01  0.1063844E+02  0.1858634E+02  Si
  0.5361035E+01  0.1353982E+02  0.1870606E+02  Si
  0.6602918E+01  0.1195039E+02  0.1725136E+02  Si
  0.9533748E+01  0.1473052E+02  0.1739068E+02  Si
  0.9401545E+01  0.1211401E+02  0.1996358E+02  Si
  0.6808894E+01  0.1456325E+02  0.2008836E+02  Si
  0.1061551E+02  0.1045295E+02  0.1596148E+02  Si
  0.1363528E+02  0.1299143E+02  0.1606521E+02  Si
  0.1340106E+02  0.1043888E+02  0.1879564E+02  Si
  0.1078906E+02  0.1347671E+02  0.1855965E+02  Si
  0.1209129E+02  0.1194493E+02  0.1733350E+02  Si
  0.1510687E+02  0.1449211E+02  0.1729663E+02  Si
  0.1458452E+02  0.1193618E+02  0.2009547E+02  Si
  0.1215103E+02  0.1490901E+02  0.2005171E+02  Si
  0.1639552E+02  0.1032749E+02  0.1606471E+02  Si
  0.1925198E+02  0.1295107E+02  0.1610319E+02  Si
  0.1875695E+02  0.1063985E+02  0.1902049E+02  Si
  0.1612964E+02  0.1316154E+02  0.1887178E+02  Si
  0.1754817E+02  0.1182412E+02  0.1749083E+02  Si
  0.2040994E+02  0.1687480E+02  0.1486796E+02  Si
  0.2690121E+02  0.8811025E+01  0.2159708E+02  Si
  0.1744829E+02  0.1458577E+02  0.2020491E+02  Si
  0.5504719E-02  0.1582218E+02  0.1609345E+02  Si
  0.2452843E+01  0.1874669E+02  0.1578290E+02  Si
  0.2717687E+01  0.1633238E+02  0.1888151E+02  Si
  0.3244231E-01  0.1857895E+02  0.1894055E+02  Si
  0.1285410E+01  0.1730175E+02  0.1739223E+02  Si
  0.3890400E+01  0.2027760E+02  0.1752186E+02  Si
  0.4337935E+01  0.1767297E+02  0.2024298E+02  Si
  0.1242392E+01  0.2012189E+02  0.2012575E+02  Si
  0.5274934E+01  0.1602718E+02  0.1584212E+02  Si
  0.8157639E+01  0.1883370E+02  0.1585830E+02  Si
  0.8004161E+01  0.1592326E+02  0.1843077E+02  Si
  0.5364418E+01  0.1885512E+02  0.1874853E+02  Si
  0.6748634E+01  0.1745595E+02  0.1711048E+02  Si
  0.9912883E+01  0.2015650E+02  0.1722647E+02  Si
  0.9420042E+01  0.1735306E+02  0.1999037E+02  Si
  0.7009559E+01  0.1995063E+02  0.2009938E+02  Si
  0.1093110E+02  0.1590294E+02  0.1607094E+02  Si
  0.1359583E+02  0.1876998E+02  0.1598312E+02  Si
  0.1366576E+02  0.1618675E+02  0.1872791E+02  Si
  0.1099508E+02  0.1855778E+02  0.1874535E+02  Si
  0.1227375E+02  0.1746560E+02  0.1726095E+02  Si
  0.1509218E+02  0.2039147E+02  0.1716707E+02  Si
  0.1483664E+02  0.1764497E+02  0.1993391E+02  Si
  0.1234293E+02  0.1998785E+02  0.2011610E+02  Si
  0.1628902E+02  0.1593440E+02  0.1597386E+02  Si
  0.1897691E+02  0.1838493E+02  0.1629104E+02  Si
  0.1909312E+02  0.1562358E+02  0.1915908E+02  Si
  0.1638799E+02  0.1895825E+02  0.1873702E+02  Si
  0.1763732E+02  0.1700681E+02  0.1774711E+02  Si
  0.2031951E+02  0.1969151E+02  0.1790446E+02  Si
  0.2031634E+02  0.1695586E+02  0.2056361E+02  Si
  0.1768601E+02  0.2004752E+02  0.2057898E+02  Si
  0.2647837E+02  0.8647811E+01  0.2294098E+01  Si
  0.2836151E+02  0.9628743E+01  0.1295013E+02  Si
  0.3419748E+02  0.7280741E+01  0.1636988E+02  Si
  0.2155198E+02  0.2506904E+01  0.1363273E+02  Si
  0.2942042E+02  0.4379061E+01  0.1048398E+02  Si
  0.2537600E+02  0.6708922E+01  0.2581680E+01  Si
  0.2782119E+02  0.1393961E+02  0.3386494E+01  Si
  0.1916838E+02  0.2146174E+02  0.1351839E+02  Si
  0.2319364E+02  0.3813657E+01  0.2041909E+02  Si
  0.3908713E+02  0.1740719E+02  0.1156337E+02  Si
  0.3029315E+02  0.1625791E+02  0.4572341E+01  Si
  0.4379229E+02  0.2307798E+01  0.1885595E+02  Si
  0.3000664E+02  0.1561204E+02  0.1180737E+02  Si
  0.3542817E+02  0.7881451E+01  0.4989772E+01  Si
  0.3167135E+02  0.1174441E+02  0.1547398E+02  Si
  0.3942522E+02  0.2038985E+02  0.3262181E+01  Si
  0.2123602E+02  0.1577909E+02  0.8319390E+00  Si
  0.2749794E+02  0.1488638E+02  0.1189822E+02  Si
  0.3015706E+02  0.4458770E+01  0.1272185E+02  Si
  0.3977442E+02  0.5928554E+01  0.1073060E+02  Si
  0.3695221E+02  0.3187301E+01  0.6517808E+01  Si
  0.3735334E+02  0.5163112E+01  0.7822446E+01  Si
  0.4137119E+02  0.6201763E+01  0.1775798E+02  Si
  0.3524420E+02  0.1053564E+02  0.1252034E+02  Si
  0.3418298E+02  0.1669283E+02  0.2094645E+02  Si
  0.4203364E+02  0.1184566E+02  0.3818551E+01  Si
  0.3498634E+02  0.5388855E+01  0.2150648E+02  Si
  0.3472227E+02  0.1446655E+02  0.1915661E+02  Si
  0.4052238E+02  0.7548435E+01  0.4957025E+01  Si
  0.2324985E+02  0.1773619E+02  0.9392572E+01  Si
  0.2745856E+02  0.5646975E+01  0.3168769E+01  Si
  0.4178134E+02  0.6449420E+01  0.3570055E+01  Si
  0.2285554E+02  0.3197290E+01  0.9573909E+01  Si
  0.2450437E+02  0.1101036E+02  0.6283477E+01  Si
  0.2779170E+02  0.1902553E+02  0.1652309E+02  Si
  0.2936939E+02  0.1781333E+02  0.1565140E+02  Si
  0.2150068E+02  0.9827935E+01  0.1007639E+02  Si
  0.2326780E+02  0.2006664E+02  0.1521136E+02  Si
  0.2492455E+02  0.1951354E+02  0.1363349E+02  Si
  0.3493114E+02  0.4890230E+00  0.2099692E+02  Si
  0.2379673E+02  0.1495029E+02  0.1630035E+02  Si
  0.3021609E+02  0.1382248E+02  0.3708529E+01  Si
  0.3609057E+02  0.1713060E+02  0.5872015E+00  Si
  0.2540192E+02  0.3873137E+01  0.4295489E+01  Si
  0.3151780E+02  0.2087189E+02  0.1833044E+02  Si
  0.3850526E+02  0.1470748E+02  0.1385270E+02  Si
  0.3426941E+02  0.1678456E+02  0.1841441E+02  Si
  0.2217571E+02  0.1616230E+02  0.1047084E+02  Si
  0.4122476E+02  0.2285545E+01  0.1662288E+02  Si
  0.3591473E+02  0.2126829E+02  0.6867852E+01  Si
  0.3786583E+02  0.1090348E+02  0.1032417E+02  Si
  0.4081648E+02  0.1831498E+01  0.1647528E+00  Si
  0.2828276E+02  0.1690332E+02  0.6048609E+01  Si
  0.2404108E+02  0.7339636E-01  0.1371914E+02  Si
  0.3782616E+02  0.7693502E+01  0.7800231E+00  Si
  0.3608914E+02  0.1402075E+02  0.1374524E+02  Si
  0.3215921E+02  0.2553577E+01  0.7044181E+01  Si
  0.3558605E+02  0.1416467E+01  0.1525334E+01  Si
  0.3417657E+02  0.2080203E+02  0.9615590E+01  Si
  0.4231366E+02  0.3759754E+01  0.1155130E+01  Si
  0.2359255E+02  0.1665509E+02  0.2014188E+02  Si
  0.2711218E+02  0.1004370E+02  0.4876493E+01  Si
  0.4120642E+02  0.7847637E+01  0.1013693E+02  Si
  0.3154555E+02  0.4981517E+01  0.1706244E+01  Si
  0.2303632E+02  0.3973551E+01  0.1973222E+01  Si
  0.2351955E+02  0.2026188E+02  0.1969177E+02  Si
  0.2169907E+02  0.2127517E+02  0.1658053E+02  Si
  0.2500120E+02  0.4630291E+01  0.6498382E+01  Si
  0.2307309E+02  0.1437708E+02  0.1281538E+02  Si
  0.3292568E+02  0.1824353E+02  0.1566668E+01  Si
  0.3266465E+02  0.1537684E+02  0.5299556E+01  Si
  0.2976897E+02  0.1885174E+02  0.2074367E+02  Si
  0.2318499E+02  0.6854713E+01  0.7108630E+01  Si
  0.3552741E+02  0.1344946E+02  0.1654158E+02  Si
  0.2563018E+02  0.9177520E+01  0.1048861E+02  Si
  0.2142755E+02  0.7957294E+01  0.8375877E+01  Si
  0.3851847E+02  0.1451103E+02  0.1627345E+02  Si
  0.2586206E+02  0.2036691E+02  0.2026657E+02  Si
  0.3693478E+02  0.9720213E+01  0.4146558E+01  Si
  0.2711529E+02  0.1780525E+02  0.8946339E+01  Si
  0.2065107E+02  0.1159236E+02  0.8784581E+01  Si
  0.3817976E+02  0.7821075E+01  0.1406237E+02  Si
  0.3716856E+02  0.1659802E+02  0.1467107E+02  Si
  0.3591690E+02  0.7111977E+01  0.1205061E+02  Si
  0.2158608E+02  0.5014222E+01  0.2341278E+00  Si
  0.1987378E+02  0.1143373E+02  0.2118189E+02  Si
  0.3387644E+02  0.9120846E+00  0.6339650E+01  Si
  0.3039394E+02  0.1348086E+01  0.5927495E+01  Si
  0.3446232E+02  0.5034964E+01  0.1215293E+02  Si
  0.3292137E+02  0.6988920E+01  0.1924301E+02  Si
  0.3555289E+02  0.1381638E+02  0.8648898E+01  Si
  0.3953721E+02  0.9402456E+01  0.9295347E+01  Si
  0.2573765E+02  0.1272899E+02  0.9094759E+01  Si
  0.4070919E+02  0.1605063E+02  0.1858383E+02  Si
  0.3828951E+02  0.1893217E+02  0.1747523E+01  Si
  0.3081095E+02  0.1323345E+01  0.1350161E+02  Si
  0.2512578E+02  0.3287520E+01  0.1544312E+02  Si
  0.3435175E+02  0.2158085E+02  0.1662541E+02  Si
  0.2588270E+02  0.1472265E+02  0.1528203E+02  Si
  0.2836473E+02  0.1167745E+02  0.5480589E+01  Si
  0.2315747E+02  0.1734398E+02  0.1779435E+02  Si
  0.2886590E+02  0.2137673E+01  0.4116376E+01  Si
  0.2907248E+02  0.8754901E+01  0.9939152E+01  Si
  0.3347916E+02  0.1136194E+02  0.1393886E+02  Si
  0.3604145E+02  0.1819306E+02  0.1827710E+02  Si
  0.3893165E+02  0.2957874E+01  0.1568798E+02  Si
  0.2508663E+02  0.2014661E+02  0.1663313E+02  Si
  0.3067866E+02  0.1870291E+02  0.1987496E+01  Si
  0.2501002E+02  0.7437839E+01  0.2110747E+02  Si
  0.3956541E+02  0.1508457E+02  0.2037120E+02  Si
  0.3515444E+02  0.7945150E+01  0.1955672E+02  Si
  0.3805348E+02  0.8000819E+01  0.1658824E+02  Si
  0.2143602E+02  0.1164065E+02  0.1675657E+01  Si
  0.4201765E+02  0.1106229E+01  0.3483869E+01  Si
  0.4076175E+02  0.1868827E+02  0.1601984E+02  Si
  0.2629801E+02  0.1334534E+02  0.2081095E+02  Si
  0.4229442E+02  0.6508813E+01  0.1436878E+02  Si
  0.4215271E+02  0.2004911E+02  0.1137884E+02  Si
  0.3387424E+02  0.8247562E-01  0.1899566E+02  Si
  0.2139209E+02  0.1816681E+02  0.1978926E+01  Si
  0.3705957E+02  0.1470983E+02  0.2052450E+02  Si
  0.4067964E+02  0.1060758E+02  0.1862658E+02  Si
  0.4087678E+02  0.1600049E+02  0.1895047E+01  Si
  0.3794430E+02  0.4657227E+01  0.4792826E+01  Si
  0.3434380E+02  0.1560033E+02  0.1640971E+02  Si
  0.3131802E+02  0.1743564E+02  0.8913241E+01  Si
  0.2309629E+02  0.1465393E+02  0.2163765E+02  Si
  0.3850050E+02  0.1246553E+01  0.2870137E+00  Si
  0.3363824E+02  0.1721701E+02  0.3712044E+01  Si
  0.2953412E+02  0.1099992E+02  0.1992736E+02  Si
  0.3290310E+02  0.6440669E+01  0.6253441E+00  Si
  0.2814953E+02  0.6627977E+01  0.1060148E+02  Si
  0.2305407E+02  0.1688411E+02  0.1265039E+02  Si
  0.1999376E+02  0.2027847E+02  0.6460922E+01  Si
  0.1848521E+02  0.1911112E+02  0.5378555E+01  Si
  0.4131463E+02  0.7918695E+01  0.1602796E+02  Si
  0.3220702E+02  0.1265564E+01  0.1006480E+00  Si
  0.2928194E+02  0.3514229E+01  0.6305927E+01  Si
  0.4225766E+02  0.1468152E+02  0.7527226E+00  Si
  0.2763058E+02  0.3794095E+00  0.4553963E+01  Si
  0.3535502E+02  0.2003800E+02  0.1982453E+02  Si
  0.4340619E+02  0.1294734E+02  0.1873528E+02  Si
  0.3030427E+02  0.1705416E+02  0.1778773E+02  Si
  0.2719877E+02  0.3185750E+01  0.2789823E+01  Si
  0.2943070E+02  0.6102428E+01  0.1779188E+01  Si
  0.2755328E+02  0.7313455E+00  0.1494140E+02  Si
  0.3577997E+02  0.1207868E+02  0.8623425E+00  Si
  0.3726537E+02  0.1353921E+02  0.1834825E+02  Si
  0.2984523E+02  0.3548649E+00  0.1529791E+02  Si
  0.2619353E+02  0.1667771E+02  0.1520836E+01  Si
  0.2805689E+02  0.2484102E+01  0.8071130E+01  Si
  0.3803595E+02  0.1862766E+02  0.1357492E+02  Si
  0.3940550E+02  0.2046545E+02  0.1454379E+02  Si
  0.4069751E+02  0.1060775E+02  0.7580853E+01  Si
  0.2876657E+02  0.1421588E+02  0.1653250E+02  Si
  0.3854776E+02  0.2052979E+02  0.1679225E+02  Si
  0.4265113E+02  0.6369803E+01  0.1993149E+02  Si
  0.4031171E+02  0.1317815E+02  0.1046369E+02  Si
  0.4080909E+02  0.5053531E+01  0.7158669E+01  Si
  0.3956967E+02  0.1704963E+02  0.6001997E+01  Si
  0.4057399E+02  0.2159584E+02  0.7053898E+01  Si
  0.3696029E+02  0.1924925E+02  0.2147680E+02  Si
  0.2591934E+02  0.1607024E+02  0.5565548E+01  Si
  0.1916579E+02  0.1533259E+02  0.8992970E+01  Si
  0.2248561E+02  0.7224665E+01  0.3779146E+01  Si
  0.3607973E+02  0.1994807E+02  0.1294771E+02  Si
  0.2028320E+02  0.9426097E+00  0.4120119E+01  Si
  0.2165181E+02  0.7176262E+01  0.1384212E+01  Si
  0.2268712E+02  0.8691620E+01  0.5433771E+01  Si
  0.2147372E+02  0.5084248E+00  0.7287671E+00  Si
  0.2190230E+02  0.2336429E+01  0.1894779E+02  Si
  0.2177746E+02  0.4885693E+01  0.1088722E+02  Si
  0.2884864E+02  0.2025471E+02  0.1281536E+02  Si
  0.2314319E+02  0.1283722E+02  0.1747595E+02  Si
  0.3200433E+02  0.9354281E+01  0.1433539E+02  Si
  0.3435864E+02  0.1579653E+02  0.7169448E+01  Si
  0.3505654E+02  0.7711044E+01  0.1435472E+01  Si
  0.3774913E+02  0.7924184E+01  0.8363752E+01  Si
  0.3447415E+02  0.2904869E+01  0.2096847E+02  Si
  0.4040497E+02  0.1891394E+02  0.1009362E+02  Si
  0.2571873E+02  0.1272416E+02  0.2833131E+01  Si
  0.3352921E+02  0.8002746E+01  0.3401803E+01  Si
  0.2032817E+02  0.9488094E+01  0.6338428E+01  Si
  0.3926773E+02  0.3866075E+01  0.9047633E+01  Si
  0.2756395E+02  0.1017531E+01  0.7110057E+00  Si
  0.3123575E+02  0.2139655E+02  0.8172620E+01  Si
  0.3233812E+02  0.1750673E+02  0.1701406E+02  Si
  0.3699934E+02  0.1057166E+02  0.2118949E+02  Si
  0.2116323E+02  0.2117428E+02  0.1093923E+02  Si
  0.2468667E+02  0.1448770E+02  0.7579388E+01  Si
  0.3786853E+02  0.7501960E+01  0.1089513E+02  Si
  0.2692840E+02  0.1178493E+02  0.1313495E+02  Si
  0.2903436E+02  0.9461840E+01  0.2963231E+01  Si
  0.2979820E+02  0.1484022E+02  0.1868077E+02  Si
  0.2772297E+02  0.1585513E+02  0.1948267E+02  Si
  0.3039550E+02  0.1148136E+02  0.1075010E+02  Si
  0.3561585E+02  0.3279863E+01  0.1328436E+02  Si
  0.2830897E+02  0.2042379E+02  0.1053433E+02  Si
  0.4200244E+02  0.9296041E+01  0.1001500E+01  Si
  0.2199053E+02  0.7483727E+01  0.1924410E+02  Si
  0.2044463E+02  0.8662705E+00  0.1504320E+02  Si
  0.3180547E+02  0.1003695E+02  0.1950772E+02  Si
  0.2989033E+02  0.2546930E+01  0.1649808E+02  Si
  0.2992487E+02  0.1055583E+02  0.1757994E+02  Si
  0.2862777E+02  0.7424213E+01  0.4174900E+01  Si
  0.2920196E+02  0.2093623E+02  0.1723504E+02  Si
  0.4205890E+02  0.2033511E+02  0.8159216E+00  Si
  0.4193037E+02  0.1733766E+02  0.8772009E+01  Si
  0.2677108E+02  0.1278929E+02  0.1645979E+02  Si
  0.2532562E+02  0.1558869E+02  0.1901664E+02  Si
  0.3956993E+02  0.1123016E+02  0.5537602E+01  Si
  0.3175585E+02  0.6762203E+01  0.1690134E+02  Si
  0.4074275E+02  0.1326009E+02  0.1604322E+02  Si
  0.3240793E+02  0.1985272E+02  0.1418225E+02  Si
  0.3497775E+02  0.9377312E+01  0.2149463E+02  Si
  0.2197553E+02  0.1247319E+02  0.5008297E+01  Si
  0.3595398E+02  0.1430976E+02  0.1140973E+02  Si
  0.4228081E+02  0.4225054E+01  0.1131790E+02  Si
  0.3091800E+02  0.7275366E+00  0.1981278E+01  Si
  0.4182683E+02  0.9125775E+01  0.6211842E+01  Si
  0.3231872E+02  0.2061315E+02  0.1093287E+02  Si
  0.4242494E+02  0.9387583E+01  0.1770140E+02  Si
  0.3832658E+02  0.5647706E+01  0.1322087E+02  Si
  0.2512235E+02  0.1454487E+02  0.1054655E+01  Si
  0.3386106E+02  0.1113511E+01  0.8728466E+01  Si
  0.3196629E+02  0.8120807E+01  0.2077891E+02  Si
  0.3206106E+02  0.9729618E+01  0.2302604E+01  Si
  0.2459530E+02  0.2127890E+02  0.9350413E+01  Si
  0.3220305E+02  0.1310002E+02  0.5356574E+01  Si
  0.3379811E+02  0.1160319E+02  0.1686747E+02  Si
  0.3865172E+02  0.4279971E+01  0.2066885E+02  Si
  0.3148479E+02  0.1077225E+02  0.8715442E+01  Si
  0.3203020E+02  0.1166486E+02  0.9831924E+00  Si
  0.2271330E+02  0.1426760E+02  0.8794305E+01  Si
  0.2199593E+02  0.9218471E+01  0.2094494E+02  Si
  0.3089268E+02  0.5297458E+01  0.6962286E+01  Si
  0.4241789E+02  0.6422180E+01  0.8474181E+01  Si
  0.3427340E+02  0.1545274E+02  0.9797132E+01  Si
  0.3384624E+02  0.1157232E+02  0.2513944E+01  Si
  0.2584599E+02  0.1144399E+02  0.7294119E+00  Si
  0.2437743E+02  0.9441037E+01  0.2959674E+01  Si
  0.3494574E+02  0.7718239E+01  0.9950058E+01  Si
  0.3874018E+02  0.6248486E+01  0.6455923E+01  Si
  0.3730254E+02  0.1220071E+02  0.1574320E+02  Si
  0.2842272E+02  0.5433687E+01  0.1760061E+02  Si
  0.2307003E+02  0.3384402E+01  0.5238733E+01  Si
  0.3939628E+02  0.1709304E+02  0.1699783E+00  Si
  0.3931176E+02  0.1685591E+02  0.1674022E+02  Si
  0.2533592E+02  0.5278448E+01  0.1155569E+02  Si
  0.2525360E+02  0.1885225E+02  0.1850411E+02  Si
  0.2132535E+02  0.2200576E+01  0.8080548E+01  Si
  0.3618115E+02  0.1289690E+02  0.5092712E+01  Si
  0.4023698E+02  0.1335960E+02  0.4769466E+01  Si
  0.3590435E+02  0.8897500E+01  0.1383198E+02  Si
  0.4240428E+02  0.9278406E+01  0.1161676E+02  Si
  0.4060499E+02  0.1919595E+02  0.2107365E+02  Si
  0.2500191E+02  0.8859873E+01  0.5465593E+01  Si
  0.3130066E+02  0.9092305E+01  0.1053507E+02  Si
  0.3090148E+02  0.1146391E+01  0.1005483E+02  Si
  0.2074870E+02  0.8751690E+01  0.1224972E+02  Si
  0.2230252E+02  0.1384784E+02  0.1963246E+02  Si
  0.3039093E+02  0.1392487E+02  0.1021184E+02  Si
  0.3381402E+02  0.4956602E+01  0.4749338E+01  Si
  0.2299545E+02  0.4102018E+01  0.1472814E+02  Si
  0.2346091E+02  0.1341403E+02  0.3341295E+01  Si
  0.2947974E+02  0.1070561E+02  0.7419290E+01  Si
  0.4021408E+02  0.1757626E+01  0.5220475E+01  Si
  0.2618010E+02  0.1952136E+02  0.1017222E+02  Si
  0.2437922E+02  0.1353191E+02  0.1114458E+02  Si
  0.3307765E+02  0.1841277E+02  0.1163384E+02  Si
  0.3923699E+02  0.1973940E+02  0.8119001E+01  Si
  0.3120500E+02  0.3358830E+01  0.1461506E+02  Si
  0.4213448E+02  0.1999906E+02  0.5737455E+01  Si
  0.3240146E+02  0.1866609E+02  0.4948464E+01  Si
  0.3304081E+02  0.1253705E+02  0.1906418E+02  Si
  0.3602554E+02  0.1991840E+01  0.9044244E+01  Si
  0.3752201E+02  0.7527852E+00  0.1549248E+02  Si
  0.3678292E+02  0.1200903E+02  0.1220237E+02  Si
  0.3761263E+02  0.3648172E+01  0.1200612E+02  Si
  0.4098059E+02  0.2140290E+02  0.1298145E+02  Si
  0.3868543E+02  0.2171519E+02  0.1906407E+02  Si
  0.3090709E+02  0.1287806E+02  0.7492451E+01  Si
  0.4075337E+02  0.1005209E-01  0.1828596E+01  Si
  0.2929137E+02  0.8379562E+00  0.1159849E+02  Si
  0.3606071E+02  0.1359484E+01  0.5180276E+01  Si
  0.2815592E+02  0.2508707E+01  0.1027229E+02  Si
  0.3339603E+02  0.2651356E+01  0.1495836E+02  Si
  0.3770386E+02  0.1113468E+02  0.1875347E+02  Si
  0.2418906E+02  0.1923714E+02  0.1768267E+01  Si
  0.2011300E+02  0.1252477E+02  0.3503781E+01  Si
  0.3112926E+02  0.5248445E+01  0.9398254E+01  Si
  0.3628341E+02  0.2027894E+02  0.1048684E+02  Si
  0.2672436E+02  0.5656739E+01  0.1580405E+02  Si
  0.2698960E+02  0.2006748E+02  0.1439923E+02  Si
  0.2668028E+02  0.2122670E+02  0.2570694E+01  Si
  0.2189059E+02  0.7366655E+01  0.1372710E+02  Si
  0.2522861E+02  0.1583667E+02  0.1175179E+02  Si
  0.3256016E+02  0.1508105E+02  0.1457376E+02  Si
  0.4115256E+02  0.2550693E+01  0.9938094E+01  Si
  0.3050675E+02  0.8487510E+01  0.1274375E+02  Si
  0.4195812E+02  0.2039207E+02  0.1695430E+02  Si
  0.3999504E+02  0.2677555E+01  0.1341239E+02  Si
  0.3273016E+02  0.7012136E+01  0.1039137E+02  Si
  0.4196221E+02  0.1200963E+02  0.9115334E+01  Si
  0.3447224E+02  0.7085011E+00  0.1443569E+02  Si
  0.2302973E+02  0.9459253E+01  0.1424451E+02  Si
  0.3973225E+02  0.9356094E+01  0.1540293E+02  Si
  0.2774157E+02  0.3415078E+01  0.1608632E+02  Si
  0.2173909E+02  0.2124789E+02  0.5193635E+01  Si
  0.1967376E+02  0.1194305E+02  0.1100700E+02  Si
  0.4226687E+02  0.1723017E+02  0.3667452E+01  Si
  0.4184741E+02  0.1748065E+02  0.1439955E+02  Si
  0.2771222E+02  0.6947692E+01  0.8452938E+01  Si
  0.3527308E+02  0.5708289E+01  0.8476400E+01  Si
  0.3340935E+02  0.1075506E+01  0.2532836E+01  Si
  0.3768004E+02  0.2070255E+01  0.2458351E+01  Si
  0.2912992E+02  0.7022965E+01  0.1934886E+02  Si
  0.4056422E+02  0.1062408E+02  0.2615825E+01  Si
  0.3067296E+02  0.4618913E+01  0.1742759E+02  Si
  0.4020460E+02  0.1595168E+02  0.1329983E+02  Si
  0.2392949E+02  0.1298584E+01  0.1086646E+01  Si
  0.2820350E+02  0.1571126E+02  0.1651783E+01  Si
  0.2505409E+02  0.1819983E+02  0.1174856E+02  Si
  0.2529473E+02  0.6806580E+01  0.1872660E+02  Si
  0.2542336E+02  0.3164996E+01  0.1037537E+01  Si
  0.2263815E+02  0.1816334E+02  0.7239673E+01  Si
  0.2755261E+02  0.1048646E+02  0.1085805E+02  Si
  0.2927891E+02  0.1428383E+02  0.1369013E+02  Si
  0.1891291E+02  0.4869530E+01  0.8053733E+01  Si
  0.2939955E+02  0.6544609E+01  0.1407667E+02  Si
  0.3923045E+02  0.1125881E+02  0.1686093E+02  Si
  0.3916803E+02  0.6760058E+01  0.1810272E+02  Si
  0.3878432E+02  0.9233453E+01  0.1223021E+02  Si
  0.2422751E+02  0.1035895E+02  0.1630221E+02  Si
  0.2905170E+02  0.2612885E+01  0.2122321E+02  Si
  0.3054147E+02  0.8665673E+00  0.2005017E+02  Si
  0.3678540E+02  0.9071932E+01  0.6581201E+01  Si
  0.3011835E+02  0.1844473E+02  0.4317375E+01  Si
  0.3231477E+02  0.5938470E+01  0.1261753E+02  Si
  0.2559491E+02  0.8978859E+01  0.1769307E+02  Si
  0.3608064E+02  0.5015362E+01  0.3572693E+01  Si
  0.3718412E+02  0.1815354E+02  0.1004157E+02  Si
  0.3057040E+02  0.1126172E+02  0.3821872E+01  Si
  0.3039770E+02  0.5144697E+01  0.2048882E+02  Si
  0.2675920E+02  0.1701560E+02  0.1744133E+02  Si
  0.3931735E+02  0.5801996E+01  0.5962400E+00  Si
  0.2589229E+02  0.2770612E+01  0.1150711E+02  Si
  0.4199655E+02  0.1453469E+02  0.6027943E+01  Si
  0.3737747E+02  0.1506743E+01  0.1101075E+02  Si
  0.3354182E+02  0.2408042E+01  0.1875879E+02  Si
  0.3657889E+02  0.9280637E+01  0.1800101E+02  Si
  0.2550363E+02  0.6472912E+01  0.1377691E+02  Si
  0.2799621E+02  0.1584487E+02  0.1528304E+02  Si
  0.3779125E+02  0.1791363E+02  0.7490792E+01  Si
  0.3435701E+02  0.1851352E+02  0.1373053E+02  Si
  0.3886208E+02  0.2069988E+02  0.2114983E+02  Si
  0.2364790E+02  0.1129586E+02  0.1068136E+02  Si
  0.2531489E+02  0.1640319E+02  0.9064333E+01  Si
  0.2214780E+02  0.1073505E+02  0.6794485E+01  Si
  0.2650955E+02  0.1000476E+02  0.1946061E+02  Si
  0.2349705E+02  0.8627841E+01  0.9408433E+00  Si
  0.3485206E+02  0.1606643E+02  0.1399086E+02  Si
  0.2836904E+02  0.1433095E+02  0.2135881E+02  Si
  0.2266535E+02  0.1135439E+02  0.1955606E+02  Si
  0.4069893E+02  0.1869389E+02  0.4586945E+01  Si
  0.3677617E+02  0.1568800E+02  0.7434280E+01  Si
  0.3794656E+02  0.2137011E+02  0.9126581E+01  Si
  0.3363541E+02  0.1119868E+02  0.2078617E+02  Si
  0.3652807E+02  0.1931280E+02  0.5893523E+01  Si
  0.3702779E+02  0.2459549E+01  0.1737763E+02  Si
  0.3127652E+02  0.3380664E+01  0.6125570E-01  Si
  0.3260364E+02  0.9011456E-01  0.1302111E+02  Si
  0.2989986E+02  0.1712941E+02  0.5772261E+00  Si
  0.2544605E+02  0.1323946E+02  0.1835809E+02  Si
  0.3464571E+02  0.1941847E+02  0.7724604E+01  Si
  0.3761815E+02  0.1574471E+02  0.1078510E+02  Si
  0.2509982E+02  0.1234718E+02  0.1466547E+02  Si
  0.3907794E+02  0.1256469E+02  0.2803442E+01  Si
  0.2257798E+02  0.1004863E+01  0.1226632E+02  Si
  0.4053482E+02  0.4889686E+01  0.2182647E+01  Si
  0.2521220E+02  0.1810143E+02  0.2155459E+02  Si
  0.3239977E+02  0.1295982E+02  0.1105686E+02  Si
  0.4079038E+02  0.4722030E+00  0.1794937E+02  Si
  0.4203119E+02  0.7799254E+00  0.8665839E+01  Si
  0.2271843E+02  0.1139867E+02  0.1300668E+02  Si
  0.3072266E+02  0.8823892E+01  0.1629172E+02  Si
  0.3214075E+02  0.1602397E+02  0.5786832E+00  Si
  0.3731152E+02  0.1702842E+02  0.2550563E+01  Si
  0.2749622E+02  0.7411072E+01  0.1286186E+02  Si
  0.3293857E+02  0.1784186E+02  0.7234211E+01  Si
  0.2911240E+02  0.1659063E+02  0.8342600E+01  Si
  0.2859846E+02  0.2025590E+02  0.5409777E+01  Si
  0.4180607E+02  0.3196154E+01  0.5662082E+01  Si
  0.2519520E+02  0.8714351E+01  0.1292606E+02  Si
  0.3224313E+02  0.6165957E+01  0.3755031E+01  Si
  0.2396324E+02  0.5447317E+01  0.3540347E+01  Si
  0.3907680E+02  0.1453791E+02  0.9239833E+01  Si
  0.2685602E+02  0.1287405E+02  0.1104544E+02  Si
  0.3422480E+02  0.1169893E+02  0.5075060E+01  Si
  0.2590215E+02  0.1747557E+01  0.1365029E+02  Si
  0.3337539E+02  0.4659215E+01  0.7052030E+01  Si
  0.3748664E+02  0.1145056E+02  0.6467129E+01  Si
  0.2855705E+02  0.7451936E+01  0.1625007E+02  Si
  0.3776287E+02  0.1256597E+02  0.8699808E+01  Si
  0.3855573E+02  0.1495229E+02  0.2262483E+01  Si
  0.2661132E+02  0.2666555E+01  0.2072078E+02  Si
  0.3936815E+02  0.3314670E+01  0.3385508E+01  Si
  0.3206282E+02  0.1311887E+02  0.1343982E+02  Si
  0.2954642E+02  0.1177777E+02  0.1340171E+02  Si
  0.2986749E+02  0.3063915E+01  0.2060226E+01  Si
  0.2841234E+02  0.1819076E+02  0.1882714E+02  Si
  0.3072987E+02  0.7261058E+01  0.5044119E+01  Si
  0.3667316E+02  0.1483724E+00  0.1774138E+02  Si
  0.4179230E+02  0.1553379E+01  0.1448155E+02  Si
  0.4051037E+02  0.1566321E+02  0.7658827E+01  Si
  0.2823942E+02  0.8940000E+01  0.1803379E+02  Si
  0.2722318E+02  0.1388773E+02  0.5543762E+01  Si
  0.3820674E+02  0.2107846E+01  0.2001581E+02  Si
  0.2381820E+02  0.1162422E+02  0.2064288E+01  Si
  0.2179469E+02  0.5322005E+01  0.6007848E+01  Si
  0.2409537E+02  0.5214993E+01  0.8762266E+01  Si
  0.2280619E+02  0.1311679E+01  0.6458705E+01  Si
  0.3261897E+02  0.1988737E+02  0.1646285E+02  Si
  0.2639936E+02  0.7580595E+00  0.1915573E+02  Si
  0.3823931E+02  0.6413373E+00  0.4235289E+01  Si
  0.2500056E+02  0.1065429E+02  0.8668958E+01  Si
  0.2490833E+02  0.1979002E+01  0.1763456E+02  Si
  0.2321724E+02  0.5664063E+01  0.1277764E+02  Si
  0.2897967E+02  0.1172895E+02  0.1581654E+02  Si
  0.4189349E+02  0.1185462E+02  0.1468581E+02  Si
  0.3934605E+02  0.9430422E+01  0.4060982E+01  Si
  0.3464956E+02  0.3386968E+01  0.1692892E+02  Si
  0.3365028E+02  0.7739465E+01  0.1379838E+02  Si
  0.4078597E+02  0.5091289E+01  0.1295171E+02  Si
  0.3587937E+02  0.5486776E+01  0.1663512E+02  Si
  0.3052443E+02  0.8214633E+01  0.1330281E+01  Si
  0.3826851E+02  0.1761840E+01  0.7917292E+01  Si
  0.2496689E+02  0.2106343E+02  0.7910183E+00  Si
  0.2920364E+02  0.2104276E+02  0.2134190E+02  Si
  0.3229451E+02  0.1628989E+02  0.1083162E+02  Si
  0.3713995E+02  0.4478696E+01  0.1486868E+02  Si
  0.2783542E+02  0.4435197E+01  0.1390493E+02  Si
  0.3986065E+02  0.8632917E+01  0.1954824E+02  Si
  0.2722881E+02  0.1887107E+02  0.6913769E+01  Si
  0.3615857E+02  0.1517241E+02  0.5305693E+01  Si
  0.2898416E+02  0.1430087E+02  0.8466296E+01  Si
  0.3169262E+02  0.1906494E+02  0.1972825E+02  Si
  0.3746805E+02  0.1717508E+02  0.2017849E+02  Si
  0.3159372E+02  0.1396660E+02  0.1717826E+01  Si
  0.3906855E+02  0.9424706E+01  0.2162173E+02  Si
  0.2871121E+02  0.1434248E+01  0.1839211E+02  Si
  0.3634960E+02  0.9130106E+00  0.1326087E+02  Si
  0.3499430E+02  0.9454364E+01  0.1621320E+02  Si
  0.3684195E+02  0.7258881E+01  0.2942751E+01  Si
  0.2423429E+02  0.4264217E+01  0.1827773E+02  Si
  0.3597030E+02  0.4180043E+01  0.1025579E+02  Si
  0.3669433E+02  0.6743221E+01  0.2048388E+02  Si
  0.2485579E+02  0.1928007E+02  0.6732663E+01  Si
  0.2182619E+02  0.1865574E+02  0.1395915E+02  Si
  0.2458240E+02  0.3638113E-01  0.7076874E+01  Si
  0.2620976E+02  0.1871873E+02  0.2883033E+01  Si
  0.3682506E+02  0.1432041E+02  0.9451248E+00  Si
  0.2185484E+02  0.5038047E+01  0.1659468E+02  Si
  0.3887628E+02  0.1202972E+02  0.5647851E+00  Si
  0.4221134E+02  0.1165079E+02  0.2016078E+02  Si
  0.2815758E+02  0.5585037E+01  0.2139085E+02  Si
  0.3680237E+02  0.3560393E+01  0.2159356E+02  Si
  0.3691538E+02  0.1189473E+02  0.3260147E+01  Si
  0.2764674E+02  0.1240079E+02  0.7680839E+01  Si
  0.3484705E+02  0.2861170E+01  0.3700076E+01  Si
  0.2228767E+02  0.2037792E+02  0.2893995E+01  Si
  0.3347901E+02  0.1901706E+02  0.2098813E+02  Si
  0.3733163E+02  0.5411500E+01  0.1864279E+02  Si
  0.3234581E+02  0.4618323E+01  0.1921083E+02  Si
  0.3294011E+02  0.2047266E+02  0.6461992E+01  Si
  0.2095738E+02  0.1308942E+02  0.1270319E+02  Si
  0.3726228E+02  0.1827742E+02  0.1628626E+02  Si
  0.3352002E+02  0.1226822E+02  0.9139047E+01  Si
  0.3093225E+02  0.1299742E+02  0.1960513E+02  Si
  0.4083590E+02  0.1313393E+02  0.2129381E+02  Si
  0.2996337E+02  0.1267929E+02  0.7589658E-01  Si
  0.2743388E+02  0.8346418E+01  0.6262455E+01  Si
  0.3420088E+02  0.1013615E+02  0.1018205E+02  Si
  0.3848375E+02  0.1521799E+02  0.4589779E+01  Si
  0.2906996E+02  0.2161506E+02  0.7298940E+01  Si
  0.2182927E+02  0.1856567E+02  0.1960542E+02  Si
  0.3361572E+02  0.2091261E+02  0.8854124E+00  Si
  0.3916106E+02  0.1169461E+02  0.1216270E+02  Si
  0.3342110E+02  0.9440718E+01  0.5473492E+01  Si
  0.4001224E+02  0.1503866E+01  0.1168862E+02  Si
  0.2719564E+02  0.4716137E+01  0.7356428E+01  Si
  0.2008107E+02  0.1603160E+02  0.1117802E+02  Si
  0.2498600E+02  0.1158059E+02  0.2019895E+02  Si
  0.3576313E+02  0.1735881E+02  0.4323086E+01  Si
  0.2335835E+02  0.6409218E+01  0.1765387E+02  Si
  0.3036517E+02  0.1871097E+02  0.1384078E+02  Si
  0.4267832E+02  0.3924327E+01  0.1738482E+02  Si
  0.2942651E+02  0.8707081E+01  0.2096377E+02  Si
  0.3051394E+02  0.1958597E+02  0.9577685E+01  Si
  0.2559001E+02  0.6850469E+01  0.9762754E+01  Si
  0.4169092E+02  0.1459071E+02  0.1186533E+02  Si
  0.2233736E+02  0.2018060E+02  0.9462768E+01  Si
  0.3101020E+02  0.9620155E+01  0.5535948E+01  Si
  0.2004003E+02  0.1078498E+02  0.1310984E+02  Si
  0.1995897E+02  0.3762196E+01  0.1343557E+01  Si
  0.3167614E+02  0.1692311E+02  0.1314366E+02  Si
  0.2910701E+02  0.2065361E+02  0.1904822E+01  Si
  0.4108775E+02  0.7380842E+01  0.2127270E+02  Si
  0.4069082E+02  0.1011523E+02  0.1314420E+02  Si
  0.2486760E+02  0.1815488E+02  0.4861347E+01  Si
  0.3237287E+02  0.2928105E+01  0.9459612E+01  Si
  0.4204945E+02  0.1759276E+02  0.1969706E+02  Si
  0.4362457E+02  0.2162931E+02  0.2129449E+02  Si
  0.4634477E+02  0.2608594E+01  0.2112130E+02  Si
  0.4592967E+02  0.1183337E-01  0.2088059E+01  Si
  0.4356835E+02  0.2534690E+01  0.2567441E+01  Si
  0.4487495E+02  0.1359793E+01  0.9021416E+00  Si
  0.4749703E+02  0.3967952E+01  0.1033418E+01  Si
  0.4732483E+02  0.1257553E+01  0.3625575E+01  Si
  0.4503302E+02  0.3836163E+01  0.3943040E+01  Si
  0.4901152E+02  0.2165006E+02  0.2124496E+02  Si
  0.5170187E+02  0.2414163E+01  0.2129040E+02  Si
  0.5142883E+02  0.2141524E+02  0.2442863E+01  Si
  0.4885154E+02  0.2444167E+01  0.2246618E+01  Si
  0.5030303E+02  0.9623024E+00  0.1033334E+01  Si
  0.5307433E+02  0.3732121E+01  0.1036609E+01  Si
  0.5267224E+02  0.9513992E+00  0.3771730E+01  Si
  0.5031318E+02  0.3807661E+01  0.3756553E+01  Si
  0.5436326E+02  0.2127857E+02  0.2129743E+02  Si
  0.5689254E+02  0.2457042E+01  0.2108793E+02  Si
  0.5723049E+02  0.2150463E+02  0.2334294E+01  Si
  0.5430097E+02  0.2097677E+01  0.2329909E+01  Si
  0.5574650E+02  0.1054816E+01  0.8304629E+00  Si
  0.5814723E+02  0.3769080E+01  0.9212665E+00  Si
  0.5833493E+02  0.1212601E+01  0.3653216E+01  Si
  0.5512655E+02  0.3735180E+01  0.3874874E+01  Si
  0.5962584E+02  0.2136108E+02  0.2136641E+02  Si
  0.6214422E+02  0.2626588E+01  0.2139616E+02  Si
  0.6213185E+02  0.2125086E+02  0.2232967E+01  Si
  0.5974216E+02  0.2514834E+01  0.2213146E+01  Si
  0.6098311E+02  0.1013099E+01  0.9483910E+00  Si
  0.6382199E+02  0.4032977E+01  0.7323360E+00  Si
  0.6360513E+02  0.1058709E+01  0.3456840E+01  Si
  0.6104925E+02  0.3644255E+01  0.3822634E+01  Si
  0.4374492E+02  0.5048796E+01  0.2155119E+02  Si
  0.4627126E+02  0.8032293E+01  0.2152504E+02  Si
  0.4612442E+02  0.5030684E+01  0.2517023E+01  Si
  0.4337858E+02  0.7830273E+01  0.2542549E+01  Si
  0.4495172E+02  0.6515921E+01  0.1139709E+01  Si
  0.4754327E+02  0.9453802E+01  0.1195794E+01  Si
  0.4735970E+02  0.6499331E+01  0.3854838E+01  Si
  0.4470235E+02  0.9255699E+01  0.3752628E+01  Si
  0.4911741E+02  0.5006731E+01  0.2147094E+02  Si
  0.5159760E+02  0.7823347E+01  0.2138611E+02  Si
  0.5175628E+02  0.5132169E+01  0.2544393E+01  Si
  0.4868902E+02  0.7768804E+01  0.2312035E+01  Si
  0.5024931E+02  0.6418321E+01  0.9311540E+00  Si
  0.5304831E+02  0.9319194E+01  0.7790762E+00  Si
  0.5294246E+02  0.6539882E+01  0.3814590E+01  Si
  0.5019289E+02  0.9506703E+01  0.3519593E+01  Si
  0.5422425E+02  0.5223518E+01  0.2145643E+02  Si
  0.5707316E+02  0.8067154E+01  0.2150905E+02  Si
  0.5694116E+02  0.5054627E+01  0.2516954E+01  Si
  0.5411994E+02  0.8080579E+01  0.2567943E+01  Si
  0.5559557E+02  0.6671951E+01  0.1212932E+01  Si
  0.5843581E+02  0.9416543E+01  0.1020964E+01  Si
  0.5825512E+02  0.6634352E+01  0.3842325E+01  Si
  0.5564600E+02  0.9341449E+01  0.3797144E+01  Si
  0.5971446E+02  0.5179014E+01  0.6192215E-01  Si
  0.6228913E+02  0.7872327E+01  0.2156083E+02  Si
  0.6250318E+02  0.5081978E+01  0.2237961E+01  Si
  0.5948278E+02  0.7870859E+01  0.2468874E+01  Si
  0.6099604E+02  0.6636558E+01  0.1164495E+01  Si
  0.6360427E+02  0.9074410E+01  0.1247736E+01  Si
  0.6374249E+02  0.6455472E+01  0.3456027E+01  Si
  0.6086104E+02  0.9352392E+01  0.4005998E+01  Si
  0.4336849E+02  0.1050125E+02  0.2133067E+02  Si
  0.4617180E+02  0.1342318E+02  0.2142736E+02  Si
  0.4604072E+02  0.1075577E+02  0.2385602E+01  Si
  0.4350542E+02  0.1326983E+02  0.2342338E+01  Si
  0.4465668E+02  0.1189313E+02  0.1039393E+01  Si
  0.4773080E+02  0.1482186E+02  0.1123977E+01  Si
  0.4761022E+02  0.1196442E+02  0.3587679E+01  Si
  0.4502657E+02  0.1443380E+02  0.3754037E+01  Si
  0.4914228E+02  0.1055621E+02  0.2132731E+02  Si
  0.5172645E+02  0.1367860E+02  0.2138350E+02  Si
  0.5165946E+02  0.1081649E+02  0.2046929E+01  Si
  0.4894838E+02  0.1330263E+02  0.2199229E+01  Si
  0.5032030E+02  0.1210122E+02  0.8606199E+00  Si
  0.5303250E+02  0.1480805E+02  0.1068503E+01  Si
  0.5289167E+02  0.1219706E+02  0.3668071E+01  Si
  0.5042282E+02  0.1465297E+02  0.3531300E+01  Si
  0.5431238E+02  0.1061997E+02  0.2134712E+02  Si
  0.5693491E+02  0.1331219E+02  0.2114682E+02  Si
  0.5688982E+02  0.1073025E+02  0.2303545E+01  Si
  0.5427397E+02  0.1350185E+02  0.2302594E+01  Si
  0.5560396E+02  0.1205297E+02  0.8146813E+00  Si
  0.5838923E+02  0.1462561E+02  0.9061802E+00  Si
  0.5848070E+02  0.1227972E+02  0.3703185E+01  Si
  0.5588582E+02  0.1487252E+02  0.3509249E+01  Si
  0.5974937E+02  0.1070494E+02  0.2166180E+02  Si
  0.6242872E+02  0.1337291E+02  0.2149383E+02  Si
  0.6246997E+02  0.1044139E+02  0.2720740E+01  Si
  0.5975433E+02  0.1358671E+02  0.2519988E+01  Si
  0.6102595E+02  0.1215929E+02  0.1307148E+01  Si
  0.6405016E+02  0.1459437E+02  0.1267830E+01  Si
  0.6381569E+02  0.1184942E+02  0.3869258E+01  Si
  0.6123019E+02  0.1475646E+02  0.3819731E+01  Si
  0.4351735E+02  0.1627129E+02  0.2125589E+02  Si
  0.4617446E+02  0.1881278E+02  0.2124183E+02  Si
  0.4612765E+02  0.1599993E+02  0.2413119E+01  Si
  0.4332366E+02  0.1881655E+02  0.2126266E+01  Si
  0.4475512E+02  0.1741728E+02  0.9237103E+00  Si
  0.4756540E+02  0.2026601E+02  0.8614811E+00  Si
  0.4739349E+02  0.1734727E+02  0.3575194E+01  Si
  0.4470069E+02  0.2034504E+02  0.3441299E+01  Si
  0.4882706E+02  0.1624499E+02  0.2125129E+02  Si
  0.5178111E+02  0.1892201E+02  0.2149745E+02  Si
  0.5183794E+02  0.1627019E+02  0.2394272E+01  Si
  0.4871143E+02  0.1873627E+02  0.2403112E+01  Si
  0.5030747E+02  0.1744717E+02  0.9123456E+00  Si
  0.5295747E+02  0.2010254E+02  0.1209926E+01  Si
  0.5300316E+02  0.1756332E+02  0.3809079E+01  Si
  0.5000831E+02  0.2017986E+02  0.3760023E+01  Si
  0.5441432E+02  0.1598505E+02  0.2123640E+02  Si
  0.5699640E+02  0.1869068E+02  0.2123350E+02  Si
  0.5737113E+02  0.1614427E+02  0.2223527E+01  Si
  0.5439467E+02  0.1883983E+02  0.2276180E+01  Si
  0.5573719E+02  0.1732489E+02  0.9700804E+00  Si
  0.5843589E+02  0.2013947E+02  0.8950857E+00  Si
  0.5872895E+02  0.1738096E+02  0.3709555E+01  Si
  0.5577564E+02  0.2020544E+02  0.3745072E+01  Si
  0.5961625E+02  0.1595834E+02  0.2105991E+02  Si
  0.6238495E+02  0.1865923E+02  0.2137708E+02  Si
  0.6262211E+02  0.1591616E+02  0.2450884E+01  Si
  0.5993028E+02  0.1874560E+02  0.2209717E+01  Si
  0.6118072E+02  0.1715349E+02  0.9089272E+00  Si
  0.6381873E+02  0.2005229E+02  0.8708215E+00  Si
  0.6387428E+02  0.1729008E+02  0.3658720E+01  Si
  0.6099957E+02  0.2032680E+02  0.4056771E+01  Si
  0.4351682E+02  0.2168705E+02  0.4656568E+01  Si
  0.4615444E+02  0.2378921E+01  0.5157664E+01  Si
  0.4629680E+02  0.2127019E+02  0.7552006E+01  Si
  0.4320559E+02  0.2421631E+01  0.7478722E+01  Si
  0.4473966E+02  0.9982619E+00  0.6469170E+01  Si
  0.4744680E+02  0.3675084E+01  0.6555294E+01  Si
  0.4762036E+02  0.9101867E+00  0.8956928E+01  Si
  0.4485873E+02  0.3590262E+01  0.8915230E+01  Si
  0.4878373E+02  0.2171850E+02  0.4994017E+01  Si
  0.5149220E+02  0.2379002E+01  0.5155444E+01  Si
  0.5171274E+02  0.2149301E+02  0.8039006E+01  Si
  0.4908996E+02  0.2548302E+01  0.7856788E+01  Si
  0.5040849E+02  0.9312254E+00  0.6701705E+01  Si
  0.5292136E+02  0.3666678E+01  0.6485289E+01  Si
  0.5320895E+02  0.1129426E+01  0.9279725E+01  Si
  0.5037872E+02  0.3614793E+01  0.9313420E+01  Si
  0.5418445E+02  0.2157127E+02  0.5135047E+01  Si
  0.5708347E+02  0.2747262E+01  0.5025199E+01  Si
  0.5706915E+02  0.2165741E+02  0.7663014E+01  Si
  0.5434940E+02  0.2559452E+01  0.7953087E+01  Si
  0.5552128E+02  0.1326216E+01  0.6433429E+01  Si
  0.5833135E+02  0.4044422E+01  0.6438188E+01  Si
  0.5826014E+02  0.1349529E+01  0.9026954E+01  Si
  0.5551142E+02  0.3996739E+01  0.9187129E+01  Si
  0.5957963E+02  0.2170000E+02  0.4994203E+01  Si
  0.6259103E+02  0.2321243E+01  0.5266483E+01  Si
  0.6258247E+02  0.2165156E+02  0.7608616E+01  Si
  0.5962510E+02  0.2580787E+01  0.7606879E+01  Si
  0.6109818E+02  0.1121900E+01  0.6323560E+01  Si
  0.6364955E+02  0.3779006E+01  0.6458116E+01  Si
  0.6400137E+02  0.1268964E+01  0.8934407E+01  Si
  0.6111481E+02  0.3871282E+01  0.8944528E+01  Si
  0.4313931E+02  0.5051846E+01  0.4568640E+01  Si
  0.4615095E+02  0.8075666E+01  0.5156351E+01  Si
  0.4605014E+02  0.5282806E+01  0.7737589E+01  Si
  0.4362212E+02  0.8052095E+01  0.7242945E+01  Si
  0.4482401E+02  0.6336838E+01  0.5928595E+01  Si
  0.4769097E+02  0.9521775E+01  0.6385766E+01  Si
  0.4747488E+02  0.6685579E+01  0.9087604E+01  Si
  0.4486842E+02  0.9446384E+01  0.8699728E+01  Si
  0.4870566E+02  0.4987449E+01  0.5098504E+01  Si
  0.5147935E+02  0.8043981E+01  0.5162013E+01  Si
  0.5156721E+02  0.5128016E+01  0.7763960E+01  Si
  0.4893995E+02  0.8034302E+01  0.7651451E+01  Si
  0.5011982E+02  0.6393840E+01  0.6336264E+01  Si
  0.5261825E+02  0.9538107E+01  0.6495969E+01  Si
  0.5281221E+02  0.6524653E+01  0.9033446E+01  Si
  0.5015477E+02  0.9500395E+01  0.9232908E+01  Si
  0.5438673E+02  0.5429327E+01  0.5017132E+01  Si
  0.5673227E+02  0.7936081E+01  0.5344148E+01  Si
  0.5703121E+02  0.5164353E+01  0.7701759E+01  Si
  0.5410933E+02  0.8072955E+01  0.7888620E+01  Si
  0.5554322E+02  0.6466131E+01  0.6681323E+01  Si
  0.5805375E+02  0.9245769E+01  0.6616739E+01  Si
  0.5817562E+02  0.6201124E+01  0.9347920E+01  Si
  0.5551494E+02  0.9417853E+01  0.9128460E+01  Si
  0.5982198E+02  0.5445310E+01  0.5076641E+01  Si
  0.6241660E+02  0.7960415E+01  0.5193724E+01  Si
  0.6258133E+02  0.5300969E+01  0.7717428E+01  Si
  0.5945478E+02  0.7788186E+01  0.7853941E+01  Si
  0.6129563E+02  0.6613809E+01  0.6443911E+01  Si
  0.6402384E+02  0.9256811E+01  0.6342281E+01  Si
  0.6375976E+02  0.6744451E+01  0.9059964E+01  Si
  0.6108942E+02  0.9172030E+01  0.8747596E+01  Si
  0.4310562E+02  0.1058937E+02  0.5158433E+01  Si
  0.4632141E+02  0.1319026E+02  0.5271072E+01  Si
  0.4632708E+02  0.1085190E+02  0.7463901E+01  Si
  0.4343940E+02  0.1330027E+02  0.7645940E+01  Si
  0.4460956E+02  0.1181332E+02  0.6329360E+01  Si
  0.4765966E+02  0.1469195E+02  0.6216512E+01  Si
  0.4748513E+02  0.1215992E+02  0.9242776E+01  Si
  0.4465872E+02  0.1485170E+02  0.9054230E+01  Si
  0.4893578E+02  0.1074505E+02  0.5000249E+01  Si
  0.5148984E+02  0.1351748E+02  0.5214243E+01  Si
  0.5141065E+02  0.1088510E+02  0.7910179E+01  Si
  0.4890567E+02  0.1363342E+02  0.7785200E+01  Si
  0.5003687E+02  0.1219531E+02  0.6437386E+01  Si
  0.5304080E+02  0.1492172E+02  0.6469289E+01  Si
  0.5311267E+02  0.1217406E+02  0.9018208E+01  Si
  0.5015273E+02  0.1491420E+02  0.9094786E+01  Si
  0.5401770E+02  0.1090015E+02  0.5189860E+01  Si
  0.5705013E+02  0.1354676E+02  0.5197905E+01  Si
  0.5675348E+02  0.1077995E+02  0.7915069E+01  Si
  0.5441223E+02  0.1349239E+02  0.7977807E+01  Si
  0.5556672E+02  0.1209792E+02  0.6506724E+01  Si
  0.5849580E+02  0.1464116E+02  0.6439258E+01  Si
  0.5846173E+02  0.1201997E+02  0.9150512E+01  Si
  0.5572319E+02  0.1497580E+02  0.9214598E+01  Si
  0.5945121E+02  0.1060144E+02  0.5187002E+01  Si
  0.6241163E+02  0.1320870E+02  0.5313013E+01  Si
  0.6236334E+02  0.1077808E+02  0.7518834E+01  Si
  0.5987623E+02  0.1343346E+02  0.7902549E+01  Si
  0.6091509E+02  0.1200038E+02  0.6452017E+01  Si
  0.6371884E+02  0.1475583E+02  0.6520855E+01  Si
  0.6361271E+02  0.1180738E+02  0.9280190E+01  Si
  0.6094753E+02  0.1445074E+02  0.9303604E+01  Si
  0.4374980E+02  0.1587947E+02  0.5014616E+01  Si
  0.4593405E+02  0.1893838E+02  0.4806523E+01  Si
  0.4587750E+02  0.1587411E+02  0.7489537E+01  Si
  0.4312250E+02  0.1899176E+02  0.7392976E+01  Si
  0.4480319E+02  0.1749789E+02  0.6306513E+01  Si
  0.4753385E+02  0.1993717E+02  0.6051863E+01  Si
  0.4734167E+02  0.1714616E+02  0.8910821E+01  Si
  0.4501721E+02  0.1978490E+02  0.8806525E+01  Si
  0.4904629E+02  0.1618948E+02  0.5010988E+01  Si
  0.5164722E+02  0.1891268E+02  0.5068701E+01  Si
  0.5154172E+02  0.1638822E+02  0.7671565E+01  Si
  0.4871128E+02  0.1854483E+02  0.7810189E+01  Si
  0.5012894E+02  0.1759206E+02  0.6458076E+01  Si
  0.5308010E+02  0.2025270E+02  0.6630723E+01  Si
  0.5292230E+02  0.1758012E+02  0.9350624E+01  Si
  0.5033603E+02  0.2006028E+02  0.9148783E+01  Si
  0.5436415E+02  0.1600854E+02  0.4884175E+01  Si
  0.5705589E+02  0.1867437E+02  0.5057902E+01  Si
  0.5722026E+02  0.1594169E+02  0.7733545E+01  Si
  0.5464354E+02  0.1874454E+02  0.7987168E+01  Si
  0.5573414E+02  0.1735818E+02  0.6388302E+01  Si
  0.5830485E+02  0.2008675E+02  0.6415034E+01  Si
  0.5861687E+02  0.1734978E+02  0.9050649E+01  Si
  0.5614202E+02  0.2009841E+02  0.9028825E+01  Si
  0.5977869E+02  0.1612475E+02  0.5186776E+01  Si
  0.6256903E+02  0.1873236E+02  0.5179098E+01  Si
  0.6235345E+02  0.1602391E+02  0.7992525E+01  Si
  0.5993625E+02  0.1868597E+02  0.7870877E+01  Si
  0.6131081E+02  0.1738413E+02  0.6434951E+01  Si
  0.6401358E+02  0.2020761E+02  0.6378198E+01  Si
  0.6344272E+02  0.1714636E+02  0.9390125E+01  Si
  0.6128288E+02  0.2008575E+02  0.9002195E+01  Si
  0.4341152E+02  0.2107950E+02  0.9989736E+01  Si
  0.4608088E+02  0.2217010E+01  0.1025188E+02  Si
  0.4634299E+02  0.2143386E+02  0.1288437E+02  Si
  0.4334900E+02  0.2362004E+01  0.1290487E+02  Si
  0.4458870E+02  0.7849513E+00  0.1152723E+02  Si
  0.4723239E+02  0.3605448E+01  0.1155757E+02  Si
  0.4732787E+02  0.1251174E+01  0.1449758E+02  Si
  0.4482263E+02  0.4018722E+01  0.1425241E+02  Si
  0.4890452E+02  0.2139496E+02  0.1042212E+02  Si
  0.5175728E+02  0.2224159E+01  0.1086993E+02  Si
  0.5165159E+02  0.2129850E+02  0.1331450E+02  Si
  0.4864857E+02  0.2729947E+01  0.1297916E+02  Si
  0.5010612E+02  0.1113537E+01  0.1202443E+02  Si
  0.5301085E+02  0.3975034E+01  0.1205959E+02  Si
  0.5300386E+02  0.1036193E+01  0.1456144E+02  Si
  0.4997355E+02  0.3927971E+01  0.1442344E+02  Si
  0.5468029E+02  0.2154525E+02  0.1050105E+02  Si
  0.5693176E+02  0.2569601E+01  0.1042917E+02  Si
  0.5710333E+02  0.2920810E-01  0.1310414E+02  Si
  0.5427130E+02  0.2602709E+01  0.1318694E+02  Si
  0.5558218E+02  0.1350752E+01  0.1178607E+02  Si
  0.5834828E+02  0.3825773E+01  0.1192624E+02  Si
  0.5815532E+02  0.1277113E+01  0.1493032E+02  Si
  0.5572047E+02  0.3934567E+01  0.1482342E+02  Si
  0.5975244E+02  0.2148234E+02  0.1023934E+02  Si
  0.6247396E+02  0.2467085E+01  0.1043467E+02  Si
  0.6255542E+02  0.2155725E-01  0.1326264E+02  Si
  0.5974054E+02  0.2484358E+01  0.1330791E+02  Si
  0.6091054E+02  0.9715888E+00  0.1197829E+02  Si
  0.6370490E+02  0.3785627E+01  0.1198872E+02  Si
  0.6377378E+02  0.1129702E+01  0.1466157E+02  Si
  0.6121626E+02  0.3730224E+01  0.1485686E+02  Si
  0.4369940E+02  0.5242849E+01  0.9960071E+01  Si
  0.4604312E+02  0.8251668E+01  0.1012397E+02  Si
  0.4599322E+02  0.5367595E+01  0.1275936E+02  Si
  0.4362543E+02  0.7930440E+01  0.1312380E+02  Si
  0.4467132E+02  0.6669856E+01  0.1125736E+02  Si
  0.4729619E+02  0.9446786E+01  0.1169567E+02  Si
  0.4746977E+02  0.6549036E+01  0.1421818E+02  Si
  0.4494638E+02  0.9286209E+01  0.1448832E+02  Si
  0.4888601E+02  0.5034695E+01  0.1035742E+02  Si
  0.5156136E+02  0.8119348E+01  0.1053281E+02  Si
  0.5141245E+02  0.5613768E+01  0.1323528E+02  Si
  0.4869231E+02  0.8320895E+01  0.1302786E+02  Si
  0.5015567E+02  0.6842063E+01  0.1178793E+02  Si
  0.5285967E+02  0.9297726E+01  0.1194551E+02  Si
  0.5268178E+02  0.6599777E+01  0.1466720E+02  Si
  0.5028882E+02  0.9548156E+01  0.1440683E+02  Si
  0.5396022E+02  0.5230712E+01  0.1055709E+02  Si
  0.5676862E+02  0.7747407E+01  0.1054566E+02  Si
  0.5693537E+02  0.5263608E+01  0.1334164E+02  Si
  0.5411739E+02  0.7782374E+01  0.1340136E+02  Si
  0.5539546E+02  0.6504158E+01  0.1205814E+02  Si
  0.5820579E+02  0.9405372E+01  0.1143867E+02  Si
  0.5831767E+02  0.6431556E+01  0.1454735E+02  Si
  0.5556780E+02  0.9340577E+01  0.1466141E+02  Si
  0.5976629E+02  0.5108004E+01  0.1059228E+02  Si
  0.6247277E+02  0.7937676E+01  0.1047463E+02  Si
  0.6246668E+02  0.5225454E+01  0.1324298E+02  Si
  0.5952405E+02  0.7770798E+01  0.1285634E+02  Si
  0.6112372E+02  0.6697355E+01  0.1184907E+02  Si
  0.6357649E+02  0.9563323E+01  0.1213690E+02  Si
  0.6383741E+02  0.6464088E+01  0.1454429E+02  Si
  0.6091236E+02  0.8899776E+01  0.1446829E+02  Si
  0.4362133E+02  0.1069125E+02  0.1021380E+02  Si
  0.4597391E+02  0.1378210E+02  0.1049338E+02  Si
  0.4613733E+02  0.1076832E+02  0.1325082E+02  Si
  0.4315854E+02  0.1330025E+02  0.1313146E+02  Si
  0.4466804E+02  0.1220682E+02  0.1170937E+02  Si
  0.4762672E+02  0.1494920E+02  0.1181605E+02  Si
  0.4721552E+02  0.1208005E+02  0.1446685E+02  Si
  0.4462499E+02  0.1444904E+02  0.1479974E+02  Si
  0.4887812E+02  0.1078922E+02  0.1054606E+02  Si
  0.5173139E+02  0.1352679E+02  0.1021162E+02  Si
  0.5156231E+02  0.1096049E+02  0.1318166E+02  Si
  0.4859820E+02  0.1326734E+02  0.1321845E+02  Si
  0.5021282E+02  0.1223540E+02  0.1178102E+02  Si
  0.5288991E+02  0.1467526E+02  0.1167648E+02  Si
  0.5292342E+02  0.1204939E+02  0.1464278E+02  Si
  0.5001464E+02  0.1452026E+02  0.1440596E+02  Si
  0.5408770E+02  0.1069469E+02  0.1042055E+02  Si
  0.5709308E+02  0.1352636E+02  0.1057101E+02  Si
  0.5690991E+02  0.1062959E+02  0.1298641E+02  Si
  0.5422573E+02  0.1330250E+02  0.1297437E+02  Si
  0.5564191E+02  0.1209423E+02  0.1157101E+02  Si
  0.5853944E+02  0.1461603E+02  0.1203541E+02  Si
  0.5812755E+02  0.1170805E+02  0.1451090E+02  Si
  0.5555578E+02  0.1458460E+02  0.1458293E+02  Si
  0.6002286E+02  0.1059929E+02  0.1036980E+02  Si
  0.6243482E+02  0.1334121E+02  0.1062801E+02  Si
  0.6194157E+02  0.1049851E+02  0.1354716E+02  Si
  0.5956291E+02  0.1306813E+02  0.1354499E+02  Si
  0.6103541E+02  0.1200681E+02  0.1192607E+02  Si
  0.6389151E+02  0.1453014E+02  0.1194211E+02  Si
  0.6375769E+02  0.1138547E+02  0.1485729E+02  Si
  0.6102318E+02  0.1439331E+02  0.1464899E+02  Si
  0.4313266E+02  0.1599466E+02  0.1045191E+02  Si
  0.4608542E+02  0.1847105E+02  0.1047482E+02  Si
  0.4618823E+02  0.1599284E+02  0.1348479E+02  Si
  0.4350001E+02  0.1872548E+02  0.1285972E+02  Si
  0.4454888E+02  0.1694523E+02  0.1201106E+02  Si
  0.4752139E+02  0.2011576E+02  0.1178276E+02  Si
  0.4732140E+02  0.1752116E+02  0.1459677E+02  Si
  0.4484074E+02  0.2001639E+02  0.1419482E+02  Si
  0.4886479E+02  0.1658502E+02  0.1068901E+02  Si
  0.5153992E+02  0.1885532E+02  0.1064610E+02  Si
  0.5168150E+02  0.1580185E+02  0.1308837E+02  Si
  0.4864755E+02  0.1874092E+02  0.1325245E+02  Si
  0.5019272E+02  0.1741744E+02  0.1210875E+02  Si
  0.5303408E+02  0.2017882E+02  0.1159403E+02  Si
  0.5324805E+02  0.1740880E+02  0.1436236E+02  Si
  0.5008204E+02  0.2008032E+02  0.1462254E+02  Si
  0.5422544E+02  0.1612121E+02  0.1039533E+02  Si
  0.5758049E+02  0.1875522E+02  0.1047140E+02  Si
  0.5708691E+02  0.1583256E+02  0.1323279E+02  Si
  0.5455158E+02  0.1876084E+02  0.1290017E+02  Si
  0.5596701E+02  0.1735650E+02  0.1158014E+02  Si
  0.5854050E+02  0.2033230E+02  0.1207243E+02  Si
  0.5851866E+02  0.1738065E+02  0.1456833E+02  Si
  0.5569102E+02  0.2009832E+02  0.1419763E+02  Si
  0.5962252E+02  0.1597120E+02  0.1063038E+02  Si
  0.6228496E+02  0.1881092E+02  0.1069470E+02  Si
  0.6234448E+02  0.1603928E+02  0.1324856E+02  Si
  0.5972789E+02  0.1894993E+02  0.1320840E+02  Si
  0.6088329E+02  0.1754474E+02  0.1181862E+02  Si
  0.6385566E+02  0.2024605E+02  0.1187103E+02  Si
  0.6385713E+02  0.1737821E+02  0.1457144E+02  Si
  0.6108486E+02  0.2021919E+02  0.1455316E+02  Si
  0.4349586E+02  0.2157704E+02  0.1549222E+02  Si
  0.4597282E+02  0.2535350E+01  0.1586205E+02  Si
  0.4616892E+02  0.2130221E+02  0.1843636E+02  Si
  0.4194493E+02  0.1150012E+01  0.1979247E+02  Si
  0.4485197E+02  0.1014297E+01  0.1716895E+02  Si
  0.4715163E+02  0.3921702E+01  0.1705447E+02  Si
  0.4752315E+02  0.1017287E+01  0.1968838E+02  Si
  0.4513535E+02  0.3951111E+01  0.2003690E+02  Si
  0.4866431E+02  0.9089539E-01  0.1578417E+02  Si
  0.5138939E+02  0.2558221E+01  0.1573676E+02  Si
  0.5144697E+02  0.2151514E+02  0.1867247E+02  Si
  0.4876726E+02  0.2678145E+01  0.1849510E+02  Si
  0.5017624E+02  0.1144098E+01  0.1727365E+02  Si
  0.5271661E+02  0.3821598E+01  0.1721443E+02  Si
  0.5305259E+02  0.1026490E+01  0.2000216E+02  Si
  0.5030829E+02  0.3822466E+01  0.1962906E+02  Si
  0.5418292E+02  0.2131781E+02  0.1580584E+02  Si
  0.5683303E+02  0.2517130E+01  0.1642023E+02  Si
  0.5695026E+02  0.2113946E+02  0.1860462E+02  Si
  0.5398785E+02  0.2450313E+01  0.1854436E+02  Si
  0.5545616E+02  0.8692842E+00  0.1737635E+02  Si
  0.5820303E+02  0.3993025E+01  0.1751010E+02  Si
  0.5826501E+02  0.8645482E+00  0.1983515E+02  Si
  0.5559578E+02  0.3893089E+01  0.1982966E+02  Si
  0.5980541E+02  0.2152911E+02  0.1593782E+02  Si
  0.6253896E+02  0.2060554E+01  0.1617059E+02  Si
  0.6216169E+02  0.2149333E+02  0.1881545E+02  Si
  0.5964395E+02  0.2528773E+01  0.1886954E+02  Si
  0.6101737E+02  0.9347872E+00  0.1750501E+02  Si
  0.6367735E+02  0.3707841E+01  0.1729284E+02  Si
  0.6359480E+02  0.1336849E+01  0.1983539E+02  Si
  0.6096432E+02  0.4148400E+01  0.1999132E+02  Si
  0.4380909E+02  0.5372520E+01  0.1578884E+02  Si
  0.4644979E+02  0.8084717E+01  0.1573611E+02  Si
  0.4639630E+02  0.5385534E+01  0.1843249E+02  Si
  0.4395303E+02  0.8027794E+01  0.1896273E+02  Si
  0.4502509E+02  0.6954987E+01  0.1705086E+02  Si
  0.4760245E+02  0.9461251E+01  0.1717303E+02  Si
  0.4782377E+02  0.6746873E+01  0.2020985E+02  Si
  0.4499212E+02  0.9260459E+01  0.2009329E+02  Si
  0.4869585E+02  0.5306866E+01  0.1582933E+02  Si
  0.5153477E+02  0.8340972E+01  0.1601280E+02  Si
  0.5148403E+02  0.5419034E+01  0.1849777E+02  Si
  0.4880047E+02  0.7976398E+01  0.1845783E+02  Si
  0.5015467E+02  0.6704553E+01  0.1698185E+02  Si
  0.5297390E+02  0.9426444E+01  0.1744801E+02  Si
  0.5306848E+02  0.6605516E+01  0.1990416E+02  Si
  0.5035414E+02  0.9286251E+01  0.1995674E+02  Si
  0.5410588E+02  0.5201930E+01  0.1592376E+02  Si
  0.5693713E+02  0.7982467E+01  0.1587121E+02  Si
  0.5714357E+02  0.5566375E+01  0.1879490E+02  Si
  0.5446723E+02  0.7982375E+01  0.1852568E+02  Si
  0.5573420E+02  0.6591529E+01  0.1723702E+02  Si
  0.5823419E+02  0.9167923E+01  0.1775517E+02  Si
  0.5851731E+02  0.6557179E+01  0.2042336E+02  Si
  0.5572992E+02  0.9382174E+01  0.1989336E+02  Si
  0.5957904E+02  0.5074327E+01  0.1585762E+02  Si
  0.6242147E+02  0.7776464E+01  0.1608033E+02  Si
  0.6250162E+02  0.5301914E+01  0.1859931E+02  Si
  0.5977646E+02  0.7874842E+01  0.1888275E+02  Si
  0.6086115E+02  0.6502262E+01  0.1735918E+02  Si
  0.6405411E+02  0.9108344E+01  0.1726864E+02  Si
  0.6380830E+02  0.6744783E+01  0.2006433E+02  Si
  0.6108731E+02  0.9155720E+01  0.2013511E+02  Si
  0.4358240E+02  0.1064351E+02  0.1581516E+02  Si
  0.4587634E+02  0.1329043E+02  0.1603297E+02  Si
  0.4621061E+02  0.1063710E+02  0.1872155E+02  Si
  0.4221335E+02  0.1449758E+02  0.1750180E+02  Si
  0.4478696E+02  0.1194377E+02  0.1738348E+02  Si
  0.4730031E+02  0.1496505E+02  0.1734872E+02  Si
  0.4768382E+02  0.1208524E+02  0.1990577E+02  Si
  0.4456631E+02  0.1457295E+02  0.2001704E+02  Si
  0.4912156E+02  0.1084648E+02  0.1573891E+02  Si
  0.5140917E+02  0.1332569E+02  0.1591078E+02  Si
  0.5175864E+02  0.1085394E+02  0.1871847E+02  Si
  0.4878932E+02  0.1360720E+02  0.1878574E+02  Si
  0.5010429E+02  0.1211352E+02  0.1748178E+02  Si
  0.5280813E+02  0.1506852E+02  0.1693046E+02  Si
  0.5302974E+02  0.1220204E+02  0.2003540E+02  Si
  0.5042750E+02  0.1495195E+02  0.1995206E+02  Si
  0.5421185E+02  0.1063076E+02  0.1584529E+02  Si
  0.5678414E+02  0.1321050E+02  0.1578555E+02  Si
  0.5701235E+02  0.1075368E+02  0.1856996E+02  Si
  0.5389655E+02  0.1365633E+02  0.1856675E+02  Si
  0.5549786E+02  0.1202472E+02  0.1723424E+02  Si
  0.5851898E+02  0.1452547E+02  0.1707915E+02  Si
  0.5857449E+02  0.1202320E+02  0.1996594E+02  Si
  0.5575433E+02  0.1469460E+02  0.1960860E+02  Si
  0.5949199E+02  0.1041530E+02  0.1588262E+02  Si
  0.6251471E+02  0.1316985E+02  0.1606419E+02  Si
  0.6245294E+02  0.1047620E+02  0.1858122E+02  Si
  0.5975628E+02  0.1333536E+02  0.1838932E+02  Si
  0.6099113E+02  0.1151837E+02  0.1717291E+02  Si
  0.6376483E+02  0.1462742E+02  0.1744077E+02  Si
  0.6372946E+02  0.1191047E+02  0.2027107E+02  Si
  0.6100538E+02  0.1455152E+02  0.1976923E+02  Si
  0.4331352E+02  0.1598139E+02  0.1589716E+02  Si
  0.4603550E+02  0.1880031E+02  0.1602620E+02  Si
  0.4594957E+02  0.1624441E+02  0.1877008E+02  Si
  0.4347025E+02  0.1897674E+02  0.1843230E+02  Si
  0.4466914E+02  0.1748761E+02  0.1727028E+02  Si
  0.4745052E+02  0.1999151E+02  0.1698314E+02  Si
  0.4748935E+02  0.1743693E+02  0.1992668E+02  Si
  0.4486381E+02  0.2021046E+02  0.1991996E+02  Si
  0.4870802E+02  0.1609589E+02  0.1566254E+02  Si
  0.5173929E+02  0.1873658E+02  0.1568315E+02  Si
  0.5180856E+02  0.1632917E+02  0.1858060E+02  Si
  0.4885298E+02  0.1864733E+02  0.1857935E+02  Si
  0.5032159E+02  0.1724048E+02  0.1714253E+02  Si
  0.5290779E+02  0.2016031E+02  0.1718196E+02  Si
  0.5311356E+02  0.1758021E+02  0.1996310E+02  Si
  0.5025609E+02  0.1996401E+02  0.1994225E+02  Si
  0.5430293E+02  0.1629871E+02  0.1563645E+02  Si
  0.5709972E+02  0.1880653E+02  0.1579899E+02  Si
  0.5718231E+02  0.1605991E+02  0.1837573E+02  Si
  0.5435423E+02  0.1883176E+02  0.1834895E+02  Si
  0.5570863E+02  0.1760926E+02  0.1709887E+02  Si
  0.5846593E+02  0.2003378E+02  0.1721764E+02  Si
  0.5835931E+02  0.1741918E+02  0.1985849E+02  Si
  0.5555073E+02  0.1997510E+02  0.1997610E+02  Si
  0.6006537E+02  0.1617167E+02  0.1599436E+02  Si
  0.6259566E+02  0.1876279E+02  0.1588021E+02  Si
  0.6265313E+02  0.1592263E+02  0.1873589E+02  Si
  0.5984394E+02  0.1881302E+02  0.1876961E+02  Si
  0.6128320E+02  0.1752001E+02  0.1754569E+02  Si
  0.6381888E+02  0.1996005E+02  0.1729877E+02  Si
  0.6380279E+02  0.1725630E+02  0.2020622E+02  Si
  0.6092250E+02  0.2014378E+02  0.2025468E+02  Si
