         
  0.6515772E+02  0.0000000E+00  0.2171924E+02
  0.0000000E+00  0.0000000E+00  0.2171924E+02
  0.1431046E+00  0.2149650E+02  0.2130376E+02  Si
  0.2786299E+01  0.2926407E+01  0.2092685E+02  Si
  0.2756879E+01  0.2159786E+02  0.2045148E+01  Si
  0.1076481E+00  0.2437309E+01  0.2131134E+01  Si
  0.1429769E+01  0.1318875E+01  0.5939330E+00  Si
  0.3902235E+01  0.4067172E+01  0.3723348E+00  Si
  0.3901289E+01  0.1281058E+01  0.3371817E+01  Si
  0.1188857E+01  0.4185768E+01  0.3426542E+01  Si
  0.5282770E+01  0.3400755E+00  0.2096386E+02  Si
  0.8079015E+01  0.2554439E+01  0.2098828E+02  Si
  0.7880528E+01  0.2155819E+02  0.2024647E+01  Si
  0.5362963E+01  0.2793178E+01  0.2104104E+01  Si
  0.6616864E+01  0.1467295E+01  0.6449836E+00  Si
  0.9677014E+01  0.3832359E+01  0.4356413E+00  Si
  0.9305697E+01  0.9898314E+00  0.3342464E+01  Si
  0.7025043E+01  0.3915040E+01  0.3331192E+01  Si
  0.1070586E+02  0.2164335E+02  0.2123904E+02  Si
  0.1345258E+02  0.2994235E+01  0.2114993E+02  Si
  0.1375944E+02  0.7916883E-01  0.2173657E+01  Si
  0.1083987E+02  0.2463161E+01  0.2052848E+01  Si
  0.1236684E+02  0.1244607E+01  0.6408045E+00  Si
  0.1482232E+02  0.4311729E+01  0.5948707E+00  Si
  0.1514542E+02  0.1560555E+01  0.3356156E+01  Si
  0.1229081E+02  0.4036600E+01  0.3370473E+01  Si
  0.1598129E+02  0.2158295E+02  0.2090927E+02  Si
  0.1893526E+02  0.2709311E+01  0.2111825E+02  Si
  0.1911322E+02  0.2167523E+02  0.1859532E+01  Si
  0.1639414E+02  0.3010689E+01  0.1998603E+01  Si
  0.1733366E+02  0.1177166E+01  0.6076723E+00  Si
  0.3135195E+02  0.2210104E+01  0.3809053E+01  Si
  0.2194477E+02  0.5694414E+01  0.2139963E+02  Si
  0.1756958E+02  0.3985543E+01  0.3683362E+01  Si
  0.6486550E+02  0.5367002E+01  0.2099804E+02  Si
  0.2611348E+01  0.8047941E+01  0.2087473E+02  Si
  0.2553913E+01  0.5509388E+01  0.2066439E+01  Si
  0.6505116E+02  0.8171384E+01  0.2048448E+01  Si
  0.1192912E+01  0.6799269E+01  0.4769578E+00  Si
  0.4059979E+01  0.9417054E+01  0.6210848E+00  Si
  0.4158697E+01  0.6633669E+01  0.3441572E+01  Si
  0.1321640E+01  0.9355443E+01  0.3366679E+01  Si
  0.5578736E+01  0.5238428E+01  0.2102151E+02  Si
  0.8095021E+01  0.8065328E+01  0.2108844E+02  Si
  0.8356200E+01  0.5220146E+01  0.1647327E+01  Si
  0.5541499E+01  0.8081655E+01  0.1792489E+01  Si
  0.6930264E+01  0.6640841E+01  0.5150101E+00  Si
  0.9303777E+01  0.9410337E+01  0.9219096E+00  Si
  0.9427583E+01  0.6763600E+01  0.3307077E+01  Si
  0.6820556E+01  0.9353719E+01  0.3270568E+01  Si
  0.1069590E+02  0.5528689E+01  0.2079272E+02  Si
  0.1349366E+02  0.8262935E+01  0.2098221E+02  Si
  0.1330638E+02  0.5543673E+01  0.2055559E+01  Si
  0.1087689E+02  0.7834453E+01  0.2194321E+01  Si
  0.1206969E+02  0.6790153E+01  0.4417239E+00  Si
  0.1490988E+02  0.9665229E+01  0.4754767E+00  Si
  0.1472581E+02  0.6773333E+01  0.3633007E+01  Si
  0.1191019E+02  0.9522899E+01  0.3409920E+01  Si
  0.1594014E+02  0.5617053E+01  0.2081159E+02  Si
  0.1891078E+02  0.8144991E+01  0.2113188E+02  Si
  0.1836939E+02  0.5360986E+01  0.1752716E+01  Si
  0.1601779E+02  0.8158532E+01  0.1925343E+01  Si
  0.1739166E+02  0.6999795E+01  0.4561459E+00  Si
  0.2159299E+02  0.1068912E+02  0.2137629E+02  Si
  0.2401585E+02  0.1053121E+02  0.1225701E+02  Si
  0.1738816E+02  0.9548074E+01  0.3442852E+01  Si
  0.1207191E+00  0.1103117E+02  0.2099727E+02  Si
  0.2485713E+01  0.1356959E+02  0.2102736E+02  Si
  0.2776162E+01  0.1064237E+02  0.2138310E+01  Si
  0.2101501E+00  0.1346520E+02  0.2097148E+01  Si
  0.1455978E+01  0.1212641E+02  0.7602579E+00  Si
  0.3744792E+01  0.1469195E+02  0.8207962E+00  Si
  0.4258089E+01  0.1188267E+02  0.3491114E+01  Si
  0.1646232E+01  0.1488566E+02  0.3550536E+01  Si
  0.5298807E+01  0.1108333E+02  0.2110113E+02  Si
  0.7972212E+01  0.1360297E+02  0.2091772E+02  Si
  0.8054127E+01  0.1108355E+02  0.1872815E+01  Si
  0.5328516E+01  0.1314615E+02  0.1852703E+01  Si
  0.6749758E+01  0.1211509E+02  0.4459017E+00  Si
  0.9573801E+01  0.1497113E+02  0.3491280E+00  Si
  0.9527123E+01  0.1222947E+02  0.3398911E+01  Si
  0.6494720E+01  0.1458137E+02  0.3039918E+01  Si
  0.1043156E+02  0.1051946E+02  0.2095355E+02  Si
  0.1372147E+02  0.1334783E+02  0.2085755E+02  Si
  0.1316178E+02  0.1101209E+02  0.1909880E+01  Si
  0.1088685E+02  0.1327734E+02  0.1628646E+01  Si
  0.1212504E+02  0.1184642E+02  0.1892851E+00  Si
  0.1461246E+02  0.1512926E+02  0.4739282E+00  Si
  0.1483326E+02  0.1223312E+02  0.3144776E+01  Si
  0.1192571E+02  0.1488504E+02  0.3180293E+01  Si
  0.1645262E+02  0.1091714E+02  0.2105199E+02  Si
  0.1895397E+02  0.1389606E+02  0.2088550E+02  Si
  0.2006157E+02  0.9589259E+01  0.1021561E+01  Si
  0.1607609E+02  0.1388827E+02  0.2134268E+01  Si
  0.1740785E+02  0.1252372E+02  0.5862428E+00  Si
  0.2056063E+02  0.1229746E+02  0.1990949E+02  Si
  0.2408042E+02  0.2171723E+02  0.2213465E+01  Si
  0.1771527E+02  0.1494477E+02  0.3499639E+01  Si
  0.6478484E+02  0.1643400E+02  0.2115862E+02  Si
  0.2436949E+01  0.1902323E+02  0.2129308E+02  Si
  0.2662637E+01  0.1646563E+02  0.2073789E+01  Si
  0.6490957E+02  0.1881496E+02  0.2244961E+01  Si
  0.1143623E+01  0.1764457E+02  0.6997015E+00  Si
  0.4041133E+01  0.2057803E+02  0.5419314E+00  Si
  0.4307336E+01  0.1753567E+02  0.3291604E+01  Si
  0.1275851E+01  0.2005748E+02  0.3504119E+01  Si
  0.5069415E+01  0.1613904E+02  0.2093399E+02  Si
  0.8148836E+01  0.1894652E+02  0.2099727E+02  Si
  0.8003446E+01  0.1586220E+02  0.1800962E+01  Si
  0.5476918E+01  0.1895906E+02  0.1808685E+01  Si
  0.6757801E+01  0.1739826E+02  0.4930136E+00  Si
  0.9570909E+01  0.2036154E+02  0.8615053E+00  Si
  0.9308812E+01  0.1720800E+02  0.3274824E+01  Si
  0.6479814E+01  0.2014204E+02  0.3415411E+01  Si
  0.1093939E+02  0.1628671E+02  0.2100782E+02  Si
  0.1323334E+02  0.1884283E+02  0.2089847E+02  Si
  0.1352356E+02  0.1648569E+02  0.2084348E+01  Si
  0.1098402E+02  0.1866351E+02  0.2145677E+01  Si
  0.1207548E+02  0.1760399E+02  0.3824796E+00  Si
  0.1473277E+02  0.2027099E+02  0.6660264E+00  Si
  0.1515890E+02  0.1766611E+02  0.3498663E+01  Si
  0.1226343E+02  0.2023464E+02  0.3463435E+01  Si
  0.1630791E+02  0.1644414E+02  0.2094056E+02  Si
  0.1897597E+02  0.1921611E+02  0.2080842E+02  Si
  0.1887835E+02  0.1636275E+02  0.2082042E+01  Si
  0.1622845E+02  0.1888145E+02  0.2028474E+01  Si
  0.1771817E+02  0.1754426E+02  0.4319313E+00  Si
  0.2670550E+02  0.6574734E+01  0.2013252E+02  Si
  0.2044064E+02  0.1765317E+02  0.3680260E+01  Si
  0.1758899E+02  0.2025806E+02  0.3234294E+01  Si
  0.7434195E-01  0.2155702E+02  0.4785201E+01  Si
  0.2693253E+01  0.2700655E+01  0.4651038E+01  Si
  0.2711937E+01  0.9112456E-01  0.7410232E+01  Si
  0.1092440E+00  0.2475886E+01  0.7798937E+01  Si
  0.1288000E+01  0.1311171E+01  0.5987880E+01  Si
  0.4112166E+01  0.3983479E+01  0.6165338E+01  Si
  0.3992456E+01  0.1584067E+01  0.8949723E+01  Si
  0.1210249E+01  0.4182302E+01  0.8775211E+01  Si
  0.5130190E+01  0.9877517E-02  0.4654268E+01  Si
  0.7999174E+01  0.2307089E+01  0.4932651E+01  Si
  0.7804065E+01  0.2151682E+02  0.7221637E+01  Si
  0.5081471E+01  0.2642358E+01  0.7189702E+01  Si
  0.6418550E+01  0.1251820E+01  0.6062268E+01  Si
  0.9228588E+01  0.3892747E+01  0.6042432E+01  Si
  0.9297889E+01  0.1191597E+01  0.8791442E+01  Si
  0.6396520E+01  0.3781873E+01  0.8802309E+01  Si
  0.1073272E+02  0.2151489E+02  0.4888798E+01  Si
  0.1371222E+02  0.2637523E+01  0.4811347E+01  Si
  0.1360202E+02  0.2149487E+02  0.7394302E+01  Si
  0.1052714E+02  0.2435490E+01  0.7433046E+01  Si
  0.1216495E+02  0.1234742E+01  0.6084585E+01  Si
  0.1478338E+02  0.4057347E+01  0.6530413E+01  Si
  0.1476820E+02  0.1112854E+01  0.8931355E+01  Si
  0.1200222E+02  0.3877186E+01  0.8886981E+01  Si
  0.1636316E+02  0.2168199E+02  0.4641277E+01  Si
  0.1923998E+02  0.2557404E+01  0.4831115E+01  Si
  0.1879977E+02  0.2156393E+02  0.7733520E+01  Si
  0.1602856E+02  0.2491724E+01  0.7785764E+01  Si
  0.1763166E+02  0.1251060E+01  0.6440640E+01  Si
  0.2181351E+02  0.1927541E+02  0.1309671E+02  Si
  0.3006119E+02  0.2320082E+01  0.1054237E+02  Si
  0.1747822E+02  0.4155391E+01  0.8784678E+01  Si
  0.6499426E+02  0.5411095E+01  0.4725696E+01  Si
  0.2499952E+01  0.8027712E+01  0.4781167E+01  Si
  0.2666240E+01  0.5419931E+01  0.7225297E+01  Si
  0.6515018E+02  0.8342415E+01  0.7413964E+01  Si
  0.1127103E+01  0.6877901E+01  0.6202211E+01  Si
  0.3976520E+01  0.9370864E+01  0.6115904E+01  Si
  0.3831660E+01  0.6672117E+01  0.8841215E+01  Si
  0.1322384E+01  0.9511932E+01  0.8705889E+01  Si
  0.5581737E+01  0.5193650E+01  0.4689225E+01  Si
  0.7954465E+01  0.8077232E+01  0.4861799E+01  Si
  0.7908574E+01  0.5259429E+01  0.7567227E+01  Si
  0.5272299E+01  0.7924280E+01  0.7549690E+01  Si
  0.6708560E+01  0.6666121E+01  0.6268162E+01  Si
  0.9192648E+01  0.9326254E+01  0.6184253E+01  Si
  0.9398974E+01  0.6761157E+01  0.8854135E+01  Si
  0.6828221E+01  0.9358894E+01  0.8572254E+01  Si
  0.1077491E+02  0.5361503E+01  0.4957412E+01  Si
  0.1329306E+02  0.8035555E+01  0.4833777E+01  Si
  0.1343478E+02  0.5576143E+01  0.7546676E+01  Si
  0.1065350E+02  0.8118974E+01  0.7475633E+01  Si
  0.1202887E+02  0.6976681E+01  0.6073382E+01  Si
  0.1461974E+02  0.9226845E+01  0.6480231E+01  Si
  0.1501045E+02  0.6682787E+01  0.8974651E+01  Si
  0.1201945E+02  0.9530858E+01  0.9012876E+01  Si
  0.1611921E+02  0.5269923E+01  0.4937216E+01  Si
  0.1875695E+02  0.8063508E+01  0.4749131E+01  Si
  0.2065616E+02  0.3942119E+01  0.6004861E+01  Si
  0.1629755E+02  0.7803015E+01  0.7509775E+01  Si
  0.1769311E+02  0.6439886E+01  0.6259583E+01  Si
  0.2010996E+02  0.6555119E+01  0.3341227E+01  Si
  0.2732674E+02  0.6600765E+01  0.1436754E+02  Si
  0.1744534E+02  0.9450455E+01  0.8623304E+01  Si
  0.1020392E+00  0.1073365E+02  0.4858964E+01  Si
  0.2723157E+01  0.1326806E+02  0.4615573E+01  Si
  0.2787013E+01  0.1080370E+02  0.7562165E+01  Si
  0.6511843E+02  0.1355992E+02  0.7591901E+01  Si
  0.1289648E+01  0.1217514E+02  0.6105454E+01  Si
  0.3903844E+01  0.1473985E+02  0.5973595E+01  Si
  0.3807713E+01  0.1229410E+02  0.8986534E+01  Si
  0.1298235E+01  0.1501579E+02  0.8885613E+01  Si
  0.5488457E+01  0.1036919E+02  0.4851188E+01  Si
  0.7833108E+01  0.1346240E+02  0.4539312E+01  Si
  0.7945949E+01  0.1101440E+02  0.7511480E+01  Si
  0.5152526E+01  0.1353621E+02  0.7418101E+01  Si
  0.6525337E+01  0.1214339E+02  0.6234194E+01  Si
  0.9269679E+01  0.1489801E+02  0.6036595E+01  Si
  0.9273230E+01  0.1231029E+02  0.8866405E+01  Si
  0.6273006E+01  0.1500285E+02  0.8802747E+01  Si
  0.1059405E+02  0.1070739E+02  0.4880979E+01  Si
  0.1319368E+02  0.1330133E+02  0.4476833E+01  Si
  0.1334858E+02  0.1097316E+02  0.7748914E+01  Si
  0.1061727E+02  0.1364179E+02  0.7462177E+01  Si
  0.1195619E+02  0.1222831E+02  0.6380966E+01  Si
  0.1468355E+02  0.1478707E+02  0.5892387E+01  Si
  0.1479827E+02  0.1234132E+02  0.9098843E+01  Si
  0.1208436E+02  0.1471137E+02  0.9015599E+01  Si
  0.1588723E+02  0.1080289E+02  0.4736912E+01  Si
  0.1844211E+02  0.1073885E+02  0.2001904E+01  Si
  0.1863049E+02  0.1093876E+02  0.7233310E+01  Si
  0.1613602E+02  0.1359418E+02  0.7497217E+01  Si
  0.1745815E+02  0.1214751E+02  0.5910059E+01  Si
  0.2117730E+02  0.1843834E+02  0.1523262E+01  Si
  0.2544578E+02  0.9352732E+01  0.1783525E+02  Si
  0.1742075E+02  0.1487561E+02  0.8906754E+01  Si
  0.1444230E+00  0.1632313E+02  0.4751305E+01  Si
  0.2824371E+01  0.1871334E+02  0.4827436E+01  Si
  0.2998846E+01  0.1625149E+02  0.7620719E+01  Si
  0.1056856E+00  0.1900958E+02  0.7493530E+01  Si
  0.1505315E+01  0.1744658E+02  0.6169267E+01  Si
  0.3954386E+01  0.2025053E+02  0.6135182E+01  Si
  0.4146918E+01  0.1783096E+02  0.9146378E+01  Si
  0.1189393E+01  0.2010823E+02  0.8995880E+01  Si
  0.5685830E+01  0.1601010E+02  0.4798740E+01  Si
  0.7794004E+01  0.1847264E+02  0.4799937E+01  Si
  0.7985386E+01  0.1577066E+02  0.7546527E+01  Si
  0.5342083E+01  0.1889738E+02  0.7642674E+01  Si
  0.6596420E+01  0.1714628E+02  0.6384586E+01  Si
  0.9050410E+01  0.2012951E+02  0.6003070E+01  Si
  0.9468179E+01  0.1740559E+02  0.8579697E+01  Si
  0.6779065E+01  0.2017182E+02  0.8678272E+01  Si
  0.1049136E+02  0.1608644E+02  0.4752422E+01  Si
  0.1364000E+02  0.1883906E+02  0.4771919E+01  Si
  0.1344041E+02  0.1606326E+02  0.7178405E+01  Si
  0.1069698E+02  0.1873533E+02  0.7155724E+01  Si
  0.1230909E+02  0.1739996E+02  0.5756472E+01  Si
  0.1507663E+02  0.2035519E+02  0.6352626E+01  Si
  0.1459709E+02  0.1748539E+02  0.8632723E+01  Si
  0.1196549E+02  0.2022211E+02  0.8604425E+01  Si
  0.1634321E+02  0.1614957E+02  0.4785776E+01  Si
  0.3046398E+02  0.1251059E+02  0.7926798E+01  Si
  0.1896731E+02  0.1587094E+02  0.7618788E+01  Si
  0.1618154E+02  0.1871792E+02  0.7565714E+01  Si
  0.1762809E+02  0.1731289E+02  0.6177224E+01  Si
  0.2848913E+02  0.4309916E+01  0.3320804E+01  Si
  0.2477007E+02  0.2140619E+02  0.8388564E+01  Si
  0.1747919E+02  0.2012671E+02  0.8953376E+01  Si
  0.6514809E+02  0.2164172E+02  0.1027427E+02  Si
  0.2602663E+01  0.2942758E+01  0.1031478E+02  Si
  0.2351138E+01  0.6195820E-03  0.1302552E+02  Si
  0.6497529E+02  0.2888097E+01  0.1274203E+02  Si
  0.1165535E+01  0.1467835E+01  0.1144239E+02  Si
  0.4027504E+01  0.4040131E+01  0.1158249E+02  Si
  0.3818381E+01  0.1451053E+01  0.1429176E+02  Si
  0.1115609E+01  0.4229484E+01  0.1404450E+02  Si
  0.5394337E+01  0.2162229E+02  0.9887327E+01  Si
  0.7982297E+01  0.2644943E+01  0.9895402E+01  Si
  0.8014272E+01  0.2147205E+02  0.1249801E+02  Si
  0.5309397E+01  0.2510890E+01  0.1288372E+02  Si
  0.6538300E+01  0.1309512E+01  0.1135150E+02  Si
  0.8989431E+01  0.3997213E+01  0.1148875E+02  Si
  0.9419636E+01  0.1209644E+01  0.1424939E+02  Si
  0.6782329E+01  0.4048211E+01  0.1427966E+02  Si
  0.1078015E+02  0.2164656E+02  0.9989656E+01  Si
  0.1319630E+02  0.2573088E+01  0.1025341E+02  Si
  0.1376768E+02  0.2150606E+02  0.1268898E+02  Si
  0.1055303E+02  0.2721526E+01  0.1281658E+02  Si
  0.1217217E+02  0.1160484E+01  0.1169753E+02  Si
  0.1471641E+02  0.3944771E+01  0.1140144E+02  Si
  0.1500907E+02  0.1346791E+01  0.1403610E+02  Si
  0.1217975E+02  0.3910054E+01  0.1408712E+02  Si
  0.1639504E+02  0.2168986E+02  0.1039799E+02  Si
  0.2019024E+02  0.1204117E+01  0.8873135E+01  Si
  0.2814454E+02  0.1837688E+02  0.3092785E+01  Si
  0.1634335E+02  0.2944801E+01  0.1271981E+02  Si
  0.1789963E+02  0.1451862E+01  0.1148825E+02  Si
  0.1895425E+02  0.2825161E+01  0.1007092E+02  Si
  0.2035643E+02  0.4301479E+01  0.1147616E+02  Si
  0.1758593E+02  0.4343048E+01  0.1419992E+02  Si
  0.6485524E+02  0.5747347E+01  0.9974920E+01  Si
  0.2739619E+01  0.8166311E+01  0.1019724E+02  Si
  0.2750711E+01  0.5534640E+01  0.1298779E+02  Si
  0.6506707E+02  0.8193447E+01  0.1286552E+02  Si
  0.1300882E+01  0.6836004E+01  0.1158111E+02  Si
  0.4335706E+01  0.9358586E+01  0.1156668E+02  Si
  0.3876623E+01  0.6886800E+01  0.1442632E+02  Si
  0.1213397E+01  0.9749500E+01  0.1421085E+02  Si
  0.5028875E+01  0.5233817E+01  0.1005637E+02  Si
  0.8059595E+01  0.8264059E+01  0.1016666E+02  Si
  0.7630948E+01  0.5544535E+01  0.1276327E+02  Si
  0.5557081E+01  0.8216202E+01  0.1317049E+02  Si
  0.6355317E+01  0.7131635E+01  0.1125821E+02  Si
  0.9507931E+01  0.9400172E+01  0.1176690E+02  Si
  0.9049688E+01  0.6556164E+01  0.1447412E+02  Si
  0.6864495E+01  0.9548952E+01  0.1443992E+02  Si
  0.1064168E+02  0.5236758E+01  0.1018478E+02  Si
  0.1359795E+02  0.8149034E+01  0.1010504E+02  Si
  0.1368636E+02  0.5242012E+01  0.1274171E+02  Si
  0.1066770E+02  0.7801415E+01  0.1311349E+02  Si
  0.1204812E+02  0.6617299E+01  0.1149410E+02  Si
  0.1487535E+02  0.9724693E+01  0.1140535E+02  Si
  0.1480021E+02  0.6653445E+01  0.1433209E+02  Si
  0.1207607E+02  0.9513720E+01  0.1437547E+02  Si
  0.1641164E+02  0.5506251E+01  0.1039177E+02  Si
  0.1902229E+02  0.8341398E+01  0.1006046E+02  Si
  0.1902277E+02  0.5696901E+01  0.1292103E+02  Si
  0.1609789E+02  0.8170069E+01  0.1303572E+02  Si
  0.1775597E+02  0.7063467E+01  0.1164888E+02  Si
  0.3412627E+02  0.3797644E+01  0.1953967E+02  Si
  0.2251694E+02  0.7083751E+01  0.1404739E+02  Si
  0.1738416E+02  0.9541630E+01  0.1440414E+02  Si
  0.6493958E+02  0.1072250E+02  0.1005865E+02  Si
  0.2333900E+01  0.1356326E+02  0.1031818E+02  Si
  0.2651298E+01  0.1077798E+02  0.1263801E+02  Si
  0.6501328E+02  0.1341636E+02  0.1283077E+02  Si
  0.1119935E+01  0.1198430E+02  0.1139549E+02  Si
  0.3853572E+01  0.1477416E+02  0.1165888E+02  Si
  0.4138267E+01  0.1183454E+02  0.1409949E+02  Si
  0.1067220E+01  0.1496595E+02  0.1420116E+02  Si
  0.5384953E+01  0.1066557E+02  0.9936635E+01  Si
  0.7666907E+01  0.1345013E+02  0.1004411E+02  Si
  0.7828133E+01  0.1061917E+02  0.1287819E+02  Si
  0.5400730E+01  0.1338761E+02  0.1278910E+02  Si
  0.6507321E+01  0.1196107E+02  0.1146536E+02  Si
  0.8989083E+01  0.1486070E+02  0.1155432E+02  Si
  0.9556427E+01  0.1201732E+02  0.1405967E+02  Si
  0.6671725E+01  0.1460349E+02  0.1458387E+02  Si
  0.1067429E+02  0.1092507E+02  0.1030040E+02  Si
  0.1349395E+02  0.1364152E+02  0.1043181E+02  Si
  0.1327932E+02  0.1103356E+02  0.1278253E+02  Si
  0.1063797E+02  0.1346893E+02  0.1273396E+02  Si
  0.1197955E+02  0.1226749E+02  0.1144712E+02  Si
  0.1477759E+02  0.1519017E+02  0.1180575E+02  Si
  0.1463272E+02  0.1213303E+02  0.1405143E+02  Si
  0.1215760E+02  0.1490690E+02  0.1395052E+02  Si
  0.1625193E+02  0.1095915E+02  0.1009443E+02  Si
  0.2335218E+02  0.1234133E+02  0.1392138E+02  Si
  0.2394464E+02  0.1763005E+02  0.1937177E+01  Si
  0.1611541E+02  0.1346833E+02  0.1278880E+02  Si
  0.1744825E+02  0.1211375E+02  0.1173852E+02  Si
  0.2037463E+02  0.2018767E+02  0.1152961E+02  Si
  0.1877693E+02  0.1651382E+02  0.1296997E+02  Si
  0.1749646E+02  0.1483163E+02  0.1401464E+02  Si
  0.5111891E-01  0.1616003E+02  0.1011557E+02  Si
  0.2801736E+01  0.1912441E+02  0.1044402E+02  Si
  0.2394896E+01  0.1633347E+02  0.1280063E+02  Si
  0.6499153E+02  0.1877717E+02  0.1319156E+02  Si
  0.1265742E+01  0.1763469E+02  0.1154331E+02  Si
  0.3968339E+01  0.2062923E+02  0.1168449E+02  Si
  0.3996557E+01  0.1767233E+02  0.1400074E+02  Si
  0.1237457E+01  0.2046816E+02  0.1446506E+02  Si
  0.5326341E+01  0.1633997E+02  0.1060902E+02  Si
  0.8245921E+01  0.1893203E+02  0.1002106E+02  Si
  0.7983549E+01  0.1619476E+02  0.1287379E+02  Si
  0.5658438E+01  0.1922780E+02  0.1288612E+02  Si
  0.7130344E+01  0.1777156E+02  0.1165450E+02  Si
  0.9444647E+01  0.2016360E+02  0.1129838E+02  Si
  0.9578292E+01  0.1758273E+02  0.1427129E+02  Si
  0.7086889E+01  0.2043583E+02  0.1441524E+02  Si
  0.1074920E+02  0.1620060E+02  0.1026123E+02  Si
  0.1335917E+02  0.1888255E+02  0.9874145E+01  Si
  0.1352339E+02  0.1665861E+02  0.1297410E+02  Si
  0.1064615E+02  0.1893104E+02  0.1282393E+02  Si
  0.1222166E+02  0.1771545E+02  0.1137792E+02  Si
  0.1508488E+02  0.2019415E+02  0.1121178E+02  Si
  0.1499103E+02  0.1785120E+02  0.1410749E+02  Si
  0.1209508E+02  0.2036107E+02  0.1406254E+02  Si
  0.1612829E+02  0.1639479E+02  0.1008332E+02  Si
  0.1869212E+02  0.1874308E+02  0.1012060E+02  Si
  0.2580543E+02  0.1226793E+02  0.1314048E+02  Si
  0.1637428E+02  0.1909020E+02  0.1284346E+02  Si
  0.1740115E+02  0.1763284E+02  0.1153918E+02  Si
  0.2143827E+02  0.1671242E+02  0.1570771E+02  Si
  0.2021327E+02  0.1491692E+02  0.1677192E+02  Si
  0.1739568E+02  0.2051734E+02  0.1422350E+02  Si
  0.6477700E+02  0.1892366E+00  0.1575191E+02  Si
  0.2521612E+01  0.2927630E+01  0.1554041E+02  Si
  0.2642718E+01  0.1735724E+00  0.1823707E+02  Si
  0.6511757E+02  0.2819790E+01  0.1815159E+02  Si
  0.1023956E+01  0.1516238E+01  0.1683811E+02  Si
  0.3958519E+01  0.4096827E+01  0.1677347E+02  Si
  0.3972332E+01  0.1559102E+01  0.1948988E+02  Si
  0.1174824E+01  0.4064606E+01  0.1972435E+02  Si
  0.5442732E+01  0.2168278E+02  0.1576009E+02  Si
  0.8212836E+01  0.2655433E+01  0.1558201E+02  Si
  0.7828123E+01  0.2145544E+02  0.1839257E+02  Si
  0.5276265E+01  0.2910805E+01  0.1824728E+02  Si
  0.6795777E+01  0.1376877E+01  0.1692139E+02  Si
  0.9594983E+01  0.4051076E+01  0.1699882E+02  Si
  0.9360326E+01  0.1207039E+01  0.1944904E+02  Si
  0.6839659E+01  0.4033125E+01  0.1953878E+02  Si
  0.1069695E+02  0.2150859E+02  0.1555814E+02  Si
  0.1351128E+02  0.2547396E+01  0.1554325E+02  Si
  0.1338509E+02  0.2166391E+02  0.1834084E+02  Si
  0.1081193E+02  0.2343267E+01  0.1793143E+02  Si
  0.1215406E+02  0.1095278E+01  0.1670698E+02  Si
  0.1477612E+02  0.4132818E+01  0.1693956E+02  Si
  0.1472833E+02  0.1392799E+01  0.1966689E+02  Si
  0.1198569E+02  0.4046330E+01  0.1956643E+02  Si
  0.1618216E+02  0.1469809E+00  0.1573514E+02  Si
  0.1889662E+02  0.2770168E+01  0.1555928E+02  Si
  0.1883531E+02  0.2148833E+02  0.1807665E+02  Si
  0.1620619E+02  0.2871534E+01  0.1836334E+02  Si
  0.1746680E+02  0.1618242E+01  0.1687941E+02  Si
  0.2013369E+02  0.4013407E+01  0.1708332E+02  Si
  0.2308062E+02  0.4283507E+01  0.1995231E+02  Si
  0.1749384E+02  0.4185744E+01  0.1961490E+02  Si
  0.6508343E+02  0.5400336E+01  0.1543672E+02  Si
  0.2605998E+01  0.8329352E+01  0.1570294E+02  Si
  0.2546850E+01  0.5487303E+01  0.1827701E+02  Si
  0.6512514E+02  0.8346046E+01  0.1798807E+02  Si
  0.1215266E+01  0.6820499E+01  0.1691988E+02  Si
  0.4006307E+01  0.9535760E+01  0.1722316E+02  Si
  0.4094231E+01  0.6470568E+01  0.1970096E+02  Si
  0.1282006E+01  0.9420214E+01  0.1977278E+02  Si
  0.5479136E+01  0.5562462E+01  0.1563473E+02  Si
  0.7902851E+01  0.8062838E+01  0.1551022E+02  Si
  0.8151761E+01  0.5481369E+01  0.1823517E+02  Si
  0.5337373E+01  0.8218695E+01  0.1865817E+02  Si
  0.6637796E+01  0.6938255E+01  0.1702758E+02  Si
  0.9459779E+01  0.9516332E+01  0.1684280E+02  Si
  0.9338289E+01  0.6857804E+01  0.1966938E+02  Si
  0.6670949E+01  0.9440354E+01  0.2002244E+02  Si
  0.1079608E+02  0.5372607E+01  0.1557442E+02  Si
  0.1356804E+02  0.8218270E+01  0.1569857E+02  Si
  0.1338432E+02  0.5370976E+01  0.1819378E+02  Si
  0.1050137E+02  0.8121574E+01  0.1824027E+02  Si
  0.1201771E+02  0.6633002E+01  0.1690851E+02  Si
  0.1471850E+02  0.9714109E+01  0.1728914E+02  Si
  0.1462752E+02  0.6744544E+01  0.1957647E+02  Si
  0.1210392E+02  0.9269081E+01  0.1957293E+02  Si
  0.1645258E+02  0.5484490E+01  0.1579641E+02  Si
  0.1873433E+02  0.8307314E+01  0.1592040E+02  Si
  0.1894190E+02  0.5763982E+01  0.1858169E+02  Si
  0.1611901E+02  0.8217179E+01  0.1851718E+02  Si
  0.1744104E+02  0.7038555E+01  0.1727541E+02  Si
  0.2789444E+02  0.8765417E+00  0.1261681E+02  Si
  0.2034079E+02  0.6825301E+01  0.2018075E+02  Si
  0.1771072E+02  0.9393589E+01  0.1964073E+02  Si
  0.6507975E+02  0.1103105E+02  0.1552130E+02  Si
  0.2676797E+01  0.1353480E+02  0.1549297E+02  Si
  0.2419589E+01  0.1095529E+02  0.1829268E+02  Si
  0.6485808E+02  0.1368744E+02  0.1833975E+02  Si
  0.1034874E+01  0.1230147E+02  0.1680471E+02  Si
  0.3758338E+01  0.1492063E+02  0.1709539E+02  Si
  0.3837084E+01  0.1226680E+02  0.1953158E+02  Si
  0.1143268E+01  0.1506640E+02  0.1983133E+02  Si
  0.5483270E+01  0.1068211E+02  0.1571828E+02  Si
  0.8224138E+01  0.1334501E+02  0.1554031E+02  Si
  0.7996426E+01  0.1088607E+02  0.1843158E+02  Si
  0.5324080E+01  0.1350933E+02  0.1818142E+02  Si
  0.6708679E+01  0.1231069E+02  0.1708957E+02  Si
  0.9180700E+01  0.1498486E+02  0.1673786E+02  Si
  0.9419878E+01  0.1237425E+02  0.1961363E+02  Si
  0.6526614E+01  0.1478974E+02  0.1961375E+02  Si
  0.1073892E+02  0.1115383E+02  0.1571672E+02  Si
  0.1340750E+02  0.1349400E+02  0.1551677E+02  Si
  0.1308184E+02  0.1088072E+02  0.1837865E+02  Si
  0.1077521E+02  0.1386863E+02  0.1826773E+02  Si
  0.1201316E+02  0.1253030E+02  0.1713752E+02  Si
  0.1488718E+02  0.1504857E+02  0.1705244E+02  Si
  0.1506525E+02  0.1195554E+02  0.1946823E+02  Si
  0.1230108E+02  0.1471323E+02  0.1954864E+02  Si
  0.1598327E+02  0.1087622E+02  0.1547297E+02  Si
  0.1868254E+02  0.1351141E+02  0.1561357E+02  Si
  0.1912344E+02  0.1100957E+02  0.1847345E+02  Si
  0.1614716E+02  0.1335461E+02  0.1808011E+02  Si
  0.1757466E+02  0.1203948E+02  0.1696481E+02  Si
  0.2008841E+02  0.1802019E+02  0.1410170E+02  Si
  0.2605717E+02  0.1768752E+02  0.1684818E+02  Si
  0.1742470E+02  0.1501135E+02  0.1930818E+02  Si
  0.6477545E+02  0.1644460E+02  0.1569104E+02  Si
  0.2731962E+01  0.1900384E+02  0.1543506E+02  Si
  0.2543819E+01  0.1648892E+02  0.1846258E+02  Si
  0.6514010E+02  0.1905877E+02  0.1843066E+02  Si
  0.1259458E+01  0.1770643E+02  0.1705887E+02  Si
  0.4113947E+01  0.2042774E+02  0.1686181E+02  Si
  0.3871307E+01  0.1774541E+02  0.1973926E+02  Si
  0.1397178E+01  0.2033594E+02  0.1965772E+02  Si
  0.5006840E+01  0.1636867E+02  0.1556170E+02  Si
  0.8187300E+01  0.1885630E+02  0.1567884E+02  Si
  0.7920795E+01  0.1629908E+02  0.1832040E+02  Si
  0.5449248E+01  0.1899889E+02  0.1832067E+02  Si
  0.6637667E+01  0.1741307E+02  0.1692418E+02  Si
  0.9220588E+01  0.2020871E+02  0.1693805E+02  Si
  0.9305057E+01  0.1768161E+02  0.1964279E+02  Si
  0.6718235E+01  0.2034734E+02  0.1972172E+02  Si
  0.1076596E+02  0.1617488E+02  0.1542959E+02  Si
  0.1347586E+02  0.1893051E+02  0.1552463E+02  Si
  0.1344075E+02  0.1619157E+02  0.1834490E+02  Si
  0.1074872E+02  0.1897730E+02  0.1827932E+02  Si
  0.1188325E+02  0.1754275E+02  0.1687840E+02  Si
  0.1481669E+02  0.2042837E+02  0.1682576E+02  Si
  0.1495697E+02  0.1757859E+02  0.1949411E+02  Si
  0.1197746E+02  0.2028457E+02  0.1974039E+02  Si
  0.1617429E+02  0.1634577E+02  0.1550143E+02  Si
  0.1886400E+02  0.1918544E+02  0.1541807E+02  Si
  0.1902359E+02  0.1629562E+02  0.1820252E+02  Si
  0.1617360E+02  0.1902058E+02  0.1801814E+02  Si
  0.1756559E+02  0.1755403E+02  0.1687273E+02  Si
  0.2377219E+02  0.1803736E+02  0.2030292E+02  Si
  0.2826943E+02  0.1465859E+02  0.1248938E+01  Si
  0.1737623E+02  0.2055006E+02  0.1944134E+02  Si
  0.2580281E+02  0.2029994E+02  0.1923664E+02  Si
  0.1990725E+02  0.1196267E+02  0.8831931E+01  Si
  0.2906589E+02  0.8355268E+01  0.1018005E+01  Si
  0.2035718E+02  0.6779319E+01  0.8528964E+01  Si
  0.3209277E+02  0.1866842E+01  0.1694608E+02  Si
  0.2412931E+02  0.1023000E+02  0.5986688E+01  Si
  0.3648665E+02  0.1179644E+02  0.8924941E+01  Si
  0.1910831E+02  0.1082455E+00  0.1289420E+02  Si
  0.2523792E+02  0.2141495E+02  0.5900125E+01  Si
  0.3832723E+02  0.1351054E+02  0.1275806E+02  Si
  0.2940918E+02  0.9196343E+01  0.6818902E+01  Si
  0.4358415E+02  0.2638537E+01  0.1856357E+02  Si
  0.3196559E+02  0.1816963E+02  0.7721655E+01  Si
  0.3824032E+02  0.2522064E+01  0.7284372E+01  Si
  0.3799221E+02  0.1605100E+02  0.1561826E+02  Si
  0.3960075E+02  0.2007902E+02  0.3503439E+01  Si
  0.2022861E+02  0.1529652E+02  0.6644121E+00  Si
  0.2299583E+02  0.1280273E+02  0.1670795E+02  Si
  0.2712921E+02  0.2763127E+01  0.7961503E+01  Si
  0.3787291E+02  0.8072106E+01  0.1328400E+02  Si
  0.3680494E+02  0.3995381E+01  0.1154852E+02  Si
  0.3137116E+02  0.1987971E+02  0.1802123E+02  Si
  0.4092852E+02  0.5309709E+01  0.1851023E+02  Si
  0.2816592E+02  0.2110538E+02  0.9416548E+01  Si
  0.3088743E+02  0.1364182E+02  0.4513920E+01  Si
  0.4237886E+02  0.1220084E+02  0.3541612E+01  Si
  0.3495093E+02  0.1204400E+02  0.1513763E+02  Si
  0.2994593E+02  0.1675946E+02  0.2728861E+01  Si
  0.4062547E+02  0.7676871E+01  0.4979406E+01  Si
  0.2585529E+02  0.1981531E+02  0.1142918E+02  Si
  0.3695550E+02  0.6614734E+01  0.1979243E+02  Si
  0.4217143E+02  0.6331154E+01  0.3570788E+01  Si
  0.2506685E+02  0.2171643E+01  0.1591009E+02  Si
  0.2538426E+02  0.1363170E+02  0.6638813E+01  Si
  0.2579128E+02  0.1176442E+02  0.1550845E+02  Si
  0.3464791E+02  0.2168499E+02  0.9250327E+00  Si
  0.2300115E+02  0.6525526E+01  0.6225861E+01  Si
  0.2282153E+02  0.1732013E+02  0.1209713E+02  Si
  0.2877190E+02  0.1775801E+02  0.1517448E+02  Si
  0.3258826E+02  0.4265735E+01  0.4284877E+01  Si
  0.2326465E+02  0.1499176E+02  0.1555992E+02  Si
  0.3407815E+02  0.1632926E+02  0.5005100E+01  Si
  0.2488297E+02  0.3750670E+01  0.1150488E+02  Si
  0.3042960E+02  0.1442472E+02  0.2467626E+01  Si
  0.2940719E+02  0.1369947E+02  0.1150503E+02  Si
  0.3722511E+02  0.1183522E+02  0.1386536E+02  Si
  0.3971168E+02  0.1470934E+02  0.1966491E+02  Si
  0.2013506E+02  0.1754116E+02  0.8784036E+01  Si
  0.3967864E+02  0.9284669E+00  0.1717811E+02  Si
  0.2824449E+02  0.1771167E+02  0.1751110E+02  Si
  0.3585238E+02  0.1715256E+02  0.9300539E+01  Si
  0.4093925E+02  0.2489283E+01  0.2138170E+02  Si
  0.2609376E+02  0.4178055E+01  0.2090827E+02  Si
  0.3382029E+02  0.6664200E+01  0.1488779E+02  Si
  0.3297949E+02  0.6945018E+01  0.8931672E+01  Si
  0.2413012E+02  0.1113108E+02  0.2894981E+01  Si
  0.2908532E+02  0.5819612E+00  0.1854048E+02  Si
  0.3161599E+02  0.1602069E+02  0.1139052E+01  Si
  0.2509883E+02  0.7171076E-01  0.1733521E+02  Si
  0.4232163E+02  0.3920395E+01  0.6616601E+00  Si
  0.2253835E+02  0.1369971E+02  0.4421421E+01  Si
  0.2861406E+02  0.8285798E+00  0.7634736E+01  Si
  0.4056610E+02  0.7957497E+01  0.1069469E+02  Si
  0.2680665E+02  0.4749119E+01  0.1531760E+01  Si
  0.3192868E+02  0.1259409E+02  0.2096675E+02  Si
  0.2456348E+02  0.5338515E+01  0.2361519E+01  Si
  0.2997326E+02  0.1616425E+00  0.1722477E+01  Si
  0.2875631E+02  0.1527351E+02  0.1494640E+02  Si
  0.2184139E+02  0.1106972E+02  0.1536904E+02  Si
  0.2496836E+02  0.4443696E+01  0.1526877E+02  Si
  0.2604090E+02  0.5523460E+01  0.5109056E+01  Si
  0.2048448E+02  0.2053680E+02  0.3506932E+00  Si
  0.2353247E+02  0.8923449E+01  0.8771228E+01  Si
  0.3102034E+02  0.6349579E+01  0.1997267E+02  Si
  0.2497731E+02  0.1443044E+02  0.1908436E+02  Si
  0.2439022E+02  0.7400443E+01  0.1058272E+02  Si
  0.4102324E+02  0.1333757E+02  0.1587064E+02  Si
  0.2379378E+02  0.2036136E+02  0.2085505E+02  Si
  0.3274863E+02  0.9085081E+01  0.1756664E+02  Si
  0.3559472E+02  0.2284267E+01  0.2105913E+02  Si
  0.2009383E+02  0.1494890E+02  0.1148820E+02  Si
  0.2928830E+02  0.9800946E+01  0.4507105E+01  Si
  0.3362309E+02  0.8443934E+01  0.1087665E+01  Si
  0.3342774E+02  0.1142838E+02  0.1817881E+02  Si
  0.2163616E+02  0.2573468E+01  0.2124900E+01  Si
  0.2587206E+02  0.1438048E+02  0.9362187E+00  Si
  0.3364602E+02  0.1028721E+02  0.9375366E+01  Si
  0.3159704E+02  0.9803259E+01  0.1618772E+01  Si
  0.3797718E+02  0.1878852E+02  0.2287301E+01  Si
  0.3242263E+02  0.2051079E+02  0.3666808E+00  Si
  0.3843017E+02  0.1034243E+02  0.4935621E+01  Si
  0.3829173E+02  0.1122442E+02  0.1020792E+02  Si
  0.3242582E+02  0.1185303E+02  0.3874694E+01  Si
  0.4202073E+02  0.1744585E+02  0.1980814E+02  Si
  0.2940061E+02  0.7234762E+01  0.1744197E+02  Si
  0.3818265E+02  0.1585715E+02  0.4770396E+01  Si
  0.2980740E+02  0.9570865E+01  0.1659336E+02  Si
  0.3367247E+02  0.1916565E+02  0.1791227E+02  Si
  0.2784627E+02  0.8848960E+01  0.2941133E+01  Si
  0.2987341E+02  0.1724885E+02  0.1117262E+02  Si
  0.3834395E+02  0.1607968E+02  0.2134372E+02  Si
  0.2573819E+02  0.1224611E+02  0.2160199E+02  Si
  0.3501106E+02  0.1020905E+02  0.7385349E+01  Si
  0.3818159E+02  0.2360518E+01  0.1291266E+02  Si
  0.2667384E+02  0.1527946E+02  0.9978920E+01  Si
  0.3975129E+02  0.1979252E+02  0.1428139E+02  Si
  0.2630423E+02  0.1810757E+02  0.1512869E+01  Si
  0.2457834E+02  0.1237539E+02  0.4852035E+01  Si
  0.2659553E+02  0.2815687E+01  0.3479254E+01  Si
  0.2709286E+02  0.9125446E+01  0.1460609E+02  Si
  0.3548479E+02  0.2077193E+02  0.1512436E+02  Si
  0.3950088E+02  0.9311717E+01  0.1459893E+02  Si
  0.3133130E+02  0.1563739E+02  0.1860320E+02  Si
  0.4248398E+02  0.1104850E+01  0.3484772E+01  Si
  0.4094973E+02  0.1854262E+02  0.1592682E+02  Si
  0.3103365E+02  0.3566191E+01  0.4867002E+00  Si
  0.3196284E+02  0.1455593E+02  0.1421981E+02  Si
  0.4213656E+02  0.1971845E+02  0.1177787E+02  Si
  0.3447923E+02  0.1285627E+01  0.1631961E+02  Si
  0.2667827E+02  0.1229549E+02  0.8369453E+01  Si
  0.2516032E+02  0.1537967E+02  0.1687494E+02  Si
  0.4090139E+02  0.1093048E+02  0.1888206E+02  Si
  0.4074739E+02  0.1587642E+02  0.2164650E+01  Si
  0.3946933E+02  0.3439062E+01  0.3698412E+01  Si
  0.4098466E+02  0.1619616E+02  0.1829343E+02  Si
  0.2661769E+02  0.1005383E+02  0.1261839E+02  Si
  0.2138802E+02  0.5835434E+01  0.1599569E+02  Si
  0.3915408E+02  0.1386149E+01  0.5343108E+00  Si
  0.2782037E+02  0.1042737E+02  0.1911863E+02  Si
  0.3112879E+02  0.1216116E+02  0.1862764E+02  Si
  0.2877711E+02  0.1564911E+02  0.7179944E+01  Si
  0.2706051E+02  0.4650912E+01  0.1074237E+02  Si
  0.2796796E+02  0.1856963E+02  0.1141498E+02  Si
  0.2018389E+02  0.2030836E+02  0.6306287E+01  Si
  0.1876259E+02  0.1879922E+02  0.4927972E+01  Si
  0.4054853E+02  0.7836788E+01  0.1607066E+02  Si
  0.2773774E+02  0.1597966E+02  0.1920033E+02  Si
  0.1999128E+02  0.6926605E+01  0.1462858E+02  Si
  0.4204745E+02  0.1496900E+02  0.7281709E+00  Si
  0.3351666E+02  0.7596980E+01  0.4630786E+01  Si
  0.3952886E+02  0.1995293E+02  0.1995446E+02  Si
  0.4366663E+02  0.1325425E+02  0.1874037E+02  Si
  0.2006511E+02  0.2017085E+02  0.1682827E+02  Si
  0.3897647E+02  0.3662109E+01  0.1467590E+02  Si
  0.2950345E+02  0.1275071E+02  0.1689016E+02  Si
  0.3598272E+02  0.2748519E+00  0.1816285E+02  Si
  0.3424155E+02  0.4521419E+01  0.1376005E+02  Si
  0.3668425E+02  0.9878666E+01  0.1765165E+02  Si
  0.3074866E+02  0.1475329E+02  0.1632500E+02  Si
  0.2166885E+02  0.2871395E+01  0.1857606E+02  Si
  0.2176090E+02  0.5540038E+01  0.4537717E+01  Si
  0.2906346E+02  0.2028082E+02  0.1292799E+02  Si
  0.3597984E+02  0.1580543E+02  0.2523694E+01  Si
  0.4104179E+02  0.1047046E+02  0.7695097E+01  Si
  0.3113637E+02  0.1266000E+02  0.1302287E+02  Si
  0.3680401E+02  0.1722697E+02  0.1995366E+02  Si
  0.4211115E+02  0.6820917E+01  0.1981713E+02  Si
  0.4131115E+02  0.1323071E+02  0.1031849E+02  Si
  0.3939110E+02  0.6091337E+01  0.6247796E+01  Si
  0.3541751E+02  0.1716971E+02  0.7013172E+01  Si
  0.4068949E+02  0.2124458E+02  0.7827720E+01  Si
  0.2292515E+02  0.1325475E+01  0.8984768E+00  Si
  0.2137637E+02  0.1351907E+02  0.1276532E+02  Si
  0.1881206E+02  0.1349390E+02  0.4837246E+01  Si
  0.2303772E+02  0.1517912E+02  0.2027132E+02  Si
  0.3647403E+02  0.1253961E+01  0.3788326E+01  Si
  0.2059413E+02  0.1100737E+01  0.3631230E+01  Si
  0.3499435E+02  0.6263616E+01  0.7921082E+01  Si
  0.2002062E+02  0.1203752E+02  0.3177172E+01  Si
  0.2014333E+02  0.1376649E+01  0.1948582E+02  Si
  0.3248029E+02  0.5239243E+01  0.1858901E+02  Si
  0.2171435E+02  0.8129898E+01  0.7127213E+01  Si
  0.2350880E+02  0.2014082E+02  0.1671279E+02  Si
  0.2356065E+02  0.1160241E+02  0.1002098E+02  Si
  0.2862416E+02  0.1267945E+01  0.2091476E+02  Si
  0.2779375E+02  0.3204689E+01  0.1973371E+02  Si
  0.3703383E+02  0.5965751E+01  0.1646090E+02  Si
  0.3820935E+02  0.4151856E+01  0.5512827E+01  Si
  0.3754342E+02  0.1821074E+02  0.7305052E+01  Si
  0.4039140E+02  0.1863229E+02  0.1017294E+02  Si
  0.2617485E+02  0.1851753E+02  0.2088504E+02  Si
  0.3531647E+02  0.1650469E+02  0.1283542E+02  Si
  0.2029564E+02  0.9631706E+01  0.6042025E+01  Si
  0.4088367E+02  0.5144333E+01  0.7761107E+01  Si
  0.3677729E+02  0.1445039E+02  0.1674929E+02  Si
  0.3790899E+02  0.1896455E+02  0.1289174E+02  Si
  0.2973760E+02  0.2088851E+02  0.1653669E+02  Si
  0.3828780E+02  0.7822013E+01  0.7742388E+01  Si
  0.2164304E+02  0.2165160E+02  0.1026983E+02  Si
  0.2028471E+02  0.1500331E+02  0.6023719E+01  Si
  0.3584237E+02  0.7156733E+00  0.8935093E+01  Si
  0.2684304E+02  0.1403490E+02  0.1549260E+02  Si
  0.3321473E+02  0.2742158E+01  0.9310286E+01  Si
  0.2531530E+02  0.6479598E+01  0.7464054E+01  Si
  0.3771595E+02  0.2113176E+02  0.1201883E+02  Si
  0.3720739E+02  0.1205890E+02  0.4058666E+01  Si
  0.3171760E+02  0.7801350E+01  0.1473944E+02  Si
  0.3429620E+02  0.2250174E+01  0.1281570E+02  Si
  0.4216762E+02  0.9194400E+01  0.1130380E+01  Si
  0.3100586E+02  0.1329332E+01  0.2145708E+02  Si
  0.2597190E+02  0.8936905E+00  0.1405347E+02  Si
  0.3087581E+02  0.8619987E+01  0.1905563E+02  Si
  0.2422145E+02  0.1594087E+02  0.3658620E+01  Si
  0.2300170E+02  0.1471172E+02  0.8987944E+01  Si
  0.2208330E+02  0.1610289E+02  0.4729447E+01  Si
  0.2703137E+02  0.1636110E+01  0.1730321E+02  Si
  0.4219075E+02  0.2061619E+02  0.9848078E+00  Si
  0.4227747E+02  0.1731690E+02  0.9102505E+01  Si
  0.2893997E+02  0.2093504E+01  0.4245327E+01  Si
  0.3114459E+02  0.7803770E+00  0.7149939E+01  Si
  0.3965459E+02  0.1171031E+02  0.6500366E+01  Si
  0.3069362E+02  0.4579822E+01  0.2663818E+01  Si
  0.3813364E+02  0.1076684E+02  0.1601239E+02  Si
  0.3959387E+02  0.3806230E+01  0.1972501E+02  Si
  0.3724654E+02  0.1070372E+01  0.1994083E+02  Si
  0.2944906E+02  0.1224078E+02  0.5624898E+01  Si
  0.3703052E+02  0.1399666E+02  0.5727862E+01  Si
  0.4208640E+02  0.3690062E+01  0.1189192E+02  Si
  0.3727143E+02  0.7088847E+01  0.5484861E+01  Si
  0.4207698E+02  0.8977442E+01  0.6115350E+01  Si
  0.3691919E+02  0.1764741E+02  0.3866319E+01  Si
  0.4182432E+02  0.9492698E+01  0.1729288E+02  Si
  0.3737776E+02  0.1499699E+01  0.1516473E+02  Si
  0.2284092E+02  0.1196147E+02  0.1390200E+01  Si
  0.3914929E+02  0.1747460E+02  0.1173769E+02  Si
  0.3395624E+02  0.3327425E-01  0.7553052E+01  Si
  0.3393830E+02  0.1917656E+02  0.7157649E+01  Si
  0.2192890E+02  0.1621176E+00  0.1583090E+02  Si
  0.3468338E+02  0.1332839E+02  0.1710369E+02  Si
  0.2487918E+02  0.7868472E+01  0.2119131E+02  Si
  0.3432820E+02  0.1866300E+02  0.4760380E+01  Si
  0.2542619E+02  0.1410188E+02  0.1180518E+02  Si
  0.3117514E+02  0.4091318E+00  0.1485938E+02  Si
  0.2489270E+02  0.1047499E+02  0.8137749E+01  Si
  0.2143556E+02  0.8296682E+01  0.1846542E+02  Si
  0.3183492E+02  0.1459132E+02  0.7660446E+01  Si
  0.4218158E+02  0.6556657E+01  0.9312694E+01  Si
  0.2370216E+02  0.1797428E+02  0.1778074E+02  Si
  0.3202264E+02  0.4925890E+01  0.1420839E+02  Si
  0.2862242E+02  0.7039544E+01  0.1219532E+02  Si
  0.2235590E+02  0.1211831E+02  0.6161265E+01  Si
  0.3447466E+02  0.2094526E+02  0.1948184E+02  Si
  0.3960709E+02  0.9571572E+01  0.9210463E+01  Si
  0.3972124E+02  0.1474251E+02  0.1437070E+02  Si
  0.3125779E+02  0.1991101E+02  0.2408288E+01  Si
  0.3265644E+02  0.1865764E+02  0.1573692E+02  Si
  0.3429534E+02  0.1715528E+02  0.1922369E+02  Si
  0.4081757E+02  0.2131584E+02  0.1842466E+02  Si
  0.2044059E+02  0.1362059E+01  0.1413901E+02  Si
  0.2812820E+02  0.6297042E+01  0.4537273E+01  Si
  0.2266530E+02  0.1416515E+01  0.1194078E+02  Si
  0.3683289E+02  0.9319670E+01  0.6908379E+00  Si
  0.4074511E+02  0.1310022E+02  0.5100723E+01  Si
  0.3814931E+02  0.8311584E+01  0.1868345E+02  Si
  0.4243418E+02  0.8843887E+01  0.1165979E+02  Si
  0.4069713E+02  0.2448318E+01  0.1585278E+02  Si
  0.3588234E+02  0.5063623E+01  0.5857132E+01  Si
  0.3891161E+02  0.1977109E+02  0.8539426E+01  Si
  0.3671392E+02  0.1497042E+02  0.1138368E+02  Si
  0.2026005E+02  0.9354884E+01  0.1186221E+02  Si
  0.2168026E+02  0.1411770E+02  0.1850922E+02  Si
  0.2582161E+02  0.1603598E+02  0.2071127E+02  Si
  0.3172022E+02  0.4117414E+00  0.1883890E+02  Si
  0.3220931E+02  0.1318355E+01  0.1283038E+02  Si
  0.2140190E+02  0.1382113E+02  0.2372314E+01  Si
  0.2425299E+02  0.8081008E+01  0.4720442E+01  Si
  0.3979728E+02  0.9348224E+00  0.6455255E+01  Si
  0.2350872E+02  0.1399439E+01  0.5372271E+01  Si
  0.2162441E+02  0.2903801E+01  0.1281936E+02  Si
  0.2772523E+02  0.1357830E+02  0.6483290E+01  Si
  0.3696807E+02  0.2029663E+02  0.9750207E+01  Si
  0.2483126E+02  0.1024133E+02  0.1997596E+02  Si
  0.4223450E+02  0.2014066E+02  0.6492080E+01  Si
  0.3122370E+02  0.1024246E+02  0.8460979E+01  Si
  0.2771282E+02  0.1411879E+02  0.1776868E+02  Si
  0.3813241E+02  0.1637497E+02  0.1003428E+02  Si
  0.2346462E+02  0.1430689E+02  0.6514696E+00  Si
  0.3528229E+02  0.1146160E+02  0.1258576E+02  Si
  0.3823391E+02  0.5213250E+01  0.1022602E+02  Si
  0.4100231E+02  0.2130891E+02  0.1297866E+02  Si
  0.3729215E+02  0.1132355E+02  0.1969363E+02  Si
  0.3573022E+02  0.1275908E+02  0.2127671E+02  Si
  0.4073588E+02  0.1538621E+00  0.2165738E+01  Si
  0.2835717E+02  0.2169187E+02  0.3811326E+01  Si
  0.2629684E+02  0.1111110E+02  0.2130956E+01  Si
  0.2282703E+02  0.9166600E+01  0.3331143E+01  Si
  0.3313994E+02  0.2114346E+02  0.1559623E+02  Si
  0.3951482E+02  0.1208389E+02  0.1739902E+02  Si
  0.2203053E+02  0.1703951E+02  0.2138091E+02  Si
  0.3331029E+02  0.2051939E+02  0.3735698E+01  Si
  0.3583907E+02  0.8056158E+01  0.1098561E+02  Si
  0.3670057E+02  0.1954260E+02  0.5425233E+01  Si
  0.3263954E+02  0.4858616E+01  0.1025895E+02  Si
  0.2423610E+02  0.2381313E+01  0.2092243E+02  Si
  0.2263762E+02  0.2387168E+01  0.1647950E+02  Si
  0.3589338E+02  0.4524443E+00  0.1339983E+02  Si
  0.2597019E+02  0.2158029E+00  0.1037356E+02  Si
  0.3540203E+02  0.5532176E+01  0.1810599E+02  Si
  0.4071744E+02  0.2311106E+01  0.1033095E+02  Si
  0.2645385E+02  0.4534874E+01  0.1322475E+02  Si
  0.4228377E+02  0.2004336E+02  0.1700894E+02  Si
  0.4052130E+02  0.4923284E+01  0.1336324E+02  Si
  0.2747782E+02  0.8121664E+01  0.1840252E+02  Si
  0.4251699E+02  0.1205150E+02  0.8736352E+01  Si
  0.3913150E+02  0.6658625E+01  0.1742013E+02  Si
  0.2517329E+02  0.9387284E+01  0.1560277E+02  Si
  0.3536682E+02  0.3294551E+01  0.1755211E+02  Si
  0.2872047E+02  0.1249671E+02  0.9649612E+01  Si
  0.2190189E+02  0.2125329E+02  0.4878245E+01  Si
  0.1883396E+02  0.1326942E+02  0.1041112E+02  Si
  0.4169540E+02  0.1779479E+02  0.3266602E+01  Si
  0.4226938E+02  0.1735092E+02  0.1451841E+02  Si
  0.3073348E+02  0.1886446E+02  0.1417075E+02  Si
  0.3792100E+02  0.4681267E+01  0.2104587E+02  Si
  0.3517453E+02  0.2013344E+01  0.1820341E+01  Si
  0.2495776E+02  0.1475067E+01  0.1202363E+02  Si
  0.2258667E+02  0.4191369E+01  0.1464830E+02  Si
  0.4094924E+02  0.1050997E+02  0.2685588E+01  Si
  0.2965725E+02  0.6520351E+01  0.1510612E+02  Si
  0.4096476E+02  0.1648870E+02  0.1287007E+02  Si
  0.2281009E+02  0.1964066E+02  0.3191701E+01  Si
  0.2428292E+02  0.1837639E+02  0.1057054E+02  Si
  0.3210029E+02  0.1011755E+02  0.6359013E+01  Si
  0.2029608E+02  0.4208244E+01  0.7197983E+00  Si
  0.3468536E+02  0.8682559E+00  0.5435785E+01  Si
  0.3364404E+02  0.8550586E+01  0.1068997E+02  Si
  0.3007965E+02  0.1903807E+02  0.6670296E+01  Si
  0.3365695E+02  0.1170980E+02  0.5946235E+01  Si
  0.1931791E+02  0.5033320E+01  0.7466635E+01  Si
  0.3039426E+02  0.1760242E+02  0.1892271E+02  Si
  0.3487949E+02  0.5664007E+01  0.1514874E+01  Si
  0.3502315E+02  0.1053796E+02  0.1965108E+02  Si
  0.3357708E+02  0.6883194E+01  0.1710701E+02  Si
  0.2964750E+02  0.1063182E+02  0.4250147E+00  Si
  0.2347969E+02  0.6983823E+01  0.1011255E+01  Si
  0.2491933E+02  0.6840603E+01  0.1821214E+02  Si
  0.3695774E+02  0.9853737E+01  0.1166771E+02  Si
  0.2898805E+02  0.1544078E+02  0.9651017E+01  Si
  0.3106789E+02  0.1664662E+02  0.1308420E+02  Si
  0.2281887E+02  0.9033873E+01  0.2012326E+02  Si
  0.3808286E+02  0.1324160E+02  0.7650141E+01  Si
  0.3128338E+02  0.3190571E+01  0.6256875E+01  Si
  0.2293912E+02  0.1838931E+02  0.1514114E+02  Si
  0.3049026E+02  0.1779835E+02  0.2122234E+02  Si
  0.3406374E+02  0.1385585E+02  0.8154821E+01  Si
  0.3925017E+02  0.6199468E+01  0.7335110E+00  Si
  0.2259650E+02  0.8602799E+01  0.1196725E+02  Si
  0.4227109E+02  0.1473039E+02  0.6167040E+01  Si
  0.3611565E+02  0.7116441E+01  0.3289400E+01  Si
  0.3684823E+02  0.1753367E+02  0.1452694E+02  Si
  0.2712482E+02  0.1749140E+02  0.6766836E+01  Si
  0.2310800E+02  0.7249501E+01  0.1709351E+02  Si
  0.2671788E+02  0.8159971E+01  0.1094499E+02  Si
  0.3824819E+02  0.2159083E+02  0.5060408E+01  Si
  0.3444437E+02  0.1444859E+02  0.1490586E+02  Si
  0.3352106E+02  0.1346630E+01  0.3364311E+01  Si
  0.2332601E+02  0.1362748E+02  0.1124428E+02  Si
  0.3284043E+02  0.1827945E+02  0.2117148E+02  Si
  0.2574771E+02  0.1726113E+02  0.8798844E+01  Si
  0.2735252E+02  0.8025303E+01  0.7064068E+01  Si
  0.3551943E+02  0.7360920E+01  0.1133909E-01  Si
  0.2716885E+02  0.1707532E+02  0.1325708E+02  Si
  0.3230839E+02  0.8986958E+01  0.1253163E+02  Si
  0.2028239E+02  0.9800714E+01  0.1679806E+02  Si
  0.4080060E+02  0.1870188E+02  0.5175929E+01  Si
  0.3019428E+02  0.4523631E+01  0.9880272E+01  Si
  0.2887072E+02  0.4432933E+01  0.1216670E+02  Si
  0.2608444E+02  0.7087758E+01  0.3255089E+01  Si
  0.3548335E+02  0.5959060E+01  0.1214924E+02  Si
  0.3943181E+02  0.3781714E+01  0.8874287E+01  Si
  0.3705384E+02  0.2020949E+02  0.1688416E+02  Si
  0.3203106E+02  0.6636066E+01  0.3202344E+00  Si
  0.3937293E+02  0.6530048E+01  0.1212948E+02  Si
  0.3802792E+02  0.1874144E+02  0.1850883E+02  Si
  0.2927615E+02  0.1568688E+02  0.2089448E+02  Si
  0.3857642E+02  0.1045378E+02  0.2140115E+02  Si
  0.2950919E+02  0.2150462E+01  0.1469203E+02  Si
  0.3844721E+02  0.1305673E+02  0.2148342E+01  Si
  0.2150012E+02  0.1606303E+02  0.1027757E+02  Si
  0.4082584E+02  0.4938558E+01  0.2193684E+01  Si
  0.3485248E+02  0.1053787E+02  0.3018287E+00  Si
  0.3698773E+02  0.1437173E+02  0.8098272E+00  Si
  0.3577472E+02  0.2181736E+01  0.7097222E+01  Si
  0.4216669E+02  0.9325419E+00  0.9315679E+01  Si
  0.1999743E+02  0.1205595E+02  0.1434482E+02  Si
  0.3014050E+02  0.1156654E+02  0.1500567E+02  Si
  0.2314891E+02  0.1771624E+02  0.6308755E+01  Si
  0.2661051E+02  0.1259628E+02  0.1941128E+02  Si
  0.3460974E+02  0.1247572E+02  0.1033268E+02  Si
  0.2803256E+02  0.4480453E+00  0.1551786E+02  Si
  0.2159618E+02  0.1917214E+02  0.7497332E+01  Si
  0.2497384E+02  0.4095452E+01  0.8043959E+01  Si
  0.4246088E+02  0.3713255E+01  0.6539386E+01  Si
  0.2977145E+02  0.1970565E+02  0.4367785E+01  Si
  0.3356533E+02  0.8282879E+01  0.7181228E+01  Si
  0.3138197E+02  0.8937444E+01  0.3841105E+01  Si
  0.3978280E+02  0.1482967E+02  0.9138731E+01  Si
  0.2145884E+02  0.1022057E+02  0.9745181E+01  Si
  0.2915122E+02  0.1008737E+02  0.9914940E+01  Si
  0.3148661E+02  0.4239722E+01  0.1658553E+02  Si
  0.3040109E+02  0.7129880E+01  0.2173960E+01  Si
  0.3680992E+02  0.9257494E+01  0.6247442E+01  Si
  0.3512982E+02  0.1890763E+02  0.2088973E+02  Si
  0.3689961E+02  0.6904791E+01  0.9262830E+01  Si
  0.3957317E+02  0.1431543E+02  0.3433988E+01  Si
  0.2522423E+02  0.2020405E+02  0.8909471E+00  Si
  0.4106545E+02  0.2326353E+01  0.5075362E+01  Si
  0.2501646E+02  0.1185515E+02  0.1771646E+02  Si
  0.3008636E+02  0.9030884E+01  0.1203103E+02  Si
  0.3194679E+02  0.1635223E+02  0.6049386E+01  Si
  0.3446155E+02  0.9121521E+01  0.3095021E+01  Si
  0.2590579E+02  0.4951686E+00  0.3791758E+01  Si
  0.3235429E+02  0.2102041E+02  0.1144211E+02  Si
  0.4231885E+02  0.1076664E+01  0.1458102E+02  Si
  0.4106320E+02  0.1605305E+02  0.7596008E+01  Si
  0.2293256E+02  0.2014646E+02  0.9229311E+01  Si
  0.2635951E+02  0.5822875E+01  0.1649175E+02  Si
  0.3826893E+02  0.2482546E+01  0.1838137E+02  Si
  0.2129013E+02  0.1071001E+02  0.4444441E+01  Si
  0.2282706E+02  0.4013031E+01  0.3358617E+01  Si
  0.3067493E+02  0.3159658E+01  0.1282402E+02  Si
  0.2162440E+02  0.4771552E+01  0.9513130E+01  Si
  0.3819691E+02  0.2115882E+02  0.2117401E+02  Si
  0.2430729E+02  0.1834471E+02  0.4407327E+01  Si
  0.3227465E+02  0.3321905E+00  0.9284673E+01  Si
  0.3397680E+02  0.1895977E+02  0.1397069E+02  Si
  0.2423886E+02  0.1603923E+02  0.7529596E+01  Si
  0.2889437E+02  0.1036235E+02  0.1354528E+02  Si
  0.3463184E+02  0.1522129E+02  0.1016017E+02  Si
  0.4244775E+02  0.1193265E+02  0.1454141E+02  Si
  0.3949948E+02  0.8811648E+01  0.3422516E+01  Si
  0.3864145E+02  0.2110523E+02  0.1576834E+02  Si
  0.3630850E+02  0.6602458E+01  0.1438611E+02  Si
  0.4174371E+02  0.6500241E+01  0.1452166E+02  Si
  0.3313256E+02  0.6625537E+00  0.2070063E+02  Si
  0.3787437E+02  0.7594949E+01  0.2084476E+01  Si
  0.3287955E+02  0.4503729E+01  0.7926456E+01  Si
  0.2424368E+02  0.5140280E+00  0.1957507E+02  Si
  0.2389455E+02  0.1809203E+01  0.7493708E+01  Si
  0.2989800E+02  0.2167951E+02  0.1109317E+02  Si
  0.3958515E+02  0.8800828E+00  0.1181318E+02  Si
  0.2770617E+02  0.1455231E+02  0.1286077E+02  Si
  0.3976843E+02  0.9243393E+01  0.1996579E+02  Si
  0.2703610E+02  0.9510125E+01  0.8941344E+01  Si
  0.3161321E+02  0.2079886E+02  0.5502454E+01  Si
  0.3297421E+02  0.1103891E+02  0.1347108E+02  Si
  0.3955538E+02  0.1750171E+02  0.9001847E+00  Si
  0.3010684E+02  0.1060795E+02  0.1994411E+02  Si
  0.3449667E+02  0.1395882E+02  0.5711343E+01  Si
  0.3237984E+02  0.1881431E+02  0.1235735E+02  Si
  0.3157134E+02  0.1487667E+02  0.2078745E+02  Si
  0.3527436E+02  0.2268862E+01  0.1050544E+02  Si
  0.3002487E+02  0.1572220E+02  0.4991021E+01  Si
  0.3293075E+02  0.1177100E+02  0.1368241E+01  Si
  0.3192995E+02  0.1655581E+02  0.9310065E+01  Si
  0.3652796E+02  0.1993770E+02  0.7273480E+00  Si
  0.3447797E+02  0.5399414E+01  0.3875250E+01  Si
  0.2171028E+02  0.2759575E+01  0.8043486E+01  Si
  0.2348013E+02  0.2066074E+02  0.1419390E+02  Si
  0.2475775E+02  0.3630258E+01  0.4917462E+01  Si
  0.3305634E+02  0.1648477E+02  0.1151151E+02  Si
  0.2819668E+02  0.1227837E+02  0.1176033E+01  Si
  0.2309956E+02  0.9086255E+01  0.1524191E+02  Si
  0.3980477E+02  0.1181246E+02  0.7849396E+00  Si
  0.4228394E+02  0.1194914E+02  0.2014028E+02  Si
  0.2907060E+02  0.4293053E+01  0.1564738E+02  Si
  0.3920017E+02  0.1750608E+02  0.1704579E+02  Si
  0.3323095E+02  0.4622017E+01  0.5519260E-01  Si
  0.3449336E+02  0.1691806E+02  0.1520378E+02  Si
  0.3367227E+02  0.2966577E+01  0.6129350E+01  Si
  0.2166993E+02  0.2027609E+00  0.2104022E+02  Si
  0.3865441E+02  0.1356688E+01  0.3083105E+01  Si
  0.3740200E+02  0.2994277E+01  0.1004181E+01  Si
  0.2591462E+02  0.1570920E+02  0.5583680E+01  Si
  0.2910295E+02  0.1978882E+02  0.1135594E+01  Si
  0.2421405E+02  0.1560517E+02  0.1326580E+02  Si
  0.3355328E+02  0.1571430E+02  0.2490439E+01  Si
  0.2939729E+02  0.4890104E+01  0.2071760E+02  Si
  0.3604462E+02  0.1845641E+02  0.1128676E+02  Si
  0.4095692E+02  0.1334104E+02  0.2123556E+02  Si
  0.2748419E+02  0.2060967E-02  0.1040759E+01  Si
  0.2760851E+02  0.2165800E+01  0.1042741E+02  Si
  0.2770090E+02  0.3997894E+01  0.1742149E+02  Si
  0.3948876E+02  0.1728733E+02  0.6072412E+01  Si
  0.2377625E+02  0.5121031E+01  0.1003466E+02  Si
  0.2038186E+02  0.1739398E+02  0.1975067E+02  Si
  0.2780493E+02  0.2095692E+02  0.6192210E+01  Si
  0.3982879E+02  0.1196523E+02  0.1189241E+02  Si
  0.3799383E+02  0.1349755E+02  0.1865097E+02  Si
  0.3751028E+02  0.3582045E+01  0.1656740E+02  Si
  0.2726629E+02  0.6561437E+01  0.9177746E+01  Si
  0.2131486E+02  0.1355493E+02  0.7663924E+01  Si
  0.2799452E+02  0.1924042E+02  0.7791087E+01  Si
  0.2921902E+02  0.6625620E+01  0.6595123E+01  Si
  0.2142397E+02  0.7851077E+01  0.2050357E+01  Si
  0.3404464E+02  0.1349903E+02  0.3325571E+01  Si
  0.4190027E+02  0.3827208E+01  0.1700475E+02  Si
  0.2550278E+02  0.1818573E+02  0.1471372E+02  Si
  0.3194055E+02  0.9985656E+01  0.1550198E+02  Si
  0.2856869E+02  0.4817618E+01  0.8095722E+01  Si
  0.4242308E+02  0.1482392E+02  0.1188605E+02  Si
  0.2122716E+02  0.1830639E+02  0.1761967E+02  Si
  0.3506786E+02  0.1138304E+02  0.3914594E+01  Si
  0.1878639E+02  0.1069361E+02  0.1297439E+02  Si
  0.2793407E+02  0.6276184E+01  0.2551255E+00  Si
  0.2604273E+02  0.2031694E+02  0.1367324E+02  Si
  0.2670305E+02  0.1906080E+02  0.5064022E+01  Si
  0.4072836E+02  0.7675480E+01  0.2151103E+02  Si
  0.4111268E+02  0.1028199E+02  0.1317730E+02  Si
  0.2609097E+02  0.8903603E+01  0.1126969E+01  Si
  0.2800226E+02  0.2008791E+02  0.1821009E+02  Si
  0.4101219E+02  0.1889804E+02  0.2148892E+02  Si
  0.4363095E+02  0.2160317E+02  0.2115727E+02  Si
  0.4619324E+02  0.2625977E+01  0.2143677E+02  Si
  0.4620589E+02  0.2138587E+02  0.2501580E+01  Si
  0.4344229E+02  0.2532118E+01  0.2170764E+01  Si
  0.4501805E+02  0.1074120E+01  0.1129344E+01  Si
  0.4760453E+02  0.3885705E+01  0.8026813E+00  Si
  0.4785640E+02  0.1121950E+01  0.3572396E+01  Si
  0.4494424E+02  0.3655125E+01  0.3404259E+01  Si
  0.4863596E+02  0.2171514E+02  0.2147169E+02  Si
  0.5167995E+02  0.2571223E+01  0.2133248E+02  Si
  0.5157489E+02  0.2149548E+02  0.2241667E+01  Si
  0.4894476E+02  0.2542605E+01  0.1840153E+01  Si
  0.5032059E+02  0.1220097E+01  0.6877255E+00  Si
  0.5299910E+02  0.4364068E+01  0.7172578E+00  Si
  0.5278847E+02  0.1253839E+01  0.3492053E+01  Si
  0.5024406E+02  0.3722064E+01  0.3543666E+01  Si
  0.5437747E+02  0.2132417E+02  0.2123147E+02  Si
  0.5725937E+02  0.2660240E+01  0.2136561E+02  Si
  0.5708119E+02  0.2143505E+00  0.2171043E+01  Si
  0.5409340E+02  0.2712400E+01  0.2044195E+01  Si
  0.5581517E+02  0.1355059E+01  0.8412433E+00  Si
  0.5883279E+02  0.3863147E+01  0.9448499E+00  Si
  0.5860796E+02  0.1485896E+01  0.3572466E+01  Si
  0.5539237E+02  0.4209643E+01  0.3525382E+01  Si
  0.5989012E+02  0.2162449E+02  0.2133902E+02  Si
  0.6270261E+02  0.2651710E+01  0.2085478E+02  Si
  0.6218536E+02  0.3282241E-02  0.1876093E+01  Si
  0.6009808E+02  0.2689492E+01  0.2449772E+01  Si
  0.6131760E+02  0.1499162E+01  0.6174067E+00  Si
  0.6378353E+02  0.4009971E+01  0.8164758E+00  Si
  0.6366831E+02  0.1078451E+01  0.3373735E+01  Si
  0.6132593E+02  0.4336004E+01  0.3438281E+01  Si
  0.4353263E+02  0.5388175E+01  0.2108435E+02  Si
  0.4639258E+02  0.7814485E+01  0.2129604E+02  Si
  0.4620449E+02  0.5142435E+01  0.2241876E+01  Si
  0.4360061E+02  0.7753298E+01  0.2197787E+01  Si
  0.4491304E+02  0.6342609E+01  0.8832522E+00  Si
  0.4754010E+02  0.9309562E+01  0.7379085E+00  Si
  0.4771700E+02  0.6864916E+01  0.3335043E+01  Si
  0.4481878E+02  0.9206163E+01  0.3435458E+01  Si
  0.4902140E+02  0.5035483E+01  0.2118403E+02  Si
  0.5175882E+02  0.8029622E+01  0.2102266E+02  Si
  0.5139130E+02  0.5243048E+01  0.2266480E+01  Si
  0.4902794E+02  0.8150751E+01  0.2099324E+01  Si
  0.5033924E+02  0.6455432E+01  0.5874447E+00  Si
  0.5302574E+02  0.9088625E+01  0.6314995E+00  Si
  0.5278406E+02  0.6696121E+01  0.3588711E+01  Si
  0.5057132E+02  0.9359925E+01  0.3277816E+01  Si
  0.5463271E+02  0.5622523E+01  0.2118543E+02  Si
  0.5743866E+02  0.8053156E+01  0.2130980E+02  Si
  0.5699633E+02  0.5016343E+01  0.2092517E+01  Si
  0.5409399E+02  0.7972115E+01  0.2125183E+01  Si
  0.5609698E+02  0.6836975E+01  0.9428548E+00  Si
  0.5854254E+02  0.9448058E+01  0.6347634E+00  Si
  0.5848458E+02  0.6756539E+01  0.3263473E+01  Si
  0.5547798E+02  0.9382607E+01  0.3638362E+01  Si
  0.5988243E+02  0.5394704E+01  0.2103667E+02  Si
  0.6261424E+02  0.8209570E+01  0.2105601E+02  Si
  0.6263909E+02  0.5745835E+01  0.2021828E+01  Si
  0.5984998E+02  0.8051569E+01  0.1928853E+01  Si
  0.6131073E+02  0.6763269E+01  0.6405474E+00  Si
  0.6386926E+02  0.9866213E+01  0.8394742E+00  Si
  0.6358125E+02  0.6892412E+01  0.3531667E+01  Si
  0.6078361E+02  0.9789372E+01  0.3291234E+01  Si
  0.4355702E+02  0.1040114E+02  0.2127845E+02  Si
  0.4644065E+02  0.1364154E+02  0.2136858E+02  Si
  0.4620786E+02  0.1066453E+02  0.2079592E+01  Si
  0.4354442E+02  0.1354505E+02  0.2142069E+01  Si
  0.4484811E+02  0.1211545E+02  0.7152285E+00  Si
  0.4787376E+02  0.1488369E+02  0.7898946E+00  Si
  0.4732143E+02  0.1193995E+02  0.3528859E+01  Si
  0.4489954E+02  0.1477436E+02  0.3485757E+01  Si
  0.4887711E+02  0.1074238E+02  0.2147492E+02  Si
  0.5172685E+02  0.1333934E+02  0.2088811E+02  Si
  0.5186087E+02  0.1067317E+02  0.1946926E+01  Si
  0.4888247E+02  0.1343842E+02  0.2246936E+01  Si
  0.5031459E+02  0.1199789E+02  0.8751811E+00  Si
  0.5310800E+02  0.1449051E+02  0.5526724E+00  Si
  0.5290052E+02  0.1191652E+02  0.3710247E+01  Si
  0.5018456E+02  0.1490105E+02  0.3610751E+01  Si
  0.5422180E+02  0.1058379E+02  0.2090474E+02  Si
  0.5709984E+02  0.1349923E+02  0.2119642E+02  Si
  0.5692155E+02  0.1034613E+02  0.1915912E+01  Si
  0.5438151E+02  0.1324679E+02  0.2245177E+01  Si
  0.5560664E+02  0.1192110E+02  0.5361428E+00  Si
  0.5836198E+02  0.1485963E+02  0.7269366E+00  Si
  0.5800938E+02  0.1213109E+02  0.3319238E+01  Si
  0.5529978E+02  0.1517570E+02  0.3472454E+01  Si
  0.5995018E+02  0.1076384E+02  0.2101550E+02  Si
  0.6257390E+02  0.1344951E+02  0.2079311E+02  Si
  0.6230078E+02  0.1115858E+02  0.2194641E+01  Si
  0.5951484E+02  0.1358450E+02  0.1922518E+01  Si
  0.6101031E+02  0.1232652E+02  0.7919542E+00  Si
  0.6366454E+02  0.1461984E+02  0.5932852E+00  Si
  0.6394093E+02  0.1218906E+02  0.3654731E+01  Si
  0.6075510E+02  0.1492023E+02  0.3334303E+01  Si
  0.4364300E+02  0.1620748E+02  0.2107288E+02  Si
  0.4621078E+02  0.1884411E+02  0.2101803E+02  Si
  0.4616548E+02  0.1619298E+02  0.2005115E+01  Si
  0.4330932E+02  0.1900956E+02  0.2164514E+01  Si
  0.4481966E+02  0.1757324E+02  0.8379999E+00  Si
  0.4746539E+02  0.1998001E+02  0.8580076E+00  Si
  0.4732253E+02  0.1776791E+02  0.3488084E+01  Si
  0.4453082E+02  0.2032742E+02  0.3592042E+01  Si
  0.4902539E+02  0.1620694E+02  0.2115434E+02  Si
  0.5183413E+02  0.1890173E+02  0.2121846E+02  Si
  0.5190499E+02  0.1595866E+02  0.2152977E+01  Si
  0.4895196E+02  0.1873042E+02  0.2203817E+01  Si
  0.5056842E+02  0.1744931E+02  0.9053893E+00  Si
  0.5300501E+02  0.2029355E+02  0.1016593E+01  Si
  0.5302754E+02  0.1770988E+02  0.3468548E+01  Si
  0.5040586E+02  0.1987029E+02  0.3816837E+01  Si
  0.5466033E+02  0.1631596E+02  0.2119564E+02  Si
  0.5733271E+02  0.1907323E+02  0.2147339E+02  Si
  0.5704125E+02  0.1613962E+02  0.2286487E+01  Si
  0.5442052E+02  0.1934675E+02  0.2483975E+01  Si
  0.5581841E+02  0.1791117E+02  0.9617160E+00  Si
  0.5874645E+02  0.2048209E+02  0.1047759E+01  Si
  0.5821749E+02  0.1766433E+02  0.3602206E+01  Si
  0.5576198E+02  0.2059699E+02  0.3532288E+01  Si
  0.5978200E+02  0.1629555E+02  0.2130459E+02  Si
  0.6215691E+02  0.1896734E+02  0.2117392E+02  Si
  0.6232947E+02  0.1595565E+02  0.2153677E+01  Si
  0.5976680E+02  0.1885200E+02  0.2339311E+01  Si
  0.6106669E+02  0.1749314E+02  0.9185360E+00  Si
  0.6352488E+02  0.2025340E+02  0.8439226E+00  Si
  0.6355101E+02  0.1744264E+02  0.3556077E+01  Si
  0.6135104E+02  0.2016848E+02  0.3589611E+01  Si
  0.4364352E+02  0.2144848E+02  0.5300649E+01  Si
  0.4632374E+02  0.2471691E+01  0.4997800E+01  Si
  0.4642834E+02  0.2112050E+02  0.7861724E+01  Si
  0.4369384E+02  0.2291568E+01  0.7947527E+01  Si
  0.4522642E+02  0.9961492E+00  0.6629094E+01  Si
  0.4749092E+02  0.4048449E+01  0.6266223E+01  Si
  0.4775299E+02  0.7841865E+00  0.9176871E+01  Si
  0.4494873E+02  0.3656657E+01  0.9324945E+01  Si
  0.4891947E+02  0.2145515E+02  0.4907301E+01  Si
  0.5140913E+02  0.2291881E+01  0.5025749E+01  Si
  0.5177986E+02  0.2149092E+02  0.7422009E+01  Si
  0.4860945E+02  0.2450078E+01  0.7649085E+01  Si
  0.4995824E+02  0.9511119E+00  0.6412851E+01  Si
  0.5277090E+02  0.4007257E+01  0.6124993E+01  Si
  0.5284529E+02  0.1357331E+01  0.8898651E+01  Si
  0.5011230E+02  0.3751968E+01  0.8962621E+01  Si
  0.5416728E+02  0.2171019E+02  0.4968858E+01  Si
  0.5692370E+02  0.2787036E+01  0.4674921E+01  Si
  0.5687728E+02  0.3438117E-01  0.7745630E+01  Si
  0.5423432E+02  0.2704826E+01  0.7465826E+01  Si
  0.5582369E+02  0.1364904E+01  0.6235443E+01  Si
  0.5824472E+02  0.4098206E+01  0.5785761E+01  Si
  0.5846424E+02  0.1560801E+01  0.8865540E+01  Si
  0.5564811E+02  0.3996799E+01  0.8790008E+01  Si
  0.5964414E+02  0.2153785E+02  0.4739884E+01  Si
  0.6239349E+02  0.2705326E+01  0.4884083E+01  Si
  0.6249957E+02  0.2158933E+02  0.7488767E+01  Si
  0.5947102E+02  0.2575544E+01  0.6994696E+01  Si
  0.6120923E+02  0.1067793E+01  0.5997549E+01  Si
  0.6386456E+02  0.3746270E+01  0.6318512E+01  Si
  0.6367325E+02  0.1232984E+01  0.9053625E+01  Si
  0.6095596E+02  0.3744282E+01  0.8695173E+01  Si
  0.4365225E+02  0.5119809E+01  0.4871050E+01  Si
  0.4632606E+02  0.8025664E+01  0.4606495E+01  Si
  0.4595585E+02  0.5011153E+01  0.7987956E+01  Si
  0.4342009E+02  0.7771623E+01  0.7600142E+01  Si
  0.4512165E+02  0.6621719E+01  0.6313517E+01  Si
  0.4742582E+02  0.9299077E+01  0.5980353E+01  Si
  0.4721724E+02  0.6462384E+01  0.9207175E+01  Si
  0.4501029E+02  0.9251709E+01  0.8473047E+01  Si
  0.4904762E+02  0.5312919E+01  0.5025213E+01  Si
  0.5150709E+02  0.8068009E+01  0.5156745E+01  Si
  0.5152872E+02  0.5209458E+01  0.7866680E+01  Si
  0.4850335E+02  0.7902491E+01  0.7543992E+01  Si
  0.5014187E+02  0.6668636E+01  0.6583477E+01  Si
  0.5315079E+02  0.9079908E+01  0.6346652E+01  Si
  0.5289264E+02  0.6642649E+01  0.9193377E+01  Si
  0.5008972E+02  0.9224841E+01  0.8652006E+01  Si
  0.5419745E+02  0.5415347E+01  0.4964358E+01  Si
  0.5669925E+02  0.7647791E+01  0.4803945E+01  Si
  0.5702146E+02  0.5386038E+01  0.7209521E+01  Si
  0.5445330E+02  0.7925307E+01  0.7702454E+01  Si
  0.5560487E+02  0.6630603E+01  0.6201288E+01  Si
  0.5831476E+02  0.9217780E+01  0.6075133E+01  Si
  0.5824864E+02  0.6515977E+01  0.8825356E+01  Si
  0.5572670E+02  0.9248537E+01  0.8904465E+01  Si
  0.5983316E+02  0.5381211E+01  0.4787582E+01  Si
  0.6210954E+02  0.8401481E+01  0.5012153E+01  Si
  0.6226726E+02  0.5107168E+01  0.7324156E+01  Si
  0.5981145E+02  0.7994802E+01  0.7555082E+01  Si
  0.6112048E+02  0.6734719E+01  0.5959779E+01  Si
  0.6362830E+02  0.9655470E+01  0.6073176E+01  Si
  0.6363939E+02  0.6697891E+01  0.8479748E+01  Si
  0.6101286E+02  0.9445557E+01  0.8828373E+01  Si
  0.4340425E+02  0.1048906E+02  0.4852675E+01  Si
  0.4618704E+02  0.1345010E+02  0.4905676E+01  Si
  0.4625609E+02  0.1071907E+02  0.7510455E+01  Si
  0.4378217E+02  0.1346536E+02  0.7307168E+01  Si
  0.4474295E+02  0.1197350E+02  0.6066956E+01  Si
  0.4748497E+02  0.1475160E+02  0.6350120E+01  Si
  0.4772511E+02  0.1208938E+02  0.8914385E+01  Si
  0.4494970E+02  0.1472013E+02  0.9101855E+01  Si
  0.4901935E+02  0.1073421E+02  0.4688495E+01  Si
  0.5180675E+02  0.1361338E+02  0.4868906E+01  Si
  0.5149811E+02  0.1066673E+02  0.7507220E+01  Si
  0.4891534E+02  0.1343860E+02  0.7380983E+01  Si
  0.5032427E+02  0.1212558E+02  0.6065154E+01  Si
  0.5294152E+02  0.1483798E+02  0.6259300E+01  Si
  0.5280830E+02  0.1180058E+02  0.8935230E+01  Si
  0.5048859E+02  0.1457382E+02  0.8880976E+01  Si
  0.5432404E+02  0.1080747E+02  0.5152813E+01  Si
  0.5672631E+02  0.1344221E+02  0.4617602E+01  Si
  0.5711999E+02  0.1063113E+02  0.7682660E+01  Si
  0.5421205E+02  0.1345780E+02  0.7639512E+01  Si
  0.5571647E+02  0.1219878E+02  0.6343453E+01  Si
  0.5806809E+02  0.1465649E+02  0.6103213E+01  Si
  0.5836831E+02  0.1207196E+02  0.8909052E+01  Si
  0.5523450E+02  0.1463582E+02  0.8992587E+01  Si
  0.5941843E+02  0.1091000E+02  0.4779943E+01  Si
  0.6216769E+02  0.1367938E+02  0.4678840E+01  Si
  0.6230290E+02  0.1069602E+02  0.7476316E+01  Si
  0.5959896E+02  0.1332219E+02  0.7322590E+01  Si
  0.6099313E+02  0.1198645E+02  0.5977695E+01  Si
  0.6393807E+02  0.1482357E+02  0.5976616E+01  Si
  0.6357565E+02  0.1217551E+02  0.8841065E+01  Si
  0.6085262E+02  0.1462045E+02  0.8903989E+01  Si
  0.4331298E+02  0.1609101E+02  0.4642171E+01  Si
  0.4576835E+02  0.1885681E+02  0.4880186E+01  Si
  0.4638497E+02  0.1609531E+02  0.7638602E+01  Si
  0.4346233E+02  0.1875951E+02  0.7716555E+01  Si
  0.4476304E+02  0.1756007E+02  0.6395687E+01  Si
  0.4756411E+02  0.2022588E+02  0.5977859E+01  Si
  0.4779672E+02  0.1734230E+02  0.8874790E+01  Si
  0.4489850E+02  0.1989555E+02  0.9231887E+01  Si
  0.4847434E+02  0.1618343E+02  0.4735781E+01  Si
  0.5163054E+02  0.1864509E+02  0.5110162E+01  Si
  0.5178313E+02  0.1598358E+02  0.7762939E+01  Si
  0.4899763E+02  0.1863553E+02  0.7339143E+01  Si
  0.5024094E+02  0.1703986E+02  0.6254639E+01  Si
  0.5316445E+02  0.1993715E+02  0.6230088E+01  Si
  0.5309819E+02  0.1738564E+02  0.9228588E+01  Si
  0.5033920E+02  0.2007619E+02  0.8639987E+01  Si
  0.5413342E+02  0.1626086E+02  0.5128291E+01  Si
  0.5683158E+02  0.1912526E+02  0.4802573E+01  Si
  0.5694321E+02  0.1573966E+02  0.7816878E+01  Si
  0.5437909E+02  0.1845978E+02  0.7615168E+01  Si
  0.5595275E+02  0.1729702E+02  0.6202341E+01  Si
  0.5837842E+02  0.2034188E+02  0.6232648E+01  Si
  0.5835115E+02  0.1738188E+02  0.8775471E+01  Si
  0.5545684E+02  0.2010519E+02  0.8954667E+01  Si
  0.5946986E+02  0.1602220E+02  0.4726946E+01  Si
  0.6241244E+02  0.1857018E+02  0.5125521E+01  Si
  0.6243433E+02  0.1599443E+02  0.7480125E+01  Si
  0.5970832E+02  0.1876488E+02  0.7485069E+01  Si
  0.6077904E+02  0.1727675E+02  0.6218897E+01  Si
  0.6385319E+02  0.2037445E+02  0.6041872E+01  Si
  0.6398497E+02  0.1741963E+02  0.8699368E+01  Si
  0.6111145E+02  0.1990424E+02  0.8812772E+01  Si
  0.4357708E+02  0.2118658E+02  0.1080263E+02  Si
  0.4626465E+02  0.2191917E+01  0.1056726E+02  Si
  0.4653446E+02  0.2152214E+02  0.1302577E+02  Si
  0.4350295E+02  0.2495856E+01  0.1320180E+02  Si
  0.4482185E+02  0.1096757E+01  0.1202980E+02  Si
  0.4755959E+02  0.3748497E+01  0.1186045E+02  Si
  0.4786882E+02  0.1251614E+01  0.1436008E+02  Si
  0.4502797E+02  0.3880515E+01  0.1448104E+02  Si
  0.4935425E+02  0.2148096E+02  0.1033151E+02  Si
  0.5157430E+02  0.2582495E+01  0.1056603E+02  Si
  0.5176289E+02  0.2147179E+02  0.1299145E+02  Si
  0.4932834E+02  0.2873957E+01  0.1308705E+02  Si
  0.5037643E+02  0.1166898E+01  0.1181994E+02  Si
  0.5284610E+02  0.4077595E+01  0.1193774E+02  Si
  0.5285079E+02  0.1065358E+01  0.1432164E+02  Si
  0.5047100E+02  0.4012871E+01  0.1467255E+02  Si
  0.5426432E+02  0.2164613E+02  0.1006658E+02  Si
  0.5686324E+02  0.2313501E+01  0.9945115E+01  Si
  0.5688922E+02  0.6489508E-01  0.1298544E+02  Si
  0.5411889E+02  0.2390970E+01  0.1310287E+02  Si
  0.5549450E+02  0.1309113E+01  0.1153848E+02  Si
  0.5824026E+02  0.3665304E+01  0.1128440E+02  Si
  0.5844514E+02  0.1444987E+01  0.1436472E+02  Si
  0.5582594E+02  0.3628423E+01  0.1414573E+02  Si
  0.5986469E+02  0.2111016E-01  0.1002141E+02  Si
  0.6244609E+02  0.2746958E+01  0.1022957E+02  Si
  0.6219974E+02  0.2163608E+02  0.1292061E+02  Si
  0.5968632E+02  0.2493845E+01  0.1271069E+02  Si
  0.6113891E+02  0.1257839E+01  0.1134046E+02  Si
  0.6369192E+02  0.4290574E+01  0.1144229E+02  Si
  0.6363609E+02  0.1443049E+01  0.1412087E+02  Si
  0.6091494E+02  0.3885179E+01  0.1424483E+02  Si
  0.4350235E+02  0.5158144E+01  0.1050805E+02  Si
  0.4586179E+02  0.7982646E+01  0.1040637E+02  Si
  0.4630063E+02  0.5312219E+01  0.1311825E+02  Si
  0.4345873E+02  0.7428619E+01  0.1329083E+02  Si
  0.4487679E+02  0.6554639E+01  0.1178911E+02  Si
  0.4728289E+02  0.9412674E+01  0.1181496E+02  Si
  0.4739511E+02  0.6651109E+01  0.1450994E+02  Si
  0.4450180E+02  0.9005211E+01  0.1433739E+02  Si
  0.4877378E+02  0.5171250E+01  0.1029600E+02  Si
  0.5165521E+02  0.8220745E+01  0.1027632E+02  Si
  0.5136999E+02  0.5360149E+01  0.1309046E+02  Si
  0.4868843E+02  0.7847573E+01  0.1294564E+02  Si
  0.5012203E+02  0.6809084E+01  0.1145911E+02  Si
  0.5323465E+02  0.9501098E+01  0.1176212E+02  Si
  0.5320150E+02  0.6357480E+01  0.1423124E+02  Si
  0.5014557E+02  0.9206522E+01  0.1423045E+02  Si
  0.5430020E+02  0.5338157E+01  0.1037898E+02  Si
  0.5711896E+02  0.7799559E+01  0.1020054E+02  Si
  0.5695573E+02  0.5063102E+01  0.1262177E+02  Si
  0.5461315E+02  0.7780603E+01  0.1298651E+02  Si
  0.5562696E+02  0.6493076E+01  0.1140864E+02  Si
  0.5838718E+02  0.9452432E+01  0.1165827E+02  Si
  0.5808485E+02  0.6493949E+01  0.1444738E+02  Si
  0.5578533E+02  0.9227339E+01  0.1446318E+02  Si
  0.5963460E+02  0.5101020E+01  0.9987206E+01  Si
  0.6253482E+02  0.8024487E+01  0.1008325E+02  Si
  0.6233992E+02  0.5332152E+01  0.1310534E+02  Si
  0.5975352E+02  0.7597816E+01  0.1286609E+02  Si
  0.6132525E+02  0.6448198E+01  0.1130493E+02  Si
  0.6370668E+02  0.9379539E+01  0.1158865E+02  Si
  0.6380052E+02  0.6897777E+01  0.1430687E+02  Si
  0.6078762E+02  0.9397270E+01  0.1400728E+02  Si
  0.4352505E+02  0.1039843E+02  0.9939521E+01  Si
  0.4618654E+02  0.1309844E+02  0.1033215E+02  Si
  0.4586239E+02  0.1077765E+02  0.1313758E+02  Si
  0.4365738E+02  0.1309952E+02  0.1310810E+02  Si
  0.4444895E+02  0.1186690E+02  0.1153903E+02  Si
  0.4763045E+02  0.1417232E+02  0.1163779E+02  Si
  0.4759233E+02  0.1188817E+02  0.1447614E+02  Si
  0.4496556E+02  0.1428880E+02  0.1481875E+02  Si
  0.4879883E+02  0.1047760E+02  0.1028026E+02  Si
  0.5179748E+02  0.1334686E+02  0.1035640E+02  Si
  0.5157653E+02  0.1031892E+02  0.1274316E+02  Si
  0.4928273E+02  0.1315600E+02  0.1314484E+02  Si
  0.5030900E+02  0.1178463E+02  0.1142137E+02  Si
  0.5316909E+02  0.1456801E+02  0.1184262E+02  Si
  0.5284529E+02  0.1206275E+02  0.1420571E+02  Si
  0.5023593E+02  0.1470573E+02  0.1437475E+02  Si
  0.5440205E+02  0.1074185E+02  0.1019135E+02  Si
  0.5694767E+02  0.1341440E+02  0.1028214E+02  Si
  0.5690247E+02  0.1040731E+02  0.1338530E+02  Si
  0.5452982E+02  0.1336716E+02  0.1339270E+02  Si
  0.5567250E+02  0.1202878E+02  0.1190218E+02  Si
  0.5855161E+02  0.1498485E+02  0.1159717E+02  Si
  0.5816232E+02  0.1219904E+02  0.1447329E+02  Si
  0.5586683E+02  0.1497084E+02  0.1423339E+02  Si
  0.5963787E+02  0.1070633E+02  0.1022183E+02  Si
  0.6239831E+02  0.1350988E+02  0.1035940E+02  Si
  0.6221017E+02  0.1064040E+02  0.1278492E+02  Si
  0.5968488E+02  0.1345946E+02  0.1313109E+02  Si
  0.6095437E+02  0.1215073E+02  0.1172446E+02  Si
  0.6381299E+02  0.1495800E+02  0.1143616E+02  Si
  0.6348220E+02  0.1212159E+02  0.1413546E+02  Si
  0.6106461E+02  0.1486409E+02  0.1430334E+02  Si
  0.4383817E+02  0.1615741E+02  0.1042097E+02  Si
  0.4650368E+02  0.1885399E+02  0.1034483E+02  Si
  0.4612549E+02  0.1565773E+02  0.1303697E+02  Si
  0.4363311E+02  0.1860532E+02  0.1313931E+02  Si
  0.4521752E+02  0.1745556E+02  0.1179143E+02  Si
  0.4787524E+02  0.2003188E+02  0.1168584E+02  Si
  0.4748146E+02  0.1708230E+02  0.1448126E+02  Si
  0.4520466E+02  0.1994418E+02  0.1429834E+02  Si
  0.4890094E+02  0.1568510E+02  0.1030986E+02  Si
  0.5159640E+02  0.1887469E+02  0.1040968E+02  Si
  0.5151241E+02  0.1583591E+02  0.1302317E+02  Si
  0.4887430E+02  0.1865423E+02  0.1325647E+02  Si
  0.4999689E+02  0.1727883E+02  0.1162381E+02  Si
  0.5302696E+02  0.2035205E+02  0.1159260E+02  Si
  0.5282142E+02  0.1762775E+02  0.1429715E+02  Si
  0.5033504E+02  0.2032853E+02  0.1450765E+02  Si
  0.5432730E+02  0.1609867E+02  0.1058601E+02  Si
  0.5705321E+02  0.1868580E+02  0.1020197E+02  Si
  0.5713745E+02  0.1639354E+02  0.1307569E+02  Si
  0.5428784E+02  0.1913552E+02  0.1310347E+02  Si
  0.5574497E+02  0.1758345E+02  0.1185297E+02  Si
  0.5832937E+02  0.2045368E+02  0.1137125E+02  Si
  0.5848415E+02  0.1761292E+02  0.1437318E+02  Si
  0.5579681E+02  0.2034360E+02  0.1438446E+02  Si
  0.5983177E+02  0.1618684E+02  0.1025237E+02  Si
  0.6266796E+02  0.1875321E+02  0.1021641E+02  Si
  0.6259356E+02  0.1607154E+02  0.1285523E+02  Si
  0.5946422E+02  0.1869773E+02  0.1271763E+02  Si
  0.6125913E+02  0.1731575E+02  0.1148384E+02  Si
  0.6381949E+02  0.2034008E+02  0.1171432E+02  Si
  0.6314370E+02  0.1778954E+02  0.1419242E+02  Si
  0.6064342E+02  0.2051118E+02  0.1419251E+02  Si
  0.4367380E+02  0.2155688E+02  0.1579613E+02  Si
  0.4645079E+02  0.2534325E+01  0.1582273E+02  Si
  0.4650336E+02  0.2164089E+02  0.1838445E+02  Si
  0.4219356E+02  0.1219075E+01  0.1971493E+02  Si
  0.4496068E+02  0.1194397E+01  0.1715474E+02  Si
  0.4769941E+02  0.3892901E+01  0.1734283E+02  Si
  0.4757394E+02  0.1340581E+01  0.2009259E+02  Si
  0.4496111E+02  0.4107321E+01  0.1982161E+02  Si
  0.4903317E+02  0.2159819E+02  0.1594466E+02  Si
  0.5157312E+02  0.2349335E+01  0.1597782E+02  Si
  0.5184150E+02  0.2149560E+02  0.1866708E+02  Si
  0.4912624E+02  0.2668278E+01  0.1858985E+02  Si
  0.5031685E+02  0.1056093E+01  0.1751489E+02  Si
  0.5327391E+02  0.3830445E+01  0.1704240E+02  Si
  0.5314850E+02  0.1025419E+01  0.1991336E+02  Si
  0.5066883E+02  0.3939256E+01  0.1986761E+02  Si
  0.5441977E+02  0.1769586E+00  0.1588630E+02  Si
  0.5693612E+02  0.2687051E+01  0.1575745E+02  Si
  0.5709523E+02  0.1965005E+00  0.1846659E+02  Si
  0.5447733E+02  0.2588316E+01  0.1865539E+02  Si
  0.5563774E+02  0.1473783E+01  0.1719939E+02  Si
  0.5820465E+02  0.4151080E+01  0.1728917E+02  Si
  0.5860471E+02  0.1326809E+01  0.1987600E+02  Si
  0.5581782E+02  0.3911450E+01  0.1994316E+02  Si
  0.5977176E+02  0.1571418E+00  0.1589621E+02  Si
  0.6237950E+02  0.2697912E+01  0.1570777E+02  Si
  0.6248746E+02  0.2159202E+02  0.1848772E+02  Si
  0.5957386E+02  0.2987762E+01  0.1859325E+02  Si
  0.6111825E+02  0.1718825E+01  0.1733550E+02  Si
  0.6378080E+02  0.4308153E+01  0.1674929E+02  Si
  0.6409109E+02  0.1060904E+01  0.1968748E+02  Si
  0.6102555E+02  0.4080082E+01  0.1986690E+02  Si
  0.4346265E+02  0.5323167E+01  0.1592453E+02  Si
  0.4595877E+02  0.7794496E+01  0.1569686E+02  Si
  0.4619803E+02  0.5134468E+01  0.1842616E+02  Si
  0.4358923E+02  0.8110607E+01  0.1842880E+02  Si
  0.4481532E+02  0.6590911E+01  0.1718029E+02  Si
  0.4719068E+02  0.9326732E+01  0.1712045E+02  Si
  0.4766065E+02  0.6663423E+01  0.1967296E+02  Si
  0.4517577E+02  0.9160570E+01  0.1991059E+02  Si
  0.4892096E+02  0.5407262E+01  0.1591087E+02  Si
  0.5179038E+02  0.7804282E+01  0.1559874E+02  Si
  0.5169659E+02  0.5257824E+01  0.1830676E+02  Si
  0.4882427E+02  0.8434685E+01  0.1840814E+02  Si
  0.5025063E+02  0.6869792E+01  0.1705318E+02  Si
  0.5296089E+02  0.9136459E+01  0.1695080E+02  Si
  0.5303501E+02  0.6669910E+01  0.1980429E+02  Si
  0.5018267E+02  0.9399879E+01  0.1999354E+02  Si
  0.5457174E+02  0.5092358E+01  0.1580165E+02  Si
  0.5707925E+02  0.8023169E+01  0.1583324E+02  Si
  0.5693698E+02  0.5363020E+01  0.1851807E+02  Si
  0.5448708E+02  0.7896897E+01  0.1840196E+02  Si
  0.5573432E+02  0.6620813E+01  0.1719215E+02  Si
  0.5839543E+02  0.9649720E+01  0.1697081E+02  Si
  0.5841742E+02  0.6645278E+01  0.1982980E+02  Si
  0.5584160E+02  0.9327371E+01  0.1986290E+02  Si
  0.5961062E+02  0.5364601E+01  0.1575951E+02  Si
  0.6232804E+02  0.8181171E+01  0.1537034E+02  Si
  0.6231518E+02  0.5351298E+01  0.1844030E+02  Si
  0.5973898E+02  0.8047728E+01  0.1814971E+02  Si
  0.6114466E+02  0.6912170E+01  0.1689701E+02  Si
  0.6368678E+02  0.9519055E+01  0.1684104E+02  Si
  0.6379807E+02  0.6872027E+01  0.1955497E+02  Si
  0.6107436E+02  0.9275365E+01  0.1975300E+02  Si
  0.4369458E+02  0.1052249E+02  0.1594953E+02  Si
  0.4642804E+02  0.1324064E+02  0.1621824E+02  Si
  0.4617951E+02  0.1082283E+02  0.1846606E+02  Si
  0.4230662E+02  0.1482197E+02  0.1732389E+02  Si
  0.4474285E+02  0.1194156E+02  0.1738471E+02  Si
  0.4784756E+02  0.1465876E+02  0.1737672E+02  Si
  0.4758465E+02  0.1206559E+02  0.1992278E+02  Si
  0.4500514E+02  0.1480138E+02  0.2010520E+02  Si
  0.4886874E+02  0.1047934E+02  0.1582440E+02  Si
  0.5163867E+02  0.1332393E+02  0.1569127E+02  Si
  0.5157884E+02  0.1057551E+02  0.1838166E+02  Si
  0.4908279E+02  0.1307529E+02  0.1852295E+02  Si
  0.5031478E+02  0.1201012E+02  0.1680069E+02  Si
  0.5299716E+02  0.1486519E+02  0.1711463E+02  Si
  0.5297223E+02  0.1210384E+02  0.1961621E+02  Si
  0.5032910E+02  0.1477379E+02  0.1958096E+02  Si
  0.5426682E+02  0.1067304E+02  0.1562266E+02  Si
  0.5709702E+02  0.1358637E+02  0.1575150E+02  Si
  0.5707768E+02  0.1091314E+02  0.1853493E+02  Si
  0.5426517E+02  0.1347902E+02  0.1823330E+02  Si
  0.5585041E+02  0.1207893E+02  0.1690101E+02  Si
  0.5868819E+02  0.1505244E+02  0.1693338E+02  Si
  0.5836180E+02  0.1213109E+02  0.1977937E+02  Si
  0.5563716E+02  0.1479016E+02  0.1982321E+02  Si
  0.5960292E+02  0.1059028E+02  0.1555291E+02  Si
  0.6242084E+02  0.1334113E+02  0.1550185E+02  Si
  0.6225208E+02  0.1074644E+02  0.1834728E+02  Si
  0.5962825E+02  0.1334124E+02  0.1827415E+02  Si
  0.6101795E+02  0.1197698E+02  0.1698441E+02  Si
  0.6349050E+02  0.1493753E+02  0.1697322E+02  Si
  0.6383731E+02  0.1205810E+02  0.1938265E+02  Si
  0.6098181E+02  0.1486353E+02  0.1980552E+02  Si
  0.4367369E+02  0.1581833E+02  0.1580248E+02  Si
  0.4618607E+02  0.1857709E+02  0.1577652E+02  Si
  0.4617675E+02  0.1612432E+02  0.1849879E+02  Si
  0.4345407E+02  0.1889845E+02  0.1858273E+02  Si
  0.4460302E+02  0.1746386E+02  0.1704734E+02  Si
  0.4747773E+02  0.2027189E+02  0.1710837E+02  Si
  0.4756968E+02  0.1747739E+02  0.1962982E+02  Si
  0.4493503E+02  0.2025087E+02  0.1993091E+02  Si
  0.4900866E+02  0.1610856E+02  0.1582911E+02  Si
  0.5173760E+02  0.1896908E+02  0.1573895E+02  Si
  0.5169918E+02  0.1621544E+02  0.1824060E+02  Si
  0.4891916E+02  0.1898873E+02  0.1853477E+02  Si
  0.5045253E+02  0.1768971E+02  0.1708529E+02  Si
  0.5323906E+02  0.2035238E+02  0.1717014E+02  Si
  0.5308293E+02  0.1753326E+02  0.1982910E+02  Si
  0.5025360E+02  0.2040948E+02  0.1994682E+02  Si
  0.5438696E+02  0.1633097E+02  0.1564259E+02  Si
  0.5726028E+02  0.1910034E+02  0.1560754E+02  Si
  0.5708250E+02  0.1626936E+02  0.1852544E+02  Si
  0.5453037E+02  0.1899782E+02  0.1840546E+02  Si
  0.5578772E+02  0.1763038E+02  0.1688655E+02  Si
  0.5838348E+02  0.2048561E+02  0.1702906E+02  Si
  0.5843512E+02  0.1768470E+02  0.1988699E+02  Si
  0.5597179E+02  0.2021100E+02  0.1975712E+02  Si
  0.6020331E+02  0.1627677E+02  0.1564103E+02  Si
  0.6228004E+02  0.1940555E+02  0.1568287E+02  Si
  0.6218724E+02  0.1632364E+02  0.1848401E+02  Si
  0.5979341E+02  0.1912661E+02  0.1867107E+02  Si
  0.6116825E+02  0.1800340E+02  0.1724272E+02  Si
  0.6386243E+02  0.2046361E+02  0.1728775E+02  Si
  0.6350959E+02  0.1778011E+02  0.1984376E+02  Si
  0.6125069E+02  0.2049117E+02  0.1982664E+02  Si
