         
  0.6515772E+02  0.0000000E+00  0.2171924E+02
  0.0000000E+00  0.0000000E+00  0.2171924E+02
  0.6501571E+02  0.2110574E+02  0.2134612E+02  Si
  0.2669541E+01  0.2279483E+01  0.2096684E+02  Si
  0.2580013E+01  0.2170056E+02  0.2238314E+01  Si
  0.9320978E-01  0.2256815E+01  0.2145719E+01  Si
  0.1134860E+01  0.9624374E+00  0.5863710E+00  Si
  0.3975561E+01  0.3803218E+01  0.5430607E+00  Si
  0.4001476E+01  0.1169478E+01  0.3584714E+01  Si
  0.1337747E+01  0.3685872E+01  0.3551332E+01  Si
  0.5261554E+01  0.2146256E+02  0.2121653E+02  Si
  0.8334093E+01  0.2364027E+01  0.2100867E+02  Si
  0.8166468E+01  0.2149824E+02  0.2059862E+01  Si
  0.5301555E+01  0.2422679E+01  0.1970589E+01  Si
  0.6924633E+01  0.1169797E+01  0.6724939E+00  Si
  0.9533065E+01  0.3780547E+01  0.5538374E+00  Si
  0.9546217E+01  0.1058898E+01  0.3560172E+01  Si
  0.6564551E+01  0.3434288E+01  0.3527038E+01  Si
  0.1094086E+02  0.2119944E+02  0.2112093E+02  Si
  0.1344325E+02  0.2178445E+01  0.2108539E+02  Si
  0.1368349E+02  0.2145947E+02  0.2175141E+01  Si
  0.1078636E+02  0.2384992E+01  0.2094182E+01  Si
  0.1221833E+02  0.9691785E+00  0.9054978E+00  Si
  0.1506684E+02  0.3145938E+01  0.1046463E+01  Si
  0.1495804E+02  0.8160915E+00  0.3799698E+01  Si
  0.1219162E+02  0.3669820E+01  0.3555948E+01  Si
  0.1656961E+02  0.2138305E+02  0.2171059E+02  Si
  0.1926636E+02  0.1652886E+01  0.2164537E+02  Si
  0.1963629E+02  0.2074779E+02  0.2914237E+01  Si
  0.1642883E+02  0.2064755E+01  0.2665515E+01  Si
  0.1807623E+02  0.6265446E+00  0.1529938E+01  Si
  0.2451165E+02  0.1091729E+01  0.9877363E+00  Si
  0.2160186E+02  0.2356030E+01  0.2764153E+01  Si
  0.1773627E+02  0.3706573E+01  0.3647499E+01  Si
  0.9482838E-02  0.5255476E+01  0.2097823E+02  Si
  0.2724717E+01  0.7685547E+01  0.2116997E+02  Si
  0.2847816E+01  0.4902824E+01  0.2266709E+01  Si
  0.6974262E-01  0.7710451E+01  0.2043109E+01  Si
  0.1356746E+01  0.6257103E+01  0.9520366E+00  Si
  0.3974896E+01  0.9196850E+01  0.1046911E+01  Si
  0.4137604E+01  0.6335119E+01  0.3698012E+01  Si
  0.1210768E+01  0.8976741E+01  0.3807699E+01  Si
  0.5591295E+01  0.5248613E+01  0.2121151E+02  Si
  0.8107602E+01  0.7737723E+01  0.2147461E+02  Si
  0.8161827E+01  0.4833967E+01  0.2218976E+01  Si
  0.5323113E+01  0.7762162E+01  0.2403315E+01  Si
  0.6839953E+01  0.6366193E+01  0.1141818E+01  Si
  0.9329151E+01  0.9387539E+01  0.1024202E+01  Si
  0.9341857E+01  0.6495595E+01  0.3654375E+01  Si
  0.6520276E+01  0.8923767E+01  0.3618945E+01  Si
  0.1127238E+02  0.5245095E+01  0.2130084E+02  Si
  0.1385032E+02  0.7424291E+01  0.2121263E+02  Si
  0.1394922E+02  0.4748860E+01  0.2083450E+01  Si
  0.1061137E+02  0.7769658E+01  0.2327464E+01  Si
  0.1220937E+02  0.6354355E+01  0.1217275E+01  Si
  0.1460936E+02  0.9368448E+01  0.1121614E+01  Si
  0.1491838E+02  0.6132618E+01  0.3682571E+01  Si
  0.1220484E+02  0.8976232E+01  0.3659015E+01  Si
  0.1643384E+02  0.4854837E+01  0.2139946E+02  Si
  0.1885361E+02  0.7580103E+01  0.2113597E+02  Si
  0.1904086E+02  0.5195029E+01  0.2318306E+01  Si
  0.1620314E+02  0.7625371E+01  0.2278123E+01  Si
  0.1764154E+02  0.6530380E+01  0.9866058E+00  Si
  0.2065309E+02  0.8845998E+01  0.5751396E+00  Si
  0.2465984E+02  0.1304668E+01  0.1073234E+02  Si
  0.1774222E+02  0.8778376E+01  0.3685428E+01  Si
  0.2994438E+00  0.1059147E+02  0.2118175E+02  Si
  0.2613684E+01  0.1326202E+02  0.2132919E+02  Si
  0.2471854E+01  0.1031228E+02  0.2386734E+01  Si
  0.7905456E-01  0.1344177E+02  0.2216161E+01  Si
  0.1456041E+01  0.1194943E+02  0.9967504E+00  Si
  0.4120973E+01  0.1460739E+02  0.1153194E+01  Si
  0.3827452E+01  0.1184008E+02  0.3555678E+01  Si
  0.1422485E+01  0.1471362E+02  0.3640954E+01  Si
  0.5296153E+01  0.1048974E+02  0.2146187E+02  Si
  0.7978521E+01  0.1332954E+02  0.2117626E+02  Si
  0.7860217E+01  0.1049981E+02  0.2460288E+01  Si
  0.5382713E+01  0.1324460E+02  0.2396583E+01  Si
  0.6629958E+01  0.1196569E+02  0.8908533E+00  Si
  0.9246904E+01  0.1457713E+02  0.1072235E+01  Si
  0.9280985E+01  0.1169294E+02  0.3851269E+01  Si
  0.6915312E+01  0.1460041E+02  0.3940148E+01  Si
  0.1081847E+02  0.1061671E+02  0.2134556E+02  Si
  0.1346603E+02  0.1324966E+02  0.2155808E+02  Si
  0.1329898E+02  0.1049636E+02  0.2692129E+01  Si
  0.1051494E+02  0.1326889E+02  0.2569584E+01  Si
  0.1194717E+02  0.1194758E+02  0.1163249E+01  Si
  0.1481463E+02  0.1430419E+02  0.1200603E+01  Si
  0.1474429E+02  0.1163723E+02  0.4135285E+01  Si
  0.1194204E+02  0.1439767E+02  0.3779664E+01  Si
  0.1620847E+02  0.1076231E+02  0.1391029E+00  Si
  0.1854329E+02  0.1349267E+02  0.1376405E+00  Si
  0.1998624E+02  0.9921339E+01  0.3510878E+01  Si
  0.1580575E+02  0.1284136E+02  0.2491872E+01  Si
  0.1765104E+02  0.1203879E+02  0.1613934E+01  Si
  0.2196053E+02  0.1417188E+02  0.2211007E+01  Si
  0.2143223E+02  0.1416167E+02  0.7653279E+01  Si
  0.1746113E+02  0.1423445E+02  0.3658519E+01  Si
  0.2275305E+00  0.1596751E+02  0.2122813E+02  Si
  0.2748836E+01  0.1881798E+02  0.2135354E+02  Si
  0.2817155E+01  0.1602261E+02  0.2611185E+01  Si
  0.2880217E+00  0.1871442E+02  0.2394154E+01  Si
  0.1507161E+01  0.1729167E+02  0.1108089E+01  Si
  0.4198649E+01  0.2025929E+02  0.1032652E+01  Si
  0.4126770E+01  0.1728361E+02  0.4005223E+01  Si
  0.1659768E+01  0.2014419E+02  0.3635466E+01  Si
  0.5086527E+01  0.1610956E+02  0.2150674E+02  Si
  0.8316110E+01  0.1838541E+02  0.2154782E+02  Si
  0.8198603E+01  0.1608761E+02  0.2665886E+01  Si
  0.5217354E+01  0.1885517E+02  0.2640442E+01  Si
  0.6621530E+01  0.1734832E+02  0.1278745E+01  Si
  0.9617201E+01  0.1997681E+02  0.9912720E+00  Si
  0.9637985E+01  0.1716038E+02  0.3699167E+01  Si
  0.6982744E+01  0.2011350E+02  0.3629671E+01  Si
  0.1065527E+02  0.1580956E+02  0.2162323E+02  Si
  0.1347536E+02  0.1868227E+02  0.2138547E+02  Si
  0.1341371E+02  0.1561617E+02  0.2440254E+01  Si
  0.1101805E+02  0.1856135E+02  0.2396251E+01  Si
  0.1222247E+02  0.1727038E+02  0.9693361E+00  Si
  0.1479433E+02  0.2012596E+02  0.9601970E+00  Si
  0.1493007E+02  0.1700010E+02  0.3710748E+01  Si
  0.1231753E+02  0.2001491E+02  0.3969438E+01  Si
  0.1620755E+02  0.1557116E+02  0.2157535E+02  Si
  0.1852233E+02  0.1882241E+02  0.2150741E+02  Si
  0.1869900E+02  0.1580509E+02  0.2499754E+01  Si
  0.1600243E+02  0.1855168E+02  0.2392429E+01  Si
  0.1721764E+02  0.1734038E+02  0.1162928E+01  Si
  0.2056147E+02  0.1951884E+02  0.1067599E+01  Si
  0.2010647E+02  0.1647945E+02  0.4024251E+01  Si
  0.1749401E+02  0.1973707E+02  0.3656279E+01  Si
  0.1164435E+00  0.2120274E+02  0.5124686E+01  Si
  0.2695077E+01  0.2364259E+01  0.5052032E+01  Si
  0.2869893E+01  0.2126980E+02  0.7917891E+01  Si
  0.6500382E+02  0.2438908E+01  0.7772975E+01  Si
  0.1419716E+01  0.9170905E+00  0.6556102E+01  Si
  0.4310696E+01  0.3617142E+01  0.6407993E+01  Si
  0.4228526E+01  0.8494757E+00  0.9156006E+01  Si
  0.1418103E+01  0.3929658E+01  0.8847437E+01  Si
  0.5415472E+01  0.2127839E+02  0.4956790E+01  Si
  0.8242384E+01  0.2144341E+01  0.4832170E+01  Si
  0.8067353E+01  0.2119794E+02  0.7815306E+01  Si
  0.5499594E+01  0.2275736E+01  0.7684149E+01  Si
  0.6876905E+01  0.8645239E+00  0.6290326E+01  Si
  0.9438133E+01  0.3603362E+01  0.6284764E+01  Si
  0.9267719E+01  0.1125649E+01  0.9198985E+01  Si
  0.6804623E+01  0.3821970E+01  0.9027880E+01  Si
  0.1073274E+02  0.2134212E+02  0.5026325E+01  Si
  0.1340354E+02  0.2147960E+01  0.4958497E+01  Si
  0.1337126E+02  0.2115985E+02  0.7777010E+01  Si
  0.1075944E+02  0.2182327E+01  0.7760181E+01  Si
  0.1213310E+02  0.9633922E+00  0.6410719E+01  Si
  0.1477650E+02  0.3618590E+01  0.6368000E+01  Si
  0.1489450E+02  0.7356448E+00  0.9087730E+01  Si
  0.1195900E+02  0.3744206E+01  0.9331622E+01  Si
  0.1619550E+02  0.2122537E+02  0.5171636E+01  Si
  0.1905314E+02  0.2220161E+01  0.5158250E+01  Si
  0.1890828E+02  0.2142098E+02  0.8095776E+01  Si
  0.1631182E+02  0.2124632E+01  0.7733588E+01  Si
  0.1758306E+02  0.8794499E+00  0.6556762E+01  Si
  0.2346246E+02  0.6586684E+00  0.1759754E+02  Si
  0.3029398E+02  0.4742251E+01  0.5818368E+01  Si
  0.1762791E+02  0.3353511E+01  0.9063847E+01  Si
  0.3090733E-02  0.4870031E+01  0.4848319E+01  Si
  0.2622110E+01  0.7461697E+01  0.5039020E+01  Si
  0.2940625E+01  0.5071855E+01  0.7737668E+01  Si
  0.6511963E+02  0.7838978E+01  0.7704683E+01  Si
  0.1402212E+01  0.6198143E+01  0.6343556E+01  Si
  0.3877839E+01  0.8824340E+01  0.6459850E+01  Si
  0.4097910E+01  0.6283813E+01  0.9053786E+01  Si
  0.1077749E+01  0.9185297E+01  0.8978725E+01  Si
  0.5423518E+01  0.4864242E+01  0.4976672E+01  Si
  0.7923184E+01  0.7697879E+01  0.5004451E+01  Si
  0.8196701E+01  0.5005252E+01  0.7845055E+01  Si
  0.5610722E+01  0.7745297E+01  0.7641100E+01  Si
  0.6818650E+01  0.6280932E+01  0.6434345E+01  Si
  0.9510846E+01  0.8920311E+01  0.6468279E+01  Si
  0.9284144E+01  0.6355593E+01  0.9331452E+01  Si
  0.6778909E+01  0.9189354E+01  0.9141149E+01  Si
  0.1094127E+02  0.5261320E+01  0.4971687E+01  Si
  0.1360411E+02  0.7606909E+01  0.5066574E+01  Si
  0.1343085E+02  0.4966728E+01  0.7856151E+01  Si
  0.1086090E+02  0.7481545E+01  0.7864810E+01  Si
  0.1218453E+02  0.6309289E+01  0.6399720E+01  Si
  0.1481484E+02  0.9042475E+01  0.6522851E+01  Si
  0.1483830E+02  0.6314149E+01  0.9115932E+01  Si
  0.1206846E+02  0.8902424E+01  0.9064028E+01  Si
  0.1623788E+02  0.4829287E+01  0.5138144E+01  Si
  0.1889577E+02  0.7231489E+01  0.5419116E+01  Si
  0.2044540E+02  0.3746443E+01  0.6255620E+01  Si
  0.1615823E+02  0.7650197E+01  0.7971707E+01  Si
  0.1742608E+02  0.6210599E+01  0.6687125E+01  Si
  0.2040923E+02  0.6131209E+01  0.4035724E+01  Si
  0.2041134E+02  0.5884261E+01  0.9134714E+01  Si
  0.1787868E+02  0.8831725E+01  0.9134181E+01  Si
  0.6511360E+02  0.1049135E+02  0.5015070E+01  Si
  0.2415679E+01  0.1305105E+02  0.4861826E+01  Si
  0.2709163E+01  0.1065296E+02  0.7703641E+01  Si
  0.6489188E+02  0.1342036E+02  0.7657900E+01  Si
  0.1175887E+01  0.1196081E+02  0.6409713E+01  Si
  0.3775057E+01  0.1449181E+02  0.6243476E+01  Si
  0.4192437E+01  0.1176043E+02  0.9201805E+01  Si
  0.1157012E+01  0.1453193E+02  0.9025169E+01  Si
  0.5023191E+01  0.1030557E+02  0.4981394E+01  Si
  0.7926098E+01  0.1264421E+02  0.5359169E+01  Si
  0.8168468E+01  0.1039097E+02  0.7823323E+01  Si
  0.5102728E+01  0.1298938E+02  0.7715725E+01  Si
  0.6301457E+01  0.1130319E+02  0.6646547E+01  Si
  0.9559458E+01  0.1434416E+02  0.6287547E+01  Si
  0.9537446E+01  0.1175986E+02  0.8974899E+01  Si
  0.6692248E+01  0.1416633E+02  0.9030822E+01  Si
  0.1082431E+02  0.1023217E+02  0.4970485E+01  Si
  0.1356451E+02  0.1325956E+02  0.5148303E+01  Si
  0.1362249E+02  0.1034989E+02  0.7870865E+01  Si
  0.1097334E+02  0.1304267E+02  0.7652066E+01  Si
  0.1232125E+02  0.1159892E+02  0.6455536E+01  Si
  0.1509290E+02  0.1444892E+02  0.6324660E+01  Si
  0.1504891E+02  0.1173811E+02  0.9035603E+01  Si
  0.1210903E+02  0.1417840E+02  0.9088904E+01  Si
  0.1648828E+02  0.1006318E+02  0.4917410E+01  Si
  0.2077255E+02  0.1222536E+02  0.3260501E+01  Si
  0.1894877E+02  0.1058969E+02  0.7835459E+01  Si
  0.1662935E+02  0.1307996E+02  0.7634209E+01  Si
  0.1784690E+02  0.1190377E+02  0.6047285E+01  Si
  0.2194024E+02  0.1821974E+02  0.3939680E+01  Si
  0.2281173E+02  0.8341576E+01  0.4017138E+01  Si
  0.1742702E+02  0.1485981E+02  0.8999503E+01  Si
  0.9093060E-01  0.1616545E+02  0.4851519E+01  Si
  0.2779603E+01  0.1878606E+02  0.5171969E+01  Si
  0.2470984E+01  0.1573964E+02  0.7724862E+01  Si
  0.6505540E+02  0.1885678E+02  0.7491097E+01  Si
  0.1289764E+01  0.1744900E+02  0.6440960E+01  Si
  0.4007693E+01  0.1988670E+02  0.6428498E+01  Si
  0.3864295E+01  0.1711518E+02  0.9018034E+01  Si
  0.1122502E+01  0.2001250E+02  0.8968255E+01  Si
  0.5317073E+01  0.1583904E+02  0.5065451E+01  Si
  0.8094879E+01  0.1851102E+02  0.5014519E+01  Si
  0.8126293E+01  0.1584872E+02  0.7718081E+01  Si
  0.5410378E+01  0.1846897E+02  0.7902375E+01  Si
  0.6619730E+01  0.1737414E+02  0.6358930E+01  Si
  0.9321618E+01  0.1986545E+02  0.6447393E+01  Si
  0.9740868E+01  0.1713278E+02  0.9051120E+01  Si
  0.6902600E+01  0.1976643E+02  0.9159372E+01  Si
  0.1083184E+02  0.1607730E+02  0.5166963E+01  Si
  0.1350552E+02  0.1841469E+02  0.5112811E+01  Si
  0.1356587E+02  0.1564545E+02  0.8027149E+01  Si
  0.1074479E+02  0.1863432E+02  0.7805222E+01  Si
  0.1235424E+02  0.1725699E+02  0.6653829E+01  Si
  0.1472077E+02  0.1990224E+02  0.6438757E+01  Si
  0.1482328E+02  0.1725637E+02  0.9245925E+01  Si
  0.1219168E+02  0.1978053E+02  0.9205000E+01  Si
  0.1641348E+02  0.1611290E+02  0.5049009E+01  Si
  0.2345988E+02  0.1854975E+02  0.5760750E+01  Si
  0.1910960E+02  0.1609272E+02  0.7548762E+01  Si
  0.1610279E+02  0.1878984E+02  0.7999651E+01  Si
  0.1755391E+02  0.1748280E+02  0.6578818E+01  Si
  0.2407558E+02  0.1401165E+02  0.7264940E+01  Si
  0.2165759E+02  0.1911325E+02  0.8060478E+01  Si
  0.1760120E+02  0.1992318E+02  0.9203812E+01  Si
  0.2037345E-01  0.2158594E+02  0.1046981E+02  Si
  0.2657061E+01  0.2346543E+01  0.1010219E+02  Si
  0.2734213E+01  0.2137308E+02  0.1318941E+02  Si
  0.3999509E+00  0.2417608E+01  0.1320238E+02  Si
  0.1599560E+01  0.9631697E+00  0.1179973E+02  Si
  0.4096339E+01  0.3487013E+01  0.1162830E+02  Si
  0.4238984E+01  0.9037706E+00  0.1443205E+02  Si
  0.1642030E+01  0.3703338E+01  0.1459715E+02  Si
  0.5614625E+01  0.2109583E+02  0.1051984E+02  Si
  0.8102926E+01  0.2604576E+01  0.1060555E+02  Si
  0.8159421E+01  0.2130055E+02  0.1319584E+02  Si
  0.5571421E+01  0.2275181E+01  0.1326661E+02  Si
  0.6911869E+01  0.1043887E+01  0.1177205E+02  Si
  0.9417771E+01  0.3668314E+01  0.1217275E+02  Si
  0.9556690E+01  0.7891884E+00  0.1455954E+02  Si
  0.6891036E+01  0.3552784E+01  0.1459252E+02  Si
  0.1069451E+02  0.2105103E+02  0.1048301E+02  Si
  0.1340521E+02  0.1953821E+01  0.1038246E+02  Si
  0.1362460E+02  0.2105704E+02  0.1327320E+02  Si
  0.1075179E+02  0.1985490E+01  0.1331447E+02  Si
  0.1210758E+02  0.6536953E+00  0.1181868E+02  Si
  0.1455419E+02  0.3337459E+01  0.1198787E+02  Si
  0.1496771E+02  0.7754746E+00  0.1469295E+02  Si
  0.1205908E+02  0.3352919E+01  0.1472191E+02  Si
  0.1622487E+02  0.2143008E+02  0.1051524E+02  Si
  0.2042368E+02  0.1204850E+01  0.9184295E+01  Si
  0.2596873E+02  0.2017416E+02  0.1765474E+02  Si
  0.1631739E+02  0.2155110E+01  0.1320872E+02  Si
  0.1781450E+02  0.7338223E+00  0.1181838E+02  Si
  0.1907868E+02  0.2221439E+01  0.1054843E+02  Si
  0.2020620E+02  0.3400447E+01  0.1207605E+02  Si
  0.1752072E+02  0.3354802E+01  0.1481757E+02  Si
  0.4728698E-01  0.5263455E+01  0.1043336E+02  Si
  0.2548529E+01  0.7745293E+01  0.1054990E+02  Si
  0.3061429E+01  0.5080871E+01  0.1320831E+02  Si
  0.3419437E+00  0.7931003E+01  0.1340080E+02  Si
  0.1429826E+01  0.6358234E+01  0.1197942E+02  Si
  0.4199197E+01  0.9064591E+01  0.1159305E+02  Si
  0.4185933E+01  0.6500957E+01  0.1459594E+02  Si
  0.1698748E+01  0.9094284E+01  0.1482142E+02  Si
  0.5179103E+01  0.5129703E+01  0.1039096E+02  Si
  0.8101142E+01  0.7756037E+01  0.1065959E+02  Si
  0.7950562E+01  0.4986173E+01  0.1338430E+02  Si
  0.5370238E+01  0.7876525E+01  0.1310198E+02  Si
  0.6595298E+01  0.6281997E+01  0.1212416E+02  Si
  0.9718708E+01  0.8924734E+01  0.1198712E+02  Si
  0.9512137E+01  0.6327469E+01  0.1443913E+02  Si
  0.6866181E+01  0.9147914E+01  0.1462613E+02  Si
  0.1079027E+02  0.4987360E+01  0.1083008E+02  Si
  0.1345945E+02  0.7653036E+01  0.1063245E+02  Si
  0.1339830E+02  0.4726600E+01  0.1351220E+02  Si
  0.1105647E+02  0.7672202E+01  0.1330381E+02  Si
  0.1247881E+02  0.6190177E+01  0.1213474E+02  Si
  0.1499097E+02  0.8856295E+01  0.1193643E+02  Si
  0.1490728E+02  0.6354101E+01  0.1456517E+02  Si
  0.1221218E+02  0.8947118E+01  0.1482048E+02  Si
  0.1619792E+02  0.4694980E+01  0.1048596E+02  Si
  0.1908561E+02  0.7313394E+01  0.1045829E+02  Si
  0.1879677E+02  0.4851679E+01  0.1355413E+02  Si
  0.1646406E+02  0.7579030E+01  0.1306503E+02  Si
  0.1755569E+02  0.6242281E+01  0.1178200E+02  Si
  0.2620945E+02  0.2487378E+01  0.1788163E+02  Si
  0.1996771E+02  0.6204669E+01  0.1501859E+02  Si
  0.1749661E+02  0.8621363E+01  0.1509842E+02  Si
  0.1249372E-01  0.1043502E+02  0.1063585E+02  Si
  0.2668592E+01  0.1315138E+02  0.1024423E+02  Si
  0.2966221E+01  0.1037512E+02  0.1316293E+02  Si
  0.6514565E+02  0.1325537E+02  0.1305117E+02  Si
  0.1610898E+01  0.1174765E+02  0.1181339E+02  Si
  0.4275387E+01  0.1443419E+02  0.1149199E+02  Si
  0.4419350E+01  0.1172145E+02  0.1444368E+02  Si
  0.1561077E+01  0.1444933E+02  0.1442010E+02  Si
  0.5559663E+01  0.1051485E+02  0.1038898E+02  Si
  0.8277368E+01  0.1299767E+02  0.1056334E+02  Si
  0.8403438E+01  0.1026643E+02  0.1331036E+02  Si
  0.5681898E+01  0.1318046E+02  0.1313031E+02  Si
  0.6920525E+01  0.1150506E+02  0.1177336E+02  Si
  0.9587822E+01  0.1431966E+02  0.1177796E+02  Si
  0.9597377E+01  0.1179546E+02  0.1450188E+02  Si
  0.7118264E+01  0.1434564E+02  0.1458434E+02  Si
  0.1071807E+02  0.1023060E+02  0.1021139E+02  Si
  0.1350159E+02  0.1278568E+02  0.1041123E+02  Si
  0.1352660E+02  0.1016183E+02  0.1337523E+02  Si
  0.1092485E+02  0.1317306E+02  0.1322155E+02  Si
  0.1214855E+02  0.1133959E+02  0.1179430E+02  Si
  0.1464786E+02  0.1430659E+02  0.1178023E+02  Si
  0.1484742E+02  0.1155546E+02  0.1501509E+02  Si
  0.1209190E+02  0.1453379E+02  0.1481613E+02  Si
  0.1646590E+02  0.1016759E+02  0.1041235E+02  Si
  0.1982964E+02  0.9019637E+01  0.1431798E+02  Si
  0.2453487E+02  0.7710823E+01  0.1631134E+02  Si
  0.1596475E+02  0.1324982E+02  0.1359040E+02  Si
  0.1684550E+02  0.1232788E+02  0.1143549E+02  Si
  0.2010652E+02  0.1992428E+02  0.1207216E+02  Si
  0.1873723E+02  0.1595697E+02  0.1360162E+02  Si
  0.1741283E+02  0.1466633E+02  0.1496871E+02  Si
  0.9697499E-01  0.1607120E+02  0.1035745E+02  Si
  0.2561367E+01  0.1861623E+02  0.1036446E+02  Si
  0.3202794E+01  0.1559353E+02  0.1298099E+02  Si
  0.2567412E+00  0.1869950E+02  0.1340471E+02  Si
  0.1506098E+01  0.1726646E+02  0.1205103E+02  Si
  0.3825231E+01  0.1991710E+02  0.1169463E+02  Si
  0.4355981E+01  0.1700117E+02  0.1441035E+02  Si
  0.1768846E+01  0.2010995E+02  0.1467941E+02  Si
  0.5461965E+01  0.1608267E+02  0.1024706E+02  Si
  0.8139534E+01  0.1859226E+02  0.1031658E+02  Si
  0.8106629E+01  0.1580776E+02  0.1290361E+02  Si
  0.5273770E+01  0.1850855E+02  0.1303982E+02  Si
  0.6714525E+01  0.1728351E+02  0.1162608E+02  Si
  0.9425492E+01  0.1971155E+02  0.1190065E+02  Si
  0.9207179E+01  0.1685171E+02  0.1455602E+02  Si
  0.6677140E+01  0.1983292E+02  0.1440201E+02  Si
  0.1095780E+02  0.1588542E+02  0.1051984E+02  Si
  0.1346321E+02  0.1870263E+02  0.1060419E+02  Si
  0.1345714E+02  0.1585565E+02  0.1337594E+02  Si
  0.1054093E+02  0.1830920E+02  0.1349252E+02  Si
  0.1215948E+02  0.1722933E+02  0.1192885E+02  Si
  0.1502722E+02  0.1980093E+02  0.1186837E+02  Si
  0.1470644E+02  0.1734123E+02  0.1469476E+02  Si
  0.1218351E+02  0.1976116E+02  0.1453765E+02  Si
  0.1616090E+02  0.1598689E+02  0.1073089E+02  Si
  0.1884024E+02  0.1861876E+02  0.1056476E+02  Si
  0.2294580E+02  0.1212052E+02  0.1566454E+02  Si
  0.1626023E+02  0.1856456E+02  0.1350873E+02  Si
  0.1749176E+02  0.1725253E+02  0.1207070E+02  Si
  0.2147144E+02  0.1598531E+02  0.1648284E+02  Si
  0.2045341E+02  0.1447042E+02  0.1767370E+02  Si
  0.1743486E+02  0.1987120E+02  0.1495699E+02  Si
  0.1468234E+00  0.2117451E+02  0.1575750E+02  Si
  0.2937847E+01  0.2252137E+01  0.1561209E+02  Si
  0.2798631E+01  0.2126686E+02  0.1843466E+02  Si
  0.6514989E+02  0.2325940E+01  0.1824509E+02  Si
  0.1491158E+01  0.8179381E+00  0.1704676E+02  Si
  0.4103196E+01  0.3591597E+01  0.1694809E+02  Si
  0.4119893E+01  0.1125053E+01  0.1971553E+02  Si
  0.1432200E+01  0.3714167E+01  0.1966576E+02  Si
  0.5459709E+01  0.2119775E+02  0.1597738E+02  Si
  0.8213339E+01  0.2193207E+01  0.1584364E+02  Si
  0.8333830E+01  0.2123091E+02  0.1852184E+02  Si
  0.5514228E+01  0.2421659E+01  0.1842801E+02  Si
  0.6899133E+01  0.8566706E+00  0.1736828E+02  Si
  0.9711154E+01  0.3475258E+01  0.1724578E+02  Si
  0.9515936E+01  0.1029589E+01  0.1980550E+02  Si
  0.6900588E+01  0.3733608E+01  0.1966065E+02  Si
  0.1105303E+02  0.2118267E+02  0.1581229E+02  Si
  0.1367036E+02  0.2268498E+01  0.1605683E+02  Si
  0.1375438E+02  0.2147465E+02  0.1874583E+02  Si
  0.1096169E+02  0.2248725E+01  0.1857409E+02  Si
  0.1225873E+02  0.9080775E+00  0.1721690E+02  Si
  0.1489282E+02  0.3740989E+01  0.1736862E+02  Si
  0.1517002E+02  0.1019044E+01  0.2004896E+02  Si
  0.1222033E+02  0.3500221E+01  0.1967860E+02  Si
  0.1634855E+02  0.2149847E+02  0.1626105E+02  Si
  0.1916653E+02  0.2424169E+01  0.1629297E+02  Si
  0.1915831E+02  0.2131997E+02  0.1919238E+02  Si
  0.1655052E+02  0.2709117E+01  0.1859741E+02  Si
  0.1770880E+02  0.8141817E+00  0.1784821E+02  Si
  0.2085218E+02  0.3352968E+01  0.1784560E+02  Si
  0.2089124E+02  0.5395307E+00  0.2043437E+02  Si
  0.1793765E+02  0.3435099E+01  0.2053954E+02  Si
  0.1991830E+00  0.5352581E+01  0.1564644E+02  Si
  0.2884860E+01  0.7899028E+01  0.1615841E+02  Si
  0.2891133E+01  0.5269724E+01  0.1836786E+02  Si
  0.2368138E-01  0.7948313E+01  0.1838340E+02  Si
  0.1412959E+01  0.6614959E+01  0.1715382E+02  Si
  0.4267523E+01  0.9238193E+01  0.1724184E+02  Si
  0.4288341E+01  0.6574514E+01  0.1984597E+02  Si
  0.1329656E+01  0.9135298E+01  0.1990628E+02  Si
  0.5561500E+01  0.5162850E+01  0.1603208E+02  Si
  0.8198679E+01  0.8057640E+01  0.1566546E+02  Si
  0.8508256E+01  0.4931013E+01  0.1859471E+02  Si
  0.5798262E+01  0.8004575E+01  0.1858246E+02  Si
  0.7203464E+01  0.6591680E+01  0.1731193E+02  Si
  0.9438018E+01  0.9074069E+01  0.1699876E+02  Si
  0.9596591E+01  0.6410765E+01  0.2015725E+02  Si
  0.7020489E+01  0.9299147E+01  0.2004870E+02  Si
  0.1069289E+02  0.5011466E+01  0.1597827E+02  Si
  0.1368540E+02  0.7632574E+01  0.1604810E+02  Si
  0.1360265E+02  0.5080444E+01  0.1862571E+02  Si
  0.1059746E+02  0.8099441E+01  0.1877296E+02  Si
  0.1190387E+02  0.6397531E+01  0.1737962E+02  Si
  0.1470733E+02  0.8981791E+01  0.1749035E+02  Si
  0.1543071E+02  0.6154098E+01  0.1970780E+02  Si
  0.1211753E+02  0.8993429E+01  0.2019838E+02  Si
  0.1612433E+02  0.4879604E+01  0.1592904E+02  Si
  0.1972996E+02  0.7614624E+01  0.1713520E+02  Si
  0.2001749E+02  0.4332768E+01  0.1990716E+02  Si
  0.1641484E+02  0.7845999E+01  0.1838080E+02  Si
  0.1740898E+02  0.6663830E+01  0.1671908E+02  Si
  0.2034043E+02  0.1004585E+02  0.1684632E+02  Si
  0.1924319E+02  0.6366850E+01  0.1911892E+02  Si
  0.1738395E+02  0.9231558E+01  0.2021601E+02  Si
  0.6515059E+02  0.1056384E+02  0.1598270E+02  Si
  0.2903083E+01  0.1318518E+02  0.1563273E+02  Si
  0.2787959E+01  0.1052849E+02  0.1867575E+02  Si
  0.1083687E+00  0.1308145E+02  0.1856216E+02  Si
  0.1565066E+01  0.1187112E+02  0.1714361E+02  Si
  0.4358430E+01  0.1428908E+02  0.1694297E+02  Si
  0.3991508E+01  0.1183901E+02  0.2008826E+02  Si
  0.1508144E+01  0.1454881E+02  0.1982101E+02  Si
  0.5458305E+01  0.1043854E+02  0.1588730E+02  Si
  0.8254299E+01  0.1289955E+02  0.1596513E+02  Si
  0.8076711E+01  0.1048540E+02  0.1844823E+02  Si
  0.5307691E+01  0.1305758E+02  0.1875744E+02  Si
  0.6755109E+01  0.1173154E+02  0.1717967E+02  Si
  0.9326184E+01  0.1445801E+02  0.1733378E+02  Si
  0.9165994E+01  0.1186715E+02  0.1986779E+02  Si
  0.6419956E+01  0.1475295E+02  0.1994399E+02  Si
  0.1109241E+02  0.1049356E+02  0.1602279E+02  Si
  0.1345498E+02  0.1319630E+02  0.1609092E+02  Si
  0.1346383E+02  0.1033336E+02  0.1876036E+02  Si
  0.1066886E+02  0.1313547E+02  0.1871291E+02  Si
  0.1207881E+02  0.1183784E+02  0.1759248E+02  Si
  0.1469350E+02  0.1444503E+02  0.1771907E+02  Si
  0.1490117E+02  0.1172209E+02  0.2011051E+02  Si
  0.1191051E+02  0.1444389E+02  0.2023354E+02  Si
  0.1638339E+02  0.1032248E+02  0.1644201E+02  Si
  0.1880481E+02  0.1312994E+02  0.1639635E+02  Si
  0.1883051E+02  0.1048527E+02  0.1942594E+02  Si
  0.1600807E+02  0.1297570E+02  0.1876654E+02  Si
  0.1758521E+02  0.1167653E+02  0.1776885E+02  Si
  0.2029636E+02  0.1734426E+02  0.1512715E+02  Si
  0.2755872E+02  0.6697372E+01  0.1988299E+02  Si
  0.1751372E+02  0.1424485E+02  0.1995966E+02  Si
  0.2704932E+00  0.1573859E+02  0.1586210E+02  Si
  0.3240328E+01  0.1844696E+02  0.1567325E+02  Si
  0.2941760E+01  0.1585972E+02  0.1847084E+02  Si
  0.2989120E+00  0.1851459E+02  0.1847502E+02  Si
  0.1650135E+01  0.1742114E+02  0.1697410E+02  Si
  0.4324078E+01  0.1984069E+02  0.1736342E+02  Si
  0.3905708E+01  0.1731344E+02  0.2005280E+02  Si
  0.1381406E+01  0.2010471E+02  0.1991963E+02  Si
  0.5834388E+01  0.1566792E+02  0.1594455E+02  Si
  0.8187865E+01  0.1860365E+02  0.1577258E+02  Si
  0.8031482E+01  0.1588863E+02  0.1869940E+02  Si
  0.5430751E+01  0.1861018E+02  0.1880402E+02  Si
  0.6787758E+01  0.1711883E+02  0.1736228E+02  Si
  0.9545851E+01  0.1988396E+02  0.1701898E+02  Si
  0.9258085E+01  0.1694862E+02  0.2012858E+02  Si
  0.6926735E+01  0.1990596E+02  0.2006782E+02  Si
  0.1068814E+02  0.1612925E+02  0.1608407E+02  Si
  0.1336413E+02  0.1851286E+02  0.1595339E+02  Si
  0.1322062E+02  0.1574654E+02  0.1894771E+02  Si
  0.1048790E+02  0.1852743E+02  0.1860405E+02  Si
  0.1233285E+02  0.1716335E+02  0.1742136E+02  Si
  0.1493000E+02  0.1976466E+02  0.1719694E+02  Si
  0.1468619E+02  0.1697517E+02  0.2028798E+02  Si
  0.1220163E+02  0.1979365E+02  0.1962190E+02  Si
  0.1603134E+02  0.1603305E+02  0.1644435E+02  Si
  0.1874971E+02  0.1879012E+02  0.1633596E+02  Si
  0.1873084E+02  0.1594547E+02  0.1887081E+02  Si
  0.1590843E+02  0.1861454E+02  0.1905748E+02  Si
  0.1730822E+02  0.1749545E+02  0.1762184E+02  Si
  0.2031420E+02  0.2001191E+02  0.1775297E+02  Si
  0.1959977E+02  0.1674076E+02  0.2076114E+02  Si
  0.1750350E+02  0.1995204E+02  0.2012406E+02  Si
  0.2848054E+02  0.8802220E+01  0.2042929E+02  Si
  0.2831021E+02  0.1016152E+02  0.1302057E+02  Si
  0.3528581E+02  0.1000978E+02  0.1554652E+02  Si
  0.2157012E+02  0.2122672E+01  0.1359016E+02  Si
  0.2976019E+02  0.3653580E+01  0.7651502E+01  Si
  0.2540729E+02  0.6316293E+01  0.2935958E+01  Si
  0.2917956E+02  0.1666831E+02  0.3393031E+01  Si
  0.1870977E+02  0.2130425E+02  0.1340062E+02  Si
  0.2525557E+02  0.3944999E+01  0.2138364E+02  Si
  0.3915393E+02  0.1782707E+02  0.1192062E+02  Si
  0.3061949E+02  0.1496641E+02  0.8706124E+01  Si
  0.4312028E+02  0.2542086E+01  0.1892905E+02  Si
  0.2990196E+02  0.1750315E+02  0.1044601E+02  Si
  0.3576458E+02  0.7261986E+01  0.7985301E+01  Si
  0.3270606E+02  0.1680520E+02  0.1399122E+02  Si
  0.3950596E+02  0.2029180E+02  0.3760753E+01  Si
  0.2017464E+02  0.1515893E+02  0.9468325E+00  Si
  0.2712646E+02  0.1605359E+02  0.9390765E+01  Si
  0.2802548E+02  0.4232132E+01  0.1188517E+02  Si
  0.3933647E+02  0.6496379E+01  0.1154848E+02  Si
  0.3517096E+02  0.3542100E+01  0.8278273E+01  Si
  0.3340738E+02  0.5329439E+01  0.8736060E+01  Si
  0.4051603E+02  0.5723856E+01  0.1873199E+02  Si
  0.3542141E+02  0.1342022E+02  0.1220837E+02  Si
  0.3461944E+02  0.1722800E+02  0.2156378E+02  Si
  0.4165167E+02  0.1238233E+02  0.4127345E+01  Si
  0.3509668E+02  0.4814088E+01  0.2079528E+02  Si
  0.3323076E+02  0.1528693E+02  0.1186452E+00  Si
  0.4074199E+02  0.8597485E+01  0.4754688E+01  Si
  0.2587047E+02  0.2134044E+02  0.1192309E+02  Si
  0.2807966E+02  0.5064817E+01  0.4968454E+01  Si
  0.4184149E+02  0.7153954E+01  0.3318930E+01  Si
  0.2306618E+02  0.2752275E+01  0.9541949E+01  Si
  0.2654760E+02  0.1439736E+02  0.7925656E+01  Si
  0.2957823E+02  0.1909570E+02  0.1811686E+02  Si
  0.2743695E+02  0.1723028E+02  0.1581910E+02  Si
  0.2317484E+02  0.9302527E+01  0.9217881E+01  Si
  0.2278759E+02  0.1979939E+02  0.1503111E+02  Si
  0.2597373E+02  0.1910968E+02  0.1485427E+02  Si
  0.3324614E+02  0.1292878E+01  0.1996470E+01  Si
  0.2258890E+02  0.1446111E+02  0.1498188E+02  Si
  0.3163515E+02  0.1261859E+02  0.1241678E+01  Si
  0.3746287E+02  0.1510920E+02  0.5765820E+00  Si
  0.3021759E+02  0.1275459E+02  0.7728128E+01  Si
  0.3555299E+02  0.1993950E+02  0.1881553E+02  Si
  0.3799420E+02  0.1588852E+02  0.1081487E+02  Si
  0.3268143E+02  0.1567753E+02  0.1939469E+02  Si
  0.2049500E+02  0.1748242E+02  0.9149681E+01  Si
  0.4066142E+02  0.2994642E+01  0.1585547E+02  Si
  0.3591430E+02  0.2162175E+02  0.4370064E+01  Si
  0.3806589E+02  0.1052344E+02  0.1078789E+02  Si
  0.4045089E+02  0.3023509E+01  0.2145940E+02  Si
  0.2536202E+02  0.1834443E+02  0.4525514E+01  Si
  0.2438371E+02  0.2100480E+02  0.1377985E+02  Si
  0.3850078E+02  0.7672393E+01  0.3948687E+01  Si
  0.3203622E+02  0.1318442E+02  0.1251516E+02  Si
  0.3424100E+02  0.6854945E+01  0.5724811E+01  Si
  0.3462526E+02  0.2950396E+01  0.5870182E+00  Si
  0.3455706E+02  0.2101502E+02  0.9147444E+01  Si
  0.4187530E+02  0.4039124E+01  0.1087203E+01  Si
  0.2297550E+02  0.1403886E+02  0.2165959E+02  Si
  0.2540923E+02  0.1235851E+02  0.8845611E+01  Si
  0.4083654E+02  0.7812373E+01  0.1036454E+02  Si
  0.3076746E+02  0.6610482E+01  0.1713804E+01  Si
  0.2515328E+02  0.4075255E+01  0.3262851E+01  Si
  0.2564419E+02  0.5548423E+00  0.2065119E+02  Si
  0.2185396E+02  0.2126524E+02  0.1653721E+02  Si
  0.2666588E+02  0.1070992E+02  0.6765047E+01  Si
  0.2261482E+02  0.1472724E+02  0.1246120E+02  Si
  0.3600003E+02  0.1647299E+02  0.1801193E+01  Si
  0.3105905E+02  0.1926384E+02  0.5556892E+01  Si
  0.2798964E+02  0.1688656E+02  0.2129271E+02  Si
  0.2294631E+02  0.6602153E+01  0.6459530E+01  Si
  0.3372257E+02  0.1278446E+02  0.1673785E+02  Si
  0.2629064E+02  0.1103857E+02  0.1423055E+02  Si
  0.2153941E+02  0.7587077E+01  0.8144338E+01  Si
  0.4005159E+02  0.1542945E+02  0.1472315E+02  Si
  0.2439336E+02  0.2084723E+02  0.1935025E+02  Si
  0.3750697E+02  0.9108704E+01  0.5744818E+01  Si
  0.2638737E+02  0.1909151E+02  0.7594569E+01  Si
  0.2055524E+02  0.1202218E+02  0.9076742E+01  Si
  0.3458504E+02  0.7733613E+01  0.1592060E+02  Si
  0.3537655E+02  0.1393111E+02  0.1521100E+02  Si
  0.3474072E+02  0.9267770E+01  0.1167621E+02  Si
  0.2448777E+02  0.2745196E+01  0.1939877E+02  Si
  0.2003938E+02  0.1205636E+02  0.2082826E+02  Si
  0.3329601E+02  0.2064465E+02  0.6956570E+01  Si
  0.3085821E+02  0.1447656E+01  0.5019445E+01  Si
  0.2931526E+02  0.5753535E+01  0.8982688E+01  Si
  0.3337790E+02  0.5130397E+01  0.1937060E+02  Si
  0.3532586E+02  0.1056168E+02  0.6441924E+01  Si
  0.3922351E+02  0.9077335E+01  0.9099820E+01  Si
  0.2792448E+02  0.1531831E+02  0.1149903E+02  Si
  0.4085280E+02  0.1619156E+02  0.1888494E+02  Si
  0.3841120E+02  0.1901188E+02  0.1908488E+01  Si
  0.3138923E+02  0.2986904E+01  0.1102916E+02  Si
  0.2499082E+02  0.3309989E+01  0.1579444E+02  Si
  0.3583368E+02  0.2013860E+02  0.1408558E+02  Si
  0.2463751E+02  0.1554363E+02  0.1609684E+02  Si
  0.2799773E+02  0.1274154E+02  0.6609689E+01  Si
  0.2289732E+02  0.1692110E+02  0.1810723E+02  Si
  0.2858720E+02  0.3232346E+01  0.3464957E+01  Si
  0.3476079E+02  0.5221097E+01  0.1060093E+02  Si
  0.3300865E+02  0.1090674E+02  0.1265867E+02  Si
  0.3419041E+02  0.1828662E+02  0.1933271E+02  Si
  0.3746205E+02  0.1975095E+01  0.1363890E+02  Si
  0.2477474E+02  0.1789523E+02  0.1698963E+02  Si
  0.2913605E+02  0.1878747E+02  0.4155416E+01  Si
  0.2819557E+02  0.5683178E+01  0.4644005E+00  Si
  0.3922762E+02  0.1575076E+02  0.2060469E+02  Si
  0.3612324E+02  0.8193455E+01  0.1775939E+02  Si
  0.3812031E+02  0.8918259E+01  0.1622232E+02  Si
  0.2365237E+02  0.7468729E+01  0.1859056E+01  Si
  0.4205797E+02  0.1373787E+01  0.3726596E+01  Si
  0.4082266E+02  0.1896181E+02  0.1583758E+02  Si
  0.3008698E+02  0.1151340E+02  0.2158077E+02  Si
  0.3876122E+02  0.9841946E+01  0.1421550E+02  Si
  0.4215603E+02  0.2058863E+02  0.1189283E+02  Si
  0.3333329E+02  0.1631994E+01  0.1911564E+02  Si
  0.2194162E+02  0.1779670E+02  0.8991375E+00  Si
  0.3668686E+02  0.1413146E+02  0.2029897E+02  Si
  0.4031629E+02  0.1072797E+02  0.1869934E+02  Si
  0.4075609E+02  0.1606612E+02  0.2605929E+01  Si
  0.3934676E+02  0.4104743E+01  0.3816589E+01  Si
  0.3770785E+02  0.1708583E+02  0.1657293E+02  Si
  0.2966961E+02  0.1491795E+02  0.1318035E+02  Si
  0.2318427E+02  0.1769834E+02  0.2055846E+02  Si
  0.3926398E+02  0.1430088E+01  0.8487855E+00  Si
  0.3333219E+02  0.1988394E+02  0.4696359E+01  Si
  0.3180664E+02  0.9412448E+01  0.1811627E+02  Si
  0.3183979E+02  0.8280411E+01  0.3395793E+01  Si
  0.2493084E+02  0.6042677E+01  0.1000428E+02  Si
  0.2303458E+02  0.1718135E+02  0.1319764E+02  Si
  0.2001766E+02  0.2010444E+02  0.6470394E+01  Si
  0.1900132E+02  0.1835734E+02  0.5017245E+01  Si
  0.4052641E+02  0.7914367E+01  0.1615908E+02  Si
  0.3183082E+02  0.8374260E+00  0.2170280E+02  Si
  0.2736657E+02  0.5983324E+01  0.1041433E+02  Si
  0.4218699E+02  0.1462262E+02  0.9018187E+00  Si
  0.2847110E+02  0.1434346E+01  0.5116671E+01  Si
  0.3927472E+02  0.2007039E+02  0.2020960E+02  Si
  0.4334315E+02  0.1357865E+02  0.1865609E+02  Si
  0.3017063E+02  0.1516974E+02  0.1925289E+02  Si
  0.2938160E+02  0.6770410E+01  0.3573050E+01  Si
  0.2679161E+02  0.2794114E+01  0.2098004E+01  Si
  0.2793772E+02  0.2502268E+01  0.1509474E+02  Si
  0.3599661E+02  0.1192488E+02  0.1987947E+02  Si
  0.3598053E+02  0.1644533E+02  0.1964659E+02  Si
  0.2959520E+02  0.1053407E+01  0.1424782E+02  Si
  0.2413720E+02  0.1949256E+02  0.2126049E+02  Si
  0.2760627E+02  0.2666282E+01  0.7632853E+01  Si
  0.3568119E+02  0.1599850E+02  0.1650786E+02  Si
  0.3935137E+02  0.2048801E+02  0.1459138E+02  Si
  0.4083961E+02  0.1067599E+02  0.8105283E+01  Si
  0.2733826E+02  0.1323845E+02  0.1444939E+02  Si
  0.3817763E+02  0.2042028E+02  0.1675973E+02  Si
  0.4189416E+02  0.6889810E+01  0.2017478E+02  Si
  0.4077974E+02  0.1331399E+02  0.1078649E+02  Si
  0.4082476E+02  0.5434970E+01  0.7711567E+01  Si
  0.3938845E+02  0.1791462E+02  0.6369242E+01  Si
  0.4042260E+02  0.2153903E+02  0.7505594E+01  Si
  0.3802888E+02  0.2095879E+02  0.1009303E+00  Si
  0.2749030E+02  0.1517182E+02  0.3619096E+01  Si
  0.1922735E+02  0.1331447E+02  0.4709664E+01  Si
  0.2113726E+02  0.7958870E+01  0.2628719E+01  Si
  0.3711523E+02  0.1213422E+00  0.1155772E+02  Si
  0.2042297E+02  0.9127187E+00  0.4062068E+01  Si
  0.2212230E+02  0.4378450E+01  0.2137054E+02  Si
  0.2248615E+02  0.1057001E+02  0.4320234E+01  Si
  0.2208243E+02  0.2097500E+02  0.8582911E-01  Si
  0.2224289E+02  0.2071119E+01  0.1893361E+02  Si
  0.2167125E+02  0.4571784E+01  0.1056239E+02  Si
  0.3034561E+02  0.1734840E+02  0.1376956E+02  Si
  0.2309784E+02  0.1161275E+02  0.1952209E+02  Si
  0.3083999E+02  0.7541348E+01  0.8113195E+01  Si
  0.3254238E+02  0.1515114E+02  0.7375757E+01  Si
  0.3369951E+02  0.5347585E+01  0.9043079E+00  Si
  0.3940102E+02  0.6760678E+01  0.6114079E+01  Si
  0.3260938E+02  0.3542358E+01  0.1786190E+02  Si
  0.4080753E+02  0.1913995E+02  0.1047431E+02  Si
  0.2787484E+02  0.1158857E+02  0.1017743E+01  Si
  0.3425564E+02  0.7484271E+01  0.3590175E+01  Si
  0.1998536E+02  0.8593138E+01  0.7028614E+01  Si
  0.3933959E+02  0.4139321E+01  0.9042306E+01  Si
  0.2859263E+02  0.2160089E+02  0.1391468E+01  Si
  0.3028493E+02  0.1878834E+02  0.7918868E+01  Si
  0.3200871E+02  0.1772543E+02  0.2007101E+02  Si
  0.3981540E+02  0.1412286E+02  0.1773491E+02  Si
  0.2157532E+02  0.2134606E+02  0.1072259E+02  Si
  0.2020458E+02  0.1494276E+02  0.5917820E+01  Si
  0.3659557E+02  0.6667732E+01  0.1019853E+02  Si
  0.2529266E+02  0.1081069E+02  0.1198791E+02  Si
  0.2966226E+02  0.9111533E+01  0.2400759E+01  Si
  0.2472875E+02  0.9631313E+01  0.2160183E+02  Si
  0.2580502E+02  0.1542690E+02  0.1964056E+02  Si
  0.3396914E+02  0.1379251E+02  0.8706379E+01  Si
  0.3657674E+02  0.4110238E+01  0.1283037E+02  Si
  0.2794386E+02  0.2161048E+02  0.1293903E+02  Si
  0.4193831E+02  0.9946759E+01  0.1083941E+01  Si
  0.2290137E+02  0.6298334E+01  0.1736144E+02  Si
  0.2024044E+02  0.7538058E+00  0.1506679E+02  Si
  0.3316906E+02  0.1033259E+02  0.1633692E+02  Si
  0.2644297E+02  0.4663070E+01  0.1783182E+02  Si
  0.2886381E+02  0.1250031E+02  0.1635869E+02  Si
  0.2652932E+02  0.9444105E+01  0.4741379E+01  Si
  0.3196469E+02  0.1976251E+02  0.1822015E+02  Si
  0.4205689E+02  0.2032079E+02  0.9995475E+00  Si
  0.4212134E+02  0.1767328E+02  0.9236428E+01  Si
  0.2431401E+02  0.1231055E+02  0.1764636E+02  Si
  0.2436092E+02  0.1584468E+02  0.2154340E+02  Si
  0.3916335E+02  0.1225466E+02  0.6912642E+01  Si
  0.3583445E+02  0.7068800E+01  0.2008801E+02  Si
  0.4078267E+02  0.1326466E+02  0.1556259E+02  Si
  0.3223138E+02  0.2068054E+02  0.1483933E+02  Si
  0.3366843E+02  0.7107546E+01  0.1790771E+02  Si
  0.2413912E+02  0.1368347E+02  0.3183850E+01  Si
  0.3619108E+02  0.1637607E+02  0.9533614E+01  Si
  0.4197293E+02  0.4030000E+01  0.1190804E+02  Si
  0.3107521E+02  0.2082615E+02  0.1344141E+01  Si
  0.4214816E+02  0.9681808E+01  0.6388763E+01  Si
  0.3161619E+02  0.2066218E+02  0.1066301E+02  Si
  0.4193012E+02  0.9430953E+01  0.1747585E+02  Si
  0.3837576E+02  0.7839348E+01  0.1325793E+02  Si
  0.2640667E+02  0.1260043E+02  0.2136764E+02  Si
  0.3494518E+02  0.2142041E+02  0.1201890E+02  Si
  0.3341607E+02  0.8555696E+01  0.1974501E+02  Si
  0.3369828E+02  0.1156550E+02  0.1029637E+01  Si
  0.2523637E+02  0.3017517E+00  0.8667147E+01  Si
  0.3231282E+02  0.1488665E+02  0.5101914E+01  Si
  0.3212658E+02  0.1312537E+02  0.1484567E+02  Si
  0.3583520E+02  0.5930430E+01  0.2155515E+01  Si
  0.3064396E+02  0.1466108E+02  0.3159880E+01  Si
  0.3106997E+02  0.1482513E+02  0.2153904E+02  Si
  0.2181449E+02  0.1668165E+02  0.1103712E+02  Si
  0.2150141E+02  0.7488288E+01  0.1893268E+02  Si
  0.2659379E+02  0.6272661E+01  0.6371448E+01  Si
  0.4231776E+02  0.6730067E+01  0.9064440E+01  Si
  0.3493972E+02  0.1583960E+02  0.7473534E+01  Si
  0.3410016E+02  0.1161816E+02  0.3766948E+01  Si
  0.3012854E+02  0.9101065E+01  0.4027867E-01  Si
  0.2692495E+02  0.9132701E+01  0.6952293E+00  Si
  0.3096751E+02  0.1722129E+01  0.8846759E+01  Si
  0.3787293E+02  0.5477780E+01  0.4923745E+01  Si
  0.3777892E+02  0.1466560E+02  0.1464632E+02  Si
  0.2935058E+02  0.4211093E+01  0.1640172E+02  Si
  0.2323482E+02  0.3175982E+01  0.4307313E+01  Si
  0.3975181E+02  0.1728593E+02  0.6720120E+00  Si
  0.3991175E+02  0.1677316E+02  0.1662316E+02  Si
  0.2512094E+02  0.5269253E+01  0.1214162E+02  Si
  0.2416820E+02  0.1469584E+02  0.1813189E+02  Si
  0.2176806E+02  0.2348353E+01  0.7768677E+01  Si
  0.3736222E+02  0.1187545E+02  0.4349759E+01  Si
  0.4039043E+02  0.1384953E+02  0.5606509E+01  Si
  0.3190487E+02  0.6478909E+01  0.1617114E+02  Si
  0.4206043E+02  0.9054304E+01  0.1183486E+02  Si
  0.4080211E+02  0.1899751E+02  0.2132544E+02  Si
  0.2493767E+02  0.7493853E+01  0.5090955E+01  Si
  0.3133813E+02  0.7026370E+01  0.1158502E+02  Si
  0.3286159E+02  0.2010112E+02  0.1274788E+02  Si
  0.2063360E+02  0.8503865E+01  0.1204249E+02  Si
  0.2152930E+02  0.1339238E+02  0.1985253E+02  Si
  0.2778390E+02  0.1147532E+02  0.9669141E+01  Si
  0.3444632E+02  0.1083991E+02  0.9836984E+01  Si
  0.2282212E+02  0.3840042E+01  0.1448283E+02  Si
  0.2356310E+02  0.1308652E+02  0.5177206E+01  Si
  0.3177616E+02  0.1225875E+02  0.6109710E+01  Si
  0.3932878E+02  0.1553833E+01  0.6508016E+01  Si
  0.2668687E+02  0.2024212E+02  0.9696449E+01  Si
  0.2488336E+02  0.1685981E+02  0.9207886E+01  Si
  0.3442090E+02  0.1838968E+02  0.1318644E+02  Si
  0.3917531E+02  0.2054657E+02  0.9399463E+01  Si
  0.3068861E+02  0.2233439E+01  0.1706009E+02  Si
  0.4215147E+02  0.2045857E+02  0.6329526E+01  Si
  0.2885134E+02  0.1844032E+02  0.1247878E+02  Si
  0.3296473E+02  0.1252458E+02  0.1894477E+02  Si
  0.3375286E+02  0.2461527E+01  0.1171914E+02  Si
  0.3502423E+02  0.1191602E+01  0.2049626E+02  Si
  0.3760874E+02  0.1411326E+02  0.1228304E+02  Si
  0.3807822E+02  0.5423044E+01  0.1418451E+02  Si
  0.4095291E+02  0.1692354E+00  0.1330237E+02  Si
  0.3796190E+02  0.1874372E+02  0.1847812E+02  Si
  0.3249677E+02  0.1243648E+02  0.1001810E+02  Si
  0.4070686E+02  0.2163668E+02  0.2094225E+01  Si
  0.2891137E+02  0.2047765E+02  0.8939655E+01  Si
  0.3409563E+02  0.2440342E+01  0.4301065E+01  Si
  0.2734032E+02  0.3038491E+01  0.9848540E+01  Si
  0.3324302E+02  0.2914207E+01  0.1415270E+02  Si
  0.3733639E+02  0.1496935E+02  0.1800059E+02  Si
  0.2295970E+02  0.1652946E+02  0.2643030E+01  Si
  0.1988009E+02  0.1082545E+02  0.1386695E+01  Si
  0.3208465E+02  0.6039164E+01  0.6719702E+01  Si
  0.3686598E+02  0.2139966E+02  0.9176718E+01  Si
  0.3023991E+02  0.4790899E+01  0.1423183E+02  Si
  0.2805617E+02  0.1986662E+02  0.1432250E+02  Si
  0.2651126E+02  0.5277403E+00  0.2358084E+01  Si
  0.2175655E+02  0.7209751E+01  0.1366076E+02  Si
  0.2609429E+02  0.1630103E+02  0.1283507E+02  Si
  0.2970176E+02  0.1787548E+02  0.1605856E+02  Si
  0.4072152E+02  0.2807855E+01  0.1060786E+02  Si
  0.2739330E+02  0.7380241E+01  0.1258886E+02  Si
  0.4188788E+02  0.2033767E+02  0.1755877E+02  Si
  0.4043575E+02  0.5383724E+01  0.1338055E+02  Si
  0.3136524E+02  0.5221478E+01  0.1017713E+02  Si
  0.4226453E+02  0.1224451E+02  0.9207973E+01  Si
  0.3259046E+02  0.5309703E+01  0.1420290E+02  Si
  0.2379255E+02  0.8139943E+01  0.1419800E+02  Si
  0.3527529E+02  0.1105454E+02  0.1325535E+02  Si
  0.2780963E+02  0.8650295E+00  0.1689379E+02  Si
  0.2173778E+02  0.2106154E+02  0.5448198E+01  Si
  0.1942062E+02  0.1251736E+02  0.1133129E+02  Si
  0.4203864E+02  0.1741185E+02  0.3703638E+01  Si
  0.4234004E+02  0.1784493E+02  0.1452257E+02  Si
  0.2457796E+02  0.1274167E+02  0.1117504E+02  Si
  0.3339818E+02  0.8031863E+01  0.8176002E+01  Si
  0.3565034E+02  0.1888373E+01  0.2513999E+01  Si
  0.3811485E+02  0.2319636E+01  0.2881933E+01  Si
  0.2677614E+02  0.7227926E+01  0.1753340E+02  Si
  0.4034879E+02  0.1110436E+02  0.2668283E+01  Si
  0.2928606E+02  0.1269813E+01  0.1870515E+02  Si
  0.4099049E+02  0.1676906E+02  0.1304334E+02  Si
  0.2267584E+02  0.2614036E+00  0.2128943E+01  Si
  0.2977304E+02  0.1622736E+02  0.1222920E+01  Si
  0.2508419E+02  0.1835330E+02  0.1275802E+02  Si
  0.2531881E+02  0.6126353E+01  0.2066302E+02  Si
  0.2359922E+02  0.3472607E+01  0.1216651E+01  Si
  0.2478434E+02  0.1898887E+02  0.1059359E+02  Si
  0.2701729E+02  0.1312448E+02  0.1124463E+02  Si
  0.2722609E+02  0.1047033E+02  0.1654212E+02  Si
  0.1882310E+02  0.4536466E+01  0.7748187E+01  Si
  0.2649526E+02  0.6941364E+01  0.1486535E+02  Si
  0.3869672E+02  0.1119344E+02  0.1691821E+02  Si
  0.3879725E+02  0.6851595E+01  0.1752133E+02  Si
  0.3872641E+02  0.1240049E+02  0.1475679E+02  Si
  0.3176452E+02  0.9914120E+01  0.1441080E+02  Si
  0.3030550E+02  0.4825948E+01  0.3043368E+00  Si
  0.3437101E+02  0.1943936E+02  0.7496393E+00  Si
  0.3802929E+02  0.7960365E+01  0.7643829E+01  Si
  0.2921753E+02  0.1663216E+02  0.8043510E+01  Si
  0.3378672E+02  0.6985811E+01  0.1224138E+02  Si
  0.2555020E+02  0.8256290E+01  0.1953958E+02  Si
  0.3662384E+02  0.5073583E+01  0.7158406E+01  Si
  0.3769078E+02  0.1902391E+02  0.1340003E+02  Si
  0.2929705E+02  0.1139657E+02  0.3051986E+01  Si
  0.3195221E+02  0.7439617E+01  0.2118332E+02  Si
  0.2672681E+02  0.1674011E+02  0.1786362E+02  Si
  0.3902190E+02  0.6978212E+01  0.1523123E+01  Si
  0.2609352E+02  0.2930645E+01  0.1208498E+02  Si
  0.4202157E+02  0.1521051E+02  0.6509848E+01  Si
  0.3786323E+02  0.4678461E+01  0.1079781E+02  Si
  0.3433154E+02  0.3087954E+01  0.1624890E+02  Si
  0.3374333E+02  0.1090713E+02  0.2050326E+02  Si
  0.2515715E+02  0.7843165E+01  0.1255260E+02  Si
  0.2655770E+02  0.1542149E+02  0.1488859E+02  Si
  0.3793771E+02  0.1964694E+02  0.7495682E+01  Si
  0.3625607E+02  0.1760816E+02  0.1450532E+02  Si
  0.4026471E+02  0.2164117E+02  0.1881528E+02  Si
  0.2380669E+02  0.1057562E+02  0.1400177E+02  Si
  0.2403176E+02  0.1652543E+02  0.6855107E+01  Si
  0.2413552E+02  0.1079816E+02  0.7468559E+01  Si
  0.3008729E+02  0.6290838E+01  0.1765984E+02  Si
  0.2261512E+02  0.8705811E+01  0.2070083E+02  Si
  0.3349743E+02  0.1690038E+02  0.1620948E+02  Si
  0.2971744E+02  0.1288014E+02  0.1955302E+02  Si
  0.2262315E+02  0.9632447E+01  0.1821982E+02  Si
  0.4103877E+02  0.1906071E+02  0.4932438E+01  Si
  0.3581035E+02  0.1410379E+02  0.9917489E+01  Si
  0.3455105E+02  0.7623760E+00  0.6088550E+01  Si
  0.3488358E+02  0.1379922E+02  0.1055143E+01  Si
  0.3515339E+02  0.1979927E+02  0.2961192E+01  Si
  0.3845408E+02  0.2425545E+01  0.1587471E+02  Si
  0.3191627E+02  0.3655870E+01  0.4620319E+01  Si
  0.3201533E+02  0.1159791E+01  0.1524312E+02  Si
  0.3215093E+02  0.1675853E+02  0.1957575E+01  Si
  0.2401553E+02  0.1182908E+02  0.5706286E-01  Si
  0.3397637E+02  0.1873043E+02  0.8481092E+01  Si
  0.3607190E+02  0.1801010E+02  0.7585181E+01  Si
  0.2515671E+02  0.9962067E+01  0.1764142E+02  Si
  0.3760937E+02  0.1348464E+02  0.2390235E+01  Si
  0.2282499E+02  0.7356753E+00  0.1237732E+02  Si
  0.4045077E+02  0.5452652E+01  0.2297086E+01  Si
  0.2547467E+02  0.1193471E+02  0.1936248E+01  Si
  0.3039820E+02  0.1121165E+02  0.9372397E+01  Si
  0.3838100E+02  0.7551960E+00  0.1750465E+02  Si
  0.4201463E+02  0.1238732E+01  0.9072751E+01  Si
  0.2060977E+02  0.1206000E+02  0.1544804E+02  Si
  0.3051726E+02  0.8256031E+01  0.1520949E+02  Si
  0.3369220E+02  0.1618636E+02  0.3847518E+01  Si
  0.3686899E+02  0.1800029E+02  0.3265787E+01  Si
  0.2821287E+02  0.8871634E+01  0.1110348E+02  Si
  0.3181882E+02  0.1866456E+02  0.9656691E+01  Si
  0.2558644E+02  0.1588281E+02  0.4825889E+01  Si
  0.2649859E+02  0.2332343E+00  0.4854778E+01  Si
  0.4203881E+02  0.4242728E+01  0.6307987E+01  Si
  0.2698587E+02  0.4710238E+01  0.1550120E+02  Si
  0.3330487E+02  0.1053936E+02  0.7659396E+01  Si
  0.2737894E+02  0.7252288E+01  0.2051062E+01  Si
  0.3959657E+02  0.1467849E+02  0.9442292E+01  Si
  0.2192344E+02  0.1046939E+02  0.1241612E+02  Si
  0.3395994E+02  0.1331894E+02  0.5331356E+01  Si
  0.2577002E+02  0.1697663E+01  0.1427488E+02  Si
  0.2730284E+02  0.9225485E+01  0.8786720E+01  Si
  0.3771712E+02  0.1334729E+02  0.8404447E+01  Si
  0.3101825E+02  0.5646595E+01  0.1966724E+02  Si
  0.3655944E+02  0.1180557E+02  0.9743286E+01  Si
  0.3919079E+02  0.1466872E+02  0.3872692E+01  Si
  0.2757676E+02  0.2083404E+02  0.2101623E+02  Si
  0.4065927E+02  0.2800729E+01  0.5181205E+01  Si
  0.3022820E+02  0.1448378E+02  0.1557769E+02  Si
  0.2903491E+02  0.1266162E+02  0.1253942E+02  Si
  0.2996381E+02  0.2913028E+01  0.1567049E+01  Si
  0.2869953E+02  0.1713104E+02  0.1902818E+02  Si
  0.2864431E+02  0.8544723E+01  0.5304831E+01  Si
  0.3498493E+02  0.9368525E+00  0.1744588E+02  Si
  0.4215140E+02  0.1446349E+01  0.1468890E+02  Si
  0.4050106E+02  0.1642825E+02  0.7881415E+01  Si
  0.2978467E+02  0.6866499E+01  0.1336408E+02  Si
  0.2909434E+02  0.1355038E+02  0.4664262E+01  Si
  0.3907429E+02  0.4580782E+01  0.2039706E+02  Si
  0.2474850E+02  0.1108402E+02  0.5009800E+01  Si
  0.2218818E+02  0.5089651E+01  0.4975217E+01  Si
  0.2513242E+02  0.3683288E+01  0.8842793E+01  Si
  0.2309113E+02  0.1469553E+01  0.6036041E+01  Si
  0.3345202E+02  0.1950581E+02  0.1645405E+02  Si
  0.2802194E+02  0.2073939E+02  0.1875607E+02  Si
  0.3816428E+02  0.4549653E+00  0.4592504E+01  Si
  0.2264626E+02  0.1154270E+02  0.1046327E+02  Si
  0.2550633E+02  0.4819687E+00  0.1649380E+02  Si
  0.2276068E+02  0.5311921E+01  0.1262661E+02  Si
  0.3142389E+02  0.1613755E+02  0.1715567E+02  Si
  0.4232692E+02  0.1180242E+02  0.1437976E+02  Si
  0.3934206E+02  0.1062883E+02  0.4997410E+01  Si
  0.3553164E+02  0.5111196E+01  0.1620955E+02  Si
  0.3486140E+02  0.5857946E+01  0.1409541E+02  Si
  0.4190637E+02  0.6603645E+01  0.1493490E+02  Si
  0.3712833E+02  0.3755790E+01  0.1946927E+02  Si
  0.3192231E+02  0.1131037E+02  0.3151600E+01  Si
  0.3773016E+02  0.2884405E+01  0.7703220E+01  Si
  0.2648418E+02  0.1897620E+02  0.2142520E+02  Si
  0.2965945E+02  0.1857176E+02  0.8271698E+00  Si
  0.3078280E+02  0.1539271E+02  0.1106618E+02  Si
  0.3787076E+02  0.4621784E+01  0.1660594E+02  Si
  0.3002682E+02  0.3018429E+01  0.1275111E+02  Si
  0.3929252E+02  0.9253990E+01  0.2017399E+02  Si
  0.2707320E+02  0.1962720E+02  0.5468146E+01  Si
  0.3486101E+02  0.1753899E+02  0.5355661E+01  Si
  0.2671198E+02  0.1677392E+02  0.6595820E+01  Si
  0.3567344E+02  0.2077619E+02  0.2103063E+02  Si
  0.3769307E+02  0.1782954E+02  0.2098944E+02  Si
  0.3562624E+02  0.1459304E+02  0.3217305E+01  Si
  0.3622890E+02  0.1100617E+02  0.1752661E+02  Si
  0.3162239E+02  0.1496682E+00  0.1931051E+02  Si
  0.3508199E+02  0.1447794E+01  0.1370753E+02  Si
  0.2959064E+02  0.1139321E+02  0.1452046E+02  Si
  0.3544689E+02  0.5144197E+01  0.4522142E+01  Si
  0.2408472E+02  0.5063007E+01  0.1880658E+02  Si
  0.3599144E+02  0.3199511E+01  0.1056748E+02  Si
  0.3692372E+02  0.7700902E+01  0.5189096E+00  Si
  0.2420256E+02  0.2006458E+02  0.7453235E+01  Si
  0.2140529E+02  0.1880456E+02  0.1373790E+02  Si
  0.2548524E+02  0.1446408E+01  0.6565157E+01  Si
  0.2406853E+02  0.1855009E+02  0.2056431E+01  Si
  0.3567663E+02  0.1027864E+02  0.4121238E+01  Si
  0.2173364E+02  0.4832137E+01  0.1600034E+02  Si
  0.3909328E+02  0.1225916E+02  0.1052418E+01  Si
  0.4172330E+02  0.1228878E+02  0.1975662E+02  Si
  0.2775405E+02  0.3322446E+01  0.2164697E+02  Si
  0.3691493E+02  0.1396637E+01  0.1920074E+02  Si
  0.3784910E+02  0.1092185E+02  0.2123295E+02  Si
  0.2467163E+02  0.1527106E+02  0.1122380E+02  Si
  0.3271213E+02  0.5489876E+01  0.3079900E+01  Si
  0.2316032E+02  0.2023872E+02  0.3521172E+01  Si
  0.3215989E+02  0.1887243E+02  0.5179867E+00  Si
  0.3821449E+02  0.7004068E+01  0.2007218E+02  Si
  0.2943204E+02  0.1481730E+01  0.2128995E+02  Si
  0.3233210E+02  0.1280424E+01  0.6832324E+01  Si
  0.2018935E+02  0.1477017E+02  0.1200797E+02  Si
  0.3564388E+02  0.2031224E+02  0.1644695E+02  Si
  0.3053007E+02  0.8851250E+01  0.1009525E+02  Si
  0.2730531E+02  0.1364936E+02  0.1936303E+02  Si
  0.4037076E+02  0.1365533E+02  0.2131560E+02  Si
  0.3063048E+02  0.1161055E+02  0.1781063E+02  Si
  0.2843400E+02  0.7425467E+01  0.7430182E+01  Si
  0.3689534E+02  0.8659742E+01  0.1157313E+02  Si
  0.3834927E+02  0.1655856E+02  0.4700188E+01  Si
  0.2900690E+02  0.7786713E+00  0.7589687E+01  Si
  0.2114873E+02  0.1831581E+02  0.1961190E+02  Si
  0.3187812E+02  0.2160042E+02  0.3521306E+01  Si
  0.3915102E+02  0.1220227E+02  0.1202810E+02  Si
  0.3559257E+02  0.1284367E+02  0.7154398E+01  Si
  0.3926822E+02  0.1405110E+01  0.1196515E+02  Si
  0.2474113E+02  0.5601731E+01  0.7506370E+01  Si
  0.1996277E+02  0.1434035E+02  0.9777911E+01  Si
  0.2928449E+02  0.9845291E+01  0.1847040E+02  Si
  0.3258460E+02  0.1773404E+02  0.6506048E+01  Si
  0.2303614E+02  0.6333979E+01  0.2139903E+02  Si
  0.3001896E+02  0.2015273E+02  0.1562528E+02  Si
  0.4186080E+02  0.4168603E+01  0.1762224E+02  Si
  0.2873174E+02  0.8407724E+01  0.1681939E+02  Si
  0.2941881E+02  0.2053687E+02  0.1123523E+02  Si
  0.2524776E+02  0.9050812E+01  0.1040983E+02  Si
  0.4206686E+02  0.1490787E+02  0.1175942E+02  Si
  0.2302889E+02  0.2020323E+02  0.9578788E+01  Si
  0.3062744E+02  0.1021173E+02  0.5038329E+01  Si
  0.1986800E+02  0.1143499E+02  0.1345186E+02  Si
  0.2030603E+02  0.3781539E+01  0.1194772E+01  Si
  0.3363659E+02  0.1457173E+02  0.1358838E+02  Si
  0.2773993E+02  0.1918695E+02  0.1917898E+01  Si
  0.4061472E+02  0.8056654E+01  0.9487968E-01  Si
  0.4077000E+02  0.1097949E+02  0.1300363E+02  Si
  0.2528932E+02  0.1565885E+02  0.2263324E+01  Si
  0.3289272E+02  0.7859801E+00  0.1020416E+02  Si
  0.4233211E+02  0.1752725E+02  0.2003105E+02  Si
  0.4334622E+02  0.2165610E+02  0.2140325E+02  Si
  0.4599051E+02  0.2594710E+01  0.2112245E+02  Si
  0.4594895E+02  0.2160738E+02  0.2195251E+01  Si
  0.4323973E+02  0.2755392E+01  0.2470705E+01  Si
  0.4453465E+02  0.1518480E+01  0.9202691E+00  Si
  0.4713870E+02  0.3885214E+01  0.6151172E+00  Si
  0.4739235E+02  0.1385654E+01  0.3529292E+01  Si
  0.4489428E+02  0.4315303E+01  0.3389202E+01  Si
  0.4875006E+02  0.2162280E+02  0.5324958E-01  Si
  0.5158116E+02  0.2455109E+01  0.2139714E+02  Si
  0.5156827E+02  0.2168968E+02  0.2123449E+01  Si
  0.4865524E+02  0.2978867E+01  0.2041968E+01  Si
  0.5015998E+02  0.1348714E+01  0.1046115E+01  Si
  0.5295882E+02  0.3795941E+01  0.1128754E+01  Si
  0.5290227E+02  0.1228896E+01  0.3688703E+01  Si
  0.5007239E+02  0.4059108E+01  0.3653386E+01  Si
  0.5462874E+02  0.3941451E-01  0.2155512E+02  Si
  0.5725291E+02  0.2807911E+01  0.2125912E+02  Si
  0.5691891E+02  0.2158730E+02  0.2428350E+01  Si
  0.5454758E+02  0.2518592E+01  0.2512548E+01  Si
  0.5592074E+02  0.1266563E+01  0.8753175E+00  Si
  0.5877807E+02  0.3967950E+01  0.9441704E+00  Si
  0.5836310E+02  0.9481056E+00  0.3391986E+01  Si
  0.5583128E+02  0.4133008E+01  0.3747741E+01  Si
  0.5998108E+02  0.2146457E+02  0.2123034E+02  Si
  0.6249548E+02  0.2456059E+01  0.2109908E+02  Si
  0.6244790E+02  0.2159242E+02  0.2278895E+01  Si
  0.5973937E+02  0.2455799E+01  0.2051766E+01  Si
  0.6120555E+02  0.1223738E+01  0.8315634E+00  Si
  0.6390403E+02  0.3746531E+01  0.7195567E+00  Si
  0.6412536E+02  0.1022956E+01  0.3673197E+01  Si
  0.6108459E+02  0.3673843E+01  0.3541179E+01  Si
  0.4318654E+02  0.5226145E+01  0.2135126E+02  Si
  0.4609883E+02  0.8508578E+01  0.2141453E+02  Si
  0.4601923E+02  0.5586636E+01  0.1805596E+01  Si
  0.4356019E+02  0.8473196E+01  0.2222795E+01  Si
  0.4458230E+02  0.6964164E+01  0.5942238E+00  Si
  0.4763469E+02  0.9886293E+01  0.8948337E+00  Si
  0.4746554E+02  0.6967010E+01  0.3281678E+01  Si
  0.4494889E+02  0.9745492E+01  0.3737979E+01  Si
  0.4881189E+02  0.5437349E+01  0.2121505E+02  Si
  0.5173076E+02  0.7769376E+01  0.2099278E+02  Si
  0.5134749E+02  0.5371108E+01  0.2172850E+01  Si
  0.4886010E+02  0.8305579E+01  0.2074294E+01  Si
  0.5029337E+02  0.6733833E+01  0.7113957E+00  Si
  0.5288310E+02  0.9278112E+01  0.8432519E+00  Si
  0.5285637E+02  0.6734755E+01  0.3419682E+01  Si
  0.5019321E+02  0.9491649E+01  0.3671774E+01  Si
  0.5449054E+02  0.4907194E+01  0.2128324E+02  Si
  0.5711248E+02  0.7897228E+01  0.2103826E+02  Si
  0.5724377E+02  0.5337989E+01  0.2220276E+01  Si
  0.5432222E+02  0.7903070E+01  0.2201754E+01  Si
  0.5563362E+02  0.6416665E+01  0.6134825E+00  Si
  0.5828382E+02  0.9061256E+01  0.7879278E+00  Si
  0.5861166E+02  0.6643041E+01  0.3536603E+01  Si
  0.5600260E+02  0.9311270E+01  0.3400784E+01  Si
  0.6003198E+02  0.5387716E+01  0.2130397E+02  Si
  0.6253270E+02  0.7818187E+01  0.2101997E+02  Si
  0.6253170E+02  0.4847331E+01  0.2159984E+01  Si
  0.6012186E+02  0.7888367E+01  0.2029764E+01  Si
  0.6154660E+02  0.6449279E+01  0.9488840E+00  Si
  0.6401252E+02  0.9217408E+01  0.6535928E+00  Si
  0.6398744E+02  0.6280068E+01  0.3364803E+01  Si
  0.6146424E+02  0.9055425E+01  0.3665566E+01  Si
  0.4330857E+02  0.1111294E+02  0.2130799E+02  Si
  0.4601340E+02  0.1329676E+02  0.2159963E+02  Si
  0.4633733E+02  0.1119365E+02  0.2341906E+01  Si
  0.4327569E+02  0.1354668E+02  0.2763143E+01  Si
  0.4454387E+02  0.1214786E+02  0.1361303E+01  Si
  0.4731645E+02  0.1479002E+02  0.1036006E+01  Si
  0.4756271E+02  0.1201709E+02  0.4019751E+01  Si
  0.4486571E+02  0.1465444E+02  0.4005339E+01  Si
  0.4932118E+02  0.1076072E+02  0.2109211E+02  Si
  0.5195103E+02  0.1323084E+02  0.2109336E+02  Si
  0.5158767E+02  0.1093784E+02  0.2303226E+01  Si
  0.4865150E+02  0.1341358E+02  0.2384856E+01  Si
  0.5024083E+02  0.1221802E+02  0.8041031E+00  Si
  0.5297207E+02  0.1463012E+02  0.7380161E+00  Si
  0.5321463E+02  0.1209006E+02  0.3649149E+01  Si
  0.5043607E+02  0.1455057E+02  0.3730155E+01  Si
  0.5467516E+02  0.1031769E+02  0.2133631E+02  Si
  0.5716676E+02  0.1332916E+02  0.2127951E+02  Si
  0.5739565E+02  0.1071897E+02  0.2229192E+01  Si
  0.5438641E+02  0.1340449E+02  0.2082985E+01  Si
  0.5586103E+02  0.1201268E+02  0.9962891E+00  Si
  0.5839144E+02  0.1473184E+02  0.7303119E+00  Si
  0.5878171E+02  0.1190444E+02  0.3522514E+01  Si
  0.5587504E+02  0.1445821E+02  0.3562677E+01  Si
  0.5975706E+02  0.1048181E+02  0.2127261E+02  Si
  0.6262888E+02  0.1328057E+02  0.2122245E+02  Si
  0.6242107E+02  0.1039836E+02  0.2140933E+01  Si
  0.5980952E+02  0.1352568E+02  0.2115683E+01  Si
  0.6119438E+02  0.1201210E+02  0.7187872E+00  Si
  0.6362562E+02  0.1462930E+02  0.9677053E+00  Si
  0.6384617E+02  0.1173969E+02  0.3432962E+01  Si
  0.6130132E+02  0.1481193E+02  0.3342001E+01  Si
  0.4363985E+02  0.1613389E+02  0.2130941E+02  Si
  0.4607864E+02  0.1874463E+02  0.2147934E+02  Si
  0.4615022E+02  0.1613615E+02  0.2500110E+01  Si
  0.4337767E+02  0.1895993E+02  0.2469501E+01  Si
  0.4477955E+02  0.1753435E+02  0.1085905E+01  Si
  0.4748120E+02  0.2014543E+02  0.9674139E+00  Si
  0.4776146E+02  0.1732161E+02  0.3865289E+01  Si
  0.4463109E+02  0.2029815E+02  0.3751620E+01  Si
  0.4888049E+02  0.1597023E+02  0.2134810E+02  Si
  0.5168211E+02  0.1879033E+02  0.2121834E+02  Si
  0.5177502E+02  0.1587380E+02  0.2388110E+01  Si
  0.4902457E+02  0.1884404E+02  0.2606836E+01  Si
  0.5022775E+02  0.1752698E+02  0.1047680E+01  Si
  0.5303945E+02  0.2009441E+02  0.8092919E+00  Si
  0.5282828E+02  0.1743610E+02  0.3764834E+01  Si
  0.5041146E+02  0.2040623E+02  0.3691755E+01  Si
  0.5460414E+02  0.1612097E+02  0.2133148E+02  Si
  0.5691542E+02  0.1891265E+02  0.2150630E+02  Si
  0.5719562E+02  0.1594505E+02  0.2271597E+01  Si
  0.5423217E+02  0.1874734E+02  0.2344756E+01  Si
  0.5578483E+02  0.1726754E+02  0.1186373E+01  Si
  0.5835501E+02  0.2015332E+02  0.9078132E+00  Si
  0.5855494E+02  0.1745309E+02  0.3910786E+01  Si
  0.5546106E+02  0.2003465E+02  0.3695917E+01  Si
  0.5980286E+02  0.1617770E+02  0.2125207E+02  Si
  0.6238421E+02  0.1862139E+02  0.2143220E+02  Si
  0.6270858E+02  0.1620977E+02  0.2379785E+01  Si
  0.5969032E+02  0.1875860E+02  0.2181866E+01  Si
  0.6112881E+02  0.1733359E+02  0.1049919E+01  Si
  0.6364878E+02  0.1997195E+02  0.1129021E+01  Si
  0.6394340E+02  0.1757408E+02  0.3748676E+01  Si
  0.6093276E+02  0.2014606E+02  0.3565109E+01  Si
  0.4331715E+02  0.2168823E+02  0.5011663E+01  Si
  0.4606044E+02  0.2886186E+01  0.4853160E+01  Si
  0.4617653E+02  0.3844769E-01  0.7821228E+01  Si
  0.4338018E+02  0.2716018E+01  0.7756631E+01  Si
  0.4465262E+02  0.1349836E+01  0.6214804E+01  Si
  0.4742365E+02  0.4127461E+01  0.6264740E+01  Si
  0.4793364E+02  0.1322949E+01  0.9033955E+01  Si
  0.4479358E+02  0.3956786E+01  0.8856927E+01  Si
  0.4885563E+02  0.2476224E+00  0.5055882E+01  Si
  0.5159743E+02  0.2727688E+01  0.4928187E+01  Si
  0.5135961E+02  0.2167852E+02  0.7690671E+01  Si
  0.4895902E+02  0.3199026E+01  0.7483985E+01  Si
  0.5021989E+02  0.1321939E+01  0.6354218E+01  Si
  0.5317252E+02  0.4160347E+01  0.6150217E+01  Si
  0.5303481E+02  0.1118412E+01  0.9002453E+01  Si
  0.5067868E+02  0.3957706E+01  0.8937305E+01  Si
  0.5430056E+02  0.2158170E+02  0.5117808E+01  Si
  0.5718755E+02  0.2501775E+01  0.4731211E+01  Si
  0.5711979E+02  0.2137122E+02  0.7753329E+01  Si
  0.5422845E+02  0.2403603E+01  0.7547980E+01  Si
  0.5588455E+02  0.1118949E+01  0.6115650E+01  Si
  0.5831025E+02  0.3933293E+01  0.6314755E+01  Si
  0.5841487E+02  0.9218497E+00  0.9043498E+01  Si
  0.5555968E+02  0.3845088E+01  0.8901071E+01  Si
  0.5954428E+02  0.2130008E+02  0.4985789E+01  Si
  0.6246996E+02  0.2128306E+01  0.4805772E+01  Si
  0.6242737E+02  0.2139056E+02  0.7855165E+01  Si
  0.5966378E+02  0.2526283E+01  0.7727195E+01  Si
  0.6093880E+02  0.9046850E+00  0.6394270E+01  Si
  0.6382113E+02  0.3614877E+01  0.6130816E+01  Si
  0.6376312E+02  0.1110552E+01  0.9268698E+01  Si
  0.6128408E+02  0.3844552E+01  0.9103279E+01  Si
  0.4316181E+02  0.5713095E+01  0.4735949E+01  Si
  0.4653638E+02  0.8394641E+01  0.4978445E+01  Si
  0.4611525E+02  0.5403960E+01  0.7545007E+01  Si
  0.4354910E+02  0.8290531E+01  0.7626122E+01  Si
  0.4480200E+02  0.6919440E+01  0.6169721E+01  Si
  0.4776493E+02  0.9499571E+01  0.6764483E+01  Si
  0.4759335E+02  0.6704721E+01  0.9175563E+01  Si
  0.4482031E+02  0.9499615E+01  0.9173749E+01  Si
  0.4879285E+02  0.5561103E+01  0.4748126E+01  Si
  0.5158270E+02  0.8172753E+01  0.4787483E+01  Si
  0.5161051E+02  0.5393993E+01  0.7487077E+01  Si
  0.4891315E+02  0.7774237E+01  0.7689920E+01  Si
  0.5017306E+02  0.6693328E+01  0.6238922E+01  Si
  0.5301346E+02  0.9558672E+01  0.6148185E+01  Si
  0.5296588E+02  0.6735284E+01  0.8973455E+01  Si
  0.5023859E+02  0.9303842E+01  0.9072741E+01  Si
  0.5426565E+02  0.5482601E+01  0.4819609E+01  Si
  0.5729788E+02  0.7957576E+01  0.4748167E+01  Si
  0.5693809E+02  0.5406719E+01  0.7658098E+01  Si
  0.5426489E+02  0.8287140E+01  0.7506150E+01  Si
  0.5566636E+02  0.6801822E+01  0.6223232E+01  Si
  0.5844160E+02  0.9444160E+01  0.6342182E+01  Si
  0.5828632E+02  0.6702083E+01  0.9149292E+01  Si
  0.5555556E+02  0.9360384E+01  0.8977979E+01  Si
  0.5992751E+02  0.5138255E+01  0.4958721E+01  Si
  0.6299964E+02  0.7652184E+01  0.4974870E+01  Si
  0.6259730E+02  0.5188760E+01  0.7485221E+01  Si
  0.5960530E+02  0.8041684E+01  0.7775468E+01  Si
  0.6124786E+02  0.6624880E+01  0.6280519E+01  Si
  0.6394335E+02  0.9322003E+01  0.6455576E+01  Si
  0.6380876E+02  0.6786272E+01  0.9332211E+01  Si
  0.6124781E+02  0.9188265E+01  0.8778142E+01  Si
  0.4338447E+02  0.1114519E+02  0.4852021E+01  Si
  0.4627994E+02  0.1347469E+02  0.5394269E+01  Si
  0.4623676E+02  0.1092209E+02  0.7825178E+01  Si
  0.4340413E+02  0.1372629E+02  0.7770141E+01  Si
  0.4475006E+02  0.1224178E+02  0.6607935E+01  Si
  0.4742398E+02  0.1509762E+02  0.6284312E+01  Si
  0.4770270E+02  0.1246558E+02  0.9205683E+01  Si
  0.4492808E+02  0.1499854E+02  0.9220419E+01  Si
  0.4920761E+02  0.1085671E+02  0.5330425E+01  Si
  0.5189108E+02  0.1325797E+02  0.5162908E+01  Si
  0.5153771E+02  0.1079261E+02  0.7653332E+01  Si
  0.4888376E+02  0.1366459E+02  0.7670321E+01  Si
  0.5031145E+02  0.1228166E+02  0.6475056E+01  Si
  0.5303789E+02  0.1477792E+02  0.6406871E+01  Si
  0.5321946E+02  0.1206507E+02  0.8856977E+01  Si
  0.5005122E+02  0.1484017E+02  0.9229378E+01  Si
  0.5471668E+02  0.1059768E+02  0.4796462E+01  Si
  0.5747110E+02  0.1347103E+02  0.4701161E+01  Si
  0.5710134E+02  0.1094198E+02  0.7756262E+01  Si
  0.5458657E+02  0.1328276E+02  0.7437038E+01  Si
  0.5627656E+02  0.1185620E+02  0.5938262E+01  Si
  0.5862153E+02  0.1499487E+02  0.6099991E+01  Si
  0.5859677E+02  0.1212115E+02  0.8908483E+01  Si
  0.5578320E+02  0.1473951E+02  0.9189332E+01  Si
  0.5997359E+02  0.1048933E+02  0.5040880E+01  Si
  0.6249702E+02  0.1341511E+02  0.4810853E+01  Si
  0.6270502E+02  0.1058137E+02  0.7627802E+01  Si
  0.6003069E+02  0.1338460E+02  0.7647820E+01  Si
  0.6128481E+02  0.1207328E+02  0.6218601E+01  Si
  0.6393238E+02  0.1471813E+02  0.6211703E+01  Si
  0.6391996E+02  0.1188286E+02  0.9234411E+01  Si
  0.6105013E+02  0.1476785E+02  0.9019339E+01  Si
  0.4340327E+02  0.1619411E+02  0.4984934E+01  Si
  0.4603969E+02  0.1871252E+02  0.5125953E+01  Si
  0.4604460E+02  0.1638852E+02  0.7778564E+01  Si
  0.4338576E+02  0.1894602E+02  0.7597475E+01  Si
  0.4465982E+02  0.1759915E+02  0.6415617E+01  Si
  0.4728870E+02  0.2042910E+02  0.6423475E+01  Si
  0.4735744E+02  0.1759287E+02  0.9217608E+01  Si
  0.4468814E+02  0.2024059E+02  0.9194939E+01  Si
  0.4912084E+02  0.1607568E+02  0.5062617E+01  Si
  0.5168562E+02  0.1900164E+02  0.5055876E+01  Si
  0.5154285E+02  0.1622132E+02  0.7739079E+01  Si
  0.4850072E+02  0.1897287E+02  0.7674092E+01  Si
  0.5024750E+02  0.1780983E+02  0.6373082E+01  Si
  0.5292436E+02  0.2012067E+02  0.6294844E+01  Si
  0.5288100E+02  0.1717503E+02  0.9377531E+01  Si
  0.5028687E+02  0.1984772E+02  0.8844373E+01  Si
  0.5450991E+02  0.1602144E+02  0.4841505E+01  Si
  0.5703910E+02  0.1878422E+02  0.5017925E+01  Si
  0.5716369E+02  0.1607777E+02  0.7479839E+01  Si
  0.5422087E+02  0.1850363E+02  0.7815292E+01  Si
  0.5576706E+02  0.1740236E+02  0.6243472E+01  Si
  0.5830651E+02  0.1998669E+02  0.6540697E+01  Si
  0.5837770E+02  0.1739006E+02  0.9166008E+01  Si
  0.5555819E+02  0.2009980E+02  0.9023019E+01  Si
  0.5998553E+02  0.1592731E+02  0.5001742E+01  Si
  0.6233110E+02  0.1882953E+02  0.4845188E+01  Si
  0.6238867E+02  0.1620547E+02  0.7633583E+01  Si
  0.5975528E+02  0.1870350E+02  0.7745313E+01  Si
  0.6093073E+02  0.1732404E+02  0.6441104E+01  Si
  0.6343428E+02  0.2023409E+02  0.6209411E+01  Si
  0.6389222E+02  0.1756676E+02  0.9120456E+01  Si
  0.6115562E+02  0.2001829E+02  0.9238355E+01  Si
  0.4327704E+02  0.2169469E+02  0.1053608E+02  Si
  0.4617316E+02  0.2436331E+01  0.1020129E+02  Si
  0.4624022E+02  0.6135571E-01  0.1325530E+02  Si
  0.4357224E+02  0.2816738E+01  0.1337001E+02  Si
  0.4483656E+02  0.1385413E+01  0.1186229E+02  Si
  0.4759246E+02  0.3838559E+01  0.1155098E+02  Si
  0.4754947E+02  0.1153060E+01  0.1475647E+02  Si
  0.4497950E+02  0.4198098E+01  0.1450658E+02  Si
  0.4910359E+02  0.2132557E+02  0.1028619E+02  Si
  0.5172027E+02  0.2246188E+01  0.1030759E+02  Si
  0.5149825E+02  0.2144351E+02  0.1333334E+02  Si
  0.4873469E+02  0.2243267E+01  0.1325586E+02  Si
  0.5014855E+02  0.1055142E+01  0.1171785E+02  Si
  0.5290107E+02  0.3677474E+01  0.1178747E+02  Si
  0.5312088E+02  0.8996779E+00  0.1453389E+02  Si
  0.5027607E+02  0.3571574E+01  0.1431946E+02  Si
  0.5457204E+02  0.2161155E+02  0.1053527E+02  Si
  0.5705985E+02  0.2449752E+01  0.1027533E+02  Si
  0.5697745E+02  0.2162577E+02  0.1352613E+02  Si
  0.5430615E+02  0.2371462E+01  0.1313369E+02  Si
  0.5574417E+02  0.1168745E+01  0.1183792E+02  Si
  0.5841375E+02  0.3914269E+01  0.1159271E+02  Si
  0.5854802E+02  0.1240188E+01  0.1461253E+02  Si
  0.5562368E+02  0.3831290E+01  0.1436636E+02  Si
  0.5975335E+02  0.2142955E+02  0.1064903E+02  Si
  0.6265219E+02  0.2472019E+01  0.1071322E+02  Si
  0.6270150E+02  0.2150503E+02  0.1327089E+02  Si
  0.5953664E+02  0.2594345E+01  0.1312297E+02  Si
  0.6117580E+02  0.1164001E+01  0.1208334E+02  Si
  0.6401394E+02  0.4077764E+01  0.1218318E+02  Si
  0.6415934E+02  0.1213804E+01  0.1448580E+02  Si
  0.6097327E+02  0.3882716E+01  0.1472419E+02  Si
  0.4355034E+02  0.5277529E+01  0.1040262E+02  Si
  0.4604228E+02  0.8101680E+01  0.1035600E+02  Si
  0.4639453E+02  0.5243887E+01  0.1315545E+02  Si
  0.4341277E+02  0.7829974E+01  0.1332501E+02  Si
  0.4486412E+02  0.6659454E+01  0.1182149E+02  Si
  0.4752437E+02  0.9262012E+01  0.1182079E+02  Si
  0.4772915E+02  0.6574134E+01  0.1451554E+02  Si
  0.4470443E+02  0.9215056E+01  0.1454257E+02  Si
  0.4891291E+02  0.5221594E+01  0.1030010E+02  Si
  0.5159806E+02  0.8044625E+01  0.1040727E+02  Si
  0.5158061E+02  0.5179773E+01  0.1302573E+02  Si
  0.4884976E+02  0.7947102E+01  0.1328165E+02  Si
  0.5018266E+02  0.6621967E+01  0.1162879E+02  Si
  0.5278650E+02  0.9236677E+01  0.1162864E+02  Si
  0.5287960E+02  0.6467508E+01  0.1415038E+02  Si
  0.5027176E+02  0.9281831E+01  0.1457137E+02  Si
  0.5408919E+02  0.5159943E+01  0.1043704E+02  Si
  0.5689848E+02  0.7923768E+01  0.1028992E+02  Si
  0.5692190E+02  0.5262193E+01  0.1298064E+02  Si
  0.5423448E+02  0.7885705E+01  0.1292426E+02  Si
  0.5549078E+02  0.6565670E+01  0.1147215E+02  Si
  0.5818915E+02  0.9210152E+01  0.1159712E+02  Si
  0.5820396E+02  0.6730002E+01  0.1444403E+02  Si
  0.5534886E+02  0.9326672E+01  0.1444524E+02  Si
  0.5977846E+02  0.5133711E+01  0.1028591E+02  Si
  0.6230257E+02  0.8066559E+01  0.1060490E+02  Si
  0.6243702E+02  0.5158497E+01  0.1339481E+02  Si
  0.5956152E+02  0.7965736E+01  0.1306743E+02  Si
  0.6087774E+02  0.6432098E+01  0.1184466E+02  Si
  0.6405222E+02  0.9096705E+01  0.1226594E+02  Si
  0.6361935E+02  0.6769391E+01  0.1456196E+02  Si
  0.6099892E+02  0.9459419E+01  0.1429245E+02  Si
  0.4334016E+02  0.1069976E+02  0.1060862E+02  Si
  0.4605373E+02  0.1360722E+02  0.1066326E+02  Si
  0.4623305E+02  0.1065828E+02  0.1313006E+02  Si
  0.4355907E+02  0.1373005E+02  0.1329333E+02  Si
  0.4469947E+02  0.1204872E+02  0.1199248E+02  Si
  0.4737610E+02  0.1492466E+02  0.1183854E+02  Si
  0.4772426E+02  0.1204244E+02  0.1450447E+02  Si
  0.4509421E+02  0.1501296E+02  0.1458663E+02  Si
  0.4877765E+02  0.1072010E+02  0.1051045E+02  Si
  0.5188166E+02  0.1339429E+02  0.1030060E+02  Si
  0.5151809E+02  0.1060222E+02  0.1311774E+02  Si
  0.4887524E+02  0.1361185E+02  0.1306715E+02  Si
  0.5035011E+02  0.1204479E+02  0.1157000E+02  Si
  0.5293829E+02  0.1459134E+02  0.1195480E+02  Si
  0.5278121E+02  0.1212514E+02  0.1463320E+02  Si
  0.5012652E+02  0.1485220E+02  0.1477689E+02  Si
  0.5439560E+02  0.1063693E+02  0.1025708E+02  Si
  0.5725042E+02  0.1342607E+02  0.1037237E+02  Si
  0.5708045E+02  0.1041828E+02  0.1313955E+02  Si
  0.5430749E+02  0.1311800E+02  0.1330234E+02  Si
  0.5566313E+02  0.1179931E+02  0.1176402E+02  Si
  0.5849867E+02  0.1476344E+02  0.1180286E+02  Si
  0.5840524E+02  0.1209433E+02  0.1429346E+02  Si
  0.5565209E+02  0.1475142E+02  0.1462449E+02  Si
  0.5995531E+02  0.1054485E+02  0.1022421E+02  Si
  0.6244751E+02  0.1324575E+02  0.1041856E+02  Si
  0.6277920E+02  0.1070576E+02  0.1319989E+02  Si
  0.5997302E+02  0.1311411E+02  0.1287486E+02  Si
  0.6123611E+02  0.1172685E+02  0.1147050E+02  Si
  0.6389351E+02  0.1459282E+02  0.1191025E+02  Si
  0.6408083E+02  0.1196049E+02  0.1469685E+02  Si
  0.6119982E+02  0.1456419E+02  0.1430368E+02  Si
  0.4357855E+02  0.1636779E+02  0.1068760E+02  Si
  0.4617739E+02  0.1904941E+02  0.1057000E+02  Si
  0.4622291E+02  0.1628307E+02  0.1316668E+02  Si
  0.4357401E+02  0.1938378E+02  0.1339082E+02  Si
  0.4491335E+02  0.1794882E+02  0.1206548E+02  Si
  0.4768826E+02  0.2044819E+02  0.1176773E+02  Si
  0.4766800E+02  0.1747277E+02  0.1458792E+02  Si
  0.4483008E+02  0.2063365E+02  0.1486251E+02  Si
  0.4877326E+02  0.1623934E+02  0.1048171E+02  Si
  0.5168343E+02  0.1878129E+02  0.1056580E+02  Si
  0.5162581E+02  0.1630126E+02  0.1335835E+02  Si
  0.4891795E+02  0.1910960E+02  0.1325683E+02  Si
  0.5008611E+02  0.1750307E+02  0.1196987E+02  Si
  0.5322026E+02  0.2019484E+02  0.1185526E+02  Si
  0.5302184E+02  0.1735289E+02  0.1485029E+02  Si
  0.5010406E+02  0.2005534E+02  0.1478959E+02  Si
  0.5432506E+02  0.1592774E+02  0.1068167E+02  Si
  0.5712896E+02  0.1904242E+02  0.1045167E+02  Si
  0.5731812E+02  0.1618839E+02  0.1333030E+02  Si
  0.5440424E+02  0.1862639E+02  0.1332777E+02  Si
  0.5587626E+02  0.1736453E+02  0.1194646E+02  Si
  0.5822101E+02  0.2033888E+02  0.1202093E+02  Si
  0.5861418E+02  0.1755358E+02  0.1457310E+02  Si
  0.5557727E+02  0.2003998E+02  0.1477811E+02  Si
  0.5988675E+02  0.1630727E+02  0.1065217E+02  Si
  0.6263414E+02  0.1909746E+02  0.1064281E+02  Si
  0.6252135E+02  0.1600693E+02  0.1326596E+02  Si
  0.5982408E+02  0.1906668E+02  0.1334763E+02  Si
  0.6125549E+02  0.1778575E+02  0.1197115E+02  Si
  0.6403413E+02  0.2014926E+02  0.1203624E+02  Si
  0.6390041E+02  0.1727746E+02  0.1477451E+02  Si
  0.6125264E+02  0.2023307E+02  0.1463875E+02  Si
  0.4322058E+02  0.9228054E-01  0.1633190E+02  Si
  0.4605590E+02  0.2805343E+01  0.1599182E+02  Si
  0.4586924E+02  0.2167017E+02  0.1889799E+02  Si
  0.4172658E+02  0.1219066E+01  0.2035553E+02  Si
  0.4462612E+02  0.1359445E+01  0.1734104E+02  Si
  0.4751016E+02  0.4054528E+01  0.1755653E+02  Si
  0.4744496E+02  0.1138556E+01  0.2032535E+02  Si
  0.4463061E+02  0.4148822E+01  0.1997476E+02  Si
  0.4873330E+02  0.2150411E+02  0.1628190E+02  Si
  0.5155950E+02  0.2141239E+01  0.1572276E+02  Si
  0.5173287E+02  0.2132331E+02  0.1911384E+02  Si
  0.4868749E+02  0.2297304E+01  0.1883362E+02  Si
  0.5039548E+02  0.9717188E+00  0.1744997E+02  Si
  0.5272594E+02  0.3833564E+01  0.1707102E+02  Si
  0.5302631E+02  0.1327994E+01  0.2010732E+02  Si
  0.5005766E+02  0.3765074E+01  0.1989759E+02  Si
  0.5427199E+02  0.2121957E+02  0.1610681E+02  Si
  0.5707575E+02  0.2507546E+01  0.1596969E+02  Si
  0.5707914E+02  0.2151272E+02  0.1893066E+02  Si
  0.5415311E+02  0.2555062E+01  0.1847664E+02  Si
  0.5573833E+02  0.9777157E+00  0.1719494E+02  Si
  0.5861847E+02  0.3733998E+01  0.1711954E+02  Si
  0.5844618E+02  0.1131117E+01  0.1995647E+02  Si
  0.5576625E+02  0.3875434E+01  0.1960910E+02  Si
  0.5981480E+02  0.2142062E+02  0.1589158E+02  Si
  0.6246550E+02  0.2498257E+01  0.1575814E+02  Si
  0.6267193E+02  0.2142704E+02  0.1875528E+02  Si
  0.5994730E+02  0.2375736E+01  0.1853155E+02  Si
  0.6127651E+02  0.9051541E+00  0.1728230E+02  Si
  0.6396738E+02  0.3935905E+01  0.1719113E+02  Si
  0.6399168E+02  0.1062258E+01  0.1988638E+02  Si
  0.6106039E+02  0.3704892E+01  0.2003132E+02  Si
  0.4344213E+02  0.5317872E+01  0.1614791E+02  Si
  0.4625089E+02  0.8040142E+01  0.1596772E+02  Si
  0.4617450E+02  0.5541577E+01  0.1869262E+02  Si
  0.4354858E+02  0.8146541E+01  0.1892735E+02  Si
  0.4476019E+02  0.6794039E+01  0.1741247E+02  Si
  0.4730429E+02  0.9492123E+01  0.1742950E+02  Si
  0.4744675E+02  0.7007702E+01  0.2010839E+02  Si
  0.4475251E+02  0.9557315E+01  0.2024786E+02  Si
  0.4885655E+02  0.4722147E+01  0.1574266E+02  Si
  0.5135884E+02  0.7662205E+01  0.1553740E+02  Si
  0.5141742E+02  0.5089474E+01  0.1852986E+02  Si
  0.4909566E+02  0.8071144E+01  0.1855468E+02  Si
  0.5003273E+02  0.6519828E+01  0.1718312E+02  Si
  0.5298799E+02  0.8952081E+01  0.1694485E+02  Si
  0.5309101E+02  0.6272180E+01  0.1968348E+02  Si
  0.5056010E+02  0.9485883E+01  0.1965357E+02  Si
  0.5407517E+02  0.5065102E+01  0.1561284E+02  Si
  0.5694751E+02  0.8169366E+01  0.1571568E+02  Si
  0.5694806E+02  0.4994602E+01  0.1828521E+02  Si
  0.5451516E+02  0.7667191E+01  0.1817647E+02  Si
  0.5585413E+02  0.6243637E+01  0.1670015E+02  Si
  0.5839573E+02  0.9211292E+01  0.1718568E+02  Si
  0.5844657E+02  0.6322231E+01  0.1977556E+02  Si
  0.5585538E+02  0.9303829E+01  0.1964268E+02  Si
  0.5952969E+02  0.5404311E+01  0.1590356E+02  Si
  0.6211576E+02  0.8109447E+01  0.1586716E+02  Si
  0.6244477E+02  0.4902921E+01  0.1861814E+02  Si
  0.5971033E+02  0.7824154E+01  0.1855519E+02  Si
  0.6108379E+02  0.6387192E+01  0.1737379E+02  Si
  0.6368436E+02  0.9336906E+01  0.1716535E+02  Si
  0.6388416E+02  0.6696774E+01  0.1966625E+02  Si
  0.6115750E+02  0.9230259E+01  0.1988691E+02  Si
  0.4340977E+02  0.1060242E+02  0.1609726E+02  Si
  0.4621462E+02  0.1334052E+02  0.1583857E+02  Si
  0.4595099E+02  0.1091235E+02  0.1874449E+02  Si
  0.4208894E+02  0.1480591E+02  0.1710560E+02  Si
  0.4475999E+02  0.1208748E+02  0.1728959E+02  Si
  0.4750163E+02  0.1482750E+02  0.1729334E+02  Si
  0.4749655E+02  0.1214392E+02  0.2012645E+02  Si
  0.4489865E+02  0.1473012E+02  0.2001497E+02  Si
  0.4908084E+02  0.1070462E+02  0.1604346E+02  Si
  0.5163980E+02  0.1346085E+02  0.1605865E+02  Si
  0.5190544E+02  0.1068505E+02  0.1829199E+02  Si
  0.4870821E+02  0.1348150E+02  0.1854380E+02  Si
  0.5022578E+02  0.1208645E+02  0.1750708E+02  Si
  0.5307829E+02  0.1453213E+02  0.1739558E+02  Si
  0.5317714E+02  0.1165534E+02  0.1989554E+02  Si
  0.5035361E+02  0.1444242E+02  0.2002423E+02  Si
  0.5428035E+02  0.1052538E+02  0.1595628E+02  Si
  0.5710670E+02  0.1343158E+02  0.1583493E+02  Si
  0.5714414E+02  0.1080209E+02  0.1828225E+02  Si
  0.5432629E+02  0.1330940E+02  0.1867759E+02  Si
  0.5573569E+02  0.1209528E+02  0.1721803E+02  Si
  0.5849283E+02  0.1482807E+02  0.1721256E+02  Si
  0.5846179E+02  0.1202158E+02  0.1982507E+02  Si
  0.5579190E+02  0.1459103E+02  0.1999036E+02  Si
  0.5965154E+02  0.1073288E+02  0.1576268E+02  Si
  0.6247916E+02  0.1331505E+02  0.1582621E+02  Si
  0.6242341E+02  0.1062190E+02  0.1837032E+02  Si
  0.6007838E+02  0.1332549E+02  0.1852815E+02  Si
  0.6099657E+02  0.1200473E+02  0.1708783E+02  Si
  0.6395398E+02  0.1435759E+02  0.1723386E+02  Si
  0.6386059E+02  0.1177617E+02  0.1983798E+02  Si
  0.6131973E+02  0.1484912E+02  0.1980622E+02  Si
  0.4348025E+02  0.1629836E+02  0.1580253E+02  Si
  0.4627187E+02  0.1907528E+02  0.1605193E+02  Si
  0.4634999E+02  0.1605108E+02  0.1878906E+02  Si
  0.4327314E+02  0.1878427E+02  0.1855740E+02  Si
  0.4497287E+02  0.1757379E+02  0.1729887E+02  Si
  0.4727883E+02  0.2033580E+02  0.1788856E+02  Si
  0.4743469E+02  0.1729062E+02  0.2025494E+02  Si
  0.4463879E+02  0.2020606E+02  0.2018786E+02  Si
  0.4904751E+02  0.1613690E+02  0.1609838E+02  Si
  0.5176143E+02  0.1872782E+02  0.1607794E+02  Si
  0.5159813E+02  0.1611767E+02  0.1875623E+02  Si
  0.4872402E+02  0.1864153E+02  0.1890327E+02  Si
  0.5023395E+02  0.1756582E+02  0.1743729E+02  Si
  0.5298993E+02  0.2001661E+02  0.1758591E+02  Si
  0.5317098E+02  0.1735269E+02  0.2010842E+02  Si
  0.4992693E+02  0.2031575E+02  0.2014543E+02  Si
  0.5451949E+02  0.1588143E+02  0.1617890E+02  Si
  0.5721504E+02  0.1890246E+02  0.1610140E+02  Si
  0.5714147E+02  0.1613529E+02  0.1864495E+02  Si
  0.5441689E+02  0.1875120E+02  0.1890065E+02  Si
  0.5564373E+02  0.1763807E+02  0.1740828E+02  Si
  0.5843294E+02  0.2016003E+02  0.1737898E+02  Si
  0.5838922E+02  0.1766063E+02  0.2001968E+02  Si
  0.5561403E+02  0.2010198E+02  0.2011975E+02  Si
  0.5996997E+02  0.1598882E+02  0.1589274E+02  Si
  0.6237842E+02  0.1889851E+02  0.1609905E+02  Si
  0.6293305E+02  0.1603302E+02  0.1854001E+02  Si
  0.5982451E+02  0.1875931E+02  0.1861497E+02  Si
  0.6117118E+02  0.1729115E+02  0.1740038E+02  Si
  0.6385373E+02  0.2001199E+02  0.1741409E+02  Si
  0.6386510E+02  0.1745846E+02  0.1996408E+02  Si
  0.6129875E+02  0.1991992E+02  0.1994122E+02  Si
