         
  0.6515772E+02  0.0000000E+00  0.2171924E+02
  0.0000000E+00  0.0000000E+00  0.2171924E+02
  0.7343794E-01  0.2125524E+02  0.2130068E+02  Si
  0.2595300E+01  0.2610373E+01  0.2126734E+02  Si
  0.2674071E+01  0.2147998E+02  0.2435160E+01  Si
  0.2408754E-01  0.2565791E+01  0.2380744E+01  Si
  0.1299829E+01  0.1151994E+01  0.8303148E+00  Si
  0.4125264E+01  0.3866738E+01  0.8772129E+00  Si
  0.4155271E+01  0.1088811E+01  0.4035416E+01  Si
  0.1497543E+01  0.3861766E+01  0.3556406E+01  Si
  0.5565478E+01  0.2141173E+02  0.2141151E+02  Si
  0.8073723E+01  0.2304147E+01  0.2135409E+02  Si
  0.8122799E+01  0.2109368E+02  0.2421323E+01  Si
  0.5444602E+01  0.2370038E+01  0.2398599E+01  Si
  0.6867247E+01  0.9164161E+00  0.1127367E+01  Si
  0.9165133E+01  0.3812268E+01  0.1022627E+01  Si
  0.9324172E+01  0.9388354E+00  0.3787646E+01  Si
  0.6689397E+01  0.3754407E+01  0.3854442E+01  Si
  0.1059399E+02  0.2129382E+02  0.2135873E+02  Si
  0.1338256E+02  0.2248936E+01  0.2122384E+02  Si
  0.1318201E+02  0.2116764E+02  0.2121566E+01  Si
  0.1088136E+02  0.2503983E+01  0.2596588E+01  Si
  0.1196337E+02  0.1049331E+01  0.9620335E+00  Si
  0.1493997E+02  0.3591947E+01  0.7681813E+00  Si
  0.1467732E+02  0.1089888E+01  0.3548121E+01  Si
  0.1209044E+02  0.3851441E+01  0.3640167E+01  Si
  0.1624878E+02  0.2126524E+02  0.2118636E+02  Si
  0.1898725E+02  0.2349234E+01  0.2143949E+02  Si
  0.1887112E+02  0.2115157E+02  0.2176459E+01  Si
  0.1631814E+02  0.2289008E+01  0.2324370E+01  Si
  0.1737605E+02  0.8073994E+00  0.7713507E+00  Si
  0.2463724E+02  0.2375617E+01  0.2141646E+02  Si
  0.2177907E+02  0.2520187E+01  0.2818809E+01  Si
  0.1780365E+02  0.3663597E+01  0.3621843E+01  Si
  0.3183784E-01  0.5215489E+01  0.2138509E+02  Si
  0.2502848E+01  0.7563472E+01  0.2133043E+02  Si
  0.3034786E+01  0.5272538E+01  0.2374546E+01  Si
  0.6497665E+02  0.7715336E+01  0.2551492E+01  Si
  0.1341066E+01  0.6495251E+01  0.1285737E+01  Si
  0.4116846E+01  0.8814199E+01  0.1003932E+01  Si
  0.4176418E+01  0.6520961E+01  0.3722892E+01  Si
  0.1350212E+01  0.8952383E+01  0.3676293E+01  Si
  0.5359230E+01  0.5372242E+01  0.2107705E+02  Si
  0.8027226E+01  0.7915147E+01  0.2136309E+02  Si
  0.7993464E+01  0.5048340E+01  0.2349678E+01  Si
  0.5444055E+01  0.7966729E+01  0.2505867E+01  Si
  0.6828200E+01  0.6518336E+01  0.1002642E+01  Si
  0.9509663E+01  0.9229111E+01  0.1187396E+01  Si
  0.9547415E+01  0.6520757E+01  0.3440549E+01  Si
  0.6854127E+01  0.9098151E+01  0.4078832E+01  Si
  0.1037829E+02  0.5382809E+01  0.2129132E+02  Si
  0.1378867E+02  0.7753129E+01  0.2163456E+02  Si
  0.1352824E+02  0.5037338E+01  0.2294367E+01  Si
  0.1090496E+02  0.7745735E+01  0.2283922E+01  Si
  0.1204802E+02  0.6214554E+01  0.8600765E+00  Si
  0.1526630E+02  0.9187438E+01  0.1011131E+01  Si
  0.1510818E+02  0.6636050E+01  0.3529620E+01  Si
  0.1236063E+02  0.8902630E+01  0.3310801E+01  Si
  0.1635479E+02  0.4894887E+01  0.2114420E+02  Si
  0.1935825E+02  0.7665316E+01  0.2131841E+02  Si
  0.1933519E+02  0.4922337E+01  0.2332953E+01  Si
  0.1663130E+02  0.7866251E+01  0.2365915E+01  Si
  0.1791392E+02  0.6205627E+01  0.8695136E+00  Si
  0.2141135E+02  0.1005910E+02  0.2087175E+02  Si
  0.2633683E+02  0.6217791E+00  0.1094770E+02  Si
  0.1815927E+02  0.9079890E+01  0.3736438E+01  Si
  0.6503371E+02  0.1072715E+02  0.2156860E+02  Si
  0.2708781E+01  0.1317978E+02  0.2137054E+02  Si
  0.2775922E+01  0.1033013E+02  0.2278532E+01  Si
  0.2523228E-01  0.1331890E+02  0.2372562E+01  Si
  0.1292491E+01  0.1186129E+02  0.1090354E+01  Si
  0.3938944E+01  0.1451359E+02  0.1160928E+01  Si
  0.3929885E+01  0.1152549E+02  0.3751801E+01  Si
  0.1350056E+01  0.1460674E+02  0.3870682E+01  Si
  0.5548396E+01  0.1026919E+02  0.2128626E+02  Si
  0.8317689E+01  0.1314623E+02  0.2122473E+02  Si
  0.8068683E+01  0.1075189E+02  0.2600488E+01  Si
  0.5297637E+01  0.1314296E+02  0.2446951E+01  Si
  0.6711463E+01  0.1184301E+02  0.8030827E+00  Si
  0.9462211E+01  0.1468466E+02  0.9670185E+00  Si
  0.9645103E+01  0.1176891E+02  0.3801245E+01  Si
  0.6757524E+01  0.1433327E+02  0.3813835E+01  Si
  0.1083222E+02  0.1057266E+02  0.2134924E+02  Si
  0.1369590E+02  0.1325879E+02  0.2101175E+02  Si
  0.1358745E+02  0.1043129E+02  0.2173618E+01  Si
  0.1090923E+02  0.1317265E+02  0.2131761E+01  Si
  0.1235775E+02  0.1198943E+02  0.8820359E+00  Si
  0.1501423E+02  0.1425875E+02  0.9248244E+00  Si
  0.1532577E+02  0.1151272E+02  0.3426385E+01  Si
  0.1225157E+02  0.1445464E+02  0.3844911E+01  Si
  0.1644214E+02  0.1052735E+02  0.2143846E+02  Si
  0.1898892E+02  0.1303450E+02  0.2146225E+02  Si
  0.2096461E+02  0.8590080E+01  0.1051517E+01  Si
  0.1649799E+02  0.1304470E+02  0.1872012E+01  Si
  0.1808542E+02  0.1151802E+02  0.9348053E+00  Si
  0.2235000E+02  0.1432765E+02  0.1247354E+01  Si
  0.2245191E+02  0.1474142E+02  0.5940709E+01  Si
  0.1754178E+02  0.1438704E+02  0.3478247E+01  Si
  0.6503857E+02  0.1583374E+02  0.2126691E+02  Si
  0.2855702E+01  0.1860397E+02  0.2113227E+02  Si
  0.2593142E+01  0.1596415E+02  0.2387227E+01  Si
  0.3141205E-01  0.1878890E+02  0.2258159E+01  Si
  0.1563960E+01  0.1739051E+02  0.9408425E+00  Si
  0.4042147E+01  0.2000401E+02  0.8147458E+00  Si
  0.4204875E+01  0.1724972E+02  0.3533728E+01  Si
  0.1226696E+01  0.1997882E+02  0.3600273E+01  Si
  0.5539589E+01  0.1569856E+02  0.2139557E+02  Si
  0.8242809E+01  0.1858314E+02  0.2159016E+02  Si
  0.7992303E+01  0.1577789E+02  0.2328569E+01  Si
  0.5223604E+01  0.1876372E+02  0.2248862E+01  Si
  0.6741429E+01  0.1714579E+02  0.9936199E+00  Si
  0.9459436E+01  0.1995164E+02  0.1151529E+01  Si
  0.9603591E+01  0.1743790E+02  0.3526455E+01  Si
  0.6761733E+01  0.1990437E+02  0.3698286E+01  Si
  0.1082571E+02  0.1608479E+02  0.2117291E+02  Si
  0.1377374E+02  0.1849567E+02  0.2148457E+02  Si
  0.1375340E+02  0.1561219E+02  0.2541609E+01  Si
  0.1111710E+02  0.1867940E+02  0.2351572E+01  Si
  0.1245992E+02  0.1711318E+02  0.1170366E+01  Si
  0.1485398E+02  0.1998008E+02  0.1153329E+01  Si
  0.1500783E+02  0.1724704E+02  0.3815890E+01  Si
  0.1230738E+02  0.1996417E+02  0.3902962E+01  Si
  0.1623929E+02  0.1565548E+02  0.2123610E+02  Si
  0.1911453E+02  0.1852046E+02  0.2129422E+02  Si
  0.1879279E+02  0.1594080E+02  0.2287832E+01  Si
  0.1626719E+02  0.1844650E+02  0.2329055E+01  Si
  0.1748765E+02  0.1725469E+02  0.8033507E+00  Si
  0.2036846E+02  0.2013249E+02  0.6864992E+00  Si
  0.1997694E+02  0.1700840E+02  0.4058386E+01  Si
  0.1735260E+02  0.1995847E+02  0.3563686E+01  Si
  0.6495967E+02  0.2156180E+02  0.4890199E+01  Si
  0.2551261E+01  0.2374899E+01  0.5105490E+01  Si
  0.2611854E+01  0.2133427E+02  0.7740599E+01  Si
  0.6490223E+02  0.2177035E+01  0.7700055E+01  Si
  0.1137705E+01  0.8852418E+00  0.6414325E+01  Si
  0.4059573E+01  0.3675101E+01  0.6456674E+01  Si
  0.3829662E+01  0.1111567E+01  0.9171593E+01  Si
  0.1215597E+01  0.3469923E+01  0.8894005E+01  Si
  0.5464599E+01  0.2129767E+02  0.5178708E+01  Si
  0.8107485E+01  0.2432991E+01  0.5181125E+01  Si
  0.8126029E+01  0.2131982E+02  0.7806518E+01  Si
  0.5416897E+01  0.2410635E+01  0.8046761E+01  Si
  0.6661477E+01  0.1144231E+01  0.6432011E+01  Si
  0.9471453E+01  0.3881695E+01  0.6425472E+01  Si
  0.9613861E+01  0.9247302E+00  0.9202865E+01  Si
  0.6918998E+01  0.3555876E+01  0.9138860E+01  Si
  0.1106400E+02  0.3109874E-01  0.5094879E+01  Si
  0.1337713E+02  0.2410672E+01  0.5074008E+01  Si
  0.1338928E+02  0.2147774E+02  0.7991349E+01  Si
  0.1084310E+02  0.2605197E+01  0.7828103E+01  Si
  0.1215398E+02  0.1233447E+01  0.6611394E+01  Si
  0.1476964E+02  0.3755870E+01  0.6327221E+01  Si
  0.1481772E+02  0.1182124E+01  0.9135153E+01  Si
  0.1237176E+02  0.3842392E+01  0.9171832E+01  Si
  0.1608543E+02  0.2151226E+02  0.5010261E+01  Si
  0.1893149E+02  0.2159253E+01  0.5079216E+01  Si
  0.1883411E+02  0.2129642E+02  0.7846559E+01  Si
  0.1619540E+02  0.2414669E+01  0.7692657E+01  Si
  0.1766412E+02  0.9037781E+00  0.6366391E+01  Si
  0.2420848E+02  0.2474827E+00  0.1728614E+02  Si
  0.3255721E+02  0.5006072E+01  0.5855020E+01  Si
  0.1772402E+02  0.3553909E+01  0.9148507E+01  Si
  0.6555551E-01  0.5249889E+01  0.5106222E+01  Si
  0.2851980E+01  0.7910375E+01  0.5123060E+01  Si
  0.2574194E+01  0.4987602E+01  0.7738962E+01  Si
  0.6504451E+02  0.7680611E+01  0.7877061E+01  Si
  0.1455563E+01  0.6459557E+01  0.6465641E+01  Si
  0.4077493E+01  0.9241486E+01  0.6457374E+01  Si
  0.3843583E+01  0.6258168E+01  0.9149924E+01  Si
  0.1134051E+01  0.9095463E+01  0.9416159E+01  Si
  0.5381111E+01  0.4960993E+01  0.5017163E+01  Si
  0.8106920E+01  0.7455186E+01  0.5028068E+01  Si
  0.7964579E+01  0.5062644E+01  0.7637680E+01  Si
  0.5179944E+01  0.7723645E+01  0.7832708E+01  Si
  0.6702513E+01  0.6324582E+01  0.6428564E+01  Si
  0.9621760E+01  0.8807719E+01  0.6278522E+01  Si
  0.9505255E+01  0.6320357E+01  0.8845556E+01  Si
  0.6917154E+01  0.8996201E+01  0.9133209E+01  Si
  0.1065923E+02  0.5198357E+01  0.4962461E+01  Si
  0.1364417E+02  0.7804508E+01  0.4967962E+01  Si
  0.1351862E+02  0.5042250E+01  0.7753530E+01  Si
  0.1099514E+02  0.7460344E+01  0.7373532E+01  Si
  0.1250002E+02  0.6356246E+01  0.6124318E+01  Si
  0.1535820E+02  0.8905084E+01  0.6320507E+01  Si
  0.1529575E+02  0.6421449E+01  0.9019913E+01  Si
  0.1212021E+02  0.9060869E+01  0.8995056E+01  Si
  0.1617885E+02  0.5003476E+01  0.4800840E+01  Si
  0.1905373E+02  0.7350418E+01  0.5296983E+01  Si
  0.2018241E+02  0.3704379E+01  0.6524548E+01  Si
  0.1680374E+02  0.7604830E+01  0.7665382E+01  Si
  0.1771477E+02  0.6112544E+01  0.6405463E+01  Si
  0.2049362E+02  0.6009639E+01  0.4007444E+01  Si
  0.2264986E+02  0.7033627E+01  0.1134016E+02  Si
  0.1781053E+02  0.9178733E+01  0.9128831E+01  Si
  0.2095954E+00  0.1037208E+02  0.4888718E+01  Si
  0.2749418E+01  0.1316951E+02  0.5116239E+01  Si
  0.2778711E+01  0.1035010E+02  0.7989254E+01  Si
  0.7290745E-01  0.1320242E+02  0.7672760E+01  Si
  0.1287618E+01  0.1158888E+02  0.6386818E+01  Si
  0.4040672E+01  0.1461423E+02  0.6318194E+01  Si
  0.4178850E+01  0.1182274E+02  0.9241482E+01  Si
  0.1464040E+01  0.1448604E+02  0.8971701E+01  Si
  0.5529745E+01  0.1056111E+02  0.5345398E+01  Si
  0.8107242E+01  0.1330465E+02  0.5040535E+01  Si
  0.8495468E+01  0.1025857E+02  0.7595335E+01  Si
  0.5383870E+01  0.1311599E+02  0.7656769E+01  Si
  0.7225352E+01  0.1186530E+02  0.6623697E+01  Si
  0.9655266E+01  0.1447787E+02  0.6285064E+01  Si
  0.9604191E+01  0.1166460E+02  0.9128742E+01  Si
  0.6765984E+01  0.1452098E+02  0.8921208E+01  Si
  0.1104511E+02  0.1019664E+02  0.4892828E+01  Si
  0.1361576E+02  0.1284937E+02  0.4926457E+01  Si
  0.1379438E+02  0.1018005E+02  0.7663567E+01  Si
  0.1089330E+02  0.1296233E+02  0.7479875E+01  Si
  0.1232622E+02  0.1141684E+02  0.6191173E+01  Si
  0.1502340E+02  0.1433055E+02  0.6347509E+01  Si
  0.1517937E+02  0.1169242E+02  0.8913578E+01  Si
  0.1232705E+02  0.1430981E+02  0.8667015E+01  Si
  0.1666060E+02  0.1039053E+02  0.5022764E+01  Si
  0.1963267E+02  0.1021956E+02  0.2323701E+01  Si
  0.1927119E+02  0.1035892E+02  0.7778688E+01  Si
  0.1637796E+02  0.1294256E+02  0.7550704E+01  Si
  0.1803635E+02  0.1180593E+02  0.6206354E+01  Si
  0.2240554E+02  0.1824119E+02  0.1146188E+01  Si
  0.2310860E+02  0.8445721E+01  0.4569890E+01  Si
  0.1773326E+02  0.1446440E+02  0.8834760E+01  Si
  0.6514578E+02  0.1599200E+02  0.5106130E+01  Si
  0.2773425E+01  0.1867570E+02  0.4996994E+01  Si
  0.2757373E+01  0.1594903E+02  0.7501007E+01  Si
  0.6477162E+02  0.1877535E+02  0.7621136E+01  Si
  0.1311839E+01  0.1743564E+02  0.6283421E+01  Si
  0.3968902E+01  0.2013931E+02  0.6324419E+01  Si
  0.4037858E+01  0.1723196E+02  0.8926189E+01  Si
  0.1393598E+01  0.1999897E+02  0.8990788E+01  Si
  0.5623310E+01  0.1587732E+02  0.4994921E+01  Si
  0.8234210E+01  0.1874693E+02  0.4960972E+01  Si
  0.8359115E+01  0.1585939E+02  0.7732046E+01  Si
  0.5440777E+01  0.1858958E+02  0.7583289E+01  Si
  0.6949190E+01  0.1718531E+02  0.6306807E+01  Si
  0.9593766E+01  0.2005081E+02  0.6253611E+01  Si
  0.9491603E+01  0.1716604E+02  0.8971777E+01  Si
  0.6581743E+01  0.1984079E+02  0.8978947E+01  Si
  0.1080104E+02  0.1606059E+02  0.4846013E+01  Si
  0.1362756E+02  0.1871155E+02  0.5047152E+01  Si
  0.1355727E+02  0.1576218E+02  0.7625311E+01  Si
  0.1099930E+02  0.1843737E+02  0.7531886E+01  Si
  0.1229194E+02  0.1731523E+02  0.6309329E+01  Si
  0.1456689E+02  0.2019850E+02  0.6349027E+01  Si
  0.1470425E+02  0.1711417E+02  0.8932613E+01  Si
  0.1203525E+02  0.1988187E+02  0.9084628E+01  Si
  0.1626436E+02  0.1569706E+02  0.5021127E+01  Si
  0.2298521E+02  0.1720775E+02  0.6151655E+01  Si
  0.1887684E+02  0.1609716E+02  0.7569638E+01  Si
  0.1592762E+02  0.1856855E+02  0.7805931E+01  Si
  0.1745959E+02  0.1735939E+02  0.6461591E+01  Si
  0.2563274E+02  0.1488390E+02  0.5428074E+01  Si
  0.2186710E+02  0.1860015E+02  0.7607090E+01  Si
  0.1743726E+02  0.2005194E+02  0.9071466E+01  Si
  0.8829127E-01  0.2134670E+02  0.1047310E+02  Si
  0.2479157E+01  0.2479261E+01  0.1079789E+02  Si
  0.2812695E+01  0.2139004E+02  0.1282983E+02  Si
  0.7706044E-01  0.2293656E+01  0.1317641E+02  Si
  0.1289060E+01  0.8014928E+00  0.1195174E+02  Si
  0.3991554E+01  0.4001947E+01  0.1209447E+02  Si
  0.3957475E+01  0.1088536E+01  0.1446814E+02  Si
  0.1348443E+01  0.3792075E+01  0.1445612E+02  Si
  0.5289525E+01  0.2140079E+02  0.1045673E+02  Si
  0.8154807E+01  0.2329378E+01  0.1061678E+02  Si
  0.8065995E+01  0.2126486E+02  0.1339052E+02  Si
  0.5365343E+01  0.2516868E+01  0.1305514E+02  Si
  0.6836351E+01  0.1032468E+01  0.1196432E+02  Si
  0.9560966E+01  0.3786667E+01  0.1185835E+02  Si
  0.9392424E+01  0.9129834E+00  0.1469124E+02  Si
  0.6912429E+01  0.3592817E+01  0.1435716E+02  Si
  0.1108207E+02  0.2143456E+02  0.1065076E+02  Si
  0.1352503E+02  0.2712747E+01  0.1048241E+02  Si
  0.1346809E+02  0.2139251E+02  0.1315513E+02  Si
  0.1062307E+02  0.2344267E+01  0.1326198E+02  Si
  0.1229602E+02  0.1124808E+01  0.1182986E+02  Si
  0.1470764E+02  0.3594868E+01  0.1223166E+02  Si
  0.1472248E+02  0.1120616E+01  0.1451183E+02  Si
  0.1196455E+02  0.3504834E+01  0.1450447E+02  Si
  0.1618078E+02  0.2155510E+02  0.1034118E+02  Si
  0.2050648E+02  0.7337188E+00  0.9060513E+01  Si
  0.2624864E+02  0.1640669E+02  0.1690206E+02  Si
  0.1619297E+02  0.2412681E+01  0.1317581E+02  Si
  0.1751551E+02  0.9569864E+00  0.1176298E+02  Si
  0.1911669E+02  0.2160006E+01  0.1049731E+02  Si
  0.2046552E+02  0.3804534E+01  0.1192800E+02  Si
  0.1785534E+02  0.3485775E+01  0.1430949E+02  Si
  0.1311016E+00  0.4909039E+01  0.1061990E+02  Si
  0.2595338E+01  0.7778561E+01  0.1054385E+02  Si
  0.2704384E+01  0.5295872E+01  0.1337672E+02  Si
  0.4516510E-01  0.7822753E+01  0.1327350E+02  Si
  0.1188978E+01  0.6338893E+01  0.1192118E+02  Si
  0.4262579E+01  0.9013634E+01  0.1151474E+02  Si
  0.4320926E+01  0.6456090E+01  0.1451559E+02  Si
  0.1638711E+01  0.9204740E+01  0.1461003E+02  Si
  0.5517808E+01  0.5054480E+01  0.1034742E+02  Si
  0.8346464E+01  0.7679301E+01  0.1060577E+02  Si
  0.8201696E+01  0.5151899E+01  0.1315878E+02  Si
  0.5486297E+01  0.7834962E+01  0.1305367E+02  Si
  0.6672674E+01  0.6429350E+01  0.1169798E+02  Si
  0.9590364E+01  0.8964944E+01  0.1207790E+02  Si
  0.9554611E+01  0.6541667E+01  0.1461223E+02  Si
  0.6769363E+01  0.9138048E+01  0.1443321E+02  Si
  0.1098050E+02  0.5037359E+01  0.1049894E+02  Si
  0.1386387E+02  0.7859079E+01  0.1030308E+02  Si
  0.1365916E+02  0.5093064E+01  0.1357728E+02  Si
  0.1122433E+02  0.7667909E+01  0.1315406E+02  Si
  0.1255782E+02  0.6371803E+01  0.1176507E+02  Si
  0.1516056E+02  0.9271065E+01  0.1171162E+02  Si
  0.1516492E+02  0.6347256E+01  0.1481469E+02  Si
  0.1251307E+02  0.8940025E+01  0.1454091E+02  Si
  0.1617558E+02  0.4807438E+01  0.1079896E+02  Si
  0.1886507E+02  0.7107838E+01  0.9959734E+01  Si
  0.1892688E+02  0.5260565E+01  0.1338333E+02  Si
  0.1636854E+02  0.7862273E+01  0.1331803E+02  Si
  0.1748379E+02  0.6340115E+01  0.1190525E+02  Si
  0.2514863E+02  0.3255669E+01  0.1768713E+02  Si
  0.2038824E+02  0.6343802E+01  0.1505870E+02  Si
  0.1799282E+02  0.8800093E+01  0.1473737E+02  Si
  0.6505313E+02  0.1063147E+02  0.1065703E+02  Si
  0.2811755E+01  0.1316292E+02  0.1072127E+02  Si
  0.2952360E+01  0.1043593E+02  0.1288883E+02  Si
  0.3535347E-01  0.1310359E+02  0.1322217E+02  Si
  0.1349200E+01  0.1173513E+02  0.1184423E+02  Si
  0.4065022E+01  0.1453192E+02  0.1200638E+02  Si
  0.4255405E+01  0.1174280E+02  0.1420711E+02  Si
  0.1394509E+01  0.1426319E+02  0.1458380E+02  Si
  0.5647329E+01  0.1038313E+02  0.1053099E+02  Si
  0.8214110E+01  0.1328157E+02  0.1046231E+02  Si
  0.8228500E+01  0.1033486E+02  0.1302489E+02  Si
  0.5760618E+01  0.1310474E+02  0.1313606E+02  Si
  0.7019217E+01  0.1190264E+02  0.1175730E+02  Si
  0.9605603E+01  0.1477931E+02  0.1160996E+02  Si
  0.9475049E+01  0.1168688E+02  0.1439057E+02  Si
  0.6785592E+01  0.1463656E+02  0.1439205E+02  Si
  0.1083240E+02  0.1043878E+02  0.1047643E+02  Si
  0.1366721E+02  0.1292989E+02  0.1010249E+02  Si
  0.1372822E+02  0.1050103E+02  0.1308226E+02  Si
  0.1095505E+02  0.1308330E+02  0.1296877E+02  Si
  0.1234460E+02  0.1178074E+02  0.1163892E+02  Si
  0.1517771E+02  0.1411010E+02  0.1149711E+02  Si
  0.1524079E+02  0.1166044E+02  0.1431368E+02  Si
  0.1253938E+02  0.1435805E+02  0.1436303E+02  Si
  0.1648574E+02  0.1069988E+02  0.1042826E+02  Si
  0.2019991E+02  0.9780602E+01  0.1426993E+02  Si
  0.2748338E+02  0.7290448E+01  0.1893884E+02  Si
  0.1654308E+02  0.1319947E+02  0.1329246E+02  Si
  0.1759532E+02  0.1240040E+02  0.1146919E+02  Si
  0.2023474E+02  0.1998279E+02  0.1203885E+02  Si
  0.1890429E+02  0.1607499E+02  0.1350859E+02  Si
  0.1794949E+02  0.1446710E+02  0.1475825E+02  Si
  0.2952779E+00  0.1574072E+02  0.1035728E+02  Si
  0.2513759E+01  0.1853109E+02  0.1038208E+02  Si
  0.2525395E+01  0.1596292E+02  0.1314782E+02  Si
  0.6385263E-01  0.1879938E+02  0.1345324E+02  Si
  0.1248633E+01  0.1742813E+02  0.1181094E+02  Si
  0.4048530E+01  0.1997569E+02  0.1161853E+02  Si
  0.4115835E+01  0.1716869E+02  0.1458573E+02  Si
  0.1580502E+01  0.2003416E+02  0.1443054E+02  Si
  0.5314789E+01  0.1580818E+02  0.1049831E+02  Si
  0.8002681E+01  0.1866755E+02  0.1042648E+02  Si
  0.8147380E+01  0.1604792E+02  0.1308739E+02  Si
  0.5318366E+01  0.1870733E+02  0.1319476E+02  Si
  0.6684496E+01  0.1741035E+02  0.1168975E+02  Si
  0.9596339E+01  0.1989313E+02  0.1193886E+02  Si
  0.9377446E+01  0.1739113E+02  0.1439924E+02  Si
  0.6605477E+01  0.2009188E+02  0.1472107E+02  Si
  0.1116925E+02  0.1576257E+02  0.1001587E+02  Si
  0.1344432E+02  0.1858174E+02  0.1023627E+02  Si
  0.1379981E+02  0.1563198E+02  0.1264945E+02  Si
  0.1111016E+02  0.1827611E+02  0.1333908E+02  Si
  0.1232683E+02  0.1708993E+02  0.1158151E+02  Si
  0.1474616E+02  0.2018211E+02  0.1176107E+02  Si
  0.1497453E+02  0.1703629E+02  0.1442601E+02  Si
  0.1203815E+02  0.2001634E+02  0.1444907E+02  Si
  0.1629225E+02  0.1563252E+02  0.1026061E+02  Si
  0.1894429E+02  0.1855010E+02  0.1066855E+02  Si
  0.2302627E+02  0.1260394E+02  0.1355206E+02  Si
  0.1615493E+02  0.1872861E+02  0.1300216E+02  Si
  0.1742030E+02  0.1718615E+02  0.1189077E+02  Si
  0.2203898E+02  0.1648611E+02  0.1624973E+02  Si
  0.2065013E+02  0.1452576E+02  0.1720543E+02  Si
  0.1759630E+02  0.1990426E+02  0.1452468E+02  Si
  0.2407984E+00  0.2125366E+02  0.1587188E+02  Si
  0.2672067E+01  0.2481840E+01  0.1581386E+02  Si
  0.2659726E+01  0.2148061E+02  0.1864995E+02  Si
  0.6498573E+02  0.2469428E+01  0.1863222E+02  Si
  0.1280157E+01  0.1128491E+01  0.1728257E+02  Si
  0.4319945E+01  0.3699379E+01  0.1719208E+02  Si
  0.4025751E+01  0.9835672E+00  0.2013730E+02  Si
  0.1197552E+01  0.3861136E+01  0.1990762E+02  Si
  0.5230595E+01  0.2153987E+02  0.1596597E+02  Si
  0.8168342E+01  0.2242103E+01  0.1607945E+02  Si
  0.8311508E+01  0.2171248E+02  0.1855975E+02  Si
  0.5348514E+01  0.2566042E+01  0.1897020E+02  Si
  0.6604646E+01  0.1090298E+01  0.1750005E+02  Si
  0.9619927E+01  0.3749752E+01  0.1736114E+02  Si
  0.9564204E+01  0.1160453E+01  0.2004405E+02  Si
  0.6759234E+01  0.3821426E+01  0.1999401E+02  Si
  0.1086303E+02  0.2139741E+02  0.1587499E+02  Si
  0.1351467E+02  0.2295340E+01  0.1612523E+02  Si
  0.1336432E+02  0.2112702E+02  0.1862106E+02  Si
  0.1083809E+02  0.2425807E+01  0.1887301E+02  Si
  0.1210174E+02  0.9589894E+00  0.1738749E+02  Si
  0.1522901E+02  0.3711674E+01  0.1735076E+02  Si
  0.1473491E+02  0.8025207E+00  0.2001779E+02  Si
  0.1205124E+02  0.4051818E+01  0.2005167E+02  Si
  0.1611291E+02  0.2134513E+02  0.1574539E+02  Si
  0.1898131E+02  0.2178956E+01  0.1600314E+02  Si
  0.1912089E+02  0.2119678E+02  0.1841121E+02  Si
  0.1620531E+02  0.2092450E+01  0.1865608E+02  Si
  0.1744236E+02  0.8851305E+00  0.1721617E+02  Si
  0.2060088E+02  0.3426331E+01  0.1707430E+02  Si
  0.2029698E+02  0.1085006E+01  0.1982126E+02  Si
  0.1775375E+02  0.3366872E+01  0.1974686E+02  Si
  0.6513492E+02  0.5183875E+01  0.1589582E+02  Si
  0.2790112E+01  0.7680051E+01  0.1603263E+02  Si
  0.2676846E+01  0.5017603E+01  0.1849724E+02  Si
  0.6512486E+02  0.7707073E+01  0.1870642E+02  Si
  0.1501069E+01  0.6465595E+01  0.1715788E+02  Si
  0.4231118E+01  0.9184314E+01  0.1719411E+02  Si
  0.3912497E+01  0.6380082E+01  0.1982867E+02  Si
  0.1163775E+01  0.9224524E+01  0.2010842E+02  Si
  0.5684497E+01  0.4999633E+01  0.1567671E+02  Si
  0.8139570E+01  0.7809256E+01  0.1584975E+02  Si
  0.8020648E+01  0.5039990E+01  0.1858869E+02  Si
  0.5249148E+01  0.7531745E+01  0.1847248E+02  Si
  0.6784510E+01  0.6424062E+01  0.1717096E+02  Si
  0.9610289E+01  0.9287328E+01  0.1711594E+02  Si
  0.9334667E+01  0.6582654E+01  0.1988184E+02  Si
  0.6706895E+01  0.9013494E+01  0.1965315E+02  Si
  0.1086375E+02  0.5111770E+01  0.1588130E+02  Si
  0.1376690E+02  0.7829219E+01  0.1612666E+02  Si
  0.1375954E+02  0.4947492E+01  0.1866191E+02  Si
  0.1088817E+02  0.7641880E+01  0.1845228E+02  Si
  0.1252472E+02  0.6314425E+01  0.1723099E+02  Si
  0.1498191E+02  0.9220227E+01  0.1719768E+02  Si
  0.1508140E+02  0.6470102E+01  0.2004672E+02  Si
  0.1251719E+02  0.9111449E+01  0.1998706E+02  Si
  0.1652158E+02  0.4742681E+01  0.1574516E+02  Si
  0.1940466E+02  0.7966953E+01  0.1646725E+02  Si
  0.1902562E+02  0.4741644E+01  0.1828018E+02  Si
  0.1639753E+02  0.7823358E+01  0.1854386E+02  Si
  0.1778031E+02  0.6400187E+01  0.1713209E+02  Si
  0.2179152E+02  0.7766604E+01  0.1686652E+02  Si
  0.2076187E+02  0.5947415E+01  0.2013797E+02  Si
  0.1785750E+02  0.9110966E+01  0.1997943E+02  Si
  0.2539579E+00  0.1047360E+02  0.1611777E+02  Si
  0.2920982E+01  0.1309147E+02  0.1606138E+02  Si
  0.2845243E+01  0.1039508E+02  0.1880089E+02  Si
  0.3870937E+00  0.1306030E+02  0.1897081E+02  Si
  0.1782318E+01  0.1169323E+02  0.1740275E+02  Si
  0.4335396E+01  0.1468755E+02  0.1727337E+02  Si
  0.4042019E+01  0.1192999E+02  0.2000208E+02  Si
  0.1455500E+01  0.1462911E+02  0.1997629E+02  Si
  0.5562497E+01  0.1075917E+02  0.1588799E+02  Si
  0.8060551E+01  0.1330536E+02  0.1568183E+02  Si
  0.8181279E+01  0.1052923E+02  0.1851093E+02  Si
  0.5509972E+01  0.1323076E+02  0.1857952E+02  Si
  0.6925532E+01  0.1192452E+02  0.1727480E+02  Si
  0.9619988E+01  0.1460308E+02  0.1716500E+02  Si
  0.9461303E+01  0.1180227E+02  0.1982697E+02  Si
  0.6970595E+01  0.1463733E+02  0.1986796E+02  Si
  0.1096133E+02  0.1031157E+02  0.1545981E+02  Si
  0.1376425E+02  0.1298770E+02  0.1575897E+02  Si
  0.1362653E+02  0.1043429E+02  0.1850767E+02  Si
  0.1102815E+02  0.1299851E+02  0.1830736E+02  Si
  0.1225834E+02  0.1160915E+02  0.1701715E+02  Si
  0.1522760E+02  0.1441427E+02  0.1716942E+02  Si
  0.1507194E+02  0.1171125E+02  0.1995792E+02  Si
  0.1224596E+02  0.1461023E+02  0.1981607E+02  Si
  0.1641510E+02  0.1039526E+02  0.1558658E+02  Si
  0.1966449E+02  0.1321986E+02  0.1594820E+02  Si
  0.1934843E+02  0.1047690E+02  0.1856917E+02  Si
  0.1652931E+02  0.1300139E+02  0.1860298E+02  Si
  0.1787104E+02  0.1177987E+02  0.1724079E+02  Si
  0.2037781E+02  0.1747674E+02  0.1482042E+02  Si
  0.2789034E+02  0.5497675E+01  0.2049108E+02  Si
  0.1785605E+02  0.1452787E+02  0.1996685E+02  Si
  0.2470505E+00  0.1564263E+02  0.1608424E+02  Si
  0.2645772E+01  0.1854932E+02  0.1591706E+02  Si
  0.3036434E+01  0.1594411E+02  0.1872059E+02  Si
  0.1476741E+00  0.1870889E+02  0.1878863E+02  Si
  0.1506816E+01  0.1714922E+02  0.1750052E+02  Si
  0.3904599E+01  0.2009014E+02  0.1716585E+02  Si
  0.4353183E+01  0.1731999E+02  0.1999946E+02  Si
  0.1516753E+01  0.2002232E+02  0.2004104E+02  Si
  0.5635665E+01  0.1612004E+02  0.1593301E+02  Si
  0.8126104E+01  0.1863057E+02  0.1592373E+02  Si
  0.8227897E+01  0.1595999E+02  0.1857791E+02  Si
  0.5555415E+01  0.1891880E+02  0.1866168E+02  Si
  0.6826755E+01  0.1734900E+02  0.1736009E+02  Si
  0.9579845E+01  0.2007243E+02  0.1722600E+02  Si
  0.9429223E+01  0.1751776E+02  0.2004249E+02  Si
  0.7192103E+01  0.2014747E+02  0.2002523E+02  Si
  0.1081867E+02  0.1586868E+02  0.1538420E+02  Si
  0.1342154E+02  0.1845592E+02  0.1573809E+02  Si
  0.1372254E+02  0.1578459E+02  0.1841710E+02  Si
  0.1087239E+02  0.1869821E+02  0.1840066E+02  Si
  0.1200344E+02  0.1721565E+02  0.1718789E+02  Si
  0.1472489E+02  0.1999260E+02  0.1720678E+02  Si
  0.1495284E+02  0.1722739E+02  0.1989781E+02  Si
  0.1225470E+02  0.1990919E+02  0.2024861E+02  Si
  0.1643137E+02  0.1591005E+02  0.1590634E+02  Si
  0.1896798E+02  0.1905795E+02  0.1596926E+02  Si
  0.1895819E+02  0.1586473E+02  0.1834294E+02  Si
  0.1609832E+02  0.1862599E+02  0.1849026E+02  Si
  0.1759125E+02  0.1741425E+02  0.1706567E+02  Si
  0.2090088E+02  0.1983734E+02  0.1753572E+02  Si
  0.2070490E+02  0.1686183E+02  0.1005515E+00  Si
  0.1766495E+02  0.1988324E+02  0.1995642E+02  Si
  0.2792459E+02  0.9012887E+01  0.1729950E+02  Si
  0.2534458E+02  0.1072576E+02  0.1112566E+02  Si
  0.3346467E+02  0.9590240E+01  0.1515984E+02  Si
  0.2176991E+02  0.2598348E+01  0.1362899E+02  Si
  0.2971073E+02  0.6264942E+01  0.8569089E+01  Si
  0.2628410E+02  0.8055878E+01  0.7308635E+00  Si
  0.2610871E+02  0.1822479E+02  0.2452758E+01  Si
  0.1905147E+02  0.2144305E+02  0.1337084E+02  Si
  0.2685358E+02  0.2592572E+01  0.9471517E+00  Si
  0.3925145E+02  0.1793379E+02  0.1185919E+02  Si
  0.3007736E+02  0.1656870E+02  0.6887931E+01  Si
  0.4343949E+02  0.2571565E+01  0.1832739E+02  Si
  0.3070486E+02  0.1962247E+02  0.8684585E+01  Si
  0.3639849E+02  0.3985648E+01  0.8268767E+01  Si
  0.3358968E+02  0.2106404E+02  0.1598090E+02  Si
  0.3959320E+02  0.2010766E+02  0.3603197E+01  Si
  0.2016989E+02  0.1484181E+02  0.8517933E+00  Si
  0.2797990E+02  0.1438659E+02  0.9820255E+01  Si
  0.2797788E+02  0.5423067E+01  0.1011224E+02  Si
  0.3918972E+02  0.6873402E+01  0.1179292E+02  Si
  0.3495790E+02  0.1589888E+00  0.9363118E+01  Si
  0.3055066E+02  0.3174200E+01  0.1034672E+02  Si
  0.4122368E+02  0.5590788E+01  0.1828680E+02  Si
  0.3559015E+02  0.1443360E+02  0.9938019E+01  Si
  0.3536638E+02  0.1722956E+02  0.1350530E+01  Si
  0.4197353E+02  0.1205035E+02  0.3856277E+01  Si
  0.3617939E+02  0.7140703E+01  0.1802148E+01  Si
  0.3350021E+02  0.1761708E+02  0.2006902E+02  Si
  0.4033263E+02  0.8055710E+01  0.5041515E+01  Si
  0.2504168E+02  0.2050182E+02  0.1322311E+02  Si
  0.2981023E+02  0.5426375E+01  0.4403029E+01  Si
  0.4199788E+02  0.6808795E+01  0.3835655E+01  Si
  0.2359628E+02  0.5214315E+01  0.9815146E+01  Si
  0.3006329E+02  0.1385540E+02  0.6500618E+01  Si
  0.2868310E+02  0.2076540E+02  0.1837266E+02  Si
  0.2646253E+02  0.1654229E+02  0.1451411E+02  Si
  0.2382731E+02  0.9359115E+01  0.9181783E+01  Si
  0.2317045E+02  0.1986912E+02  0.1448103E+02  Si
  0.2842961E+02  0.1843028E+02  0.1482033E+02  Si
  0.3178478E+02  0.4707966E+01  0.2002155E+02  Si
  0.2280416E+02  0.1491028E+02  0.1446683E+02  Si
  0.3113046E+02  0.1372888E+02  0.2069218E+02  Si
  0.3718460E+02  0.1276201E+02  0.2157091E+02  Si
  0.2939536E+02  0.1158898E+02  0.6085075E+01  Si
  0.3454076E+02  0.1940290E+02  0.7016271E+00  Si
  0.3770275E+02  0.1667093E+02  0.1037542E+02  Si
  0.3457986E+02  0.1763456E+02  0.1803057E+02  Si
  0.2042092E+02  0.1713100E+02  0.9057695E+01  Si
  0.4050596E+02  0.2404921E+01  0.1584513E+02  Si
  0.3586305E+02  0.1881921E+02  0.5155817E+01  Si
  0.3755396E+02  0.1042935E+02  0.1049799E+02  Si
  0.4063581E+02  0.2558248E+01  0.2116729E+02  Si
  0.2411213E+02  0.1937856E+02  0.3477776E+01  Si
  0.2592241E+02  0.2091355E+02  0.1540835E+02  Si
  0.3915437E+02  0.7971966E+01  0.2682569E+01  Si
  0.3343974E+02  0.1586458E+02  0.1223561E+02  Si
  0.3360405E+02  0.2779089E+01  0.5062148E+01  Si
  0.3633892E+02  0.5353867E+00  0.7499321E+00  Si
  0.3715984E+02  0.2039771E+02  0.6087118E+01  Si
  0.4188945E+02  0.4259986E+01  0.1055493E+01  Si
  0.2253980E+02  0.1416948E+02  0.2057224E+02  Si
  0.2519527E+02  0.1222892E+02  0.7977044E+01  Si
  0.4054085E+02  0.8552526E+01  0.1084691E+02  Si
  0.3233219E+02  0.4289892E+01  0.2260002E+01  Si
  0.2601051E+02  0.3880779E+01  0.4144572E+01  Si
  0.2368615E+02  0.5671623E-01  0.2165604E+02  Si
  0.2210986E+02  0.2131124E+02  0.1620237E+02  Si
  0.2651837E+02  0.1064322E+02  0.8865715E+01  Si
  0.2536617E+02  0.1228329E+02  0.1446910E+02  Si
  0.3632633E+02  0.1328594E+02  0.2892948E+01  Si
  0.2775367E+02  0.2115099E+02  0.5923361E+01  Si
  0.2969478E+02  0.1587056E+02  0.1284708E+01  Si
  0.2280693E+02  0.6885099E+01  0.6448697E+01  Si
  0.3358034E+02  0.1088265E+02  0.1827071E+02  Si
  0.2437181E+02  0.1067758E+02  0.1591566E+02  Si
  0.2209269E+02  0.7747999E+01  0.8306602E+01  Si
  0.3995337E+02  0.1456879E+02  0.1658828E+02  Si
  0.2229639E+02  0.1941056E+02  0.1935845E+02  Si
  0.3451797E+02  0.1083748E+02  0.1322877E+01  Si
  0.2557813E+02  0.2032017E+02  0.8484575E+01  Si
  0.2061461E+02  0.1171664E+02  0.8962444E+01  Si
  0.3497153E+02  0.6552160E+01  0.1353778E+02  Si
  0.3377954E+02  0.1261730E+02  0.1445083E+02  Si
  0.3588851E+02  0.6143304E+01  0.1572997E+02  Si
  0.2388631E+02  0.1853873E+01  0.1912823E+02  Si
  0.2045450E+02  0.1207960E+02  0.1986354E+02  Si
  0.3008632E+02  0.4271796E+01  0.6398847E+01  Si
  0.2864702E+02  0.1358033E+01  0.4554300E+01  Si
  0.2946364E+02  0.8577076E+01  0.8486095E+01  Si
  0.3351904E+02  0.4050090E+01  0.1820804E+02  Si
  0.3551713E+02  0.1116845E+02  0.3568623E+01  Si
  0.3903887E+02  0.9496919E+01  0.9169754E+01  Si
  0.2949499E+02  0.1440873E+02  0.1172830E+02  Si
  0.3946830E+02  0.1737290E+02  0.1984774E+02  Si
  0.3824863E+02  0.1909383E+02  0.1766147E+01  Si
  0.3136965E+02  0.9193658E+00  0.1394204E+02  Si
  0.2508525E+02  0.3104395E+01  0.1536326E+02  Si
  0.3610140E+02  0.1996897E+02  0.1473547E+02  Si
  0.2441696E+02  0.1621108E+02  0.1328159E+02  Si
  0.2693529E+02  0.1341651E+02  0.6614860E+01  Si
  0.2108290E+02  0.1627814E+02  0.1965137E+02  Si
  0.2986709E+02  0.4746764E+01  0.1837909E+01  Si
  0.3548345E+02  0.7113433E+01  0.1055850E+02  Si
  0.3221122E+02  0.9735036E+01  0.1143097E+02  Si
  0.3539212E+02  0.1610147E+02  0.2099895E+02  Si
  0.3923267E+02  0.2102956E+02  0.1665992E+02  Si
  0.2389997E+02  0.1769653E+02  0.1521510E+02  Si
  0.2594200E+02  0.1953251E+02  0.6215238E+01  Si
  0.2871253E+02  0.6841040E+01  0.2942616E+01  Si
  0.3741442E+02  0.1519126E+02  0.4632551E+00  Si
  0.3819941E+02  0.7627354E+01  0.1913135E+02  Si
  0.3923219E+02  0.9656215E+01  0.1485594E+02  Si
  0.2338472E+02  0.5791255E+01  0.1924736E+01  Si
  0.4171027E+02  0.1278015E+01  0.3746911E+01  Si
  0.4048521E+02  0.1844794E+02  0.1614911E+02  Si
  0.3013552E+02  0.1182131E+02  0.3986650E-01  Si
  0.3755806E+02  0.1360475E+02  0.1299815E+02  Si
  0.4222406E+02  0.2042933E+02  0.1190523E+02  Si
  0.3534041E+02  0.6587361E-01  0.2043678E+02  Si
  0.2300968E+02  0.1713208E+02  0.2006664E+02  Si
  0.3540854E+02  0.1343904E+02  0.1867017E+02  Si
  0.4065133E+02  0.1114389E+02  0.1842095E+02  Si
  0.4087211E+02  0.1600292E+02  0.2439367E+01  Si
  0.3926350E+02  0.4035741E+01  0.3679064E+01  Si
  0.3735801E+02  0.1602720E+02  0.1751766E+02  Si
  0.3139126E+02  0.1512652E+02  0.1498024E+02  Si
  0.2667120E+02  0.1955185E+02  0.1948771E+02  Si
  0.3984558E+02  0.7455325E+00  0.7049894E+00  Si
  0.3220610E+02  0.2050303E+02  0.5551388E+01  Si
  0.3148753E+02  0.1358211E+02  0.1708890E+02  Si
  0.3169551E+02  0.1132091E+02  0.7607408E+01  Si
  0.2480812E+02  0.6178761E+01  0.7718813E+01  Si
  0.2278692E+02  0.1783895E+02  0.1116875E+02  Si
  0.2014390E+02  0.1998308E+02  0.6343454E+01  Si
  0.1881172E+02  0.1859803E+02  0.4942197E+01  Si
  0.4067086E+02  0.8259701E+01  0.1628534E+02  Si
  0.2960040E+02  0.3072534E+00  0.2034213E+02  Si
  0.2934033E+02  0.6604303E+01  0.1202202E+02  Si
  0.4191038E+02  0.1450411E+02  0.1166969E+01  Si
  0.2908947E+02  0.2158086E+01  0.6913969E+01  Si
  0.3687061E+02  0.1990999E+02  0.1685528E+02  Si
  0.4308421E+02  0.1401500E+02  0.1876608E+02  Si
  0.2962036E+02  0.1798872E+02  0.1781953E+02  Si
  0.3209244E+02  0.6957505E+01  0.1781393E+01  Si
  0.2664090E+02  0.1929043E+01  0.3207710E+01  Si
  0.2777516E+02  0.7730431E+00  0.1547744E+02  Si
  0.3722897E+02  0.1009455E+02  0.2152055E+02  Si
  0.3766239E+02  0.1405426E+02  0.1864198E+02  Si
  0.2857333E+02  0.2853710E+01  0.1455643E+02  Si
  0.2458523E+02  0.1982032E+02  0.1836721E+02  Si
  0.2626934E+02  0.3822176E+01  0.9201156E+01  Si
  0.3378161E+02  0.1297704E+02  0.1681158E+02  Si
  0.3956113E+02  0.1977057E+02  0.1437193E+02  Si
  0.4040689E+02  0.1094627E+02  0.7944087E+01  Si
  0.2688222E+02  0.1157585E+02  0.1272795E+02  Si
  0.3833403E+02  0.2082954E+02  0.2451971E-01  Si
  0.4218052E+02  0.6738753E+01  0.2009315E+02  Si
  0.4056392E+02  0.1321056E+02  0.1069810E+02  Si
  0.4084388E+02  0.5185159E+01  0.8310376E+01  Si
  0.3966369E+02  0.1715900E+02  0.6388604E+01  Si
  0.4053510E+02  0.2632909E+00  0.7754528E+01  Si
  0.3598029E+02  0.1923768E+02  0.3003934E+01  Si
  0.2814705E+02  0.1712661E+02  0.2879374E+01  Si
  0.1925704E+02  0.1322064E+02  0.4738561E+01  Si
  0.2196996E+02  0.7214656E+01  0.2914950E+01  Si
  0.3782398E+02  0.2149022E+02  0.1208916E+02  Si
  0.2027001E+02  0.1000104E+01  0.3512030E+01  Si
  0.2173515E+02  0.4411377E+01  0.2110714E+02  Si
  0.2070143E+02  0.1153881E+02  0.3812431E+01  Si
  0.2165744E+02  0.2112264E+02  0.2084280E+02  Si
  0.2175698E+02  0.2750215E+01  0.1924464E+02  Si
  0.2146867E+02  0.4149188E+01  0.9773162E+01  Si
  0.3122105E+02  0.1608806E+02  0.1289131E+02  Si
  0.2367076E+02  0.1193259E+02  0.1778878E+02  Si
  0.3162891E+02  0.7383298E+01  0.7914405E+01  Si
  0.3054759E+02  0.1891632E+02  0.6231149E+01  Si
  0.3402476E+02  0.8508033E+01  0.1583338E+01  Si
  0.3980065E+02  0.6738168E+01  0.6992419E+01  Si
  0.3301232E+02  0.2023974E+01  0.1772956E+02  Si
  0.4050290E+02  0.1928399E+02  0.1054981E+02  Si
  0.2448859E+02  0.9356734E+01  0.1553997E+01  Si
  0.3193259E+02  0.6571735E+01  0.4169411E+01  Si
  0.2047684E+02  0.8808341E+01  0.6816342E+01  Si
  0.3951974E+02  0.3812504E+01  0.9282458E+01  Si
  0.3090315E+02  0.3321637E+00  0.4114679E+01  Si
  0.3031025E+02  0.1730852E+02  0.9267536E+01  Si
  0.3135717E+02  0.1732666E+02  0.6987315E+00  Si
  0.3912818E+02  0.1512224E+02  0.2040630E+02  Si
  0.2198158E+02  0.2125291E+02  0.1070271E+02  Si
  0.2024961E+02  0.1539397E+02  0.5779161E+01  Si
  0.3727969E+02  0.5645908E+01  0.9776718E+01  Si
  0.2452097E+02  0.8459288E+01  0.1154331E+02  Si
  0.2903943E+02  0.9094665E+01  0.3830321E+01  Si
  0.2595157E+02  0.9809758E+01  0.1894522E+02  Si
  0.2710086E+02  0.1549193E+02  0.2015822E+02  Si
  0.3178916E+02  0.1691075E+02  0.5183031E+01  Si
  0.3817456E+02  0.2748802E+01  0.1323370E+02  Si
  0.2837901E+02  0.1891893E+02  0.1239422E+02  Si
  0.4223524E+02  0.9313455E+01  0.9411554E+00  Si
  0.2382644E+02  0.5366562E+01  0.1480337E+02  Si
  0.2056082E+02  0.8277442E+00  0.1488742E+02  Si
  0.3057791E+02  0.1138649E+02  0.1769266E+02  Si
  0.2465068E+02  0.5698957E+01  0.1794937E+02  Si
  0.2814436E+02  0.1141279E+02  0.1731152E+02  Si
  0.2738698E+02  0.1133695E+02  0.5364704E+01  Si
  0.3312075E+02  0.8216456E+00  0.4486440E-01  Si
  0.4251850E+02  0.1994741E+02  0.3707298E+00  Si
  0.4174161E+02  0.1804034E+02  0.9118057E+01  Si
  0.2435595E+02  0.1396180E+02  0.1669001E+02  Si
  0.2619164E+02  0.1265226E+02  0.1354276E+01  Si
  0.3900108E+02  0.1208300E+02  0.6388980E+01  Si
  0.3407187E+02  0.7817991E+01  0.2099843E+02  Si
  0.3761831E+02  0.1045692E+02  0.1667811E+02  Si
  0.3178702E+02  0.2095965E+02  0.2051233E+02  Si
  0.3802751E+02  0.5522903E+01  0.2043263E+02  Si
  0.2257807E+02  0.1252757E+02  0.2788599E+01  Si
  0.3653396E+02  0.1768927E+02  0.8672934E+01  Si
  0.4189219E+02  0.4378427E+01  0.1213170E+02  Si
  0.3441553E+02  0.1557798E+01  0.3136546E+01  Si
  0.4171210E+02  0.9632040E+01  0.6251773E+01  Si
  0.3232775E+02  0.5967343E-01  0.1197183E+02  Si
  0.4207187E+02  0.9372701E+01  0.1742528E+02  Si
  0.3779588E+02  0.8041217E+01  0.1354057E+02  Si
  0.2772280E+02  0.1242321E+02  0.2121086E+02  Si
  0.3763379E+02  0.1929864E+02  0.1296209E+02  Si
  0.3355765E+02  0.8513624E+01  0.1883528E+02  Si
  0.3238163E+02  0.1162681E+02  0.2208836E+01  Si
  0.2737030E+02  0.2031506E+02  0.9805985E+01  Si
  0.3133557E+02  0.1194689E+02  0.4463684E+01  Si
  0.3405837E+02  0.1421971E+02  0.2059164E+02  Si
  0.3286284E+02  0.8226961E+01  0.5872357E+01  Si
  0.3100095E+02  0.9829902E+01  0.5502022E+01  Si
  0.2897070E+02  0.1451608E+02  0.2119937E+02  Si
  0.2163068E+02  0.1586016E+02  0.1066428E+02  Si
  0.2284928E+02  0.7237935E+01  0.1968959E+02  Si
  0.2826164E+02  0.6044327E+01  0.6332074E+01  Si
  0.4214557E+02  0.6902060E+01  0.9572580E+01  Si
  0.3409774E+02  0.1722024E+02  0.5885858E+01  Si
  0.3362524E+02  0.1010713E+02  0.7144373E+01  Si
  0.3017502E+02  0.1027752E+02  0.1981512E+02  Si
  0.2755377E+02  0.9187000E+01  0.2047032E+02  Si
  0.3156255E+02  0.3368148E+01  0.8192564E+01  Si
  0.3828242E+02  0.5810995E+01  0.5089677E+01  Si
  0.3903774E+02  0.1503808E+02  0.1433624E+02  Si
  0.2902910E+02  0.4457290E+01  0.1592471E+02  Si
  0.2337802E+02  0.3257526E+01  0.4795895E+01  Si
  0.3880015E+02  0.1683246E+02  0.1566391E+01  Si
  0.3973546E+02  0.1678803E+02  0.1759784E+02  Si
  0.2498383E+02  0.5471871E+01  0.1167574E+02  Si
  0.2424772E+02  0.1590736E+02  0.1815106E+02  Si
  0.2140405E+02  0.2580568E+01  0.8291436E+01  Si
  0.3764821E+02  0.9869289E+01  0.2232782E+01  Si
  0.4048936E+02  0.1335080E+02  0.5119084E+01  Si
  0.3241448E+02  0.4944998E+01  0.1637118E+02  Si
  0.4184326E+02  0.9689333E+01  0.1220423E+02  Si
  0.3868533E+02  0.1980345E+02  0.1966243E+02  Si
  0.2519657E+02  0.8229596E+01  0.3562177E+01  Si
  0.3318251E+02  0.6107581E+01  0.1061873E+02  Si
  0.3480245E+02  0.2128172E+02  0.1173649E+02  Si
  0.2108899E+02  0.8270013E+01  0.1048275E+02  Si
  0.2190652E+02  0.1343985E+02  0.1838704E+02  Si
  0.3128224E+02  0.1349947E+02  0.1049634E+02  Si
  0.3502748E+02  0.8583680E+01  0.8631599E+01  Si
  0.2414749E+02  0.2198319E+01  0.1321761E+02  Si
  0.2390210E+02  0.1346555E+02  0.4372979E+01  Si
  0.3224556E+02  0.1370867E+02  0.7774588E+01  Si
  0.3909787E+02  0.1623759E+01  0.6674789E+01  Si
  0.2855804E+02  0.1059077E+00  0.8012470E+01  Si
  0.2651399E+02  0.1597336E+02  0.8917269E+01  Si
  0.3502424E+02  0.1684972E+02  0.1383273E+02  Si
  0.3925725E+02  0.2040426E+02  0.8723414E+01  Si
  0.2991553E+02  0.5560662E+01  0.1897011E+02  Si
  0.4200976E+02  0.2062536E+02  0.6495904E+01  Si
  0.3189312E+02  0.1758054E+02  0.1495623E+02  Si
  0.3515406E+02  0.1299294E+02  0.8187668E+00  Si
  0.3521192E+02  0.2723370E+01  0.1075584E+02  Si
  0.3511539E+02  0.3622782E+01  0.3999521E-01  Si
  0.3639496E+02  0.1543832E+02  0.1206853E+02  Si
  0.3923443E+02  0.4401274E+01  0.1487747E+02  Si
  0.4136429E+02  0.2145444E+02  0.1400471E+02  Si
  0.3630272E+02  0.1923349E+02  0.1908357E+02  Si
  0.3562987E+02  0.1113620E+02  0.7355851E+01  Si
  0.4118034E+02  0.2098321E+02  0.2159135E+01  Si
  0.3109418E+02  0.2006045E+02  0.1096259E+02  Si
  0.3174369E+02  0.2152361E+02  0.7578552E+01  Si
  0.2848534E+02  0.8523069E+00  0.1060186E+02  Si
  0.3157557E+02  0.2152395E+02  0.1705563E+02  Si
  0.3889828E+02  0.1242689E+02  0.1727388E+02  Si
  0.2429062E+02  0.1666861E+02  0.5267801E+00  Si
  0.2314318E+02  0.1180252E+02  0.2101404E+02  Si
  0.3285470E+02  0.5520452E+01  0.8253082E+01  Si
  0.3752594E+02  0.2159235E+02  0.9825102E+01  Si
  0.3098018E+02  0.4603898E+01  0.1419505E+02  Si
  0.3016648E+02  0.1910626E+02  0.1589861E+02  Si
  0.2538882E+02  0.2161115E+02  0.3055374E+01  Si
  0.2711802E+02  0.5762431E+01  0.1292846E+02  Si
  0.2491535E+02  0.1791236E+02  0.8805967E+01  Si
  0.3230932E+02  0.1769199E+02  0.1793487E+02  Si
  0.4077369E+02  0.2716725E+01  0.1070253E+02  Si
  0.2821764E+02  0.8464908E+01  0.1072762E+02  Si
  0.4166189E+02  0.2020412E+02  0.1746035E+02  Si
  0.4063646E+02  0.5696797E+01  0.1346661E+02  Si
  0.3090312E+02  0.5620911E+01  0.1048274E+02  Si
  0.4216409E+02  0.1194090E+02  0.9170763E+01  Si
  0.3351139E+02  0.4695877E+01  0.1438044E+02  Si
  0.2252171E+02  0.9323620E+01  0.1514195E+02  Si
  0.3572498E+02  0.1192726E+02  0.1279890E+02  Si
  0.2719666E+02  0.1838673E+01  0.1747781E+02  Si
  0.2158362E+02  0.2135067E+02  0.5030114E+01  Si
  0.1926617E+02  0.1332535E+02  0.1007970E+02  Si
  0.4209121E+02  0.1748918E+02  0.3903307E+01  Si
  0.4195685E+02  0.1731544E+02  0.1451453E+02  Si
  0.2665195E+02  0.1371088E+02  0.1168234E+02  Si
  0.3494132E+02  0.7235536E+01  0.6687355E+01  Si
  0.3726166E+02  0.3106526E+01  0.1252337E+01  Si
  0.3874636E+02  0.1674838E+01  0.2556823E+01  Si
  0.2930439E+02  0.7152464E+01  0.1541671E+02  Si
  0.4066630E+02  0.1058898E+02  0.2262268E+01  Si
  0.2883532E+02  0.3606585E+01  0.1812952E+02  Si
  0.4046882E+02  0.1633229E+02  0.1307941E+02  Si
  0.2315192E+02  0.3220927E+00  0.2176940E+01  Si
  0.3131533E+02  0.1657624E+02  0.1986955E+02  Si
  0.2501295E+02  0.1703718E+02  0.1114674E+02  Si
  0.2559591E+02  0.6006697E+01  0.1983915E+02  Si
  0.2349716E+02  0.3569750E+01  0.1369692E+01  Si
  0.2631305E+02  0.1902808E+02  0.1174829E+02  Si
  0.3055071E+02  0.1053787E+02  0.1349327E+02  Si
  0.2862664E+02  0.1398340E+02  0.1393732E+02  Si
  0.1933201E+02  0.5148386E+01  0.8325303E+01  Si
  0.2665486E+02  0.3481764E+01  0.1350544E+02  Si
  0.3644891E+02  0.8043411E+01  0.1731622E+02  Si
  0.3938719E+02  0.6666251E+01  0.1751331E+02  Si
  0.3600955E+02  0.1353614E+02  0.1469352E+02  Si
  0.3163862E+02  0.9865236E+01  0.1632897E+02  Si
  0.2709632E+02  0.5955060E+01  0.1161729E+01  Si
  0.3287858E+02  0.1989439E+02  0.2422835E+01  Si
  0.3791012E+02  0.7478129E+01  0.8231493E+01  Si
  0.3050126E+02  0.1804799E+02  0.1148096E+02  Si
  0.3440718E+02  0.9973894E+01  0.1279178E+02  Si
  0.2575204E+02  0.8579760E+01  0.1604734E+02  Si
  0.3638163E+02  0.4947171E+01  0.6084137E+01  Si
  0.3465747E+02  0.1917919E+02  0.1276295E+02  Si
  0.2744422E+02  0.1231497E+02  0.3252265E+01  Si
  0.2967092E+02  0.8130790E+01  0.2086683E+02  Si
  0.2744152E+02  0.1743219E+02  0.1863543E+02  Si
  0.3956440E+02  0.6413595E+01  0.6779218E+00  Si
  0.2550195E+02  0.3115384E+01  0.1142251E+02  Si
  0.4185452E+02  0.1463071E+02  0.6586004E+01  Si
  0.3826356E+02  0.4441083E+01  0.1144671E+02  Si
  0.3337386E+02  0.1773124E+01  0.1532868E+02  Si
  0.3358878E+02  0.1028315E+02  0.2095318E+02  Si
  0.2713159E+02  0.7005484E+01  0.1487639E+02  Si
  0.2634335E+02  0.1433290E+02  0.1512248E+02  Si
  0.3825694E+02  0.1882800E+02  0.7392939E+01  Si
  0.3682588E+02  0.1585242E+02  0.1513664E+02  Si
  0.4035524E+02  0.2149660E+02  0.1888395E+02  Si
  0.2333655E+02  0.1225680E+02  0.1138345E+02  Si
  0.2533121E+02  0.1723168E+02  0.6497493E+01  Si
  0.2345039E+02  0.1204653E+02  0.6277809E+01  Si
  0.3080110E+02  0.6741820E+01  0.1720206E+02  Si
  0.2446300E+02  0.8161816E+01  0.1787234E+02  Si
  0.3504522E+02  0.1840119E+02  0.1570732E+02  Si
  0.2513655E+02  0.1201602E+02  0.1954402E+02  Si
  0.2078845E+02  0.8528339E+01  0.1892422E+02  Si
  0.4089949E+02  0.1908748E+02  0.5207806E+01  Si
  0.3609244E+02  0.1417835E+02  0.7644518E+01  Si
  0.3359551E+02  0.2038139E+02  0.8217587E+01  Si
  0.3255657E+02  0.1424110E+02  0.9478491E+00  Si
  0.3467325E+02  0.2049457E+02  0.6102561E+01  Si
  0.3709431E+02  0.2704166E+01  0.1838292E+02  Si
  0.3274405E+02  0.3057147E+01  0.2690907E+00  Si
  0.2984802E+02  0.2140521E+02  0.1563780E+02  Si
  0.3040427E+02  0.1564070E+02  0.3568587E+01  Si
  0.2480508E+02  0.1446950E+02  0.1997013E+02  Si
  0.3422703E+02  0.1788002E+02  0.8072457E+01  Si
  0.3621706E+02  0.1629866E+02  0.6824064E+01  Si
  0.2369597E+02  0.7409133E+01  0.1368491E+02  Si
  0.3852593E+02  0.1249963E+02  0.2028610E+01  Si
  0.2383748E+02  0.3887793E+00  0.1178603E+02  Si
  0.4060911E+02  0.5295582E+01  0.2538049E+01  Si
  0.2409914E+02  0.1154257E+02  0.1379923E+01  Si
  0.3170704E+02  0.1549214E+02  0.9326311E+01  Si
  0.3956516E+02  0.2053564E+01  0.1813032E+02  Si
  0.4200428E+02  0.1285762E+01  0.9329137E+01  Si
  0.2082233E+02  0.1292049E+02  0.1380156E+02  Si
  0.3353858E+02  0.6955927E+01  0.1561668E+02  Si
  0.3305780E+02  0.1641413E+02  0.1702088E+01  Si
  0.3678330E+02  0.1578393E+02  0.2709943E+01  Si
  0.2888203E+02  0.1094902E+02  0.9613996E+01  Si
  0.3314653E+02  0.1950471E+02  0.1458413E+02  Si
  0.2396203E+02  0.1547612E+02  0.2627636E+01  Si
  0.2682096E+02  0.2412153E+01  0.6689435E+01  Si
  0.4187049E+02  0.4157271E+01  0.6660166E+01  Si
  0.2727218E+02  0.5700226E+01  0.1694019E+02  Si
  0.3685266E+02  0.7962121E+01  0.5633132E+01  Si
  0.3004490E+02  0.8185654E+01  0.1509944E+01  Si
  0.3946264E+02  0.1500551E+02  0.9679376E+01  Si
  0.2145603E+02  0.1054144E+02  0.1113343E+02  Si
  0.3213883E+02  0.1403643E+02  0.3650043E+01  Si
  0.2713722E+02  0.6570655E-01  0.1318241E+02  Si
  0.2581422E+02  0.8236747E+01  0.8510680E+01  Si
  0.3815371E+02  0.1318331E+02  0.8334334E+01  Si
  0.3163388E+02  0.6924856E+01  0.2112744E+02  Si
  0.3623535E+02  0.1211842E+02  0.9469658E+01  Si
  0.3940873E+02  0.1474273E+02  0.3780121E+01  Si
  0.2592924E+02  0.2091151E+02  0.8469628E+00  Si
  0.4064259E+02  0.2686569E+01  0.5132669E+01  Si
  0.2937989E+02  0.9781790E+01  0.1549289E+02  Si
  0.3106768E+02  0.1291424E+02  0.1402868E+02  Si
  0.3167758E+02  0.2485324E+01  0.3859226E+01  Si
  0.3097893E+02  0.1972825E+02  0.8027512E+00  Si
  0.2695078E+02  0.9287664E+01  0.4847609E+01  Si
  0.3706970E+02  0.6822642E+00  0.1675774E+02  Si
  0.4236324E+02  0.1715736E+01  0.1473605E+02  Si
  0.4089486E+02  0.1609907E+02  0.8123872E+01  Si
  0.3075058E+02  0.7106882E+01  0.1344109E+02  Si
  0.2706783E+02  0.1484660E+02  0.3414096E+01  Si
  0.3963028E+02  0.4047053E+01  0.1931369E+02  Si
  0.2192312E+02  0.1037222E+02  0.5496160E+01  Si
  0.2196362E+02  0.4899426E+01  0.5558523E+01  Si
  0.2618339E+02  0.4505224E+01  0.6706721E+01  Si
  0.2292191E+02  0.1561811E+01  0.6337221E+01  Si
  0.3414941E+02  0.1990783E+02  0.2018834E+02  Si
  0.2744427E+02  0.5747253E+00  0.1954638E+02  Si
  0.3852346E+02  0.2258141E+00  0.4509669E+01  Si
  0.2309620E+02  0.1420254E+02  0.9862670E+01  Si
  0.2550232E+02  0.1873654E+02  0.1650906E+02  Si
  0.2129865E+02  0.7705860E+01  0.1359418E+02  Si
  0.2889023E+02  0.1603992E+02  0.1520887E+02  Si
  0.4207727E+02  0.1231278E+02  0.1481039E+02  Si
  0.3919622E+02  0.9889982E+01  0.4094783E+01  Si
  0.3557937E+02  0.4107821E+01  0.1696426E+02  Si
  0.3595410E+02  0.4582926E+01  0.1242647E+02  Si
  0.4183214E+02  0.6772745E+01  0.1493004E+02  Si
  0.3580028E+02  0.4389480E+01  0.1973331E+02  Si
  0.2986202E+02  0.1192718E+02  0.2620436E+01  Si
  0.3771646E+02  0.1954359E+01  0.8488812E+01  Si
  0.2587347E+02  0.1859856E+02  0.2166696E+02  Si
  0.2867776E+02  0.1995398E+02  0.5791340E+00  Si
  0.3381688E+02  0.1616737E+02  0.9820795E+01  Si
  0.3818846E+02  0.6436111E+01  0.1537033E+02  Si
  0.3027282E+02  0.2736452E+01  0.1292268E+02  Si
  0.3938691E+02  0.9882201E+01  0.2015963E+02  Si
  0.2761236E+02  0.2002140E+02  0.2902375E+01  Si
  0.3161242E+02  0.1777966E+02  0.2987634E+01  Si
  0.2832973E+02  0.1529058E+02  0.7556729E+01  Si
  0.3642602E+02  0.2162628E+02  0.3093256E+01  Si
  0.3701165E+02  0.1723234E+02  0.1940305E+02  Si
  0.3444025E+02  0.1341245E+02  0.4274668E+01  Si
  0.3527393E+02  0.1016252E+02  0.1671328E+02  Si
  0.2989440E+02  0.2781996E+01  0.2003864E+02  Si
  0.3607736E+02  0.1234160E+01  0.1282208E+02  Si
  0.2881649E+02  0.1064269E+02  0.1209086E+02  Si
  0.3747870E+02  0.5395801E+01  0.2693962E+01  Si
  0.2259277E+02  0.5451601E+01  0.1705057E+02  Si
  0.3289226E+02  0.2009384E+01  0.1059281E+02  Si
  0.3577021E+02  0.3665418E+01  0.3174895E+01  Si
  0.2390883E+02  0.2053632E+02  0.5497641E+01  Si
  0.2168943E+02  0.1863299E+02  0.1321452E+02  Si
  0.2508867E+02  0.5857976E+00  0.7087567E+01  Si
  0.2230604E+02  0.1779285E+02  0.3793056E+01  Si
  0.3720334E+02  0.1043241E+02  0.5526232E+01  Si
  0.2160953E+02  0.4294843E+01  0.1503598E+02  Si
  0.3976042E+02  0.1115369E+02  0.2296307E+00  Si
  0.4180140E+02  0.1224871E+02  0.1995467E+02  Si
  0.2892176E+02  0.3675288E+01  0.6957659E-01  Si
  0.3510028E+02  0.1079432E+01  0.1825872E+02  Si
  0.3556248E+02  0.1141317E+02  0.2010429E+02  Si
  0.2528759E+02  0.1402286E+02  0.9574168E+01  Si
  0.3455340E+02  0.5170909E+01  0.1608073E+01  Si
  0.2186287E+02  0.2015555E+02  0.2716531E+01  Si
  0.3245795E+02  0.6204329E+00  0.2255809E+01  Si
  0.3706831E+02  0.7607882E+01  0.2138940E+02  Si
  0.2765775E+02  0.4755456E+00  0.2092140E+00  Si
  0.3270891E+02  0.1706498E+01  0.7015689E+01  Si
  0.2002086E+02  0.1454309E+02  0.1203161E+02  Si
  0.3550852E+02  0.6564039E+00  0.1492703E+02  Si
  0.3277014E+02  0.8238000E+01  0.9571305E+01  Si
  0.2738382E+02  0.1295564E+02  0.1888953E+02  Si
  0.4046961E+02  0.1355324E+02  0.2120200E+02  Si
  0.3242415E+02  0.1475674E+02  0.1895696E+02  Si
  0.2765304E+02  0.8302688E+01  0.6966396E+01  Si
  0.3641024E+02  0.8910104E+01  0.1191983E+02  Si
  0.3789806E+02  0.1612518E+02  0.5081280E+01  Si
  0.2849906E+02  0.2736083E+01  0.9260172E+01  Si
  0.1998286E+02  0.1823857E+02  0.1890306E+02  Si
  0.3572271E+02  0.7698920E+00  0.5247463E+01  Si
  0.3900945E+02  0.1186223E+02  0.1188630E+02  Si
  0.3439789E+02  0.1312413E+02  0.6582744E+01  Si
  0.3991115E+02  0.1027924E+01  0.1238537E+02  Si
  0.2553819E+02  0.5907787E+01  0.2977010E+01  Si
  0.2203896E+02  0.1331878E+02  0.7880534E+01  Si
  0.3122647E+02  0.8483687E+01  0.1845033E+02  Si
  0.2955611E+02  0.1989098E+02  0.4451151E+01  Si
  0.2416884E+02  0.7166620E+01  0.2156676E+02  Si
  0.3102225E+02  0.1975655E+02  0.1863552E+02  Si
  0.4216468E+02  0.3986649E+01  0.1706762E+02  Si
  0.3317920E+02  0.7852034E+01  0.1277061E+02  Si
  0.2937067E+02  0.2099883E+02  0.1250382E+02  Si
  0.2612212E+02  0.7207605E+01  0.1041961E+02  Si
  0.4179047E+02  0.1495042E+02  0.1171300E+02  Si
  0.2315052E+02  0.1975131E+02  0.9206550E+01  Si
  0.3133436E+02  0.1123027E+02  0.9833142E+01  Si
  0.1949892E+02  0.1135783E+02  0.1238248E+02  Si
  0.2050486E+02  0.3369567E+01  0.9713220E+00  Si
  0.3295778E+02  0.1363115E+02  0.1241363E+02  Si
  0.2785390E+02  0.1747008E+02  0.2547151E+00  Si
  0.4073469E+02  0.8161005E+01  0.2128155E+02  Si
  0.4034787E+02  0.1085608E+02  0.1341954E+02  Si
  0.2579050E+02  0.1477045E+02  0.1136510E+01  Si
  0.3437757E+02  0.2258807E+01  0.8559142E+01  Si
  0.4192124E+02  0.1812491E+02  0.2042828E+02  Si
  0.4343257E+02  0.2006836E+00  0.2091211E+02  Si
  0.4610467E+02  0.2841541E+01  0.2143267E+02  Si
  0.4602749E+02  0.1167679E-01  0.2109002E+01  Si
  0.4326063E+02  0.2596687E+01  0.2178330E+01  Si
  0.4473985E+02  0.1274056E+01  0.8455893E+00  Si
  0.4771106E+02  0.3977926E+01  0.1229249E+01  Si
  0.4725350E+02  0.1330063E+01  0.3652412E+01  Si
  0.4443066E+02  0.3907376E+01  0.3819109E+01  Si
  0.4868484E+02  0.2154822E+02  0.2125347E+02  Si
  0.5145242E+02  0.2419752E+01  0.2154922E+02  Si
  0.5158208E+02  0.2164295E+02  0.2489959E+01  Si
  0.4890414E+02  0.2603671E+01  0.2385394E+01  Si
  0.5009751E+02  0.1296679E+01  0.9660932E+00  Si
  0.5297238E+02  0.3869164E+01  0.1149041E+01  Si
  0.5293655E+02  0.1003925E+01  0.3994524E+01  Si
  0.5023987E+02  0.3853122E+01  0.3786616E+01  Si
  0.5423561E+02  0.2167110E+02  0.2135228E+02  Si
  0.5669915E+02  0.2708935E+01  0.2131074E+02  Si
  0.5675866E+02  0.2145692E+02  0.2353888E+01  Si
  0.5424466E+02  0.2494769E+01  0.2662448E+01  Si
  0.5550593E+02  0.1238102E+01  0.9821796E+00  Si
  0.5812851E+02  0.3810137E+01  0.9294061E+00  Si
  0.5800856E+02  0.1219909E+01  0.3760615E+01  Si
  0.5552078E+02  0.3871586E+01  0.4023231E+01  Si
  0.5949341E+02  0.2154837E+02  0.2122565E+02  Si
  0.6230654E+02  0.2501408E+01  0.2132229E+02  Si
  0.6237877E+02  0.2153872E+02  0.2312450E+01  Si
  0.5959773E+02  0.2471536E+01  0.2235260E+01  Si
  0.6088946E+02  0.1140408E+01  0.8173412E+00  Si
  0.6365206E+02  0.3967406E+01  0.9622315E+00  Si
  0.6375030E+02  0.1470072E+01  0.3502407E+01  Si
  0.6094392E+02  0.3679876E+01  0.3916460E+01  Si
  0.4332091E+02  0.5491488E+01  0.2169104E+02  Si
  0.4587626E+02  0.8157586E+01  0.2151113E+02  Si
  0.4601004E+02  0.5142482E+01  0.2486011E+01  Si
  0.4347738E+02  0.8116355E+01  0.2586825E+01  Si
  0.4471549E+02  0.6666303E+01  0.1264530E+01  Si
  0.4760531E+02  0.9247413E+01  0.9415940E+00  Si
  0.4755465E+02  0.6581400E+01  0.3586886E+01  Si
  0.4501458E+02  0.9750528E+01  0.3650807E+01  Si
  0.4887628E+02  0.5439489E+01  0.2143795E+02  Si
  0.5155798E+02  0.8029486E+01  0.2131458E+02  Si
  0.5151936E+02  0.5371465E+01  0.2506392E+01  Si
  0.4900920E+02  0.7912954E+01  0.2491911E+01  Si
  0.5027052E+02  0.6772568E+01  0.1196127E+01  Si
  0.5296340E+02  0.9338082E+01  0.1125132E+01  Si
  0.5280848E+02  0.6654191E+01  0.3885992E+01  Si
  0.5013801E+02  0.9237943E+01  0.4018499E+01  Si
  0.5397824E+02  0.5464674E+01  0.2117610E+02  Si
  0.5704103E+02  0.7885151E+01  0.1061019E-01  Si
  0.5689806E+02  0.5196292E+01  0.2552447E+01  Si
  0.5430697E+02  0.7850126E+01  0.2494277E+01  Si
  0.5548238E+02  0.6504004E+01  0.1090492E+01  Si
  0.5841196E+02  0.9356651E+01  0.1327506E+01  Si
  0.5820927E+02  0.6335875E+01  0.4030308E+01  Si
  0.5544035E+02  0.9341760E+01  0.3938246E+01  Si
  0.5947543E+02  0.5064675E+01  0.2134742E+02  Si
  0.6240061E+02  0.8057381E+01  0.2140959E+02  Si
  0.6230760E+02  0.5073061E+01  0.2576426E+01  Si
  0.5981373E+02  0.7631854E+01  0.2834426E+01  Si
  0.6095971E+02  0.6526674E+01  0.1079216E+01  Si
  0.6370791E+02  0.9423256E+01  0.1381755E+01  Si
  0.6369079E+02  0.6359764E+01  0.3845088E+01  Si
  0.6110846E+02  0.9318439E+01  0.4007615E+01  Si
  0.4334911E+02  0.1077242E+02  0.2103550E+02  Si
  0.4590790E+02  0.1345681E+02  0.2138143E+02  Si
  0.4593917E+02  0.1093369E+02  0.1898680E+01  Si
  0.4328270E+02  0.1339271E+02  0.2504896E+01  Si
  0.4442226E+02  0.1228033E+02  0.9467586E+00  Si
  0.4730732E+02  0.1470691E+02  0.1144874E+01  Si
  0.4743202E+02  0.1176994E+02  0.3674240E+01  Si
  0.4467039E+02  0.1461950E+02  0.3846778E+01  Si
  0.4860940E+02  0.1080489E+02  0.2136553E+02  Si
  0.5145150E+02  0.1328686E+02  0.2155069E+02  Si
  0.5146093E+02  0.1057875E+02  0.2463809E+01  Si
  0.4854449E+02  0.1327172E+02  0.2500799E+01  Si
  0.5010195E+02  0.1186752E+02  0.1109599E+01  Si
  0.5265691E+02  0.1496307E+02  0.1260214E+01  Si
  0.5264088E+02  0.1186571E+02  0.3851356E+01  Si
  0.4972842E+02  0.1475679E+02  0.4023620E+01  Si
  0.5434565E+02  0.1080273E+02  0.2147192E+02  Si
  0.5713984E+02  0.1337122E+02  0.2143815E+02  Si
  0.5699855E+02  0.1070546E+02  0.2459220E+01  Si
  0.5396409E+02  0.1338687E+02  0.2411541E+01  Si
  0.5563114E+02  0.1216683E+02  0.1022562E+01  Si
  0.5810871E+02  0.1488322E+02  0.9470189E+00  Si
  0.5822088E+02  0.1222824E+02  0.3987363E+01  Si
  0.5528225E+02  0.1483712E+02  0.3641381E+01  Si
  0.5981926E+02  0.1073871E+02  0.2155442E+02  Si
  0.6214879E+02  0.1335280E+02  0.2143914E+02  Si
  0.6230950E+02  0.1085626E+02  0.2805507E+01  Si
  0.5945672E+02  0.1371899E+02  0.2299616E+01  Si
  0.6090124E+02  0.1211862E+02  0.1264029E+01  Si
  0.6354393E+02  0.1457466E+02  0.1176859E+01  Si
  0.6387681E+02  0.1213953E+02  0.3902257E+01  Si
  0.6089664E+02  0.1472660E+02  0.3712923E+01  Si
  0.4304919E+02  0.1628407E+02  0.2164644E+02  Si
  0.4596344E+02  0.1894208E+02  0.2112270E+02  Si
  0.4588754E+02  0.1609899E+02  0.2403449E+01  Si
  0.4325121E+02  0.1895195E+02  0.2651891E+01  Si
  0.4470552E+02  0.1760772E+02  0.9639554E+00  Si
  0.4727566E+02  0.2029946E+02  0.9502552E+00  Si
  0.4708090E+02  0.1770375E+02  0.3898289E+01  Si
  0.4463544E+02  0.2083952E+02  0.3569301E+01  Si
  0.4867790E+02  0.1602067E+02  0.2149206E+02  Si
  0.5127739E+02  0.1878684E+02  0.1028010E+00  Si
  0.5144713E+02  0.1602767E+02  0.2830898E+01  Si
  0.4854563E+02  0.1876683E+02  0.2378273E+01  Si
  0.4979080E+02  0.1708248E+02  0.1359371E+01  Si
  0.5282805E+02  0.2046567E+02  0.1121710E+01  Si
  0.5290563E+02  0.1725822E+02  0.3978743E+01  Si
  0.5013913E+02  0.2005224E+02  0.3691671E+01  Si
  0.5421889E+02  0.1600279E+02  0.2132010E+02  Si
  0.5697822E+02  0.1865545E+02  0.2123760E+02  Si
  0.5661054E+02  0.1616748E+02  0.2279676E+01  Si
  0.5419790E+02  0.1886878E+02  0.2474531E+01  Si
  0.5537798E+02  0.1755629E+02  0.7955445E+00  Si
  0.5834078E+02  0.2015690E+02  0.9277156E+00  Si
  0.5822986E+02  0.1767355E+02  0.3800676E+01  Si
  0.5560040E+02  0.2003396E+02  0.3992161E+01  Si
  0.5948173E+02  0.1613710E+02  0.2139122E+02  Si
  0.6229663E+02  0.1871069E+02  0.2133411E+02  Si
  0.6208391E+02  0.1611647E+02  0.2487184E+01  Si
  0.5973652E+02  0.1875249E+02  0.2377252E+01  Si
  0.6095522E+02  0.1740488E+02  0.9785160E+00  Si
  0.6363180E+02  0.2015479E+02  0.1037583E+01  Si
  0.6374501E+02  0.1719350E+02  0.3616129E+01  Si
  0.6103524E+02  0.2029313E+02  0.3655548E+01  Si
  0.4325500E+02  0.2039248E+00  0.5231806E+01  Si
  0.4574478E+02  0.2678384E+01  0.5085064E+01  Si
  0.4591697E+02  0.2166967E+02  0.7740000E+01  Si
  0.4331552E+02  0.2663604E+01  0.7701913E+01  Si
  0.4462334E+02  0.1547447E+01  0.6441638E+01  Si
  0.4731085E+02  0.3815449E+01  0.6465879E+01  Si
  0.4744202E+02  0.1162179E+01  0.9202206E+01  Si
  0.4447988E+02  0.3871536E+01  0.9259111E+01  Si
  0.4874253E+02  0.2162192E+02  0.4855883E+01  Si
  0.5132805E+02  0.2614832E+01  0.5331068E+01  Si
  0.5127330E+02  0.2166481E+02  0.7896306E+01  Si
  0.4877931E+02  0.2329811E+01  0.7823751E+01  Si
  0.4999907E+02  0.1247300E+01  0.6481801E+01  Si
  0.5279148E+02  0.3929324E+01  0.6757539E+01  Si
  0.5284172E+02  0.1122501E+01  0.9395568E+01  Si
  0.5003257E+02  0.3957449E+01  0.9331710E+01  Si
  0.5414453E+02  0.2123937E+02  0.5501222E+01  Si
  0.5670645E+02  0.2375127E+01  0.5430097E+01  Si
  0.5677589E+02  0.2160222E+02  0.8105512E+01  Si
  0.5411412E+02  0.2703526E+01  0.8017312E+01  Si
  0.5540006E+02  0.1041732E+01  0.6937130E+01  Si
  0.5828211E+02  0.3558888E+01  0.6754124E+01  Si
  0.5822161E+02  0.1064101E+01  0.9393466E+01  Si
  0.5567422E+02  0.3901316E+01  0.9203342E+01  Si
  0.5964073E+02  0.2155128E+02  0.4921976E+01  Si
  0.6223341E+02  0.2352267E+01  0.5021471E+01  Si
  0.6246496E+02  0.2133483E+02  0.7868201E+01  Si
  0.5965065E+02  0.2027894E+01  0.7956025E+01  Si
  0.6101533E+02  0.8085166E+00  0.6522278E+01  Si
  0.6369034E+02  0.3755486E+01  0.6359922E+01  Si
  0.6372206E+02  0.1058613E+01  0.9268085E+01  Si
  0.6067558E+02  0.3535085E+01  0.9313748E+01  Si
  0.4315369E+02  0.5487445E+01  0.5111771E+01  Si
  0.4575998E+02  0.7901295E+01  0.4888638E+01  Si
  0.4588792E+02  0.5204516E+01  0.7793778E+01  Si
  0.4301095E+02  0.7972101E+01  0.7610548E+01  Si
  0.4446593E+02  0.6797734E+01  0.6433763E+01  Si
  0.4732996E+02  0.8973212E+01  0.6425807E+01  Si
  0.4701370E+02  0.6422623E+01  0.9287357E+01  Si
  0.4460841E+02  0.8990910E+01  0.8765014E+01  Si
  0.4892341E+02  0.5263400E+01  0.5189734E+01  Si
  0.5160682E+02  0.7922527E+01  0.5335534E+01  Si
  0.5170571E+02  0.5177098E+01  0.8252296E+01  Si
  0.4861015E+02  0.7674985E+01  0.7755927E+01  Si
  0.5041277E+02  0.6557156E+01  0.6866010E+01  Si
  0.5270687E+02  0.9259208E+01  0.6739882E+01  Si
  0.5304204E+02  0.6718690E+01  0.9416746E+01  Si
  0.4995595E+02  0.9560882E+01  0.8818953E+01  Si
  0.5412367E+02  0.5183379E+01  0.5140056E+01  Si
  0.5696028E+02  0.8047796E+01  0.5195542E+01  Si
  0.5672512E+02  0.5353902E+01  0.7469238E+01  Si
  0.5441174E+02  0.8008306E+01  0.7994612E+01  Si
  0.5540486E+02  0.6749335E+01  0.6340527E+01  Si
  0.5846311E+02  0.9328737E+01  0.6518328E+01  Si
  0.5816756E+02  0.6485393E+01  0.9275549E+01  Si
  0.5563325E+02  0.9574426E+01  0.9149039E+01  Si
  0.5970842E+02  0.5061440E+01  0.5406604E+01  Si
  0.6259504E+02  0.8149737E+01  0.5115652E+01  Si
  0.6218992E+02  0.4831134E+01  0.8014884E+01  Si
  0.5967435E+02  0.7671029E+01  0.7813585E+01  Si
  0.6141873E+02  0.6465170E+01  0.6407768E+01  Si
  0.6400468E+02  0.9427042E+01  0.6572901E+01  Si
  0.6357729E+02  0.6334231E+01  0.9457793E+01  Si
  0.6114184E+02  0.8926145E+01  0.9398541E+01  Si
  0.4349427E+02  0.1078413E+02  0.5045936E+01  Si
  0.4634725E+02  0.1344406E+02  0.5220009E+01  Si
  0.4603977E+02  0.1053146E+02  0.7735757E+01  Si
  0.4344197E+02  0.1336749E+02  0.7712856E+01  Si
  0.4487731E+02  0.1202249E+02  0.6385549E+01  Si
  0.4719892E+02  0.1495655E+02  0.6639753E+01  Si
  0.4735001E+02  0.1212256E+02  0.9045378E+01  Si
  0.4453964E+02  0.1505791E+02  0.9067478E+01  Si
  0.4864990E+02  0.1045742E+02  0.5196507E+01  Si
  0.5140301E+02  0.1324896E+02  0.5159286E+01  Si
  0.5141698E+02  0.1096687E+02  0.7769490E+01  Si
  0.4863012E+02  0.1351992E+02  0.7699038E+01  Si
  0.4984522E+02  0.1219272E+02  0.6290664E+01  Si
  0.5266310E+02  0.1472612E+02  0.6476990E+01  Si
  0.5312557E+02  0.1195378E+02  0.9338937E+01  Si
  0.5001310E+02  0.1489654E+02  0.9141254E+01  Si
  0.5401684E+02  0.1070972E+02  0.5320655E+01  Si
  0.5674942E+02  0.1357115E+02  0.5108831E+01  Si
  0.5714658E+02  0.1081654E+02  0.7824686E+01  Si
  0.5422330E+02  0.1366467E+02  0.7975629E+01  Si
  0.5534013E+02  0.1202755E+02  0.6460453E+01  Si
  0.5842803E+02  0.1473395E+02  0.6286448E+01  Si
  0.5848997E+02  0.1207686E+02  0.9172435E+01  Si
  0.5587477E+02  0.1465090E+02  0.9450913E+01  Si
  0.5960185E+02  0.1068798E+02  0.5087423E+01  Si
  0.6238773E+02  0.1329805E+02  0.5062720E+01  Si
  0.6238978E+02  0.1057383E+02  0.7854381E+01  Si
  0.5976146E+02  0.1355929E+02  0.7879659E+01  Si
  0.6107016E+02  0.1206724E+02  0.6587169E+01  Si
  0.6380840E+02  0.1463240E+02  0.6540998E+01  Si
  0.6386267E+02  0.1192585E+02  0.8969808E+01  Si
  0.6117172E+02  0.1486835E+02  0.9098920E+01  Si
  0.4331454E+02  0.1597147E+02  0.5310754E+01  Si
  0.4570383E+02  0.1923854E+02  0.5006713E+01  Si
  0.4607922E+02  0.1641668E+02  0.7738217E+01  Si
  0.4324366E+02  0.1915789E+02  0.7669675E+01  Si
  0.4439289E+02  0.1778767E+02  0.6487463E+01  Si
  0.4730479E+02  0.2047245E+02  0.6326281E+01  Si
  0.4728104E+02  0.1763588E+02  0.9327522E+01  Si
  0.4473493E+02  0.2016417E+02  0.9088022E+01  Si
  0.4835877E+02  0.1620975E+02  0.5280510E+01  Si
  0.5128250E+02  0.1864592E+02  0.5165202E+01  Si
  0.5135095E+02  0.1611334E+02  0.7465389E+01  Si
  0.4849036E+02  0.1891241E+02  0.7835975E+01  Si
  0.4976204E+02  0.1748033E+02  0.6438593E+01  Si
  0.5248561E+02  0.1996343E+02  0.6771540E+01  Si
  0.5255396E+02  0.1737620E+02  0.9063129E+01  Si
  0.5009712E+02  0.2020975E+02  0.9328726E+01  Si
  0.5427275E+02  0.1583434E+02  0.5425184E+01  Si
  0.5695304E+02  0.1888880E+02  0.5438847E+01  Si
  0.5711902E+02  0.1617824E+02  0.8085069E+01  Si
  0.5404116E+02  0.1879632E+02  0.7755396E+01  Si
  0.5566209E+02  0.1745798E+02  0.6663900E+01  Si
  0.5840018E+02  0.2034763E+02  0.6621388E+01  Si
  0.5845954E+02  0.1746976E+02  0.9298959E+01  Si
  0.5542755E+02  0.1997759E+02  0.9225994E+01  Si
  0.5965224E+02  0.1634048E+02  0.4974858E+01  Si
  0.6235931E+02  0.1865691E+02  0.4842858E+01  Si
  0.6248503E+02  0.1632551E+02  0.7932026E+01  Si
  0.5973733E+02  0.1881689E+02  0.7966221E+01  Si
  0.6111389E+02  0.1744981E+02  0.6488347E+01  Si
  0.6360217E+02  0.1999187E+02  0.6301978E+01  Si
  0.6382648E+02  0.1736870E+02  0.9528687E+01  Si
  0.6118236E+02  0.1984256E+02  0.9361102E+01  Si
  0.4344384E+02  0.2162505E+02  0.1041383E+02  Si
  0.4604036E+02  0.2572650E+01  0.1048482E+02  Si
  0.4595132E+02  0.1030246E+00  0.1333154E+02  Si
  0.4368091E+02  0.3054392E+01  0.1311751E+02  Si
  0.4471639E+02  0.1444536E+01  0.1174639E+02  Si
  0.4729560E+02  0.4070037E+01  0.1161366E+02  Si
  0.4775282E+02  0.1267470E+01  0.1464790E+02  Si
  0.4492014E+02  0.4060946E+01  0.1467411E+02  Si
  0.4875010E+02  0.2143804E+02  0.1058306E+02  Si
  0.5156567E+02  0.2519718E+01  0.1073485E+02  Si
  0.5145502E+02  0.2141460E+02  0.1326913E+02  Si
  0.4853650E+02  0.2329136E+01  0.1281054E+02  Si
  0.5003184E+02  0.1091064E+01  0.1185550E+02  Si
  0.5298320E+02  0.3774059E+01  0.1205149E+02  Si
  0.5284682E+02  0.9332587E+00  0.1467250E+02  Si
  0.4991125E+02  0.3387463E+01  0.1431964E+02  Si
  0.5424376E+02  0.2133147E+02  0.1064479E+02  Si
  0.5710134E+02  0.2393889E+01  0.1064472E+02  Si
  0.5681964E+02  0.2135044E+02  0.1326273E+02  Si
  0.5426435E+02  0.2253651E+01  0.1322877E+02  Si
  0.5567167E+02  0.9428451E+00  0.1176949E+02  Si
  0.5808038E+02  0.4026582E+01  0.1215799E+02  Si
  0.5813827E+02  0.7624741E+00  0.1456863E+02  Si
  0.5521856E+02  0.4156751E+01  0.1446135E+02  Si
  0.5963938E+02  0.2122908E+02  0.1051115E+02  Si
  0.6230892E+02  0.2329183E+01  0.1069688E+02  Si
  0.6248139E+02  0.2165123E+02  0.1297523E+02  Si
  0.5934152E+02  0.2570902E+01  0.1349746E+02  Si
  0.6075033E+02  0.1179163E+01  0.1204601E+02  Si
  0.6367723E+02  0.3746260E+01  0.1198877E+02  Si
  0.6384236E+02  0.1147056E+01  0.1452815E+02  Si
  0.6081577E+02  0.3619193E+01  0.1462312E+02  Si
  0.4341889E+02  0.5503296E+01  0.1075541E+02  Si
  0.4584095E+02  0.7872262E+01  0.1053583E+02  Si
  0.4614258E+02  0.5390948E+01  0.1317608E+02  Si
  0.4315429E+02  0.8221274E+01  0.1347370E+02  Si
  0.4473081E+02  0.6925451E+01  0.1225520E+02  Si
  0.4736809E+02  0.9444309E+01  0.1165495E+02  Si
  0.4750190E+02  0.6646639E+01  0.1472210E+02  Si
  0.4478054E+02  0.9252599E+01  0.1482777E+02  Si
  0.4869187E+02  0.5569736E+01  0.1060130E+02  Si
  0.5127133E+02  0.8271189E+01  0.1048764E+02  Si
  0.5137112E+02  0.5105913E+01  0.1344879E+02  Si
  0.4872661E+02  0.8062437E+01  0.1309770E+02  Si
  0.5025902E+02  0.6625177E+01  0.1197016E+02  Si
  0.5257514E+02  0.9553389E+01  0.1181818E+02  Si
  0.5275479E+02  0.6653842E+01  0.1460373E+02  Si
  0.5005112E+02  0.9373635E+01  0.1465731E+02  Si
  0.5435531E+02  0.5100147E+01  0.1070671E+02  Si
  0.5694174E+02  0.7957086E+01  0.1050255E+02  Si
  0.5686265E+02  0.5405012E+01  0.1336908E+02  Si
  0.5394050E+02  0.8046636E+01  0.1310633E+02  Si
  0.5548273E+02  0.6892421E+01  0.1183143E+02  Si
  0.5854540E+02  0.9217707E+01  0.1186181E+02  Si
  0.5828357E+02  0.6745988E+01  0.1467556E+02  Si
  0.5555939E+02  0.9045728E+01  0.1462295E+02  Si
  0.5973980E+02  0.5053329E+01  0.1091090E+02  Si
  0.6243082E+02  0.7860563E+01  0.1091351E+02  Si
  0.6216815E+02  0.4943205E+01  0.1360771E+02  Si
  0.5966822E+02  0.8023684E+01  0.1339390E+02  Si
  0.6109377E+02  0.6541786E+01  0.1214783E+02  Si
  0.6369670E+02  0.9258195E+01  0.1207241E+02  Si
  0.6381380E+02  0.6357837E+01  0.1475263E+02  Si
  0.6117199E+02  0.9279199E+01  0.1479979E+02  Si
  0.4307838E+02  0.1021231E+02  0.1037269E+02  Si
  0.4590801E+02  0.1337228E+02  0.1043274E+02  Si
  0.4589034E+02  0.1056065E+02  0.1293346E+02  Si
  0.4314374E+02  0.1334639E+02  0.1303073E+02  Si
  0.4447874E+02  0.1193369E+02  0.1160625E+02  Si
  0.4741462E+02  0.1463184E+02  0.1196678E+02  Si
  0.4721639E+02  0.1194316E+02  0.1434724E+02  Si
  0.4453317E+02  0.1471259E+02  0.1438109E+02  Si
  0.4886427E+02  0.1083547E+02  0.1040918E+02  Si
  0.5150156E+02  0.1334583E+02  0.1042345E+02  Si
  0.5141367E+02  0.1069315E+02  0.1326112E+02  Si
  0.4882050E+02  0.1314002E+02  0.1299004E+02  Si
  0.5028796E+02  0.1208934E+02  0.1188155E+02  Si
  0.5290824E+02  0.1474861E+02  0.1178458E+02  Si
  0.5281529E+02  0.1191957E+02  0.1457233E+02  Si
  0.5009946E+02  0.1472023E+02  0.1439083E+02  Si
  0.5439295E+02  0.1047407E+02  0.1078332E+02  Si
  0.5727751E+02  0.1312155E+02  0.1060554E+02  Si
  0.5708870E+02  0.1061031E+02  0.1354920E+02  Si
  0.5420853E+02  0.1324020E+02  0.1309502E+02  Si
  0.5566908E+02  0.1181527E+02  0.1207242E+02  Si
  0.5856880E+02  0.1445043E+02  0.1192531E+02  Si
  0.5835633E+02  0.1197844E+02  0.1485053E+02  Si
  0.5565404E+02  0.1463590E+02  0.1412822E+02  Si
  0.6003657E+02  0.1070391E+02  0.1058926E+02  Si
  0.6252661E+02  0.1338566E+02  0.1043651E+02  Si
  0.6243339E+02  0.1054588E+02  0.1330043E+02  Si
  0.5979103E+02  0.1340767E+02  0.1337872E+02  Si
  0.6125640E+02  0.1207719E+02  0.1188024E+02  Si
  0.6393616E+02  0.1437742E+02  0.1162368E+02  Si
  0.6403617E+02  0.1176697E+02  0.1462421E+02  Si
  0.6130680E+02  0.1452767E+02  0.1478530E+02  Si
  0.4311796E+02  0.1637788E+02  0.1036042E+02  Si
  0.4590417E+02  0.1882460E+02  0.1058065E+02  Si
  0.4605627E+02  0.1598351E+02  0.1329497E+02  Si
  0.4327565E+02  0.1871960E+02  0.1336609E+02  Si
  0.4457827E+02  0.1734249E+02  0.1195891E+02  Si
  0.4730506E+02  0.2018615E+02  0.1199916E+02  Si
  0.4709019E+02  0.1772129E+02  0.1463683E+02  Si
  0.4462204E+02  0.2020994E+02  0.1469879E+02  Si
  0.4850664E+02  0.1617670E+02  0.1051557E+02  Si
  0.5113850E+02  0.1869593E+02  0.1049009E+02  Si
  0.5162319E+02  0.1591089E+02  0.1326384E+02  Si
  0.4858087E+02  0.1882219E+02  0.1318153E+02  Si
  0.5007316E+02  0.1726317E+02  0.1193767E+02  Si
  0.5272191E+02  0.1989936E+02  0.1183722E+02  Si
  0.5274601E+02  0.1738634E+02  0.1470745E+02  Si
  0.5013342E+02  0.1986608E+02  0.1434725E+02  Si
  0.5431972E+02  0.1620795E+02  0.1034055E+02  Si
  0.5694479E+02  0.1866123E+02  0.1059100E+02  Si
  0.5735393E+02  0.1608358E+02  0.1292249E+02  Si
  0.5423943E+02  0.1864127E+02  0.1314637E+02  Si
  0.5550128E+02  0.1733951E+02  0.1190862E+02  Si
  0.5842145E+02  0.2011522E+02  0.1193069E+02  Si
  0.5842095E+02  0.1738395E+02  0.1435304E+02  Si
  0.5543096E+02  0.1998058E+02  0.1459190E+02  Si
  0.5981212E+02  0.1589569E+02  0.1068861E+02  Si
  0.6260543E+02  0.1871041E+02  0.1076910E+02  Si
  0.6277114E+02  0.1585600E+02  0.1327941E+02  Si
  0.6000151E+02  0.1853891E+02  0.1315522E+02  Si
  0.6141651E+02  0.1728222E+02  0.1201088E+02  Si
  0.6393565E+02  0.2011086E+02  0.1202915E+02  Si
  0.6397664E+02  0.1720315E+02  0.1482707E+02  Si
  0.6136808E+02  0.2020327E+02  0.1447765E+02  Si
  0.4312439E+02  0.1125768E-01  0.1618230E+02  Si
  0.4621365E+02  0.2504945E+01  0.1587206E+02  Si
  0.4602100E+02  0.2166682E+02  0.1856658E+02  Si
  0.4184180E+02  0.1542780E+01  0.1946914E+02  Si
  0.4486331E+02  0.1202009E+01  0.1717132E+02  Si
  0.4744128E+02  0.4013685E+01  0.1726118E+02  Si
  0.4731312E+02  0.1371423E+01  0.2004006E+02  Si
  0.4447831E+02  0.3959951E+01  0.2007103E+02  Si
  0.4903098E+02  0.2146595E+02  0.1600269E+02  Si
  0.5135388E+02  0.2307523E+01  0.1599567E+02  Si
  0.5149872E+02  0.2151907E+02  0.1867269E+02  Si
  0.4868135E+02  0.2557060E+01  0.1866938E+02  Si
  0.5010361E+02  0.1131455E+01  0.1751639E+02  Si
  0.5273253E+02  0.3950199E+01  0.1700876E+02  Si
  0.5271331E+02  0.1213928E+01  0.2003282E+02  Si
  0.5012595E+02  0.3785943E+01  0.2017493E+02  Si
  0.5411976E+02  0.2141809E+02  0.1603343E+02  Si
  0.5676537E+02  0.2532179E+01  0.1567320E+02  Si
  0.5646299E+02  0.2122775E+02  0.1823494E+02  Si
  0.5397443E+02  0.2726799E+01  0.1880572E+02  Si
  0.5513418E+02  0.1372205E+01  0.1714598E+02  Si
  0.5811058E+02  0.3712608E+01  0.1735766E+02  Si
  0.5773383E+02  0.1051072E+01  0.1969091E+02  Si
  0.5559364E+02  0.4149315E+01  0.1986457E+02  Si
  0.5984723E+02  0.2158317E+02  0.1582906E+02  Si
  0.6236001E+02  0.2431053E+01  0.1583743E+02  Si
  0.6254258E+02  0.2146602E+02  0.1898637E+02  Si
  0.5946452E+02  0.2365486E+01  0.1837705E+02  Si
  0.6108752E+02  0.9643498E+00  0.1760882E+02  Si
  0.6355223E+02  0.3967533E+01  0.1721245E+02  Si
  0.6390411E+02  0.1273946E+01  0.2028287E+02  Si
  0.6089383E+02  0.3798383E+01  0.1989944E+02  Si
  0.4332791E+02  0.5297511E+01  0.1592701E+02  Si
  0.4616620E+02  0.7957344E+01  0.1622652E+02  Si
  0.4617293E+02  0.5326647E+01  0.1885702E+02  Si
  0.4342670E+02  0.8073054E+01  0.1857779E+02  Si
  0.4477199E+02  0.6590217E+01  0.1748199E+02  Si
  0.4734324E+02  0.9553159E+01  0.1739202E+02  Si
  0.4766082E+02  0.6876641E+01  0.2013119E+02  Si
  0.4497369E+02  0.9579460E+01  0.1984358E+02  Si
  0.4878337E+02  0.5190680E+01  0.1582901E+02  Si
  0.5129211E+02  0.7930025E+01  0.1579027E+02  Si
  0.5128446E+02  0.4863727E+01  0.1844791E+02  Si
  0.4879249E+02  0.8200040E+01  0.1852337E+02  Si
  0.5002330E+02  0.6584747E+01  0.1730911E+02  Si
  0.5266525E+02  0.9212670E+01  0.1737835E+02  Si
  0.5264514E+02  0.6622292E+01  0.1969521E+02  Si
  0.5016729E+02  0.9492983E+01  0.2009767E+02  Si
  0.5405471E+02  0.5686286E+01  0.1585919E+02  Si
  0.5690434E+02  0.8004463E+01  0.1602172E+02  Si
  0.5695738E+02  0.5549821E+01  0.1869597E+02  Si
  0.5437391E+02  0.7954584E+01  0.1890589E+02  Si
  0.5549875E+02  0.6842940E+01  0.1727721E+02  Si
  0.5840572E+02  0.9415891E+01  0.1736966E+02  Si
  0.5819660E+02  0.6656393E+01  0.2009818E+02  Si
  0.5585159E+02  0.9341266E+01  0.2025451E+02  Si
  0.5957095E+02  0.5075954E+01  0.1596968E+02  Si
  0.6245215E+02  0.7827127E+01  0.1602603E+02  Si
  0.6237890E+02  0.5308783E+01  0.1856326E+02  Si
  0.5957942E+02  0.8111671E+01  0.1884862E+02  Si
  0.6081918E+02  0.6453476E+01  0.1748059E+02  Si
  0.6380135E+02  0.9086062E+01  0.1740200E+02  Si
  0.6366236E+02  0.6578258E+01  0.2015758E+02  Si
  0.6103679E+02  0.9404031E+01  0.2015402E+02  Si
  0.4348839E+02  0.1062467E+02  0.1588757E+02  Si
  0.4607522E+02  0.1344801E+02  0.1584835E+02  Si
  0.4611722E+02  0.1132705E+02  0.1869349E+02  Si
  0.4221996E+02  0.1417110E+02  0.1635637E+02  Si
  0.4444800E+02  0.1245108E+02  0.1739869E+02  Si
  0.4744494E+02  0.1513483E+02  0.1731848E+02  Si
  0.4759408E+02  0.1255650E+02  0.2002652E+02  Si
  0.4479712E+02  0.1493116E+02  0.2014576E+02  Si
  0.4873838E+02  0.1075561E+02  0.1594747E+02  Si
  0.5168177E+02  0.1351368E+02  0.1587463E+02  Si
  0.5160444E+02  0.1089552E+02  0.1868709E+02  Si
  0.4904244E+02  0.1367292E+02  0.1859239E+02  Si
  0.5027982E+02  0.1217258E+02  0.1721294E+02  Si
  0.5318216E+02  0.1499083E+02  0.1707090E+02  Si
  0.5298594E+02  0.1217272E+02  0.2014126E+02  Si
  0.5045772E+02  0.1470152E+02  0.2018895E+02  Si
  0.5415269E+02  0.1032614E+02  0.1598059E+02  Si
  0.5680728E+02  0.1340546E+02  0.1569091E+02  Si
  0.5704784E+02  0.1079774E+02  0.1869556E+02  Si
  0.5430591E+02  0.1341638E+02  0.1836321E+02  Si
  0.5557107E+02  0.1204085E+02  0.1697040E+02  Si
  0.5826222E+02  0.1437732E+02  0.1715247E+02  Si
  0.5858235E+02  0.1218621E+02  0.2004482E+02  Si
  0.5571344E+02  0.1457691E+02  0.2001735E+02  Si
  0.5988671E+02  0.1057487E+02  0.1614070E+02  Si
  0.6289040E+02  0.1322954E+02  0.1593032E+02  Si
  0.6254538E+02  0.1063442E+02  0.1877745E+02  Si
  0.5981137E+02  0.1351489E+02  0.1877518E+02  Si
  0.6124980E+02  0.1216611E+02  0.1733978E+02  Si
  0.6415494E+02  0.1455114E+02  0.1757064E+02  Si
  0.6379911E+02  0.1211298E+02  0.2013095E+02  Si
  0.6090889E+02  0.1491425E+02  0.2001028E+02  Si
  0.4345885E+02  0.1604438E+02  0.1585936E+02  Si
  0.4583081E+02  0.1886213E+02  0.1617907E+02  Si
  0.4602039E+02  0.1625756E+02  0.1860401E+02  Si
  0.4313754E+02  0.1905593E+02  0.1876331E+02  Si
  0.4452208E+02  0.1745947E+02  0.1733454E+02  Si
  0.4746622E+02  0.2018431E+02  0.1732872E+02  Si
  0.4733725E+02  0.1739516E+02  0.2013358E+02  Si
  0.4470935E+02  0.2016130E+02  0.1991492E+02  Si
  0.4838384E+02  0.1610394E+02  0.1541314E+02  Si
  0.5122362E+02  0.1866534E+02  0.1611812E+02  Si
  0.5134145E+02  0.1607009E+02  0.1845391E+02  Si
  0.4863810E+02  0.1863815E+02  0.1862514E+02  Si
  0.4977780E+02  0.1719401E+02  0.1716441E+02  Si
  0.5263349E+02  0.2009737E+02  0.1718002E+02  Si
  0.5254474E+02  0.1740240E+02  0.2018973E+02  Si
  0.5013637E+02  0.1996844E+02  0.2008871E+02  Si
  0.5466914E+02  0.1630451E+02  0.1568221E+02  Si
  0.5681367E+02  0.1853106E+02  0.1568224E+02  Si
  0.5702409E+02  0.1592309E+02  0.1849376E+02  Si
  0.5398555E+02  0.1877130E+02  0.1875006E+02  Si
  0.5565683E+02  0.1748504E+02  0.1738925E+02  Si
  0.5840151E+02  0.2023699E+02  0.1702330E+02  Si
  0.5838849E+02  0.1741878E+02  0.1976356E+02  Si
  0.5540044E+02  0.2002184E+02  0.2002953E+02  Si
  0.5989127E+02  0.1609769E+02  0.1604341E+02  Si
  0.6295396E+02  0.1911517E+02  0.1588703E+02  Si
  0.6265754E+02  0.1582553E+02  0.1869211E+02  Si
  0.5975783E+02  0.1897954E+02  0.1843579E+02  Si
  0.6147293E+02  0.1749320E+02  0.1720172E+02  Si
  0.6396330E+02  0.2021223E+02  0.1754701E+02  Si
  0.6384436E+02  0.1750154E+02  0.2011112E+02  Si
  0.6100152E+02  0.2000108E+02  0.2006174E+02  Si
