         
  0.6515772E+02  0.0000000E+00  0.2171924E+02
  0.0000000E+00  0.0000000E+00  0.2171924E+02
  0.5654256E-01  0.2154637E+02  0.2125957E+02  Si
  0.2689601E+01  0.2409608E+01  0.5754487E-01  Si
  0.2952615E+01  0.2153493E+02  0.2754839E+01  Si
  0.1581265E+00  0.2583409E+01  0.2417708E+01  Si
  0.1603063E+01  0.1001328E+01  0.1159425E+01  Si
  0.3966770E+01  0.3994902E+01  0.1350489E+01  Si
  0.4370917E+01  0.1372676E+01  0.3956510E+01  Si
  0.1458710E+01  0.4027219E+01  0.3983151E+01  Si
  0.5003263E+01  0.2159210E+02  0.2163678E+02  Si
  0.8045465E+01  0.2527992E+01  0.2148107E+02  Si
  0.7880405E+01  0.2149966E+02  0.2564371E+01  Si
  0.5437656E+01  0.2814815E+01  0.2704134E+01  Si
  0.6638944E+01  0.1237345E+01  0.1314811E+01  Si
  0.9274174E+01  0.3864064E+01  0.1379730E+01  Si
  0.9449367E+01  0.9540787E+00  0.3869385E+01  Si
  0.6808070E+01  0.4293547E+01  0.4082019E+01  Si
  0.1095151E+02  0.2139055E+02  0.2163039E+02  Si
  0.1315406E+02  0.2730589E+01  0.2160749E+02  Si
  0.1342133E+02  0.2140423E+02  0.2557703E+01  Si
  0.1070243E+02  0.2551734E+01  0.2831732E+01  Si
  0.1212832E+02  0.1177601E+01  0.1291696E+01  Si
  0.1473534E+02  0.3943181E+01  0.1094950E+01  Si
  0.1476334E+02  0.1231346E+01  0.3784993E+01  Si
  0.1199022E+02  0.4102197E+01  0.3914638E+01  Si
  0.1627568E+02  0.1475900E+00  0.2141176E+02  Si
  0.1912690E+02  0.2368198E+01  0.2136196E+02  Si
  0.1904367E+02  0.2152938E+02  0.2527375E+01  Si
  0.1622777E+02  0.2549746E+01  0.2440330E+01  Si
  0.1763262E+02  0.1150726E+01  0.1195707E+01  Si
  0.2579123E+02  0.5311047E+01  0.2134876E+02  Si
  0.2169101E+02  0.1663624E+01  0.2020416E+01  Si
  0.1743720E+02  0.3944974E+01  0.3849069E+01  Si
  0.1223138E+00  0.5111572E+01  0.2149058E+02  Si
  0.2498213E+01  0.7700863E+01  0.2166221E+02  Si
  0.2752693E+01  0.5345156E+01  0.2633552E+01  Si
  0.6513417E+02  0.7566901E+01  0.2568734E+01  Si
  0.1346311E+01  0.6342406E+01  0.1139449E+01  Si
  0.3808941E+01  0.9267905E+01  0.1124995E+01  Si
  0.4178228E+01  0.6746156E+01  0.4115252E+01  Si
  0.1227640E+01  0.9423615E+01  0.3916793E+01  Si
  0.5335873E+01  0.5346523E+01  0.2150550E+02  Si
  0.7734551E+01  0.7860210E+01  0.2142565E+02  Si
  0.8271983E+01  0.5287265E+01  0.2654287E+01  Si
  0.5471462E+01  0.8073810E+01  0.2553190E+01  Si
  0.6712111E+01  0.6541532E+01  0.1390212E+01  Si
  0.9317220E+01  0.9179054E+01  0.9116987E+00  Si
  0.9465337E+01  0.6571982E+01  0.3933705E+01  Si
  0.6762999E+01  0.9434481E+01  0.3812011E+01  Si
  0.1088565E+02  0.4962014E+01  0.2151526E+02  Si
  0.1347019E+02  0.7841376E+01  0.2153436E+02  Si
  0.1333904E+02  0.5439169E+01  0.2389170E+01  Si
  0.1078290E+02  0.8050781E+01  0.2441045E+01  Si
  0.1198216E+02  0.6677632E+01  0.9230923E+00  Si
  0.1482394E+02  0.9364621E+01  0.6568511E+00  Si
  0.1472341E+02  0.6693288E+01  0.3843332E+01  Si
  0.1203352E+02  0.9390923E+01  0.3633804E+01  Si
  0.1624185E+02  0.5147221E+01  0.2135457E+02  Si
  0.1876385E+02  0.8371014E+01  0.2140147E+02  Si
  0.1874834E+02  0.5252180E+01  0.2314767E+01  Si
  0.1610431E+02  0.8214901E+01  0.2494992E+01  Si
  0.1729106E+02  0.6714067E+01  0.1009909E+01  Si
  0.2058589E+02  0.9692702E+01  0.5240816E+00  Si
  0.2422477E+02  0.2541583E+01  0.1064276E+02  Si
  0.1762109E+02  0.9335473E+01  0.3698370E+01  Si
  0.6495036E+02  0.1049413E+02  0.2150559E+02  Si
  0.2590113E+01  0.1328189E+02  0.2125447E+02  Si
  0.2407878E+01  0.1070646E+02  0.2504052E+01  Si
  0.6499879E+02  0.1333691E+02  0.2444226E+01  Si
  0.1124337E+01  0.1208789E+02  0.1204720E+01  Si
  0.3851142E+01  0.1472382E+02  0.1215853E+01  Si
  0.4153048E+01  0.1189681E+02  0.3761944E+01  Si
  0.1445566E+01  0.1448043E+02  0.3742421E+01  Si
  0.5078711E+01  0.1058503E+02  0.2124484E+02  Si
  0.8105678E+01  0.1359657E+02  0.2158131E+02  Si
  0.8140786E+01  0.1072729E+02  0.2317382E+01  Si
  0.5319291E+01  0.1309690E+02  0.2316654E+01  Si
  0.6794198E+01  0.1200920E+02  0.7490027E+00  Si
  0.9653373E+01  0.1457858E+02  0.1253357E+01  Si
  0.9409113E+01  0.1188336E+02  0.3704000E+01  Si
  0.6647425E+01  0.1468010E+02  0.3598701E+01  Si
  0.1078735E+02  0.1061944E+02  0.2140935E+02  Si
  0.1352412E+02  0.1333300E+02  0.2122164E+02  Si
  0.1371077E+02  0.1061244E+02  0.2363271E+01  Si
  0.1078538E+02  0.1335314E+02  0.2632520E+01  Si
  0.1220517E+02  0.1203280E+02  0.1155167E+01  Si
  0.1480802E+02  0.1471630E+02  0.1028790E+01  Si
  0.1502301E+02  0.1202911E+02  0.3736041E+01  Si
  0.1230892E+02  0.1461101E+02  0.3783164E+01  Si
  0.1629592E+02  0.1062456E+02  0.2111866E+02  Si
  0.1936871E+02  0.1338491E+02  0.2114594E+02  Si
  0.1827202E+02  0.1128429E+02  0.2652399E+01  Si
  0.1606622E+02  0.1336037E+02  0.2091972E+01  Si
  0.1757467E+02  0.1227577E+02  0.5326424E+00  Si
  0.2051079E+02  0.1430529E+02  0.1453325E+01  Si
  0.2121311E+02  0.1320892E+02  0.4745952E+01  Si
  0.1727919E+02  0.1463412E+02  0.3647365E+01  Si
  0.6513573E+02  0.1598358E+02  0.2154590E+02  Si
  0.2563379E+01  0.1894394E+02  0.2122007E+02  Si
  0.2346611E+01  0.1611259E+02  0.2303296E+01  Si
  0.1060973E+00  0.1888048E+02  0.2302974E+01  Si
  0.1325531E+01  0.1758306E+02  0.9621215E+00  Si
  0.3748796E+01  0.2018463E+02  0.1235287E+01  Si
  0.3767619E+01  0.1754034E+02  0.3749208E+01  Si
  0.1445759E+01  0.2030783E+02  0.3788461E+01  Si
  0.5167654E+01  0.1605711E+02  0.2159359E+02  Si
  0.8069598E+01  0.1902754E+02  0.2161976E+02  Si
  0.8132726E+01  0.1593743E+02  0.2300977E+01  Si
  0.5362185E+01  0.1866916E+02  0.2411904E+01  Si
  0.6794693E+01  0.1735645E+02  0.1003148E+01  Si
  0.9284215E+01  0.2028018E+02  0.1057031E+01  Si
  0.9473560E+01  0.1728353E+02  0.3665999E+01  Si
  0.6699521E+01  0.2006195E+02  0.3857931E+01  Si
  0.1087657E+02  0.1599701E+02  0.2153787E+02  Si
  0.1358060E+02  0.1869463E+02  0.2141297E+02  Si
  0.1352317E+02  0.1617112E+02  0.2456622E+01  Si
  0.1084089E+02  0.1868440E+02  0.2338349E+01  Si
  0.1228264E+02  0.1743379E+02  0.1023329E+01  Si
  0.1479846E+02  0.2024069E+02  0.9545593E+00  Si
  0.1486763E+02  0.1752329E+02  0.3707740E+01  Si
  0.1187798E+02  0.1995975E+02  0.3988514E+01  Si
  0.1614088E+02  0.1623354E+02  0.2171875E+02  Si
  0.1881810E+02  0.1872887E+02  0.2135100E+02  Si
  0.1886061E+02  0.1563486E+02  0.2308695E+01  Si
  0.1616999E+02  0.1912049E+02  0.2459445E+01  Si
  0.1752143E+02  0.1744252E+02  0.1250318E+01  Si
  0.2017386E+02  0.1994675E+02  0.1326467E+01  Si
  0.1960653E+02  0.1668422E+02  0.4385675E+01  Si
  0.1772678E+02  0.2041709E+02  0.3784461E+01  Si
  0.1492743E+00  0.2134664E+02  0.5576298E+01  Si
  0.2589220E+01  0.2337712E+01  0.5322214E+01  Si
  0.2906560E+01  0.2119277E+02  0.8129795E+01  Si
  0.5251821E-02  0.2444466E+01  0.7986365E+01  Si
  0.1408301E+01  0.8618473E+00  0.6986093E+01  Si
  0.3810068E+01  0.3704595E+01  0.6733874E+01  Si
  0.4199860E+01  0.1120631E+01  0.9259541E+01  Si
  0.1312157E+01  0.3814548E+01  0.9359513E+01  Si
  0.5713127E+01  0.5702470E-01  0.5402994E+01  Si
  0.8030982E+01  0.2594057E+01  0.5100186E+01  Si
  0.8321432E+01  0.2138914E+02  0.8303099E+01  Si
  0.5430949E+01  0.2713358E+01  0.8070849E+01  Si
  0.7130514E+01  0.1246586E+01  0.6928666E+01  Si
  0.9499058E+01  0.3381620E+01  0.6665157E+01  Si
  0.9674680E+01  0.1215406E+01  0.9676006E+01  Si
  0.6713449E+01  0.4052532E+01  0.9553971E+01  Si
  0.1072015E+02  0.2145993E+02  0.5352156E+01  Si
  0.1327260E+02  0.2501704E+01  0.5268718E+01  Si
  0.1363431E+02  0.2169581E+02  0.8028084E+01  Si
  0.1088273E+02  0.2402148E+01  0.8390937E+01  Si
  0.1214935E+02  0.1062365E+01  0.6662663E+01  Si
  0.1494245E+02  0.3711512E+01  0.6571198E+01  Si
  0.1508665E+02  0.1307456E+01  0.9242094E+01  Si
  0.1249842E+02  0.3660729E+01  0.9398419E+01  Si
  0.1620674E+02  0.2156837E+02  0.5177807E+01  Si
  0.1889354E+02  0.2343489E+01  0.5360018E+01  Si
  0.1901362E+02  0.2127748E+02  0.8063619E+01  Si
  0.1647073E+02  0.2745680E+01  0.7963104E+01  Si
  0.1764568E+02  0.1040243E+01  0.6616188E+01  Si
  0.2390068E+02  0.2985770E+00  0.1733249E+02  Si
  0.2560784E+02  0.2167616E+02  0.7288711E+01  Si
  0.1776159E+02  0.4056449E+01  0.9287194E+01  Si
  0.6493745E+02  0.5455586E+01  0.5146378E+01  Si
  0.2792920E+01  0.8281030E+01  0.5076732E+01  Si
  0.2561599E+01  0.5332033E+01  0.7978566E+01  Si
  0.9389346E-01  0.7897616E+01  0.7827254E+01  Si
  0.1513045E+01  0.6759941E+01  0.6375608E+01  Si
  0.4216635E+01  0.9376226E+01  0.6412322E+01  Si
  0.3942861E+01  0.6559124E+01  0.9191372E+01  Si
  0.1353142E+01  0.9210769E+01  0.9461783E+01  Si
  0.5211381E+01  0.5302121E+01  0.5581831E+01  Si
  0.8117506E+01  0.7900575E+01  0.5127880E+01  Si
  0.8244753E+01  0.5098372E+01  0.8026670E+01  Si
  0.5454381E+01  0.7781591E+01  0.7866601E+01  Si
  0.6871140E+01  0.6414682E+01  0.6783875E+01  Si
  0.9649600E+01  0.9143218E+01  0.6405147E+01  Si
  0.9721116E+01  0.6281143E+01  0.9005189E+01  Si
  0.6757327E+01  0.9355472E+01  0.9196384E+01  Si
  0.1069532E+02  0.4943832E+01  0.5330427E+01  Si
  0.1336447E+02  0.8144381E+01  0.5150073E+01  Si
  0.1377454E+02  0.5190218E+01  0.7914766E+01  Si
  0.1116744E+02  0.7846018E+01  0.7709757E+01  Si
  0.1228686E+02  0.6413895E+01  0.6413812E+01  Si
  0.1463615E+02  0.9283878E+01  0.6545745E+01  Si
  0.1498061E+02  0.6698096E+01  0.9125097E+01  Si
  0.1205760E+02  0.9254072E+01  0.9408116E+01  Si
  0.1592763E+02  0.5060059E+01  0.5101320E+01  Si
  0.1897485E+02  0.7784586E+01  0.4921913E+01  Si
  0.2025167E+02  0.3679898E+01  0.6731437E+01  Si
  0.1619754E+02  0.8139302E+01  0.7698758E+01  Si
  0.1733470E+02  0.6603591E+01  0.6259304E+01  Si
  0.2057519E+02  0.6430227E+01  0.3878173E+01  Si
  0.2035641E+02  0.6620035E+01  0.8849520E+01  Si
  0.1713980E+02  0.9327906E+01  0.9485704E+01  Si
  0.2512087E-01  0.1061463E+02  0.5391520E+01  Si
  0.2912299E+01  0.1320662E+02  0.5305631E+01  Si
  0.2704461E+01  0.1067759E+02  0.8029783E+01  Si
  0.6500092E+02  0.1356566E+02  0.7879131E+01  Si
  0.1453179E+01  0.1195068E+02  0.6820332E+01  Si
  0.4078726E+01  0.1465743E+02  0.6604032E+01  Si
  0.3998286E+01  0.1194604E+02  0.9341836E+01  Si
  0.1233785E+01  0.1465288E+02  0.9114220E+01  Si
  0.5544227E+01  0.1076162E+02  0.5294218E+01  Si
  0.8114658E+01  0.1350161E+02  0.5137447E+01  Si
  0.8067279E+01  0.1037155E+02  0.7699347E+01  Si
  0.5237374E+01  0.1328202E+02  0.7920762E+01  Si
  0.6882319E+01  0.1229265E+02  0.6762062E+01  Si
  0.9493957E+01  0.1498247E+02  0.6345808E+01  Si
  0.9550815E+01  0.1174401E+02  0.9017266E+01  Si
  0.6885064E+01  0.1464827E+02  0.9142963E+01  Si
  0.1072774E+02  0.1064358E+02  0.5007428E+01  Si
  0.1367254E+02  0.1332854E+02  0.5278353E+01  Si
  0.1331944E+02  0.1067505E+02  0.7818054E+01  Si
  0.1071713E+02  0.1311433E+02  0.7741819E+01  Si
  0.1217711E+02  0.1206454E+02  0.6538236E+01  Si
  0.1507609E+02  0.1455764E+02  0.6703346E+01  Si
  0.1479318E+02  0.1238359E+02  0.8770543E+01  Si
  0.1186200E+02  0.1475127E+02  0.9027540E+01  Si
  0.1611325E+02  0.1064148E+02  0.5176000E+01  Si
  0.1870809E+02  0.1289544E+02  0.4450810E+01  Si
  0.1875198E+02  0.1076869E+02  0.8251626E+01  Si
  0.1679440E+02  0.1338741E+02  0.8043194E+01  Si
  0.1765973E+02  0.1188536E+02  0.6377422E+01  Si
  0.2058951E+02  0.1517993E+02  0.6151653E+01  Si
  0.2215846E+02  0.1482522E+02  0.3233068E+01  Si
  0.1756640E+02  0.1428521E+02  0.1010111E+02  Si
  0.1794128E+00  0.1596818E+02  0.5149047E+01  Si
  0.2658867E+01  0.1900748E+02  0.5251058E+01  Si
  0.2761581E+01  0.1601660E+02  0.7848330E+01  Si
  0.1164904E+00  0.1871561E+02  0.8095142E+01  Si
  0.1305727E+01  0.1739224E+02  0.6674323E+01  Si
  0.4311230E+01  0.2021346E+02  0.6412148E+01  Si
  0.4166218E+01  0.1733923E+02  0.9354005E+01  Si
  0.1615103E+01  0.2005118E+02  0.9337398E+01  Si
  0.5323144E+01  0.1613682E+02  0.5188958E+01  Si
  0.8283867E+01  0.1874226E+02  0.5185596E+01  Si
  0.8291692E+01  0.1619549E+02  0.7861811E+01  Si
  0.5425016E+01  0.1878290E+02  0.7786270E+01  Si
  0.6773419E+01  0.1738773E+02  0.6583687E+01  Si
  0.9539781E+01  0.2021707E+02  0.6746771E+01  Si
  0.9496019E+01  0.1736594E+02  0.9379158E+01  Si
  0.6812588E+01  0.1994036E+02  0.9233735E+01  Si
  0.1101333E+02  0.1611809E+02  0.4921071E+01  Si
  0.1372927E+02  0.1885332E+02  0.5300367E+01  Si
  0.1352161E+02  0.1602969E+02  0.7970853E+01  Si
  0.1093078E+02  0.1866196E+02  0.8276037E+01  Si
  0.1229605E+02  0.1749313E+02  0.6515899E+01  Si
  0.1520726E+02  0.2013553E+02  0.6549638E+01  Si
  0.1484726E+02  0.1747809E+02  0.9168671E+01  Si
  0.1243351E+02  0.2001826E+02  0.9408409E+01  Si
  0.1615343E+02  0.1604840E+02  0.5150708E+01  Si
  0.2413692E+02  0.1876541E+02  0.4530443E+01  Si
  0.1960228E+02  0.1622739E+02  0.7990871E+01  Si
  0.1638885E+02  0.1887640E+02  0.7926252E+01  Si
  0.1762465E+02  0.1732094E+02  0.6796822E+01  Si
  0.2530559E+02  0.1360508E+02  0.4270420E+01  Si
  0.2038772E+02  0.1835520E+02  0.8882452E+01  Si
  0.1775429E+02  0.2000784E+02  0.9372857E+01  Si
  0.1436388E+00  0.2140107E+02  0.1059426E+02  Si
  0.2829183E+01  0.2466128E+01  0.1079257E+02  Si
  0.2693813E+01  0.2150989E+02  0.1337112E+02  Si
  0.6510180E+02  0.2482572E+01  0.1338471E+02  Si
  0.1351814E+01  0.1120604E+01  0.1199529E+02  Si
  0.4236238E+01  0.3721936E+01  0.1190178E+02  Si
  0.4113934E+01  0.1198179E+01  0.1474745E+02  Si
  0.1156850E+01  0.3913350E+01  0.1449895E+02  Si
  0.5469807E+01  0.2153360E+02  0.1051924E+02  Si
  0.8035668E+01  0.2537979E+01  0.1080196E+02  Si
  0.8108452E+01  0.2160361E+02  0.1381899E+02  Si
  0.5694136E+01  0.2562351E+01  0.1340055E+02  Si
  0.6904824E+01  0.1045571E+01  0.1220884E+02  Si
  0.9464004E+01  0.3738847E+01  0.1198079E+02  Si
  0.9812277E+01  0.1160694E+01  0.1466162E+02  Si
  0.6959796E+01  0.3864564E+01  0.1466499E+02  Si
  0.1113977E+02  0.2128559E+02  0.1100262E+02  Si
  0.1379331E+02  0.2307876E+01  0.1079095E+02  Si
  0.1356594E+02  0.2127505E+02  0.1372347E+02  Si
  0.1116371E+02  0.2593694E+01  0.1359315E+02  Si
  0.1233717E+02  0.1072200E+01  0.1231651E+02  Si
  0.1502875E+02  0.3987446E+01  0.1199247E+02  Si
  0.1477435E+02  0.1160718E+01  0.1491794E+02  Si
  0.1234298E+02  0.4006277E+01  0.1485593E+02  Si
  0.1642751E+02  0.6387661E-01  0.1081288E+02  Si
  0.2024918E+02  0.1128379E+01  0.9520396E+01  Si
  0.2604254E+02  0.2099233E+02  0.1677519E+02  Si
  0.1638192E+02  0.2466608E+01  0.1355966E+02  Si
  0.1784953E+02  0.1273744E+01  0.1227004E+02  Si
  0.1905881E+02  0.2744155E+01  0.1069997E+02  Si
  0.2026826E+02  0.3894138E+01  0.1232562E+02  Si
  0.1748186E+02  0.3729734E+01  0.1506108E+02  Si
  0.5495649E-01  0.5091225E+01  0.1036273E+02  Si
  0.2722889E+01  0.7760545E+01  0.1104610E+02  Si
  0.2721987E+01  0.4991101E+01  0.1342752E+02  Si
  0.6495479E+02  0.7956376E+01  0.1337215E+02  Si
  0.1354890E+01  0.6265972E+01  0.1203781E+02  Si
  0.4393015E+01  0.9207348E+01  0.1223297E+02  Si
  0.3895274E+01  0.6328165E+01  0.1500753E+02  Si
  0.1150232E+01  0.9505344E+01  0.1465394E+02  Si
  0.5128683E+01  0.5429752E+01  0.1080613E+02  Si
  0.8261932E+01  0.7865653E+01  0.1030022E+02  Si
  0.8115411E+01  0.5353938E+01  0.1311005E+02  Si
  0.5437757E+01  0.7779445E+01  0.1364947E+02  Si
  0.6884779E+01  0.6819655E+01  0.1188186E+02  Si
  0.9500877E+01  0.8892000E+01  0.1211679E+02  Si
  0.9180544E+01  0.6295142E+01  0.1488236E+02  Si
  0.6982884E+01  0.9217929E+01  0.1491027E+02  Si
  0.1099847E+02  0.4979683E+01  0.1061766E+02  Si
  0.1364916E+02  0.7983957E+01  0.1075243E+02  Si
  0.1374577E+02  0.5344648E+01  0.1355426E+02  Si
  0.1089960E+02  0.7529526E+01  0.1352765E+02  Si
  0.1258097E+02  0.6436866E+01  0.1214522E+02  Si
  0.1474334E+02  0.9648604E+01  0.1199327E+02  Si
  0.1509092E+02  0.6829040E+01  0.1467509E+02  Si
  0.1222277E+02  0.9441581E+01  0.1422329E+02  Si
  0.1633917E+02  0.5238493E+01  0.1047094E+02  Si
  0.1896749E+02  0.7825484E+01  0.1032037E+02  Si
  0.1863958E+02  0.5489521E+01  0.1369534E+02  Si
  0.1628310E+02  0.8349098E+01  0.1320326E+02  Si
  0.1748374E+02  0.6592330E+01  0.1192956E+02  Si
  0.2616275E+02  0.6843735E+01  0.1850478E+02  Si
  0.2027566E+02  0.6956653E+01  0.1460602E+02  Si
  0.1752455E+02  0.9330882E+01  0.1490176E+02  Si
  0.6478588E+02  0.1046784E+02  0.1065942E+02  Si
  0.2583962E+01  0.1329256E+02  0.1067708E+02  Si
  0.2577717E+01  0.1085213E+02  0.1313980E+02  Si
  0.5557080E-01  0.1333216E+02  0.1345928E+02  Si
  0.1106637E+01  0.1178862E+02  0.1188671E+02  Si
  0.4046394E+01  0.1473835E+02  0.1178645E+02  Si
  0.4234031E+01  0.1200504E+02  0.1454264E+02  Si
  0.1436597E+01  0.1471233E+02  0.1468411E+02  Si
  0.5483674E+01  0.1048938E+02  0.1069805E+02  Si
  0.8298522E+01  0.1310525E+02  0.1050623E+02  Si
  0.8104582E+01  0.1064415E+02  0.1332961E+02  Si
  0.5381661E+01  0.1335663E+02  0.1290178E+02  Si
  0.6805327E+01  0.1199462E+02  0.1196231E+02  Si
  0.9118766E+01  0.1503788E+02  0.1188297E+02  Si
  0.9673388E+01  0.1169242E+02  0.1478199E+02  Si
  0.6745208E+01  0.1466234E+02  0.1452768E+02  Si
  0.1071297E+02  0.1059574E+02  0.1087984E+02  Si
  0.1338226E+02  0.1352535E+02  0.1036136E+02  Si
  0.1337992E+02  0.1136216E+02  0.1318507E+02  Si
  0.1053731E+02  0.1344251E+02  0.1362161E+02  Si
  0.1187767E+02  0.1253716E+02  0.1187433E+02  Si
  0.1452581E+02  0.1485734E+02  0.1203957E+02  Si
  0.1502034E+02  0.1207814E+02  0.1470734E+02  Si
  0.1212701E+02  0.1479793E+02  0.1459353E+02  Si
  0.1593618E+02  0.1116543E+02  0.1048717E+02  Si
  0.1925794E+02  0.1110988E+02  0.1458137E+02  Si
  0.2238612E+02  0.1040862E+02  0.1675815E+02  Si
  0.1588530E+02  0.1364812E+02  0.1317222E+02  Si
  0.1729738E+02  0.1251690E+02  0.1162093E+02  Si
  0.2032796E+02  0.2010318E+02  0.1182937E+02  Si
  0.1888556E+02  0.1591191E+02  0.1319211E+02  Si
  0.1732667E+02  0.1466625E+02  0.1456346E+02  Si
  0.1629107E-01  0.1600197E+02  0.1069398E+02  Si
  0.2900896E+01  0.1862116E+02  0.1074421E+02  Si
  0.2732585E+01  0.1600962E+02  0.1317572E+02  Si
  0.6488394E+02  0.1886666E+02  0.1326640E+02  Si
  0.1225632E+01  0.1756521E+02  0.1203200E+02  Si
  0.4078460E+01  0.2008109E+02  0.1206147E+02  Si
  0.3873139E+01  0.1751490E+02  0.1487552E+02  Si
  0.1336539E+01  0.2021384E+02  0.1451493E+02  Si
  0.5531559E+01  0.1590799E+02  0.1062408E+02  Si
  0.8252716E+01  0.1868375E+02  0.1087160E+02  Si
  0.8168696E+01  0.1621328E+02  0.1351234E+02  Si
  0.5317584E+01  0.1879070E+02  0.1352607E+02  Si
  0.6915086E+01  0.1737528E+02  0.1214665E+02  Si
  0.9360116E+01  0.2008491E+02  0.1228954E+02  Si
  0.9255376E+01  0.1749772E+02  0.1491878E+02  Si
  0.6660835E+01  0.2009505E+02  0.1510912E+02  Si
  0.1096994E+02  0.1610741E+02  0.1078476E+02  Si
  0.1369678E+02  0.1878219E+02  0.1081438E+02  Si
  0.1341564E+02  0.1633110E+02  0.1333755E+02  Si
  0.1058860E+02  0.1884678E+02  0.1369688E+02  Si
  0.1213609E+02  0.1754428E+02  0.1212083E+02  Si
  0.1499516E+02  0.2031378E+02  0.1192568E+02  Si
  0.1481461E+02  0.1783374E+02  0.1463136E+02  Si
  0.1211101E+02  0.2014329E+02  0.1479945E+02  Si
  0.1602584E+02  0.1602809E+02  0.1062925E+02  Si
  0.1878496E+02  0.1862053E+02  0.1067752E+02  Si
  0.2473113E+02  0.1263437E+02  0.1549187E+02  Si
  0.1636265E+02  0.1923212E+02  0.1320895E+02  Si
  0.1724325E+02  0.1731724E+02  0.1204091E+02  Si
  0.2076920E+02  0.1598225E+02  0.1605468E+02  Si
  0.1927687E+02  0.1472188E+02  0.1758164E+02  Si
  0.1784930E+02  0.2040375E+02  0.1475223E+02  Si
  0.2759881E-01  0.2120650E+02  0.1581733E+02  Si
  0.2704131E+01  0.2541486E+01  0.1565145E+02  Si
  0.2575370E+01  0.1394011E+00  0.1873114E+02  Si
  0.6499831E+02  0.2405294E+01  0.1854923E+02  Si
  0.1225081E+01  0.1391642E+01  0.1690119E+02  Si
  0.3964140E+01  0.4098422E+01  0.1722645E+02  Si
  0.3880469E+01  0.1255390E+01  0.2008153E+02  Si
  0.1193945E+01  0.3765650E+01  0.2007675E+02  Si
  0.5161387E+01  0.2153435E+02  0.1626375E+02  Si
  0.8417377E+01  0.2411993E+01  0.1602605E+02  Si
  0.8066485E+01  0.2143405E+02  0.1901952E+02  Si
  0.5242625E+01  0.2710766E+01  0.1893369E+02  Si
  0.6781504E+01  0.1164174E+01  0.1767403E+02  Si
  0.9614509E+01  0.3780711E+01  0.1758763E+02  Si
  0.9584352E+01  0.1152106E+01  0.2022413E+02  Si
  0.6674541E+01  0.3682424E+01  0.2021292E+02  Si
  0.1099240E+02  0.2152804E+02  0.1627828E+02  Si
  0.1335015E+02  0.2462883E+01  0.1612762E+02  Si
  0.1383429E+02  0.2142238E+02  0.1878402E+02  Si
  0.1112012E+02  0.2300424E+01  0.1886062E+02  Si
  0.1223040E+02  0.1066450E+01  0.1762888E+02  Si
  0.1460891E+02  0.4034943E+01  0.1713793E+02  Si
  0.1476308E+02  0.1344383E+01  0.2012384E+02  Si
  0.1242643E+02  0.3777852E+01  0.1980363E+02  Si
  0.1651392E+02  0.2156597E+02  0.1619916E+02  Si
  0.1900770E+02  0.2350147E+01  0.1626733E+02  Si
  0.1943346E+02  0.9177351E-01  0.1880545E+02  Si
  0.1591352E+02  0.2468312E+01  0.1835937E+02  Si
  0.1776840E+02  0.1353472E+01  0.1751232E+02  Si
  0.2030444E+02  0.3335919E+01  0.1752155E+02  Si
  0.2088458E+02  0.1101650E+01  0.2045461E+02  Si
  0.1744518E+02  0.3546354E+01  0.2006672E+02  Si
  0.6505296E+02  0.5022835E+01  0.1597187E+02  Si
  0.2532994E+01  0.7931217E+01  0.1589340E+02  Si
  0.2657786E+01  0.5119508E+01  0.1870254E+02  Si
  0.6509484E+02  0.7967907E+01  0.1880355E+02  Si
  0.1119970E+01  0.6424558E+01  0.1725542E+02  Si
  0.3937394E+01  0.9489046E+01  0.1736430E+02  Si
  0.3911137E+01  0.6687064E+01  0.2004371E+02  Si
  0.1275445E+01  0.9299795E+01  0.2021108E+02  Si
  0.5704562E+01  0.5275516E+01  0.1603184E+02  Si
  0.8250453E+01  0.7771563E+01  0.1625008E+02  Si
  0.8042618E+01  0.5244337E+01  0.1890625E+02  Si
  0.5176924E+01  0.8086229E+01  0.1875620E+02  Si
  0.6920576E+01  0.6687358E+01  0.1767437E+02  Si
  0.9505678E+01  0.8907362E+01  0.1733770E+02  Si
  0.9377288E+01  0.6547085E+01  0.2024460E+02  Si
  0.6574910E+01  0.9282067E+01  0.2003207E+02  Si
  0.1079932E+02  0.5266746E+01  0.1610687E+02  Si
  0.1346571E+02  0.8130159E+01  0.1582758E+02  Si
  0.1356876E+02  0.5424549E+01  0.1877488E+02  Si
  0.1083516E+02  0.7560552E+01  0.1879675E+02  Si
  0.1229162E+02  0.6628183E+01  0.1700367E+02  Si
  0.1483525E+02  0.9134882E+01  0.1738017E+02  Si
  0.1484745E+02  0.6591254E+01  0.2023839E+02  Si
  0.1213212E+02  0.9205375E+01  0.2006554E+02  Si
  0.1608350E+02  0.5318964E+01  0.1589531E+02  Si
  0.1891800E+02  0.7792688E+01  0.1633470E+02  Si
  0.1882660E+02  0.5028189E+01  0.1877629E+02  Si
  0.1613388E+02  0.7771503E+01  0.1867391E+02  Si
  0.1746303E+02  0.6497287E+01  0.1744642E+02  Si
  0.2002317E+02  0.1002226E+02  0.1667753E+02  Si
  0.1980544E+02  0.6604597E+01  0.2029718E+02  Si
  0.1757683E+02  0.9385032E+01  0.1970965E+02  Si
  0.6506208E+02  0.1101534E+02  0.1613155E+02  Si
  0.2982397E+01  0.1336585E+02  0.1601623E+02  Si
  0.2332399E+01  0.1057317E+02  0.1865962E+02  Si
  0.1956277E-01  0.1323162E+02  0.1895607E+02  Si
  0.1390615E+01  0.1222667E+02  0.1721095E+02  Si
  0.4340603E+01  0.1470729E+02  0.1739132E+02  Si
  0.3962508E+01  0.1193024E+02  0.1990587E+02  Si
  0.1323328E+01  0.1491844E+02  0.2010672E+02  Si
  0.5514857E+01  0.1062584E+02  0.1603404E+02  Si
  0.7851319E+01  0.1296465E+02  0.1591321E+02  Si
  0.8215169E+01  0.1035537E+02  0.1869917E+02  Si
  0.5372077E+01  0.1322728E+02  0.1876817E+02  Si
  0.6771734E+01  0.1183748E+02  0.1731187E+02  Si
  0.9323390E+01  0.1466323E+02  0.1724607E+02  Si
  0.9279863E+01  0.1191394E+02  0.2012630E+02  Si
  0.6776717E+01  0.1481122E+02  0.2017740E+02  Si
  0.1103099E+02  0.1019480E+02  0.1606447E+02  Si
  0.1357059E+02  0.1333998E+02  0.1607656E+02  Si
  0.1350269E+02  0.1053262E+02  0.1874786E+02  Si
  0.1082001E+02  0.1332694E+02  0.1869538E+02  Si
  0.1222582E+02  0.1183565E+02  0.1738947E+02  Si
  0.1480129E+02  0.1475151E+02  0.1728546E+02  Si
  0.1504658E+02  0.1187662E+02  0.1984191E+02  Si
  0.1213952E+02  0.1477619E+02  0.1994271E+02  Si
  0.1602923E+02  0.1070189E+02  0.1615042E+02  Si
  0.1861820E+02  0.1312562E+02  0.1580521E+02  Si
  0.1885996E+02  0.1107897E+02  0.1865090E+02  Si
  0.1624361E+02  0.1349293E+02  0.1868390E+02  Si
  0.1758416E+02  0.1212349E+02  0.1735200E+02  Si
  0.2012511E+02  0.1752595E+02  0.1436192E+02  Si
  0.2610022E+02  0.9280557E+01  0.6642423E+00  Si
  0.1736552E+02  0.1458531E+02  0.2050165E+02  Si
  0.3771554E-01  0.1594899E+02  0.1606774E+02  Si
  0.2603922E+01  0.1901947E+02  0.1610749E+02  Si
  0.2743975E+01  0.1609774E+02  0.1856395E+02  Si
  0.1206144E+00  0.1865507E+02  0.1869597E+02  Si
  0.1217149E+01  0.1729290E+02  0.1742444E+02  Si
  0.3900576E+01  0.2018139E+02  0.1762273E+02  Si
  0.3930898E+01  0.1735350E+02  0.2024217E+02  Si
  0.1320662E+01  0.2039852E+02  0.1991593E+02  Si
  0.5458724E+01  0.1621597E+02  0.1593807E+02  Si
  0.8151669E+01  0.1885517E+02  0.1647993E+02  Si
  0.8341732E+01  0.1605460E+02  0.1897079E+02  Si
  0.5399514E+01  0.1893673E+02  0.1906074E+02  Si
  0.6817085E+01  0.1745039E+02  0.1774710E+02  Si
  0.9503069E+01  0.2010406E+02  0.1764686E+02  Si
  0.9692124E+01  0.1739085E+02  0.2015723E+02  Si
  0.6643395E+01  0.2039154E+02  0.2023482E+02  Si
  0.1079574E+02  0.1604318E+02  0.1598530E+02  Si
  0.1339415E+02  0.1904009E+02  0.1615812E+02  Si
  0.1350619E+02  0.1627192E+02  0.1871310E+02  Si
  0.1103238E+02  0.1889304E+02  0.1886457E+02  Si
  0.1199169E+02  0.1753905E+02  0.1735444E+02  Si
  0.1503893E+02  0.2034484E+02  0.1739158E+02  Si
  0.1495282E+02  0.1760407E+02  0.2005716E+02  Si
  0.1234543E+02  0.2014486E+02  0.2020994E+02  Si
  0.1593346E+02  0.1593093E+02  0.1584263E+02  Si
  0.1897408E+02  0.1890286E+02  0.1601454E+02  Si
  0.1814489E+02  0.1608883E+02  0.1874153E+02  Si
  0.1621791E+02  0.1896205E+02  0.1875886E+02  Si
  0.1730180E+02  0.1756885E+02  0.1700149E+02  Si
  0.2054629E+02  0.2007976E+02  0.1768670E+02  Si
  0.1985941E+02  0.1736795E+02  0.1993294E+02  Si
  0.1775053E+02  0.2046110E+02  0.1991856E+02  Si
  0.2428087E+02  0.8767840E+01  0.2932764E+01  Si
  0.3001134E+02  0.1058196E+02  0.1196210E+02  Si
  0.3624739E+02  0.4938247E+01  0.1554220E+02  Si
  0.2177142E+02  0.2521501E+01  0.1350287E+02  Si
  0.2994916E+02  0.3873746E+01  0.1066351E+02  Si
  0.2489776E+02  0.6343794E+01  0.3163012E+01  Si
  0.2829942E+02  0.1352373E+02  0.3298987E+01  Si
  0.1926214E+02  0.2158617E+02  0.1342523E+02  Si
  0.2362436E+02  0.4817709E+01  0.2055415E+02  Si
  0.3817488E+02  0.1776491E+02  0.1191004E+02  Si
  0.3016353E+02  0.1868380E+02  0.4784183E+01  Si
  0.4351004E+02  0.2171073E+01  0.1879582E+02  Si
  0.3017616E+02  0.1705026E+02  0.1087558E+02  Si
  0.3539372E+02  0.7366896E+01  0.4755255E+01  Si
  0.3199956E+02  0.1240606E+02  0.1480483E+02  Si
  0.3961590E+02  0.1994347E+02  0.3677204E+01  Si
  0.2167560E+02  0.1650989E+02  0.1472061E+01  Si
  0.2855406E+02  0.1645620E+02  0.1248093E+02  Si
  0.3118664E+02  0.3927058E+01  0.1267187E+02  Si
  0.3682589E+02  0.7009455E+01  0.1030410E+02  Si
  0.3682891E+02  0.3023466E+01  0.7282947E+01  Si
  0.3721997E+02  0.6074095E+01  0.6194302E+01  Si
  0.4149190E+02  0.5925050E+01  0.1816409E+02  Si
  0.3307375E+02  0.1212187E+02  0.1164506E+02  Si
  0.3343375E+02  0.1773523E+02  0.2113901E+02  Si
  0.4241361E+02  0.1219259E+02  0.3748001E+01  Si
  0.3579648E+02  0.6240220E+01  0.1026768E+00  Si
  0.3450094E+02  0.1508342E+02  0.2115130E+02  Si
  0.4063279E+02  0.7941305E+01  0.5243797E+01  Si
  0.2347424E+02  0.1641211E+02  0.8950161E+01  Si
  0.2634175E+02  0.7542436E+01  0.4674449E+01  Si
  0.4185447E+02  0.6332161E+01  0.3881031E+01  Si
  0.2353472E+02  0.4720561E+01  0.1004152E+02  Si
  0.2387725E+02  0.1184430E+02  0.7706720E+01  Si
  0.2686989E+02  0.1884245E+02  0.1581481E+02  Si
  0.2907235E+02  0.1674005E+02  0.1685542E+02  Si
  0.2206145E+02  0.1031962E+02  0.9910517E+01  Si
  0.2318258E+02  0.2006087E+02  0.1422733E+02  Si
  0.2511799E+02  0.1741046E+02  0.1518092E+02  Si
  0.3515727E+02  0.2155665E+02  0.2064296E+02  Si
  0.2338312E+02  0.1491026E+02  0.1825002E+02  Si
  0.3040159E+02  0.1315733E+02  0.4062504E+01  Si
  0.3638509E+02  0.1575065E+02  0.5584142E+00  Si
  0.2546534E+02  0.3870581E+01  0.5085007E+01  Si
  0.3151330E+02  0.2825845E+00  0.1976463E+02  Si
  0.3832602E+02  0.1564342E+02  0.1288423E+02  Si
  0.3485206E+02  0.1717957E+02  0.1919566E+02  Si
  0.2288745E+02  0.1515859E+02  0.7131220E+01  Si
  0.4049100E+02  0.2025470E+01  0.1649311E+02  Si
  0.3706713E+02  0.8000100E+00  0.6582563E+01  Si
  0.3840612E+02  0.1133350E+02  0.1008483E+02  Si
  0.4044503E+02  0.2125132E+01  0.2163594E+02  Si
  0.2777860E+02  0.1600250E+02  0.3763220E+01  Si
  0.2487484E+02  0.2119785E+02  0.1286503E+02  Si
  0.3795160E+02  0.8043228E+01  0.1250037E+01  Si
  0.3569861E+02  0.1445808E+02  0.1585780E+02  Si
  0.3373022E+02  0.1377758E+01  0.6249852E+01  Si
  0.3323004E+02  0.1080829E+01  0.1575132E+01  Si
  0.3384994E+02  0.2041123E+02  0.9093754E+01  Si
  0.4197438E+02  0.3581764E+01  0.9986614E+00  Si
  0.2361235E+02  0.1602386E+02  0.2035279E+02  Si
  0.2591713E+02  0.9823713E+01  0.5175159E+01  Si
  0.4045546E+02  0.8289508E+01  0.1036477E+02  Si
  0.3052647E+02  0.6288851E+01  0.1385093E+01  Si
  0.2210674E+02  0.3063196E+01  0.4514090E+01  Si
  0.2363567E+02  0.1990019E+02  0.1865988E+02  Si
  0.2193995E+02  0.2130027E+02  0.1603359E+02  Si
  0.2590070E+02  0.5239281E+01  0.7019708E+01  Si
  0.2313199E+02  0.1413973E+02  0.1181954E+02  Si
  0.3290748E+02  0.1915242E+02  0.1366059E+01  Si
  0.3115760E+02  0.1550300E+02  0.5664209E+01  Si
  0.3030901E+02  0.1939583E+02  0.2122703E+02  Si
  0.2270423E+02  0.6913561E+01  0.6833448E+01  Si
  0.3379012E+02  0.1296178E+02  0.1671001E+02  Si
  0.2574737E+02  0.9722882E+01  0.1132283E+02  Si
  0.2141231E+02  0.8496013E+01  0.8030231E+01  Si
  0.3955813E+02  0.1470109E+02  0.1482116E+02  Si
  0.2641155E+02  0.1975108E+02  0.2115248E+02  Si
  0.3724603E+02  0.8641030E+01  0.3470586E+01  Si
  0.2662528E+02  0.1795421E+02  0.6878357E+01  Si
  0.2101222E+02  0.1203022E+02  0.8394624E+01  Si
  0.3870534E+02  0.7745290E+01  0.1169269E+02  Si
  0.3633645E+02  0.1607691E+02  0.1432856E+02  Si
  0.3504668E+02  0.1056441E+02  0.1062766E+02  Si
  0.2250446E+02  0.3866856E+01  0.9528335E+00  Si
  0.2102425E+02  0.1185368E+02  0.1916201E+02  Si
  0.3411888E+02  0.3426332E+00  0.3871180E+01  Si
  0.3131318E+02  0.1430344E+01  0.6882688E+01  Si
  0.3398167E+02  0.3295560E+01  0.1263369E+02  Si
  0.3684347E+02  0.6023761E+01  0.1774149E+02  Si
  0.3717626E+02  0.1485028E+02  0.9429094E+01  Si
  0.3916522E+02  0.9444580E+01  0.8919337E+01  Si
  0.2413775E+02  0.1404293E+02  0.8765572E+01  Si
  0.4044277E+02  0.1604642E+02  0.1870749E+02  Si
  0.3832255E+02  0.1811541E+02  0.2200422E+01  Si
  0.2988139E+02  0.8983885E+00  0.1227120E+02  Si
  0.2599768E+02  0.3232068E+01  0.1502986E+02  Si
  0.3291213E+02  0.7842133E+00  0.1481265E+02  Si
  0.2522544E+02  0.1580705E+02  0.1662902E+02  Si
  0.2868011E+02  0.1067605E+02  0.5336316E+01  Si
  0.2227359E+02  0.1679601E+02  0.1754764E+02  Si
  0.2762631E+02  0.2150276E+01  0.3717230E+01  Si
  0.2931134E+02  0.7700537E+01  0.9391939E+01  Si
  0.3351845E+02  0.1095917E+02  0.1386619E+02  Si
  0.3692745E+02  0.1813679E+02  0.1859404E+02  Si
  0.3796764E+02  0.1970739E+01  0.1599777E+02  Si
  0.2372054E+02  0.1907230E+02  0.1634716E+02  Si
  0.2955183E+02  0.1892697E+02  0.2550661E+01  Si
  0.2196718E+02  0.6514571E+01  0.2133712E+02  Si
  0.3891307E+02  0.1550059E+02  0.2050493E+02  Si
  0.3612367E+02  0.1016574E+02  0.1718430E+02  Si
  0.3840157E+02  0.7893825E+01  0.1563726E+02  Si
  0.2142695E+02  0.1187097E+02  0.2161299E+02  Si
  0.4175110E+02  0.9502784E+00  0.3601023E+01  Si
  0.4040103E+02  0.1853399E+02  0.1621800E+02  Si
  0.2881056E+02  0.1256605E+02  0.2309291E-01  Si
  0.4242437E+02  0.6350318E+01  0.1524575E+02  Si
  0.4197547E+02  0.1982081E+02  0.1193826E+02  Si
  0.3340101E+02  0.1602300E+01  0.1994270E+02  Si
  0.2094102E+02  0.1827092E+02  0.2865330E+01  Si
  0.3572399E+02  0.1323298E+02  0.2088483E+02  Si
  0.4044365E+02  0.1085317E+02  0.1873494E+02  Si
  0.4108370E+02  0.1572739E+02  0.2367507E+01  Si
  0.3715219E+02  0.5334882E+01  0.1863183E+01  Si
  0.3250487E+02  0.1701003E+02  0.1830304E+02  Si
  0.3047542E+02  0.1705932E+02  0.7501290E+01  Si
  0.2081580E+02  0.1550936E+02  0.2087927E+02  Si
  0.3939225E+02  0.1736409E+00  0.5671689E+00  Si
  0.3303922E+02  0.1617001E+02  0.4426172E+01  Si
  0.2918132E+02  0.1031852E+02  0.2078089E+02  Si
  0.3179864E+02  0.8027794E+01  0.2429987E+00  Si
  0.2894645E+02  0.5997718E+01  0.1127054E+02  Si
  0.2256799E+02  0.1671810E+02  0.1108324E+02  Si
  0.2060618E+02  0.1987159E+02  0.6776233E+01  Si
  0.1905105E+02  0.1881296E+02  0.5329485E+01  Si
  0.4130996E+02  0.7751475E+01  0.1647432E+02  Si
  0.2954272E+02  0.2862396E+01  0.6948368E+00  Si
  0.2904175E+02  0.2291649E+01  0.5987240E+01  Si
  0.4241081E+02  0.1460650E+02  0.8065955E+00  Si
  0.2701363E+02  0.1299884E+01  0.5944063E+01  Si
  0.3576901E+02  0.2041843E+02  0.1848544E+02  Si
  0.4363906E+02  0.1347699E+02  0.1894059E+02  Si
  0.3042986E+02  0.1832808E+02  0.1753063E+02  Si
  0.2763105E+02  0.4496881E+01  0.4138992E+01  Si
  0.2858260E+02  0.6419494E+01  0.1414014E+01  Si
  0.2680657E+02  0.2020765E+02  0.1358097E+02  Si
  0.3470997E+02  0.1035448E+02  0.1716743E+01  Si
  0.3535335E+02  0.1394361E+02  0.1843091E+02  Si
  0.2777105E+02  0.6251027E+00  0.1341994E+02  Si
  0.2406411E+02  0.1607102E+02  0.1121821E+01  Si
  0.2746344E+02  0.3081408E+01  0.7635013E+01  Si
  0.3738470E+02  0.1981691E+02  0.1324064E+02  Si
  0.3923669E+02  0.2016586E+02  0.1493427E+02  Si
  0.4096891E+02  0.1047924E+02  0.7767586E+01  Si
  0.3043363E+02  0.1524581E+02  0.1549025E+02  Si
  0.3755647E+02  0.2018476E+02  0.1653967E+02  Si
  0.4229024E+02  0.6305440E+01  0.2026671E+02  Si
  0.4066386E+02  0.1352449E+02  0.1035998E+02  Si
  0.4072450E+02  0.5129483E+01  0.8210013E+01  Si
  0.3990806E+02  0.1724784E+02  0.6212384E+01  Si
  0.4114162E+02  0.3704378E-01  0.7232612E+01  Si
  0.3759610E+02  0.1932162E+02  0.3803911E+00  Si
  0.2647580E+02  0.1502830E+02  0.5572046E+01  Si
  0.1967491E+02  0.1510500E+02  0.9861153E+01  Si
  0.2194521E+02  0.8440067E+01  0.3767725E+01  Si
  0.3520861E+02  0.1919670E+02  0.1422438E+02  Si
  0.2048172E+02  0.1127125E+01  0.4062981E+01  Si
  0.2227154E+02  0.8233326E+01  0.1306598E+01  Si
  0.2243587E+02  0.9275029E+01  0.5970379E+01  Si
  0.2175959E+02  0.2159208E+02  0.3991454E+00  Si
  0.2216523E+02  0.1985523E+01  0.1806526E+02  Si
  0.2140253E+02  0.5590264E+01  0.1101677E+02  Si
  0.2816072E+02  0.2009095E+02  0.1146528E+02  Si
  0.2505471E+02  0.1288828E+02  0.1791141E+02  Si
  0.3247226E+02  0.8782928E+01  0.1399738E+02  Si
  0.3517560E+02  0.1357934E+02  0.7958760E+01  Si
  0.3415046E+02  0.8089495E+01  0.1177800E+01  Si
  0.3758023E+02  0.8157285E+01  0.7705689E+01  Si
  0.3457409E+02  0.2621244E+01  0.1932847E-01  Si
  0.4040423E+02  0.1852307E+02  0.1069384E+02  Si
  0.2731683E+02  0.1200849E+02  0.1675340E+01  Si
  0.3340280E+02  0.7979974E+01  0.3528030E+01  Si
  0.1989184E+02  0.9363996E+01  0.6513055E+01  Si
  0.3906109E+02  0.4010911E+01  0.9527493E+01  Si
  0.2516410E+02  0.2187718E+01  0.2087897E+02  Si
  0.3173644E+02  0.2088328E+02  0.7203790E+01  Si
  0.3250504E+02  0.1940532E+02  0.1792777E+02  Si
  0.3621696E+02  0.1069139E+02  0.2146225E+02  Si
  0.2173159E+02  0.2152258E+02  0.1058166E+02  Si
  0.2616562E+02  0.1466911E+02  0.7914872E+01  Si
  0.3550338E+02  0.8713616E+01  0.9031972E+01  Si
  0.2703416E+02  0.1120581E+02  0.1322259E+02  Si
  0.2845766E+02  0.7884371E+01  0.3403417E+01  Si
  0.3084962E+02  0.1518099E+02  0.1782376E+02  Si
  0.2971197E+02  0.1568695E+02  0.1997325E+02  Si
  0.3112754E+02  0.1174407E+02  0.1028965E+02  Si
  0.3630798E+02  0.3708880E+01  0.1214528E+02  Si
  0.2900128E+02  0.2081411E+02  0.9175976E+01  Si
  0.4243379E+02  0.9209463E+01  0.9401566E+00  Si
  0.2167363E+02  0.7992386E+01  0.1915732E+02  Si
  0.2063409E+02  0.1087642E+01  0.1508452E+02  Si
  0.3096234E+02  0.1020370E+02  0.1911069E+02  Si
  0.3003015E+02  0.2792653E+01  0.1644294E+02  Si
  0.3012308E+02  0.9667319E+01  0.1692675E+02  Si
  0.2909126E+02  0.6293451E+01  0.5259197E+01  Si
  0.2830115E+02  0.5180080E-01  0.1566575E+02  Si
  0.4222799E+02  0.1994169E+02  0.1167466E+01  Si
  0.4204136E+02  0.1742933E+02  0.9080299E+01  Si
  0.2782179E+02  0.1273489E+02  0.1682258E+02  Si
  0.2457581E+02  0.1775167E+02  0.1829878E+02  Si
  0.3993451E+02  0.1131031E+02  0.5680762E+01  Si
  0.3324910E+02  0.5809235E+01  0.1663657E+02  Si
  0.4112231E+02  0.1318680E+02  0.1600972E+02  Si
  0.3033480E+02  0.2047456E+02  0.1611966E+02  Si
  0.3532736E+02  0.9557950E+01  0.1960252E+02  Si
  0.2361979E+02  0.1297550E+02  0.2828763E+01  Si
  0.3714027E+02  0.1400159E+02  0.1150341E+02  Si
  0.4202105E+02  0.3913563E+01  0.1235459E+02  Si
  0.2969034E+02  0.1421466E+01  0.2644931E+01  Si
  0.4237962E+02  0.8996404E+01  0.6520597E+01  Si
  0.3198092E+02  0.1940503E+02  0.1037717E+02  Si
  0.4222000E+02  0.9464297E+01  0.1791184E+02  Si
  0.3889882E+02  0.6560103E+01  0.1376438E+02  Si
  0.2525040E+02  0.1430582E+02  0.2076804E+02  Si
  0.3514074E+02  0.5910492E+00  0.7924122E+01  Si
  0.3109498E+02  0.7446905E+01  0.1976470E+02  Si
  0.3050306E+02  0.1157962E+02  0.2484354E+01  Si
  0.2466839E+02  0.1931474E+02  0.1124983E+02  Si
  0.3149337E+02  0.1304922E+02  0.6235017E+01  Si
  0.3401596E+02  0.1067917E+02  0.1632342E+02  Si
  0.3807630E+02  0.2793704E+01  0.2108667E+02  Si
  0.3105726E+02  0.9200320E+01  0.8410361E+01  Si
  0.3307045E+02  0.1146443E+02  0.4476853E-01  Si
  0.2396645E+02  0.1528559E+02  0.4922741E+01  Si
  0.2381029E+02  0.9033050E+01  0.1952559E+02  Si
  0.3172976E+02  0.3801611E+01  0.6664281E+01  Si
  0.4178416E+02  0.6433858E+01  0.9473187E+01  Si
  0.3543720E+02  0.1555747E+02  0.1222433E+02  Si
  0.3284816E+02  0.1186021E+02  0.2605258E+01  Si
  0.2629182E+02  0.1016351E+02  0.2750587E+01  Si
  0.2284573E+02  0.1081474E+02  0.3317904E+01  Si
  0.3391915E+02  0.6798607E+01  0.8181063E+01  Si
  0.3958522E+02  0.6909048E+01  0.7064191E+01  Si
  0.3774661E+02  0.1310962E+02  0.1532399E+02  Si
  0.2873404E+02  0.4782269E+01  0.1632447E+02  Si
  0.2343527E+02  0.3546303E+01  0.6498688E+01  Si
  0.3977358E+02  0.1696137E+02  0.7238325E+00  Si
  0.3938315E+02  0.1651997E+02  0.1663817E+02  Si
  0.2543122E+02  0.5410147E+01  0.1141389E+02  Si
  0.2601945E+02  0.2054176E+02  0.1887634E+02  Si
  0.2161869E+02  0.2286291E+01  0.7906223E+01  Si
  0.3500893E+02  0.1284624E+02  0.5412531E+01  Si
  0.4070319E+02  0.1344123E+02  0.4893215E+01  Si
  0.3518741E+02  0.9512760E+01  0.1275145E+02  Si
  0.4196736E+02  0.9217504E+01  0.1189286E+02  Si
  0.4090625E+02  0.1862822E+02  0.2132015E+02  Si
  0.2553534E+02  0.1203446E+02  0.6108667E+01  Si
  0.3150320E+02  0.7663113E+01  0.1019103E+02  Si
  0.3229600E+02  0.3036930E+00  0.1006055E+02  Si
  0.2027460E+02  0.9782520E+01  0.1131133E+02  Si
  0.2129066E+02  0.1427279E+02  0.1888046E+02  Si
  0.2994417E+02  0.1551597E+02  0.9089351E+01  Si
  0.3330115E+02  0.4268325E+01  0.3672101E+01  Si
  0.2321441E+02  0.3608187E+01  0.1507297E+02  Si
  0.2495875E+02  0.1276477E+02  0.9454276E+00  Si
  0.2689303E+02  0.1030451E+02  0.8634494E+01  Si
  0.4066369E+02  0.1938204E+01  0.5605176E+01  Si
  0.2666127E+02  0.1818631E+02  0.1093790E+02  Si
  0.2492935E+02  0.1517444E+02  0.1285758E+02  Si
  0.3276143E+02  0.1741708E+02  0.1135884E+02  Si
  0.3880913E+02  0.2138206E+02  0.7803128E+01  Si
  0.3116281E+02  0.2221276E+01  0.1406642E+02  Si
  0.4258432E+02  0.2034860E+02  0.6053559E+01  Si
  0.3448018E+02  0.1835344E+02  0.4261450E+01  Si
  0.3235440E+02  0.1231549E+02  0.1858270E+02  Si
  0.3629610E+02  0.9291949E+00  0.9951016E+01  Si
  0.3605526E+02  0.3327848E+00  0.1573128E+02  Si
  0.3760224E+02  0.1213200E+02  0.1305621E+02  Si
  0.3683219E+02  0.4749962E+01  0.1015359E+02  Si
  0.4058505E+02  0.2139203E+02  0.1352598E+02  Si
  0.3828961E+02  0.2138386E+02  0.1853667E+02  Si
  0.3000507E+02  0.1109620E+02  0.7418804E+01  Si
  0.4080175E+02  0.2107052E+02  0.2181311E+01  Si
  0.3011161E+02  0.1010418E+01  0.1000739E+02  Si
  0.3519456E+02  0.2861712E+01  0.3492706E+01  Si
  0.2822631E+02  0.2687561E+01  0.9763459E+01  Si
  0.3399663E+02  0.4497620E+01  0.1486882E+02  Si
  0.3703415E+02  0.1238000E+02  0.1749015E+02  Si
  0.2376927E+02  0.2083192E+02  0.1454300E+01  Si
  0.2075537E+02  0.1152527E+02  0.2184686E+01  Si
  0.3179023E+02  0.4061348E+01  0.9162734E+01  Si
  0.3605183E+02  0.1945892E+02  0.8625670E+01  Si
  0.2637707E+02  0.5756478E+01  0.1440167E+02  Si
  0.2843264E+02  0.1843080E+02  0.1394894E+02  Si
  0.2671546E+02  0.3639105E+00  0.2728734E+01  Si
  0.2086167E+02  0.8617115E+01  0.1312288E+02  Si
  0.2658292E+02  0.1569687E+02  0.1132138E+02  Si
  0.3262544E+02  0.1475977E+02  0.1446476E+02  Si
  0.4050129E+02  0.2904559E+01  0.1090586E+02  Si
  0.3078763E+02  0.8506824E+01  0.1240844E+02  Si
  0.4191992E+02  0.2014489E+02  0.1720593E+02  Si
  0.3962148E+02  0.2955814E+01  0.1429945E+02  Si
  0.3297631E+02  0.5657249E+01  0.1022052E+02  Si
  0.4204684E+02  0.1197982E+02  0.9125654E+01  Si
  0.3302218E+02  0.2033946E+02  0.1368269E+02  Si
  0.2293619E+02  0.9402667E+01  0.1396223E+02  Si
  0.4007574E+02  0.9820068E+01  0.1575088E+02  Si
  0.2816714E+02  0.2547211E+01  0.1479875E+02  Si
  0.2185738E+02  0.2140764E+02  0.5252572E+01  Si
  0.2179940E+02  0.1377556E+02  0.9658616E+01  Si
  0.4259256E+02  0.1692375E+02  0.3828131E+01  Si
  0.4197204E+02  0.1742866E+02  0.1489595E+02  Si
  0.2731503E+02  0.6908804E+01  0.8132743E+01  Si
  0.3558613E+02  0.4908394E+01  0.7460252E+01  Si
  0.3184401E+02  0.1015849E+01  0.3602774E+01  Si
  0.3849637E+02  0.1869768E+01  0.2375579E+01  Si
  0.2868725E+02  0.6770796E+01  0.1951199E+02  Si
  0.4114359E+02  0.1061019E+02  0.2333732E+01  Si
  0.3370730E+02  0.4813560E+01  0.1884797E+02  Si
  0.4102534E+02  0.1621149E+02  0.1338851E+02  Si
  0.2280525E+02  0.2443285E+01  0.2043171E+02  Si
  0.2909278E+02  0.1520828E+02  0.1643297E+01  Si
  0.2402277E+02  0.1739312E+02  0.1289556E+02  Si
  0.2593963E+02  0.9358195E+01  0.1840629E+02  Si
  0.2580609E+02  0.3474200E+01  0.1249208E+01  Si
  0.2287151E+02  0.1862131E+02  0.8090953E+01  Si
  0.2815740E+02  0.9529518E+01  0.1047797E+02  Si
  0.2868373E+02  0.1462887E+02  0.1417487E+02  Si
  0.1883147E+02  0.5327019E+01  0.7684139E+01  Si
  0.3010578E+02  0.6494631E+01  0.1358057E+02  Si
  0.3935482E+02  0.1160655E+02  0.1689494E+02  Si
  0.3829452E+02  0.6886256E+01  0.2011487E+02  Si
  0.3733520E+02  0.1007351E+02  0.1196336E+02  Si
  0.2344033E+02  0.8420797E+01  0.1612265E+02  Si
  0.2945759E+02  0.4837874E+01  0.1871074E+02  Si
  0.2946618E+02  0.1265750E+01  0.2066029E+02  Si
  0.3655144E+02  0.9641913E+01  0.5530045E+01  Si
  0.3257276E+02  0.1901325E+02  0.5703466E+01  Si
  0.3312176E+02  0.5608816E+01  0.1274787E+02  Si
  0.2730968E+02  0.7394808E+01  0.1585177E+02  Si
  0.3392534E+02  0.4904467E+01  0.1212553E+01  Si
  0.3574385E+02  0.1799966E+02  0.1178514E+02  Si
  0.3021126E+02  0.9589220E+01  0.3958562E+01  Si
  0.3159247E+02  0.5120952E+01  0.1993759E+02  Si
  0.2708150E+02  0.1846567E+02  0.1811295E+02  Si
  0.3911638E+02  0.5864397E+01  0.4693144E+00  Si
  0.2636678E+02  0.3127778E+01  0.1124197E+02  Si
  0.4244256E+02  0.1453664E+02  0.6027396E+01  Si
  0.3699292E+02  0.1204518E+01  0.1214447E+02  Si
  0.3434443E+02  0.2477085E+01  0.1792188E+02  Si
  0.3639931E+02  0.8973776E+01  0.1515169E+02  Si
  0.2420671E+02  0.5126846E+01  0.1346512E+02  Si
  0.2732682E+02  0.1506943E+02  0.1779948E+02  Si
  0.3808507E+02  0.1866471E+02  0.6973006E+01  Si
  0.3397724E+02  0.1683403E+02  0.1503490E+02  Si
  0.3921863E+02  0.2018142E+02  0.2064755E+02  Si
  0.2506723E+02  0.1253984E+02  0.1301497E+02  Si
  0.2587069E+02  0.1674276E+02  0.9117682E+01  Si
  0.2208431E+02  0.1157278E+02  0.6175459E+01  Si
  0.2569867E+02  0.9063946E+01  0.1593938E+02  Si
  0.2369299E+02  0.9536111E+01  0.2171922E+02  Si
  0.3469430E+02  0.1620036E+02  0.1719996E+02  Si
  0.3062176E+02  0.1418594E+02  0.2083437E+00  Si
  0.2359512E+02  0.1126323E+02  0.1845050E+02  Si
  0.4141180E+02  0.1852828E+02  0.4747062E+01  Si
  0.3580963E+02  0.1712365E+02  0.9478051E+01  Si
  0.3888135E+02  0.1939205E+02  0.9115823E+01  Si
  0.3338393E+02  0.9979642E+01  0.1829673E+02  Si
  0.3772390E+02  0.2032426E+02  0.5215808E+01  Si
  0.3673069E+02  0.2804386E+01  0.1795740E+02  Si
  0.3116771E+02  0.4630377E+01  0.2492108E+00  Si
  0.3040672E+02  0.2017654E+02  0.1210180E+02  Si
  0.3008973E+02  0.1745967E+02  0.9370955E+00  Si
  0.2692200E+02  0.1236194E+02  0.1893076E+02  Si
  0.3560843E+02  0.1895477E+02  0.6350907E+01  Si
  0.3920692E+02  0.1466146E+02  0.8743884E+01  Si
  0.2656376E+02  0.1119458E+02  0.1563806E+02  Si
  0.3844037E+02  0.1307483E+02  0.2900649E+01  Si
  0.2324891E+02  0.1186387E+01  0.1207139E+02  Si
  0.4062881E+02  0.5052764E+01  0.2226789E+01  Si
  0.2526838E+02  0.1750532E+02  0.2109771E+02  Si
  0.3202580E+02  0.1447029E+02  0.9871830E+01  Si
  0.4057765E+02  0.2096894E+00  0.1827853E+02  Si
  0.4203873E+02  0.1554598E+01  0.9487352E+01  Si
  0.2239279E+02  0.1168198E+02  0.1463866E+02  Si
  0.3177067E+02  0.7944249E+01  0.1623967E+02  Si
  0.3225511E+02  0.1663471E+02  0.1258905E+01  Si
  0.3675379E+02  0.1640017E+02  0.2945625E+01  Si
  0.2650794E+02  0.7145710E+01  0.1255334E+02  Si
  0.3428253E+02  0.1722858E+02  0.7475850E+01  Si
  0.2870313E+02  0.1748588E+02  0.5684038E+01  Si
  0.2860642E+02  0.2116730E+02  0.5218992E+01  Si
  0.4212917E+02  0.3850427E+01  0.6672286E+01  Si
  0.2422079E+02  0.8161337E+01  0.1243888E+02  Si
  0.3193084E+02  0.6096926E+01  0.3350904E+01  Si
  0.2400717E+02  0.3990352E+01  0.2974442E+01  Si
  0.3881456E+02  0.1425125E+02  0.6406783E+01  Si
  0.2618739E+02  0.1453817E+02  0.1479719E+02  Si
  0.3300262E+02  0.1170060E+02  0.5078393E+01  Si
  0.2555753E+02  0.1767443E+01  0.1315059E+02  Si
  0.3424807E+02  0.3534729E+01  0.5905366E+01  Si
  0.3796977E+02  0.1168702E+02  0.6513273E+01  Si
  0.2976168E+02  0.6819314E+01  0.1589229E+02  Si
  0.3714231E+02  0.1254563E+02  0.8545729E+01  Si
  0.3887003E+02  0.1538912E+02  0.3086097E+01  Si
  0.2703980E+02  0.4896888E+01  0.1940153E+02  Si
  0.3990599E+02  0.3117509E+01  0.3610474E+01  Si
  0.3332117E+02  0.1440548E+02  0.1208968E+02  Si
  0.2905579E+02  0.1209232E+02  0.1358210E+02  Si
  0.2789707E+02  0.4310124E+01  0.1762324E+01  Si
  0.2919928E+02  0.1815183E+02  0.1960805E+02  Si
  0.3144515E+02  0.6143508E+01  0.5628571E+01  Si
  0.3404232E+02  0.2067106E+02  0.1673200E+02  Si
  0.4201950E+02  0.7284871E+00  0.1486869E+02  Si
  0.4123442E+02  0.1587914E+02  0.7659491E+01  Si
  0.2816884E+02  0.8561942E+01  0.1794508E+02  Si
  0.2780353E+02  0.1299124E+02  0.5877848E+01  Si
  0.3712125E+02  0.1220532E+01  0.2009885E+02  Si
  0.2379029E+02  0.1161182E+02  0.2084150E+02  Si
  0.2176970E+02  0.5128179E+01  0.5394576E+01  Si
  0.2433501E+02  0.6347865E+01  0.8417669E+01  Si
  0.2356107E+02  0.1058740E+01  0.6204589E+01  Si
  0.3183773E+02  0.3099223E-01  0.1712879E+02  Si
  0.2631804E+02  0.2815777E+01  0.1882209E+02  Si
  0.3764505E+02  0.2144782E+02  0.2910621E+01  Si
  0.2442596E+02  0.1016844E+02  0.9415153E+01  Si
  0.2455595E+02  0.3484157E+01  0.1717518E+02  Si
  0.2229619E+02  0.6638655E+01  0.1310532E+02  Si
  0.2976627E+02  0.1174122E+02  0.1585364E+02  Si
  0.4215960E+02  0.1170279E+02  0.1441835E+02  Si
  0.3951203E+02  0.9577111E+01  0.3796069E+01  Si
  0.3446544E+02  0.2189478E+01  0.1556883E+02  Si
  0.3443334E+02  0.7489494E+01  0.1379361E+02  Si
  0.4107377E+02  0.5720636E+01  0.1361144E+02  Si
  0.3923245E+02  0.6183520E+01  0.1736653E+02  Si
  0.3108235E+02  0.1023572E+02  0.4897494E+00  Si
  0.3843111E+02  0.1731395E+01  0.8785536E+01  Si
  0.2578645E+02  0.1521112E+00  0.4447308E+00  Si
  0.2848868E+02  0.2092751E+02  0.2091145E+02  Si
  0.3388578E+02  0.1598050E+02  0.9624023E+01  Si
  0.3789712E+02  0.4496326E+01  0.1396124E+02  Si
  0.2831125E+02  0.4657758E+01  0.1328563E+02  Si
  0.3966117E+02  0.8962410E+01  0.1963594E+02  Si
  0.2750091E+02  0.1991053E+02  0.3550409E+01  Si
  0.3592007E+02  0.1545183E+02  0.6813636E+01  Si
  0.2972176E+02  0.1306550E+02  0.8896355E+01  Si
  0.3234689E+02  0.1981890E+02  0.2046878E+02  Si
  0.3742280E+02  0.1738716E+02  0.2076394E+02  Si
  0.3106899E+02  0.1538088E+02  0.3147940E+01  Si
  0.3860667E+02  0.9946314E+01  0.1009267E+00  Si
  0.2874318E+02  0.2476184E+01  0.1870553E+02  Si
  0.3532143E+02  0.2156944E+02  0.1332405E+02  Si
  0.3535942E+02  0.7072674E+01  0.1603604E+02  Si
  0.3792133E+02  0.6509151E+01  0.3683407E+01  Si
  0.2411670E+02  0.5454311E+01  0.1822181E+02  Si
  0.3538475E+02  0.3033047E+01  0.9191670E+01  Si
  0.3581240E+02  0.7284770E+01  0.1960987E+02  Si
  0.2466515E+02  0.1950043E+02  0.6714327E+01  Si
  0.2176590E+02  0.1859454E+02  0.1315006E+02  Si
  0.2374163E+02  0.1070943E+01  0.8715831E+01  Si
  0.2473309E+02  0.1839676E+02  0.1515117E+01  Si
  0.3783120E+02  0.1379579E+02  0.1064150E+00  Si
  0.2124942E+02  0.5080917E+01  0.1589595E+02  Si
  0.3959432E+02  0.1195485E+02  0.1139059E+01  Si
  0.4211672E+02  0.1201138E+02  0.2019015E+02  Si
  0.2628109E+02  0.6926306E+01  0.1175777E+01  Si
  0.3673100E+02  0.3087135E+01  0.1385729E+01  Si
  0.3686058E+02  0.1182165E+02  0.4365408E+01  Si
  0.2757721E+02  0.1250175E+02  0.8203990E+01  Si
  0.3207585E+02  0.3249553E+01  0.1959775E+01  Si
  0.2266496E+02  0.1996875E+02  0.3385546E+01  Si
  0.3603162E+02  0.2100582E+02  0.1086480E+01  Si
  0.3761442E+02  0.4578681E+01  0.1948719E+02  Si
  0.3540143E+02  0.4404486E+01  0.2033589E+02  Si
  0.3110150E+02  0.2100555E+02  0.4947789E+01  Si
  0.2221485E+02  0.1194759E+02  0.1218412E+02  Si
  0.3718312E+02  0.1733135E+02  0.1635183E+02  Si
  0.3277947E+02  0.1272430E+02  0.8386524E+01  Si
  0.2996160E+02  0.1289065E+02  0.1816247E+02  Si
  0.4057234E+02  0.1361198E+02  0.2128251E+02  Si
  0.3264539E+02  0.1342339E+02  0.2069584E+02  Si
  0.2749312E+02  0.8809072E+01  0.6684131E+01  Si
  0.3297705E+02  0.1041479E+02  0.9161054E+01  Si
  0.3804698E+02  0.1604296E+02  0.5345295E+01  Si
  0.2757496E+02  0.2010301E+02  0.7151475E+01  Si
  0.2169760E+02  0.1858032E+02  0.1889874E+02  Si
  0.3480535E+02  0.2006334E+02  0.2805769E+01  Si
  0.3959770E+02  0.1224637E+02  0.1195925E+02  Si
  0.3226411E+02  0.9447372E+01  0.5159679E+01  Si
  0.3931991E+02  0.1598435E+01  0.1231430E+02  Si
  0.2868169E+02  0.5124859E+01  0.7324747E+01  Si
  0.2025710E+02  0.1679530E+02  0.1140127E+02  Si
  0.2778890E+02  0.1430146E+02  0.2029923E+02  Si
  0.3517963E+02  0.1504995E+02  0.4447578E+01  Si
  0.2236995E+02  0.6859405E+01  0.1737270E+02  Si
  0.3075148E+02  0.1908066E+02  0.1411544E+02  Si
  0.4201655E+02  0.3709832E+01  0.1745668E+02  Si
  0.2686349E+02  0.1038164E+02  0.2043579E+02  Si
  0.3059886E+02  0.1932349E+02  0.8314151E+01  Si
  0.2590083E+02  0.7606021E+01  0.9976295E+01  Si
  0.4223604E+02  0.1432842E+02  0.1203139E+02  Si
  0.2339894E+02  0.2047154E+02  0.9398972E+01  Si
  0.3228799E+02  0.7699155E+01  0.7032320E+01  Si
  0.1957662E+02  0.1177843E+02  0.1233443E+02  Si
  0.2017903E+02  0.3614536E+01  0.1223880E+01  Si
  0.3188628E+02  0.1700900E+02  0.1369871E+02  Si
  0.2874902E+02  0.2104193E+02  0.1683124E+01  Si
  0.4079782E+02  0.7689434E+01  0.2153308E+02  Si
  0.4052700E+02  0.1044812E+02  0.1329623E+02  Si
  0.2615803E+02  0.1789907E+02  0.3393105E+01  Si
  0.3338590E+02  0.2503299E+01  0.1026137E+02  Si
  0.4212895E+02  0.1711875E+02  0.2005282E+02  Si
  0.4336688E+02  0.2131997E+02  0.2139182E+02  Si
  0.4607185E+02  0.2241369E+01  0.2134809E+02  Si
  0.4608868E+02  0.2138923E+02  0.2401405E+01  Si
  0.4358151E+02  0.2305983E+01  0.2478764E+01  Si
  0.4488641E+02  0.8117817E+00  0.1087765E+01  Si
  0.4752488E+02  0.3416477E+01  0.1101752E+01  Si
  0.4755280E+02  0.1099376E+01  0.3703766E+01  Si
  0.4473175E+02  0.3670455E+01  0.3879058E+01  Si
  0.4894707E+02  0.2142092E+02  0.2145834E+02  Si
  0.5159154E+02  0.2305993E+01  0.2149483E+02  Si
  0.5171525E+02  0.2134310E+02  0.2403852E+01  Si
  0.4913843E+02  0.2411614E+01  0.2569214E+01  Si
  0.5038783E+02  0.1043704E+01  0.1019400E+01  Si
  0.5303551E+02  0.3524478E+01  0.1092104E+01  Si
  0.5313464E+02  0.9768288E+00  0.3969345E+01  Si
  0.5039656E+02  0.3784356E+01  0.3966927E+01  Si
  0.5442938E+02  0.2150475E+02  0.2122473E+02  Si
  0.5724822E+02  0.2232068E+01  0.2158034E+02  Si
  0.5701632E+02  0.2136536E+02  0.2668386E+01  Si
  0.5450776E+02  0.2345670E+01  0.2307928E+01  Si
  0.5561539E+02  0.8489988E+00  0.9792031E+00  Si
  0.5880783E+02  0.3730402E+01  0.1027301E+01  Si
  0.5831085E+02  0.1136154E+01  0.3842505E+01  Si
  0.5576175E+02  0.3754584E+01  0.3768337E+01  Si
  0.5963382E+02  0.2157624E+02  0.2143633E+02  Si
  0.6231411E+02  0.2274203E+01  0.2128980E+02  Si
  0.6262959E+02  0.2161015E+02  0.2482609E+01  Si
  0.5992716E+02  0.2417091E+01  0.2677166E+01  Si
  0.6106450E+02  0.1064068E+01  0.1075326E+01  Si
  0.6366033E+02  0.3668419E+01  0.9285431E+00  Si
  0.6430583E+02  0.1008750E+01  0.3805964E+01  Si
  0.6116273E+02  0.3831847E+01  0.3831098E+01  Si
  0.4352008E+02  0.4803057E+01  0.2142718E+02  Si
  0.4631203E+02  0.7797405E+01  0.2145356E+02  Si
  0.4619001E+02  0.4920640E+01  0.2368963E+01  Si
  0.4359206E+02  0.7528763E+01  0.2412529E+01  Si
  0.4493023E+02  0.6336676E+01  0.9083215E+00  Si
  0.4769183E+02  0.9090787E+01  0.1262181E+01  Si
  0.4769764E+02  0.6347047E+01  0.3875703E+01  Si
  0.4479851E+02  0.8975457E+01  0.3579059E+01  Si
  0.4903089E+02  0.4959631E+01  0.2157196E+02  Si
  0.5174029E+02  0.7872020E+01  0.2138715E+02  Si
  0.5179119E+02  0.5170321E+01  0.2546578E+01  Si
  0.4888400E+02  0.7606784E+01  0.2656394E+01  Si
  0.5015634E+02  0.6618910E+01  0.1081240E+01  Si
  0.5309916E+02  0.9376983E+01  0.1146385E+01  Si
  0.5279504E+02  0.6671554E+01  0.3868470E+01  Si
  0.5022905E+02  0.9348461E+01  0.3781851E+01  Si
  0.5416703E+02  0.5092046E+01  0.2134930E+02  Si
  0.5688144E+02  0.7723762E+01  0.2142539E+02  Si
  0.5714291E+02  0.4891484E+01  0.2243826E+01  Si
  0.5417694E+02  0.7953233E+01  0.2428221E+01  Si
  0.5544621E+02  0.6353036E+01  0.1033866E+01  Si
  0.5823685E+02  0.8897777E+01  0.1047444E+01  Si
  0.5829981E+02  0.6338906E+01  0.3827734E+01  Si
  0.5566679E+02  0.9267743E+01  0.3736814E+01  Si
  0.5956840E+02  0.5312385E+01  0.2126705E+02  Si
  0.6241713E+02  0.7919059E+01  0.2146822E+02  Si
  0.6217658E+02  0.5061923E+01  0.2282346E+01  Si
  0.5953030E+02  0.7544710E+01  0.2350851E+01  Si
  0.6089935E+02  0.6572046E+01  0.8806387E+00  Si
  0.6368721E+02  0.9121310E+01  0.1228960E+01  Si
  0.6348282E+02  0.6398846E+01  0.3637616E+01  Si
  0.6068760E+02  0.9070639E+01  0.3848891E+01  Si
  0.4381158E+02  0.1059465E+02  0.2132264E+02  Si
  0.4645498E+02  0.1369822E+02  0.2150349E+02  Si
  0.4637011E+02  0.1020909E+02  0.2607293E+01  Si
  0.4393564E+02  0.1318319E+02  0.2199043E+01  Si
  0.4558220E+02  0.1171468E+02  0.8954256E+00  Si
  0.4777078E+02  0.1493917E+02  0.1164061E+01  Si
  0.4750540E+02  0.1202035E+02  0.3809734E+01  Si
  0.4499630E+02  0.1468156E+02  0.3506537E+01  Si
  0.4897244E+02  0.1062403E+02  0.2162789E+02  Si
  0.5169858E+02  0.1311509E+02  0.2162216E+02  Si
  0.5175703E+02  0.1057027E+02  0.2633224E+01  Si
  0.4892131E+02  0.1350145E+02  0.2466561E+01  Si
  0.5033025E+02  0.1200775E+02  0.1267458E+01  Si
  0.5307659E+02  0.1446375E+02  0.9888035E+00  Si
  0.5287416E+02  0.1206599E+02  0.3767185E+01  Si
  0.5025220E+02  0.1474368E+02  0.3916482E+01  Si
  0.5444156E+02  0.1053491E+02  0.2135998E+02  Si
  0.5715990E+02  0.1349887E+02  0.2146300E+02  Si
  0.5732421E+02  0.1054785E+02  0.2375800E+01  Si
  0.5438588E+02  0.1332330E+02  0.2526374E+01  Si
  0.5584173E+02  0.1196981E+02  0.1030519E+01  Si
  0.5861367E+02  0.1459226E+02  0.1144827E+01  Si
  0.5819188E+02  0.1176297E+02  0.3984686E+01  Si
  0.5562685E+02  0.1475520E+02  0.3889944E+01  Si
  0.5982657E+02  0.1056253E+02  0.2138296E+02  Si
  0.6247109E+02  0.1330053E+02  0.1621977E-01  Si
  0.6224020E+02  0.1048926E+02  0.2532826E+01  Si
  0.5967515E+02  0.1314367E+02  0.2707258E+01  Si
  0.6102995E+02  0.1207952E+02  0.1206042E+01  Si
  0.6354854E+02  0.1484948E+02  0.1161154E+01  Si
  0.6380475E+02  0.1181864E+02  0.3805041E+01  Si
  0.6104799E+02  0.1451323E+02  0.4008043E+01  Si
  0.4380784E+02  0.1625710E+02  0.2161433E+02  Si
  0.4625332E+02  0.1881818E+02  0.2112866E+02  Si
  0.4662100E+02  0.1629428E+02  0.2670724E+01  Si
  0.4355163E+02  0.1859524E+02  0.2539343E+01  Si
  0.4513194E+02  0.1750664E+02  0.1169234E+01  Si
  0.4751960E+02  0.2008951E+02  0.9370500E+00  Si
  0.4766978E+02  0.1791301E+02  0.3956830E+01  Si
  0.4463691E+02  0.2017789E+02  0.3934062E+01  Si
  0.4922413E+02  0.1605501E+02  0.2127826E+02  Si
  0.5181326E+02  0.1896528E+02  0.2115278E+02  Si
  0.5149508E+02  0.1590347E+02  0.2381723E+01  Si
  0.4884351E+02  0.1874716E+02  0.2104190E+01  Si
  0.5050877E+02  0.1737397E+02  0.9394375E+00  Si
  0.5310022E+02  0.2014335E+02  0.1076442E+01  Si
  0.5286832E+02  0.1737687E+02  0.3858964E+01  Si
  0.5005563E+02  0.2004809E+02  0.3536723E+01  Si
  0.5445532E+02  0.1603021E+02  0.2158260E+02  Si
  0.5704824E+02  0.1884087E+02  0.2148080E+02  Si
  0.5704074E+02  0.1603265E+02  0.2401490E+01  Si
  0.5416203E+02  0.1868323E+02  0.2365505E+01  Si
  0.5567143E+02  0.1743739E+02  0.1094366E+01  Si
  0.5840486E+02  0.2035991E+02  0.1178503E+01  Si
  0.5832451E+02  0.1738264E+02  0.3671736E+01  Si
  0.5547889E+02  0.2000446E+02  0.3878285E+01  Si
  0.5978358E+02  0.1618259E+02  0.2150178E+02  Si
  0.6248788E+02  0.1862404E+02  0.2151265E+02  Si
  0.6246073E+02  0.1622980E+02  0.2856753E+01  Si
  0.5990825E+02  0.1896806E+02  0.2520868E+01  Si
  0.6094578E+02  0.1754015E+02  0.1298480E+01  Si
  0.6383418E+02  0.2034165E+02  0.1155631E+01  Si
  0.6409334E+02  0.1743761E+02  0.3784550E+01  Si
  0.6129588E+02  0.2023555E+02  0.3798497E+01  Si
  0.4347321E+02  0.3640631E+00  0.5103902E+01  Si
  0.4630689E+02  0.2606122E+01  0.5354732E+01  Si
  0.4594444E+02  0.2134422E+02  0.7892026E+01  Si
  0.4354293E+02  0.2392885E+01  0.8097211E+01  Si
  0.4488228E+02  0.1433947E+01  0.6599119E+01  Si
  0.4737377E+02  0.4139882E+01  0.6764572E+01  Si
  0.4737280E+02  0.1084532E+01  0.9108464E+01  Si
  0.4473969E+02  0.3594547E+01  0.9633853E+01  Si
  0.4884961E+02  0.2144316E+02  0.5034450E+01  Si
  0.5170943E+02  0.2426207E+01  0.5028370E+01  Si
  0.5146538E+02  0.2145646E+02  0.7980323E+01  Si
  0.4880542E+02  0.2365592E+01  0.7720800E+01  Si
  0.5035750E+02  0.9707500E+00  0.6360153E+01  Si
  0.5313623E+02  0.3743471E+01  0.6479977E+01  Si
  0.5289747E+02  0.1043857E+01  0.9293885E+01  Si
  0.5032000E+02  0.3693379E+01  0.9110023E+01  Si
  0.5434080E+02  0.2144836E+02  0.5258103E+01  Si
  0.5689576E+02  0.2250683E+01  0.5257501E+01  Si
  0.5698445E+02  0.2129734E+02  0.7821932E+01  Si
  0.5428755E+02  0.2422006E+01  0.7926423E+01  Si
  0.5575661E+02  0.9928275E+00  0.6577776E+01  Si
  0.5818067E+02  0.3692436E+01  0.6306497E+01  Si
  0.5827654E+02  0.9379774E+00  0.9298241E+01  Si
  0.5560765E+02  0.3857665E+01  0.9185517E+01  Si
  0.5981828E+02  0.2130854E+02  0.5087058E+01  Si
  0.6256978E+02  0.2439120E+01  0.5035457E+01  Si
  0.6246543E+02  0.2142669E+02  0.7810954E+01  Si
  0.5955577E+02  0.2329866E+01  0.7988972E+01  Si
  0.6111650E+02  0.1217989E+01  0.6240473E+01  Si
  0.6391648E+02  0.3682604E+01  0.6342838E+01  Si
  0.6366897E+02  0.8782247E+00  0.9293837E+01  Si
  0.6099766E+02  0.3624394E+01  0.9310708E+01  Si
  0.4326430E+02  0.5153072E+01  0.5077060E+01  Si
  0.4612518E+02  0.7803261E+01  0.5148175E+01  Si
  0.4574571E+02  0.5001768E+01  0.8138660E+01  Si
  0.4331430E+02  0.7444391E+01  0.8173669E+01  Si
  0.4467227E+02  0.6545112E+01  0.6472430E+01  Si
  0.4728475E+02  0.9065071E+01  0.6517724E+01  Si
  0.4719994E+02  0.6504593E+01  0.9471376E+01  Si
  0.4466647E+02  0.9066583E+01  0.9489759E+01  Si
  0.4899502E+02  0.5020391E+01  0.5326331E+01  Si
  0.5141480E+02  0.8014797E+01  0.5357272E+01  Si
  0.5145794E+02  0.5050328E+01  0.7839702E+01  Si
  0.4858803E+02  0.7614859E+01  0.7888134E+01  Si
  0.5018065E+02  0.6498919E+01  0.6629245E+01  Si
  0.5297171E+02  0.9138236E+01  0.6801541E+01  Si
  0.5274757E+02  0.6484717E+01  0.9199494E+01  Si
  0.4987211E+02  0.9119341E+01  0.9004393E+01  Si
  0.5434188E+02  0.5073066E+01  0.5006244E+01  Si
  0.5700526E+02  0.7900615E+01  0.4942199E+01  Si
  0.5721009E+02  0.5020947E+01  0.7887762E+01  Si
  0.5435645E+02  0.7567401E+01  0.7975892E+01  Si
  0.5577873E+02  0.6418052E+01  0.6465718E+01  Si
  0.5803120E+02  0.8942253E+01  0.6651667E+01  Si
  0.5814217E+02  0.6562268E+01  0.9387236E+01  Si
  0.5544335E+02  0.8783514E+01  0.9589550E+01  Si
  0.5948232E+02  0.4987405E+01  0.5081933E+01  Si
  0.6213914E+02  0.7692751E+01  0.5201991E+01  Si
  0.6232555E+02  0.4898247E+01  0.7641873E+01  Si
  0.5977420E+02  0.7780007E+01  0.7989842E+01  Si
  0.6086850E+02  0.6294201E+01  0.6500272E+01  Si
  0.6385213E+02  0.8979928E+01  0.6251662E+01  Si
  0.6384922E+02  0.6278550E+01  0.8846503E+01  Si
  0.6121106E+02  0.9136598E+01  0.9356069E+01  Si
  0.4329706E+02  0.1031672E+02  0.4936863E+01  Si
  0.4626473E+02  0.1318723E+02  0.5295217E+01  Si
  0.4600009E+02  0.1047706E+02  0.8109717E+01  Si
  0.4345029E+02  0.1305399E+02  0.7622114E+01  Si
  0.4468143E+02  0.1161977E+02  0.6351046E+01  Si
  0.4714520E+02  0.1491060E+02  0.6558663E+01  Si
  0.4734462E+02  0.1182633E+02  0.9107520E+01  Si
  0.4478317E+02  0.1441606E+02  0.9071064E+01  Si
  0.4879510E+02  0.1063111E+02  0.5167153E+01  Si
  0.5148814E+02  0.1331098E+02  0.5203682E+01  Si
  0.5160838E+02  0.1055330E+02  0.7841442E+01  Si
  0.4866180E+02  0.1326242E+02  0.7817676E+01  Si
  0.5013024E+02  0.1180772E+02  0.6525714E+01  Si
  0.5285624E+02  0.1454935E+02  0.6603355E+01  Si
  0.5281537E+02  0.1173385E+02  0.9312281E+01  Si
  0.5003479E+02  0.1481602E+02  0.9266463E+01  Si
  0.5424980E+02  0.1048447E+02  0.5121759E+01  Si
  0.5685600E+02  0.1322544E+02  0.5270086E+01  Si
  0.5660657E+02  0.1023611E+02  0.8035629E+01  Si
  0.5409506E+02  0.1310944E+02  0.8278039E+01  Si
  0.5541992E+02  0.1188986E+02  0.6719906E+01  Si
  0.5842805E+02  0.1464275E+02  0.6606007E+01  Si
  0.5833699E+02  0.1158021E+02  0.9214607E+01  Si
  0.5569827E+02  0.1450209E+02  0.9396375E+01  Si
  0.5945613E+02  0.1037042E+02  0.5236231E+01  Si
  0.6247320E+02  0.1303348E+02  0.5390109E+01  Si
  0.6246377E+02  0.1030535E+02  0.7690130E+01  Si
  0.5987179E+02  0.1332008E+02  0.8107263E+01  Si
  0.6095570E+02  0.1164701E+02  0.6548198E+01  Si
  0.6382935E+02  0.1465136E+02  0.6419254E+01  Si
  0.6369000E+02  0.1186747E+02  0.9069095E+01  Si
  0.6108296E+02  0.1504704E+02  0.9585170E+01  Si
  0.4408030E+02  0.1596341E+02  0.5162259E+01  Si
  0.4625750E+02  0.1906075E+02  0.5284246E+01  Si
  0.4608159E+02  0.1614034E+02  0.8254203E+01  Si
  0.4340818E+02  0.1888722E+02  0.7792561E+01  Si
  0.4489671E+02  0.1756711E+02  0.6575318E+01  Si
  0.4796641E+02  0.2032286E+02  0.6714074E+01  Si
  0.4755067E+02  0.1732236E+02  0.9514576E+01  Si
  0.4465776E+02  0.2006458E+02  0.9294871E+01  Si
  0.4879488E+02  0.1610649E+02  0.5153914E+01  Si
  0.5135890E+02  0.1873304E+02  0.5178110E+01  Si
  0.5159952E+02  0.1597015E+02  0.7851999E+01  Si
  0.4892854E+02  0.1866008E+02  0.8085906E+01  Si
  0.5033867E+02  0.1724489E+02  0.6373895E+01  Si
  0.5273622E+02  0.2005166E+02  0.6459744E+01  Si
  0.5281512E+02  0.1731834E+02  0.9156069E+01  Si
  0.5023583E+02  0.2020719E+02  0.9534960E+01  Si
  0.5427101E+02  0.1597502E+02  0.5226298E+01  Si
  0.5713439E+02  0.1869455E+02  0.5116261E+01  Si
  0.5708416E+02  0.1603779E+02  0.8020435E+01  Si
  0.5421372E+02  0.1838348E+02  0.7624431E+01  Si
  0.5582010E+02  0.1724165E+02  0.6382679E+01  Si
  0.5827018E+02  0.1988972E+02  0.6466841E+01  Si
  0.5832502E+02  0.1744621E+02  0.9305307E+01  Si
  0.5542446E+02  0.2000701E+02  0.9182227E+01  Si
  0.5978624E+02  0.1617887E+02  0.5069846E+01  Si
  0.6271673E+02  0.1883336E+02  0.5124901E+01  Si
  0.6203101E+02  0.1621061E+02  0.7787108E+01  Si
  0.5971736E+02  0.1865713E+02  0.7876725E+01  Si
  0.6101161E+02  0.1768527E+02  0.6236727E+01  Si
  0.6390291E+02  0.2004398E+02  0.6724121E+01  Si
  0.6364174E+02  0.1710836E+02  0.9115107E+01  Si
  0.6109144E+02  0.2007114E+02  0.9295663E+01  Si
  0.4322113E+02  0.2145437E+02  0.1060039E+02  Si
  0.4614440E+02  0.2160695E+01  0.1070302E+02  Si
  0.4596262E+02  0.2114902E+02  0.1339105E+02  Si
  0.4292259E+02  0.2216845E+01  0.1330378E+02  Si
  0.4476252E+02  0.9207821E+00  0.1204828E+02  Si
  0.4731059E+02  0.3731458E+01  0.1178471E+02  Si
  0.4759647E+02  0.1014084E+01  0.1441031E+02  Si
  0.4473438E+02  0.3264364E+01  0.1464549E+02  Si
  0.4854536E+02  0.2147828E+02  0.1057810E+02  Si
  0.5149064E+02  0.2244670E+01  0.1039439E+02  Si
  0.5187595E+02  0.2142863E+02  0.1313269E+02  Si
  0.4899721E+02  0.2474770E+01  0.1305323E+02  Si
  0.5028989E+02  0.8420919E+00  0.1172420E+02  Si
  0.5283332E+02  0.3693866E+01  0.1175486E+02  Si
  0.5316771E+02  0.9981370E+00  0.1467438E+02  Si
  0.5031389E+02  0.3661311E+01  0.1449194E+02  Si
  0.5426178E+02  0.2160331E+02  0.1057558E+02  Si
  0.5692280E+02  0.2486049E+01  0.1058198E+02  Si
  0.5695532E+02  0.2165990E+02  0.1323378E+02  Si
  0.5445238E+02  0.2392663E+01  0.1328794E+02  Si
  0.5566100E+02  0.1129276E+01  0.1174052E+02  Si
  0.5817104E+02  0.3976246E+01  0.1198543E+02  Si
  0.5840955E+02  0.1289392E+01  0.1450587E+02  Si
  0.5578178E+02  0.3760105E+01  0.1480734E+02  Si
  0.5960772E+02  0.2143883E+02  0.1076439E+02  Si
  0.6222465E+02  0.2200949E+01  0.1060389E+02  Si
  0.6228085E+02  0.2120686E+02  0.1339632E+02  Si
  0.5959633E+02  0.2534195E+01  0.1314992E+02  Si
  0.6122310E+02  0.8425262E+00  0.1216283E+02  Si
  0.6370289E+02  0.3717807E+01  0.1183771E+02  Si
  0.6371785E+02  0.8185026E+00  0.1453277E+02  Si
  0.6076274E+02  0.3883489E+01  0.1455184E+02  Si
  0.4332167E+02  0.5256386E+01  0.1089040E+02  Si
  0.4579108E+02  0.7680024E+01  0.1087490E+02  Si
  0.4620568E+02  0.4889389E+01  0.1348465E+02  Si
  0.4334690E+02  0.8082875E+01  0.1349744E+02  Si
  0.4470515E+02  0.6388604E+01  0.1236631E+02  Si
  0.4735943E+02  0.9050923E+01  0.1210917E+02  Si
  0.4748004E+02  0.6440334E+01  0.1458737E+02  Si
  0.4467251E+02  0.9240089E+01  0.1501088E+02  Si
  0.4866754E+02  0.4871628E+01  0.1054195E+02  Si
  0.5135716E+02  0.7660639E+01  0.1055201E+02  Si
  0.5168406E+02  0.4952243E+01  0.1320278E+02  Si
  0.4874519E+02  0.7633843E+01  0.1333510E+02  Si
  0.5004942E+02  0.6139734E+01  0.1188637E+02  Si
  0.5287307E+02  0.8899533E+01  0.1205950E+02  Si
  0.5297640E+02  0.6428679E+01  0.1454953E+02  Si
  0.4999404E+02  0.9015662E+01  0.1472352E+02  Si
  0.5416374E+02  0.5196689E+01  0.1062764E+02  Si
  0.5677512E+02  0.7814572E+01  0.1080724E+02  Si
  0.5713552E+02  0.5041489E+01  0.1345719E+02  Si
  0.5434288E+02  0.7835745E+01  0.1329499E+02  Si
  0.5573279E+02  0.6260248E+01  0.1207849E+02  Si
  0.5813740E+02  0.9299937E+01  0.1220635E+02  Si
  0.5849854E+02  0.6552353E+01  0.1480273E+02  Si
  0.5569826E+02  0.9259579E+01  0.1469541E+02  Si
  0.5960358E+02  0.5208731E+01  0.1054028E+02  Si
  0.6254321E+02  0.7545355E+01  0.1036416E+02  Si
  0.6231028E+02  0.5080991E+01  0.1326450E+02  Si
  0.5969387E+02  0.8006306E+01  0.1343757E+02  Si
  0.6095128E+02  0.6651563E+01  0.1190892E+02  Si
  0.6327009E+02  0.8984309E+01  0.1208648E+02  Si
  0.6361629E+02  0.6504754E+01  0.1476784E+02  Si
  0.6098901E+02  0.9460295E+01  0.1481596E+02  Si
  0.4351449E+02  0.1055713E+02  0.1057462E+02  Si
  0.4607364E+02  0.1336677E+02  0.1050561E+02  Si
  0.4595844E+02  0.1044667E+02  0.1335444E+02  Si
  0.4375144E+02  0.1307055E+02  0.1325737E+02  Si
  0.4495650E+02  0.1185496E+02  0.1172372E+02  Si
  0.4745804E+02  0.1443231E+02  0.1217261E+02  Si
  0.4752921E+02  0.1174393E+02  0.1466687E+02  Si
  0.4488463E+02  0.1466890E+02  0.1482514E+02  Si
  0.4856877E+02  0.1051772E+02  0.1054726E+02  Si
  0.5157992E+02  0.1334747E+02  0.1046468E+02  Si
  0.5147530E+02  0.1060723E+02  0.1346815E+02  Si
  0.4907847E+02  0.1311064E+02  0.1332053E+02  Si
  0.5026897E+02  0.1168789E+02  0.1173863E+02  Si
  0.5288108E+02  0.1468683E+02  0.1172336E+02  Si
  0.5296279E+02  0.1190962E+02  0.1464334E+02  Si
  0.5039141E+02  0.1458728E+02  0.1454487E+02  Si
  0.5412309E+02  0.1028759E+02  0.1059718E+02  Si
  0.5716691E+02  0.1302211E+02  0.1067066E+02  Si
  0.5675106E+02  0.1052942E+02  0.1329362E+02  Si
  0.5416763E+02  0.1328197E+02  0.1302334E+02  Si
  0.5545558E+02  0.1170725E+02  0.1165870E+02  Si
  0.5859776E+02  0.1434732E+02  0.1192833E+02  Si
  0.5830440E+02  0.1202832E+02  0.1460341E+02  Si
  0.5571021E+02  0.1462899E+02  0.1449001E+02  Si
  0.5964098E+02  0.1042086E+02  0.1063607E+02  Si
  0.6239507E+02  0.1325205E+02  0.1061880E+02  Si
  0.6242542E+02  0.1085604E+02  0.1336286E+02  Si
  0.6013113E+02  0.1326224E+02  0.1342635E+02  Si
  0.6114358E+02  0.1183261E+02  0.1178195E+02  Si
  0.6387750E+02  0.1461356E+02  0.1202527E+02  Si
  0.6358965E+02  0.1219873E+02  0.1478717E+02  Si
  0.6129072E+02  0.1490455E+02  0.1476022E+02  Si
  0.4357534E+02  0.1583732E+02  0.1048549E+02  Si
  0.4608501E+02  0.1859767E+02  0.1083753E+02  Si
  0.4606311E+02  0.1595644E+02  0.1356364E+02  Si
  0.4328566E+02  0.1862046E+02  0.1338602E+02  Si
  0.4468706E+02  0.1703781E+02  0.1213619E+02  Si
  0.4734282E+02  0.1990704E+02  0.1189835E+02  Si
  0.4741777E+02  0.1747204E+02  0.1447958E+02  Si
  0.4476823E+02  0.1970155E+02  0.1485930E+02  Si
  0.4874990E+02  0.1589445E+02  0.1085191E+02  Si
  0.5159338E+02  0.1870943E+02  0.1064850E+02  Si
  0.5158579E+02  0.1591054E+02  0.1315254E+02  Si
  0.4883712E+02  0.1880950E+02  0.1322726E+02  Si
  0.5030217E+02  0.1746981E+02  0.1194895E+02  Si
  0.5317568E+02  0.1991311E+02  0.1190899E+02  Si
  0.5283062E+02  0.1738674E+02  0.1472704E+02  Si
  0.5020663E+02  0.2022314E+02  0.1435937E+02  Si
  0.5420681E+02  0.1621882E+02  0.1050304E+02  Si
  0.5699196E+02  0.1861047E+02  0.1046419E+02  Si
  0.5695067E+02  0.1579135E+02  0.1303382E+02  Si
  0.5448615E+02  0.1856639E+02  0.1334703E+02  Si
  0.5583546E+02  0.1726721E+02  0.1183261E+02  Si
  0.5815220E+02  0.2000111E+02  0.1201548E+02  Si
  0.5860522E+02  0.1700240E+02  0.1440720E+02  Si
  0.5610712E+02  0.1999713E+02  0.1460584E+02  Si
  0.5961980E+02  0.1626745E+02  0.1082395E+02  Si
  0.6236176E+02  0.1869294E+02  0.1040255E+02  Si
  0.6262020E+02  0.1607989E+02  0.1341087E+02  Si
  0.5961045E+02  0.1891793E+02  0.1360866E+02  Si
  0.6109852E+02  0.1753946E+02  0.1206673E+02  Si
  0.6352689E+02  0.2002186E+02  0.1180119E+02  Si
  0.6372724E+02  0.1730589E+02  0.1490878E+02  Si
  0.6096057E+02  0.2006776E+02  0.1502531E+02  Si
  0.4352337E+02  0.2120148E+02  0.1607509E+02  Si
  0.4630059E+02  0.2142697E+01  0.1619798E+02  Si
  0.4629679E+02  0.2134309E+02  0.1880486E+02  Si
  0.4190755E+02  0.9769889E+00  0.2015839E+02  Si
  0.4490309E+02  0.7107982E+00  0.1727546E+02  Si
  0.4780963E+02  0.3596301E+01  0.1738250E+02  Si
  0.4763531E+02  0.1033485E+01  0.1997662E+02  Si
  0.4494790E+02  0.3729345E+01  0.1985059E+02  Si
  0.4908199E+02  0.2158361E+02  0.1583214E+02  Si
  0.5166123E+02  0.2370783E+01  0.1585549E+02  Si
  0.5163235E+02  0.2122042E+02  0.1855197E+02  Si
  0.4919476E+02  0.2287812E+01  0.1870063E+02  Si
  0.5046438E+02  0.1058140E+01  0.1729539E+02  Si
  0.5298941E+02  0.3778866E+01  0.1731124E+02  Si
  0.5288248E+02  0.9845792E+00  0.1987917E+02  Si
  0.5035721E+02  0.3610129E+01  0.2021924E+02  Si
  0.5456793E+02  0.2130854E+02  0.1587129E+02  Si
  0.5730669E+02  0.2473574E+01  0.1614661E+02  Si
  0.5695897E+02  0.2156336E+02  0.1870398E+02  Si
  0.5425272E+02  0.2454916E+01  0.1868088E+02  Si
  0.5582227E+02  0.1280616E+01  0.1739709E+02  Si
  0.5844724E+02  0.3943138E+01  0.1748074E+02  Si
  0.5833450E+02  0.1144262E+01  0.1984330E+02  Si
  0.5581886E+02  0.3585396E+01  0.2021371E+02  Si
  0.5961366E+02  0.5921262E-01  0.1604030E+02  Si
  0.6222802E+02  0.2505383E+01  0.1566501E+02  Si
  0.6234601E+02  0.2153321E+02  0.1884098E+02  Si
  0.5977943E+02  0.2459585E+01  0.1859347E+02  Si
  0.6110184E+02  0.1075629E+01  0.1726731E+02  Si
  0.6365069E+02  0.3863322E+01  0.1702470E+02  Si
  0.6383747E+02  0.1176822E+01  0.2002697E+02  Si
  0.6122917E+02  0.3857464E+01  0.2007917E+02  Si
  0.4354490E+02  0.4851172E+01  0.1612265E+02  Si
  0.4608283E+02  0.7668026E+01  0.1591704E+02  Si
  0.4641696E+02  0.5087148E+01  0.1843511E+02  Si
  0.4374262E+02  0.7892647E+01  0.1905564E+02  Si
  0.4486788E+02  0.6397689E+01  0.1721778E+02  Si
  0.4720653E+02  0.9130394E+01  0.1750220E+02  Si
  0.4780497E+02  0.6598034E+01  0.2004600E+02  Si
  0.4523759E+02  0.9285342E+01  0.2011487E+02  Si
  0.4888195E+02  0.5207789E+01  0.1591859E+02  Si
  0.5171042E+02  0.7711717E+01  0.1590278E+02  Si
  0.5151454E+02  0.4979783E+01  0.1862308E+02  Si
  0.4918610E+02  0.8011929E+01  0.1847114E+02  Si
  0.5015504E+02  0.6510860E+01  0.1733405E+02  Si
  0.5285639E+02  0.9377074E+01  0.1722981E+02  Si
  0.5282720E+02  0.6412789E+01  0.2002312E+02  Si
  0.5055523E+02  0.9240054E+01  0.2028840E+02  Si
  0.5441145E+02  0.5028149E+01  0.1588360E+02  Si
  0.5682540E+02  0.7811380E+01  0.1603776E+02  Si
  0.5686991E+02  0.5087270E+01  0.1880106E+02  Si
  0.5413446E+02  0.7919600E+01  0.1880989E+02  Si
  0.5541330E+02  0.6540504E+01  0.1740666E+02  Si
  0.5833229E+02  0.8952534E+01  0.1734523E+02  Si
  0.5808477E+02  0.6538512E+01  0.1987464E+02  Si
  0.5572862E+02  0.8996336E+01  0.2016610E+02  Si
  0.5983924E+02  0.5134374E+01  0.1598465E+02  Si
  0.6241088E+02  0.7846688E+01  0.1613000E+02  Si
  0.6240904E+02  0.5116665E+01  0.1861835E+02  Si
  0.5972704E+02  0.7716883E+01  0.1856264E+02  Si
  0.6133081E+02  0.6490239E+01  0.1733645E+02  Si
  0.6381029E+02  0.9342107E+01  0.1736410E+02  Si
  0.6389399E+02  0.6575815E+01  0.2003944E+02  Si
  0.6122502E+02  0.9030961E+01  0.1988256E+02  Si
  0.4350087E+02  0.1079012E+02  0.1621443E+02  Si
  0.4647371E+02  0.1337018E+02  0.1602016E+02  Si
  0.4609490E+02  0.1095465E+02  0.1901757E+02  Si
  0.4225719E+02  0.1468403E+02  0.1739706E+02  Si
  0.4498667E+02  0.1226715E+02  0.1752377E+02  Si
  0.4763822E+02  0.1484236E+02  0.1742537E+02  Si
  0.4767467E+02  0.1215044E+02  0.2025123E+02  Si
  0.4515718E+02  0.1479587E+02  0.2011501E+02  Si
  0.4873845E+02  0.1029725E+02  0.1618152E+02  Si
  0.5152393E+02  0.1337381E+02  0.1598755E+02  Si
  0.5155492E+02  0.1060086E+02  0.1848856E+02  Si
  0.4902869E+02  0.1338213E+02  0.1881863E+02  Si
  0.5007335E+02  0.1181182E+02  0.1732618E+02  Si
  0.5308052E+02  0.1485253E+02  0.1733838E+02  Si
  0.5302288E+02  0.1164792E+02  0.2015823E+02  Si
  0.5075259E+02  0.1472636E+02  0.2000861E+02  Si
  0.5443589E+02  0.1073119E+02  0.1584515E+02  Si
  0.5704324E+02  0.1327618E+02  0.1609985E+02  Si
  0.5688196E+02  0.1037714E+02  0.1870292E+02  Si
  0.5424843E+02  0.1319022E+02  0.1883645E+02  Si
  0.5561837E+02  0.1208143E+02  0.1737417E+02  Si
  0.5835954E+02  0.1477994E+02  0.1753702E+02  Si
  0.5816303E+02  0.1198870E+02  0.2014315E+02  Si
  0.5574905E+02  0.1439413E+02  0.2007778E+02  Si
  0.5959508E+02  0.1069556E+02  0.1625385E+02  Si
  0.6246042E+02  0.1333673E+02  0.1629030E+02  Si
  0.6234276E+02  0.1042795E+02  0.1882953E+02  Si
  0.5959437E+02  0.1339254E+02  0.1904091E+02  Si
  0.6094410E+02  0.1190265E+02  0.1759681E+02  Si
  0.6398453E+02  0.1458847E+02  0.1751304E+02  Si
  0.6368947E+02  0.1175360E+02  0.2012570E+02  Si
  0.6117704E+02  0.1475701E+02  0.2020425E+02  Si
  0.4358012E+02  0.1606249E+02  0.1618010E+02  Si
  0.4633057E+02  0.1872916E+02  0.1608648E+02  Si
  0.4623746E+02  0.1633516E+02  0.1875529E+02  Si
  0.4307700E+02  0.1871287E+02  0.1877836E+02  Si
  0.4492122E+02  0.1759800E+02  0.1754517E+02  Si
  0.4764572E+02  0.2020284E+02  0.1729448E+02  Si
  0.4792218E+02  0.1763612E+02  0.1994994E+02  Si
  0.4485297E+02  0.1986918E+02  0.2000536E+02  Si
  0.4902117E+02  0.1592569E+02  0.1583502E+02  Si
  0.5148066E+02  0.1886871E+02  0.1586974E+02  Si
  0.5181718E+02  0.1614950E+02  0.1861419E+02  Si
  0.4909710E+02  0.1887135E+02  0.1849686E+02  Si
  0.5044934E+02  0.1745984E+02  0.1722384E+02  Si
  0.5322307E+02  0.1996492E+02  0.1725934E+02  Si
  0.5342919E+02  0.1726020E+02  0.1989759E+02  Si
  0.5026672E+02  0.2013391E+02  0.2009798E+02  Si
  0.5453249E+02  0.1618780E+02  0.1566644E+02  Si
  0.5730446E+02  0.1864861E+02  0.1590703E+02  Si
  0.5690468E+02  0.1604016E+02  0.1877932E+02  Si
  0.5458017E+02  0.1887536E+02  0.1888707E+02  Si
  0.5577335E+02  0.1756522E+02  0.1736206E+02  Si
  0.5843725E+02  0.2019933E+02  0.1740225E+02  Si
  0.5822238E+02  0.1753234E+02  0.2012464E+02  Si
  0.5589522E+02  0.2011483E+02  0.1990244E+02  Si
  0.5990350E+02  0.1610931E+02  0.1621416E+02  Si
  0.6234350E+02  0.1868759E+02  0.1621660E+02  Si
  0.6259550E+02  0.1588191E+02  0.1878117E+02  Si
  0.5972166E+02  0.1901739E+02  0.1876128E+02  Si
  0.6111869E+02  0.1731399E+02  0.1771412E+02  Si
  0.6391580E+02  0.1994288E+02  0.1744583E+02  Si
  0.6389862E+02  0.1726120E+02  0.2017798E+02  Si
  0.6097910E+02  0.2018752E+02  0.2012598E+02  Si
