         
  0.6515772E+02  0.0000000E+00  0.2171924E+02
  0.0000000E+00  0.0000000E+00  0.2171924E+02
  0.1074771E+00  0.2130612E+02  0.2138786E+02  Si
  0.2808217E+01  0.2286716E+01  0.2133395E+02  Si
  0.2792139E+01  0.2144147E+02  0.2318223E+01  Si
  0.1668239E+00  0.2477387E+01  0.2302722E+01  Si
  0.1406213E+01  0.1125127E+01  0.9333457E+00  Si
  0.4148883E+01  0.3673290E+01  0.1000168E+01  Si
  0.4156376E+01  0.9687178E+00  0.3968337E+01  Si
  0.1336675E+01  0.3778457E+01  0.3858877E+01  Si
  0.5287098E+01  0.2149144E+02  0.2142631E+02  Si
  0.8064661E+01  0.2507773E+01  0.2139238E+02  Si
  0.8039529E+01  0.2123894E+02  0.2388729E+01  Si
  0.5513635E+01  0.2361446E+01  0.2715045E+01  Si
  0.6713531E+01  0.1080554E+01  0.1178100E+01  Si
  0.9471136E+01  0.3694406E+01  0.1133131E+01  Si
  0.9378438E+01  0.1015177E+01  0.3781905E+01  Si
  0.6751944E+01  0.3882950E+01  0.3826231E+01  Si
  0.1096686E+02  0.2123852E+02  0.2167320E+02  Si
  0.1334078E+02  0.2629111E+01  0.2152503E+02  Si
  0.1347043E+02  0.2148396E+02  0.2416552E+01  Si
  0.1082500E+02  0.2597492E+01  0.2598058E+01  Si
  0.1213675E+02  0.1123653E+01  0.1103510E+01  Si
  0.1475627E+02  0.3947064E+01  0.8521813E+00  Si
  0.1485665E+02  0.1174799E+01  0.3815759E+01  Si
  0.1214691E+02  0.4043108E+01  0.3890805E+01  Si
  0.1595440E+02  0.5211642E+00  0.5621262E-01  Si
  0.1885234E+02  0.2803566E+01  0.2164146E+02  Si
  0.1907033E+02  0.1377629E+00  0.2599041E+01  Si
  0.1606211E+02  0.2670500E+01  0.2265257E+01  Si
  0.1761760E+02  0.1462054E+01  0.1366932E+01  Si
  0.3180732E+02  0.4116891E+01  0.2012873E+02  Si
  0.2175348E+02  0.5456459E+01  0.1891024E+00  Si
  0.1738801E+02  0.3898098E+01  0.3751085E+01  Si
  0.6514501E+02  0.4847160E+01  0.2147342E+02  Si
  0.2865490E+01  0.7803338E+01  0.2135046E+02  Si
  0.2860920E+01  0.5047082E+01  0.2423880E+01  Si
  0.4105360E-01  0.7836712E+01  0.2303034E+01  Si
  0.1483782E+01  0.6386837E+01  0.9322764E+00  Si
  0.4150151E+01  0.9207386E+01  0.7619796E+00  Si
  0.4273445E+01  0.6432856E+01  0.3849015E+01  Si
  0.1311982E+01  0.9101227E+01  0.3618965E+01  Si
  0.5673852E+01  0.4996999E+01  0.2144697E+02  Si
  0.8223122E+01  0.8009976E+01  0.2147388E+02  Si
  0.8323541E+01  0.5205967E+01  0.2314181E+01  Si
  0.5390408E+01  0.7704826E+01  0.2247424E+01  Si
  0.6978099E+01  0.6511430E+01  0.1047319E+01  Si
  0.9362749E+01  0.9678105E+01  0.1151183E+01  Si
  0.9481938E+01  0.6648380E+01  0.3659832E+01  Si
  0.6712534E+01  0.9286762E+01  0.3797872E+01  Si
  0.1077638E+02  0.5246104E+01  0.2168778E+02  Si
  0.1346523E+02  0.7881314E+01  0.2144085E+02  Si
  0.1339719E+02  0.5370875E+01  0.2235569E+01  Si
  0.1069006E+02  0.8200396E+01  0.2236982E+01  Si
  0.1209275E+02  0.6667785E+01  0.1296903E+01  Si
  0.1483853E+02  0.9195990E+01  0.1161057E+01  Si
  0.1460097E+02  0.6690792E+01  0.3779767E+01  Si
  0.1206298E+02  0.9421978E+01  0.3732100E+01  Si
  0.1630753E+02  0.5331951E+01  0.2125856E+02  Si
  0.1926962E+02  0.8067023E+01  0.2326399E-01  Si
  0.1876700E+02  0.5258598E+01  0.2417608E+01  Si
  0.1604754E+02  0.7989260E+01  0.2426202E+01  Si
  0.1757311E+02  0.6651776E+01  0.1122670E+01  Si
  0.2239539E+02  0.1213093E+02  0.2038531E+01  Si
  0.2423750E+02  0.1026090E+02  0.1862713E+02  Si
  0.1733636E+02  0.9406717E+01  0.3703787E+01  Si
  0.6513348E+02  0.1080060E+02  0.2104611E+02  Si
  0.2701412E+01  0.1355989E+02  0.2120599E+02  Si
  0.2487279E+01  0.1053634E+02  0.1888497E+01  Si
  0.6505438E+02  0.1342453E+02  0.2346044E+01  Si
  0.1249452E+01  0.1209453E+02  0.7201937E+00  Si
  0.4258829E+01  0.1486714E+02  0.8084457E+00  Si
  0.3794844E+01  0.1170017E+02  0.3737318E+01  Si
  0.1688832E+01  0.1473489E+02  0.3599415E+01  Si
  0.5339427E+01  0.1073011E+02  0.2123387E+02  Si
  0.7855491E+01  0.1339154E+02  0.2135342E+02  Si
  0.7883497E+01  0.1100994E+02  0.2372374E+01  Si
  0.5194781E+01  0.1321724E+02  0.2488493E+01  Si
  0.6425950E+01  0.1199108E+02  0.8844279E+00  Si
  0.9046953E+01  0.1483897E+02  0.1253326E+01  Si
  0.9564018E+01  0.1217184E+02  0.3790299E+01  Si
  0.6593038E+01  0.1457744E+02  0.3753805E+01  Si
  0.1068261E+02  0.1079000E+02  0.2134981E+02  Si
  0.1351630E+02  0.1367688E+02  0.2134836E+02  Si
  0.1349088E+02  0.1078634E+02  0.2595292E+01  Si
  0.1078896E+02  0.1365536E+02  0.2388077E+01  Si
  0.1212429E+02  0.1233017E+02  0.8839810E+00  Si
  0.1492951E+02  0.1492371E+02  0.1088350E+01  Si
  0.1495170E+02  0.1210895E+02  0.3914505E+01  Si
  0.1204948E+02  0.1513003E+02  0.3742713E+01  Si
  0.1630205E+02  0.1052168E+02  0.2146195E+02  Si
  0.1897963E+02  0.1289557E+02  0.2156304E+02  Si
  0.2065238E+02  0.9309765E+01  0.1243103E+01  Si
  0.1629679E+02  0.1329299E+02  0.2412875E+01  Si
  0.1746338E+02  0.1186030E+02  0.1077182E+01  Si
  0.2028988E+02  0.1159353E+02  0.2024008E+02  Si
  0.2937786E+02  0.2073113E+02  0.2080537E+02  Si
  0.1773124E+02  0.1477419E+02  0.3773849E+01  Si
  0.6514681E+02  0.1615476E+02  0.2130400E+02  Si
  0.2784769E+01  0.1880974E+02  0.2132575E+02  Si
  0.3058828E+01  0.1624033E+02  0.2256105E+01  Si
  0.2395370E-01  0.1874667E+02  0.2513675E+01  Si
  0.1297609E+01  0.1744799E+02  0.1072043E+01  Si
  0.4017570E+01  0.2024360E+02  0.9607208E+00  Si
  0.4341357E+01  0.1748402E+02  0.3897892E+01  Si
  0.1628653E+01  0.2017779E+02  0.3810082E+01  Si
  0.5380460E+01  0.1634853E+02  0.2095664E+02  Si
  0.8154532E+01  0.1854019E+02  0.2141029E+02  Si
  0.7860838E+01  0.1587811E+02  0.2537788E+01  Si
  0.5569744E+01  0.1879034E+02  0.2291688E+01  Si
  0.6755633E+01  0.1728979E+02  0.1069127E+01  Si
  0.9582746E+01  0.1961325E+02  0.1320341E+01  Si
  0.8984198E+01  0.1720272E+02  0.3959226E+01  Si
  0.6869228E+01  0.1997824E+02  0.3880195E+01  Si
  0.1046447E+02  0.1602177E+02  0.2145317E+02  Si
  0.1342787E+02  0.1894009E+02  0.2113753E+02  Si
  0.1360108E+02  0.1627563E+02  0.2292751E+01  Si
  0.1077422E+02  0.1853064E+02  0.2567718E+01  Si
  0.1213324E+02  0.1745598E+02  0.7452010E+00  Si
  0.1479091E+02  0.2035881E+02  0.9283128E+00  Si
  0.1490633E+02  0.1770076E+02  0.3665500E+01  Si
  0.1199916E+02  0.2021358E+02  0.3764100E+01  Si
  0.1629878E+02  0.1610034E+02  0.2132293E+02  Si
  0.1903186E+02  0.1912074E+02  0.2142245E+02  Si
  0.1901352E+02  0.1647632E+02  0.2404895E+01  Si
  0.1635596E+02  0.1893075E+02  0.2262041E+01  Si
  0.1749514E+02  0.1738572E+02  0.9498206E+00  Si
  0.2637189E+02  0.3386922E+01  0.1915044E+02  Si
  0.2504560E+02  0.1246119E+02  0.5066560E+01  Si
  0.1781254E+02  0.2022234E+02  0.3788390E+01  Si
  0.3276698E-02  0.2130192E+02  0.5198461E+01  Si
  0.2762119E+01  0.2358750E+01  0.5242035E+01  Si
  0.2506539E+01  0.2157012E+02  0.7738664E+01  Si
  0.6489305E+02  0.2555648E+01  0.7779483E+01  Si
  0.1102454E+01  0.1194206E+01  0.6324532E+01  Si
  0.4075832E+01  0.3932717E+01  0.6787536E+01  Si
  0.4027775E+01  0.1204928E+01  0.9069542E+01  Si
  0.1134542E+01  0.3703447E+01  0.9143600E+01  Si
  0.5439436E+01  0.2134341E+02  0.5110297E+01  Si
  0.8068044E+01  0.2349191E+01  0.5175769E+01  Si
  0.7918243E+01  0.2144301E+02  0.8216786E+01  Si
  0.5313283E+01  0.2361993E+01  0.7841788E+01  Si
  0.6743408E+01  0.1116531E+01  0.6530974E+01  Si
  0.9508525E+01  0.3666339E+01  0.6243285E+01  Si
  0.9513247E+01  0.1031321E+01  0.9496301E+01  Si
  0.6836555E+01  0.4016359E+01  0.9067212E+01  Si
  0.1068451E+02  0.2152787E+02  0.5173979E+01  Si
  0.1333689E+02  0.2563949E+01  0.5075585E+01  Si
  0.1355472E+02  0.2168911E+02  0.7896823E+01  Si
  0.1082346E+02  0.2290109E+01  0.8107802E+01  Si
  0.1211524E+02  0.1136909E+01  0.6475462E+01  Si
  0.1464067E+02  0.4106802E+01  0.6442197E+01  Si
  0.1481551E+02  0.1447057E+01  0.9209564E+01  Si
  0.1224698E+02  0.3892895E+01  0.9168999E+01  Si
  0.1632760E+02  0.2162665E+02  0.4948632E+01  Si
  0.1866371E+02  0.2507164E+01  0.4914746E+01  Si
  0.1880342E+02  0.2169112E+02  0.7869942E+01  Si
  0.1613813E+02  0.2727054E+01  0.7405998E+01  Si
  0.1757054E+02  0.1121663E+01  0.6283509E+01  Si
  0.2138370E+02  0.1819493E+02  0.1308608E+02  Si
  0.3280604E+02  0.1570691E+02  0.1250551E+02  Si
  0.1729233E+02  0.3839247E+01  0.9353249E+01  Si
  0.6506302E+02  0.5105128E+01  0.5034599E+01  Si
  0.2717258E+01  0.7618457E+01  0.4938878E+01  Si
  0.2702051E+01  0.5239206E+01  0.7854995E+01  Si
  0.6489322E+02  0.7925084E+01  0.7561865E+01  Si
  0.1389995E+01  0.6567188E+01  0.6349237E+01  Si
  0.3970565E+01  0.8965087E+01  0.6325916E+01  Si
  0.4187711E+01  0.6665582E+01  0.9204361E+01  Si
  0.1546412E+01  0.9283093E+01  0.8958016E+01  Si
  0.5321574E+01  0.5216168E+01  0.5245702E+01  Si
  0.8233909E+01  0.8123181E+01  0.5212906E+01  Si
  0.8299302E+01  0.5260395E+01  0.7687546E+01  Si
  0.5691009E+01  0.7744058E+01  0.7806194E+01  Si
  0.6944795E+01  0.6574284E+01  0.6338143E+01  Si
  0.9633201E+01  0.9539508E+01  0.6552539E+01  Si
  0.9569697E+01  0.6545500E+01  0.9163888E+01  Si
  0.6904693E+01  0.8839983E+01  0.9003250E+01  Si
  0.1078001E+02  0.5466053E+01  0.5103960E+01  Si
  0.1315730E+02  0.7937754E+01  0.5035732E+01  Si
  0.1357765E+02  0.5357468E+01  0.7952311E+01  Si
  0.1066557E+02  0.7925303E+01  0.7870489E+01  Si
  0.1207480E+02  0.6475740E+01  0.6733854E+01  Si
  0.1472992E+02  0.9120863E+01  0.6293015E+01  Si
  0.1473793E+02  0.6559710E+01  0.9318785E+01  Si
  0.1234807E+02  0.9214039E+01  0.9060549E+01  Si
  0.1590147E+02  0.5296450E+01  0.4854095E+01  Si
  0.1865396E+02  0.8030471E+01  0.5030017E+01  Si
  0.1995124E+02  0.3652091E+01  0.6505363E+01  Si
  0.1616124E+02  0.7706880E+01  0.7724848E+01  Si
  0.1742161E+02  0.6462012E+01  0.6396069E+01  Si
  0.1985016E+02  0.6530161E+01  0.3851896E+01  Si
  0.2436697E+02  0.1690891E+00  0.8619757E+01  Si
  0.1757483E+02  0.9010083E+01  0.8972348E+01  Si
  0.1761685E+00  0.1061795E+02  0.5052039E+01  Si
  0.2945390E+01  0.1359923E+02  0.4993274E+01  Si
  0.2924698E+01  0.1057787E+02  0.7361893E+01  Si
  0.4949374E-01  0.1338596E+02  0.7832113E+01  Si
  0.1394872E+01  0.1230380E+02  0.6438559E+01  Si
  0.4159367E+01  0.1494977E+02  0.6434738E+01  Si
  0.4187950E+01  0.1176968E+02  0.8986983E+01  Si
  0.1275231E+01  0.1477730E+02  0.9263008E+01  Si
  0.5289378E+01  0.1049768E+02  0.5245999E+01  Si
  0.8173722E+01  0.1351914E+02  0.5103424E+01  Si
  0.7964934E+01  0.1055882E+02  0.7914124E+01  Si
  0.5378785E+01  0.1342908E+02  0.7761242E+01  Si
  0.6637069E+01  0.1193959E+02  0.6411362E+01  Si
  0.9374471E+01  0.1471054E+02  0.6607435E+01  Si
  0.9348609E+01  0.1190816E+02  0.9443309E+01  Si
  0.6714128E+01  0.1490877E+02  0.9172623E+01  Si
  0.1092404E+02  0.1080816E+02  0.5098082E+01  Si
  0.1344478E+02  0.1376443E+02  0.5042134E+01  Si
  0.1363929E+02  0.1067457E+02  0.7685640E+01  Si
  0.1070125E+02  0.1315631E+02  0.7789128E+01  Si
  0.1244057E+02  0.1224411E+02  0.6396500E+01  Si
  0.1500414E+02  0.1501751E+02  0.6151981E+01  Si
  0.1507764E+02  0.1203671E+02  0.8980040E+01  Si
  0.1244560E+02  0.1450189E+02  0.9154158E+01  Si
  0.1616195E+02  0.1072818E+02  0.5337204E+01  Si
  0.1899308E+02  0.1056071E+02  0.2440596E+01  Si
  0.1891636E+02  0.1066528E+02  0.7883035E+01  Si
  0.1634878E+02  0.1344189E+02  0.7513983E+01  Si
  0.1773740E+02  0.1195510E+02  0.6545299E+01  Si
  0.2345857E+02  0.2103257E+02  0.4180283E+01  Si
  0.2326421E+02  0.6788666E+01  0.1779017E+02  Si
  0.1786434E+02  0.1493483E+02  0.8921782E+01  Si
  0.1902095E+00  0.1608035E+02  0.5021848E+01  Si
  0.2841415E+01  0.1870900E+02  0.5263504E+01  Si
  0.2754785E+01  0.1624275E+02  0.7874512E+01  Si
  0.6501279E+02  0.1868823E+02  0.8317153E+01  Si
  0.1335824E+01  0.1744850E+02  0.6698046E+01  Si
  0.3986413E+01  0.2021185E+02  0.6506878E+01  Si
  0.4307445E+01  0.1741975E+02  0.9522885E+01  Si
  0.1062734E+01  0.2030612E+02  0.9227208E+01  Si
  0.5272622E+01  0.1600633E+02  0.5256391E+01  Si
  0.8027108E+01  0.1869353E+02  0.5333840E+01  Si
  0.8393306E+01  0.1627483E+02  0.7944153E+01  Si
  0.5391732E+01  0.1860779E+02  0.8026901E+01  Si
  0.6719110E+01  0.1742111E+02  0.6611870E+01  Si
  0.9382425E+01  0.2004478E+02  0.6687406E+01  Si
  0.9764150E+01  0.1742932E+02  0.9053783E+01  Si
  0.6977682E+01  0.1961896E+02  0.9274527E+01  Si
  0.1069365E+02  0.1627328E+02  0.5430578E+01  Si
  0.1348904E+02  0.1893646E+02  0.5236641E+01  Si
  0.1348487E+02  0.1634971E+02  0.7641546E+01  Si
  0.1112695E+02  0.1881373E+02  0.8056822E+01  Si
  0.1216020E+02  0.1762898E+02  0.6546130E+01  Si
  0.1480023E+02  0.2038015E+02  0.6475150E+01  Si
  0.1519575E+02  0.1738083E+02  0.9013506E+01  Si
  0.1237258E+02  0.2028113E+02  0.9194683E+01  Si
  0.1638238E+02  0.1632473E+02  0.4922088E+01  Si
  0.2875815E+02  0.1251884E+02  0.1026600E+02  Si
  0.1926926E+02  0.1639340E+02  0.7684344E+01  Si
  0.1631631E+02  0.1910937E+02  0.7715405E+01  Si
  0.1768203E+02  0.1742931E+02  0.6544154E+01  Si
  0.3079146E+02  0.3221287E+01  0.6121002E+01  Si
  0.2396797E+02  0.2057014E+02  0.1237729E+02  Si
  0.1767526E+02  0.2017631E+02  0.9418498E+01  Si
  0.6479193E+02  0.2156502E+02  0.1042589E+02  Si
  0.2527780E+01  0.2496320E+01  0.1056862E+02  Si
  0.2669295E+01  0.2136692E+02  0.1296813E+02  Si
  0.2184537E-02  0.2425100E+01  0.1294415E+02  Si
  0.1182403E+01  0.1079386E+01  0.1159103E+02  Si
  0.3969411E+01  0.3907958E+01  0.1175219E+02  Si
  0.3948110E+01  0.1311956E+01  0.1416407E+02  Si
  0.1051728E+01  0.3831294E+01  0.1449509E+02  Si
  0.5634698E+01  0.2132873E+02  0.1027313E+02  Si
  0.8057100E+01  0.2460592E+01  0.1065692E+02  Si
  0.8272288E+01  0.2149151E+02  0.1327685E+02  Si
  0.5469428E+01  0.2456758E+01  0.1296325E+02  Si
  0.6698457E+01  0.1097498E+01  0.1180305E+02  Si
  0.9544984E+01  0.3878091E+01  0.1198827E+02  Si
  0.9426340E+01  0.9765776E+00  0.1456635E+02  Si
  0.6618119E+01  0.3807857E+01  0.1485892E+02  Si
  0.1094910E+02  0.2139029E+02  0.1053040E+02  Si
  0.1348439E+02  0.2555947E+01  0.1071540E+02  Si
  0.1340052E+02  0.2143494E+02  0.1327335E+02  Si
  0.1074118E+02  0.2371420E+01  0.1331060E+02  Si
  0.1228383E+02  0.1031624E+01  0.1180828E+02  Si
  0.1485948E+02  0.3918439E+01  0.1230963E+02  Si
  0.1469786E+02  0.8408837E+00  0.1490076E+02  Si
  0.1209416E+02  0.3750058E+01  0.1474522E+02  Si
  0.1598030E+02  0.2162056E+02  0.1059106E+02  Si
  0.2021271E+02  0.1127390E+01  0.9406327E+01  Si
  0.2887676E+02  0.1756536E+02  0.9686876E+01  Si
  0.1609089E+02  0.2326710E+01  0.1360504E+02  Si
  0.1733790E+02  0.1018622E+01  0.1209155E+02  Si
  0.1866552E+02  0.2215789E+01  0.1069003E+02  Si
  0.2018508E+02  0.3576279E+01  0.1207895E+02  Si
  0.1755960E+02  0.3743262E+01  0.1478996E+02  Si
  0.8918501E-01  0.5070695E+01  0.1046902E+02  Si
  0.2751061E+01  0.7959741E+01  0.1042954E+02  Si
  0.2733348E+01  0.5239134E+01  0.1332979E+02  Si
  0.6515693E+02  0.7851809E+01  0.1304276E+02  Si
  0.1427352E+01  0.6424065E+01  0.1176554E+02  Si
  0.4098060E+01  0.9389503E+01  0.1179445E+02  Si
  0.4394749E+01  0.6543486E+01  0.1467381E+02  Si
  0.1379932E+01  0.9362446E+01  0.1444197E+02  Si
  0.5444812E+01  0.5323999E+01  0.1050203E+02  Si
  0.8022903E+01  0.7743351E+01  0.1052915E+02  Si
  0.8174346E+01  0.5149668E+01  0.1336092E+02  Si
  0.5456185E+01  0.8033185E+01  0.1334629E+02  Si
  0.6748701E+01  0.6554217E+01  0.1190087E+02  Si
  0.9447390E+01  0.9181357E+01  0.1171751E+02  Si
  0.9382068E+01  0.6380268E+01  0.1471278E+02  Si
  0.7024408E+01  0.9367738E+01  0.1460465E+02  Si
  0.1089785E+02  0.5149354E+01  0.1047490E+02  Si
  0.1344641E+02  0.7840081E+01  0.1072777E+02  Si
  0.1354178E+02  0.5244244E+01  0.1338953E+02  Si
  0.1061480E+02  0.7923858E+01  0.1334681E+02  Si
  0.1215095E+02  0.6586841E+01  0.1206315E+02  Si
  0.1499083E+02  0.9299755E+01  0.1211771E+02  Si
  0.1474130E+02  0.6683035E+01  0.1486633E+02  Si
  0.1196935E+02  0.9298426E+01  0.1464022E+02  Si
  0.1599934E+02  0.5222351E+01  0.1075459E+02  Si
  0.1890528E+02  0.7617078E+01  0.1009043E+02  Si
  0.1873005E+02  0.5250018E+01  0.1326233E+02  Si
  0.1615985E+02  0.7832079E+01  0.1344443E+02  Si
  0.1755510E+02  0.6557028E+01  0.1188773E+02  Si
  0.2730926E+02  0.1990665E+02  0.1703976E+02  Si
  0.2168639E+02  0.5483151E+01  0.1642657E+02  Si
  0.1759569E+02  0.9238341E+01  0.1476221E+02  Si
  0.6511792E+02  0.1046760E+02  0.1012888E+02  Si
  0.2705921E+01  0.1320720E+02  0.1036058E+02  Si
  0.2640095E+01  0.1084786E+02  0.1309979E+02  Si
  0.6510828E+02  0.1362578E+02  0.1296568E+02  Si
  0.1267980E+01  0.1187059E+02  0.1157118E+02  Si
  0.4290290E+01  0.1460554E+02  0.1172568E+02  Si
  0.4283437E+01  0.1211997E+02  0.1451228E+02  Si
  0.1307165E+01  0.1466201E+02  0.1438315E+02  Si
  0.5580084E+01  0.1048024E+02  0.1049112E+02  Si
  0.7993605E+01  0.1355207E+02  0.1039142E+02  Si
  0.8208841E+01  0.1060237E+02  0.1298461E+02  Si
  0.5592092E+01  0.1347587E+02  0.1314280E+02  Si
  0.7009291E+01  0.1187383E+02  0.1168613E+02  Si
  0.9576490E+01  0.1469725E+02  0.1160657E+02  Si
  0.9395365E+01  0.1189861E+02  0.1448427E+02  Si
  0.6850055E+01  0.1498314E+02  0.1421843E+02  Si
  0.1111695E+02  0.1046331E+02  0.1059115E+02  Si
  0.1392780E+02  0.1318901E+02  0.1046052E+02  Si
  0.1352801E+02  0.1070794E+02  0.1345674E+02  Si
  0.1081949E+02  0.1340965E+02  0.1311502E+02  Si
  0.1225009E+02  0.1175565E+02  0.1178714E+02  Si
  0.1529467E+02  0.1464723E+02  0.1180182E+02  Si
  0.1489254E+02  0.1216108E+02  0.1457991E+02  Si
  0.1212908E+02  0.1463814E+02  0.1439601E+02  Si
  0.1624736E+02  0.1034315E+02  0.1060491E+02  Si
  0.2273054E+02  0.8709557E+01  0.1487184E+02  Si
  0.2732551E+02  0.1379070E+02  0.1666399E+02  Si
  0.1644100E+02  0.1331068E+02  0.1330972E+02  Si
  0.1763740E+02  0.1178292E+02  0.1185781E+02  Si
  0.2042554E+02  0.2021469E+02  0.1210696E+02  Si
  0.1883803E+02  0.1621746E+02  0.1358959E+02  Si
  0.1762904E+02  0.1463268E+02  0.1465641E+02  Si
  0.9370060E-01  0.1623813E+02  0.1048881E+02  Si
  0.2680508E+01  0.1896139E+02  0.1045913E+02  Si
  0.2568595E+01  0.1601341E+02  0.1301327E+02  Si
  0.6503391E+02  0.1890844E+02  0.1300997E+02  Si
  0.1253703E+01  0.1764116E+02  0.1174290E+02  Si
  0.4259337E+01  0.2030800E+02  0.1179926E+02  Si
  0.3964177E+01  0.1758980E+02  0.1431602E+02  Si
  0.1280832E+01  0.2024103E+02  0.1425598E+02  Si
  0.5573966E+01  0.1613990E+02  0.1072011E+02  Si
  0.8594357E+01  0.1870607E+02  0.1050228E+02  Si
  0.8202036E+01  0.1608764E+02  0.1274131E+02  Si
  0.5592932E+01  0.1885359E+02  0.1319141E+02  Si
  0.7061053E+01  0.1764467E+02  0.1168207E+02  Si
  0.9782010E+01  0.2020306E+02  0.1189165E+02  Si
  0.9300859E+01  0.1747148E+02  0.1447021E+02  Si
  0.6762429E+01  0.2040306E+02  0.1470707E+02  Si
  0.1112682E+02  0.1599272E+02  0.1046467E+02  Si
  0.1384480E+02  0.1881211E+02  0.1044020E+02  Si
  0.1366140E+02  0.1585315E+02  0.1301863E+02  Si
  0.1115960E+02  0.1871669E+02  0.1302502E+02  Si
  0.1256503E+02  0.1733908E+02  0.1175332E+02  Si
  0.1499865E+02  0.1997365E+02  0.1196249E+02  Si
  0.1495496E+02  0.1723221E+02  0.1456859E+02  Si
  0.1226307E+02  0.2001970E+02  0.1465116E+02  Si
  0.1655107E+02  0.1617027E+02  0.1067543E+02  Si
  0.1895734E+02  0.1888618E+02  0.1068086E+02  Si
  0.2434810E+02  0.1551486E+02  0.1947094E+02  Si
  0.1650524E+02  0.1898813E+02  0.1384740E+02  Si
  0.1764690E+02  0.1765794E+02  0.1217084E+02  Si
  0.2247126E+02  0.1442707E+02  0.2080839E+02  Si
  0.2019268E+02  0.1442377E+02  0.1773564E+02  Si
  0.1796541E+02  0.2041233E+02  0.1515211E+02  Si
  0.1636507E+00  0.2141083E+02  0.1590595E+02  Si
  0.2629705E+01  0.2507865E+01  0.1588199E+02  Si
  0.2993890E+01  0.2106876E+02  0.1857033E+02  Si
  0.2334551E+00  0.2200305E+01  0.1849534E+02  Si
  0.1600786E+01  0.7254693E+00  0.1733871E+02  Si
  0.3997060E+01  0.3999185E+01  0.1722458E+02  Si
  0.4196097E+01  0.1026278E+01  0.1981054E+02  Si
  0.1385357E+01  0.3531244E+01  0.1985945E+02  Si
  0.5349506E+01  0.1074389E+00  0.1577116E+02  Si
  0.8046961E+01  0.2557316E+01  0.1600541E+02  Si
  0.8092588E+01  0.2152554E+02  0.1865775E+02  Si
  0.5398140E+01  0.2567106E+01  0.1875814E+02  Si
  0.6656083E+01  0.1236094E+01  0.1717184E+02  Si
  0.9418785E+01  0.3852676E+01  0.1730227E+02  Si
  0.9481003E+01  0.8790632E+00  0.2027611E+02  Si
  0.7036751E+01  0.3876106E+01  0.1996816E+02  Si
  0.1093145E+02  0.2112484E+02  0.1591473E+02  Si
  0.1326574E+02  0.2249095E+01  0.1618723E+02  Si
  0.1335661E+02  0.2112822E+02  0.1845999E+02  Si
  0.1072353E+02  0.2368612E+01  0.1887674E+02  Si
  0.1186779E+02  0.1030110E+01  0.1732482E+02  Si
  0.1453902E+02  0.3950584E+01  0.1710272E+02  Si
  0.1441281E+02  0.9478924E+00  0.1966382E+02  Si
  0.1217413E+02  0.3981442E+01  0.2021249E+02  Si
  0.1618512E+02  0.2155470E+02  0.1637207E+02  Si
  0.1889374E+02  0.2654898E+01  0.1623459E+02  Si
  0.1885621E+02  0.2153852E+02  0.1901254E+02  Si
  0.1560207E+02  0.2660856E+01  0.1872056E+02  Si
  0.1733306E+02  0.1406522E+01  0.1787011E+02  Si
  0.2020428E+02  0.3990893E+01  0.1760219E+02  Si
  0.2354518E+02  0.1623312E+01  0.2138956E+02  Si
  0.1744970E+02  0.3870043E+01  0.1988481E+02  Si
  0.6507270E+02  0.5169506E+01  0.1580931E+02  Si
  0.2592982E+01  0.7763394E+01  0.1573698E+02  Si
  0.2639344E+01  0.5130032E+01  0.1867916E+02  Si
  0.7403269E-01  0.7969464E+01  0.1868046E+02  Si
  0.1159295E+01  0.6496121E+01  0.1732231E+02  Si
  0.4079283E+01  0.9127496E+01  0.1729936E+02  Si
  0.4099147E+01  0.6206892E+01  0.2016396E+02  Si
  0.1655399E+01  0.9313796E+01  0.2012058E+02  Si
  0.5419321E+01  0.5318836E+01  0.1624814E+02  Si
  0.8151527E+01  0.8000664E+01  0.1601083E+02  Si
  0.8005540E+01  0.5561357E+01  0.1861914E+02  Si
  0.5427784E+01  0.7935568E+01  0.1873611E+02  Si
  0.6840093E+01  0.6694105E+01  0.1729336E+02  Si
  0.9499646E+01  0.9280568E+01  0.1744617E+02  Si
  0.9520491E+01  0.6508202E+01  0.2011953E+02  Si
  0.6820997E+01  0.9212755E+01  0.2017990E+02  Si
  0.1079386E+02  0.5216766E+01  0.1604448E+02  Si
  0.1338625E+02  0.8155106E+01  0.1628643E+02  Si
  0.1336109E+02  0.5279219E+01  0.1875627E+02  Si
  0.1055873E+02  0.8055936E+01  0.1874906E+02  Si
  0.1195476E+02  0.6623946E+01  0.1749890E+02  Si
  0.1493368E+02  0.9472950E+01  0.1756052E+02  Si
  0.1484693E+02  0.6695725E+01  0.1990478E+02  Si
  0.1206884E+02  0.9174792E+01  0.2023138E+02  Si
  0.1638472E+02  0.5200981E+01  0.1619207E+02  Si
  0.1898906E+02  0.8030234E+01  0.1590052E+02  Si
  0.1903162E+02  0.5272268E+01  0.1894519E+02  Si
  0.1633333E+02  0.7943914E+01  0.1863292E+02  Si
  0.1784030E+02  0.6584271E+01  0.1732698E+02  Si
  0.2690459E+02  0.1701328E+02  0.7037655E+01  Si
  0.2046570E+02  0.6618340E+01  0.2044301E+02  Si
  0.1769856E+02  0.9225074E+01  0.2021788E+02  Si
  0.6509364E+02  0.1069311E+02  0.1574903E+02  Si
  0.2847595E+01  0.1356706E+02  0.1602827E+02  Si
  0.2484360E+01  0.1045978E+02  0.1844401E+02  Si
  0.6506326E+02  0.1334827E+02  0.1847807E+02  Si
  0.1391848E+01  0.1198926E+02  0.1716295E+02  Si
  0.4113080E+01  0.1493605E+02  0.1720065E+02  Si
  0.3482180E+01  0.1192133E+02  0.1992680E+02  Si
  0.1163186E+01  0.1489788E+02  0.1987170E+02  Si
  0.5308804E+01  0.1040421E+02  0.1589842E+02  Si
  0.8025837E+01  0.1339592E+02  0.1566171E+02  Si
  0.8013446E+01  0.1068827E+02  0.1866170E+02  Si
  0.5180405E+01  0.1316905E+02  0.1860631E+02  Si
  0.6547969E+01  0.1196427E+02  0.1713452E+02  Si
  0.9311374E+01  0.1465096E+02  0.1724705E+02  Si
  0.9291446E+01  0.1206888E+02  0.1975554E+02  Si
  0.6594375E+01  0.1463525E+02  0.1985031E+02  Si
  0.1069862E+02  0.1063350E+02  0.1599810E+02  Si
  0.1354811E+02  0.1336694E+02  0.1580779E+02  Si
  0.1328016E+02  0.1050814E+02  0.1895680E+02  Si
  0.1076753E+02  0.1342220E+02  0.1839997E+02  Si
  0.1210246E+02  0.1200743E+02  0.1722966E+02  Si
  0.1483576E+02  0.1464360E+02  0.1730226E+02  Si
  0.1480753E+02  0.1198815E+02  0.2019878E+02  Si
  0.1190614E+02  0.1490486E+02  0.2005157E+02  Si
  0.1620806E+02  0.1069501E+02  0.1606266E+02  Si
  0.1895945E+02  0.1335282E+02  0.1582818E+02  Si
  0.1888180E+02  0.1057871E+02  0.1868841E+02  Si
  0.1622977E+02  0.1344862E+02  0.1877013E+02  Si
  0.1757079E+02  0.1210909E+02  0.1735853E+02  Si
  0.2042689E+02  0.1727364E+02  0.1510563E+02  Si
  0.2829791E+02  0.2228355E+01  0.1850153E+02  Si
  0.1772643E+02  0.1452008E+02  0.2005787E+02  Si
  0.6507827E+02  0.1596677E+02  0.1596999E+02  Si
  0.2680195E+01  0.1905602E+02  0.1553771E+02  Si
  0.2581955E+01  0.1634281E+02  0.1853521E+02  Si
  0.2864454E-01  0.1893288E+02  0.1846667E+02  Si
  0.1335425E+01  0.1769766E+02  0.1694020E+02  Si
  0.4122910E+01  0.2014810E+02  0.1682165E+02  Si
  0.3868552E+01  0.1788626E+02  0.1983266E+02  Si
  0.1473218E+01  0.2027031E+02  0.2003740E+02  Si
  0.5454878E+01  0.1604683E+02  0.1551321E+02  Si
  0.7794768E+01  0.1855535E+02  0.1591153E+02  Si
  0.7997395E+01  0.1611840E+02  0.1869461E+02  Si
  0.5530926E+01  0.1904999E+02  0.1841017E+02  Si
  0.6580650E+01  0.1732325E+02  0.1723452E+02  Si
  0.9227296E+01  0.2003508E+02  0.1724701E+02  Si
  0.9405797E+01  0.1736899E+02  0.1984788E+02  Si
  0.6847532E+01  0.2004992E+02  0.2018448E+02  Si
  0.1075952E+02  0.1591911E+02  0.1597272E+02  Si
  0.1374996E+02  0.1865480E+02  0.1608829E+02  Si
  0.1350282E+02  0.1601838E+02  0.1859604E+02  Si
  0.1069406E+02  0.1872298E+02  0.1832416E+02  Si
  0.1212089E+02  0.1737701E+02  0.1726710E+02  Si
  0.1486306E+02  0.2000142E+02  0.1739292E+02  Si
  0.1467205E+02  0.1753354E+02  0.2003830E+02  Si
  0.1206967E+02  0.2008716E+02  0.2000943E+02  Si
  0.1630469E+02  0.1598822E+02  0.1621206E+02  Si
  0.1882470E+02  0.1854641E+02  0.1589685E+02  Si
  0.1892999E+02  0.1608744E+02  0.1895215E+02  Si
  0.1619449E+02  0.1915779E+02  0.1909833E+02  Si
  0.1751924E+02  0.1761160E+02  0.1779758E+02  Si
  0.2196073E+02  0.1674616E+02  0.2128641E+02  Si
  0.2988081E+02  0.1345200E+02  0.2093439E+02  Si
  0.1738000E+02  0.2069525E+02  0.2040972E+02  Si
  0.3538462E+02  0.2037307E+01  0.2043371E+02  Si
  0.2040765E+02  0.1165540E+02  0.9449432E+01  Si
  0.3131343E+02  0.1267299E+02  0.1886338E+01  Si
  0.2035221E+02  0.6115910E+01  0.9159406E+01  Si
  0.3469113E+02  0.8956334E+01  0.1155101E+02  Si
  0.2812248E+02  0.1051247E+02  0.1336718E+02  Si
  0.3354801E+02  0.1373502E+02  0.1062583E+02  Si
  0.1886777E+02  0.2144772E+02  0.1328382E+02  Si
  0.2476749E+02  0.1822976E+02  0.7492020E+01  Si
  0.3692812E+02  0.1245418E+02  0.1093764E+02  Si
  0.2661428E+02  0.2770733E+01  0.2157974E+01  Si
  0.4338933E+02  0.2539917E+01  0.1867429E+02  Si
  0.3542984E+02  0.1938277E+02  0.7645564E+01  Si
  0.3678400E+02  0.1184674E+01  0.8503072E+00  Si
  0.3794343E+02  0.1632241E+02  0.1583252E+02  Si
  0.3808153E+02  0.2115526E+02  0.5346225E+01  Si
  0.2065763E+02  0.1558485E+02  0.1075512E+01  Si
  0.2587523E+02  0.9281835E+01  0.1284725E+02  Si
  0.3074460E+02  0.1023652E+02  0.2111855E+02  Si
  0.3194089E+02  0.5691495E+01  0.1344750E+02  Si
  0.2528692E+02  0.4254453E+01  0.9951559E+01  Si
  0.3396472E+02  0.6755610E+01  0.1546658E+02  Si
  0.4049971E+02  0.5188292E+01  0.1892122E+02  Si
  0.2789743E+02  0.1250241E+02  0.4460243E+01  Si
  0.2283973E+02  0.1570773E+02  0.2428327E+01  Si
  0.4211089E+02  0.1193536E+02  0.3593042E+01  Si
  0.2971331E+02  0.6116627E+01  0.6841505E+01  Si
  0.2721185E+02  0.1753962E+02  0.4614051E+01  Si
  0.4083868E+02  0.8065523E+01  0.5098327E+01  Si
  0.2345386E+02  0.2013720E+02  0.9992255E+01  Si
  0.3603245E+02  0.8729963E+01  0.2121563E+02  Si
  0.4194600E+02  0.6606264E+01  0.3476336E+01  Si
  0.2673357E+02  0.3674884E+01  0.1678676E+02  Si
  0.2573130E+02  0.1075540E+02  0.8335503E+01  Si
  0.2621303E+02  0.1364802E+02  0.1467518E+02  Si
  0.3284619E+02  0.1018897E+01  0.4797932E+01  Si
  0.2293074E+02  0.7141080E+01  0.6106711E+01  Si
  0.2162503E+02  0.1562534E+02  0.1611187E+02  Si
  0.3430431E+02  0.4704454E+01  0.1415551E+02  Si
  0.3118151E+02  0.2168832E+01  0.2165370E+02  Si
  0.2309848E+02  0.1427982E+02  0.1463158E+02  Si
  0.2687040E+02  0.1184772E+02  0.6436903E+01  Si
  0.3194044E+02  0.1080357E+02  0.1764005E+02  Si
  0.2722434E+02  0.7587169E+01  0.1276710E+01  Si
  0.3491435E+02  0.2120901E+02  0.5255263E+01  Si
  0.3573505E+02  0.9650636E+01  0.1373342E+02  Si
  0.3897328E+02  0.1479059E+02  0.2001411E+02  Si
  0.2065276E+02  0.1767256E+02  0.9293178E+01  Si
  0.3919282E+02  0.1434430E+01  0.1704290E+02  Si
  0.2272373E+02  0.1931858E+02  0.1620915E+02  Si
  0.3441253E+02  0.1287116E+02  0.1476619E+02  Si
  0.4058688E+02  0.2185126E+01  0.2152751E+02  Si
  0.2686210E+02  0.7519357E+01  0.1825182E+02  Si
  0.3244654E+02  0.8494834E+01  0.9345403E+01  Si
  0.3734803E+02  0.4532208E+01  0.7250588E+01  Si
  0.2360164E+02  0.1076796E+02  0.5819635E+01  Si
  0.2954555E+02  0.1610503E+01  0.4035188E+01  Si
  0.2915281E+02  0.1536836E+01  0.2051137E+02  Si
  0.2975823E+02  0.2429709E+01  0.1661104E+02  Si
  0.4201846E+02  0.3789778E+01  0.9556285E+00  Si
  0.3049491E+02  0.1197521E+02  0.6182512E+01  Si
  0.3344460E+02  0.5658571E+01  0.6922432E+01  Si
  0.4076933E+02  0.8064067E+01  0.1101517E+02  Si
  0.2188589E+02  0.3897014E+01  0.3393658E+01  Si
  0.2898762E+02  0.7337886E+01  0.1716217E+02  Si
  0.2725933E+02  0.4972027E+01  0.2093327E+02  Si
  0.3320829E+02  0.1792104E+01  0.1151954E+01  Si
  0.3162196E+02  0.1622861E+02  0.8278927E+01  Si
  0.2143400E+02  0.1066745E+02  0.1590168E+02  Si
  0.2485634E+02  0.5086250E+01  0.1659615E+02  Si
  0.3476219E+02  0.2089797E+00  0.2335409E+01  Si
  0.2052141E+02  0.2046566E+02  0.1287938E+01  Si
  0.2150714E+02  0.4697485E+01  0.1081906E+02  Si
  0.2709866E+02  0.8985666E+01  0.3562079E+01  Si
  0.2660085E+02  0.1361949E+02  0.9993609E+01  Si
  0.2262110E+02  0.6055083E+01  0.1210274E+02  Si
  0.4070140E+02  0.1362533E+02  0.1579646E+02  Si
  0.2417979E+02  0.2722799E+01  0.1862059E+01  Si
  0.2827647E+02  0.4244164E+01  0.1505909E+02  Si
  0.3493291E+02  0.3288235E+01  0.4852765E+00  Si
  0.2000943E+02  0.1477333E+02  0.1210648E+02  Si
  0.2697277E+02  0.1392243E+02  0.7581301E+01  Si
  0.3027402E+02  0.1211267E+02  0.1887185E+02  Si
  0.3535632E+02  0.9534494E+01  0.1921565E+02  Si
  0.2276501E+02  0.2010089E+02  0.2006976E+02  Si
  0.2212488E+02  0.1943462E+02  0.3000050E+01  Si
  0.3767618E+02  0.8185482E+01  0.1351290E+02  Si
  0.2957102E+02  0.1395840E+02  0.5099854E+01  Si
  0.3940982E+02  0.2008595E+02  0.3725471E+01  Si
  0.2729317E+02  0.1849452E+02  0.1218024E+02  Si
  0.3554113E+02  0.1173082E+02  0.5995478E+01  Si
  0.3768609E+02  0.1147612E+02  0.8886662E+01  Si
  0.3645410E+02  0.8855135E+01  0.1704589E+02  Si
  0.4231354E+02  0.1769300E+02  0.2003491E+02  Si
  0.3490770E+02  0.1431489E+02  0.1285834E+02  Si
  0.3633910E+02  0.1583494E+02  0.6663162E+01  Si
  0.3372034E+02  0.1238090E+02  0.1816588E+02  Si
  0.2752485E+02  0.1812790E+02  0.9981024E+00  Si
  0.2384018E+02  0.1551778E+02  0.4746046E+01  Si
  0.3228452E+02  0.1557834E+02  0.5913354E+01  Si
  0.3767720E+02  0.1643514E+02  0.2122557E+02  Si
  0.2333346E+02  0.9086998E+01  0.2058551E+02  Si
  0.3309592E+02  0.1012593E+02  0.7551831E+01  Si
  0.3621181E+02  0.8288145E+00  0.1295918E+02  Si
  0.3478603E+02  0.1776815E+02  0.9281890E+01  Si
  0.3956497E+02  0.1996940E+02  0.1429365E+02  Si
  0.2721674E+02  0.2885612E+00  0.1573621E+02  Si
  0.2602764E+02  0.1404965E+02  0.3074020E+01  Si
  0.2562697E+02  0.2021587E+02  0.1522233E+02  Si
  0.2436033E+02  0.8620038E+01  0.1686071E+02  Si
  0.3371675E+02  0.1093984E+01  0.1166960E+02  Si
  0.3951377E+02  0.9561073E+01  0.1413253E+02  Si
  0.3227163E+02  0.1401977E+02  0.1713469E+02  Si
  0.4214633E+02  0.1183863E+01  0.3504720E+01  Si
  0.4083419E+02  0.1889456E+02  0.1606886E+02  Si
  0.3201326E+02  0.6798984E+00  0.1437182E+02  Si
  0.2955268E+02  0.1570856E+02  0.1103163E+02  Si
  0.4238833E+02  0.2019770E+02  0.1218996E+02  Si
  0.2422185E+02  0.1238428E+02  0.1533187E+02  Si
  0.2928912E+02  0.1438270E+02  0.7542214E+01  Si
  0.2290757E+02  0.1170864E+02  0.1739633E+02  Si
  0.4083697E+02  0.1060700E+02  0.1843809E+02  Si
  0.4090201E+02  0.1639395E+02  0.2127288E+01  Si
  0.3913160E+02  0.3847469E+01  0.3559574E+01  Si
  0.4087038E+02  0.1620429E+02  0.1893051E+02  Si
  0.2812778E+02  0.6913563E+01  0.1032909E+02  Si
  0.2285768E+02  0.3705229E+01  0.2063049E+02  Si
  0.3929661E+02  0.7065076E+00  0.1061019E+01  Si
  0.3603897E+02  0.1119294E+02  0.1538117E+02  Si
  0.3204416E+02  0.1214791E+02  0.1541968E+02  Si
  0.2834407E+02  0.1092331E+02  0.3002781E+01  Si
  0.2591177E+02  0.6712609E+01  0.3415594E+01  Si
  0.3104018E+02  0.1982622E+02  0.1167772E+02  Si
  0.2071265E+02  0.2046046E+02  0.6809926E+01  Si
  0.1920369E+02  0.1890849E+02  0.5444492E+01  Si
  0.4048815E+02  0.7714105E+01  0.1592222E+02  Si
  0.2895259E+02  0.1747928E+02  0.1555071E+02  Si
  0.2012598E+02  0.6486775E+01  0.1498610E+02  Si
  0.4221316E+02  0.1487616E+02  0.1041497E+01  Si
  0.2739373E+02  0.1620680E+02  0.2140908E+02  Si
  0.3952878E+02  0.1949178E+02  0.1920777E+02  Si
  0.4359747E+02  0.1362886E+02  0.1863290E+02  Si
  0.1978533E+02  0.2015883E+02  0.1761366E+02  Si
  0.3928593E+02  0.3582230E+01  0.1452992E+02  Si
  0.2989646E+02  0.1174010E+02  0.1413484E+02  Si
  0.3455635E+02  0.3178202E+01  0.1859161E+02  Si
  0.3097792E+02  0.1880707E+02  0.1617040E+02  Si
  0.3576247E+02  0.1331118E+02  0.4095266E+01  Si
  0.2905326E+02  0.1513799E+02  0.1546234E+02  Si
  0.2135654E+02  0.2689797E+01  0.1910712E+02  Si
  0.2139792E+02  0.5462650E+01  0.5225063E+01  Si
  0.3103792E+02  0.5235966E+01  0.9822913E+01  Si
  0.2969525E+02  0.1541552E+02  0.4261566E+00  Si
  0.4071795E+02  0.1072669E+02  0.7675402E+01  Si
  0.2421358E+02  0.1342437E+02  0.1101606E+02  Si
  0.3598957E+02  0.1767034E+02  0.1629323E+02  Si
  0.4200079E+02  0.6620548E+01  0.2013602E+02  Si
  0.4062586E+02  0.1293252E+02  0.1056986E+02  Si
  0.3934222E+02  0.6750736E+01  0.6514851E+01  Si
  0.2632248E+02  0.1050997E+02  0.1077474E+02  Si
  0.4093331E+02  0.2153655E+02  0.7724290E+01  Si
  0.2169830E+02  0.1039065E+00  0.2149985E+02  Si
  0.2151496E+02  0.1292753E+02  0.1283012E+02  Si
  0.2047655E+02  0.1210916E+02  0.3773660E+01  Si
  0.2073467E+02  0.1334352E+02  0.1641920E+01  Si
  0.3277691E+02  0.1687110E+02  0.2356243E+01  Si
  0.2049522E+02  0.1821418E+01  0.3575808E+01  Si
  0.2820760E+02  0.2097227E+02  0.6457102E+01  Si
  0.2268574E+02  0.8764756E+01  0.4381796E+01  Si
  0.2012959E+02  0.1180095E+01  0.2039365E+02  Si
  0.3440931E+02  0.9100465E+01  0.1208183E+01  Si
  0.2155972E+02  0.7692104E+01  0.7949424E+01  Si
  0.2266017E+02  0.1666987E+02  0.1784052E+02  Si
  0.2889279E+02  0.8298137E+01  0.2151386E+02  Si
  0.3565185E+02  0.1965586E+02  0.1738367E+01  Si
  0.2774714E+02  0.1906625E+02  0.8043072E+01  Si
  0.3256154E+02  0.5833704E+01  0.1380506E+00  Si
  0.3808581E+02  0.5414540E+01  0.5214529E+01  Si
  0.3781003E+02  0.1983029E+02  0.7231856E+01  Si
  0.4079498E+02  0.1883024E+02  0.1038054E+02  Si
  0.2460315E+02  0.1424881E+02  0.6614679E+01  Si
  0.3508595E+02  0.1195338E+02  0.1245026E+02  Si
  0.2008373E+02  0.9239245E+01  0.6642239E+01  Si
  0.4066135E+02  0.5405627E+01  0.7537915E+01  Si
  0.3708918E+02  0.1547264E+02  0.1799451E+02  Si
  0.3850268E+02  0.1860865E+02  0.1298273E+02  Si
  0.3499937E+02  0.1428625E+02  0.1856716E+02  Si
  0.3301833E+02  0.1198947E+02  0.5855610E+01  Si
  0.2170221E+02  0.2169451E+02  0.1080149E+02  Si
  0.1915294E+02  0.1350737E+02  0.5471599E+01  Si
  0.3511023E+02  0.4110433E+01  0.5980491E+01  Si
  0.2406951E+02  0.1055050E+02  0.1381846E+02  Si
  0.3693427E+02  0.9649495E+01  0.6078089E+01  Si
  0.2881704E+02  0.8480327E+01  0.1515907E+02  Si
  0.3836254E+02  0.2596838E+01  0.7921308E+01  Si
  0.3397141E+02  0.1189123E+02  0.2044975E+02  Si
  0.3338647E+02  0.1833828E+02  0.1583207E+02  Si
  0.3009835E+02  0.1401607E+02  0.1361113E+02  Si
  0.4218276E+02  0.9123332E+01  0.9342663E+00  Si
  0.2726214E+02  0.1910328E+01  0.3248676E-02  Si
  0.2824078E+02  0.5794354E+00  0.1349093E+02  Si
  0.3052106E+02  0.1554400E+02  0.1719001E+02  Si
  0.2034630E+02  0.1770286E+02  0.3889503E+01  Si
  0.2762137E+02  0.7068441E+01  0.6010283E+01  Si
  0.2258225E+02  0.1290836E+02  0.9414421E+01  Si
  0.2323450E+02  0.3513253E+01  0.9691476E+01  Si
  0.4224685E+02  0.2031302E+02  0.9333650E+00  Si
  0.4204740E+02  0.1718958E+02  0.9055039E+01  Si
  0.2383198E+02  0.1806220E+02  0.2123829E+02  Si
  0.2620407E+02  0.3687341E+01  0.4323198E+01  Si
  0.3916199E+02  0.1227257E+02  0.6458323E+01  Si
  0.3297964E+02  0.1573134E+02  0.1932804E+02  Si
  0.3816786E+02  0.1048133E+02  0.1602006E+02  Si
  0.3922308E+02  0.3783960E+01  0.2021118E+02  Si
  0.3402741E+02  0.1236371E+01  0.1595480E+02  Si
  0.2569687E+02  0.2072584E+02  0.3258113E+01  Si
  0.3214821E+02  0.1918957E+02  0.8432846E+01  Si
  0.4184119E+02  0.4285620E+01  0.1189257E+02  Si
  0.2951695E+02  0.4900767E+01  0.2030822E+02  Si
  0.4203366E+02  0.9382410E+01  0.6243697E+01  Si
  0.3979378E+02  0.1680466E+02  0.5348142E+01  Si
  0.4216819E+02  0.9020081E+01  0.1715748E+02  Si
  0.3339261E+02  0.2461903E+01  0.1384783E+02  Si
  0.3085024E+02  0.7720210E+01  0.2799902E+01  Si
  0.3981679E+02  0.1707363E+02  0.1159594E+02  Si
  0.2538335E+02  0.2728844E+01  0.6482280E+01  Si
  0.2937863E+02  0.2128928E+02  0.2922024E+01  Si
  0.2349285E+02  0.2138545E+02  0.1685246E+02  Si
  0.2906146E+02  0.1854703E+02  0.1348011E+02  Si
  0.3172076E+02  0.2167498E+02  0.2092149E+02  Si
  0.2616102E+02  0.1426276E+02  0.1869709E+02  Si
  0.2625743E+02  0.8007021E+01  0.1079478E+02  Si
  0.3020323E+02  0.7422946E+01  0.9012285E+01  Si
  0.2991300E+02  0.1024117E+02  0.4614029E+01  Si
  0.2181820E+02  0.8181724E+01  0.1901934E+02  Si
  0.2945673E+02  0.1806972E+02  0.4599094E+01  Si
  0.4165551E+02  0.6652862E+01  0.9336000E+01  Si
  0.2600324E+02  0.1181767E+02  0.1945074E+02  Si
  0.2934029E+02  0.1170320E+02  0.6895821E+00  Si
  0.2939954E+02  0.9465650E+01  0.8509608E+01  Si
  0.2779743E+02  0.6381199E+01  0.1445580E+02  Si
  0.3479963E+02  0.1952468E+02  0.2149542E+02  Si
  0.3850769E+02  0.1074251E+02  0.4651933E+01  Si
  0.3922498E+02  0.1488012E+02  0.1421425E+02  Si
  0.2427161E+02  0.2041063E+02  0.6584965E+01  Si
  0.3443618E+02  0.1704483E+02  0.4103582E+01  Si
  0.2880107E+02  0.1016763E+02  0.1086184E+02  Si
  0.4038492E+02  0.6066543E-02  0.1857944E+02  Si
  0.2428530E+02  0.4642245E+01  0.2979663E+01  Si
  0.3372529E+02  0.1503831E+02  0.1194223E+01  Si
  0.3203195E+02  0.1964139E+02  0.1831449E+02  Si
  0.3530178E+02  0.8455309E+01  0.4465058E+01  Si
  0.4066862E+02  0.1329127E+02  0.4941958E+01  Si
  0.3787662E+02  0.8019808E+01  0.1872440E+02  Si
  0.4235051E+02  0.9647272E+01  0.1195561E+02  Si
  0.4073071E+02  0.2721020E+01  0.1612459E+02  Si
  0.3404228E+02  0.1040907E+02  0.3709326E+01  Si
  0.3956556E+02  0.2005689E+02  0.8822475E+01  Si
  0.3741950E+02  0.1437246E+02  0.1245807E+02  Si
  0.2007222E+02  0.8630135E+01  0.1194545E+02  Si
  0.2167167E+02  0.1302537E+02  0.1899321E+02  Si
  0.2782922E+02  0.5389105E+01  0.4120363E+01  Si
  0.3213247E+02  0.5416941E+01  0.1611701E+02  Si
  0.3411394E+02  0.3462833E+01  0.9726921E+01  Si
  0.2146499E+02  0.1569859E+02  0.4647191E+01  Si
  0.2113845E+02  0.1042066E+02  0.5089718E+01  Si
  0.3952927E+02  0.1042124E+01  0.6402831E+01  Si
  0.2137565E+02  0.1867193E+01  0.7155962E+01  Si
  0.2137160E+02  0.2676975E+01  0.1392625E+02  Si
  0.2988420E+02  0.1447909E+02  0.2761248E+01  Si
  0.3815282E+02  0.2128599E+02  0.1036691E+02  Si
  0.2616441E+02  0.1444995E+02  0.6551561E+00  Si
  0.4195422E+02  0.2003983E+02  0.6418932E+01  Si
  0.3498230E+02  0.1156530E+02  0.1725665E+01  Si
  0.2676893E+02  0.1810576E+02  0.1577107E+02  Si
  0.3815339E+02  0.1567429E+02  0.1062081E+02  Si
  0.2382042E+02  0.1361059E+02  0.3313784E+01  Si
  0.2927410E+02  0.1005749E+02  0.1947659E+02  Si
  0.3723343E+02  0.6278088E+01  0.8844038E+01  Si
  0.4095702E+02  0.6213812E-01  0.1326893E+02  Si
  0.3778606E+02  0.1117582E+02  0.2059768E+02  Si
  0.3602385E+02  0.1270183E+02  0.2159311E+02  Si
  0.4097603E+02  0.2142130E+02  0.2411783E+01  Si
  0.3326603E+02  0.7926515E+01  0.2940800E+01  Si
  0.3730037E+02  0.1513228E+02  0.3034232E+01  Si
  0.2330187E+02  0.6468024E+01  0.1550980E+01  Si
  0.3145029E+02  0.2173038E+01  0.1246589E+02  Si
  0.3950977E+02  0.1187176E+02  0.1719848E+02  Si
  0.2583144E+02  0.1840447E+02  0.2536976E+01  Si
  0.3815989E+02  0.1840131E+01  0.2775128E+01  Si
  0.3369212E+02  0.1575276E+02  0.8912349E+01  Si
  0.3633514E+02  0.1727325E+02  0.2587239E+01  Si
  0.3922486E+02  0.6803337E+01  0.1211306E+02  Si
  0.2552222E+02  0.1427187E+01  0.2022718E+02  Si
  0.2345185E+02  0.1268813E+01  0.1505775E+02  Si
  0.3619922E+02  0.1520013E+02  0.8604755E+00  Si
  0.3081207E+02  0.8030176E+00  0.5896926E+01  Si
  0.3814487E+02  0.4950766E+01  0.1593758E+02  Si
  0.4070645E+02  0.2520298E+01  0.1063112E+02  Si
  0.2422642E+02  0.4445523E+01  0.1346752E+02  Si
  0.4200799E+02  0.2033531E+02  0.1740632E+02  Si
  0.4070449E+02  0.5314652E+01  0.1345321E+02  Si
  0.2416906E+02  0.4609440E+01  0.1884365E+02  Si
  0.4214854E+02  0.1207658E+02  0.8980755E+01  Si
  0.3931048E+02  0.6475847E+01  0.1765538E+02  Si
  0.3452533E+02  0.1217902E+02  0.7960705E+01  Si
  0.3271527E+02  0.1670980E+01  0.1791847E+02  Si
  0.2596183E+02  0.1586000E+02  0.9045384E+01  Si
  0.2135405E+02  0.3003760E+00  0.5144046E+01  Si
  0.1899661E+02  0.1333093E+02  0.1051889E+02  Si
  0.4230102E+02  0.1757986E+02  0.3480982E+01  Si
  0.4220711E+02  0.1745999E+02  0.1462449E+02  Si
  0.3698889E+02  0.1700956E+02  0.8938292E+01  Si
  0.3724671E+02  0.6658879E+01  0.2078944E+02  Si
  0.3144040E+02  0.3626553E+01  0.1756636E+02  Si
  0.2274569E+02  0.1307022E+01  0.1254071E+02  Si
  0.2307399E+02  0.3542815E+01  0.1541823E+02  Si
  0.4075158E+02  0.1069293E+02  0.2201726E+01  Si
  0.3059602E+02  0.5781881E+01  0.4669426E+01  Si
  0.4111637E+02  0.1599000E+02  0.1308125E+02  Si
  0.2918620E+02  0.8115603E+01  0.4651554E+01  Si
  0.2817620E+02  0.2122453E+02  0.9027319E+01  Si
  0.2506124E+02  0.6616867E+01  0.6708262E+01  Si
  0.2051109E+02  0.3883304E+01  0.1338095E+01  Si
  0.3351425E+02  0.1916672E+02  0.4957519E+01  Si
  0.3703633E+02  0.3754614E+01  0.1224361E+02  Si
  0.3394127E+02  0.1880791E+02  0.1338312E+02  Si
  0.3813538E+02  0.7998440E+01  0.2402959E+01  Si
  0.1860030E+02  0.5042869E+01  0.7940675E+01  Si
  0.2468821E+02  0.1335089E+02  0.2077568E+02  Si
  0.3316499E+02  0.2130419E+02  0.1931604E+02  Si
  0.3682467E+02  0.7224565E+01  0.1540505E+02  Si
  0.3526914E+02  0.1866597E+02  0.1135296E+02  Si
  0.2457541E+02  0.1782369E+02  0.1697891E+02  Si
  0.2576405E+02  0.6328483E+01  0.2005904E+02  Si
  0.2603220E+02  0.7041076E+01  0.1597806E+02  Si
  0.3101525E+02  0.9407998E+01  0.1460056E+02  Si
  0.2752943E+02  0.9560567E+01  0.7111059E+01  Si
  0.3252327E+02  0.1438072E+02  0.1468843E+02  Si
  0.2203133E+02  0.1063967E+02  0.7883585E-01  Si
  0.3778167E+02  0.1355389E+02  0.7919596E+01  Si
  0.2783344E+02  0.4844348E+01  0.1803747E+01  Si
  0.2826471E+02  0.4640535E+01  0.1105806E+02  Si
  0.2809375E+02  0.1402313E+02  0.1210565E+02  Si
  0.3432453E+02  0.1492751E+02  0.5461911E+01  Si
  0.3925376E+02  0.6561366E+01  0.7285091E+00  Si
  0.2139813E+02  0.7317290E+01  0.1334619E+02  Si
  0.4210025E+02  0.1468365E+02  0.6119180E+01  Si
  0.3529305E+02  0.9395811E+01  0.8086704E+01  Si
  0.3562467E+02  0.2036679E+02  0.1406778E+02  Si
  0.3532316E+02  0.2142208E+02  0.2031894E+02  Si
  0.2372926E+02  0.2073098E+01  0.7828301E+01  Si
  0.2404907E+02  0.7290552E+01  0.1072273E+02  Si
  0.3522306E+02  0.2323542E+00  0.7536265E+01  Si
  0.3219229E+02  0.1728259E+02  0.1756065E+02  Si
  0.3276002E+02  0.2757214E+01  0.3367677E+01  Si
  0.3039456E+02  0.1394454E+02  0.9559858E+01  Si
  0.3406064E+02  0.2048826E+02  0.1586932E+02  Si
  0.3025368E+02  0.2158692E+02  0.1017498E+02  Si
  0.3077085E+02  0.1105026E+02  0.1189806E+02  Si
  0.2767562E+02  0.1092805E+02  0.2097511E+02  Si
  0.3130314E+02  0.2133776E+02  0.7951749E+01  Si
  0.2611041E+02  0.1185752E+02  0.1313018E+02  Si
  0.2034405E+02  0.9254337E+01  0.1738402E+02  Si
  0.4078108E+02  0.1861466E+02  0.5130078E+01  Si
  0.3431972E+02  0.7089275E+01  0.8599905E+01  Si
  0.3211510E+02  0.4052729E+01  0.7964258E+01  Si
  0.2395111E+02  0.5810332E+01  0.8829402E+01  Si
  0.3261379E+02  0.1858752E+02  0.5510516E+00  Si
  0.3981867E+02  0.4199824E+01  0.9092984E+01  Si
  0.3646423E+02  0.2053645E+02  0.1647657E+02  Si
  0.3115513E+02  0.2047299E+02  0.1450803E+01  Si
  0.3792976E+02  0.1955510E+01  0.1357310E+02  Si
  0.3745098E+02  0.1899843E+02  0.1791305E+02  Si
  0.2727913E+02  0.4309275E+00  0.1971631E+01  Si
  0.3749672E+02  0.1007002E+02  0.1006681E+01  Si
  0.3836576E+02  0.5210951E+01  0.1072620E+02  Si
  0.3892726E+02  0.1319370E+02  0.2685058E+01  Si
  0.2136704E+02  0.1684414E+02  0.1127369E+02  Si
  0.4046325E+02  0.5207609E+01  0.2227685E+01  Si
  0.3353471E+02  0.6625873E+01  0.1788640E+02  Si
  0.3572800E+02  0.1769912E+02  0.2066906E+02  Si
  0.3680094E+02  0.1157152E+01  0.9102999E+01  Si
  0.4222880E+02  0.1060908E+01  0.9243427E+01  Si
  0.2016449E+02  0.1192889E+02  0.1441379E+02  Si
  0.2620646E+02  0.1994674E+02  0.1911089E+02  Si
  0.2210079E+02  0.1892313E+02  0.8278622E+01  Si
  0.2629476E+02  0.1273847E+00  0.1000015E+02  Si
  0.3109193E+02  0.1635534E+02  0.3715127E+01  Si
  0.3062007E+02  0.6945842E+01  0.1519086E+02  Si
  0.2431817E+02  0.2476121E+01  0.1191434E+02  Si
  0.2831963E+02  0.3351639E+01  0.5500638E+01  Si
  0.4210768E+02  0.4089653E+01  0.6148315E+01  Si
  0.3304660E+02  0.8863011E+01  0.1868685E+02  Si
  0.3182955E+02  0.7983754E+01  0.2053203E+02  Si
  0.2488421E+02  0.7777448E+01  0.2157440E+00  Si
  0.3940471E+02  0.1459141E+02  0.9052153E+01  Si
  0.2147317E+02  0.9962479E+01  0.1072320E+02  Si
  0.2579008E+02  0.8233210E+01  0.8410996E+01  Si
  0.3392393E+02  0.5146435E+01  0.1981418E+02  Si
  0.2892994E+02  0.6972711E+01  0.1961608E+02  Si
  0.3562072E+02  0.1440648E+02  0.8229972E+01  Si
  0.2741029E+02  0.1975912E+02  0.2094165E+02  Si
  0.3548487E+02  0.1087927E+02  0.9909947E+01  Si
  0.3969466E+02  0.1522837E+02  0.3558831E+01  Si
  0.3192003E+02  0.1793892E+02  0.6310470E+01  Si
  0.4080276E+02  0.2649572E+01  0.4899545E+01  Si
  0.3220824E+02  0.9374283E+01  0.1155013E+02  Si
  0.2711857E+02  0.1628847E+02  0.1120911E+02  Si
  0.3147280E+02  0.1681099E+02  0.2101039E+02  Si
  0.3029268E+02  0.6451895E+01  0.8877997E+00  Si
  0.2952891E+02  0.4113519E+01  0.8138510E+01  Si
  0.3058804E+02  0.3697170E+01  0.3215603E+01  Si
  0.4202747E+02  0.1229056E+01  0.1472809E+02  Si
  0.4066964E+02  0.1584636E+02  0.7657166E+01  Si
  0.2495357E+02  0.1539684E+02  0.1333203E+02  Si
  0.2666125E+02  0.4458520E+01  0.1296767E+02  Si
  0.3744454E+02  0.3023963E+01  0.1674871E+02  Si
  0.3000102E+02  0.2040538E+02  0.5040405E+01  Si
  0.2314327E+02  0.1655618E+01  0.3808867E+01  Si
  0.3051556E+02  0.4442281E+01  0.1217024E+02  Si
  0.2644939E+02  0.2085620E+02  0.1226323E+02  Si
  0.3725409E+02  0.1986971E+02  0.2020398E+02  Si
  0.2064629E+02  0.1492399E+02  0.6379655E+01  Si
  0.3279231E+02  0.2100569E+02  0.3205051E+01  Si
  0.3217755E+02  0.1327837E+02  0.2155882E+02  Si
  0.2294846E+02  0.1145525E+02  0.1198776E+02  Si
  0.2257690E+02  0.1472776E+02  0.7934191E+01  Si
  0.3128214E+02  0.1794841E+02  0.1005754E+02  Si
  0.4184792E+02  0.1207165E+02  0.1464675E+02  Si
  0.3962980E+02  0.9195238E+01  0.3496060E+01  Si
  0.3828131E+02  0.2169280E+02  0.1555086E+02  Si
  0.3692587E+02  0.2037435E+02  0.1206628E+02  Si
  0.4222190E+02  0.6730483E+01  0.1456163E+02  Si
  0.3709299E+02  0.4323656E+01  0.2132590E+02  Si
  0.3688097E+02  0.6455689E+01  0.3730076E+01  Si
  0.3945203E+02  0.9373129E+01  0.9272495E+01  Si
  0.2444849E+02  0.2146534E+02  0.1906964E+02  Si
  0.2735277E+02  0.1708056E+01  0.6763370E+01  Si
  0.3237083E+02  0.1460328E+01  0.9624141E+01  Si
  0.3938117E+02  0.1074975E+01  0.1192041E+02  Si
  0.3076555E+02  0.1718407E+02  0.1228141E+02  Si
  0.3935096E+02  0.9324486E+01  0.1979620E+02  Si
  0.2719055E+02  0.1017729E+02  0.1833998E+02  Si
  0.2921978E+02  0.1669590E+02  0.7414956E+01  Si
  0.3329226E+02  0.8621585E+01  0.1389466E+02  Si
  0.3938568E+02  0.1764289E+02  0.7152468E+00  Si
  0.3606384E+02  0.1173605E+02  0.1775457E+02  Si
  0.2865279E+02  0.1189976E+02  0.1716160E+02  Si
  0.3489965E+02  0.1752152E+02  0.6296959E+01  Si
  0.3508946E+02  0.1686708E+02  0.1859441E+02  Si
  0.3366677E+02  0.2552214E+01  0.7439525E+01  Si
  0.2648398E+02  0.1966782E+02  0.5418511E+01  Si
  0.3295272E+02  0.1021559E+02  0.2151705E+02  Si
  0.2982520E+02  0.2393051E+01  0.1443079E+02  Si
  0.3811307E+02  0.1905923E+02  0.2109796E+01  Si
  0.3109628E+02  0.1101030E+02  0.8194274E+01  Si
  0.3350157E+02  0.2110939E+02  0.8934686E+01  Si
  0.2018640E+02  0.1019812E+01  0.1491475E+02  Si
  0.2855807E+02  0.1993717E+01  0.8743296E+01  Si
  0.3291817E+02  0.2087406E+02  0.1283320E+02  Si
  0.2533934E+02  0.1766631E+02  0.1919181E+02  Si
  0.3288357E+02  0.6473831E+01  0.4699906E+01  Si
  0.3950122E+02  0.1186201E+02  0.5119551E+00  Si
  0.4223398E+02  0.1206239E+02  0.1979044E+02  Si
  0.3479757E+02  0.4854365E+01  0.1162085E+02  Si
  0.3932515E+02  0.1757211E+02  0.1728469E+02  Si
  0.2685556E+02  0.1001967E+02  0.1184603E+01  Si
  0.2719801E+02  0.1642130E+02  0.1889233E+02  Si
  0.2980348E+02  0.4085723E+01  0.1057502E+01  Si
  0.2182497E+02  0.1885217E+02  0.1829888E+02  Si
  0.3694564E+02  0.3314135E+01  0.1910388E+02  Si
  0.3599645E+02  0.4979606E+01  0.2103072E+01  Si
  0.3191743E+02  0.1222120E+02  0.1013414E+02  Si
  0.2945678E+02  0.1889771E+02  0.2245006E+01  Si
  0.3044904E+02  0.2063828E+02  0.1392720E+02  Si
  0.2976148E+02  0.1659465E+02  0.1916226E+02  Si
  0.3052380E+02  0.1879911E+02  0.1998822E+02  Si
  0.3556407E+02  0.2013729E+01  0.1089249E+02  Si
  0.4086832E+02  0.1364923E+02  0.2118395E+02  Si
  0.2555737E+02  0.1603339E+02  0.3779540E+01  Si
  0.3804327E+02  0.8103249E+01  0.7765278E+01  Si
  0.2577118E+02  0.2072889E+01  0.1501427E+02  Si
  0.3806613E+02  0.1739103E+02  0.6586411E+01  Si
  0.2605140E+02  0.4693268E+01  0.7636295E+01  Si
  0.2028324E+02  0.1773984E+02  0.1993483E+02  Si
  0.3643327E+02  0.5505141E+00  0.4039561E+01  Si
  0.3902669E+02  0.1118411E+02  0.1100804E+02  Si
  0.3779295E+02  0.1306402E+02  0.1861304E+02  Si
  0.3515311E+02  0.3440235E+01  0.1620754E+02  Si
  0.2299480E+02  0.8772786E+01  0.9135462E+01  Si
  0.2319867E+02  0.1110946E+02  0.7993652E+01  Si
  0.2650701E+02  0.2053069E+01  0.1281974E+02  Si
  0.2361599E+02  0.1799023E+02  0.1865184E+01  Si
  0.2160412E+02  0.7644429E+01  0.2540516E+01  Si
  0.3707041E+02  0.1165404E+02  0.2913262E+01  Si
  0.4197384E+02  0.4092000E+01  0.1749831E+02  Si
  0.2343146E+02  0.1895288E+02  0.1391537E+02  Si
  0.3566794E+02  0.7002997E+01  0.1058423E+02  Si
  0.3163272E+02  0.1039158E+02  0.2908524E+01  Si
  0.4210863E+02  0.1449607E+02  0.1167589E+02  Si
  0.2556434E+02  0.1771190E+02  0.1382933E+02  Si
  0.3415784E+02  0.4431164E+01  0.3818509E+01  Si
  0.1891037E+02  0.1034385E+02  0.1317859E+02  Si
  0.2351016E+02  0.1669662E+02  0.8903658E+01  Si
  0.2105808E+02  0.3355684E-01  0.1673372E+02  Si
  0.2352770E+02  0.1583749E+02  0.1123479E+02  Si
  0.4077708E+02  0.7929984E+01  0.2136693E+02  Si
  0.4076059E+02  0.1110682E+02  0.1277553E+02  Si
  0.3380532E+02  0.1328921E+02  0.2617028E+01  Si
  0.2702006E+02  0.2592479E+01  0.1054520E+02  Si
  0.4088277E+02  0.1915966E+02  0.2106151E+02  Si
  0.4352741E+02  0.2156902E+02  0.2106085E+02  Si
  0.4627225E+02  0.2548427E+01  0.2163098E+02  Si
  0.4615912E+02  0.2157004E+02  0.2334569E+01  Si
  0.4367243E+02  0.2624947E+01  0.2222938E+01  Si
  0.4493452E+02  0.1122422E+01  0.8596131E+00  Si
  0.4771767E+02  0.4084255E+01  0.1085456E+01  Si
  0.4739380E+02  0.1078054E+01  0.3877460E+01  Si
  0.4492416E+02  0.3988914E+01  0.3658344E+01  Si
  0.4892250E+02  0.2155206E+02  0.2132096E+02  Si
  0.5166882E+02  0.2468897E+01  0.2121695E+02  Si
  0.5178465E+02  0.2127596E+02  0.2332594E+01  Si
  0.4861516E+02  0.2275190E+01  0.2238258E+01  Si
  0.5016419E+02  0.9654380E+00  0.8983658E+00  Si
  0.5299041E+02  0.3571698E+01  0.8882816E+00  Si
  0.5302789E+02  0.8934400E+00  0.3557023E+01  Si
  0.5006613E+02  0.3796961E+01  0.3645328E+01  Si
  0.5415271E+02  0.2146535E+02  0.2097299E+02  Si
  0.5678746E+02  0.2477987E+01  0.2141879E+02  Si
  0.5686222E+02  0.2137856E+02  0.2527470E+01  Si
  0.5424355E+02  0.2262747E+01  0.2229699E+01  Si
  0.5556006E+02  0.9010508E+00  0.9291722E+00  Si
  0.5816807E+02  0.3803430E+01  0.8692252E+00  Si
  0.5822739E+02  0.9703478E+00  0.3652292E+01  Si
  0.5560421E+02  0.3562891E+01  0.3600100E+01  Si
  0.5965604E+02  0.2142005E+02  0.2143279E+02  Si
  0.6232777E+02  0.2209733E+01  0.2129031E+02  Si
  0.6236137E+02  0.2135548E+02  0.2551427E+01  Si
  0.5952316E+02  0.2369382E+01  0.2252664E+01  Si
  0.6106197E+02  0.8769840E+00  0.1073476E+01  Si
  0.6371039E+02  0.3585458E+01  0.8886354E+00  Si
  0.6391719E+02  0.1042516E+01  0.3753713E+01  Si
  0.6073547E+02  0.3914109E+01  0.3671773E+01  Si
  0.4354717E+02  0.5097579E+01  0.2129999E+02  Si
  0.4640623E+02  0.7904104E+01  0.2102122E+02  Si
  0.4631963E+02  0.5344301E+01  0.2156710E+01  Si
  0.4361977E+02  0.8006818E+01  0.2221557E+01  Si
  0.4489113E+02  0.6738064E+01  0.8604056E+00  Si
  0.4790599E+02  0.9224795E+01  0.7413896E+00  Si
  0.4755934E+02  0.6652598E+01  0.3837512E+01  Si
  0.4484530E+02  0.9426006E+01  0.3801294E+01  Si
  0.4907912E+02  0.5265563E+01  0.2116935E+02  Si
  0.5140554E+02  0.7903297E+01  0.2133780E+02  Si
  0.5168028E+02  0.4903824E+01  0.2238008E+01  Si
  0.4891281E+02  0.7598390E+01  0.2181453E+01  Si
  0.5065221E+02  0.6264595E+01  0.9285226E+00  Si
  0.5302637E+02  0.9308150E+01  0.1006884E+01  Si
  0.5287654E+02  0.6502152E+01  0.3476867E+01  Si
  0.4995571E+02  0.9263021E+01  0.3590389E+01  Si
  0.5443034E+02  0.5090374E+01  0.2161388E+02  Si
  0.5706944E+02  0.7759464E+01  0.2146125E+02  Si
  0.5708927E+02  0.5104615E+01  0.2653612E+01  Si
  0.5427572E+02  0.7751389E+01  0.2269520E+01  Si
  0.5565512E+02  0.6302045E+01  0.1093794E+01  Si
  0.5835829E+02  0.9439591E+01  0.8055330E+00  Si
  0.5844860E+02  0.6754333E+01  0.3728804E+01  Si
  0.5574393E+02  0.9144709E+01  0.3728144E+01  Si
  0.5970502E+02  0.5267818E+01  0.2142103E+02  Si
  0.6242496E+02  0.8058889E+01  0.2157709E+02  Si
  0.6240732E+02  0.5009870E+01  0.2442451E+01  Si
  0.5964957E+02  0.7936549E+01  0.2264972E+01  Si
  0.6095796E+02  0.6618522E+01  0.1293560E+01  Si
  0.6387822E+02  0.9376127E+01  0.1097479E+01  Si
  0.6388575E+02  0.6444421E+01  0.3641753E+01  Si
  0.6088773E+02  0.9408641E+01  0.3416533E+01  Si
  0.4352941E+02  0.1054920E+02  0.2115194E+02  Si
  0.4627271E+02  0.1344535E+02  0.2095166E+02  Si
  0.4628398E+02  0.1046280E+02  0.2148515E+01  Si
  0.4361073E+02  0.1316765E+02  0.2289245E+01  Si
  0.4494143E+02  0.1185653E+02  0.6994846E+00  Si
  0.4780982E+02  0.1469837E+02  0.7984148E+00  Si
  0.4748933E+02  0.1187346E+02  0.3371728E+01  Si
  0.4499130E+02  0.1473334E+02  0.3469197E+01  Si
  0.4901381E+02  0.1089479E+02  0.2120414E+02  Si
  0.5150980E+02  0.1346821E+02  0.2122845E+02  Si
  0.5149384E+02  0.1035795E+02  0.2441743E+01  Si
  0.4908831E+02  0.1352044E+02  0.2459474E+01  Si
  0.5042637E+02  0.1222913E+02  0.1273565E+01  Si
  0.5291133E+02  0.1479873E+02  0.7380016E+00  Si
  0.5286358E+02  0.1188732E+02  0.3596504E+01  Si
  0.5031779E+02  0.1472190E+02  0.3786536E+01  Si
  0.5420670E+02  0.1043399E+02  0.2126417E+02  Si
  0.5728290E+02  0.1328069E+02  0.2147569E+02  Si
  0.5702453E+02  0.1074147E+02  0.2158692E+01  Si
  0.5387785E+02  0.1334055E+02  0.2108424E+01  Si
  0.5540641E+02  0.1202162E+02  0.7951945E+00  Si
  0.5830888E+02  0.1498316E+02  0.1060457E+01  Si
  0.5818324E+02  0.1218579E+02  0.3790370E+01  Si
  0.5535726E+02  0.1467568E+02  0.3530674E+01  Si
  0.5966564E+02  0.1076041E+02  0.2090841E+02  Si
  0.6234553E+02  0.1341415E+02  0.2122118E+02  Si
  0.6241410E+02  0.1101743E+02  0.2356418E+01  Si
  0.5947334E+02  0.1361251E+02  0.2267158E+01  Si
  0.6073598E+02  0.1210626E+02  0.7928676E+00  Si
  0.6375406E+02  0.1483446E+02  0.9609056E+00  Si
  0.6390719E+02  0.1200474E+02  0.3728216E+01  Si
  0.6106612E+02  0.1467143E+02  0.3678171E+01  Si
  0.4350154E+02  0.1629399E+02  0.2141163E+02  Si
  0.4643666E+02  0.1898500E+02  0.2116304E+02  Si
  0.4657641E+02  0.1614671E+02  0.2282176E+01  Si
  0.4364251E+02  0.1885603E+02  0.1921327E+01  Si
  0.4534430E+02  0.1751470E+02  0.8668704E+00  Si
  0.4774715E+02  0.2019677E+02  0.1146915E+01  Si
  0.4764914E+02  0.1730456E+02  0.3911618E+01  Si
  0.4473352E+02  0.2000244E+02  0.3624759E+01  Si
  0.4915204E+02  0.1597673E+02  0.2104524E+02  Si
  0.5165549E+02  0.1891873E+02  0.2137190E+02  Si
  0.5158095E+02  0.1602382E+02  0.2223715E+01  Si
  0.4900390E+02  0.1860385E+02  0.2386972E+01  Si
  0.5026476E+02  0.1742975E+02  0.9353067E+00  Si
  0.5311532E+02  0.2014221E+02  0.9672183E+00  Si
  0.5294031E+02  0.1737836E+02  0.3558778E+01  Si
  0.5018997E+02  0.1998420E+02  0.3625787E+01  Si
  0.5444061E+02  0.1605988E+02  0.2123917E+02  Si
  0.5680628E+02  0.1869400E+02  0.2154719E+02  Si
  0.5692561E+02  0.1625214E+02  0.2391678E+01  Si
  0.5441837E+02  0.1887456E+02  0.2440640E+01  Si
  0.5553184E+02  0.1731558E+02  0.1018587E+01  Si
  0.5813416E+02  0.2018447E+02  0.1023052E+01  Si
  0.5837848E+02  0.1731313E+02  0.3749609E+01  Si
  0.5559245E+02  0.2014245E+02  0.3921253E+01  Si
  0.5962614E+02  0.1603451E+02  0.2116332E+02  Si
  0.6238366E+02  0.1889141E+02  0.2133099E+02  Si
  0.6222375E+02  0.1613509E+02  0.2325700E+01  Si
  0.5977888E+02  0.1881245E+02  0.2289520E+01  Si
  0.6104145E+02  0.1752827E+02  0.8729672E+00  Si
  0.6380422E+02  0.2005854E+02  0.1097358E+01  Si
  0.6369735E+02  0.1731097E+02  0.3793555E+01  Si
  0.6094853E+02  0.1997871E+02  0.3976328E+01  Si
  0.4326749E+02  0.2141238E+02  0.4897674E+01  Si
  0.4612055E+02  0.2392060E+01  0.4983590E+01  Si
  0.4605995E+02  0.2156797E+02  0.7794067E+01  Si
  0.4312404E+02  0.2634279E+01  0.7674542E+01  Si
  0.4466294E+02  0.1190622E+01  0.6402889E+01  Si
  0.4745127E+02  0.3924501E+01  0.6309838E+01  Si
  0.4746132E+02  0.1143356E+01  0.9230744E+01  Si
  0.4487553E+02  0.3904835E+01  0.8877728E+01  Si
  0.4873909E+02  0.2153625E+02  0.5003059E+01  Si
  0.5161345E+02  0.2273183E+01  0.4918507E+01  Si
  0.5157024E+02  0.2160801E+02  0.7367241E+01  Si
  0.4874849E+02  0.2553437E+01  0.7774973E+01  Si
  0.5008773E+02  0.1161665E+01  0.6174953E+01  Si
  0.5289841E+02  0.3587053E+01  0.6205976E+01  Si
  0.5273498E+02  0.8990227E+00  0.9250869E+01  Si
  0.5029527E+02  0.3632862E+01  0.9157386E+01  Si
  0.5430433E+02  0.2138780E+02  0.5181877E+01  Si
  0.5704955E+02  0.2223079E+01  0.5055963E+01  Si
  0.5679686E+02  0.2153893E+02  0.7856398E+01  Si
  0.5392357E+02  0.2267952E+01  0.7879560E+01  Si
  0.5542658E+02  0.1092451E+01  0.6593324E+01  Si
  0.5833385E+02  0.3840670E+01  0.6281650E+01  Si
  0.5859874E+02  0.1044491E+01  0.8815013E+01  Si
  0.5552884E+02  0.3685126E+01  0.9056959E+01  Si
  0.5943185E+02  0.2143503E+02  0.5128498E+01  Si
  0.6224509E+02  0.2522888E+01  0.4839146E+01  Si
  0.6233509E+02  0.2156911E+02  0.7673582E+01  Si
  0.5976584E+02  0.2595180E+01  0.7563290E+01  Si
  0.6096043E+02  0.1063486E+01  0.6175909E+01  Si
  0.6353708E+02  0.3872747E+01  0.6269053E+01  Si
  0.6370907E+02  0.1161277E+01  0.9122815E+01  Si
  0.6100258E+02  0.3808446E+01  0.9042919E+01  Si
  0.4370463E+02  0.5552417E+01  0.4958380E+01  Si
  0.4593625E+02  0.8098798E+01  0.5151654E+01  Si
  0.4619980E+02  0.5158645E+01  0.7788597E+01  Si
  0.4305947E+02  0.7897116E+01  0.7891653E+01  Si
  0.4475608E+02  0.6559294E+01  0.6704539E+01  Si
  0.4755749E+02  0.9290980E+01  0.6249493E+01  Si
  0.4780417E+02  0.6502934E+01  0.9065049E+01  Si
  0.4465732E+02  0.9155092E+01  0.9086293E+01  Si
  0.4887435E+02  0.5198137E+01  0.5067800E+01  Si
  0.5156056E+02  0.8049933E+01  0.4838578E+01  Si
  0.5150427E+02  0.5095575E+01  0.7683833E+01  Si
  0.4894061E+02  0.7814049E+01  0.7272641E+01  Si
  0.5030206E+02  0.6394769E+01  0.6350893E+01  Si
  0.5305304E+02  0.9147431E+01  0.6294177E+01  Si
  0.5261055E+02  0.6560553E+01  0.9119556E+01  Si
  0.4998798E+02  0.9131743E+01  0.8992472E+01  Si
  0.5446211E+02  0.5170145E+01  0.4893743E+01  Si
  0.5689486E+02  0.8013780E+01  0.5196858E+01  Si
  0.5685351E+02  0.5194251E+01  0.7589559E+01  Si
  0.5397560E+02  0.7808902E+01  0.7920430E+01  Si
  0.5526746E+02  0.6648151E+01  0.6498514E+01  Si
  0.5829830E+02  0.9458151E+01  0.6472105E+01  Si
  0.5838929E+02  0.6344869E+01  0.8887425E+01  Si
  0.5527878E+02  0.9130190E+01  0.9103874E+01  Si
  0.5978029E+02  0.5243395E+01  0.5062280E+01  Si
  0.6245915E+02  0.7945889E+01  0.4818257E+01  Si
  0.6223140E+02  0.5148978E+01  0.7427718E+01  Si
  0.5964557E+02  0.8116075E+01  0.7711073E+01  Si
  0.6092531E+02  0.6880561E+01  0.6347661E+01  Si
  0.6386800E+02  0.9346043E+01  0.6260046E+01  Si
  0.6362548E+02  0.6445723E+01  0.9060937E+01  Si
  0.6115069E+02  0.9461841E+01  0.9101869E+01  Si
  0.4340032E+02  0.1085168E+02  0.5058764E+01  Si
  0.4627917E+02  0.1332584E+02  0.4831305E+01  Si
  0.4592615E+02  0.1059487E+02  0.7609687E+01  Si
  0.4359187E+02  0.1358733E+02  0.7746341E+01  Si
  0.4477478E+02  0.1209672E+02  0.6180274E+01  Si
  0.4754736E+02  0.1452781E+02  0.6595063E+01  Si
  0.4726386E+02  0.1178228E+02  0.8992121E+01  Si
  0.4484374E+02  0.1466100E+02  0.9400441E+01  Si
  0.4859007E+02  0.1070513E+02  0.4906929E+01  Si
  0.5182445E+02  0.1328861E+02  0.4907899E+01  Si
  0.5162418E+02  0.1043358E+02  0.7614280E+01  Si
  0.4889594E+02  0.1304878E+02  0.7683484E+01  Si
  0.5022683E+02  0.1179643E+02  0.6147375E+01  Si
  0.5297907E+02  0.1465308E+02  0.6338129E+01  Si
  0.5291672E+02  0.1193558E+02  0.8986283E+01  Si
  0.5026703E+02  0.1470885E+02  0.8928576E+01  Si
  0.5449126E+02  0.1075556E+02  0.4987200E+01  Si
  0.5671737E+02  0.1349265E+02  0.4979993E+01  Si
  0.5679554E+02  0.1050611E+02  0.7539377E+01  Si
  0.5431246E+02  0.1354051E+02  0.7718133E+01  Si
  0.5562416E+02  0.1219238E+02  0.6402139E+01  Si
  0.5811368E+02  0.1461003E+02  0.6315177E+01  Si
  0.5819620E+02  0.1174203E+02  0.8891373E+01  Si
  0.5574491E+02  0.1468321E+02  0.8972043E+01  Si
  0.5966718E+02  0.1080576E+02  0.4913407E+01  Si
  0.6257729E+02  0.1334701E+02  0.4945956E+01  Si
  0.6244269E+02  0.1062698E+02  0.7689227E+01  Si
  0.5953162E+02  0.1325472E+02  0.7350030E+01  Si
  0.6117456E+02  0.1195168E+02  0.6230457E+01  Si
  0.6392520E+02  0.1478948E+02  0.6302902E+01  Si
  0.6360503E+02  0.1229347E+02  0.8957884E+01  Si
  0.6046981E+02  0.1477270E+02  0.8843917E+01  Si
  0.4359285E+02  0.1605313E+02  0.5032402E+01  Si
  0.4610597E+02  0.1868179E+02  0.5105675E+01  Si
  0.4603216E+02  0.1592883E+02  0.7897481E+01  Si
  0.4353210E+02  0.1880134E+02  0.7733709E+01  Si
  0.4489275E+02  0.1740465E+02  0.6306134E+01  Si
  0.4748914E+02  0.2020647E+02  0.6527464E+01  Si
  0.4742292E+02  0.1711134E+02  0.9142751E+01  Si
  0.4452598E+02  0.2026416E+02  0.9285532E+01  Si
  0.4900051E+02  0.1591350E+02  0.5343997E+01  Si
  0.5154829E+02  0.1859432E+02  0.5005932E+01  Si
  0.5175086E+02  0.1605602E+02  0.7651620E+01  Si
  0.4884293E+02  0.1873266E+02  0.7777104E+01  Si
  0.5028732E+02  0.1735944E+02  0.6573869E+01  Si
  0.5290004E+02  0.2009523E+02  0.6153853E+01  Si
  0.5296925E+02  0.1740729E+02  0.8984264E+01  Si
  0.5021388E+02  0.2049238E+02  0.8789704E+01  Si
  0.5418134E+02  0.1602028E+02  0.4991686E+01  Si
  0.5699316E+02  0.1865671E+02  0.4945690E+01  Si
  0.5684102E+02  0.1594826E+02  0.7777603E+01  Si
  0.5420026E+02  0.1878659E+02  0.7742932E+01  Si
  0.5552573E+02  0.1719195E+02  0.6350021E+01  Si
  0.5817028E+02  0.1996664E+02  0.6461165E+01  Si
  0.5808328E+02  0.1746538E+02  0.9036200E+01  Si
  0.5568120E+02  0.1993592E+02  0.8837672E+01  Si
  0.5971890E+02  0.1605346E+02  0.5084558E+01  Si
  0.6257396E+02  0.1856476E+02  0.5302198E+01  Si
  0.6226807E+02  0.1588972E+02  0.7784359E+01  Si
  0.5966002E+02  0.1876602E+02  0.7719886E+01  Si
  0.6100543E+02  0.1732819E+02  0.6454725E+01  Si
  0.6380150E+02  0.1993550E+02  0.6480841E+01  Si
  0.6360459E+02  0.1730119E+02  0.9120453E+01  Si
  0.6108610E+02  0.2026648E+02  0.8918432E+01  Si
  0.4358597E+02  0.2159110E+02  0.1076293E+02  Si
  0.4610300E+02  0.2596072E+01  0.1044157E+02  Si
  0.4602955E+02  0.2158269E+02  0.1337778E+02  Si
  0.4343611E+02  0.2693309E+01  0.1310619E+02  Si
  0.4498209E+02  0.1333203E+01  0.1191846E+02  Si
  0.4762934E+02  0.3722892E+01  0.1169557E+02  Si
  0.4743923E+02  0.1233857E+01  0.1435539E+02  Si
  0.4482526E+02  0.3876620E+01  0.1448444E+02  Si
  0.4871150E+02  0.2108084E+02  0.1030557E+02  Si
  0.5143906E+02  0.2209442E+01  0.1058003E+02  Si
  0.5146914E+02  0.2124515E+02  0.1286678E+02  Si
  0.4898833E+02  0.2579125E+01  0.1304405E+02  Si
  0.4981605E+02  0.9175697E+00  0.1162119E+02  Si
  0.5284176E+02  0.3449567E+01  0.1195276E+02  Si
  0.5269846E+02  0.8682473E+00  0.1455968E+02  Si
  0.5017791E+02  0.3595863E+01  0.1488332E+02  Si
  0.5436087E+02  0.2121872E+02  0.1037315E+02  Si
  0.5719330E+02  0.2378349E+01  0.1017332E+02  Si
  0.5715168E+02  0.1164413E-02  0.1319170E+02  Si
  0.5402578E+02  0.2192999E+01  0.1321399E+02  Si
  0.5565069E+02  0.9808997E+00  0.1159848E+02  Si
  0.5839233E+02  0.3576995E+01  0.1167257E+02  Si
  0.5865612E+02  0.1046310E+01  0.1444902E+02  Si
  0.5542052E+02  0.3909056E+01  0.1409013E+02  Si
  0.5954696E+02  0.2138650E+02  0.1066639E+02  Si
  0.6252658E+02  0.2564221E+01  0.1029156E+02  Si
  0.6206388E+02  0.2161980E+02  0.1336393E+02  Si
  0.5992394E+02  0.2360056E+01  0.1314440E+02  Si
  0.6108663E+02  0.1150668E+01  0.1156678E+02  Si
  0.6361028E+02  0.3851493E+01  0.1179584E+02  Si
  0.6395075E+02  0.1107137E+01  0.1452198E+02  Si
  0.6106675E+02  0.3792757E+01  0.1476983E+02  Si
  0.4350601E+02  0.5326019E+01  0.1046776E+02  Si
  0.4636720E+02  0.7823996E+01  0.1032173E+02  Si
  0.4636772E+02  0.4910504E+01  0.1308755E+02  Si
  0.4356196E+02  0.7907320E+01  0.1322339E+02  Si
  0.4507994E+02  0.6540217E+01  0.1181193E+02  Si
  0.4752689E+02  0.9293384E+01  0.1185353E+02  Si
  0.4763515E+02  0.6241384E+01  0.1456059E+02  Si
  0.4483673E+02  0.9312654E+01  0.1472528E+02  Si
  0.4890428E+02  0.4923783E+01  0.1033968E+02  Si
  0.5121618E+02  0.7812901E+01  0.1049458E+02  Si
  0.5151041E+02  0.4939264E+01  0.1303127E+02  Si
  0.4892628E+02  0.7769463E+01  0.1310939E+02  Si
  0.5011823E+02  0.6167283E+01  0.1169728E+02  Si
  0.5279978E+02  0.9180223E+01  0.1174082E+02  Si
  0.5309242E+02  0.6496046E+01  0.1424550E+02  Si
  0.5001906E+02  0.9107301E+01  0.1463701E+02  Si
  0.5423029E+02  0.4928558E+01  0.1061818E+02  Si
  0.5676607E+02  0.7899254E+01  0.1016225E+02  Si
  0.5700306E+02  0.4896485E+01  0.1299009E+02  Si
  0.5421977E+02  0.7811736E+01  0.1296608E+02  Si
  0.5576016E+02  0.6385371E+01  0.1155603E+02  Si
  0.5806244E+02  0.9301459E+01  0.1159208E+02  Si
  0.5825046E+02  0.6449003E+01  0.1439413E+02  Si
  0.5551909E+02  0.9161553E+01  0.1434450E+02  Si
  0.5959166E+02  0.5169370E+01  0.1030560E+02  Si
  0.6264162E+02  0.8018044E+01  0.1037169E+02  Si
  0.6230855E+02  0.5113906E+01  0.1314872E+02  Si
  0.5949289E+02  0.7845389E+01  0.1312609E+02  Si
  0.6104070E+02  0.6617458E+01  0.1181627E+02  Si
  0.6403463E+02  0.9299957E+01  0.1178681E+02  Si
  0.6378243E+02  0.6520746E+01  0.1449066E+02  Si
  0.6120066E+02  0.9028672E+01  0.1432636E+02  Si
  0.4353450E+02  0.1077289E+02  0.1024795E+02  Si
  0.4605807E+02  0.1305860E+02  0.1082226E+02  Si
  0.4621723E+02  0.1070034E+02  0.1341663E+02  Si
  0.4342326E+02  0.1350266E+02  0.1340277E+02  Si
  0.4446943E+02  0.1172874E+02  0.1220671E+02  Si
  0.4754011E+02  0.1437032E+02  0.1186333E+02  Si
  0.4756820E+02  0.1202557E+02  0.1477078E+02  Si
  0.4478924E+02  0.1489330E+02  0.1451375E+02  Si
  0.4856301E+02  0.1029214E+02  0.1003163E+02  Si
  0.5139172E+02  0.1315261E+02  0.1021820E+02  Si
  0.5141940E+02  0.1054678E+02  0.1324564E+02  Si
  0.4916132E+02  0.1308154E+02  0.1326695E+02  Si
  0.5009407E+02  0.1149641E+02  0.1162496E+02  Si
  0.5280899E+02  0.1440662E+02  0.1171954E+02  Si
  0.5303102E+02  0.1184582E+02  0.1458894E+02  Si
  0.5025409E+02  0.1477369E+02  0.1441757E+02  Si
  0.5440882E+02  0.1070257E+02  0.1035450E+02  Si
  0.5701722E+02  0.1317087E+02  0.1036996E+02  Si
  0.5690029E+02  0.1062724E+02  0.1307585E+02  Si
  0.5423595E+02  0.1312780E+02  0.1317402E+02  Si
  0.5557407E+02  0.1194310E+02  0.1176846E+02  Si
  0.5833033E+02  0.1474474E+02  0.1170649E+02  Si
  0.5823533E+02  0.1206967E+02  0.1419831E+02  Si
  0.5544141E+02  0.1472498E+02  0.1450553E+02  Si
  0.5956680E+02  0.1074164E+02  0.1044236E+02  Si
  0.6226295E+02  0.1388479E+02  0.1029046E+02  Si
  0.6263758E+02  0.1069273E+02  0.1310196E+02  Si
  0.5951135E+02  0.1317608E+02  0.1299279E+02  Si
  0.6144398E+02  0.1200151E+02  0.1173066E+02  Si
  0.6371424E+02  0.1501036E+02  0.1179007E+02  Si
  0.6379085E+02  0.1223628E+02  0.1450773E+02  Si
  0.6137990E+02  0.1455395E+02  0.1395847E+02  Si
  0.4344993E+02  0.1607079E+02  0.1059351E+02  Si
  0.4624510E+02  0.1899041E+02  0.1034248E+02  Si
  0.4633038E+02  0.1596192E+02  0.1312755E+02  Si
  0.4372207E+02  0.1879809E+02  0.1344991E+02  Si
  0.4498172E+02  0.1754938E+02  0.1189219E+02  Si
  0.4738456E+02  0.2024088E+02  0.1203485E+02  Si
  0.4743188E+02  0.1752819E+02  0.1470891E+02  Si
  0.4477447E+02  0.2052458E+02  0.1486062E+02  Si
  0.4890579E+02  0.1577324E+02  0.1042694E+02  Si
  0.5134538E+02  0.1849701E+02  0.1011432E+02  Si
  0.5167859E+02  0.1592814E+02  0.1289661E+02  Si
  0.4873784E+02  0.1877824E+02  0.1314532E+02  Si
  0.5007984E+02  0.1735884E+02  0.1176574E+02  Si
  0.5284104E+02  0.1985775E+02  0.1163205E+02  Si
  0.5300963E+02  0.1743076E+02  0.1435069E+02  Si
  0.5020117E+02  0.2008903E+02  0.1455287E+02  Si
  0.5418020E+02  0.1580978E+02  0.1045634E+02  Si
  0.5700954E+02  0.1875768E+02  0.1044716E+02  Si
  0.5696120E+02  0.1613620E+02  0.1310671E+02  Si
  0.5439480E+02  0.1896937E+02  0.1307319E+02  Si
  0.5556741E+02  0.1738241E+02  0.1156755E+02  Si
  0.5837304E+02  0.2010685E+02  0.1198303E+02  Si
  0.5839952E+02  0.1741805E+02  0.1434497E+02  Si
  0.5579937E+02  0.2010238E+02  0.1447835E+02  Si
  0.5955880E+02  0.1633001E+02  0.1064337E+02  Si
  0.6234589E+02  0.1897151E+02  0.1020829E+02  Si
  0.6260733E+02  0.1627418E+02  0.1323734E+02  Si
  0.5992671E+02  0.1856997E+02  0.1315261E+02  Si
  0.6113332E+02  0.1745955E+02  0.1179340E+02  Si
  0.6351471E+02  0.2037755E+02  0.1183745E+02  Si
  0.6397740E+02  0.1752543E+02  0.1467620E+02  Si
  0.6103910E+02  0.2011675E+02  0.1461952E+02  Si
  0.4330173E+02  0.2167365E+02  0.1607348E+02  Si
  0.4602273E+02  0.2455646E+01  0.1588881E+02  Si
  0.4618746E+02  0.2169894E+02  0.1869115E+02  Si
  0.4196126E+02  0.1060190E+01  0.1998515E+02  Si
  0.4465416E+02  0.1279121E+01  0.1738094E+02  Si
  0.4758344E+02  0.3619317E+01  0.1723678E+02  Si
  0.4732779E+02  0.1206863E+01  0.2014193E+02  Si
  0.4510686E+02  0.3879315E+01  0.1995324E+02  Si
  0.4890854E+02  0.2164780E+02  0.1590589E+02  Si
  0.5163241E+02  0.2259561E+01  0.1622068E+02  Si
  0.5149273E+02  0.8403351E-01  0.1875595E+02  Si
  0.4884084E+02  0.2502658E+01  0.1889011E+02  Si
  0.5001755E+02  0.1124748E+01  0.1752701E+02  Si
  0.5308310E+02  0.3981344E+01  0.1713612E+02  Si
  0.5303620E+02  0.1232093E+01  0.1988522E+02  Si
  0.5033839E+02  0.3757620E+01  0.2006905E+02  Si
  0.5431525E+02  0.2141622E+02  0.1587403E+02  Si
  0.5698832E+02  0.2625764E+01  0.1569507E+02  Si
  0.5699428E+02  0.2132792E+02  0.1866394E+02  Si
  0.5435332E+02  0.2510168E+01  0.1845417E+02  Si
  0.5570275E+02  0.9948614E+00  0.1728108E+02  Si
  0.5830829E+02  0.3626940E+01  0.1732826E+02  Si
  0.5842415E+02  0.1233238E+01  0.2012384E+02  Si
  0.5549580E+02  0.3781746E+01  0.1985501E+02  Si
  0.5985137E+02  0.2145321E+02  0.1608424E+02  Si
  0.6248678E+02  0.2396981E+01  0.1608173E+02  Si
  0.6254305E+02  0.2151508E+02  0.1861449E+02  Si
  0.5966128E+02  0.2577972E+01  0.1864778E+02  Si
  0.6122819E+02  0.1210340E+01  0.1746849E+02  Si
  0.6383280E+02  0.3726724E+01  0.1732904E+02  Si
  0.6402317E+02  0.8737578E+00  0.1982268E+02  Si
  0.6105529E+02  0.3855707E+01  0.1995022E+02  Si
  0.4343112E+02  0.5147351E+01  0.1591922E+02  Si
  0.4620950E+02  0.7588783E+01  0.1613246E+02  Si
  0.4655964E+02  0.5129709E+01  0.1862119E+02  Si
  0.4336845E+02  0.7814821E+01  0.1871317E+02  Si
  0.4466909E+02  0.6342346E+01  0.1755181E+02  Si
  0.4746673E+02  0.9156664E+01  0.1730456E+02  Si
  0.4794945E+02  0.6565970E+01  0.1988354E+02  Si
  0.4507571E+02  0.9248816E+01  0.1982966E+02  Si
  0.4880793E+02  0.5117397E+01  0.1598198E+02  Si
  0.5174032E+02  0.7734236E+01  0.1558461E+02  Si
  0.5183493E+02  0.4927132E+01  0.1866300E+02  Si
  0.4899246E+02  0.7656545E+01  0.1840735E+02  Si
  0.5052775E+02  0.6245038E+01  0.1713350E+02  Si
  0.5314417E+02  0.9089558E+01  0.1723634E+02  Si
  0.5287689E+02  0.6350533E+01  0.2014551E+02  Si
  0.5020643E+02  0.9200449E+01  0.1988583E+02  Si
  0.5461293E+02  0.5367413E+01  0.1581750E+02  Si
  0.5683969E+02  0.7751998E+01  0.1561199E+02  Si
  0.5709653E+02  0.5105626E+01  0.1871163E+02  Si
  0.5422691E+02  0.7850231E+01  0.1880017E+02  Si
  0.5593571E+02  0.6638808E+01  0.1751722E+02  Si
  0.5842401E+02  0.8956457E+01  0.1689717E+02  Si
  0.5836015E+02  0.6577085E+01  0.1987488E+02  Si
  0.5577428E+02  0.9351696E+01  0.1992554E+02  Si
  0.5946761E+02  0.5110654E+01  0.1600684E+02  Si
  0.6246655E+02  0.7623353E+01  0.1595508E+02  Si
  0.6235144E+02  0.5200572E+01  0.1880121E+02  Si
  0.5992777E+02  0.7738236E+01  0.1830817E+02  Si
  0.6115965E+02  0.6403136E+01  0.1717543E+02  Si
  0.6381799E+02  0.9081230E+01  0.1706330E+02  Si
  0.6378358E+02  0.6619208E+01  0.2026619E+02  Si
  0.6114873E+02  0.9257476E+01  0.1984939E+02  Si
  0.4339031E+02  0.1065543E+02  0.1586065E+02  Si
  0.4602111E+02  0.1363288E+02  0.1589838E+02  Si
  0.4623431E+02  0.1068981E+02  0.1850585E+02  Si
  0.4223308E+02  0.1465795E+02  0.1735371E+02  Si
  0.4466516E+02  0.1208472E+02  0.1723340E+02  Si
  0.4738404E+02  0.1481417E+02  0.1733051E+02  Si
  0.4766401E+02  0.1199985E+02  0.1958336E+02  Si
  0.4462927E+02  0.1492048E+02  0.1984875E+02  Si
  0.4878255E+02  0.1068420E+02  0.1592958E+02  Si
  0.5144734E+02  0.1307679E+02  0.1574243E+02  Si
  0.5151611E+02  0.1047391E+02  0.1838249E+02  Si
  0.4885604E+02  0.1327176E+02  0.1820071E+02  Si
  0.5027449E+02  0.1186403E+02  0.1712536E+02  Si
  0.5276131E+02  0.1437816E+02  0.1722459E+02  Si
  0.5284439E+02  0.1175878E+02  0.1989818E+02  Si
  0.5033507E+02  0.1452603E+02  0.1964911E+02  Si
  0.5439886E+02  0.1052819E+02  0.1580336E+02  Si
  0.5701790E+02  0.1338619E+02  0.1591801E+02  Si
  0.5683139E+02  0.1036785E+02  0.1829994E+02  Si
  0.5422116E+02  0.1317363E+02  0.1875799E+02  Si
  0.5576956E+02  0.1211346E+02  0.1716161E+02  Si
  0.5834480E+02  0.1467640E+02  0.1705199E+02  Si
  0.5796198E+02  0.1192918E+02  0.1963225E+02  Si
  0.5565745E+02  0.1458179E+02  0.1984398E+02  Si
  0.5969985E+02  0.1050947E+02  0.1551339E+02  Si
  0.6227585E+02  0.1351161E+02  0.1572750E+02  Si
  0.6260498E+02  0.1048977E+02  0.1825401E+02  Si
  0.5961826E+02  0.1309150E+02  0.1849134E+02  Si
  0.6108499E+02  0.1204528E+02  0.1696306E+02  Si
  0.6346808E+02  0.1483260E+02  0.1735032E+02  Si
  0.6357435E+02  0.1213673E+02  0.1972439E+02  Si
  0.6091969E+02  0.1468542E+02  0.1974907E+02  Si
  0.4358973E+02  0.1599159E+02  0.1595572E+02  Si
  0.4617289E+02  0.1905226E+02  0.1603129E+02  Si
  0.4608285E+02  0.1627551E+02  0.1868964E+02  Si
  0.4361148E+02  0.1897538E+02  0.1857876E+02  Si
  0.4492230E+02  0.1739066E+02  0.1724243E+02  Si
  0.4759980E+02  0.2035877E+02  0.1739607E+02  Si
  0.4777318E+02  0.1738919E+02  0.1997261E+02  Si
  0.4499220E+02  0.2024956E+02  0.1990415E+02  Si
  0.4882174E+02  0.1611499E+02  0.1581156E+02  Si
  0.5172509E+02  0.1863119E+02  0.1587966E+02  Si
  0.5160361E+02  0.1615041E+02  0.1856580E+02  Si
  0.4895863E+02  0.1880856E+02  0.1842227E+02  Si
  0.5022071E+02  0.1735275E+02  0.1723205E+02  Si
  0.5284232E+02  0.2030189E+02  0.1728629E+02  Si
  0.5297267E+02  0.1749056E+02  0.1979599E+02  Si
  0.5039594E+02  0.2010119E+02  0.1996377E+02  Si
  0.5420394E+02  0.1600623E+02  0.1598380E+02  Si
  0.5703314E+02  0.1866321E+02  0.1608866E+02  Si
  0.5687152E+02  0.1608350E+02  0.1843281E+02  Si
  0.5424197E+02  0.1877683E+02  0.1850652E+02  Si
  0.5554169E+02  0.1738562E+02  0.1736934E+02  Si
  0.5849258E+02  0.2009886E+02  0.1735928E+02  Si
  0.5823547E+02  0.1753118E+02  0.2002875E+02  Si
  0.5560650E+02  0.2005250E+02  0.1988691E+02  Si
  0.5977019E+02  0.1589753E+02  0.1544012E+02  Si
  0.6239095E+02  0.1888901E+02  0.1589572E+02  Si
  0.6230271E+02  0.1627395E+02  0.1859819E+02  Si
  0.5986288E+02  0.1851062E+02  0.1856395E+02  Si
  0.6107149E+02  0.1733875E+02  0.1672656E+02  Si
  0.6382809E+02  0.2002593E+02  0.1712276E+02  Si
  0.6387213E+02  0.1765669E+02  0.1992229E+02  Si
  0.6111069E+02  0.1991259E+02  0.2006648E+02  Si
