         
  0.6515772E+02  0.0000000E+00  0.2171924E+02
  0.0000000E+00  0.0000000E+00  0.2171924E+02
  0.6504508E+02  0.2142219E+02  0.2285420E+00  Si
  0.2689508E+01  0.2377436E+01  0.5344559E+00  Si
  0.2607883E+01  0.2138359E+02  0.2970842E+01  Si
  0.4791863E-01  0.2531696E+01  0.3219712E+01  Si
  0.1049617E+01  0.1088794E+01  0.1682900E+01  Si
  0.3951403E+01  0.3952789E+01  0.1690813E+01  Si
  0.4060593E+01  0.1009464E+01  0.4351328E+01  Si
  0.1463035E+01  0.3742268E+01  0.4462171E+01  Si
  0.5328641E+01  0.2127377E+02  0.3588137E+00  Si
  0.8134952E+01  0.2294307E+01  0.3580380E+00  Si
  0.8155321E+01  0.2118884E+02  0.3032124E+01  Si
  0.5387413E+01  0.2438570E+01  0.3012268E+01  Si
  0.6850219E+01  0.8417478E+00  0.1702709E+01  Si
  0.9448399E+01  0.3691916E+01  0.1769725E+01  Si
  0.9486025E+01  0.9793943E+00  0.4488050E+01  Si
  0.6879242E+01  0.3721890E+01  0.4282778E+01  Si
  0.1073835E+02  0.2133605E+02  0.5343578E+00  Si
  0.1363621E+02  0.2491905E+01  0.2045453E+00  Si
  0.1372741E+02  0.2121608E+02  0.3216013E+01  Si
  0.1083435E+02  0.2432365E+01  0.2948714E+01  Si
  0.1228927E+02  0.1141526E+01  0.1746070E+01  Si
  0.1513637E+02  0.3862317E+01  0.1616712E+01  Si
  0.1483677E+02  0.1318887E+01  0.4016267E+01  Si
  0.1201971E+02  0.4009751E+01  0.4184381E+01  Si
  0.1609974E+02  0.2139488E+02  0.2667170E+00  Si
  0.1923809E+02  0.2498983E+01  0.1198144E+00  Si
  0.1875430E+02  0.2102315E+02  0.2375575E+01  Si
  0.1654119E+02  0.2581878E+01  0.2951113E+01  Si
  0.1752493E+02  0.1000156E+01  0.1337489E+01  Si
  0.2387878E+02  0.7190510E+01  0.3726881E+00  Si
  0.2040763E+02  0.6820299E+00  0.3581305E+01  Si
  0.1759993E+02  0.3865648E+01  0.4532933E+01  Si
  0.6509536E+02  0.5223901E+01  0.6165345E+00  Si
  0.2668281E+01  0.7896015E+01  0.2558087E+00  Si
  0.2747280E+01  0.5352811E+01  0.3175927E+01  Si
  0.2152842E+00  0.7863818E+01  0.3205781E+01  Si
  0.1408224E+01  0.6519371E+01  0.1804136E+01  Si
  0.3834615E+01  0.9294459E+01  0.1975081E+01  Si
  0.3958714E+01  0.6652576E+01  0.4595551E+01  Si
  0.1409408E+01  0.9243560E+01  0.4500528E+01  Si
  0.5341492E+01  0.5245436E+01  0.2164380E+02  Si
  0.7859869E+01  0.7868691E+01  0.3431651E+00  Si
  0.8018595E+01  0.5147545E+01  0.3133043E+01  Si
  0.5208411E+01  0.7966653E+01  0.3284567E+01  Si
  0.6454060E+01  0.6519713E+01  0.1725779E+01  Si
  0.9251606E+01  0.9379246E+01  0.1588139E+01  Si
  0.9508920E+01  0.6574835E+01  0.4538526E+01  Si
  0.6817205E+01  0.9131748E+01  0.4534478E+01  Si
  0.1050985E+02  0.5233959E+01  0.2459974E+00  Si
  0.1360389E+02  0.7743550E+01  0.2168515E+00  Si
  0.1345652E+02  0.5188654E+01  0.2869136E+01  Si
  0.1075859E+02  0.7814111E+01  0.2867387E+01  Si
  0.1212803E+02  0.6399433E+01  0.1627970E+01  Si
  0.1487097E+02  0.9129855E+01  0.1830182E+01  Si
  0.1465708E+02  0.6617126E+01  0.4521336E+01  Si
  0.1204367E+02  0.9188444E+01  0.4541811E+01  Si
  0.1642810E+02  0.5252446E+01  0.3091961E-01  Si
  0.1910587E+02  0.7738304E+01  0.2141587E+02  Si
  0.1900241E+02  0.5445318E+01  0.3137218E+01  Si
  0.1637520E+02  0.7708679E+01  0.3235326E+01  Si
  0.1765093E+02  0.6745134E+01  0.1549068E+01  Si
  0.2043767E+02  0.8925582E+01  0.1561004E+01  Si
  0.2051593E+02  0.6790103E+01  0.4191123E+01  Si
  0.1786323E+02  0.9077335E+01  0.4575506E+01  Si
  0.5347276E-01  0.1061547E+02  0.4035120E+00  Si
  0.2667181E+01  0.1329883E+02  0.1603687E+00  Si
  0.2581399E+01  0.1092205E+02  0.3303288E+01  Si
  0.6513637E+02  0.1326009E+02  0.2801216E+01  Si
  0.1514270E+01  0.1186820E+02  0.1462732E+01  Si
  0.3862162E+01  0.1457409E+02  0.1428005E+01  Si
  0.4088855E+01  0.1188833E+02  0.4496628E+01  Si
  0.1277948E+01  0.1473722E+02  0.4074339E+01  Si
  0.5342616E+01  0.1060305E+02  0.4399860E+00  Si
  0.8012283E+01  0.1327194E+02  0.3507378E+00  Si
  0.7830223E+01  0.1053458E+02  0.3052917E+01  Si
  0.5307606E+01  0.1338902E+02  0.3210042E+01  Si
  0.6626958E+01  0.1190872E+02  0.1644564E+01  Si
  0.9460707E+01  0.1432687E+02  0.2057857E+01  Si
  0.9397794E+01  0.1160072E+02  0.4421390E+01  Si
  0.6739621E+01  0.1454093E+02  0.4606693E+01  Si
  0.1082461E+02  0.1067683E+02  0.2644433E+00  Si
  0.1366936E+02  0.1318032E+02  0.4401358E+00  Si
  0.1362509E+02  0.1045287E+02  0.3259228E+01  Si
  0.1099946E+02  0.1309729E+02  0.3300352E+01  Si
  0.1231699E+02  0.1173035E+02  0.1932978E+01  Si
  0.1490612E+02  0.1435132E+02  0.2028697E+01  Si
  0.1503436E+02  0.1191286E+02  0.4814405E+01  Si
  0.1228081E+02  0.1445802E+02  0.4606123E+01  Si
  0.1614636E+02  0.1038133E+02  0.3576532E+00  Si
  0.1837534E+02  0.1348531E+02  0.8386929E+00  Si
  0.1922239E+02  0.1037469E+02  0.3121242E+01  Si
  0.1627394E+02  0.1314491E+02  0.3319269E+01  Si
  0.1751102E+02  0.1163429E+02  0.2053588E+01  Si
  0.2032915E+02  0.1450004E+02  0.1765551E+01  Si
  0.2014661E+02  0.1208666E+02  0.4683780E+01  Si
  0.1762964E+02  0.1429568E+02  0.4852214E+01  Si
  0.2664933E-01  0.1600697E+02  0.2389153E+00  Si
  0.2539686E+01  0.1869336E+02  0.3991218E+00  Si
  0.2765436E+01  0.1592957E+02  0.2995415E+01  Si
  0.6510831E+02  0.1885718E+02  0.3012406E+01  Si
  0.1178797E+01  0.1725688E+02  0.1888036E+01  Si
  0.3851304E+01  0.2002541E+02  0.1706781E+01  Si
  0.3976468E+01  0.1740275E+02  0.4315193E+01  Si
  0.1248979E+01  0.2021997E+02  0.4468277E+01  Si
  0.5452120E+01  0.1583217E+02  0.2464639E+00  Si
  0.7924187E+01  0.1864683E+02  0.5030970E+00  Si
  0.7974131E+01  0.1592088E+02  0.3235166E+01  Si
  0.5367102E+01  0.1862101E+02  0.2857143E+01  Si
  0.6682417E+01  0.1713609E+02  0.1756892E+01  Si
  0.9470362E+01  0.1969739E+02  0.1922378E+01  Si
  0.9442331E+01  0.1717100E+02  0.4478421E+01  Si
  0.6717970E+01  0.1982492E+02  0.4273351E+01  Si
  0.1103198E+02  0.1572355E+02  0.6479495E+00  Si
  0.1357648E+02  0.1853409E+02  0.2250916E+00  Si
  0.1350635E+02  0.1580142E+02  0.3379270E+01  Si
  0.1081486E+02  0.1830857E+02  0.3273569E+01  Si
  0.1234449E+02  0.1714886E+02  0.1759922E+01  Si
  0.1494859E+02  0.1997706E+02  0.1638460E+01  Si
  0.1497558E+02  0.1704689E+02  0.4679029E+01  Si
  0.1226192E+02  0.1977852E+02  0.4531138E+01  Si
  0.1608062E+02  0.1570962E+02  0.4683124E+00  Si
  0.1856504E+02  0.1848697E+02  0.6638174E+00  Si
  0.1873963E+02  0.1561039E+02  0.3251847E+01  Si
  0.1621346E+02  0.1847349E+02  0.3037996E+01  Si
  0.1732412E+02  0.1689035E+02  0.2077210E+01  Si
  0.2033211E+02  0.1923730E+02  0.1997117E+01  Si
  0.1909987E+02  0.1675258E+02  0.5473993E+01  Si
  0.1746493E+02  0.2032124E+02  0.4143755E+01  Si
  0.6508890E+02  0.2136591E+02  0.5800158E+01  Si
  0.2806169E+01  0.2347223E+01  0.5666118E+01  Si
  0.2797437E+01  0.2089226E+02  0.8322225E+01  Si
  0.1349293E+00  0.2199285E+01  0.8182947E+01  Si
  0.1564881E+01  0.9473501E+00  0.7035125E+01  Si
  0.4101853E+01  0.3632706E+01  0.7052094E+01  Si
  0.3633644E+01  0.1229939E+01  0.9401530E+01  Si
  0.1092312E+01  0.3636023E+01  0.9816480E+01  Si
  0.5446843E+01  0.2148502E+02  0.5718618E+01  Si
  0.8445808E+01  0.2532826E+01  0.5784107E+01  Si
  0.8203469E+01  0.2158687E+02  0.8368545E+01  Si
  0.5591045E+01  0.2515193E+01  0.8435954E+01  Si
  0.6811686E+01  0.1125208E+01  0.6998612E+01  Si
  0.9552824E+01  0.4094678E+01  0.7427300E+01  Si
  0.9455946E+01  0.1123289E+01  0.9814096E+01  Si
  0.6893886E+01  0.4035067E+01  0.9943245E+01  Si
  0.1103638E+02  0.2122658E+02  0.5692553E+01  Si
  0.1345059E+02  0.2395692E+01  0.5516756E+01  Si
  0.1377712E+02  0.2106949E+02  0.8594802E+01  Si
  0.1094687E+02  0.2309207E+01  0.8344778E+01  Si
  0.1238700E+02  0.8784418E+00  0.7142922E+01  Si
  0.1468288E+02  0.3831406E+01  0.7236030E+01  Si
  0.1495272E+02  0.1085443E+01  0.9900123E+01  Si
  0.1229590E+02  0.3603168E+01  0.9907868E+01  Si
  0.1594506E+02  0.2165339E+02  0.5303758E+01  Si
  0.1919228E+02  0.2763207E+01  0.6138204E+01  Si
  0.1802580E+02  0.2160492E+02  0.8712419E+01  Si
  0.1598378E+02  0.2424665E+01  0.8536182E+01  Si
  0.1722353E+02  0.1449233E+01  0.6755224E+01  Si
  0.2417864E+02  0.2032039E+01  0.1123677E+01  Si
  0.2367790E+02  0.2136735E+02  0.8671873E+01  Si
  0.1747914E+02  0.3807772E+01  0.9844065E+01  Si
  0.7637687E-02  0.5058061E+01  0.5928146E+01  Si
  0.2784148E+01  0.8034082E+01  0.5981241E+01  Si
  0.2502535E+01  0.4956187E+01  0.8538733E+01  Si
  0.6508989E+02  0.7970493E+01  0.8828180E+01  Si
  0.1193479E+01  0.6610500E+01  0.7268018E+01  Si
  0.4170527E+01  0.9380280E+01  0.7152186E+01  Si
  0.3775930E+01  0.6560758E+01  0.9983230E+01  Si
  0.1567350E+01  0.9663180E+01  0.9825958E+01  Si
  0.5486394E+01  0.4988384E+01  0.5693819E+01  Si
  0.8455705E+01  0.7943156E+01  0.5870112E+01  Si
  0.7909765E+01  0.5459244E+01  0.8417759E+01  Si
  0.5373231E+01  0.7719411E+01  0.8401685E+01  Si
  0.6773233E+01  0.6564243E+01  0.6900747E+01  Si
  0.9364085E+01  0.9290340E+01  0.7453530E+01  Si
  0.9377126E+01  0.6614350E+01  0.9835001E+01  Si
  0.6515542E+01  0.9178096E+01  0.9807401E+01  Si
  0.1099051E+02  0.5250515E+01  0.5938453E+01  Si
  0.1351315E+02  0.7924443E+01  0.5902677E+01  Si
  0.1354971E+02  0.4938611E+01  0.8715783E+01  Si
  0.1079336E+02  0.7893736E+01  0.8701482E+01  Si
  0.1226558E+02  0.6596801E+01  0.7472982E+01  Si
  0.1475377E+02  0.9067588E+01  0.7181018E+01  Si
  0.1471664E+02  0.6392172E+01  0.9839566E+01  Si
  0.1210393E+02  0.9202060E+01  0.9967901E+01  Si
  0.1618605E+02  0.5035098E+01  0.5842814E+01  Si
  0.1898557E+02  0.7781787E+01  0.6054183E+01  Si
  0.2020638E+02  0.4142292E+01  0.7821027E+01  Si
  0.1612855E+02  0.7830953E+01  0.8668839E+01  Si
  0.1760112E+02  0.6341287E+01  0.7219317E+01  Si
  0.2125661E+02  0.6121523E+01  0.6521467E+01  Si
  0.2042244E+02  0.6524684E+01  0.1052483E+02  Si
  0.1720829E+02  0.9248304E+01  0.1035263E+02  Si
  0.5350649E-01  0.1036985E+02  0.5903907E+01  Si
  0.2574479E+01  0.1330100E+02  0.5689959E+01  Si
  0.2950848E+01  0.1088914E+02  0.8388701E+01  Si
  0.6496985E+02  0.1333491E+02  0.8566433E+01  Si
  0.1232923E+01  0.1193541E+02  0.7230495E+01  Si
  0.4189301E+01  0.1474986E+02  0.7217962E+01  Si
  0.4103520E+01  0.1232880E+02  0.9954372E+01  Si
  0.1307857E+01  0.1459435E+02  0.9744395E+01  Si
  0.5394232E+01  0.1065294E+02  0.5876664E+01  Si
  0.8114726E+01  0.1310574E+02  0.5804968E+01  Si
  0.7778129E+01  0.1054543E+02  0.8631269E+01  Si
  0.5567598E+01  0.1340369E+02  0.8472115E+01  Si
  0.6719140E+01  0.1203361E+02  0.7158999E+01  Si
  0.9532580E+01  0.1441898E+02  0.7060680E+01  Si
  0.9417900E+01  0.1173198E+02  0.9821022E+01  Si
  0.6727890E+01  0.1474371E+02  0.9905923E+01  Si
  0.1079566E+02  0.1067704E+02  0.5883328E+01  Si
  0.1354500E+02  0.1324562E+02  0.6132378E+01  Si
  0.1333760E+02  0.1048464E+02  0.8494809E+01  Si
  0.1070725E+02  0.1323075E+02  0.8511499E+01  Si
  0.1198440E+02  0.1189755E+02  0.7392209E+01  Si
  0.1513553E+02  0.1445142E+02  0.7442707E+01  Si
  0.1452510E+02  0.1191060E+02  0.1014292E+02  Si
  0.1205087E+02  0.1467599E+02  0.1004996E+02  Si
  0.1633912E+02  0.1043217E+02  0.5999542E+01  Si
  0.1902030E+02  0.1334918E+02  0.6614724E+01  Si
  0.1866594E+02  0.1057096E+02  0.8860559E+01  Si
  0.1626920E+02  0.1318419E+02  0.9111890E+01  Si
  0.1765998E+02  0.1185881E+02  0.7448279E+01  Si
  0.2049600E+02  0.1419218E+02  0.8229136E+01  Si
  0.2181920E+02  0.1205135E+02  0.8462820E+01  Si
  0.1771007E+02  0.1421278E+02  0.1056378E+02  Si
  0.5705319E-02  0.1596134E+02  0.5803198E+01  Si
  0.2619745E+01  0.1845573E+02  0.5702409E+01  Si
  0.2639759E+01  0.1592231E+02  0.8776880E+01  Si
  0.6495493E+02  0.1868073E+02  0.8401775E+01  Si
  0.1443977E+01  0.1722936E+02  0.7204599E+01  Si
  0.4152563E+01  0.1974735E+02  0.6917129E+01  Si
  0.3927792E+01  0.1734893E+02  0.1011022E+02  Si
  0.1169484E+01  0.2011620E+02  0.9883263E+01  Si
  0.5339642E+01  0.1601843E+02  0.5793697E+01  Si
  0.8080109E+01  0.1869748E+02  0.5781467E+01  Si
  0.8251291E+01  0.1592336E+02  0.8366262E+01  Si
  0.5478655E+01  0.1862843E+02  0.8657646E+01  Si
  0.6812843E+01  0.1728749E+02  0.7092557E+01  Si
  0.9427009E+01  0.2015875E+02  0.7139421E+01  Si
  0.9380599E+01  0.1730604E+02  0.9959435E+01  Si
  0.6868446E+01  0.2023829E+02  0.9859362E+01  Si
  0.1090120E+02  0.1594162E+02  0.5859599E+01  Si
  0.1378732E+02  0.1861342E+02  0.5919649E+01  Si
  0.1348746E+02  0.1583293E+02  0.8567074E+01  Si
  0.1071744E+02  0.1881762E+02  0.8528311E+01  Si
  0.1216532E+02  0.1751926E+02  0.7335475E+01  Si
  0.1507236E+02  0.2005088E+02  0.7055580E+01  Si
  0.1470871E+02  0.1726748E+02  0.9845217E+01  Si
  0.1214859E+02  0.2009408E+02  0.9954494E+01  Si
  0.1634894E+02  0.1561705E+02  0.6075893E+01  Si
  0.1986287E+02  0.2088870E+02  0.7199180E+01  Si
  0.1887490E+02  0.1596495E+02  0.9004653E+01  Si
  0.1621471E+02  0.1841655E+02  0.8414861E+01  Si
  0.1778987E+02  0.1719369E+02  0.7203123E+01  Si
  0.2141720E+02  0.1947195E+02  0.5991191E+01  Si
  0.2031274E+02  0.1714967E+02  0.1033815E+02  Si
  0.1716804E+02  0.1979527E+02  0.9997051E+01  Si
  0.6504640E+02  0.2152817E+02  0.1105763E+02  Si
  0.2726739E+01  0.2620024E+01  0.1108852E+02  Si
  0.2479093E+01  0.2134917E+02  0.1371572E+02  Si
  0.6483541E+02  0.2368752E+01  0.1387577E+02  Si
  0.1214345E+01  0.1124127E+01  0.1257707E+02  Si
  0.3975967E+01  0.3744255E+01  0.1251797E+02  Si
  0.4031765E+01  0.9983677E+00  0.1512046E+02  Si
  0.1105624E+01  0.3753345E+01  0.1531580E+02  Si
  0.5267756E+01  0.2153374E+02  0.1087563E+02  Si
  0.8046240E+01  0.2602786E+01  0.1109191E+02  Si
  0.8135252E+01  0.2163343E+02  0.1392289E+02  Si
  0.5359969E+01  0.2218098E+01  0.1370904E+02  Si
  0.6763686E+01  0.1132176E+01  0.1213665E+02  Si
  0.9450245E+01  0.3776868E+01  0.1257334E+02  Si
  0.9706417E+01  0.9410460E+00  0.1532055E+02  Si
  0.7072077E+01  0.3497259E+01  0.1508470E+02  Si
  0.1082037E+02  0.2145121E+02  0.1136992E+02  Si
  0.1356146E+02  0.2306428E+01  0.1121900E+02  Si
  0.1359715E+02  0.2141525E+02  0.1393754E+02  Si
  0.1072939E+02  0.2459838E+01  0.1387662E+02  Si
  0.1207263E+02  0.9661790E+00  0.1267007E+02  Si
  0.1495244E+02  0.3722953E+01  0.1278597E+02  Si
  0.1495829E+02  0.8310403E+00  0.1524495E+02  Si
  0.1199795E+02  0.3819994E+01  0.1538790E+02  Si
  0.1599541E+02  0.2127936E+02  0.1137800E+02  Si
  0.1951933E+02  0.1011153E+01  0.1020485E+02  Si
  0.2020894E+02  0.2107607E+02  0.1432889E+02  Si
  0.1650328E+02  0.2092916E+01  0.1386962E+02  Si
  0.1761336E+02  0.7281094E+00  0.1263488E+02  Si
  0.1866162E+02  0.2774673E+01  0.1133497E+02  Si
  0.2044599E+02  0.4093093E+01  0.1090218E+02  Si
  0.1794125E+02  0.3482311E+01  0.1529354E+02  Si
  0.6509279E+02  0.5282300E+01  0.1129867E+02  Si
  0.2689521E+01  0.8023066E+01  0.1133046E+02  Si
  0.2897265E+01  0.4856012E+01  0.1393313E+02  Si
  0.1189001E+00  0.7975811E+01  0.1381254E+02  Si
  0.1453703E+01  0.6559677E+01  0.1261262E+02  Si
  0.4120294E+01  0.9214873E+01  0.1271985E+02  Si
  0.4322709E+01  0.6092718E+01  0.1523717E+02  Si
  0.1280245E+01  0.9126821E+01  0.1551434E+02  Si
  0.5372610E+01  0.5131022E+01  0.1134628E+02  Si
  0.7828980E+01  0.7792298E+01  0.1131835E+02  Si
  0.8305783E+01  0.5090212E+01  0.1405972E+02  Si
  0.5372138E+01  0.7774565E+01  0.1395984E+02  Si
  0.6735984E+01  0.6372172E+01  0.1292181E+02  Si
  0.9287569E+01  0.9101554E+01  0.1260852E+02  Si
  0.9278759E+01  0.6299269E+01  0.1548723E+02  Si
  0.6436124E+01  0.9360900E+01  0.1543648E+02  Si
  0.1068002E+02  0.5129276E+01  0.1089339E+02  Si
  0.1335946E+02  0.7810550E+01  0.1126904E+02  Si
  0.1331906E+02  0.5117520E+01  0.1376261E+02  Si
  0.1053928E+02  0.7623815E+01  0.1402646E+02  Si
  0.1198863E+02  0.6271914E+01  0.1244261E+02  Si
  0.1459100E+02  0.9201349E+01  0.1252336E+02  Si
  0.1496862E+02  0.6474142E+01  0.1505004E+02  Si
  0.1208028E+02  0.9214461E+01  0.1529067E+02  Si
  0.1625051E+02  0.5091967E+01  0.1105313E+02  Si
  0.1846553E+02  0.7459377E+01  0.1145452E+02  Si
  0.1926123E+02  0.4124967E+01  0.1333531E+02  Si
  0.1618555E+02  0.7697794E+01  0.1350280E+02  Si
  0.1757782E+02  0.5756850E+01  0.1289404E+02  Si
  0.2102204E+02  0.7034298E+01  0.1333381E+02  Si
  0.2027496E+02  0.5902123E+01  0.1521982E+02  Si
  0.1764936E+02  0.9203083E+01  0.1471703E+02  Si
  0.3871176E-01  0.1096288E+02  0.1116892E+02  Si
  0.2491832E+01  0.1354268E+02  0.1138659E+02  Si
  0.2722118E+01  0.1043020E+02  0.1421836E+02  Si
  0.6507133E+02  0.1329667E+02  0.1406987E+02  Si
  0.1424613E+01  0.1203550E+02  0.1284000E+02  Si
  0.3967781E+01  0.1482322E+02  0.1267931E+02  Si
  0.3970441E+01  0.1221116E+02  0.1511684E+02  Si
  0.1051562E+01  0.1477158E+02  0.1557685E+02  Si
  0.5260956E+01  0.1058669E+02  0.1130690E+02  Si
  0.8028297E+01  0.1316130E+02  0.1115863E+02  Si
  0.8048993E+01  0.1051240E+02  0.1416862E+02  Si
  0.5381115E+01  0.1335046E+02  0.1372982E+02  Si
  0.6823280E+01  0.1180473E+02  0.1265474E+02  Si
  0.9486081E+01  0.1446611E+02  0.1240136E+02  Si
  0.9565313E+01  0.1193008E+02  0.1540923E+02  Si
  0.6855723E+01  0.1466813E+02  0.1516745E+02  Si
  0.1066427E+02  0.1051353E+02  0.1137786E+02  Si
  0.1342675E+02  0.1330606E+02  0.1156128E+02  Si
  0.1354451E+02  0.1072849E+02  0.1424669E+02  Si
  0.1092970E+02  0.1321161E+02  0.1400407E+02  Si
  0.1210649E+02  0.1165913E+02  0.1275457E+02  Si
  0.1480881E+02  0.1485072E+02  0.1259446E+02  Si
  0.1526040E+02  0.1181495E+02  0.1544447E+02  Si
  0.1231065E+02  0.1445276E+02  0.1551980E+02  Si
  0.1599453E+02  0.1083978E+02  0.1155289E+02  Si
  0.1941399E+02  0.1137869E+02  0.1301785E+02  Si
  0.1949251E+02  0.8938039E+01  0.1290108E+02  Si
  0.1636222E+02  0.1349938E+02  0.1393580E+02  Si
  0.1757573E+02  0.1242559E+02  0.1201853E+02  Si
  0.2277280E+02  0.1679779E+02  0.1331011E+02  Si
  0.1983344E+02  0.1195552E+02  0.1532156E+02  Si
  0.1742404E+02  0.1472851E+02  0.1534196E+02  Si
  0.6504341E+02  0.1600718E+02  0.1135436E+02  Si
  0.2589414E+01  0.1878376E+02  0.1120126E+02  Si
  0.2459807E+01  0.1622521E+02  0.1403410E+02  Si
  0.6509327E+02  0.1894321E+02  0.1396561E+02  Si
  0.1254868E+01  0.1760550E+02  0.1252831E+02  Si
  0.4172410E+01  0.2003589E+02  0.1259157E+02  Si
  0.4023686E+01  0.1751513E+02  0.1529263E+02  Si
  0.1320807E+01  0.2017493E+02  0.1532248E+02  Si
  0.5597584E+01  0.1623873E+02  0.1148489E+02  Si
  0.8276908E+01  0.1883316E+02  0.1115683E+02  Si
  0.8167426E+01  0.1579083E+02  0.1366278E+02  Si
  0.5653220E+01  0.1868749E+02  0.1380273E+02  Si
  0.7019630E+01  0.1743303E+02  0.1240366E+02  Si
  0.9484228E+01  0.2021294E+02  0.1259730E+02  Si
  0.9216872E+01  0.1743352E+02  0.1523844E+02  Si
  0.6965358E+01  0.2000991E+02  0.1508566E+02  Si
  0.1082689E+02  0.1611523E+02  0.1129338E+02  Si
  0.1336011E+02  0.1867629E+02  0.1119083E+02  Si
  0.1330310E+02  0.1609110E+02  0.1416601E+02  Si
  0.1056916E+02  0.1896496E+02  0.1404666E+02  Si
  0.1203192E+02  0.1749853E+02  0.1266802E+02  Si
  0.1481758E+02  0.2004602E+02  0.1258633E+02  Si
  0.1480119E+02  0.1741655E+02  0.1536696E+02  Si
  0.1215963E+02  0.2008920E+02  0.1548425E+02  Si
  0.1616445E+02  0.1620683E+02  0.1138105E+02  Si
  0.1881535E+02  0.1868053E+02  0.1142590E+02  Si
  0.2081164E+02  0.1597358E+02  0.1228860E+02  Si
  0.1602038E+02  0.1871557E+02  0.1409149E+02  Si
  0.1750426E+02  0.1740643E+02  0.1266782E+02  Si
  0.2199793E+02  0.1903959E+02  0.1430671E+02  Si
  0.2052618E+02  0.1753625E+02  0.1521761E+02  Si
  0.1799359E+02  0.2002467E+02  0.1511625E+02  Si
  0.6497041E+02  0.2157032E+02  0.1666316E+02  Si
  0.2753593E+01  0.2467800E+01  0.1644526E+02  Si
  0.2833095E+01  0.2149720E+02  0.1956562E+02  Si
  0.6502012E+02  0.2533386E+01  0.1940131E+02  Si
  0.1338639E+01  0.1145078E+01  0.1801612E+02  Si
  0.4107315E+01  0.3744927E+01  0.1791861E+02  Si
  0.4016973E+01  0.1062098E+01  0.2079518E+02  Si
  0.1268071E+01  0.3921453E+01  0.2079619E+02  Si
  0.5439826E+01  0.2126009E+02  0.1648714E+02  Si
  0.8393485E+01  0.2068698E+01  0.1671389E+02  Si
  0.7944654E+01  0.2109180E+02  0.1938126E+02  Si
  0.5409521E+01  0.2340666E+01  0.1932494E+02  Si
  0.6641544E+01  0.9162049E+00  0.1802238E+02  Si
  0.9303670E+01  0.3836261E+01  0.1818915E+02  Si
  0.9382835E+01  0.8170867E+00  0.2078781E+02  Si
  0.6816745E+01  0.3761143E+01  0.2065793E+02  Si
  0.1070919E+02  0.2112532E+02  0.1706444E+02  Si
  0.1352193E+02  0.2440791E+01  0.1648427E+02  Si
  0.1368652E+02  0.2145094E+02  0.1942287E+02  Si
  0.1077616E+02  0.2229410E+01  0.1946206E+02  Si
  0.1222590E+02  0.9247536E+00  0.1807399E+02  Si
  0.1494628E+02  0.3929624E+01  0.1763840E+02  Si
  0.1510772E+02  0.1250772E+01  0.2054614E+02  Si
  0.1186127E+02  0.3884460E+01  0.2057852E+02  Si
  0.1643723E+02  0.2095383E+02  0.1653733E+02  Si
  0.1937870E+02  0.2005842E+01  0.1664399E+02  Si
  0.1869155E+02  0.2147029E+02  0.1962206E+02  Si
  0.1647631E+02  0.2395410E+01  0.1901428E+02  Si
  0.1755293E+02  0.6991283E+00  0.1791031E+02  Si
  0.2060964E+02  0.3286586E+01  0.1805507E+02  Si
  0.2029786E+02  0.7370884E+00  0.2063175E+02  Si
  0.1772612E+02  0.3745405E+01  0.2042833E+02  Si
  0.6509542E+02  0.5244969E+01  0.1656599E+02  Si
  0.2727794E+01  0.7487373E+01  0.1662672E+02  Si
  0.2780592E+01  0.4919956E+01  0.1917910E+02  Si
  0.6506095E+02  0.7858703E+01  0.1933108E+02  Si
  0.1369012E+01  0.6536383E+01  0.1788413E+02  Si
  0.3622154E+01  0.9474201E+01  0.1771031E+02  Si
  0.3915942E+01  0.6664434E+01  0.2035959E+02  Si
  0.1414488E+01  0.9288040E+01  0.2065901E+02  Si
  0.5572382E+01  0.4830150E+01  0.1650898E+02  Si
  0.8088106E+01  0.7976032E+01  0.1664597E+02  Si
  0.7926849E+01  0.5397342E+01  0.1934878E+02  Si
  0.4995050E+01  0.7904223E+01  0.1898316E+02  Si
  0.6686022E+01  0.6435737E+01  0.1770807E+02  Si
  0.9389094E+01  0.9156845E+01  0.1815174E+02  Si
  0.9333873E+01  0.6751640E+01  0.2071094E+02  Si
  0.6323576E+01  0.8838052E+01  0.2072567E+02  Si
  0.1048139E+02  0.5146280E+01  0.1688718E+02  Si
  0.1344696E+02  0.7731095E+01  0.1640689E+02  Si
  0.1359786E+02  0.5119028E+01  0.1915539E+02  Si
  0.1092647E+02  0.7776137E+01  0.1921213E+02  Si
  0.1212479E+02  0.6468524E+01  0.1770794E+02  Si
  0.1500539E+02  0.9052491E+01  0.1774629E+02  Si
  0.1493446E+02  0.6565483E+01  0.2040095E+02  Si
  0.1215783E+02  0.9175621E+01  0.2074269E+02  Si
  0.1639370E+02  0.5107490E+01  0.1633604E+02  Si
  0.1890713E+02  0.7656661E+01  0.1614121E+02  Si
  0.1912133E+02  0.4966322E+01  0.1906799E+02  Si
  0.1643568E+02  0.7484685E+01  0.1906512E+02  Si
  0.1781497E+02  0.6235936E+01  0.1769127E+02  Si
  0.2031139E+02  0.9190996E+01  0.1796003E+02  Si
  0.2040427E+02  0.6159928E+01  0.2048773E+02  Si
  0.1744552E+02  0.9009229E+01  0.2025511E+02  Si
  0.2084649E+00  0.1088709E+02  0.1655247E+02  Si
  0.2742866E+01  0.1348782E+02  0.1656572E+02  Si
  0.2789927E+01  0.1080841E+02  0.1938211E+02  Si
  0.6505266E+02  0.1336547E+02  0.1942962E+02  Si
  0.1416732E+01  0.1218939E+02  0.1799382E+02  Si
  0.3997837E+01  0.1480966E+02  0.1785899E+02  Si
  0.4210118E+01  0.1219082E+02  0.2059943E+02  Si
  0.1326876E+01  0.1470125E+02  0.2043453E+02  Si
  0.5348735E+01  0.1077591E+02  0.1646246E+02  Si
  0.8084439E+01  0.1329442E+02  0.1661591E+02  Si
  0.7832925E+01  0.1043338E+02  0.1949352E+02  Si
  0.5578469E+01  0.1342080E+02  0.1914896E+02  Si
  0.6710377E+01  0.1171433E+02  0.1797817E+02  Si
  0.9407838E+01  0.1439984E+02  0.1819063E+02  Si
  0.9143127E+01  0.1182894E+02  0.2072620E+02  Si
  0.6735510E+01  0.1458002E+02  0.2062097E+02  Si
  0.1079015E+02  0.1037041E+02  0.1656589E+02  Si
  0.1365262E+02  0.1292824E+02  0.1673489E+02  Si
  0.1353582E+02  0.1038582E+02  0.1906634E+02  Si
  0.1071393E+02  0.1315478E+02  0.1954028E+02  Si
  0.1211026E+02  0.1185365E+02  0.1790001E+02  Si
  0.1475448E+02  0.1436728E+02  0.1816712E+02  Si
  0.1487398E+02  0.1178743E+02  0.2055040E+02  Si
  0.1226260E+02  0.1449468E+02  0.2074609E+02  Si
  0.1647064E+02  0.1014224E+02  0.1657807E+02  Si
  0.1848376E+02  0.1343923E+02  0.1696053E+02  Si
  0.1894983E+02  0.1048519E+02  0.1914915E+02  Si
  0.1605023E+02  0.1332752E+02  0.1931256E+02  Si
  0.1717831E+02  0.1165905E+02  0.1806553E+02  Si
  0.2032114E+02  0.1446953E+02  0.1826703E+02  Si
  0.1941693E+02  0.1141187E+02  0.2142118E+02  Si
  0.1757598E+02  0.1460034E+02  0.2068865E+02  Si
  0.6473566E+02  0.1599302E+02  0.1692513E+02  Si
  0.2653480E+01  0.1875147E+02  0.1661922E+02  Si
  0.2728801E+01  0.1626352E+02  0.1911941E+02  Si
  0.6513329E+02  0.1879734E+02  0.1925460E+02  Si
  0.1252146E+01  0.1759626E+02  0.1790780E+02  Si
  0.4146687E+01  0.2015583E+02  0.1796658E+02  Si
  0.4126096E+01  0.1723861E+02  0.2070815E+02  Si
  0.1294758E+01  0.2017601E+02  0.2076295E+02  Si
  0.5583142E+01  0.1597822E+02  0.1660001E+02  Si
  0.8140539E+01  0.1890965E+02  0.1661499E+02  Si
  0.8350370E+01  0.1594666E+02  0.1956272E+02  Si
  0.5377232E+01  0.1856152E+02  0.1925228E+02  Si
  0.6885489E+01  0.1732570E+02  0.1808436E+02  Si
  0.9509527E+01  0.1965195E+02  0.1833448E+02  Si
  0.9650048E+01  0.1713647E+02  0.2113337E+02  Si
  0.6665676E+01  0.1977988E+02  0.2085005E+02  Si
  0.1069737E+02  0.1579586E+02  0.1663313E+02  Si
  0.1336330E+02  0.1863921E+02  0.1688467E+02  Si
  0.1343560E+02  0.1598973E+02  0.1923745E+02  Si
  0.1115496E+02  0.1847630E+02  0.1989649E+02  Si
  0.1184753E+02  0.1742592E+02  0.1803576E+02  Si
  0.1481174E+02  0.2001913E+02  0.1816766E+02  Si
  0.1490007E+02  0.1704376E+02  0.2063040E+02  Si
  0.1219343E+02  0.2022013E+02  0.2081208E+02  Si
  0.1593653E+02  0.1579000E+02  0.1688041E+02  Si
  0.1912291E+02  0.1871070E+02  0.1671994E+02  Si
  0.1886842E+02  0.1622576E+02  0.1948784E+02  Si
  0.1596745E+02  0.1865862E+02  0.1927576E+02  Si
  0.1737920E+02  0.1740192E+02  0.1786814E+02  Si
  0.2036737E+02  0.2022667E+02  0.1821865E+02  Si
  0.2048323E+02  0.1703748E+02  0.2095309E+02  Si
  0.1740718E+02  0.1992145E+02  0.2077520E+02  Si
  0.2490440E+02  0.1456762E+02  0.1000946E+02  Si
  0.2379760E+02  0.7596270E+01  0.1581348E+02  Si
  0.2960306E+02  0.9292306E+00  0.6592189E+01  Si
  0.2324197E+02  0.1421366E+01  0.1425339E+02  Si
  0.2733352E+02  0.5721176E+00  0.2719496E+01  Si
  0.2970464E+02  0.1564534E+02  0.3652805E+01  Si
  0.2686000E+02  0.1294911E+02  0.6712059E+01  Si
  0.1946485E+02  0.2072500E+02  0.1221126E+02  Si
  0.2830750E+02  0.6263187E+01  0.1594357E+02  Si
  0.3682285E+02  0.2016839E+02  0.1508733E+02  Si
  0.2540759E+02  0.1806224E+02  0.2090886E+02  Si
  0.4316343E+02  0.1977950E+01  0.1930475E+02  Si
  0.3406028E+02  0.1263810E+02  0.3538896E+01  Si
  0.2816254E+02  0.6933956E+01  0.2465446E+01  Si
  0.3901218E+02  0.9431767E+00  0.1057241E+02  Si
  0.4007414E+02  0.2133922E+02  0.3338901E+01  Si
  0.2367639E+02  0.1300242E+02  0.5914863E+01  Si
  0.3336639E+02  0.1450602E+02  0.1391304E+02  Si
  0.2801703E+02  0.4604524E+01  0.7968732E+01  Si
  0.3236984E+02  0.7169076E+01  0.1051871E+02  Si
  0.3679794E+02  0.1789530E+01  0.4949409E+00  Si
  0.3024473E+02  0.3916456E+01  0.2096410E+00  Si
  0.3870275E+02  0.4052494E+01  0.1407180E+02  Si
  0.2663543E+02  0.1085746E+02  0.1293603E+02  Si
  0.3607398E+02  0.2144873E+02  0.1957181E+02  Si
  0.4203014E+02  0.1195398E+02  0.4408573E+01  Si
  0.4071113E+02  0.1106219E+02  0.1880258E+02  Si
  0.3892432E+02  0.1878034E+01  0.3096558E+01  Si
  0.4004188E+02  0.8430325E+01  0.4423609E+01  Si
  0.2453208E+02  0.1389676E+02  0.1219100E+02  Si
  0.2855267E+02  0.7744177E+01  0.2072458E+02  Si
  0.4152373E+02  0.6711107E+01  0.4200499E+01  Si
  0.2321223E+02  0.9522909E+01  0.5665258E+01  Si
  0.2248590E+02  0.1482898E+02  0.7027250E+01  Si
  0.2488624E+02  0.1554334E+02  0.1616182E+02  Si
  0.2985278E+02  0.1570627E+02  0.7018215E+01  Si
  0.2143995E+02  0.7689868E+01  0.8543603E+01  Si
  0.2737588E+02  0.2169575E+02  0.1456952E+02  Si
  0.2726643E+02  0.1747898E+02  0.1719039E+02  Si
  0.3359300E+02  0.2683448E+00  0.1354219E+02  Si
  0.2324663E+02  0.9711115E+01  0.1094334E+02  Si
  0.2784137E+02  0.1393734E+02  0.3254501E+01  Si
  0.3889572E+02  0.1666281E+02  0.3219292E+00  Si
  0.2935974E+02  0.1654956E+02  0.1753875E+02  Si
  0.2654951E+02  0.2091974E+02  0.1858019E+02  Si
  0.3852274E+02  0.1948663E+02  0.1120066E+02  Si
  0.3483894E+02  0.1303552E+02  0.1992009E+02  Si
  0.2161302E+02  0.1290317E+02  0.3097003E+01  Si
  0.3845014E+02  0.1933131E+01  0.1528442E+02  Si
  0.4097401E+02  0.1294414E+00  0.8118241E+01  Si
  0.3889450E+02  0.1403079E+02  0.8328861E+01  Si
  0.3637865E+02  0.2055111E+02  0.5080554E+01  Si
  0.2483627E+02  0.1989890E+02  0.6425295E+01  Si
  0.2388082E+02  0.1536779E+02  0.1962690E+02  Si
  0.3962464E+02  0.1016007E+02  0.2078098E+02  Si
  0.3792543E+02  0.1690877E+02  0.1400067E+02  Si
  0.3432894E+02  0.6468774E+00  0.6677809E+01  Si
  0.2856012E+02  0.4874479E+01  0.1827651E+02  Si
  0.3634994E+02  0.1887150E+02  0.6958257E+01  Si
  0.4183108E+02  0.4082642E+01  0.1703969E+01  Si
  0.2354292E+02  0.1989707E+02  0.1590399E+02  Si
  0.2297888E+02  0.3893783E+01  0.1567156E+01  Si
  0.4033874E+02  0.8265361E+01  0.1135175E+02  Si
  0.3147177E+02  0.9155447E+01  0.3220107E+01  Si
  0.2003400E+02  0.1871068E+02  0.4525444E+01  Si
  0.2475388E+02  0.6572107E+01  0.9772291E+01  Si
  0.2671267E+02  0.2062376E+02  0.1000761E+02  Si
  0.2194626E+02  0.7015143E+01  0.2209538E+01  Si
  0.2842799E+02  0.1458933E+02  0.1152348E+02  Si
  0.2816201E+02  0.1646537E+02  0.5638020E+01  Si
  0.2847316E+02  0.1725307E+02  0.1412762E+01  Si
  0.3458651E+02  0.2034530E+02  0.1837873E+02  Si
  0.2517516E+02  0.9274400E+01  0.7124575E+01  Si
  0.3860134E+02  0.1344320E+02  0.1571552E+02  Si
  0.2291681E+02  0.1441706E+02  0.1392711E+02  Si
  0.2316977E+02  0.4836982E+01  0.5702150E+01  Si
  0.3530849E+02  0.1719821E+02  0.8447075E+01  Si
  0.2719283E+02  0.1879082E+02  0.1923354E+02  Si
  0.3666377E+02  0.1475339E+02  0.2021139E+02  Si
  0.2740922E+02  0.1746065E+02  0.1257347E+02  Si
  0.1992803E+02  0.9203332E+01  0.7561107E+01  Si
  0.3541817E+02  0.1642780E+02  0.3996583E+01  Si
  0.3386731E+02  0.1357738E+02  0.9833517E+01  Si
  0.3674478E+02  0.1402322E+02  0.9260187E+01  Si
  0.2215445E+02  0.1912165E+02  0.2149154E+02  Si
  0.2386355E+02  0.1445495E+02  0.8831784E-01  Si
  0.3139357E+02  0.1452570E+02  0.4875303E+01  Si
  0.3515737E+02  0.1441993E+01  0.3045051E+01  Si
  0.3218425E+02  0.5774455E+01  0.6229140E+01  Si
  0.3592891E+02  0.7616830E+01  0.8629435E+01  Si
  0.3992833E+02  0.1929776E+02  0.1333331E+02  Si
  0.3938648E+02  0.1139008E+02  0.5687430E+01  Si
  0.2733489E+02  0.1460483E+02  0.9452265E+01  Si
  0.4012399E+02  0.1528428E+02  0.1815868E+02  Si
  0.3281525E+02  0.2009003E+02  0.3328926E+01  Si
  0.2922497E+02  0.2076481E+02  0.1071805E+02  Si
  0.2537597E+02  0.2150684E+02  0.4192184E+00  Si
  0.2491566E+02  0.2122368E+02  0.1465582E+02  Si
  0.2601988E+02  0.1290086E+02  0.1741301E+02  Si
  0.2896923E+02  0.1636260E+02  0.9194304E+01  Si
  0.2158881E+02  0.1091152E+02  0.1667849E+02  Si
  0.2349583E+02  0.8095467E+01  0.3758085E+01  Si
  0.2708011E+02  0.1978805E+02  0.7746515E+01  Si
  0.3503378E+02  0.1261251E+02  0.5553480E+01  Si
  0.2923151E+02  0.1244642E+02  0.1259003E+02  Si
  0.3767086E+02  0.3671686E+01  0.1201409E+02  Si
  0.2241043E+02  0.2117509E+02  0.1750301E+02  Si
  0.2203804E+02  0.1617360E+02  0.1832032E+02  Si
  0.2389745E+02  0.4712369E+01  0.1965868E+02  Si
  0.4009609E+02  0.1417044E+02  0.2041293E+02  Si
  0.3469526E+02  0.1921487E+02  0.1171542E+02  Si
  0.3869293E+02  0.9081581E+01  0.9948942E+01  Si
  0.2316833E+02  0.1100439E+02  0.2475245E+01  Si
  0.4193739E+02  0.9395242E+00  0.4305132E+01  Si
  0.3871634E+02  0.1882978E+02  0.1844599E+02  Si
  0.2918597E+02  0.1196532E+02  0.7533274E+00  Si
  0.4211473E+02  0.6677841E+01  0.1542424E+02  Si
  0.4200234E+02  0.2041552E+02  0.1301037E+02  Si
  0.2980348E+02  0.1224341E+01  0.1908077E+02  Si
  0.2320754E+02  0.1923497E+02  0.7848626E+01  Si
  0.4064023E+02  0.1714775E+02  0.1993827E+02  Si
  0.3979809E+02  0.7993404E+01  0.2044323E+02  Si
  0.3642566E+02  0.1873899E+02  0.3644241E+01  Si
  0.3895718E+02  0.6085974E+01  0.1801868E+02  Si
  0.3436902E+02  0.1676165E+02  0.1479065E+02  Si
  0.3814673E+02  0.1425413E+02  0.2765708E+00  Si
  0.2155797E+02  0.1484234E+02  0.2152292E+02  Si
  0.3685235E+02  0.5771281E+01  0.1715180E+02  Si
  0.3069174E+02  0.1848158E+02  0.1502909E+01  Si
  0.3138035E+02  0.9516750E+01  0.1953463E+02  Si
  0.2705349E+02  0.1061995E+02  0.3964554E+01  Si
  0.3384629E+02  0.6492952E+01  0.8626089E+01  Si
  0.2278195E+02  0.1663323E+02  0.1602402E+02  Si
  0.2260397E+02  0.1776685E+02  0.9730360E+01  Si
  0.1839098E+02  0.1930585E+02  0.6022445E+01  Si
  0.4061510E+02  0.7894200E+01  0.1676254E+02  Si
  0.2953707E+02  0.6744260E+01  0.4471670E+01  Si
  0.2739740E+02  0.3203545E+00  0.2075136E+02  Si
  0.4126463E+02  0.1550143E+02  0.4428185E+00  Si
  0.2644904E+02  0.2864826E+01  0.6264667E+01  Si
  0.3711978E+02  0.1799916E+02  0.1603267E+02  Si
  0.4357789E+02  0.1357165E+02  0.1948287E+02  Si
  0.2998019E+02  0.1484312E+02  0.1596333E+02  Si
  0.3167215E+02  0.1198560E+01  0.2078423E+02  Si
  0.2922188E+02  0.9624480E+01  0.3075755E+01  Si
  0.2662669E+02  0.1697588E+02  0.1488690E+02  Si
  0.3711218E+02  0.1274185E+02  0.1736400E+02  Si
  0.3348185E+02  0.1400125E+02  0.1651569E+02  Si
  0.3130959E+02  0.2155730E+02  0.1429683E+02  Si
  0.2145511E+02  0.1103189E+02  0.7138286E+00  Si
  0.2674025E+02  0.2712196E+01  0.8780293E+01  Si
  0.3608052E+02  0.1814239E+01  0.1484964E+02  Si
  0.4120140E+02  0.2158445E+02  0.1789071E+02  Si
  0.4205464E+02  0.9798510E+01  0.7504680E+01  Si
  0.3623601E+02  0.1271376E+02  0.1749417E+00  Si
  0.3985735E+02  0.1516308E+00  0.1997489E+02  Si
  0.4154920E+02  0.6352776E+01  0.2025667E+02  Si
  0.3946729E+02  0.1414339E+02  0.1332676E+02  Si
  0.4073308E+02  0.5129004E+01  0.8926679E+01  Si
  0.4027364E+02  0.1656428E+02  0.4241585E+01  Si
  0.3860469E+02  0.2115974E+02  0.8321516E+01  Si
  0.3549778E+02  0.2020615E+02  0.1893218E+01  Si
  0.2647105E+02  0.1473130E+02  0.5237954E+01  Si
  0.2126503E+02  0.1368091E+02  0.1238583E+02  Si
  0.2280920E+02  0.1074938E+02  0.2063803E+02  Si
  0.3455506E+02  0.8305151E+01  0.1375020E+02  Si
  0.2093973E+02  0.9811590E+00  0.6023615E+01  Si
  0.2551192E+02  0.1004431E+02  0.2154144E+02  Si
  0.2840922E+02  0.2494355E+01  0.2147346E+02  Si
  0.2112546E+02  0.2115394E+02  0.7332525E+00  Si
  0.2192728E+02  0.1687354E+01  0.1941877E+02  Si
  0.2298699E+02  0.9518148E+00  0.1189088E+02  Si
  0.2628089E+02  0.1748538E+02  0.1463353E+01  Si
  0.2975168E+02  0.1084818E+02  0.1830278E+02  Si
  0.2867533E+02  0.1320514E+01  0.9741154E+01  Si
  0.3035968E+02  0.4955406E+01  0.1970656E+02  Si
  0.3258500E+02  0.1464844E+02  0.8983459E+00  Si
  0.3371726E+02  0.5180706E+01  0.1910255E+01  Si
  0.3812079E+02  0.3797791E+01  0.2010648E+02  Si
  0.4115814E+02  0.1887130E+02  0.1130543E+02  Si
  0.3028833E+02  0.2033073E+02  0.1615542E+02  Si
  0.3352703E+02  0.1023031E+02  0.3735589E+01  Si
  0.2141606E+02  0.1079485E+02  0.6374470E+01  Si
  0.3911242E+02  0.4034250E+01  0.1040485E+02  Si
  0.2501247E+02  0.3788182E+01  0.1299270E+02  Si
  0.3084735E+02  0.1263274E+01  0.3727724E+01  Si
  0.3202350E+02  0.1669796E+02  0.2292950E+01  Si
  0.3495672E+02  0.1494225E+02  0.8153587E+01  Si
  0.2739939E+02  0.3163574E+01  0.1349050E+02  Si
  0.2317364E+02  0.1468374E+02  0.3861085E+01  Si
  0.3793305E+02  0.5576922E+01  0.3723594E+01  Si
  0.3063949E+02  0.1343796E+02  0.7180999E+01  Si
  0.2386785E+02  0.8775963E+01  0.2023167E+02  Si
  0.2894941E+02  0.9661506E+01  0.6006907E+00  Si
  0.3340409E+02  0.1490125E+02  0.2059637E+02  Si
  0.3274612E+02  0.1225787E+02  0.6848821E+01  Si
  0.3167220E+02  0.5448794E+01  0.8724026E+01  Si
  0.2057562E+02  0.1416521E+02  0.1473025E+02  Si
  0.4194248E+02  0.8853359E+01  0.1562349E+01  Si
  0.2176018E+02  0.7877434E+01  0.1901801E+02  Si
  0.2139884E+02  0.8220802E+00  0.1571238E+02  Si
  0.2706681E+02  0.9407520E+01  0.1977296E+02  Si
  0.2633863E+02  0.1590878E+02  0.2009981E+02  Si
  0.3743217E+02  0.1026262E+02  0.1780896E+02  Si
  0.2970332E+02  0.2989781E+01  0.8192255E+01  Si
  0.3163851E+02  0.3925161E+01  0.2272949E+01  Si
  0.4249734E+02  0.1959628E+02  0.1272568E+01  Si
  0.4218478E+02  0.1724230E+02  0.9719003E+01  Si
  0.3022645E+02  0.1041470E+02  0.1163405E+02  Si
  0.2669418E+02  0.1522853E+02  0.1781564E+02  Si
  0.3332394E+02  0.1800134E+02  0.3602909E+01  Si
  0.3370271E+02  0.1141749E+02  0.8853120E+01  Si
  0.4056356E+02  0.1283309E+02  0.1718433E+02  Si
  0.3104875E+02  0.1550710E+02  0.1387048E+02  Si
  0.3440509E+02  0.4254374E+01  0.2164334E+02  Si
  0.2435808E+02  0.1323036E+02  0.1906515E+02  Si
  0.3687011E+02  0.1450628E+02  0.1153215E+02  Si
  0.4198852E+02  0.3782898E+01  0.1277264E+02  Si
  0.2390762E+02  0.1787954E+02  0.1762953E+02  Si
  0.4037610E+02  0.1275022E+02  0.9767205E+01  Si
  0.3196451E+02  0.1659318E+02  0.7752870E+01  Si
  0.4211795E+02  0.9389893E+01  0.1774154E+02  Si
  0.3501264E+02  0.6947502E+01  0.2109204E+01  Si
  0.2606576E+02  0.1516365E+02  0.8672250E+00  Si
  0.2863931E+02  0.4845891E+01  0.5595569E+01  Si
  0.3139390E+02  0.9346394E+01  0.7337737E+00  Si
  0.3815361E+02  0.1489315E+02  0.5962872E+01  Si
  0.2857072E+02  0.1306478E+02  0.8547581E+01  Si
  0.3172731E+02  0.1466860E+02  0.9110786E+01  Si
  0.3774617E+02  0.1024314E+02  0.4265553E+01  Si
  0.4046185E+02  0.4547153E+01  0.1922925E+02  Si
  0.2910407E+02  0.1093298E+02  0.9444737E+01  Si
  0.3930070E+02  0.1123282E+02  0.1313674E+01  Si
  0.2186478E+02  0.1608135E+02  0.5221280E+01  Si
  0.2670776E+02  0.2388984E+01  0.1347689E+01  Si
  0.2935133E+02  0.2100482E+02  0.4193641E+00  Si
  0.4173473E+02  0.6684877E+01  0.1011235E+02  Si
  0.3722499E+02  0.3662222E+00  0.2372907E+01  Si
  0.3437706E+02  0.7817176E+01  0.1857080E+02  Si
  0.2527276E+02  0.1351191E+02  0.3473502E+01  Si
  0.2803709E+02  0.1396922E+02  0.1981931E+02  Si
  0.3465815E+02  0.8690356E+01  0.6532472E+00  Si
  0.3799463E+02  0.4204233E+01  0.5926350E+01  Si
  0.3724819E+02  0.1469377E+02  0.1413455E+02  Si
  0.3071565E+02  0.7169518E+01  0.1970601E+02  Si
  0.2300878E+02  0.1155606E+01  0.6787880E+01  Si
  0.3572103E+02  0.1679344E+02  0.2092650E+02  Si
  0.3491484E+02  0.1560539E+02  0.1244930E+02  Si
  0.2931569E+02  0.2711488E-01  0.1285433E+02  Si
  0.2432667E+02  0.2006458E+02  0.2094876E+02  Si
  0.2185296E+02  0.5629744E+00  0.9793225E+01  Si
  0.3135517E+02  0.1242858E+02  0.1192663E+01  Si
  0.3916347E+02  0.1470060E+02  0.3523233E+01  Si
  0.3239518E+02  0.1128311E+02  0.1235952E+02  Si
  0.4192315E+02  0.9281821E+01  0.1262868E+02  Si
  0.3867052E+02  0.1852152E+02  0.3114312E+01  Si
  0.2484420E+02  0.1181633E+02  0.7434570E+01  Si
  0.2835902E+02  0.6854617E+01  0.8165771E+01  Si
  0.3198588E+02  0.4260329E+00  0.7191595E+01  Si
  0.2935677E+02  0.9205497E+01  0.1682204E+02  Si
  0.2073595E+02  0.1317831E+02  0.2022399E+02  Si
  0.3613222E+02  0.1040426E+02  0.5996690E+01  Si
  0.3627032E+02  0.2165321E+01  0.1979188E+02  Si
  0.2181845E+02  0.4676726E+01  0.1641868E+02  Si
  0.3045144E+02  0.9703604E+01  0.1469175E+02  Si
  0.2438728E+02  0.5896114E+01  0.3864169E+01  Si
  0.4089067E+02  0.1858435E+01  0.6355249E+01  Si
  0.2661529E+02  0.1514861E+02  0.1311308E+02  Si
  0.2565077E+02  0.1084158E+02  0.1055295E+02  Si
  0.3336123E+02  0.1863685E+02  0.7795918E+01  Si
  0.3580015E+02  0.3821617E+01  0.6603299E+01  Si
  0.3628639E+02  0.7165430E+01  0.1307597E+02  Si
  0.4226662E+02  0.2044103E+02  0.7138790E+01  Si
  0.3054407E+02  0.2737403E+01  0.5356548E+01  Si
  0.3166829E+02  0.1236217E+02  0.1818334E+02  Si
  0.3729201E+02  0.5476902E+01  0.9520381E+01  Si
  0.3182977E+02  0.2012984E+02  0.8494457E+01  Si
  0.3487151E+02  0.4906795E+01  0.1017500E+02  Si
  0.3666866E+02  0.1161038E+02  0.1007317E+02  Si
  0.4007941E+02  0.1054650E+01  0.1354578E+02  Si
  0.3968635E+02  0.1818327E+02  0.1626664E+02  Si
  0.3743867E+02  0.5916043E+01  0.2006326E+02  Si
  0.4036862E+02  0.2481682E+01  0.1020309E+01  Si
  0.3046069E+02  0.1763188E+02  0.1360479E+02  Si
  0.3506161E+02  0.5854406E+01  0.1987205E+02  Si
  0.3038383E+02  0.7449355E+01  0.9519954E+01  Si
  0.3916271E+02  0.7095553E+01  0.1329036E+02  Si
  0.3450899E+02  0.9500838E+01  0.1578586E+02  Si
  0.2425071E+02  0.5819630E-01  0.1927851E+02  Si
  0.2457624E+02  0.1223989E+02  0.2118541E+02  Si
  0.2422540E+02  0.1788329E+00  0.5171886E+01  Si
  0.3792486E+02  0.1517166E+00  0.6141806E+01  Si
  0.2357889E+02  0.4289836E+01  0.9382020E+01  Si
  0.2953857E+02  0.1762717E+02  0.1134920E+02  Si
  0.2725837E+02  0.4098323E+01  0.1627259E+02  Si
  0.2134812E+02  0.1143811E+02  0.1161404E+02  Si
  0.2833431E+02  0.1216755E+02  0.4778741E+01  Si
  0.3527417E+02  0.1666263E+02  0.1696925E+02  Si
  0.4067696E+02  0.2352785E+01  0.1152757E+02  Si
  0.2841371E+02  0.1331348E+02  0.1459614E+02  Si
  0.4083349E+02  0.1963946E+02  0.1959424E+02  Si
  0.3823451E+02  0.8062662E+01  0.7796937E+01  Si
  0.3769491E+02  0.7826179E+01  0.4520789E+01  Si
  0.4229801E+02  0.1154643E+02  0.9251915E+01  Si
  0.3415571E+02  0.2656062E+01  0.9920603E+01  Si
  0.2695132E+02  0.7431449E+01  0.9937397E+01  Si
  0.3917246E+02  0.8834197E+01  0.1498550E+02  Si
  0.2640051E+02  0.4783134E+01  0.4429960E+01  Si
  0.2240848E+02  0.2079408E+02  0.4110912E+01  Si
  0.2521237E+02  0.1667058E+02  0.6312288E+01  Si
  0.4227555E+02  0.1741209E+02  0.4290494E+01  Si
  0.4195181E+02  0.1745251E+02  0.1542431E+02  Si
  0.2267003E+02  0.4711637E+00  0.2295257E+01  Si
  0.3397073E+02  0.9039273E+01  0.5776016E+01  Si
  0.3013479E+02  0.1981467E+02  0.5315429E+01  Si
  0.3771551E+02  0.1816965E+02  0.2058395E+02  Si
  0.3106769E+02  0.3278329E+01  0.1168408E+02  Si
  0.4080213E+02  0.1036023E+02  0.2953268E+01  Si
  0.3318153E+02  0.4922638E+01  0.1650509E+02  Si
  0.4064532E+02  0.1616997E+02  0.1392936E+02  Si
  0.2505346E+02  0.5233325E+01  0.1482146E+01  Si
  0.3291337E+02  0.1116500E+02  0.1209188E-01  Si
  0.2461606E+02  0.1135546E+02  0.4407925E+01  Si
  0.2702034E+02  0.1094742E+02  0.1504700E+01  Si
  0.2725031E+02  0.9396180E+01  0.1567368E+02  Si
  0.2587588E+02  0.1857947E+02  0.1100686E+02  Si
  0.2766296E+02  0.8596319E+01  0.6862344E+01  Si
  0.3253606E+02  0.1189482E+02  0.1606845E+02  Si
  0.1878543E+02  0.5451705E+01  0.8962528E+01  Si
  0.2798441E+02  0.7325244E+01  0.1207414E+02  Si
  0.3611025E+02  0.8181011E+01  0.1706919E+02  Si
  0.3522750E+02  0.4325727E+01  0.1797102E+02  Si
  0.3310627E+02  0.9493925E+01  0.1033353E+02  Si
  0.2538819E+02  0.7666945E+01  0.1290771E+02  Si
  0.2850578E+02  0.9417041E+01  0.1323626E+02  Si
  0.3284432E+02  0.1838127E+01  0.2523381E+01  Si
  0.3473027E+02  0.1385307E+02  0.1576048E+01  Si
  0.3236188E+02  0.1831409E+02  0.1230685E+02  Si
  0.3792767E+02  0.7221362E+01  0.1113737E+02  Si
  0.2312932E+02  0.6028493E+01  0.1402735E+02  Si
  0.3568793E+02  0.2058689E+01  0.1730003E+02  Si
  0.3460614E+02  0.1304257E+01  0.1149629E+02  Si
  0.3481825E+02  0.9289810E+01  0.2018553E+02  Si
  0.3144093E+02  0.3963756E+01  0.1504884E+02  Si
  0.2434565E+02  0.2076275E+02  0.1223663E+02  Si
  0.4031045E+02  0.5610665E+01  0.2728394E+01  Si
  0.2838331E+02  0.5271934E+01  0.1359269E+02  Si
  0.4188431E+02  0.1491479E+02  0.7071255E+01  Si
  0.3841682E+02  0.2132880E+02  0.1611423E+02  Si
  0.4070243E+02  0.1879871E+01  0.1631457E+02  Si
  0.3697511E+02  0.1212518E+02  0.1431315E+02  Si
  0.2443622E+02  0.5817076E+01  0.1212936E+02  Si
  0.3328331E+02  0.1105639E+02  0.1956486E+02  Si
  0.3421989E+02  0.2152717E+02  0.4460140E+01  Si
  0.3170868E+02  0.1855123E+02  0.1557049E+02  Si
  0.3336982E+02  0.1738851E+02  0.2031798E+02  Si
  0.3062520E+02  0.1216698E+02  0.1448082E+02  Si
  0.2720137E+02  0.1724459E+02  0.7774594E+01  Si
  0.2402433E+02  0.1627287E+02  0.8297098E+01  Si
  0.2720426E+02  0.9577928E+01  0.9297959E+01  Si
  0.2431885E+02  0.8951099E+01  0.1631073E+01  Si
  0.3160261E+02  0.1774609E+02  0.1763293E+02  Si
  0.3678878E+02  0.2015557E+02  0.2157392E+02  Si
  0.2229964E+02  0.1211242E+02  0.1865828E+02  Si
  0.3499634E+02  0.1621343E+02  0.1440293E+01  Si
  0.3790169E+02  0.1735996E+02  0.1016585E+02  Si
  0.3494122E+02  0.2059146E+02  0.7999004E+01  Si
  0.3225628E+02  0.8321449E+01  0.1778652E+02  Si
  0.3943146E+02  0.1697322E+02  0.6503045E+01  Si
  0.3679255E+02  0.1215737E+01  0.1250779E+02  Si
  0.2822660E+02  0.5661117E+01  0.3177631E+00  Si
  0.2992059E+02  0.1869196E+02  0.9259167E+01  Si
  0.3372782E+02  0.8193014E+00  0.1769805E+02  Si
  0.2515800E+02  0.1062955E+02  0.1642121E+02  Si
  0.3213301E+02  0.1993752E+02  0.6093187E+01  Si
  0.4005358E+02  0.1666089E+02  0.1083679E+02  Si
  0.3072611E+02  0.5249807E+01  0.1298001E+02  Si
  0.3587355E+02  0.1231526E+02  0.1223881E+02  Si
  0.2450271E+02  0.2732879E+01  0.1093494E+02  Si
  0.3559608E+02  0.1962476E+01  0.8346799E+01  Si
  0.3311329E+02  0.2098881E+02  0.2020409E+02  Si
  0.3853450E+02  0.1879960E+02  0.8175516E+01  Si
  0.4004439E+02  0.1959145E+02  0.1424868E+01  Si
  0.4205700E+02  0.9879094E+00  0.1002052E+02  Si
  0.2433271E+02  0.9795526E+01  0.1319902E+02  Si
  0.3052906E+02  0.1704803E+01  0.1555974E+02  Si
  0.2989115E+02  0.1953531E+02  0.2024121E+02  Si
  0.4167496E+02  0.1481531E+02  0.2912460E+01  Si
  0.3051508E+02  0.7484688E+01  0.1211867E+02  Si
  0.3386632E+02  0.1332487E+02  0.1198528E+02  Si
  0.2615632E+02  0.1998591E+02  0.2374534E+01  Si
  0.2438548E+02  0.1940287E+02  0.3791934E+01  Si
  0.4176469E+02  0.3937135E+01  0.7306872E+01  Si
  0.3172737E+02  0.8045048E+01  0.5284486E+01  Si
  0.3232759E+02  0.3402753E+01  0.2086513E+02  Si
  0.2412299E+02  0.2207642E+01  0.2030796E+02  Si
  0.4093710E+02  0.1873416E+02  0.6006622E+01  Si
  0.3464620E+02  0.3850835E+01  0.1480905E+02  Si
  0.3721013E+02  0.9011907E+01  0.8323728E+00  Si
  0.2764170E+02  0.1329655E+01  0.1790158E+02  Si
  0.3721912E+02  0.1019660E+02  0.2026554E+02  Si
  0.3734335E+02  0.1570234E+02  0.2120360E+01  Si
  0.2378572E+02  0.8516850E+01  0.8988211E+01  Si
  0.3579316E+02  0.9986495E+01  0.8324636E+01  Si
  0.3984816E+02  0.9174644E+01  0.6580912E+01  Si
  0.2375804E+02  0.9045315E+01  0.1780721E+02  Si
  0.3563135E+02  0.3484041E+01  0.1970784E+01  Si
  0.2600114E+02  0.1304754E+02  0.1406718E+02  Si
  0.3198249E+02  0.1561040E+02  0.1663263E+02  Si
  0.2618547E+02  0.8727395E+01  0.1772858E+02  Si
  0.2650707E+02  0.1942159E+02  0.1507156E+02  Si
  0.2730327E+02  0.4598276E+01  0.2334181E+01  Si
  0.2912087E+02  0.2078373E+02  0.1818154E+02  Si
  0.4212182E+02  0.4573756E+00  0.1490255E+02  Si
  0.4047620E+02  0.1596615E+02  0.8428867E+01  Si
  0.3470379E+02  0.1017648E+02  0.1231846E+02  Si
  0.3047715E+02  0.1089395E+02  0.4846201E+01  Si
  0.3198231E+02  0.1914630E+02  0.2116744E+02  Si
  0.2760045E+02  0.1165721E+02  0.1872817E+02  Si
  0.2239854E+02  0.5299020E+01  0.2145822E+02  Si
  0.2180583E+02  0.2040355E+02  0.1160609E+02  Si
  0.2548670E+02  0.8428357E+00  0.9709593E+01  Si
  0.3177753E+02  0.2066996E+02  0.1085405E+02  Si
  0.2931494E+02  0.7332806E+01  0.1781086E+02  Si
  0.3926500E+02  0.2000264E+02  0.5145843E+01  Si
  0.3752397E+02  0.1277810E+02  0.6594433E+01  Si
  0.2881906E+02  0.2192237E+01  0.1201090E+02  Si
  0.2168061E+02  0.3124509E+01  0.9284347E+01  Si
  0.3205505E+02  0.8034743E+01  0.1387520E+02  Si
  0.4216141E+02  0.1203369E+02  0.1556108E+02  Si
  0.3706502E+02  0.1107013E+02  0.2087738E+01  Si
  0.2879750E+02  0.1973797E+02  0.1404573E+02  Si
  0.3873894E+02  0.5569947E+01  0.7855099E+01  Si
  0.4068183E+02  0.5356298E+01  0.1408950E+02  Si
  0.3666965E+02  0.5289319E+01  0.1467324E+02  Si
  0.3180418E+02  0.1469912E+02  0.1897436E+02  Si
  0.3425466E+02  0.2094298E+02  0.1014380E+02  Si
  0.2192948E+02  0.4822092E+01  0.3573657E+01  Si
  0.3828881E+02  0.2104372E+02  0.1852812E+02  Si
  0.2909800E+02  0.1856021E+02  0.6990886E+01  Si
  0.3168269E+02  0.3341052E+01  0.9568969E+01  Si
  0.3173171E+02  0.1018090E+02  0.6657112E+01  Si
  0.3889863E+02  0.8572393E+01  0.1838640E+02  Si
  0.2860964E+02  0.1979034E+02  0.2309201E+01  Si
  0.3466913E+02  0.1485997E+02  0.5850900E+01  Si
  0.3554871E+02  0.1718246E+02  0.1071998E+02  Si
  0.3209732E+02  0.3841885E+01  0.1858405E+02  Si
  0.3880958E+02  0.1128928E+02  0.1068161E+02  Si
  0.3136562E+02  0.3977422E+00  0.1221851E+01  Si
  0.3381648E+02  0.1118126E+02  0.1421616E+02  Si
  0.3161089E+02  0.1905931E+01  0.1774894E+02  Si
  0.3294827E+02  0.2645290E+01  0.1341701E+02  Si
  0.3132267E+02  0.9611517E+01  0.8881778E+01  Si
  0.3830481E+02  0.6988302E+01  0.3397864E+00  Si
  0.2284680E+02  0.3738923E+01  0.1449240E+02  Si
  0.2634730E+02  0.1007589E+01  0.4984208E+01  Si
  0.3555420E+02  0.5067102E+01  0.1248054E+02  Si
  0.2387791E+02  0.1705241E+02  0.4252712E+01  Si
  0.2433680E+02  0.1343721E+02  0.1553830E+02  Si
  0.2358170E+02  0.1877833E+02  0.1173619E+02  Si
  0.2822753E+02  0.1943096E+01  0.1551972E+02  Si
  0.3368320E+02  0.1889737E+02  0.1443198E+02  Si
  0.2730294E+02  0.3131133E+01  0.1922503E+02  Si
  0.4047594E+02  0.1373402E+02  0.5492836E+01  Si
  0.4222331E+02  0.1190319E+02  0.2049801E+02  Si
  0.2637155E+02  0.7244709E+01  0.1509603E+02  Si
  0.3695200E+02  0.5403529E+01  0.1482191E+01  Si
  0.3328990E+02  0.2052933E+02  0.1055051E+01  Si
  0.3282824E+02  0.1630290E+02  0.5575516E+01  Si
  0.3883116E+02  0.2053867E+01  0.5341712E+01  Si
  0.2403045E+02  0.1250834E+02  0.9387999E+01  Si
  0.3865863E+02  0.2161040E+02  0.3393020E+00  Si
  0.3681651E+02  0.9973540E+01  0.1543187E+02  Si
  0.3835088E+02  0.3651240E+01  0.8352038E+00  Si
  0.2950521E+02  0.1800497E+02  0.3544380E+01  Si
  0.1991573E+02  0.1236528E+02  0.9896232E+01  Si
  0.4072181E+02  0.2035596E+02  0.1586508E+02  Si
  0.4073861E+02  0.1432686E+02  0.1136737E+02  Si
  0.3552514E+02  0.1432015E+02  0.1785867E+02  Si
  0.4086506E+02  0.1311423E+02  0.5632003E+00  Si
  0.2950647E+02  0.1558613E+02  0.1961099E+02  Si
  0.2742628E+02  0.8195245E+01  0.4364003E+01  Si
  0.3165819E+02  0.1254863E+02  0.3637447E+01  Si
  0.3468329E+02  0.1062779E+02  0.1928104E+01  Si
  0.2705938E+02  0.1354164E+02  0.4702690E+00  Si
  0.2144458E+02  0.1847102E+02  0.1906464E+02  Si
  0.3452867E+02  0.6009634E+01  0.6320512E+01  Si
  0.3898262E+02  0.1152103E+02  0.1304958E+02  Si
  0.3103842E+02  0.4795125E+01  0.4367294E+01  Si
  0.3867870E+02  0.2137687E+02  0.1237082E+02  Si
  0.2876704E+02  0.1022804E+00  0.4640096E+01  Si
  0.1907640E+02  0.1617092E+02  0.1401467E+02  Si
  0.2329873E+02  0.1106340E+02  0.1507012E+02  Si
  0.3390102E+02  0.1803086E+02  0.1813344E+02  Si
  0.2312113E+02  0.6115593E+01  0.1785793E+02  Si
  0.3463418E+02  0.2091411E+02  0.1555570E+02  Si
  0.4186657E+02  0.3235778E+01  0.1767851E+02  Si
  0.3324503E+02  0.7121142E+01  0.1590332E+02  Si
  0.3072896E+02  0.1535395E+02  0.1131035E+02  Si
  0.2418908E+02  0.3141489E+01  0.7131237E+01  Si
  0.4240410E+02  0.1520781E+02  0.1290658E+02  Si
  0.2552480E+02  0.4811518E+01  0.1795939E+02  Si
  0.3540404E+02  0.7374244E+01  0.4521693E+01  Si
  0.2248509E+02  0.8808808E+01  0.1433860E+02  Si
  0.2022977E+02  0.4684959E+01  0.9079698E+00  Si
  0.3677383E+02  0.1879139E+02  0.1292864E+02  Si
  0.2873935E+02  0.1770004E+02  0.2070563E+02  Si
  0.4065513E+02  0.7080643E+01  0.8640010E+00  Si
  0.4077147E+02  0.1037751E+02  0.1412933E+02  Si
  0.2419249E+02  0.1607193E+02  0.2121436E+01  Si
  0.3732958E+02  0.2190482E+01  0.1003882E+02  Si
  0.4258195E+02  0.1827806E+02  0.2096087E+02  Si
  0.4359799E+02  0.2133097E+02  0.3405969E+00  Si
  0.4612004E+02  0.2405131E+01  0.1706463E+00  Si
  0.4637451E+02  0.2136592E+02  0.3120116E+01  Si
  0.4310130E+02  0.2502478E+01  0.2965767E+01  Si
  0.4485066E+02  0.1111358E+01  0.1839779E+01  Si
  0.4723667E+02  0.3710873E+01  0.1551805E+01  Si
  0.4746964E+02  0.1084141E+01  0.4357496E+01  Si
  0.4427373E+02  0.3864496E+01  0.4544694E+01  Si
  0.4892905E+02  0.2138214E+02  0.6316768E+00  Si
  0.5163988E+02  0.2441261E+01  0.4077674E+00  Si
  0.5164174E+02  0.2156881E+02  0.3212847E+01  Si
  0.4870346E+02  0.2446296E+01  0.3010462E+01  Si
  0.5024613E+02  0.1118089E+01  0.1889252E+01  Si
  0.5298299E+02  0.3918850E+01  0.1857527E+01  Si
  0.5297525E+02  0.1265908E+01  0.4755318E+01  Si
  0.5002044E+02  0.3752114E+01  0.4585657E+01  Si
  0.5426500E+02  0.2162385E+02  0.6244591E+00  Si
  0.5697612E+02  0.2705510E+01  0.4391296E+00  Si
  0.5687965E+02  0.2162442E+02  0.3144404E+01  Si
  0.5424225E+02  0.2616224E+01  0.3343179E+01  Si
  0.5571357E+02  0.1460721E+01  0.1960195E+01  Si
  0.5829673E+02  0.3983787E+01  0.1983303E+01  Si
  0.5820001E+02  0.1240225E+01  0.4549677E+01  Si
  0.5561682E+02  0.3752336E+01  0.4663206E+01  Si
  0.5965437E+02  0.2165999E+02  0.8561629E-01  Si
  0.6250660E+02  0.2578912E+01  0.1919010E+00  Si
  0.6233089E+02  0.2171549E+02  0.2988434E+01  Si
  0.5962937E+02  0.2604999E+01  0.3322305E+01  Si
  0.6107231E+02  0.1352453E+01  0.1511165E+01  Si
  0.6397814E+02  0.3835850E+01  0.1774028E+01  Si
  0.6384938E+02  0.1249672E+01  0.4464373E+01  Si
  0.6093267E+02  0.3833866E+01  0.4679514E+01  Si
  0.4307447E+02  0.5458124E+01  0.2169851E+00  Si
  0.4572153E+02  0.8240857E+01  0.4766358E+00  Si
  0.4578038E+02  0.5171747E+01  0.3167222E+01  Si
  0.4322821E+02  0.7678026E+01  0.3146683E+01  Si
  0.4467918E+02  0.6669287E+01  0.1817400E+01  Si
  0.4741096E+02  0.9200739E+01  0.1798392E+01  Si
  0.4726924E+02  0.6535026E+01  0.4526152E+01  Si
  0.4462225E+02  0.9006118E+01  0.4279827E+01  Si
  0.4854545E+02  0.5197220E+01  0.2718824E+00  Si
  0.5152792E+02  0.7832515E+01  0.4145627E-01  Si
  0.5130792E+02  0.5252728E+01  0.3033429E+01  Si
  0.4884931E+02  0.7804472E+01  0.3197611E+01  Si
  0.5013525E+02  0.6620554E+01  0.1528084E+01  Si
  0.5272574E+02  0.9178107E+01  0.1596908E+01  Si
  0.5281326E+02  0.6549346E+01  0.4396894E+01  Si
  0.4994096E+02  0.9163328E+01  0.4647143E+01  Si
  0.5428237E+02  0.5315517E+01  0.3652756E+00  Si
  0.5692061E+02  0.7826715E+01  0.2613049E+00  Si
  0.5672051E+02  0.5205161E+01  0.3385224E+01  Si
  0.5421178E+02  0.7909013E+01  0.2994949E+01  Si
  0.5561791E+02  0.6427688E+01  0.1694647E+01  Si
  0.5841570E+02  0.8980510E+01  0.1599582E+01  Si
  0.5843134E+02  0.6483600E+01  0.4553754E+01  Si
  0.5587189E+02  0.9170649E+01  0.4294061E+01  Si
  0.5951704E+02  0.5136310E+01  0.4355019E+00  Si
  0.6252290E+02  0.8030362E+01  0.4887431E+00  Si
  0.6244142E+02  0.5018375E+01  0.3224256E+01  Si
  0.5976738E+02  0.7756708E+01  0.3234579E+01  Si
  0.6102755E+02  0.6553860E+01  0.1664021E+01  Si
  0.6388166E+02  0.9382870E+01  0.1958245E+01  Si
  0.6387824E+02  0.6345620E+01  0.4473404E+01  Si
  0.6110907E+02  0.9099717E+01  0.4565123E+01  Si
  0.4327626E+02  0.1063121E+02  0.5199123E+00  Si
  0.4602599E+02  0.1327849E+02  0.4360150E+00  Si
  0.4613136E+02  0.1064961E+02  0.2998851E+01  Si
  0.4343640E+02  0.1336584E+02  0.3195357E+01  Si
  0.4459645E+02  0.1204170E+02  0.1782353E+01  Si
  0.4750920E+02  0.1454701E+02  0.1770515E+01  Si
  0.4778194E+02  0.1198935E+02  0.4237541E+01  Si
  0.4479674E+02  0.1457176E+02  0.4545306E+01  Si
  0.4880679E+02  0.1049814E+02  0.3796796E+00  Si
  0.5151682E+02  0.1323363E+02  0.5441303E+00  Si
  0.5170162E+02  0.1061107E+02  0.3209744E+01  Si
  0.4896699E+02  0.1335170E+02  0.2970681E+01  Si
  0.5010790E+02  0.1168719E+02  0.1770696E+01  Si
  0.5298442E+02  0.1436760E+02  0.2057009E+01  Si
  0.5300670E+02  0.1179250E+02  0.4467829E+01  Si
  0.5052722E+02  0.1454531E+02  0.4270374E+01  Si
  0.5421671E+02  0.1063925E+02  0.4354235E+00  Si
  0.5706525E+02  0.1307397E+02  0.6298470E+00  Si
  0.5727043E+02  0.1049453E+02  0.3114146E+01  Si
  0.5450342E+02  0.1317406E+02  0.3481380E+01  Si
  0.5583649E+02  0.1179718E+02  0.2005679E+01  Si
  0.5841648E+02  0.1467145E+02  0.1923268E+01  Si
  0.5870109E+02  0.1191804E+02  0.4509084E+01  Si
  0.5586888E+02  0.1459335E+02  0.4412523E+01  Si
  0.5974296E+02  0.1067054E+02  0.5593267E+00  Si
  0.6193982E+02  0.1325131E+02  0.3103991E+00  Si
  0.6241953E+02  0.1055518E+02  0.3188816E+01  Si
  0.5965057E+02  0.1345702E+02  0.3325675E+01  Si
  0.6102098E+02  0.1205850E+02  0.1760449E+01  Si
  0.6368421E+02  0.1466393E+02  0.1559506E+01  Si
  0.6388945E+02  0.1187858E+02  0.4467247E+01  Si
  0.6111766E+02  0.1467240E+02  0.4534986E+01  Si
  0.4350103E+02  0.1637316E+02  0.1835827E+00  Si
  0.4636274E+02  0.1874557E+02  0.2825949E+00  Si
  0.4628617E+02  0.1611198E+02  0.3106881E+01  Si
  0.4371589E+02  0.1867442E+02  0.2990803E+01  Si
  0.4501402E+02  0.1723868E+02  0.1610779E+01  Si
  0.4755186E+02  0.2001615E+02  0.1888610E+01  Si
  0.4769205E+02  0.1757268E+02  0.4427756E+01  Si
  0.4505274E+02  0.1996577E+02  0.4409579E+01  Si
  0.4879787E+02  0.1616235E+02  0.3851648E+00  Si
  0.5162605E+02  0.1884939E+02  0.3657079E+00  Si
  0.5171264E+02  0.1615026E+02  0.3016207E+01  Si
  0.4925688E+02  0.1874673E+02  0.3008332E+01  Si
  0.5038070E+02  0.1746318E+02  0.1495317E+01  Si
  0.5300973E+02  0.2020576E+02  0.1870810E+01  Si
  0.5312971E+02  0.1728242E+02  0.4479636E+01  Si
  0.5058510E+02  0.2011937E+02  0.4373560E+01  Si
  0.5432588E+02  0.1569676E+02  0.3971076E+00  Si
  0.5706805E+02  0.1905095E+02  0.5716035E+00  Si
  0.5721559E+02  0.1607261E+02  0.3032823E+01  Si
  0.5439758E+02  0.1873266E+02  0.3083899E+01  Si
  0.5576439E+02  0.1729116E+02  0.1592047E+01  Si
  0.5867017E+02  0.2029374E+02  0.1885825E+01  Si
  0.5821527E+02  0.1763624E+02  0.4736278E+01  Si
  0.5542442E+02  0.2026889E+02  0.4481036E+01  Si
  0.5955127E+02  0.1603264E+02  0.2504699E+00  Si
  0.6245443E+02  0.1875390E+02  0.4070756E+00  Si
  0.6228226E+02  0.1606396E+02  0.3207766E+01  Si
  0.5976499E+02  0.1893067E+02  0.3571527E+01  Si
  0.6083038E+02  0.1751077E+02  0.1719627E+01  Si
  0.6366003E+02  0.2016814E+02  0.1658934E+01  Si
  0.6385947E+02  0.1754124E+02  0.4354409E+01  Si
  0.6116437E+02  0.2042586E+02  0.4576821E+01  Si
  0.4374773E+02  0.2163055E+02  0.5620596E+01  Si
  0.4614692E+02  0.2633339E+01  0.5633057E+01  Si
  0.4639201E+02  0.2170841E+02  0.8453816E+01  Si
  0.4315384E+02  0.2409559E+01  0.8309920E+01  Si
  0.4498747E+02  0.1439609E+01  0.7251130E+01  Si
  0.4725529E+02  0.3971646E+01  0.7234074E+01  Si
  0.4746947E+02  0.1358179E+01  0.9853930E+01  Si
  0.4432876E+02  0.3833403E+01  0.9820475E+01  Si
  0.4881362E+02  0.2127991E+02  0.5718831E+01  Si
  0.5137587E+02  0.2556639E+01  0.6143313E+01  Si
  0.5136618E+02  0.2112147E+02  0.8512842E+01  Si
  0.4891928E+02  0.2858699E+01  0.8590028E+01  Si
  0.5018508E+02  0.8810115E+00  0.7423071E+01  Si
  0.5286614E+02  0.4164673E+01  0.7320152E+01  Si
  0.5284736E+02  0.1157951E+01  0.9619440E+01  Si
  0.5019904E+02  0.3832442E+01  0.1007107E+02  Si
  0.5431521E+02  0.1158947E-01  0.6018512E+01  Si
  0.5700263E+02  0.2506985E+01  0.6053643E+01  Si
  0.5694757E+02  0.2168088E+02  0.8604397E+01  Si
  0.5405794E+02  0.2650900E+01  0.8418870E+01  Si
  0.5562471E+02  0.1359259E+01  0.7252658E+01  Si
  0.5819945E+02  0.4164422E+01  0.7266290E+01  Si
  0.5817236E+02  0.1387568E+01  0.1005152E+02  Si
  0.5541889E+02  0.3855387E+01  0.9896787E+01  Si
  0.5988942E+02  0.3513605E-01  0.5787691E+01  Si
  0.6241815E+02  0.2447927E+01  0.5863796E+01  Si
  0.6228976E+02  0.2143554E+02  0.8272797E+01  Si
  0.5946016E+02  0.2644472E+01  0.8576394E+01  Si
  0.6109718E+02  0.1207751E+01  0.7385248E+01  Si
  0.6392519E+02  0.3757027E+01  0.7501993E+01  Si
  0.6364750E+02  0.1065393E+01  0.9587329E+01  Si
  0.6097108E+02  0.3981621E+01  0.9842972E+01  Si
  0.4271806E+02  0.5259995E+01  0.5726808E+01  Si
  0.4600187E+02  0.7900378E+01  0.5718886E+01  Si
  0.4566489E+02  0.5271877E+01  0.8345831E+01  Si
  0.4294767E+02  0.7798161E+01  0.8546251E+01  Si
  0.4437225E+02  0.6567013E+01  0.6947907E+01  Si
  0.4734513E+02  0.9156972E+01  0.7191277E+01  Si
  0.4733821E+02  0.6453238E+01  0.9661908E+01  Si
  0.4456899E+02  0.9206695E+01  0.9669155E+01  Si
  0.4870824E+02  0.5214227E+01  0.5957492E+01  Si
  0.5167356E+02  0.7855180E+01  0.5803152E+01  Si
  0.5143195E+02  0.5349522E+01  0.8768142E+01  Si
  0.4868044E+02  0.7977931E+01  0.8617854E+01  Si
  0.5009410E+02  0.6598443E+01  0.7305716E+01  Si
  0.5291329E+02  0.9462296E+01  0.6942981E+01  Si
  0.5265194E+02  0.6770875E+01  0.9893791E+01  Si
  0.4984748E+02  0.9477338E+01  0.1000238E+02  Si
  0.5416271E+02  0.5260737E+01  0.5900520E+01  Si
  0.5694743E+02  0.7829179E+01  0.5888451E+01  Si
  0.5666017E+02  0.5327000E+01  0.8372905E+01  Si
  0.5394568E+02  0.8201330E+01  0.8525652E+01  Si
  0.5535033E+02  0.6937618E+01  0.7075727E+01  Si
  0.5822016E+02  0.9142580E+01  0.7371494E+01  Si
  0.5814835E+02  0.6583100E+01  0.9848926E+01  Si
  0.5554131E+02  0.9238632E+01  0.1007107E+02  Si
  0.5982275E+02  0.5148172E+01  0.6088527E+01  Si
  0.6260315E+02  0.7730010E+01  0.5877770E+01  Si
  0.6247332E+02  0.5161508E+01  0.8656186E+01  Si
  0.5937832E+02  0.7613786E+01  0.8449860E+01  Si
  0.6118639E+02  0.6503950E+01  0.7273590E+01  Si
  0.6393464E+02  0.9359394E+01  0.7353849E+01  Si
  0.6355988E+02  0.6629792E+01  0.9928833E+01  Si
  0.6085258E+02  0.9004336E+01  0.9676090E+01  Si
  0.4338256E+02  0.1060969E+02  0.5560032E+01  Si
  0.4635991E+02  0.1316439E+02  0.5679997E+01  Si
  0.4607333E+02  0.1056906E+02  0.8440265E+01  Si
  0.4337977E+02  0.1339914E+02  0.8296921E+01  Si
  0.4484999E+02  0.1183981E+02  0.6967761E+01  Si
  0.4767627E+02  0.1474755E+02  0.6927954E+01  Si
  0.4737475E+02  0.1187715E+02  0.9624595E+01  Si
  0.4500579E+02  0.1446143E+02  0.9871617E+01  Si
  0.4873054E+02  0.1068439E+02  0.6063455E+01  Si
  0.5178012E+02  0.1359208E+02  0.5825094E+01  Si
  0.5132124E+02  0.1044393E+02  0.8544289E+01  Si
  0.4877968E+02  0.1343909E+02  0.8660158E+01  Si
  0.5025461E+02  0.1213804E+02  0.7243200E+01  Si
  0.5319389E+02  0.1470493E+02  0.7192120E+01  Si
  0.5292102E+02  0.1195288E+02  0.9775636E+01  Si
  0.5046763E+02  0.1472470E+02  0.9913316E+01  Si
  0.5457173E+02  0.1051886E+02  0.5650346E+01  Si
  0.5727040E+02  0.1319561E+02  0.5756356E+01  Si
  0.5683123E+02  0.1053141E+02  0.8696947E+01  Si
  0.5442150E+02  0.1332908E+02  0.8552881E+01  Si
  0.5583301E+02  0.1195274E+02  0.7200244E+01  Si
  0.5848852E+02  0.1466035E+02  0.7197001E+01  Si
  0.5813296E+02  0.1185979E+02  0.1004445E+02  Si
  0.5570458E+02  0.1472538E+02  0.9889048E+01  Si
  0.5979029E+02  0.1041524E+02  0.6055797E+01  Si
  0.6233818E+02  0.1314540E+02  0.5861122E+01  Si
  0.6242308E+02  0.1054024E+02  0.8660715E+01  Si
  0.5971964E+02  0.1308790E+02  0.8494520E+01  Si
  0.6115143E+02  0.1171690E+02  0.7243621E+01  Si
  0.6365338E+02  0.1464867E+02  0.7238337E+01  Si
  0.6371587E+02  0.1197668E+02  0.9950920E+01  Si
  0.6096244E+02  0.1454648E+02  0.9903763E+01  Si
  0.4350772E+02  0.1600560E+02  0.5751846E+01  Si
  0.4633883E+02  0.1862943E+02  0.6065533E+01  Si
  0.4614410E+02  0.1570021E+02  0.8516178E+01  Si
  0.4341784E+02  0.1897463E+02  0.8716312E+01  Si
  0.4477590E+02  0.1724230E+02  0.7296072E+01  Si
  0.4761910E+02  0.2011159E+02  0.7508784E+01  Si
  0.4744478E+02  0.1706441E+02  0.9950532E+01  Si
  0.4505117E+02  0.2024232E+02  0.9786040E+01  Si
  0.4909820E+02  0.1600859E+02  0.5684223E+01  Si
  0.5186068E+02  0.1871988E+02  0.5795169E+01  Si
  0.5182910E+02  0.1613346E+02  0.8518026E+01  Si
  0.4890933E+02  0.1853093E+02  0.8762512E+01  Si
  0.5037666E+02  0.1727644E+02  0.7203638E+01  Si
  0.5311202E+02  0.2011931E+02  0.7207929E+01  Si
  0.5301364E+02  0.1751617E+02  0.9826640E+01  Si
  0.5009616E+02  0.2000111E+02  0.9886247E+01  Si
  0.5451781E+02  0.1594454E+02  0.5888452E+01  Si
  0.5686276E+02  0.1891723E+02  0.5961831E+01  Si
  0.5700472E+02  0.1599522E+02  0.8497719E+01  Si
  0.5436109E+02  0.1878606E+02  0.8448194E+01  Si
  0.5562735E+02  0.1741333E+02  0.7095534E+01  Si
  0.5852384E+02  0.2030525E+02  0.7077304E+01  Si
  0.5829101E+02  0.1743518E+02  0.9647489E+01  Si
  0.5570188E+02  0.2020999E+02  0.9885569E+01  Si
  0.5970056E+02  0.1609375E+02  0.6032852E+01  Si
  0.6259208E+02  0.1877410E+02  0.5756464E+01  Si
  0.6231561E+02  0.1609691E+02  0.8746018E+01  Si
  0.5982403E+02  0.1890395E+02  0.8450415E+01  Si
  0.6132983E+02  0.1747827E+02  0.7180594E+01  Si
  0.6373793E+02  0.2005467E+02  0.7246709E+01  Si
  0.6364406E+02  0.1745790E+02  0.9991838E+01  Si
  0.6104201E+02  0.2025199E+02  0.1015136E+02  Si
  0.4351125E+02  0.2134754E+02  0.1135871E+02  Si
  0.4603963E+02  0.2613250E+01  0.1109552E+02  Si
  0.4642791E+02  0.2162049E+02  0.1372055E+02  Si
  0.4352798E+02  0.2434144E+01  0.1409688E+02  Si
  0.4496363E+02  0.1105436E+01  0.1249020E+02  Si
  0.4722654E+02  0.3873952E+01  0.1261769E+02  Si
  0.4758594E+02  0.1191633E+01  0.1544951E+02  Si
  0.4458766E+02  0.3982895E+01  0.1563314E+02  Si
  0.4877725E+02  0.2162834E+02  0.1101723E+02  Si
  0.5182512E+02  0.2675723E+01  0.1130849E+02  Si
  0.5154181E+02  0.2154270E+02  0.1380091E+02  Si
  0.4883113E+02  0.2596036E+01  0.1363959E+02  Si
  0.5034104E+02  0.1381325E+01  0.1244710E+02  Si
  0.5302608E+02  0.4085895E+01  0.1238310E+02  Si
  0.5265879E+02  0.9281601E+00  0.1556323E+02  Si
  0.5012190E+02  0.4053931E+01  0.1509454E+02  Si
  0.5421766E+02  0.2164770E+02  0.1100859E+02  Si
  0.5675909E+02  0.2720833E+01  0.1128422E+02  Si
  0.5707985E+02  0.2166023E+02  0.1409663E+02  Si
  0.5388374E+02  0.2184661E+01  0.1404082E+02  Si
  0.5558494E+02  0.1058798E+01  0.1255461E+02  Si
  0.5825605E+02  0.4011749E+01  0.1253669E+02  Si
  0.5840793E+02  0.1271597E+01  0.1553502E+02  Si
  0.5552438E+02  0.3793340E+01  0.1505622E+02  Si
  0.5953934E+02  0.2169581E+02  0.1128685E+02  Si
  0.6219802E+02  0.2422644E+01  0.1108707E+02  Si
  0.6223931E+02  0.2153744E+02  0.1379255E+02  Si
  0.5945918E+02  0.2558577E+01  0.1404249E+02  Si
  0.6082664E+02  0.1294327E+01  0.1258403E+02  Si
  0.6375289E+02  0.3803634E+01  0.1250723E+02  Si
  0.6354386E+02  0.1070750E+01  0.1528442E+02  Si
  0.6090789E+02  0.3871970E+01  0.1527204E+02  Si
  0.4312883E+02  0.5401197E+01  0.1125560E+02  Si
  0.4623905E+02  0.8024901E+01  0.1102935E+02  Si
  0.4607191E+02  0.5316538E+01  0.1410248E+02  Si
  0.4356233E+02  0.8255394E+01  0.1406427E+02  Si
  0.4470120E+02  0.6713084E+01  0.1241648E+02  Si
  0.4741819E+02  0.9413767E+01  0.1273251E+02  Si
  0.4758076E+02  0.6692218E+01  0.1548228E+02  Si
  0.4511310E+02  0.9425374E+01  0.1526276E+02  Si
  0.4859894E+02  0.5235343E+01  0.1128836E+02  Si
  0.5120008E+02  0.7973636E+01  0.1118795E+02  Si
  0.5155472E+02  0.5418645E+01  0.1385750E+02  Si
  0.4861617E+02  0.8088171E+01  0.1419923E+02  Si
  0.4990794E+02  0.6736247E+01  0.1272478E+02  Si
  0.5264289E+02  0.9134180E+01  0.1252463E+02  Si
  0.5278745E+02  0.6684691E+01  0.1528214E+02  Si
  0.5023315E+02  0.9262071E+01  0.1535303E+02  Si
  0.5416615E+02  0.5615021E+01  0.1112091E+02  Si
  0.5691052E+02  0.7954920E+01  0.1122354E+02  Si
  0.5684608E+02  0.5500631E+01  0.1391719E+02  Si
  0.5409081E+02  0.8021870E+01  0.1393370E+02  Si
  0.5541541E+02  0.6808201E+01  0.1250147E+02  Si
  0.5830488E+02  0.9349195E+01  0.1238277E+02  Si
  0.5831471E+02  0.6701496E+01  0.1543142E+02  Si
  0.5563775E+02  0.9183989E+01  0.1537826E+02  Si
  0.5964158E+02  0.5352009E+01  0.1129231E+02  Si
  0.6222336E+02  0.8029250E+01  0.1141784E+02  Si
  0.6226640E+02  0.5378247E+01  0.1393807E+02  Si
  0.5957731E+02  0.8043664E+01  0.1402304E+02  Si
  0.6081178E+02  0.6820045E+01  0.1260837E+02  Si
  0.6369393E+02  0.9494997E+01  0.1271363E+02  Si
  0.6388766E+02  0.6649968E+01  0.1511894E+02  Si
  0.6107646E+02  0.9094099E+01  0.1559531E+02  Si
  0.4348081E+02  0.1052141E+02  0.1129686E+02  Si
  0.4617974E+02  0.1314937E+02  0.1124886E+02  Si
  0.4629799E+02  0.1108315E+02  0.1397850E+02  Si
  0.4346840E+02  0.1356266E+02  0.1420233E+02  Si
  0.4468279E+02  0.1208468E+02  0.1267112E+02  Si
  0.4777114E+02  0.1444582E+02  0.1249903E+02  Si
  0.4758426E+02  0.1203529E+02  0.1539092E+02  Si
  0.4479716E+02  0.1478969E+02  0.1547148E+02  Si
  0.4854467E+02  0.1077082E+02  0.1131102E+02  Si
  0.5178002E+02  0.1331704E+02  0.1113676E+02  Si
  0.5142348E+02  0.1058280E+02  0.1399791E+02  Si
  0.4910565E+02  0.1320912E+02  0.1426734E+02  Si
  0.5019905E+02  0.1199473E+02  0.1269992E+02  Si
  0.5298210E+02  0.1460566E+02  0.1267656E+02  Si
  0.5295065E+02  0.1208668E+02  0.1514302E+02  Si
  0.5027151E+02  0.1479122E+02  0.1528000E+02  Si
  0.5407526E+02  0.1050010E+02  0.1120570E+02  Si
  0.5701185E+02  0.1326616E+02  0.1139645E+02  Si
  0.5706129E+02  0.1045126E+02  0.1399267E+02  Si
  0.5444435E+02  0.1341491E+02  0.1406554E+02  Si
  0.5548809E+02  0.1189918E+02  0.1257059E+02  Si
  0.5825403E+02  0.1474994E+02  0.1255022E+02  Si
  0.5847358E+02  0.1200720E+02  0.1522495E+02  Si
  0.5591221E+02  0.1463692E+02  0.1548255E+02  Si
  0.5963953E+02  0.1063214E+02  0.1103129E+02  Si
  0.6232681E+02  0.1321814E+02  0.1115015E+02  Si
  0.6214357E+02  0.1069551E+02  0.1413480E+02  Si
  0.5968378E+02  0.1327185E+02  0.1386588E+02  Si
  0.6091534E+02  0.1187468E+02  0.1248321E+02  Si
  0.6373103E+02  0.1451507E+02  0.1274431E+02  Si
  0.6353595E+02  0.1196109E+02  0.1564465E+02  Si
  0.6093043E+02  0.1493890E+02  0.1532092E+02  Si
  0.4361998E+02  0.1612612E+02  0.1099994E+02  Si
  0.4618701E+02  0.1861335E+02  0.1130612E+02  Si
  0.4634847E+02  0.1603400E+02  0.1389458E+02  Si
  0.4363677E+02  0.1879356E+02  0.1413260E+02  Si
  0.4482957E+02  0.1739171E+02  0.1275697E+02  Si
  0.4760390E+02  0.2003545E+02  0.1236463E+02  Si
  0.4797019E+02  0.1738963E+02  0.1504329E+02  Si
  0.4488025E+02  0.2041945E+02  0.1536772E+02  Si
  0.4909930E+02  0.1595131E+02  0.1109587E+02  Si
  0.5159991E+02  0.1869633E+02  0.1121375E+02  Si
  0.5156011E+02  0.1610016E+02  0.1392316E+02  Si
  0.4914131E+02  0.1891164E+02  0.1382291E+02  Si
  0.5025396E+02  0.1724113E+02  0.1259414E+02  Si
  0.5297037E+02  0.2016135E+02  0.1251513E+02  Si
  0.5311806E+02  0.1743405E+02  0.1529441E+02  Si
  0.5046925E+02  0.2013273E+02  0.1523255E+02  Si
  0.5431638E+02  0.1628288E+02  0.1130250E+02  Si
  0.5697503E+02  0.1892514E+02  0.1120684E+02  Si
  0.5701695E+02  0.1618248E+02  0.1420784E+02  Si
  0.5424851E+02  0.1901394E+02  0.1394424E+02  Si
  0.5554293E+02  0.1761768E+02  0.1277181E+02  Si
  0.5841250E+02  0.2010206E+02  0.1276157E+02  Si
  0.5838510E+02  0.1748607E+02  0.1562909E+02  Si
  0.5566744E+02  0.2032350E+02  0.1548425E+02  Si
  0.5943020E+02  0.1609239E+02  0.1116235E+02  Si
  0.6219187E+02  0.1882539E+02  0.1145257E+02  Si
  0.6253168E+02  0.1589843E+02  0.1401164E+02  Si
  0.5967300E+02  0.1869675E+02  0.1393671E+02  Si
  0.6105991E+02  0.1699911E+02  0.1251418E+02  Si
  0.6372151E+02  0.2037325E+02  0.1257852E+02  Si
  0.6377279E+02  0.1752095E+02  0.1537785E+02  Si
  0.6090609E+02  0.2006892E+02  0.1533943E+02  Si
  0.4336623E+02  0.2074819E+02  0.1716742E+02  Si
  0.4599364E+02  0.2434271E+01  0.1687995E+02  Si
  0.4656933E+02  0.2152062E+02  0.1926020E+02  Si
  0.4171376E+02  0.1206376E+01  0.2126414E+02  Si
  0.4471974E+02  0.7571024E+00  0.1799130E+02  Si
  0.4768711E+02  0.3611312E+01  0.1808040E+02  Si
  0.4768790E+02  0.1041544E+01  0.2090818E+02  Si
  0.4506554E+02  0.3329094E+01  0.2021296E+02  Si
  0.4902632E+02  0.2145892E+02  0.1661548E+02  Si
  0.5130483E+02  0.2662586E+01  0.1652313E+02  Si
  0.5166719E+02  0.2141851E+02  0.1927179E+02  Si
  0.4896392E+02  0.2294177E+01  0.1956989E+02  Si
  0.5021426E+02  0.1015456E+01  0.1789048E+02  Si
  0.5275757E+02  0.3913428E+01  0.1786788E+02  Si
  0.5291711E+02  0.1213123E+01  0.2081883E+02  Si
  0.5036383E+02  0.4002881E+01  0.2078875E+02  Si
  0.5453195E+02  0.2162902E+02  0.1678818E+02  Si
  0.5687220E+02  0.2669693E+01  0.1658006E+02  Si
  0.5695555E+02  0.2168137E+02  0.1969596E+02  Si
  0.5420156E+02  0.2523870E+01  0.1922256E+02  Si
  0.5575241E+02  0.1312287E+01  0.1802483E+02  Si
  0.5832311E+02  0.3907366E+01  0.1819841E+02  Si
  0.5832651E+02  0.1551231E+01  0.2085768E+02  Si
  0.5567146E+02  0.3897134E+01  0.2066083E+02  Si
  0.5975615E+02  0.2146945E+02  0.1688181E+02  Si
  0.6234156E+02  0.2565058E+01  0.1664724E+02  Si
  0.6240011E+02  0.2153712E+02  0.1910180E+02  Si
  0.5982507E+02  0.2670364E+01  0.1949166E+02  Si
  0.6097632E+02  0.1308199E+01  0.1791072E+02  Si
  0.6370115E+02  0.3934105E+01  0.1805078E+02  Si
  0.6383413E+02  0.1232329E+01  0.2048906E+02  Si
  0.6099763E+02  0.3971075E+01  0.2088694E+02  Si
  0.4304380E+02  0.5313464E+01  0.1700699E+02  Si
  0.4636445E+02  0.7980934E+01  0.1670281E+02  Si
  0.4605919E+02  0.5253549E+01  0.1940830E+02  Si
  0.4317043E+02  0.7937413E+01  0.1948349E+02  Si
  0.4483002E+02  0.6771611E+01  0.1800294E+02  Si
  0.4756756E+02  0.9516427E+01  0.1829101E+02  Si
  0.4708772E+02  0.6718770E+01  0.2089294E+02  Si
  0.4455419E+02  0.9428636E+01  0.2060063E+02  Si
  0.4894541E+02  0.5080077E+01  0.1673931E+02  Si
  0.5152054E+02  0.8079004E+01  0.1681454E+02  Si
  0.5162771E+02  0.5114718E+01  0.1918994E+02  Si
  0.4880967E+02  0.7931232E+01  0.1945108E+02  Si
  0.5008433E+02  0.6462164E+01  0.1805292E+02  Si
  0.5283379E+02  0.9609376E+01  0.1785881E+02  Si
  0.5288963E+02  0.6323896E+01  0.2057632E+02  Si
  0.5014972E+02  0.9185379E+01  0.2062296E+02  Si
  0.5414759E+02  0.5111761E+01  0.1633775E+02  Si
  0.5702379E+02  0.7863615E+01  0.1673963E+02  Si
  0.5676953E+02  0.5415119E+01  0.1946201E+02  Si
  0.5405463E+02  0.8107120E+01  0.1931305E+02  Si
  0.5541032E+02  0.6610420E+01  0.1785785E+02  Si
  0.5809287E+02  0.9065201E+01  0.1824038E+02  Si
  0.5831138E+02  0.6591238E+01  0.2068544E+02  Si
  0.5551756E+02  0.9256114E+01  0.2066255E+02  Si
  0.5978269E+02  0.5136276E+01  0.1679494E+02  Si
  0.6277932E+02  0.7927013E+01  0.1674383E+02  Si
  0.6252992E+02  0.5235090E+01  0.1957088E+02  Si
  0.5985241E+02  0.7811715E+01  0.1921226E+02  Si
  0.6140068E+02  0.6498363E+01  0.1799551E+02  Si
  0.6389770E+02  0.9524432E+01  0.1809638E+02  Si
  0.6392616E+02  0.6659816E+01  0.2106602E+02  Si
  0.6112008E+02  0.9136956E+01  0.2087453E+02  Si
  0.4366070E+02  0.1068038E+02  0.1643156E+02  Si
  0.4613499E+02  0.1339089E+02  0.1677712E+02  Si
  0.4602901E+02  0.1093858E+02  0.1938073E+02  Si
  0.4236048E+02  0.1433076E+02  0.1769139E+02  Si
  0.4465076E+02  0.1210683E+02  0.1790204E+02  Si
  0.4767016E+02  0.1481427E+02  0.1793935E+02  Si
  0.4738437E+02  0.1201995E+02  0.2080389E+02  Si
  0.4493432E+02  0.1475179E+02  0.2084703E+02  Si
  0.4902703E+02  0.1066357E+02  0.1674135E+02  Si
  0.5159444E+02  0.1344188E+02  0.1681160E+02  Si
  0.5150702E+02  0.1074805E+02  0.1931939E+02  Si
  0.4869530E+02  0.1334813E+02  0.1942122E+02  Si
  0.5014690E+02  0.1223404E+02  0.1794905E+02  Si
  0.5325695E+02  0.1451152E+02  0.1812424E+02  Si
  0.5279900E+02  0.1180610E+02  0.2094333E+02  Si
  0.5035281E+02  0.1470116E+02  0.2070636E+02  Si
  0.5439366E+02  0.1079222E+02  0.1662204E+02  Si
  0.5730254E+02  0.1328932E+02  0.1684031E+02  Si
  0.5691281E+02  0.1059061E+02  0.1968377E+02  Si
  0.5428660E+02  0.1307594E+02  0.1936919E+02  Si
  0.5580136E+02  0.1198631E+02  0.1820634E+02  Si
  0.5870946E+02  0.1463831E+02  0.1819579E+02  Si
  0.5836735E+02  0.1190578E+02  0.2093492E+02  Si
  0.5587616E+02  0.1436614E+02  0.2067183E+02  Si
  0.5942063E+02  0.1033688E+02  0.1658967E+02  Si
  0.6208424E+02  0.1348770E+02  0.1699963E+02  Si
  0.6229260E+02  0.1048020E+02  0.1932152E+02  Si
  0.5963891E+02  0.1320649E+02  0.1943763E+02  Si
  0.6069895E+02  0.1162482E+02  0.1805631E+02  Si
  0.6351688E+02  0.1453363E+02  0.1824700E+02  Si
  0.6376375E+02  0.1197831E+02  0.2071947E+02  Si
  0.6080743E+02  0.1474836E+02  0.2065073E+02  Si
  0.4343453E+02  0.1621220E+02  0.1671054E+02  Si
  0.4645273E+02  0.1886471E+02  0.1640236E+02  Si
  0.4611971E+02  0.1627596E+02  0.1926514E+02  Si
  0.4391405E+02  0.1912513E+02  0.1889696E+02  Si
  0.4502110E+02  0.1764528E+02  0.1769227E+02  Si
  0.4790320E+02  0.2009699E+02  0.1782119E+02  Si
  0.4759847E+02  0.1740382E+02  0.2061604E+02  Si
  0.4509709E+02  0.2013709E+02  0.2073902E+02  Si
  0.4927882E+02  0.1624226E+02  0.1685803E+02  Si
  0.5182763E+02  0.1871404E+02  0.1669754E+02  Si
  0.5177819E+02  0.1593513E+02  0.1935015E+02  Si
  0.4907643E+02  0.1886312E+02  0.1944972E+02  Si
  0.5050335E+02  0.1754234E+02  0.1830891E+02  Si
  0.5312377E+02  0.2027179E+02  0.1798511E+02  Si
  0.5303158E+02  0.1749458E+02  0.2074181E+02  Si
  0.5030645E+02  0.2023093E+02  0.2090839E+02  Si
  0.5442515E+02  0.1589251E+02  0.1679791E+02  Si
  0.5701665E+02  0.1885371E+02  0.1683275E+02  Si
  0.5716109E+02  0.1593124E+02  0.1948793E+02  Si
  0.5447315E+02  0.1869217E+02  0.1938752E+02  Si
  0.5575419E+02  0.1729811E+02  0.1809614E+02  Si
  0.5805771E+02  0.2042298E+02  0.1822096E+02  Si
  0.5833232E+02  0.1742873E+02  0.2083158E+02  Si
  0.5547363E+02  0.2024605E+02  0.2086242E+02  Si
  0.5964647E+02  0.1608830E+02  0.1688430E+02  Si
  0.6212510E+02  0.1869446E+02  0.1660396E+02  Si
  0.6238580E+02  0.1619610E+02  0.1955528E+02  Si
  0.5962276E+02  0.1883711E+02  0.1928874E+02  Si
  0.6104753E+02  0.1741695E+02  0.1824402E+02  Si
  0.6363758E+02  0.1995361E+02  0.1798765E+02  Si
  0.6394795E+02  0.1747837E+02  0.2061183E+02  Si
  0.6099460E+02  0.2015435E+02  0.2067037E+02  Si
