         
  0.6515772E+02  0.0000000E+00  0.2171924E+02
  0.0000000E+00  0.0000000E+00  0.2171924E+02
  0.1664657E+00  0.2145709E+02  0.2082589E+02  Si
  0.2961442E+01  0.2326018E+01  0.2120008E+02  Si
  0.2903533E+01  0.2164859E+02  0.1999816E+01  Si
  0.4734236E-01  0.2538479E+01  0.2215252E+01  Si
  0.1475555E+01  0.1058738E+01  0.7820207E+00  Si
  0.4237216E+01  0.3863971E+01  0.6573545E+00  Si
  0.4070385E+01  0.1401204E+01  0.3419281E+01  Si
  0.1276123E+01  0.3872712E+01  0.3450838E+01  Si
  0.5626563E+01  0.2113495E+02  0.2105332E+02  Si
  0.8251759E+01  0.2503932E+01  0.2113783E+02  Si
  0.7816899E+01  0.2152965E+02  0.1983836E+01  Si
  0.5550000E+01  0.2775125E+01  0.2182509E+01  Si
  0.6642845E+01  0.1253849E+01  0.6531776E+00  Si
  0.9469975E+01  0.4248047E+01  0.6679732E+00  Si
  0.9446295E+01  0.1169513E+01  0.3145669E+01  Si
  0.7025472E+01  0.3907157E+01  0.3555056E+01  Si
  0.1109730E+02  0.2148613E+02  0.2127243E+02  Si
  0.1383998E+02  0.2871765E+01  0.2103504E+02  Si
  0.1346344E+02  0.2141071E+02  0.1921097E+01  Si
  0.1071757E+02  0.2609251E+01  0.1952223E+01  Si
  0.1242767E+02  0.1526641E+01  0.6859346E+00  Si
  0.1490655E+02  0.4212146E+01  0.7043704E+00  Si
  0.1483433E+02  0.1310363E+01  0.2965378E+01  Si
  0.1247913E+02  0.3824798E+01  0.3310147E+01  Si
  0.1615692E+02  0.2167648E+02  0.2088945E+02  Si
  0.1893522E+02  0.2718407E+01  0.2093293E+02  Si
  0.1892858E+02  0.1818156E-01  0.1832689E+01  Si
  0.1619702E+02  0.2613359E+01  0.1822328E+01  Si
  0.1753872E+02  0.1245407E+01  0.4781498E+00  Si
  0.2852291E+02  0.6135958E+01  0.4120124E+01  Si
  0.2083186E+02  0.5504519E+01  0.2106768E+00  Si
  0.1758124E+02  0.3679557E+01  0.3287025E+01  Si
  0.9421542E-01  0.5267345E+01  0.2106188E+02  Si
  0.2861365E+01  0.8156021E+01  0.2119169E+02  Si
  0.2678969E+01  0.4968199E+01  0.2003029E+01  Si
  0.6358262E-02  0.7734138E+01  0.2010327E+01  Si
  0.1547667E+01  0.6555828E+01  0.5779220E+00  Si
  0.4227860E+01  0.9326096E+01  0.9030942E+00  Si
  0.4057934E+01  0.6424376E+01  0.3352481E+01  Si
  0.1082459E+01  0.9018417E+01  0.3529305E+01  Si
  0.5301496E+01  0.5245870E+01  0.2085761E+02  Si
  0.8072246E+01  0.7935262E+01  0.2093598E+02  Si
  0.7964187E+01  0.5538257E+01  0.1996423E+01  Si
  0.5392493E+01  0.8037030E+01  0.2142138E+01  Si
  0.6519366E+01  0.6819375E+01  0.4547860E+00  Si
  0.9673259E+01  0.9289316E+01  0.8961142E+00  Si
  0.9758547E+01  0.6679995E+01  0.3241341E+01  Si
  0.6577397E+01  0.9306698E+01  0.3352949E+01  Si
  0.1113754E+02  0.5484739E+01  0.2120343E+02  Si
  0.1372983E+02  0.8274809E+01  0.2100227E+02  Si
  0.1370485E+02  0.5255845E+01  0.2209952E+01  Si
  0.1107342E+02  0.8122143E+01  0.1918344E+01  Si
  0.1254893E+02  0.6750143E+01  0.7900291E+00  Si
  0.1497984E+02  0.9566725E+01  0.6646947E+00  Si
  0.1513517E+02  0.6555897E+01  0.3472254E+01  Si
  0.1232727E+02  0.9290402E+01  0.3384353E+01  Si
  0.1642934E+02  0.5511308E+01  0.2098209E+02  Si
  0.1897098E+02  0.7875718E+01  0.2129922E+02  Si
  0.1921196E+02  0.5067194E+01  0.2191282E+01  Si
  0.1617375E+02  0.8238772E+01  0.1972608E+01  Si
  0.1778504E+02  0.6681709E+01  0.7390535E+00  Si
  0.2190753E+02  0.1057620E+02  0.2125548E+02  Si
  0.2700657E+02  0.5003647E+01  0.1718320E+02  Si
  0.1764787E+02  0.9490316E+01  0.3171606E+01  Si
  0.5252994E-01  0.1062975E+02  0.2126486E+02  Si
  0.2727553E+01  0.1336887E+02  0.2081561E+02  Si
  0.2688402E+01  0.1051079E+02  0.2553870E+01  Si
  0.2576883E+00  0.1325999E+02  0.2262775E+01  Si
  0.1612186E+01  0.1189370E+02  0.8240039E+00  Si
  0.3933176E+01  0.1471905E+02  0.6217787E+00  Si
  0.4131360E+01  0.1209013E+02  0.3711734E+01  Si
  0.1347209E+01  0.1477923E+02  0.3678347E+01  Si
  0.5375122E+01  0.1087919E+02  0.2110622E+02  Si
  0.8181243E+01  0.1319943E+02  0.2112714E+02  Si
  0.8008194E+01  0.1067469E+02  0.2035554E+01  Si
  0.5280055E+01  0.1338076E+02  0.1958000E+01  Si
  0.6756423E+01  0.1224365E+02  0.7265987E+00  Si
  0.9475957E+01  0.1446842E+02  0.6689207E+00  Si
  0.9238703E+01  0.1186138E+02  0.3522726E+01  Si
  0.6596035E+01  0.1467046E+02  0.3549271E+01  Si
  0.1081510E+02  0.1082532E+02  0.2096259E+02  Si
  0.1350022E+02  0.1344497E+02  0.2125927E+02  Si
  0.1353980E+02  0.1076359E+02  0.2091311E+01  Si
  0.1070870E+02  0.1322860E+02  0.2152558E+01  Si
  0.1189796E+02  0.1232513E+02  0.7181381E+00  Si
  0.1508118E+02  0.1481378E+02  0.7172868E+00  Si
  0.1484580E+02  0.1193695E+02  0.3512956E+01  Si
  0.1215572E+02  0.1451851E+02  0.3394910E+01  Si
  0.1652658E+02  0.1057160E+02  0.2108506E+02  Si
  0.1927329E+02  0.1358154E+02  0.2133841E+02  Si
  0.2027310E+02  0.9310150E+01  0.6907896E+00  Si
  0.1629037E+02  0.1318188E+02  0.2007575E+01  Si
  0.1773251E+02  0.1217758E+02  0.6707136E+00  Si
  0.2026824E+02  0.1182945E+02  0.1998136E+02  Si
  0.2424769E+02  0.2158407E+02  0.7115646E+01  Si
  0.1746873E+02  0.1461189E+02  0.3347563E+01  Si
  0.6505281E+02  0.1603330E+02  0.2115793E+02  Si
  0.2446155E+01  0.1851617E+02  0.2115127E+02  Si
  0.2699446E+01  0.1605468E+02  0.2144519E+01  Si
  0.1903470E+00  0.1885405E+02  0.2091081E+01  Si
  0.1230087E+01  0.1737477E+02  0.8492800E+00  Si
  0.4003389E+01  0.1996560E+02  0.5559260E+00  Si
  0.3821150E+01  0.1751103E+02  0.3734562E+01  Si
  0.1371336E+01  0.2033966E+02  0.3395336E+01  Si
  0.5238227E+01  0.1590332E+02  0.2091278E+02  Si
  0.7913426E+01  0.1891976E+02  0.2103450E+02  Si
  0.8126130E+01  0.1602902E+02  0.2220115E+01  Si
  0.5105798E+01  0.1865851E+02  0.1936188E+01  Si
  0.6629991E+01  0.1723611E+02  0.6541217E+00  Si
  0.9521037E+01  0.2024631E+02  0.6168938E+00  Si
  0.9348683E+01  0.1788270E+02  0.3529529E+01  Si
  0.6501186E+01  0.2004636E+02  0.3161910E+01  Si
  0.1084468E+02  0.1601250E+02  0.2113403E+02  Si
  0.1361977E+02  0.1870168E+02  0.2110958E+02  Si
  0.1347362E+02  0.1609225E+02  0.2100035E+01  Si
  0.1074949E+02  0.1882523E+02  0.1847520E+01  Si
  0.1211100E+02  0.1737436E+02  0.6464985E+00  Si
  0.1507064E+02  0.2022092E+02  0.6278029E+00  Si
  0.1512667E+02  0.1754364E+02  0.3144800E+01  Si
  0.1221095E+02  0.2008888E+02  0.3253608E+01  Si
  0.1644227E+02  0.1613870E+02  0.2083067E+02  Si
  0.1895608E+02  0.1873591E+02  0.2076208E+02  Si
  0.1878452E+02  0.1616861E+02  0.2153933E+01  Si
  0.1649991E+02  0.1901275E+02  0.1850233E+01  Si
  0.1756195E+02  0.1753268E+02  0.2807157E+00  Si
  0.2730386E+02  0.2047647E+02  0.1513673E+02  Si
  0.2030775E+02  0.1751262E+02  0.3331561E+01  Si
  0.1780966E+02  0.2017440E+02  0.3302759E+01  Si
  0.1408321E+00  0.1265888E-02  0.5095521E+01  Si
  0.2578613E+01  0.2794729E+01  0.4797624E+01  Si
  0.2853082E+01  0.2161015E+02  0.7500010E+01  Si
  0.6514168E+02  0.2715435E+01  0.7688329E+01  Si
  0.1583761E+01  0.1557178E+01  0.6400053E+01  Si
  0.4120901E+01  0.4125082E+01  0.6065552E+01  Si
  0.4292100E+01  0.1525407E+01  0.8622377E+01  Si
  0.1219362E+01  0.4138315E+01  0.9056070E+01  Si
  0.5563957E+01  0.6757004E-01  0.4603547E+01  Si
  0.8544635E+01  0.2430565E+01  0.4516726E+01  Si
  0.8270133E+01  0.2148577E+02  0.7464043E+01  Si
  0.5828758E+01  0.2523282E+01  0.7143900E+01  Si
  0.7353750E+01  0.1181206E+01  0.6052826E+01  Si
  0.9609076E+01  0.4157626E+01  0.5825496E+01  Si
  0.9394818E+01  0.1076141E+01  0.8584666E+01  Si
  0.7010298E+01  0.3742277E+01  0.8788487E+01  Si
  0.1099058E+02  0.2163820E+02  0.4574578E+01  Si
  0.1354775E+02  0.2493102E+01  0.4589687E+01  Si
  0.1350930E+02  0.2147568E+02  0.6996763E+01  Si
  0.1087367E+02  0.2653342E+01  0.7316643E+01  Si
  0.1214858E+02  0.1414569E+01  0.5835182E+01  Si
  0.1501236E+02  0.3815568E+01  0.5878839E+01  Si
  0.1462245E+02  0.1197156E+01  0.8552149E+01  Si
  0.1225153E+02  0.3678828E+01  0.8762042E+01  Si
  0.1630854E+02  0.4413330E-01  0.4500812E+01  Si
  0.1912620E+02  0.2356683E+01  0.4667697E+01  Si
  0.1850992E+02  0.2114155E+02  0.7379831E+01  Si
  0.1637451E+02  0.2468287E+01  0.7386524E+01  Si
  0.1771693E+02  0.1148404E+01  0.6012128E+01  Si
  0.2230169E+02  0.2164723E+02  0.1411886E+02  Si
  0.2870114E+02  0.2903178E+01  0.7456109E+01  Si
  0.1760408E+02  0.3852406E+01  0.8794523E+01  Si
  0.6512922E+02  0.5358837E+01  0.4860182E+01  Si
  0.2766473E+01  0.7726937E+01  0.4883472E+01  Si
  0.2813953E+01  0.5325750E+01  0.7663484E+01  Si
  0.6495113E+02  0.7784007E+01  0.7652017E+01  Si
  0.1334189E+01  0.6506360E+01  0.6265916E+01  Si
  0.4241872E+01  0.8952795E+01  0.6062634E+01  Si
  0.3996848E+01  0.6404096E+01  0.9091856E+01  Si
  0.1230483E+01  0.9305072E+01  0.8739067E+01  Si
  0.5704158E+01  0.5306405E+01  0.4643105E+01  Si
  0.8227220E+01  0.7997947E+01  0.4425367E+01  Si
  0.8203917E+01  0.5240946E+01  0.7384672E+01  Si
  0.5385645E+01  0.7665786E+01  0.7729474E+01  Si
  0.6892132E+01  0.6862139E+01  0.6066465E+01  Si
  0.9497291E+01  0.9156149E+01  0.6024458E+01  Si
  0.9871729E+01  0.6493050E+01  0.8597885E+01  Si
  0.6705077E+01  0.9226550E+01  0.8978513E+01  Si
  0.1111598E+02  0.5306067E+01  0.4749604E+01  Si
  0.1374971E+02  0.7934791E+01  0.4574900E+01  Si
  0.1371289E+02  0.5084090E+01  0.7477879E+01  Si
  0.1130253E+02  0.7813484E+01  0.7359605E+01  Si
  0.1260754E+02  0.6615915E+01  0.5908134E+01  Si
  0.1509289E+02  0.9069357E+01  0.5915859E+01  Si
  0.1487629E+02  0.6521216E+01  0.8790233E+01  Si
  0.1244607E+02  0.9082328E+01  0.9013390E+01  Si
  0.1651828E+02  0.5205537E+01  0.4893677E+01  Si
  0.1884887E+02  0.7956772E+01  0.4611932E+01  Si
  0.2040151E+02  0.3860539E+01  0.5991598E+01  Si
  0.1638633E+02  0.7762746E+01  0.7401232E+01  Si
  0.1783119E+02  0.6459065E+01  0.6144597E+01  Si
  0.2065741E+02  0.6379015E+01  0.3612544E+01  Si
  0.2219386E+02  0.8262173E+01  0.1421666E+02  Si
  0.1771618E+02  0.9125269E+01  0.8636202E+01  Si
  0.6499125E+02  0.1050046E+02  0.4877491E+01  Si
  0.2742833E+01  0.1329730E+02  0.5103951E+01  Si
  0.2766646E+01  0.1039099E+02  0.7528175E+01  Si
  0.2651120E+00  0.1348281E+02  0.7454895E+01  Si
  0.1369053E+01  0.1163131E+02  0.6356896E+01  Si
  0.4331088E+01  0.1472349E+02  0.6381079E+01  Si
  0.4175895E+01  0.1184939E+02  0.8810546E+01  Si
  0.1497158E+01  0.1477346E+02  0.8888295E+01  Si
  0.5338755E+01  0.1051175E+02  0.4966060E+01  Si
  0.8026180E+01  0.1339895E+02  0.4748437E+01  Si
  0.8202745E+01  0.1026181E+02  0.7683604E+01  Si
  0.5618103E+01  0.1328923E+02  0.7629036E+01  Si
  0.6957247E+01  0.1183693E+02  0.6334782E+01  Si
  0.9443065E+01  0.1468777E+02  0.6158967E+01  Si
  0.9617379E+01  0.1181771E+02  0.8719788E+01  Si
  0.6992507E+01  0.1454818E+02  0.9066223E+01  Si
  0.1087291E+02  0.1056117E+02  0.4968582E+01  Si
  0.1361399E+02  0.1344978E+02  0.4727815E+01  Si
  0.1376528E+02  0.1056293E+02  0.7519985E+01  Si
  0.1089680E+02  0.1321206E+02  0.7398828E+01  Si
  0.1241437E+02  0.1207085E+02  0.6019515E+01  Si
  0.1504600E+02  0.1460296E+02  0.5927610E+01  Si
  0.1490662E+02  0.1206270E+02  0.8718976E+01  Si
  0.1210801E+02  0.1460617E+02  0.8800246E+01  Si
  0.1643960E+02  0.1067044E+02  0.4601731E+01  Si
  0.1889431E+02  0.1089526E+02  0.2183639E+01  Si
  0.1919646E+02  0.1044754E+02  0.7285302E+01  Si
  0.1662866E+02  0.1321789E+02  0.7206559E+01  Si
  0.1807519E+02  0.1194781E+02  0.5916769E+01  Si
  0.2234804E+02  0.1707298E+02  0.1095712E+01  Si
  0.2330430E+02  0.6797973E+01  0.6382345E+01  Si
  0.1783935E+02  0.1499310E+02  0.8655807E+01  Si
  0.2394399E+00  0.1625796E+02  0.5144075E+01  Si
  0.2639004E+01  0.1922765E+02  0.5046018E+01  Si
  0.2903438E+01  0.1610774E+02  0.7415492E+01  Si
  0.7735467E-01  0.1917652E+02  0.7835964E+01  Si
  0.1508798E+01  0.1772413E+02  0.6478804E+01  Si
  0.4259228E+01  0.2042435E+02  0.6271471E+01  Si
  0.4193646E+01  0.1763691E+02  0.8761813E+01  Si
  0.1784881E+01  0.2037275E+02  0.9154973E+01  Si
  0.5343407E+01  0.1620825E+02  0.4700008E+01  Si
  0.7944906E+01  0.1938766E+02  0.4977051E+01  Si
  0.8158460E+01  0.1617122E+02  0.7694979E+01  Si
  0.5718003E+01  0.1919369E+02  0.7594480E+01  Si
  0.6849118E+01  0.1764549E+02  0.6175871E+01  Si
  0.9703763E+01  0.2025947E+02  0.6133581E+01  Si
  0.9630909E+01  0.1753346E+02  0.8890458E+01  Si
  0.7088218E+01  0.2022344E+02  0.9276563E+01  Si
  0.1069872E+02  0.1623628E+02  0.4574751E+01  Si
  0.1360597E+02  0.1869957E+02  0.4609266E+01  Si
  0.1364880E+02  0.1614886E+02  0.7246736E+01  Si
  0.1108433E+02  0.1887721E+02  0.7552897E+01  Si
  0.1242992E+02  0.1727314E+02  0.6127761E+01  Si
  0.1496291E+02  0.2012720E+02  0.5801789E+01  Si
  0.1488896E+02  0.1753461E+02  0.8948951E+01  Si
  0.1230288E+02  0.2034628E+02  0.8497066E+01  Si
  0.1635318E+02  0.1615388E+02  0.4803617E+01  Si
  0.2636115E+02  0.1752163E+02  0.9856820E+01  Si
  0.1931741E+02  0.1655926E+02  0.7410134E+01  Si
  0.1608852E+02  0.1902338E+02  0.7689004E+01  Si
  0.1750688E+02  0.1761282E+02  0.6227107E+01  Si
  0.2370550E+02  0.2008361E+01  0.1789715E+01  Si
  0.2287947E+02  0.1964809E+02  0.6744256E+01  Si
  0.1749818E+02  0.2019042E+02  0.9146920E+01  Si
  0.2125460E+00  0.2157578E+02  0.1024948E+02  Si
  0.2494395E+01  0.2621286E+01  0.1024758E+02  Si
  0.2810206E+01  0.2168941E+02  0.1286993E+02  Si
  0.6504199E+02  0.2758195E+01  0.1286750E+02  Si
  0.1254601E+01  0.1174982E+01  0.1170986E+02  Si
  0.4044812E+01  0.3920104E+01  0.1146452E+02  Si
  0.4028421E+01  0.1257122E+01  0.1434912E+02  Si
  0.1328624E+01  0.3951692E+01  0.1419632E+02  Si
  0.5296425E+01  0.2158596E+02  0.1006439E+02  Si
  0.8402532E+01  0.2428633E+01  0.1023745E+02  Si
  0.8053739E+01  0.2127988E+02  0.1277630E+02  Si
  0.5417629E+01  0.2526915E+01  0.1268368E+02  Si
  0.6818471E+01  0.1256596E+01  0.1148911E+02  Si
  0.9511865E+01  0.3983109E+01  0.1167004E+02  Si
  0.9283456E+01  0.9775622E+00  0.1427634E+02  Si
  0.6698617E+01  0.3915155E+01  0.1418653E+02  Si
  0.1091471E+02  0.2165449E+02  0.9946132E+01  Si
  0.1352345E+02  0.2368361E+01  0.1039028E+02  Si
  0.1366957E+02  0.2140761E+02  0.1275256E+02  Si
  0.1075830E+02  0.2476184E+01  0.1300901E+02  Si
  0.1217038E+02  0.1246101E+01  0.1169152E+02  Si
  0.1491503E+02  0.3873785E+01  0.1147567E+02  Si
  0.1501698E+02  0.1384836E+01  0.1392494E+02  Si
  0.1231973E+02  0.4007462E+01  0.1423321E+02  Si
  0.1577763E+02  0.2133186E+02  0.1016103E+02  Si
  0.2016154E+02  0.9699254E+00  0.8609427E+01  Si
  0.2491486E+02  0.1676123E+02  0.1995365E+02  Si
  0.1658592E+02  0.2439620E+01  0.1251151E+02  Si
  0.1764395E+02  0.8232707E+00  0.1114707E+02  Si
  0.1896946E+02  0.2347958E+01  0.1005370E+02  Si
  0.2045897E+02  0.3909688E+01  0.1130477E+02  Si
  0.1773695E+02  0.4184842E+01  0.1379916E+02  Si
  0.6505854E+02  0.5540408E+01  0.1037468E+02  Si
  0.2836048E+01  0.8108572E+01  0.1021581E+02  Si
  0.2585124E+01  0.5402327E+01  0.1288608E+02  Si
  0.6498570E+02  0.8139700E+01  0.1309599E+02  Si
  0.1195089E+01  0.7210375E+01  0.1184482E+02  Si
  0.4258584E+01  0.9364636E+01  0.1175963E+02  Si
  0.4089789E+01  0.6619418E+01  0.1431988E+02  Si
  0.1406272E+01  0.9232857E+01  0.1447880E+02  Si
  0.5622754E+01  0.4998332E+01  0.1021831E+02  Si
  0.8414434E+01  0.7811227E+01  0.1011029E+02  Si
  0.8131699E+01  0.5110196E+01  0.1289988E+02  Si
  0.5691452E+01  0.7857815E+01  0.1285578E+02  Si
  0.6971875E+01  0.6479903E+01  0.1147171E+02  Si
  0.9750734E+01  0.9250063E+01  0.1163333E+02  Si
  0.9426602E+01  0.6437609E+01  0.1441210E+02  Si
  0.6798475E+01  0.9209000E+01  0.1428565E+02  Si
  0.1105064E+02  0.5385018E+01  0.1015800E+02  Si
  0.1378581E+02  0.7743509E+01  0.1027164E+02  Si
  0.1385188E+02  0.5176682E+01  0.1321102E+02  Si
  0.1102440E+02  0.7668476E+01  0.1320995E+02  Si
  0.1238174E+02  0.6420573E+01  0.1186823E+02  Si
  0.1495130E+02  0.9504706E+01  0.1150487E+02  Si
  0.1494152E+02  0.6809722E+01  0.1459536E+02  Si
  0.1227414E+02  0.9266934E+01  0.1417057E+02  Si
  0.1628152E+02  0.5258070E+01  0.1014729E+02  Si
  0.1920408E+02  0.7980616E+01  0.9740185E+01  Si
  0.1919727E+02  0.5502332E+01  0.1273497E+02  Si
  0.1622851E+02  0.7752254E+01  0.1263169E+02  Si
  0.1777148E+02  0.6683300E+01  0.1130675E+02  Si
  0.2833015E+02  0.8259983E+01  0.1611630E+02  Si
  0.2083016E+02  0.6149117E+01  0.1445471E+02  Si
  0.1779041E+02  0.9132278E+01  0.1400454E+02  Si
  0.6497078E+02  0.1064368E+02  0.1018872E+02  Si
  0.2657415E+01  0.1320283E+02  0.1032061E+02  Si
  0.2615085E+01  0.1065548E+02  0.1309475E+02  Si
  0.6696860E-01  0.1319781E+02  0.1281529E+02  Si
  0.1298644E+01  0.1184883E+02  0.1147113E+02  Si
  0.4351524E+01  0.1445549E+02  0.1135758E+02  Si
  0.3903070E+01  0.1206558E+02  0.1456846E+02  Si
  0.1301640E+01  0.1457784E+02  0.1420528E+02  Si
  0.5692893E+01  0.1086806E+02  0.1039628E+02  Si
  0.8341514E+01  0.1294214E+02  0.1029058E+02  Si
  0.8325717E+01  0.1053812E+02  0.1305747E+02  Si
  0.5397477E+01  0.1321753E+02  0.1296445E+02  Si
  0.6893944E+01  0.1195324E+02  0.1167010E+02  Si
  0.9592336E+01  0.1464521E+02  0.1169280E+02  Si
  0.9580949E+01  0.1195571E+02  0.1440187E+02  Si
  0.6705027E+01  0.1466818E+02  0.1413870E+02  Si
  0.1100906E+02  0.1052278E+02  0.1018199E+02  Si
  0.1376732E+02  0.1343090E+02  0.1029909E+02  Si
  0.1364978E+02  0.1078756E+02  0.1301424E+02  Si
  0.1091192E+02  0.1353474E+02  0.1301912E+02  Si
  0.1229065E+02  0.1205572E+02  0.1156097E+02  Si
  0.1506212E+02  0.1490108E+02  0.1167027E+02  Si
  0.1498053E+02  0.1213493E+02  0.1436480E+02  Si
  0.1234351E+02  0.1495354E+02  0.1422882E+02  Si
  0.1647420E+02  0.1064034E+02  0.1003603E+02  Si
  0.2571433E+02  0.5947096E+01  0.1120048E+02  Si
  0.2947143E+02  0.3668877E+01  0.1675143E+01  Si
  0.1627155E+02  0.1379545E+02  0.1314155E+02  Si
  0.1751492E+02  0.1227809E+02  0.1140393E+02  Si
  0.2022170E+02  0.1999100E+02  0.1212240E+02  Si
  0.1906564E+02  0.1643745E+02  0.1306732E+02  Si
  0.1766528E+02  0.1509249E+02  0.1450311E+02  Si
  0.1690024E+00  0.1607924E+02  0.1050274E+02  Si
  0.2978057E+01  0.1888331E+02  0.1042627E+02  Si
  0.2978011E+01  0.1596144E+02  0.1272632E+02  Si
  0.1631923E+00  0.1884624E+02  0.1310479E+02  Si
  0.1671720E+01  0.1746184E+02  0.1183923E+02  Si
  0.4083051E+01  0.2039402E+02  0.1156336E+02  Si
  0.4036837E+01  0.1753337E+02  0.1408722E+02  Si
  0.1579310E+01  0.2030471E+02  0.1413812E+02  Si
  0.5775386E+01  0.1631715E+02  0.1031075E+02  Si
  0.8313765E+01  0.1866440E+02  0.1042836E+02  Si
  0.8249670E+01  0.1615819E+02  0.1303650E+02  Si
  0.5583685E+01  0.1898364E+02  0.1287335E+02  Si
  0.6897748E+01  0.1743434E+02  0.1189974E+02  Si
  0.9759176E+01  0.2025456E+02  0.1153187E+02  Si
  0.9563029E+01  0.1727239E+02  0.1440521E+02  Si
  0.7016439E+01  0.2023154E+02  0.1462354E+02  Si
  0.1079624E+02  0.1583130E+02  0.1022754E+02  Si
  0.1334466E+02  0.1881782E+02  0.9945128E+01  Si
  0.1350608E+02  0.1639340E+02  0.1289437E+02  Si
  0.1091109E+02  0.1873354E+02  0.1308733E+02  Si
  0.1206578E+02  0.1743986E+02  0.1148879E+02  Si
  0.1476813E+02  0.1992895E+02  0.1148019E+02  Si
  0.1499861E+02  0.1763508E+02  0.1418528E+02  Si
  0.1215511E+02  0.2046760E+02  0.1433481E+02  Si
  0.1618220E+02  0.1580940E+02  0.9934154E+01  Si
  0.1902963E+02  0.1903236E+02  0.1028307E+02  Si
  0.2127498E+02  0.1311669E+02  0.1272725E+02  Si
  0.1632713E+02  0.1887160E+02  0.1282186E+02  Si
  0.1760873E+02  0.1738403E+02  0.1132585E+02  Si
  0.2157290E+02  0.1598695E+02  0.1590317E+02  Si
  0.2029105E+02  0.1435744E+02  0.1708785E+02  Si
  0.1740707E+02  0.2026347E+02  0.1445843E+02  Si
  0.6502548E+02  0.2157145E+02  0.1548047E+02  Si
  0.2590397E+01  0.2616071E+01  0.1576547E+02  Si
  0.2725101E+01  0.2121244E+02  0.1824910E+02  Si
  0.6505563E+02  0.2294244E+01  0.1827826E+02  Si
  0.1256270E+01  0.8639676E+00  0.1701979E+02  Si
  0.4110416E+01  0.3899126E+01  0.1726537E+02  Si
  0.4157439E+01  0.8848739E+00  0.1990144E+02  Si
  0.1539034E+01  0.3678088E+01  0.1977416E+02  Si
  0.5386253E+01  0.2160796E+02  0.1544079E+02  Si
  0.8389101E+01  0.2854350E+01  0.1551927E+02  Si
  0.8299000E+01  0.1042736E+00  0.1813850E+02  Si
  0.5669935E+01  0.2222600E+01  0.1833596E+02  Si
  0.6887216E+01  0.1204133E+01  0.1659856E+02  Si
  0.9570284E+01  0.3793107E+01  0.1705769E+02  Si
  0.9658258E+01  0.9124216E+00  0.1984778E+02  Si
  0.7033862E+01  0.3745661E+01  0.1968073E+02  Si
  0.1053914E+02  0.2157099E+02  0.1572888E+02  Si
  0.1364971E+02  0.2484546E+01  0.1544953E+02  Si
  0.1330801E+02  0.2140356E+02  0.1820871E+02  Si
  0.1084153E+02  0.2446526E+01  0.1854153E+02  Si
  0.1208528E+02  0.1287773E+01  0.1692949E+02  Si
  0.1494990E+02  0.3845516E+01  0.1689720E+02  Si
  0.1465195E+02  0.1293416E+01  0.1927244E+02  Si
  0.1228654E+02  0.4195355E+01  0.1943575E+02  Si
  0.1597924E+02  0.9808865E-01  0.1549046E+02  Si
  0.1905164E+02  0.2990575E+01  0.1534432E+02  Si
  0.1885170E+02  0.2110284E+02  0.1780760E+02  Si
  0.1624012E+02  0.2760064E+01  0.1811213E+02  Si
  0.1772772E+02  0.1397341E+01  0.1663404E+02  Si
  0.1995015E+02  0.3570816E+01  0.1738918E+02  Si
  0.2279988E+02  0.2763620E+01  0.2037514E+02  Si
  0.1776356E+02  0.4114488E+01  0.1971353E+02  Si
  0.1051631E+00  0.5363753E+01  0.1571944E+02  Si
  0.3034817E+01  0.7957614E+01  0.1577543E+02  Si
  0.2840451E+01  0.5224876E+01  0.1869230E+02  Si
  0.1496995E+00  0.8127227E+01  0.1830269E+02  Si
  0.1598433E+01  0.6738302E+01  0.1699508E+02  Si
  0.4254839E+01  0.9239575E+01  0.1715332E+02  Si
  0.4148789E+01  0.6871049E+01  0.1974241E+02  Si
  0.1459170E+01  0.9390483E+01  0.1976347E+02  Si
  0.5515126E+01  0.5241693E+01  0.1584822E+02  Si
  0.7969176E+01  0.7826742E+01  0.1581025E+02  Si
  0.8196658E+01  0.5008114E+01  0.1843513E+02  Si
  0.5591752E+01  0.7991844E+01  0.1853530E+02  Si
  0.6966696E+01  0.6521241E+01  0.1717255E+02  Si
  0.9402196E+01  0.9220832E+01  0.1708342E+02  Si
  0.9512173E+01  0.6531974E+01  0.1984052E+02  Si
  0.6915578E+01  0.9591402E+01  0.2002604E+02  Si
  0.1081862E+02  0.5259020E+01  0.1574030E+02  Si
  0.1338205E+02  0.8013351E+01  0.1575041E+02  Si
  0.1361701E+02  0.5442818E+01  0.1815593E+02  Si
  0.1100458E+02  0.7817816E+01  0.1851846E+02  Si
  0.1201274E+02  0.6570894E+01  0.1698698E+02  Si
  0.1501760E+02  0.9467386E+01  0.1708473E+02  Si
  0.1494884E+02  0.6763306E+01  0.1947079E+02  Si
  0.1234481E+02  0.9359493E+01  0.1964029E+02  Si
  0.1644570E+02  0.5216825E+01  0.1547574E+02  Si
  0.1912486E+02  0.7713142E+01  0.1540204E+02  Si
  0.1914465E+02  0.5475712E+01  0.1830656E+02  Si
  0.1626954E+02  0.8105348E+01  0.1824283E+02  Si
  0.1767305E+02  0.6574471E+01  0.1681900E+02  Si
  0.2516390E+02  0.3837312E+01  0.1437025E+02  Si
  0.2052334E+02  0.6664615E+01  0.1981490E+02  Si
  0.1778550E+02  0.9214289E+01  0.1965508E+02  Si
  0.5165425E-01  0.1056985E+02  0.1568248E+02  Si
  0.2732570E+01  0.1330097E+02  0.1590051E+02  Si
  0.2650132E+01  0.1074242E+02  0.1822599E+02  Si
  0.6503172E+02  0.1331587E+02  0.1855174E+02  Si
  0.1141114E+01  0.1204498E+02  0.1721684E+02  Si
  0.4091162E+01  0.1474776E+02  0.1709591E+02  Si
  0.4033880E+01  0.1196343E+02  0.1956171E+02  Si
  0.1224986E+01  0.1467402E+02  0.1972391E+02  Si
  0.5562747E+01  0.1069444E+02  0.1571048E+02  Si
  0.8380809E+01  0.1362884E+02  0.1557822E+02  Si
  0.8197409E+01  0.1070987E+02  0.1828833E+02  Si
  0.5470617E+01  0.1338083E+02  0.1841095E+02  Si
  0.7072129E+01  0.1202766E+02  0.1703279E+02  Si
  0.9667716E+01  0.1482786E+02  0.1705806E+02  Si
  0.9392306E+01  0.1208366E+02  0.1955611E+02  Si
  0.6972466E+01  0.1464143E+02  0.1972500E+02  Si
  0.1080133E+02  0.1055762E+02  0.1569635E+02  Si
  0.1352499E+02  0.1319872E+02  0.1556688E+02  Si
  0.1377108E+02  0.1092950E+02  0.1840754E+02  Si
  0.1078091E+02  0.1352356E+02  0.1848040E+02  Si
  0.1192685E+02  0.1208776E+02  0.1706707E+02  Si
  0.1486425E+02  0.1467761E+02  0.1676044E+02  Si
  0.1512499E+02  0.1216676E+02  0.1987096E+02  Si
  0.1217118E+02  0.1480675E+02  0.1970027E+02  Si
  0.1634334E+02  0.1067354E+02  0.1553793E+02  Si
  0.1893147E+02  0.1337029E+02  0.1558548E+02  Si
  0.1898196E+02  0.1055355E+02  0.1817316E+02  Si
  0.1638072E+02  0.1343481E+02  0.1822787E+02  Si
  0.1770557E+02  0.1210833E+02  0.1698723E+02  Si
  0.2031180E+02  0.1783540E+02  0.1445469E+02  Si
  0.3036613E+02  0.1572960E+01  0.1126667E+01  Si
  0.1772338E+02  0.1439547E+02  0.1983954E+02  Si
  0.6504723E+02  0.1600708E+02  0.1562943E+02  Si
  0.2703094E+01  0.1882376E+02  0.1552762E+02  Si
  0.2547109E+01  0.1614632E+02  0.1832887E+02  Si
  0.8437140E-02  0.1860178E+02  0.1830395E+02  Si
  0.1426898E+01  0.1741656E+02  0.1677528E+02  Si
  0.4333208E+01  0.2006490E+02  0.1690159E+02  Si
  0.3942400E+01  0.1746184E+02  0.1967882E+02  Si
  0.1419625E+01  0.2014858E+02  0.1965181E+02  Si
  0.5480798E+01  0.1620214E+02  0.1555458E+02  Si
  0.8446926E+01  0.1875964E+02  0.1576553E+02  Si
  0.8169962E+01  0.1592949E+02  0.1830932E+02  Si
  0.5593339E+01  0.1856366E+02  0.1827571E+02  Si
  0.7133728E+01  0.1727665E+02  0.1691795E+02  Si
  0.9449781E+01  0.2016970E+02  0.1700254E+02  Si
  0.9077274E+01  0.1731215E+02  0.1987045E+02  Si
  0.6662566E+01  0.2019607E+02  0.1923138E+02  Si
  0.1123549E+02  0.1622758E+02  0.1592149E+02  Si
  0.1334601E+02  0.1881965E+02  0.1533443E+02  Si
  0.1355077E+02  0.1596435E+02  0.1824617E+02  Si
  0.1043310E+02  0.1899423E+02  0.1863190E+02  Si
  0.1234931E+02  0.1782051E+02  0.1745335E+02  Si
  0.1473577E+02  0.2010741E+02  0.1675699E+02  Si
  0.1506670E+02  0.1738495E+02  0.1945515E+02  Si
  0.1236326E+02  0.2018402E+02  0.1982752E+02  Si
  0.1602773E+02  0.1620646E+02  0.1570099E+02  Si
  0.1884334E+02  0.1915864E+02  0.1596796E+02  Si
  0.1877262E+02  0.1595260E+02  0.1830344E+02  Si
  0.1619079E+02  0.1907066E+02  0.1822081E+02  Si
  0.1749713E+02  0.1745452E+02  0.1707429E+02  Si
  0.2111758E+02  0.2012404E+02  0.1786840E+02  Si
  0.2190288E+02  0.1605129E+02  0.2063870E+02  Si
  0.1756579E+02  0.2026038E+02  0.1954565E+02  Si
  0.2372771E+02  0.1513804E+02  0.1643315E+02  Si
  0.2315198E+02  0.1005007E+02  0.8061203E+01  Si
  0.2742428E+02  0.1024568E+02  0.1901812E+02  Si
  0.2167278E+02  0.2883002E+01  0.1307176E+02  Si
  0.3202491E+02  0.5520277E+00  0.1184099E+02  Si
  0.2208358E+02  0.6522581E+01  0.1802963E+01  Si
  0.2799720E+02  0.1503983E+02  0.7298344E+01  Si
  0.1861592E+02  0.2156257E+02  0.1285175E+02  Si
  0.2766814E+02  0.2082121E+02  0.5784995E+01  Si
  0.3689075E+02  0.1382831E+02  0.1160480E+02  Si
  0.2862958E+02  0.1135771E+02  0.8154750E+01  Si
  0.4351030E+02  0.2876108E+01  0.1825198E+02  Si
  0.2985804E+02  0.2028421E+02  0.1356374E+02  Si
  0.3618616E+02  0.4098281E+01  0.5362811E+01  Si
  0.3537916E+02  0.1557616E+02  0.1451778E+02  Si
  0.3931291E+02  0.2045865E+02  0.3208812E+01  Si
  0.2061921E+02  0.1513011E+02  0.8618591E+00  Si
  0.2979580E+02  0.1021756E+02  0.1366822E+02  Si
  0.2346821E+02  0.6686702E+01  0.1057048E+02  Si
  0.3948334E+02  0.6770832E+01  0.1184960E+02  Si
  0.3826994E+02  0.1905772E+02  0.1214963E+02  Si
  0.3430667E+02  0.2048352E+02  0.1339504E+02  Si
  0.4086149E+02  0.5249795E+01  0.1855611E+02  Si
  0.3485863E+02  0.1459557E+02  0.1236299E+02  Si
  0.3130841E+02  0.1793804E+02  0.1115961E+01  Si
  0.4225434E+02  0.1218010E+02  0.3560551E+01  Si
  0.3233549E+02  0.5528129E+01  0.1448389E+01  Si
  0.3734476E+02  0.1172053E+01  0.2003294E+02  Si
  0.4080809E+02  0.8099466E+01  0.5059008E+01  Si
  0.2318690E+02  0.1592412E+02  0.1148469E+02  Si
  0.2662406E+02  0.9600136E+01  0.1131403E+01  Si
  0.4182188E+02  0.6572579E+01  0.3581099E+01  Si
  0.2186168E+02  0.5174097E+01  0.9980318E+01  Si
  0.2370980E+02  0.1328351E+02  0.6488764E+01  Si
  0.2903331E+02  0.1380163E+02  0.2095406E+02  Si
  0.2799275E+02  0.1362175E+02  0.1759577E+02  Si
  0.2785757E+02  0.2167980E+02  0.1069754E+02  Si
  0.2372727E+02  0.1578786E+02  0.1382907E+02  Si
  0.2917330E+02  0.1717135E+02  0.1552782E+02  Si
  0.3538020E+02  0.2254436E+01  0.2112044E+02  Si
  0.2494348E+02  0.1204515E+02  0.1534957E+02  Si
  0.2691897E+02  0.1455800E+02  0.3928649E+01  Si
  0.3201158E+02  0.2171572E+02  0.2370294E+01  Si
  0.2731592E+02  0.1856651E+02  0.2089038E+01  Si
  0.3233600E+02  0.1626927E+02  0.2886486E+01  Si
  0.3825536E+02  0.1354402E+02  0.1354250E+02  Si
  0.3628298E+02  0.1564184E+02  0.2106774E+02  Si
  0.2063187E+02  0.1775676E+02  0.8994450E+01  Si
  0.4067255E+02  0.2457020E+01  0.1560446E+02  Si
  0.3626438E+02  0.1714760E+02  0.3871861E+01  Si
  0.3607011E+02  0.1115729E+02  0.1063794E+02  Si
  0.4064592E+02  0.2606343E+01  0.2133984E+02  Si
  0.2583917E+02  0.1980296E+02  0.7330442E+01  Si
  0.2398094E+02  0.7580898E+01  0.1579964E+02  Si
  0.3510852E+02  0.1028624E+02  0.2151046E+01  Si
  0.2884322E+02  0.9748085E+01  0.1052356E+02  Si
  0.3494370E+02  0.5341762E+01  0.1833331E+01  Si
  0.3775712E+02  0.2124632E+02  0.3552008E+00  Si
  0.3187881E+02  0.2022708E+02  0.4147830E+01  Si
  0.4210344E+02  0.4022116E+01  0.6857100E+00  Si
  0.2328416E+02  0.1498677E+02  0.3252031E+01  Si
  0.2658146E+02  0.1144266E+02  0.6699385E+01  Si
  0.4056713E+02  0.8218694E+01  0.1014921E+02  Si
  0.2962847E+02  0.8133646E+01  0.5241446E+01  Si
  0.2556221E+02  0.6697090E+01  0.6463246E+01  Si
  0.2502081E+02  0.3895983E+01  0.1061211E+01  Si
  0.2502369E+02  0.2167765E+02  0.1566844E+02  Si
  0.2705801E+02  0.9683028E+01  0.8929293E+01  Si
  0.2308578E+02  0.1149665E+02  0.1666657E+02  Si
  0.2507283E+02  0.1310839E+02  0.9376882E+01  Si
  0.2989289E+02  0.2082879E+02  0.1149025E+02  Si
  0.2185040E+02  0.1918764E+02  0.2059227E+01  Si
  0.2174214E+02  0.8223866E+01  0.7612174E+01  Si
  0.3278093E+02  0.1261198E+02  0.1442876E+02  Si
  0.2301278E+02  0.1413996E+02  0.1962086E+02  Si
  0.2431757E+02  0.8165405E+01  0.8947396E+01  Si
  0.4088847E+02  0.1332973E+02  0.1605482E+02  Si
  0.2192830E+02  0.1813340E+02  0.1715402E+02  Si
  0.3665072E+02  0.9065984E+01  0.9341199E+00  Si
  0.2997235E+02  0.1368600E+01  0.1489833E+02  Si
  0.2023067E+02  0.1236637E+02  0.8520889E+01  Si
  0.3123913E+02  0.6422128E+01  0.5510053E+01  Si
  0.3033321E+02  0.1328997E+02  0.1886863E+02  Si
  0.3272600E+02  0.9444058E+01  0.2057809E+02  Si
  0.2183123E+02  0.3072647E+01  0.2836533E+01  Si
  0.2592288E+02  0.1487887E+02  0.4155575E+00  Si
  0.3252732E+02  0.1244498E+02  0.7960627E+01  Si
  0.3317550E+02  0.3538056E+01  0.6637472E+01  Si
  0.3211929E+02  0.2114710E+02  0.1390664E+02  Si
  0.2984086E+02  0.7172284E+01  0.1800456E+02  Si
  0.3821636E+02  0.7908188E+01  0.2542280E+01  Si
  0.3909915E+02  0.9458770E+01  0.8874044E+01  Si
  0.2838904E+02  0.2251800E+01  0.2006812E+02  Si
  0.4194777E+02  0.1767528E+02  0.1962663E+02  Si
  0.3651583E+02  0.1404540E+02  0.8535345E+00  Si
  0.3511854E+02  0.1796990E+02  0.1054486E+02  Si
  0.2754997E+02  0.6910837E+01  0.1423937E+02  Si
  0.3856653E+02  0.2113953E+02  0.1638160E+02  Si
  0.2695666E+02  0.7834655E+01  0.1225044E+02  Si
  0.3184125E+02  0.8901000E+01  0.2258531E+01  Si
  0.2704319E+02  0.1405020E+02  0.1945807E+02  Si
  0.3215364E+02  0.1348363E+01  0.9296481E+01  Si
  0.3699139E+02  0.7027860E+01  0.9288191E+01  Si
  0.3427400E+02  0.8761093E+01  0.1192532E+02  Si
  0.3304097E+02  0.1306087E+01  0.1856361E+02  Si
  0.3836150E+02  0.2069123E+02  0.1386820E+02  Si
  0.2416221E+02  0.1818321E+02  0.1794803E+02  Si
  0.2369309E+02  0.1849184E+02  0.4806953E+01  Si
  0.3042980E+02  0.7311637E+01  0.1419040E+01  Si
  0.3449000E+02  0.1428536E+02  0.2010232E+02  Si
  0.3656806E+02  0.1152809E+02  0.1444828E+02  Si
  0.3940256E+02  0.8850910E+01  0.1438754E+02  Si
  0.2840506E+02  0.8242541E+01  0.2251275E+00  Si
  0.4194476E+02  0.1245301E+01  0.3600246E+01  Si
  0.4069666E+02  0.1875029E+02  0.1630174E+02  Si
  0.2967825E+02  0.1150568E+02  0.3102958E+01  Si
  0.3450708E+02  0.1435977E+02  0.1774861E+02  Si
  0.4151855E+02  0.2009516E+02  0.1154506E+02  Si
  0.3583571E+02  0.2138290E+02  0.1853014E+01  Si
  0.2752002E+02  0.1395627E+02  0.1875703E+01  Si
  0.2995403E+02  0.1401987E+02  0.1347807E+01  Si
  0.4082643E+02  0.1028320E+02  0.1871687E+02  Si
  0.4020402E+02  0.1612602E+02  0.1777299E+01  Si
  0.3939851E+02  0.3799398E+01  0.3359603E+01  Si
  0.4095406E+02  0.1697272E+02  0.1775179E+02  Si
  0.2492821E+02  0.1496594E+02  0.1863121E+02  Si
  0.2377120E+02  0.5055381E+01  0.1945603E+02  Si
  0.3949536E+02  0.1177862E+01  0.7749330E+00  Si
  0.3708838E+02  0.1478349E+02  0.4456659E+01  Si
  0.2980904E+02  0.1175364E+02  0.4613622E+00  Si
  0.3296839E+02  0.4964839E+01  0.8404726E+01  Si
  0.2932359E+02  0.3432577E+01  0.1199733E+02  Si
  0.2420440E+02  0.1828343E+02  0.1409592E+02  Si
  0.2069554E+02  0.2049735E+02  0.6326917E+01  Si
  0.1912214E+02  0.1892757E+02  0.4812336E+01  Si
  0.4094006E+02  0.7964188E+01  0.1564469E+02  Si
  0.2677933E+02  0.1451323E+01  0.8978870E-01  Si
  0.2681413E+02  0.5147882E+01  0.9348078E+01  Si
  0.4189344E+02  0.1475231E+02  0.5036691E+00  Si
  0.3242843E+02  0.7116641E+01  0.1181424E+02  Si
  0.3487998E+02  0.1693003E+02  0.1762524E+02  Si
  0.4337494E+02  0.1323898E+02  0.1839527E+02  Si
  0.2708558E+02  0.1655921E+02  0.2090391E+02  Si
  0.3589170E+02  0.6315052E+01  0.2017103E+02  Si
  0.2607829E+02  0.7178212E+01  0.9458425E+00  Si
  0.2849971E+02  0.2067156E+02  0.1974838E+02  Si
  0.3300175E+02  0.1166724E+02  0.1644645E+02  Si
  0.3162824E+02  0.1998302E+02  0.2104338E+02  Si
  0.3106662E+02  0.1829738E+02  0.1429123E+02  Si
  0.1984350E+02  0.1366091E+01  0.1898785E+02  Si
  0.2315954E+02  0.3212538E+01  0.9230319E+01  Si
  0.2923731E+02  0.1236603E+01  0.9154726E+01  Si
  0.3569917E+02  0.2123509E+02  0.1914498E+02  Si
  0.4094850E+02  0.1058372E+02  0.7816351E+01  Si
  0.2517862E+02  0.1400993E+02  0.1301417E+02  Si
  0.3791498E+02  0.1919851E+02  0.2034240E+01  Si
  0.4226939E+02  0.6444366E+01  0.1972783E+02  Si
  0.4056659E+02  0.1344581E+02  0.1039037E+02  Si
  0.4050423E+02  0.5278161E+01  0.7664193E+01  Si
  0.3877803E+02  0.1769521E+02  0.7067117E+01  Si
  0.4027142E+02  0.2548199E-01  0.7533835E+01  Si
  0.2946502E+02  0.8805853E+00  0.5936350E+01  Si
  0.2647911E+02  0.1319490E+02  0.1138353E+02  Si
  0.1909409E+02  0.1375996E+02  0.4525321E+01  Si
  0.2292181E+02  0.1204497E+02  0.1190090E+01  Si
  0.3784468E+02  0.2024715E+02  0.1006475E+02  Si
  0.2035407E+02  0.1175661E+01  0.3219213E+01  Si
  0.2939497E+02  0.1008499E+02  0.2047664E+02  Si
  0.2046852E+02  0.1203959E+02  0.3434961E+01  Si
  0.2088414E+02  0.2116653E+02  0.2016832E+02  Si
  0.2371117E+02  0.1804361E+01  0.1837247E+02  Si
  0.2045665E+02  0.6423634E+01  0.8536691E+01  Si
  0.2855813E+02  0.1912618E+02  0.1707980E+02  Si
  0.2151829E+02  0.1023639E+02  0.1522546E+02  Si
  0.3158792E+02  0.6135445E+01  0.1370829E+02  Si
  0.2582905E+02  0.2055862E+02  0.1135974E+02  Si
  0.3488586E+02  0.8375386E+01  0.2126123E+02  Si
  0.3926857E+02  0.6633318E+01  0.6236150E+01  Si
  0.3570750E+02  0.1296899E+01  0.1146367E+02  Si
  0.4045400E+02  0.1880840E+02  0.9826211E+01  Si
  0.2350600E+02  0.8655319E+01  0.5049120E+01  Si
  0.2713560E+02  0.2227732E+01  0.1192554E+02  Si
  0.2059921E+02  0.9354847E+01  0.5752337E+01  Si
  0.3903409E+02  0.3862073E+01  0.9205528E+01  Si
  0.3233051E+02  0.1765491E+01  0.1471523E+02  Si
  0.3698061E+02  0.1732857E+02  0.1432690E+02  Si
  0.3050021E+02  0.1943685E+02  0.1878326E+02  Si
  0.3515265E+02  0.1242641E+02  0.2139812E+02  Si
  0.2128045E+02  0.2099772E+02  0.1011453E+02  Si
  0.2044211E+02  0.1535326E+02  0.5622213E+01  Si
  0.3760778E+02  0.9995245E+00  0.1015861E+02  Si
  0.2930763E+02  0.5359824E+01  0.1371161E+02  Si
  0.3504029E+02  0.6170527E+01  0.8179273E+01  Si
  0.2483509E+02  0.1160236E+02  0.2750878E+01  Si
  0.2754802E+02  0.1708704E+02  0.7813717E+01  Si
  0.3643152E+02  0.1482405E+02  0.6695751E+01  Si
  0.3688517E+02  0.1862562E+01  0.1347362E+02  Si
  0.2993733E+02  0.1490425E+02  0.8818177E+01  Si
  0.4210842E+02  0.9133550E+01  0.7460263E+00  Si
  0.2650729E+02  0.2410326E+01  0.1570779E+02  Si
  0.2013962E+02  0.1148667E+01  0.1412370E+02  Si
  0.2918153E+02  0.1767782E+02  0.2040120E+02  Si
  0.3129560E+02  0.3667896E+01  0.2032328E+02  Si
  0.2832581E+02  0.1194874E+02  0.1414736E+02  Si
  0.2230725E+02  0.1668638E+02  0.4534119E+01  Si
  0.3243731E+02  0.5480530E+01  0.1972678E+02  Si
  0.4199793E+02  0.2020697E+02  0.3800316E+00  Si
  0.4203046E+02  0.1746558E+02  0.8934381E+01  Si
  0.2404286E+02  0.1025544E+02  0.1194221E+02  Si
  0.2674402E+02  0.1046713E+02  0.1486756E+02  Si
  0.3961219E+02  0.1189485E+02  0.6114594E+01  Si
  0.3531029E+02  0.1251705E+02  0.1656069E+02  Si
  0.3842417E+02  0.1064353E+02  0.1593016E+02  Si
  0.3241729E+02  0.2159342E+02  0.1622195E+02  Si
  0.3782806E+02  0.5245377E+01  0.2125940E+02  Si
  0.2638313E+02  0.7383889E+01  0.8459748E+01  Si
  0.3472374E+02  0.1565588E+02  0.1036744E+02  Si
  0.4182839E+02  0.4069753E+01  0.1197686E+02  Si
  0.3496540E+02  0.1915085E+01  0.4733039E+01  Si
  0.4213840E+02  0.9342595E+01  0.6251215E+01  Si
  0.3151928E+02  0.1767594E+02  0.1197804E+02  Si
  0.4225353E+02  0.9181226E+01  0.1716807E+02  Si
  0.3783680E+02  0.7945624E+01  0.1278906E+02  Si
  0.2425940E+02  0.1324886E+02  0.2122600E+02  Si
  0.3913211E+02  0.1712675E+02  0.1108945E+02  Si
  0.3161528E+02  0.7944003E+01  0.1541709E+02  Si
  0.3408458E+02  0.1289587E+02  0.3537301E+01  Si
  0.2305885E+02  0.1057692E+01  0.1621215E+02  Si
  0.3353218E+02  0.9913916E+01  0.3840227E+01  Si
  0.2564673E+02  0.9109572E+01  0.2052647E+02  Si
  0.3399880E+02  0.6052718E+01  0.2141472E+02  Si
  0.2919516E+02  0.5904377E+01  0.9324205E+01  Si
  0.3056721E+02  0.1378680E+02  0.3802851E+01  Si
  0.2135682E+02  0.1555830E+02  0.9836947E+01  Si
  0.2182809E+02  0.7575430E+01  0.1807478E+02  Si
  0.2532075E+02  0.9265322E+01  0.3239222E+01  Si
  0.4192665E+02  0.6555169E+01  0.9171053E+01  Si
  0.3270607E+02  0.1455323E+02  0.4443969E+01  Si
  0.3280055E+02  0.1044663E+02  0.9004021E+01  Si
  0.2935010E+02  0.8244182E+01  0.1257999E+02  Si
  0.3201869E+02  0.4298737E+01  0.4569478E+01  Si
  0.2813198E+02  0.7487543E+00  0.1647439E+02  Si
  0.3786147E+02  0.7956493E+01  0.7381358E+01  Si
  0.3990177E+02  0.1493864E+02  0.1442137E+02  Si
  0.3135366E+02  0.7378560E+01  0.2090112E+02  Si
  0.2637291E+02  0.5112546E+01  0.3504992E+01  Si
  0.3759559E+02  0.1719190E+02  0.2002267E+02  Si
  0.3943852E+02  0.2034431E+02  0.1959624E+02  Si
  0.2323448E+02  0.3235570E+01  0.1492209E+02  Si
  0.2672393E+02  0.2166467E+02  0.2056034E+01  Si
  0.2344535E+02  0.1806382E+02  0.1097040E+02  Si
  0.3804233E+02  0.1040012E+02  0.2146844E+02  Si
  0.4068791E+02  0.1340826E+02  0.4622258E+01  Si
  0.3763036E+02  0.9257804E+01  0.1786674E+02  Si
  0.4208697E+02  0.9309155E+01  0.1157109E+02  Si
  0.4106826E+02  0.2155040E+02  0.1826652E+02  Si
  0.3438785E+02  0.4348901E+01  0.3868233E+01  Si
  0.3382140E+02  0.2086935E+02  0.1099004E+02  Si
  0.3680981E+02  0.1404703E+02  0.1522972E+02  Si
  0.2023220E+02  0.9516453E+01  0.1132575E+02  Si
  0.2147936E+02  0.1284294E+02  0.1824328E+02  Si
  0.3335405E+02  0.1837008E+02  0.3536072E+01  Si
  0.3350217E+02  0.8667713E+01  0.5962650E+01  Si
  0.2754814E+02  0.1032533E+01  0.1381660E+02  Si
  0.2158894E+02  0.1371535E+02  0.2290174E+01  Si
  0.3622194E+02  0.1206912E+02  0.8399443E+01  Si
  0.3880559E+02  0.1522842E+01  0.6528972E+01  Si
  0.2497624E+02  0.1938274E+02  0.9439658E+01  Si
  0.2650395E+02  0.1824553E+02  0.1903838E+02  Si
  0.3065918E+02  0.1317977E+02  0.1142087E+02  Si
  0.3922072E+02  0.1993057E+02  0.8153677E+01  Si
  0.2668151E+02  0.6531947E+01  0.1911925E+02  Si
  0.4175413E+02  0.2012514E+02  0.6180034E+01  Si
  0.2970651E+02  0.1497157E+02  0.1486926E+02  Si
  0.3354204E+02  0.1155788E+02  0.5676784E+01  Si
  0.3799619E+02  0.1548804E+02  0.1043293E+02  Si
  0.3497614E+02  0.1956387E+02  0.6831341E+01  Si
  0.3476919E+02  0.1250940E+02  0.1299607E+02  Si
  0.3794273E+02  0.5366778E+01  0.1077187E+02  Si
  0.4028623E+02  0.7188387E-01  0.1271466E+02  Si
  0.3879922E+02  0.1614930E+02  0.1822897E+02  Si
  0.3415815E+02  0.1625825E+02  0.6556663E+00  Si
  0.4084893E+02  0.2169943E+02  0.1993106E+01  Si
  0.2659700E+02  0.3753228E+01  0.2097722E+02  Si
  0.2843516E+02  0.1607371E+02  0.1340087E+02  Si
  0.3145706E+02  0.1801741E+02  0.6820741E+01  Si
  0.3376925E+02  0.9180491E+01  0.1632341E+02  Si
  0.3979991E+02  0.1205224E+02  0.1759490E+02  Si
  0.2294862E+02  0.1979381E+02  0.1942307E+02  Si
  0.2725070E+02  0.1074311E+02  0.4559554E+01  Si
  0.3452505E+02  0.9965851E+00  0.9216948E+01  Si
  0.3616088E+02  0.1914902E+02  0.8786569E+01  Si
  0.3335323E+02  0.4843765E+01  0.1452013E+02  Si
  0.2230148E+02  0.8517407E+00  0.8430769E-01  Si
  0.2708082E+02  0.3205659E+01  0.1801216E+01  Si
  0.2850426E+02  0.4013334E+01  0.1522903E+02  Si
  0.2861347E+02  0.1464387E+02  0.1117204E+02  Si
  0.3688177E+02  0.1768697E+02  0.1676122E+02  Si
  0.4060216E+02  0.2860169E+01  0.1053771E+02  Si
  0.3457710E+02  0.1725345E+01  0.1630167E+02  Si
  0.4233305E+02  0.2034657E+02  0.1676233E+02  Si
  0.4039265E+02  0.5402991E+01  0.1345480E+02  Si
  0.3468861E+02  0.6230412E+01  0.1210449E+02  Si
  0.4212478E+02  0.1218731E+02  0.9179354E+01  Si
  0.3958392E+02  0.6375675E+01  0.1688641E+02  Si
  0.2524583E+02  0.9374695E+01  0.1673449E+02  Si
  0.3479855E+02  0.9387134E+01  0.1409981E+02  Si
  0.2630182E+02  0.1026813E+02  0.1249816E+02  Si
  0.2180993E+02  0.2144914E+02  0.4611133E+01  Si
  0.1896854E+02  0.1363017E+02  0.1002465E+02  Si
  0.4182097E+02  0.1733848E+02  0.3250499E+01  Si
  0.4173548E+02  0.1784486E+02  0.1447845E+02  Si
  0.2697882E+02  0.1548098E+02  0.1634015E+02  Si
  0.3624930E+02  0.6415913E+01  0.3541844E+01  Si
  0.3782378E+02  0.2575786E+01  0.1973825E+01  Si
  0.3500326E+02  0.5785969E+00  0.6921817E+01  Si
  0.3329367E+02  0.6834292E+01  0.1699440E+02  Si
  0.4087418E+02  0.1061716E+02  0.2262420E+01  Si
  0.3177625E+02  0.1139335E+02  0.1275570E+02  Si
  0.4056658E+02  0.1620231E+02  0.1271807E+02  Si
  0.2346994E+02  0.2036020E+02  0.3172341E+01  Si
  0.2573038E+02  0.3700119E+00  0.5240688E+01  Si
  0.2664267E+02  0.1375921E+02  0.1492928E+02  Si
  0.2114388E+02  0.3051196E+01  0.4088677E+00  Si
  0.2908089E+02  0.4487039E+01  0.2113912E+02  Si
  0.3046930E+02  0.3240533E+01  0.1672184E+02  Si
  0.2763332E+02  0.1793821E+02  0.1158021E+02  Si
  0.2575423E+02  0.1180224E+02  0.1980236E+02  Si
  0.1895230E+02  0.5116066E+01  0.7329391E+01  Si
  0.3072775E+02  0.1679649E+01  0.1920991E+02  Si
  0.3742173E+02  0.1275856E+02  0.2039782E+02  Si
  0.3738244E+02  0.7131165E+01  0.1639692E+02  Si
  0.3597370E+02  0.7037770E+01  0.1437997E+02  Si
  0.3120848E+02  0.8592113E+01  0.8718806E+01  Si
  0.2502559E+02  0.6718390E+01  0.2087564E+02  Si
  0.2221873E+02  0.1312016E+02  0.1040445E+02  Si
  0.3615313E+02  0.8955201E+01  0.6055280E+01  Si
  0.2901604E+02  0.1235583E+02  0.5251859E+01  Si
  0.3254132E+02  0.1650882E+02  0.9936328E+01  Si
  0.2294219E+02  0.8835756E+01  0.1983213E+02  Si
  0.3591553E+02  0.1873749E+02  0.1268867E+02  Si
  0.3490487E+02  0.1399520E+02  0.8514773E+01  Si
  0.2816331E+02  0.1942394E+02  0.1303077E+00  Si
  0.2972353E+02  0.9649090E+01  0.7196543E+01  Si
  0.2982584E+02  0.1918312E+02  0.2783123E+01  Si
  0.3923752E+02  0.6626238E+01  0.6663519E+00  Si
  0.2339276E+02  0.2399570E+01  0.1136038E+02  Si
  0.4174718E+02  0.1481040E+02  0.6141484E+01  Si
  0.3556297E+02  0.3834697E+01  0.7533674E+01  Si
  0.3363270E+02  0.1856227E+02  0.1465492E+02  Si
  0.3171185E+02  0.3350465E+01  0.2277326E+01  Si
  0.2994826E+02  0.9831988E+01  0.1579435E+02  Si
  0.2232666E+02  0.8584831E+01  0.1201389E+02  Si
  0.3623658E+02  0.1966782E+02  0.4786248E+01  Si
  0.3836463E+02  0.1602355E+02  0.1577305E+02  Si
  0.3949303E+02  0.1367042E+01  0.1722061E+02  Si
  0.2374498E+02  0.1211821E+02  0.1338167E+02  Si
  0.3079706E+02  0.9674197E+01  0.4187193E+01  Si
  0.2599040E+02  0.1374212E+02  0.7168272E+01  Si
  0.3085723E+02  0.9054833E+01  0.1901829E+02  Si
  0.2686667E+02  0.8479608E+01  0.1779903E+02  Si
  0.3192293E+02  0.1427282E+02  0.1562859E+02  Si
  0.3184704E+02  0.1566660E+02  0.6748705E+00  Si
  0.2040694E+02  0.9081520E+01  0.1686124E+02  Si
  0.4056413E+02  0.1905828E+02  0.4517996E+01  Si
  0.3684551E+02  0.1687756E+02  0.8241166E+01  Si
  0.2934633E+02  0.1845212E+02  0.8099118E+01  Si
  0.2439882E+02  0.5843545E+01  0.2173590E+01  Si
  0.2876385E+02  0.1498021E+02  0.5224313E+01  Si
  0.3721315E+02  0.3427289E+01  0.1548228E+02  Si
  0.3275779E+02  0.3623683E+01  0.1637677E+02  Si
  0.3049979E+02  0.1537882E+02  0.1240214E+02  Si
  0.3474541E+02  0.1040565E+02  0.7392710E+01  Si
  0.2970914E+02  0.8780668E-01  0.2920653E+01  Si
  0.3538006E+02  0.1904642E+02  0.2490991E+01  Si
  0.3410569E+02  0.1523873E+02  0.6429278E+01  Si
  0.2580548E+02  0.5912148E+01  0.1544624E+02  Si
  0.3809924E+02  0.1322706E+02  0.2703243E+01  Si
  0.2482371E+02  0.2406299E+00  0.1322483E+02  Si
  0.4081299E+02  0.5461035E+01  0.2004407E+01  Si
  0.3666933E+02  0.1086679E+01  0.3648049E+01  Si
  0.3098077E+02  0.1144925E+02  0.6052075E+01  Si
  0.3582321E+02  0.3449493E+01  0.1750737E+02  Si
  0.4174678E+02  0.1147577E+01  0.9213366E+01  Si
  0.2007939E+02  0.1159461E+02  0.1412117E+02  Si
  0.3620001E+02  0.4298566E+01  0.1207398E+02  Si
  0.2581187E+02  0.1780322E+02  0.5980960E+01  Si
  0.3299665E+02  0.2012468E+02  0.8694489E+00  Si
  0.3196937E+02  0.1566974E+02  0.7688014E+01  Si
  0.2972067E+02  0.1871333E+02  0.1061459E+02  Si
  0.2238583E+02  0.1934591E+02  0.8985156E+01  Si
  0.2533519E+02  0.3713407E+01  0.8250386E+01  Si
  0.4173965E+02  0.3699770E+01  0.6335860E+01  Si
  0.2892785E+02  0.6658896E+01  0.2014613E+02  Si
  0.3493715E+02  0.6722804E+01  0.5688985E+01  Si
  0.3364675E+02  0.1187686E+02  0.1541861E+01  Si
  0.3922410E+02  0.1466782E+02  0.8791726E+01  Si
  0.2161156E+02  0.1075701E+02  0.9701576E+01  Si
  0.2390243E+02  0.1098697E+02  0.5994194E+01  Si
  0.2471947E+02  0.2134324E+02  0.1902596E+02  Si
  0.2724660E+02  0.1151375E+02  0.2285122E+01  Si
  0.3813316E+02  0.1310236E+02  0.7231173E+01  Si
  0.3564485E+02  0.6011669E+01  0.1773657E+02  Si
  0.3824161E+02  0.1148890E+02  0.9832236E+01  Si
  0.3942459E+02  0.1527558E+02  0.3880883E+01  Si
  0.2465150E+02  0.1238087E+00  0.2143102E+02  Si
  0.4053178E+02  0.2306835E+01  0.4946463E+01  Si
  0.2399866E+02  0.1058142E+02  0.1849296E+02  Si
  0.2814683E+02  0.1159931E+02  0.1201926E+02  Si
  0.3394723E+02  0.3496353E+01  0.1935067E+02  Si
  0.3736973E+02  0.1965615E+02  0.2035639E+02  Si
  0.3506240E+02  0.3082339E+01  0.1003275E+02  Si
  0.3390990E+02  0.1979610E+02  0.1670495E+02  Si
  0.4193961E+02  0.1267874E+01  0.1408777E+02  Si
  0.4057729E+02  0.1619986E+02  0.7775741E+01  Si
  0.2994221E+02  0.3562694E+01  0.9683682E+01  Si
  0.2779576E+02  0.1114817E+01  0.4097609E+01  Si
  0.3944652E+02  0.3947679E+01  0.1998470E+02  Si
  0.2225831E+02  0.1049047E+02  0.4181352E+01  Si
  0.2219427E+02  0.4989579E+01  0.5011968E+01  Si
  0.3179512E+02  0.1577185E+01  0.6956439E+01  Si
  0.2157487E+02  0.2504689E+01  0.7359248E+01  Si
  0.3368766E+02  0.2108714E+02  0.2037944E+02  Si
  0.2588905E+02  0.1986305E+02  0.4610890E+00  Si
  0.3781802E+02  0.2145388E+02  0.4934179E+01  Si
  0.2301141E+02  0.1438564E+02  0.8415037E+01  Si
  0.2452818E+02  0.1622589E+02  0.1846690E+01  Si
  0.2155837E+02  0.4547347E+01  0.1607100E+02  Si
  0.2637147E+02  0.1911249E+02  0.1326629E+02  Si
  0.4192078E+02  0.1204977E+02  0.1435171E+02  Si
  0.3953663E+02  0.9457205E+01  0.3840531E+01  Si
  0.3553802E+02  0.4724552E+01  0.1421721E+02  Si
  0.3663661E+02  0.8712075E+01  0.1085843E+02  Si
  0.4231264E+02  0.6681853E+01  0.1450179E+02  Si
  0.3803113E+02  0.2541306E+01  0.1838556E+02  Si
  0.3479535E+02  0.1054702E+02  0.1990659E+02  Si
  0.3743316E+02  0.2381868E+01  0.8315082E+01  Si
  0.2962524E+02  0.4007853E+01  0.4234967E+01  Si
  0.2633031E+02  0.2071449E+01  0.6904267E+01  Si
  0.3372151E+02  0.1764289E+02  0.5923586E+01  Si
  0.3938331E+02  0.4471879E+01  0.1536681E+02  Si
  0.3251723E+02  0.3439140E+01  0.1030461E+02  Si
  0.3900967E+02  0.8930870E+01  0.1972566E+02  Si
  0.2915819E+02  0.6491144E+01  0.7079147E+01  Si
  0.2926166E+02  0.2103702E+02  0.7851180E+01  Si
  0.3045308E+02  0.1241863E+02  0.9178461E+01  Si
  0.3890758E+02  0.1759578E+02  0.4979953E+00  Si
  0.3220304E+02  0.1496024E+02  0.1788081E+02  Si
  0.3539466E+02  0.1513738E+02  0.2560755E+01  Si
  0.3275060E+02  0.1634362E+02  0.1975376E+02  Si
  0.3135465E+02  0.5473566E+01  0.1740271E+02  Si
  0.3613370E+02  0.2145142E+02  0.1451040E+02  Si
  0.3017333E+02  0.7601793E+01  0.1040188E+02  Si
  0.3934396E+02  0.1383346E+02  0.1906805E+02  Si
  0.2455901E+02  0.1359106E+02  0.4397136E+01  Si
  0.3599009E+02  0.2131515E+02  0.1681911E+02  Si
  0.3806898E+02  0.5250228E+01  0.4818745E+01  Si
  0.2287731E+02  0.1364151E+01  0.5801770E+01  Si
  0.2200544E+02  0.1855895E+02  0.1311404E+02  Si
  0.2481870E+02  0.5828214E+00  0.3163666E+01  Si
  0.2602871E+02  0.1690444E+02  0.3658597E+01  Si
  0.3772882E+02  0.1055612E+02  0.5056937E+01  Si
  0.2296492E+02  0.5974838E+01  0.1736609E+02  Si
  0.3937790E+02  0.1184183E+02  0.1114686E+01  Si
  0.4201311E+02  0.1181566E+02  0.2001634E+02  Si
  0.3034523E+02  0.1157072E+00  0.2079267E+02  Si
  0.3871984E+02  0.1916532E+02  0.1744709E+02  Si
  0.3085911E+02  0.1116353E+02  0.1773564E+02  Si
  0.2545749E+02  0.1532074E+02  0.1039836E+02  Si
  0.3651963E+02  0.3853525E+01  0.7279797E+00  Si
  0.2007288E+02  0.2016762E+02  0.5011340E+00  Si
  0.3287091E+02  0.2155567E+02  0.6073458E+01  Si
  0.3543877E+02  0.1018813E+02  0.1747885E+02  Si
  0.2382331E+02  0.1843265E+02  0.2124726E+02  Si
  0.3274062E+02  0.1977220E+02  0.7871801E+01  Si
  0.1988367E+02  0.1474125E+02  0.1156746E+02  Si
  0.3297131E+02  0.1844680E+02  0.1847729E+02  Si
  0.2805386E+02  0.4581971E+01  0.6048749E+01  Si
  0.2805629E+02  0.1689332E+02  0.1803083E+02  Si
  0.4052474E+02  0.1327293E+02  0.2114573E+02  Si
  0.3404609E+02  0.4773752E+00  0.8785822E+00  Si
  0.2348130E+02  0.1580133E+00  0.1114253E+02  Si
  0.3369387E+02  0.1106453E+02  0.1132362E+02  Si
  0.3865848E+02  0.1740887E+02  0.4594295E+01  Si
  0.2530637E+02  0.3760761E+01  0.1206675E+02  Si
  0.2022535E+02  0.1732214E+02  0.1938411E+02  Si
  0.3158240E+02  0.2813287E+01  0.1257355E+02  Si
  0.3946147E+02  0.1211902E+02  0.1178501E+02  Si
  0.3632421E+02  0.1169413E+02  0.3805559E+01  Si
  0.3895918E+02  0.1844977E+01  0.1190030E+02  Si
  0.2557238E+02  0.4308769E+01  0.5738246E+01  Si
  0.2131987E+02  0.1365213E+02  0.6780317E+01  Si
  0.3190023E+02  0.1070806E+02  0.7457420E+00  Si
  0.2642970E+02  0.7544023E+01  0.4602506E+01  Si
  0.2120313E+02  0.8570835E+01  0.2783486E+01  Si
  0.3330741E+02  0.1632511E+02  0.1575864E+02  Si
  0.4195934E+02  0.3962185E+01  0.1694747E+02  Si
  0.2766493E+02  0.1149966E+02  0.1689850E+02  Si
  0.2690764E+02  0.2107073E+02  0.1812039E+02  Si
  0.2495699E+02  0.1065188E+02  0.9689917E+01  Si
  0.4218033E+02  0.1472287E+02  0.1183871E+02  Si
  0.2301265E+02  0.2025057E+02  0.1614526E+02  Si
  0.3249811E+02  0.6997758E+01  0.7462610E+01  Si
  0.1882544E+02  0.1072121E+02  0.1251493E+02  Si
  0.2522143E+02  0.3550138E+01  0.1808845E+02  Si
  0.2520040E+02  0.1698634E+02  0.1618867E+02  Si
  0.2357647E+02  0.3210788E+01  0.4535973E+01  Si
  0.4058967E+02  0.7729537E+01  0.2102583E+02  Si
  0.4034343E+02  0.1040650E+02  0.1300817E+02  Si
  0.3035335E+02  0.1589142E+02  0.2034181E+02  Si
  0.3292111E+02  0.1878602E+02  0.1016221E+02  Si
  0.4053017E+02  0.1875014E+02  0.2103179E+02  Si
  0.4346682E+02  0.3026924E-01  0.2089346E+02  Si
  0.4626786E+02  0.2370814E+01  0.2117988E+02  Si
  0.4602575E+02  0.2160981E+02  0.2099380E+01  Si
  0.4338856E+02  0.2770659E+01  0.2346481E+01  Si
  0.4456800E+02  0.1302752E+01  0.9463630E+00  Si
  0.4722011E+02  0.3899768E+01  0.9985493E+00  Si
  0.4741153E+02  0.1174940E+01  0.3484063E+01  Si
  0.4470560E+02  0.3979811E+01  0.3678204E+01  Si
  0.4890908E+02  0.2140123E+02  0.2149465E+02  Si
  0.5179669E+02  0.2574633E+01  0.2120094E+02  Si
  0.5144464E+02  0.2126904E+02  0.2372977E+01  Si
  0.4874102E+02  0.2576903E+01  0.2167340E+01  Si
  0.5040943E+02  0.1364909E+01  0.9482615E+00  Si
  0.5301838E+02  0.3821840E+01  0.1011111E+01  Si
  0.5315460E+02  0.8645350E+00  0.3704152E+01  Si
  0.5024129E+02  0.3777506E+01  0.3631363E+01  Si
  0.5453866E+02  0.2163210E+02  0.2121216E+02  Si
  0.5690743E+02  0.2581365E+01  0.2132121E+02  Si
  0.5716457E+02  0.2154639E+02  0.2058174E+01  Si
  0.5437031E+02  0.2325352E+01  0.2501546E+01  Si
  0.5571895E+02  0.1027661E+01  0.1021919E+01  Si
  0.5827152E+02  0.3709344E+01  0.1003673E+01  Si
  0.5834666E+02  0.9598605E+00  0.3681027E+01  Si
  0.5566189E+02  0.4025211E+01  0.3523656E+01  Si
  0.5979397E+02  0.2154670E+02  0.2106682E+02  Si
  0.6272827E+02  0.2512334E+01  0.2132442E+02  Si
  0.6267211E+02  0.2120088E+02  0.1983916E+01  Si
  0.5968007E+02  0.2557550E+01  0.2261054E+01  Si
  0.6116351E+02  0.1189928E+01  0.9776507E+00  Si
  0.6382877E+02  0.4351897E+01  0.9209460E+00  Si
  0.6370531E+02  0.1086024E+01  0.3460077E+01  Si
  0.6106332E+02  0.4020362E+01  0.3677357E+01  Si
  0.4367088E+02  0.5204889E+01  0.2105601E+02  Si
  0.4615294E+02  0.7639864E+01  0.2121597E+02  Si
  0.4617896E+02  0.5239869E+01  0.2261028E+01  Si
  0.4336964E+02  0.7805157E+01  0.2136897E+01  Si
  0.4486953E+02  0.6495032E+01  0.6362430E+00  Si
  0.4755543E+02  0.8970884E+01  0.6648109E+00  Si
  0.4768836E+02  0.6670209E+01  0.3490538E+01  Si
  0.4471684E+02  0.8769296E+01  0.3623800E+01  Si
  0.4856561E+02  0.5205095E+01  0.2106889E+02  Si
  0.5158480E+02  0.7928791E+01  0.2122022E+02  Si
  0.5157253E+02  0.5059080E+01  0.2161253E+01  Si
  0.4891067E+02  0.7691269E+01  0.1963925E+01  Si
  0.5024464E+02  0.6280073E+01  0.8384440E+00  Si
  0.5311587E+02  0.9393312E+01  0.6614088E+00  Si
  0.5294417E+02  0.6532843E+01  0.3481413E+01  Si
  0.5034752E+02  0.9275488E+01  0.3332769E+01  Si
  0.5432118E+02  0.5192245E+01  0.2128899E+02  Si
  0.5687147E+02  0.7909788E+01  0.2109486E+02  Si
  0.5702794E+02  0.5267475E+01  0.2008616E+01  Si
  0.5411038E+02  0.7972633E+01  0.2115357E+01  Si
  0.5551579E+02  0.6719696E+01  0.1011632E+01  Si
  0.5821530E+02  0.9479720E+01  0.7738901E+00  Si
  0.5832537E+02  0.6514363E+01  0.3498553E+01  Si
  0.5546130E+02  0.9239612E+01  0.3560799E+01  Si
  0.5965346E+02  0.4896344E+01  0.2124255E+02  Si
  0.6234682E+02  0.7811918E+01  0.2119267E+02  Si
  0.6224957E+02  0.5427502E+01  0.2284298E+01  Si
  0.5953557E+02  0.8194378E+01  0.2218435E+01  Si
  0.6084701E+02  0.6678323E+01  0.7426811E+00  Si
  0.6369655E+02  0.9214775E+01  0.6511701E+00  Si
  0.6371872E+02  0.6857146E+01  0.3593144E+01  Si
  0.6102778E+02  0.9534840E+01  0.3571372E+01  Si
  0.4350503E+02  0.1069264E+02  0.2134157E+02  Si
  0.4630862E+02  0.1328352E+02  0.2123377E+02  Si
  0.4602717E+02  0.1007207E+02  0.2119312E+01  Si
  0.4334102E+02  0.1347346E+02  0.1921732E+01  Si
  0.4506884E+02  0.1191371E+02  0.1114677E+01  Si
  0.4749420E+02  0.1502038E+02  0.8805436E+00  Si
  0.4736115E+02  0.1175452E+02  0.3554552E+01  Si
  0.4464939E+02  0.1473891E+02  0.3428252E+01  Si
  0.4893091E+02  0.1050069E+02  0.2113850E+02  Si
  0.5161053E+02  0.1338421E+02  0.2112232E+02  Si
  0.5180944E+02  0.1073459E+02  0.2092198E+01  Si
  0.4855360E+02  0.1304979E+02  0.2249833E+01  Si
  0.5027335E+02  0.1192308E+02  0.8896383E+00  Si
  0.5291867E+02  0.1483936E+02  0.8530487E+00  Si
  0.5298365E+02  0.1229095E+02  0.3549487E+01  Si
  0.4976685E+02  0.1483316E+02  0.3278126E+01  Si
  0.5437846E+02  0.1053169E+02  0.2097529E+02  Si
  0.5692180E+02  0.1317476E+02  0.2103394E+02  Si
  0.5676581E+02  0.1066097E+02  0.2215558E+01  Si
  0.5440642E+02  0.1346615E+02  0.2234086E+01  Si
  0.5547638E+02  0.1220022E+02  0.6589403E+00  Si
  0.5866499E+02  0.1466326E+02  0.7308455E+00  Si
  0.5841329E+02  0.1205474E+02  0.3452715E+01  Si
  0.5577473E+02  0.1486678E+02  0.3432705E+01  Si
  0.5964585E+02  0.1069460E+02  0.2110257E+02  Si
  0.6243940E+02  0.1344420E+02  0.2126761E+02  Si
  0.6243792E+02  0.1075033E+02  0.2029770E+01  Si
  0.5981145E+02  0.1344779E+02  0.2171297E+01  Si
  0.6107670E+02  0.1197670E+02  0.9079245E+00  Si
  0.6400314E+02  0.1461807E+02  0.8739162E+00  Si
  0.6388806E+02  0.1210213E+02  0.3582042E+01  Si
  0.6132283E+02  0.1482294E+02  0.3474868E+01  Si
  0.4324619E+02  0.1612089E+02  0.2088936E+02  Si
  0.4608393E+02  0.1881569E+02  0.2130175E+02  Si
  0.4610456E+02  0.1606058E+02  0.2001670E+01  Si
  0.4336696E+02  0.1884179E+02  0.1933139E+01  Si
  0.4455198E+02  0.1748942E+02  0.6017590E+00  Si
  0.4728385E+02  0.2013666E+02  0.1048221E+01  Si
  0.4725409E+02  0.1727039E+02  0.3477348E+01  Si
  0.4453456E+02  0.2006790E+02  0.3322381E+01  Si
  0.4875897E+02  0.1627997E+02  0.2118617E+02  Si
  0.5187711E+02  0.1876696E+02  0.2130650E+02  Si
  0.5157743E+02  0.1621377E+02  0.2025697E+01  Si
  0.4873373E+02  0.1894254E+02  0.2333053E+01  Si
  0.5020567E+02  0.1758625E+02  0.8248547E+00  Si
  0.5300119E+02  0.2018999E+02  0.9691060E+00  Si
  0.5321346E+02  0.1748134E+02  0.3461236E+01  Si
  0.5018461E+02  0.2031256E+02  0.3730476E+01  Si
  0.5423453E+02  0.1590963E+02  0.2124986E+02  Si
  0.5709414E+02  0.1851184E+02  0.2112783E+02  Si
  0.5734091E+02  0.1613870E+02  0.2091555E+01  Si
  0.5465619E+02  0.1889815E+02  0.2319657E+01  Si
  0.5570865E+02  0.1731331E+02  0.8498297E+00  Si
  0.5834860E+02  0.2015086E+02  0.4137179E+00  Si
  0.5851059E+02  0.1740193E+02  0.3648852E+01  Si
  0.5581681E+02  0.2017469E+02  0.3556665E+01  Si
  0.5963413E+02  0.1627039E+02  0.2108494E+02  Si
  0.6228082E+02  0.1861079E+02  0.2110014E+02  Si
  0.6252429E+02  0.1627546E+02  0.1990509E+01  Si
  0.5966575E+02  0.1896630E+02  0.2050455E+01  Si
  0.6090202E+02  0.1749707E+02  0.7720531E+00  Si
  0.6393815E+02  0.2007081E+02  0.4991905E+00  Si
  0.6407716E+02  0.1753467E+02  0.3562634E+01  Si
  0.6109372E+02  0.2022624E+02  0.3460764E+01  Si
  0.4312651E+02  0.2130840E+02  0.4784544E+01  Si
  0.4613943E+02  0.2321849E+01  0.4848819E+01  Si
  0.4565710E+02  0.2130603E+02  0.7510354E+01  Si
  0.4314189E+02  0.2354603E+01  0.7465844E+01  Si
  0.4434535E+02  0.9553699E+00  0.5845662E+01  Si
  0.4720945E+02  0.3896660E+01  0.6393839E+01  Si
  0.4695688E+02  0.1055943E+01  0.8770057E+01  Si
  0.4441111E+02  0.3659512E+01  0.8989143E+01  Si
  0.4847432E+02  0.2140646E+02  0.4943876E+01  Si
  0.5153635E+02  0.2246423E+01  0.4825203E+01  Si
  0.5126146E+02  0.2149296E+02  0.7748977E+01  Si
  0.4848684E+02  0.2604221E+01  0.7739638E+01  Si
  0.4995219E+02  0.9821962E+00  0.6313240E+01  Si
  0.5284198E+02  0.4002791E+01  0.6134621E+01  Si
  0.5299855E+02  0.9123117E+00  0.9090784E+01  Si
  0.5028911E+02  0.3999885E+01  0.8767347E+01  Si
  0.5428698E+02  0.2124943E+02  0.5238361E+01  Si
  0.5665306E+02  0.2181889E+01  0.4878835E+01  Si
  0.5693332E+02  0.2135345E+02  0.7811889E+01  Si
  0.5422606E+02  0.2651743E+01  0.7603597E+01  Si
  0.5555131E+02  0.1008677E+01  0.6446308E+01  Si
  0.5822248E+02  0.3662567E+01  0.6015101E+01  Si
  0.5832518E+02  0.1049023E+01  0.8838029E+01  Si
  0.5578338E+02  0.3916293E+01  0.8934430E+01  Si
  0.5989080E+02  0.2152386E+02  0.5005929E+01  Si
  0.6250782E+02  0.2420935E+01  0.4704068E+01  Si
  0.6227540E+02  0.2014432E+00  0.7728890E+01  Si
  0.5968454E+02  0.2459817E+01  0.7367553E+01  Si
  0.6118412E+02  0.1273792E+01  0.6022696E+01  Si
  0.6358531E+02  0.3886459E+01  0.6192807E+01  Si
  0.6377166E+02  0.1310599E+01  0.9170345E+01  Si
  0.6080387E+02  0.3857728E+01  0.8938462E+01  Si
  0.4321606E+02  0.5282538E+01  0.4943053E+01  Si
  0.4613942E+02  0.7840328E+01  0.4902279E+01  Si
  0.4569684E+02  0.4979830E+01  0.7745275E+01  Si
  0.4332177E+02  0.8162447E+01  0.7915160E+01  Si
  0.4447019E+02  0.6745247E+01  0.6437408E+01  Si
  0.4752744E+02  0.9242011E+01  0.6087873E+01  Si
  0.4726650E+02  0.6234308E+01  0.9038229E+01  Si
  0.4486353E+02  0.9581023E+01  0.9113400E+01  Si
  0.4873067E+02  0.5227787E+01  0.4871811E+01  Si
  0.5140920E+02  0.7730927E+01  0.4904675E+01  Si
  0.5156243E+02  0.5352415E+01  0.7483249E+01  Si
  0.4859867E+02  0.7786804E+01  0.7554311E+01  Si
  0.5007112E+02  0.6397027E+01  0.6252374E+01  Si
  0.5282076E+02  0.9200425E+01  0.6200905E+01  Si
  0.5275208E+02  0.6638545E+01  0.9020676E+01  Si
  0.4985595E+02  0.9127090E+01  0.8720378E+01  Si
  0.5426138E+02  0.5252074E+01  0.4857465E+01  Si
  0.5694497E+02  0.7787460E+01  0.4912551E+01  Si
  0.5718132E+02  0.5203079E+01  0.7526772E+01  Si
  0.5409468E+02  0.7844139E+01  0.7624683E+01  Si
  0.5546831E+02  0.6485175E+01  0.6275765E+01  Si
  0.5843790E+02  0.9605986E+01  0.5832284E+01  Si
  0.5823468E+02  0.6838154E+01  0.8750412E+01  Si
  0.5567303E+02  0.9009625E+01  0.8867447E+01  Si
  0.5970345E+02  0.5322554E+01  0.4958107E+01  Si
  0.6212385E+02  0.8016050E+01  0.4742088E+01  Si
  0.6236839E+02  0.5383300E+01  0.7666558E+01  Si
  0.5942580E+02  0.8208036E+01  0.7330389E+01  Si
  0.6097494E+02  0.6615984E+01  0.6394907E+01  Si
  0.6367248E+02  0.9062961E+01  0.6105278E+01  Si
  0.6336236E+02  0.6598329E+01  0.9113472E+01  Si
  0.6074823E+02  0.9319755E+01  0.8734694E+01  Si
  0.4348553E+02  0.1053026E+02  0.4877706E+01  Si
  0.4599994E+02  0.1349626E+02  0.4939119E+01  Si
  0.4599463E+02  0.1056318E+02  0.7494373E+01  Si
  0.4313156E+02  0.1338179E+02  0.7591835E+01  Si
  0.4464114E+02  0.1219584E+02  0.6114568E+01  Si
  0.4741662E+02  0.1474607E+02  0.6222958E+01  Si
  0.4746547E+02  0.1163236E+02  0.9028748E+01  Si
  0.4466307E+02  0.1447030E+02  0.8763409E+01  Si
  0.4891376E+02  0.1046960E+02  0.4789388E+01  Si
  0.5141972E+02  0.1376129E+02  0.4741062E+01  Si
  0.5127040E+02  0.1044732E+02  0.7345700E+01  Si
  0.4873951E+02  0.1326010E+02  0.7523621E+01  Si
  0.5010524E+02  0.1216181E+02  0.6143852E+01  Si
  0.5314110E+02  0.1480044E+02  0.6169953E+01  Si
  0.5259693E+02  0.1181424E+02  0.8878840E+01  Si
  0.5017815E+02  0.1462281E+02  0.9060297E+01  Si
  0.5403124E+02  0.1078325E+02  0.5088729E+01  Si
  0.5680996E+02  0.1328087E+02  0.4978917E+01  Si
  0.5697739E+02  0.1060302E+02  0.7431041E+01  Si
  0.5388732E+02  0.1333989E+02  0.7811824E+01  Si
  0.5541323E+02  0.1197039E+02  0.6460105E+01  Si
  0.5855524E+02  0.1462035E+02  0.6142412E+01  Si
  0.5844347E+02  0.1185534E+02  0.8987889E+01  Si
  0.5548425E+02  0.1448099E+02  0.9042751E+01  Si
  0.5997671E+02  0.1097121E+02  0.4858221E+01  Si
  0.6271943E+02  0.1362670E+02  0.4934132E+01  Si
  0.6246560E+02  0.1053550E+02  0.7421874E+01  Si
  0.5996459E+02  0.1348186E+02  0.7858149E+01  Si
  0.6131139E+02  0.1226623E+02  0.6451999E+01  Si
  0.6400223E+02  0.1499189E+02  0.6343539E+01  Si
  0.6386058E+02  0.1204931E+02  0.8794431E+01  Si
  0.6115110E+02  0.1486795E+02  0.9115568E+01  Si
  0.4320953E+02  0.1604442E+02  0.4883756E+01  Si
  0.4561255E+02  0.1876456E+02  0.4578047E+01  Si
  0.4602002E+02  0.1610679E+02  0.7507114E+01  Si
  0.4319499E+02  0.1879149E+02  0.7475537E+01  Si
  0.4452873E+02  0.1745325E+02  0.6323925E+01  Si
  0.4707875E+02  0.1999261E+02  0.6108528E+01  Si
  0.4734880E+02  0.1740171E+02  0.8882829E+01  Si
  0.4459730E+02  0.1983281E+02  0.8883512E+01  Si
  0.4867942E+02  0.1607343E+02  0.4886104E+01  Si
  0.5148556E+02  0.1867321E+02  0.4941637E+01  Si
  0.5155898E+02  0.1605184E+02  0.7572689E+01  Si
  0.4866122E+02  0.1871740E+02  0.7590184E+01  Si
  0.5002170E+02  0.1720195E+02  0.6024006E+01  Si
  0.5263659E+02  0.2011729E+02  0.6462971E+01  Si
  0.5281203E+02  0.1743114E+02  0.8882087E+01  Si
  0.4992631E+02  0.1994084E+02  0.9162018E+01  Si
  0.5420070E+02  0.1608062E+02  0.4735460E+01  Si
  0.5700352E+02  0.1858518E+02  0.4844784E+01  Si
  0.5704820E+02  0.1585957E+02  0.7613596E+01  Si
  0.5405797E+02  0.1864351E+02  0.7688567E+01  Si
  0.5549826E+02  0.1727753E+02  0.6162288E+01  Si
  0.5841655E+02  0.1998775E+02  0.6204874E+01  Si
  0.5830634E+02  0.1725617E+02  0.8899970E+01  Si
  0.5578004E+02  0.1968856E+02  0.9007586E+01  Si
  0.5999518E+02  0.1595947E+02  0.4873015E+01  Si
  0.6274349E+02  0.1910557E+02  0.4857755E+01  Si
  0.6251720E+02  0.1645872E+02  0.7838734E+01  Si
  0.5973660E+02  0.1881598E+02  0.7542722E+01  Si
  0.6113437E+02  0.1752352E+02  0.6165715E+01  Si
  0.6382804E+02  0.2053276E+02  0.6244796E+01  Si
  0.6401447E+02  0.1757652E+02  0.9165861E+01  Si
  0.6087906E+02  0.2020310E+02  0.9043007E+01  Si
  0.4309154E+02  0.2130408E+02  0.1018486E+02  Si
  0.4591341E+02  0.2457646E+01  0.1052880E+02  Si
  0.4633287E+02  0.2137402E+02  0.1316337E+02  Si
  0.4353053E+02  0.2649416E+01  0.1297849E+02  Si
  0.4454164E+02  0.8270517E+00  0.1190860E+02  Si
  0.4742063E+02  0.3929012E+01  0.1155745E+02  Si
  0.4743538E+02  0.1450601E+01  0.1443777E+02  Si
  0.4479760E+02  0.4190648E+01  0.1448976E+02  Si
  0.4866681E+02  0.2148993E+02  0.1028662E+02  Si
  0.5155661E+02  0.2337072E+01  0.1020704E+02  Si
  0.5139258E+02  0.2146448E+02  0.1242848E+02  Si
  0.4864765E+02  0.2525713E+01  0.1298424E+02  Si
  0.4988497E+02  0.1169466E+01  0.1147430E+02  Si
  0.5255573E+02  0.3781215E+01  0.1149623E+02  Si
  0.5277548E+02  0.9574103E+00  0.1419772E+02  Si
  0.5027597E+02  0.3718623E+01  0.1432691E+02  Si
  0.5433607E+02  0.2119174E+02  0.1020729E+02  Si
  0.5691301E+02  0.2373678E+01  0.1035136E+02  Si
  0.5699848E+02  0.2137468E+02  0.1299060E+02  Si
  0.5403192E+02  0.2262877E+01  0.1284042E+02  Si
  0.5541792E+02  0.9937328E+00  0.1154972E+02  Si
  0.5811945E+02  0.4011799E+01  0.1169795E+02  Si
  0.5832616E+02  0.9433263E+00  0.1437630E+02  Si
  0.5548380E+02  0.3565821E+01  0.1433930E+02  Si
  0.5946963E+02  0.2147159E+02  0.1055426E+02  Si
  0.6223048E+02  0.2682806E+01  0.1047941E+02  Si
  0.6252307E+02  0.2135487E+02  0.1273989E+02  Si
  0.5952019E+02  0.2580179E+01  0.1309490E+02  Si
  0.6093704E+02  0.1192021E+01  0.1181780E+02  Si
  0.6377569E+02  0.4040887E+01  0.1156532E+02  Si
  0.6371392E+02  0.1370068E+01  0.1413234E+02  Si
  0.6106018E+02  0.3962491E+01  0.1433115E+02  Si
  0.4325122E+02  0.5238900E+01  0.1046024E+02  Si
  0.4602460E+02  0.7786502E+01  0.1035917E+02  Si
  0.4613857E+02  0.5579467E+01  0.1301957E+02  Si
  0.4334082E+02  0.8220546E+01  0.1304919E+02  Si
  0.4461685E+02  0.6930589E+01  0.1179301E+02  Si
  0.4746838E+02  0.9403297E+01  0.1175975E+02  Si
  0.4757628E+02  0.6654067E+01  0.1463837E+02  Si
  0.4478796E+02  0.9393954E+01  0.1432518E+02  Si
  0.4869554E+02  0.5255972E+01  0.1037361E+02  Si
  0.5122410E+02  0.7765413E+01  0.1038656E+02  Si
  0.5173978E+02  0.5129657E+01  0.1322579E+02  Si
  0.4873166E+02  0.7902375E+01  0.1291030E+02  Si
  0.5021057E+02  0.6353322E+01  0.1181264E+02  Si
  0.5256779E+02  0.9126246E+01  0.1156470E+02  Si
  0.5318648E+02  0.6730298E+01  0.1441617E+02  Si
  0.5005136E+02  0.9403361E+01  0.1415768E+02  Si
  0.5402395E+02  0.5089449E+01  0.1010408E+02  Si
  0.5686291E+02  0.7866957E+01  0.1059917E+02  Si
  0.5677243E+02  0.5249921E+01  0.1293556E+02  Si
  0.5442502E+02  0.8231953E+01  0.1278262E+02  Si
  0.5525511E+02  0.6478633E+01  0.1143365E+02  Si
  0.5820284E+02  0.9151392E+01  0.1193335E+02  Si
  0.5813394E+02  0.6642236E+01  0.1425249E+02  Si
  0.5560931E+02  0.8962260E+01  0.1473042E+02  Si
  0.5950919E+02  0.5363984E+01  0.1028998E+02  Si
  0.6207570E+02  0.8204739E+01  0.1039109E+02  Si
  0.6245109E+02  0.5263764E+01  0.1287131E+02  Si
  0.5959368E+02  0.7956181E+01  0.1325823E+02  Si
  0.6095450E+02  0.6671013E+01  0.1178965E+02  Si
  0.6369571E+02  0.9417891E+01  0.1165946E+02  Si
  0.6378991E+02  0.6525096E+01  0.1435652E+02  Si
  0.6100478E+02  0.9237676E+01  0.1449436E+02  Si
  0.4348019E+02  0.1080961E+02  0.1054936E+02  Si
  0.4621644E+02  0.1332157E+02  0.1036326E+02  Si
  0.4619066E+02  0.1076448E+02  0.1311849E+02  Si
  0.4333054E+02  0.1353167E+02  0.1334879E+02  Si
  0.4484102E+02  0.1229702E+02  0.1184811E+02  Si
  0.4769916E+02  0.1453881E+02  0.1187956E+02  Si
  0.4742406E+02  0.1192132E+02  0.1454430E+02  Si
  0.4460789E+02  0.1497625E+02  0.1455002E+02  Si
  0.4878474E+02  0.1049411E+02  0.1048812E+02  Si
  0.5162996E+02  0.1332579E+02  0.1033734E+02  Si
  0.5160532E+02  0.1062559E+02  0.1301997E+02  Si
  0.4890157E+02  0.1311116E+02  0.1316938E+02  Si
  0.5024913E+02  0.1204820E+02  0.1173780E+02  Si
  0.5277119E+02  0.1475837E+02  0.1177072E+02  Si
  0.5298822E+02  0.1178803E+02  0.1459237E+02  Si
  0.5025968E+02  0.1468405E+02  0.1445833E+02  Si
  0.5422612E+02  0.1043801E+02  0.1013772E+02  Si
  0.5695643E+02  0.1321478E+02  0.1022544E+02  Si
  0.5701605E+02  0.1063120E+02  0.1316255E+02  Si
  0.5424163E+02  0.1320392E+02  0.1300392E+02  Si
  0.5548539E+02  0.1180471E+02  0.1155480E+02  Si
  0.5839755E+02  0.1449592E+02  0.1170426E+02  Si
  0.5867847E+02  0.1169730E+02  0.1440829E+02  Si
  0.5561704E+02  0.1452703E+02  0.1424780E+02  Si
  0.5960557E+02  0.1050858E+02  0.1029789E+02  Si
  0.6250611E+02  0.1325761E+02  0.1022380E+02  Si
  0.6210154E+02  0.1075243E+02  0.1298564E+02  Si
  0.5987567E+02  0.1331909E+02  0.1308305E+02  Si
  0.6109180E+02  0.1195033E+02  0.1151935E+02  Si
  0.6384763E+02  0.1468083E+02  0.1154905E+02  Si
  0.6381691E+02  0.1189449E+02  0.1416554E+02  Si
  0.6105672E+02  0.1489965E+02  0.1441370E+02  Si
  0.4326184E+02  0.1580570E+02  0.1012488E+02  Si
  0.4589824E+02  0.1863490E+02  0.1041465E+02  Si
  0.4595041E+02  0.1605546E+02  0.1290913E+02  Si
  0.4301535E+02  0.1896245E+02  0.1289298E+02  Si
  0.4444162E+02  0.1730580E+02  0.1168586E+02  Si
  0.4748621E+02  0.2013966E+02  0.1168670E+02  Si
  0.4737523E+02  0.1741216E+02  0.1439167E+02  Si
  0.4468138E+02  0.2007573E+02  0.1386398E+02  Si
  0.4865422E+02  0.1608410E+02  0.1034727E+02  Si
  0.5150275E+02  0.1856612E+02  0.1031789E+02  Si
  0.5154154E+02  0.1625871E+02  0.1327146E+02  Si
  0.4878886E+02  0.1882007E+02  0.1301365E+02  Si
  0.5003114E+02  0.1730009E+02  0.1180186E+02  Si
  0.5289870E+02  0.1999919E+02  0.1134110E+02  Si
  0.5282321E+02  0.1766615E+02  0.1452376E+02  Si
  0.5006045E+02  0.2033750E+02  0.1395082E+02  Si
  0.5408978E+02  0.1598703E+02  0.1035881E+02  Si
  0.5703866E+02  0.1852785E+02  0.1057392E+02  Si
  0.5702930E+02  0.1586369E+02  0.1299955E+02  Si
  0.5421647E+02  0.1869773E+02  0.1299574E+02  Si
  0.5559662E+02  0.1732334E+02  0.1174232E+02  Si
  0.5825222E+02  0.2013414E+02  0.1162826E+02  Si
  0.5840126E+02  0.1735795E+02  0.1450492E+02  Si
  0.5554539E+02  0.2014587E+02  0.1428241E+02  Si
  0.5975391E+02  0.1602165E+02  0.1041777E+02  Si
  0.6246146E+02  0.1883273E+02  0.1023188E+02  Si
  0.6246366E+02  0.1612277E+02  0.1291000E+02  Si
  0.5973189E+02  0.1885407E+02  0.1317293E+02  Si
  0.6099864E+02  0.1748108E+02  0.1175318E+02  Si
  0.6416281E+02  0.2006877E+02  0.1149552E+02  Si
  0.6388822E+02  0.1738766E+02  0.1430607E+02  Si
  0.6128172E+02  0.2023547E+02  0.1432589E+02  Si
  0.4354078E+02  0.1810703E-02  0.1522860E+02  Si
  0.4605613E+02  0.2632266E+01  0.1566070E+02  Si
  0.4602077E+02  0.2161738E+02  0.1836640E+02  Si
  0.4219455E+02  0.1429986E+01  0.1981735E+02  Si
  0.4452904E+02  0.1211138E+01  0.1698870E+02  Si
  0.4750284E+02  0.3801198E+01  0.1701374E+02  Si
  0.4764783E+02  0.1183544E+01  0.1975571E+02  Si
  0.4503764E+02  0.3720778E+01  0.1962743E+02  Si
  0.4877135E+02  0.2153594E+02  0.1575038E+02  Si
  0.5150439E+02  0.2472625E+01  0.1574692E+02  Si
  0.5163446E+02  0.2151016E+02  0.1849403E+02  Si
  0.4899570E+02  0.2458074E+01  0.1854369E+02  Si
  0.5019466E+02  0.1020882E+01  0.1722472E+02  Si
  0.5279098E+02  0.3733979E+01  0.1719596E+02  Si
  0.5314437E+02  0.1109770E+01  0.1984658E+02  Si
  0.5049465E+02  0.4023439E+01  0.1987829E+02  Si
  0.5406096E+02  0.2124254E+02  0.1543600E+02  Si
  0.5703688E+02  0.2495036E+01  0.1562006E+02  Si
  0.5691148E+02  0.2145827E+02  0.1862088E+02  Si
  0.5442799E+02  0.2678564E+01  0.1843355E+02  Si
  0.5554260E+02  0.1085133E+01  0.1683405E+02  Si
  0.5854902E+02  0.4051126E+01  0.1720443E+02  Si
  0.5836035E+02  0.1087747E+01  0.1985543E+02  Si
  0.5561765E+02  0.4020385E+01  0.1985193E+02  Si
  0.5966890E+02  0.2142554E+02  0.1580434E+02  Si
  0.6250244E+02  0.2728709E+01  0.1569470E+02  Si
  0.6226973E+02  0.2111930E+02  0.1852357E+02  Si
  0.5978205E+02  0.2265907E+01  0.1844381E+02  Si
  0.6117644E+02  0.9728287E+00  0.1699684E+02  Si
  0.6405410E+02  0.3703820E+01  0.1714937E+02  Si
  0.6364603E+02  0.1052345E+01  0.1950712E+02  Si
  0.6117207E+02  0.3719321E+01  0.1970993E+02  Si
  0.4334639E+02  0.5361674E+01  0.1596815E+02  Si
  0.4608803E+02  0.7901316E+01  0.1577076E+02  Si
  0.4617987E+02  0.5237090E+01  0.1838408E+02  Si
  0.4355863E+02  0.8000193E+01  0.1856683E+02  Si
  0.4472580E+02  0.6558630E+01  0.1730010E+02  Si
  0.4738933E+02  0.9365393E+01  0.1691291E+02  Si
  0.4739820E+02  0.6544944E+01  0.1964656E+02  Si
  0.4492519E+02  0.9342811E+01  0.2005562E+02  Si
  0.4886130E+02  0.5108364E+01  0.1567466E+02  Si
  0.5143872E+02  0.7916048E+01  0.1566363E+02  Si
  0.5158676E+02  0.5297816E+01  0.1825065E+02  Si
  0.4887833E+02  0.7966295E+01  0.1845881E+02  Si
  0.5019783E+02  0.6558559E+01  0.1709020E+02  Si
  0.5275487E+02  0.9083619E+01  0.1720561E+02  Si
  0.5292506E+02  0.6484735E+01  0.1992432E+02  Si
  0.5047825E+02  0.9292194E+01  0.1961250E+02  Si
  0.5417490E+02  0.4850856E+01  0.1582586E+02  Si
  0.5695957E+02  0.7498393E+01  0.1596129E+02  Si
  0.5714153E+02  0.5512038E+01  0.1876811E+02  Si
  0.5423814E+02  0.7859695E+01  0.1858006E+02  Si
  0.5549335E+02  0.6344793E+01  0.1722769E+02  Si
  0.5824174E+02  0.9043658E+01  0.1715422E+02  Si
  0.5871584E+02  0.6781056E+01  0.2010301E+02  Si
  0.5563203E+02  0.9187247E+01  0.1980765E+02  Si
  0.5959815E+02  0.5307132E+01  0.1569468E+02  Si
  0.6230473E+02  0.8017340E+01  0.1581404E+02  Si
  0.6273915E+02  0.5274896E+01  0.1859496E+02  Si
  0.5985517E+02  0.7957675E+01  0.1847179E+02  Si
  0.6112883E+02  0.6445237E+01  0.1712720E+02  Si
  0.6371155E+02  0.9382675E+01  0.1706224E+02  Si
  0.6380176E+02  0.6906536E+01  0.1985219E+02  Si
  0.6108253E+02  0.9205153E+01  0.1992347E+02  Si
  0.4330432E+02  0.1066627E+02  0.1579214E+02  Si
  0.4612400E+02  0.1324117E+02  0.1578388E+02  Si
  0.4603822E+02  0.1047622E+02  0.1845655E+02  Si
  0.4198084E+02  0.1514184E+02  0.1687264E+02  Si
  0.4475550E+02  0.1190829E+02  0.1699543E+02  Si
  0.4733560E+02  0.1449318E+02  0.1711498E+02  Si
  0.4748659E+02  0.1167090E+02  0.1997140E+02  Si
  0.4474888E+02  0.1449069E+02  0.1984591E+02  Si
  0.4890606E+02  0.1062351E+02  0.1564249E+02  Si
  0.5154466E+02  0.1330495E+02  0.1581633E+02  Si
  0.5171599E+02  0.1086349E+02  0.1835804E+02  Si
  0.4867899E+02  0.1324055E+02  0.1849911E+02  Si
  0.5007659E+02  0.1176052E+02  0.1732953E+02  Si
  0.5294219E+02  0.1468124E+02  0.1727638E+02  Si
  0.5306959E+02  0.1203022E+02  0.1972281E+02  Si
  0.5006986E+02  0.1484243E+02  0.1976250E+02  Si
  0.5420840E+02  0.1046356E+02  0.1604387E+02  Si
  0.5689866E+02  0.1299794E+02  0.1547541E+02  Si
  0.5710626E+02  0.1048824E+02  0.1837829E+02  Si
  0.5436131E+02  0.1326093E+02  0.1845260E+02  Si
  0.5572671E+02  0.1190258E+02  0.1722365E+02  Si
  0.5831353E+02  0.1431545E+02  0.1716502E+02  Si
  0.5822639E+02  0.1200240E+02  0.1973828E+02  Si
  0.5571881E+02  0.1469788E+02  0.1973919E+02  Si
  0.5980993E+02  0.1026897E+02  0.1590734E+02  Si
  0.6231760E+02  0.1317268E+02  0.1550284E+02  Si
  0.6257182E+02  0.1043069E+02  0.1858670E+02  Si
  0.5986398E+02  0.1338561E+02  0.1854102E+02  Si
  0.6113502E+02  0.1185073E+02  0.1734372E+02  Si
  0.6366443E+02  0.1466933E+02  0.1701490E+02  Si
  0.6362954E+02  0.1204047E+02  0.1995376E+02  Si
  0.6106788E+02  0.1497732E+02  0.2001448E+02  Si
  0.4314834E+02  0.1658022E+02  0.1577108E+02  Si
  0.4615381E+02  0.1901473E+02  0.1534374E+02  Si
  0.4603262E+02  0.1587975E+02  0.1842087E+02  Si
  0.4360310E+02  0.1908679E+02  0.1817853E+02  Si
  0.4491456E+02  0.1748999E+02  0.1695542E+02  Si
  0.4711760E+02  0.2030940E+02  0.1699688E+02  Si
  0.4750379E+02  0.1758439E+02  0.1971067E+02  Si
  0.4486740E+02  0.2018650E+02  0.1982103E+02  Si
  0.4881740E+02  0.1596505E+02  0.1590711E+02  Si
  0.5113827E+02  0.1887205E+02  0.1567303E+02  Si
  0.5161322E+02  0.1635454E+02  0.1844033E+02  Si
  0.4847079E+02  0.1925680E+02  0.1842894E+02  Si
  0.4980341E+02  0.1768757E+02  0.1721658E+02  Si
  0.5281746E+02  0.2004663E+02  0.1686622E+02  Si
  0.5315477E+02  0.1745197E+02  0.2003776E+02  Si
  0.5020359E+02  0.2018425E+02  0.1993326E+02  Si
  0.5415885E+02  0.1595650E+02  0.1558569E+02  Si
  0.5707888E+02  0.1888492E+02  0.1574057E+02  Si
  0.5695905E+02  0.1601524E+02  0.1819322E+02  Si
  0.5420330E+02  0.1865184E+02  0.1832842E+02  Si
  0.5552510E+02  0.1750934E+02  0.1691235E+02  Si
  0.5826402E+02  0.2010288E+02  0.1721255E+02  Si
  0.5834536E+02  0.1734328E+02  0.1965485E+02  Si
  0.5568504E+02  0.1977267E+02  0.1996435E+02  Si
  0.5957788E+02  0.1593988E+02  0.1580242E+02  Si
  0.6220859E+02  0.1861526E+02  0.1569722E+02  Si
  0.6223529E+02  0.1585864E+02  0.1837455E+02  Si
  0.5974727E+02  0.1890468E+02  0.1836896E+02  Si
  0.6095348E+02  0.1730161E+02  0.1700226E+02  Si
  0.6371740E+02  0.2005010E+02  0.1693728E+02  Si
  0.6356937E+02  0.1721421E+02  0.1975824E+02  Si
  0.6102234E+02  0.2009593E+02  0.1997207E+02  Si
