         
  0.6515772E+02  0.0000000E+00  0.2171924E+02
  0.0000000E+00  0.0000000E+00  0.2171924E+02
  0.1791882E+00  0.2166854E+02  0.2130887E+02  Si
  0.2799669E+01  0.2619657E+01  0.2115698E+02  Si
  0.2587264E+01  0.1429858E-01  0.2030202E+01  Si
  0.6512598E+02  0.2725494E+01  0.2041467E+01  Si
  0.1443998E+01  0.1525169E+01  0.7880559E+00  Si
  0.4216673E+01  0.4021957E+01  0.6811533E+00  Si
  0.4063437E+01  0.1142379E+01  0.3462969E+01  Si
  0.1543952E+01  0.4127216E+01  0.3368463E+01  Si
  0.5409586E+01  0.2171781E+02  0.2080469E+02  Si
  0.8087996E+01  0.2567863E+01  0.2119105E+02  Si
  0.8294541E+01  0.2291529E+00  0.2049329E+01  Si
  0.5557186E+01  0.2579155E+01  0.2200656E+01  Si
  0.6827764E+01  0.1020927E+01  0.6755421E+00  Si
  0.9381381E+01  0.3893731E+01  0.8077821E+00  Si
  0.9471732E+01  0.1493871E+01  0.3523859E+01  Si
  0.6809674E+01  0.4046912E+01  0.3460340E+01  Si
  0.1086588E+02  0.2402512E+00  0.2119298E+02  Si
  0.1355783E+02  0.2669446E+01  0.2090193E+02  Si
  0.1336745E+02  0.2157879E+02  0.2117196E+01  Si
  0.1094509E+02  0.2645864E+01  0.2071662E+01  Si
  0.1220692E+02  0.1494473E+01  0.6825269E+00  Si
  0.1499524E+02  0.4336615E+01  0.3582729E+00  Si
  0.1464986E+02  0.1602799E+01  0.3375605E+01  Si
  0.1255204E+02  0.4163855E+01  0.2973953E+01  Si
  0.1608891E+02  0.1082554E+00  0.2124086E+02  Si
  0.1865325E+02  0.3019270E+01  0.2097291E+02  Si
  0.1872885E+02  0.2154387E+02  0.1597182E+01  Si
  0.1602170E+02  0.2626804E+01  0.2062494E+01  Si
  0.1741991E+02  0.1585942E+01  0.6260194E+00  Si
  0.2850677E+02  0.1887365E+01  0.8686058E+01  Si
  0.2202073E+02  0.5160244E+01  0.2094045E+02  Si
  0.1727600E+02  0.4273509E+01  0.3274484E+01  Si
  0.6513111E+02  0.5396308E+01  0.2112321E+02  Si
  0.2904097E+01  0.8165881E+01  0.2139877E+02  Si
  0.2824544E+01  0.5429374E+01  0.1823783E+01  Si
  0.6509643E+02  0.8179827E+01  0.2118066E+01  Si
  0.1238777E+01  0.6769976E+01  0.6497878E+00  Si
  0.4081205E+01  0.9789763E+01  0.9530242E+00  Si
  0.4119840E+01  0.6858830E+01  0.3492192E+01  Si
  0.1606333E+01  0.9442330E+01  0.3519723E+01  Si
  0.5473328E+01  0.5507043E+01  0.2101204E+02  Si
  0.8229028E+01  0.8221370E+01  0.2097485E+02  Si
  0.8207517E+01  0.5369037E+01  0.2009084E+01  Si
  0.5462363E+01  0.8116867E+01  0.2127447E+01  Si
  0.7020473E+01  0.6835464E+01  0.5914314E+00  Si
  0.9490264E+01  0.9705421E+01  0.6845426E+00  Si
  0.9395543E+01  0.6682828E+01  0.3147705E+01  Si
  0.6737804E+01  0.9435400E+01  0.3274626E+01  Si
  0.1077927E+02  0.5163350E+01  0.2117070E+02  Si
  0.1364905E+02  0.8510341E+01  0.2121461E+02  Si
  0.1395272E+02  0.5667460E+01  0.1864645E+01  Si
  0.1089819E+02  0.8333744E+01  0.1865950E+01  Si
  0.1233803E+02  0.6663640E+01  0.5589175E+00  Si
  0.1471955E+02  0.9673599E+01  0.8423272E+00  Si
  0.1494047E+02  0.7196623E+01  0.3360473E+01  Si
  0.1215747E+02  0.9564438E+01  0.3154125E+01  Si
  0.1637983E+02  0.5474855E+01  0.2066949E+02  Si
  0.1884955E+02  0.7942422E+01  0.2108905E+02  Si
  0.1893742E+02  0.5469570E+01  0.2082504E+01  Si
  0.1624335E+02  0.8532605E+01  0.2270769E+01  Si
  0.1730899E+02  0.6810464E+01  0.7652656E+00  Si
  0.2172112E+02  0.1104433E+02  0.2115210E+02  Si
  0.2299977E+02  0.1061821E+02  0.1380209E+02  Si
  0.1782590E+02  0.9728690E+01  0.3476076E+01  Si
  0.1346828E+00  0.1077691E+02  0.2106202E+02  Si
  0.2595008E+01  0.1368830E+02  0.2120563E+02  Si
  0.2521653E+01  0.1100324E+02  0.2155382E+01  Si
  0.6504509E+02  0.1358801E+02  0.2036556E+01  Si
  0.1229730E+01  0.1234987E+02  0.7557718E+00  Si
  0.4246243E+01  0.1498537E+02  0.4690907E+00  Si
  0.3795012E+01  0.1225679E+02  0.3374104E+01  Si
  0.1516143E+01  0.1477272E+02  0.3388660E+01  Si
  0.5100667E+01  0.1094954E+02  0.2107254E+02  Si
  0.7951041E+01  0.1351846E+02  0.2063582E+02  Si
  0.8076483E+01  0.1093405E+02  0.1930444E+01  Si
  0.5149205E+01  0.1346718E+02  0.1883329E+01  Si
  0.6705893E+01  0.1237820E+02  0.6594200E+00  Si
  0.9151061E+01  0.1474267E+02  0.5295810E+00  Si
  0.9350567E+01  0.1222404E+02  0.3279267E+01  Si
  0.6558187E+01  0.1496436E+02  0.3073307E+01  Si
  0.1052009E+02  0.1100252E+02  0.2090449E+02  Si
  0.1347168E+02  0.1358137E+02  0.2080521E+02  Si
  0.1318361E+02  0.1105586E+02  0.1668860E+01  Si
  0.1079553E+02  0.1358972E+02  0.1903175E+01  Si
  0.1194192E+02  0.1249409E+02  0.3365159E+00  Si
  0.1507682E+02  0.1483885E+02  0.6470036E+00  Si
  0.1482620E+02  0.1211670E+02  0.3207860E+01  Si
  0.1204886E+02  0.1491241E+02  0.3352136E+01  Si
  0.1609428E+02  0.1056676E+02  0.2098828E+02  Si
  0.1892328E+02  0.1348262E+02  0.2091210E+02  Si
  0.2026258E+02  0.9638029E+01  0.5574707E+00  Si
  0.1619482E+02  0.1348753E+02  0.2180131E+01  Si
  0.1737627E+02  0.1225780E+02  0.5150419E+00  Si
  0.2026967E+02  0.1209948E+02  0.1960900E+02  Si
  0.2404387E+02  0.1785903E+01  0.5015704E+01  Si
  0.1770868E+02  0.1467553E+02  0.3566846E+01  Si
  0.8269759E-01  0.1627226E+02  0.2129344E+02  Si
  0.2889066E+01  0.1900401E+02  0.2105700E+02  Si
  0.2777423E+01  0.1607899E+02  0.1977057E+01  Si
  0.1351487E+00  0.1886038E+02  0.2466978E+01  Si
  0.1504556E+01  0.1764910E+02  0.9169592E+00  Si
  0.4149363E+01  0.2038740E+02  0.6681868E+00  Si
  0.3831456E+01  0.1754810E+02  0.3120507E+01  Si
  0.1385927E+01  0.2038373E+02  0.3539133E+01  Si
  0.5319223E+01  0.1633226E+02  0.2075379E+02  Si
  0.8034127E+01  0.1905961E+02  0.2114211E+02  Si
  0.7928328E+01  0.1621657E+02  0.1859361E+01  Si
  0.5494530E+01  0.1889510E+02  0.1975773E+01  Si
  0.6311345E+01  0.1761945E+02  0.4182740E+00  Si
  0.9630995E+01  0.2031586E+02  0.8559335E+00  Si
  0.9372137E+01  0.1746050E+02  0.3269572E+01  Si
  0.6816701E+01  0.2036449E+02  0.3328948E+01  Si
  0.1071422E+02  0.1593036E+02  0.2118946E+02  Si
  0.1368977E+02  0.1910962E+02  0.2109800E+02  Si
  0.1356519E+02  0.1609595E+02  0.1835086E+01  Si
  0.1100070E+02  0.1892272E+02  0.2155320E+01  Si
  0.1217568E+02  0.1759163E+02  0.6402627E+00  Si
  0.1490434E+02  0.2016982E+02  0.7895766E+00  Si
  0.1501132E+02  0.1742353E+02  0.3315032E+01  Si
  0.1229077E+02  0.2015993E+02  0.3456471E+01  Si
  0.1642079E+02  0.1623932E+02  0.2116111E+02  Si
  0.1897033E+02  0.1886921E+02  0.2107697E+02  Si
  0.1914954E+02  0.1612565E+02  0.2143710E+01  Si
  0.1616409E+02  0.1888462E+02  0.2063889E+01  Si
  0.1758744E+02  0.1751911E+02  0.8467960E+00  Si
  0.2378003E+02  0.3392945E+01  0.1789093E+02  Si
  0.2000302E+02  0.1759469E+02  0.3746206E+01  Si
  0.1728881E+02  0.2060345E+02  0.3288431E+01  Si
  0.6510512E+02  0.2165902E+02  0.4831783E+01  Si
  0.2708991E+01  0.2556782E+01  0.4855749E+01  Si
  0.2677333E+01  0.2392007E+00  0.7392370E+01  Si
  0.7115395E-01  0.2885422E+01  0.7488830E+01  Si
  0.1407584E+01  0.1374681E+01  0.6070269E+01  Si
  0.4080905E+01  0.4097162E+01  0.6274782E+01  Si
  0.4094479E+01  0.1613309E+01  0.8988951E+01  Si
  0.1328905E+01  0.4152490E+01  0.9029173E+01  Si
  0.5444895E+01  0.2149867E+02  0.4761634E+01  Si
  0.7897244E+01  0.2723302E+01  0.5203308E+01  Si
  0.8189647E+01  0.2146254E+02  0.7272475E+01  Si
  0.5508843E+01  0.2766101E+01  0.7615375E+01  Si
  0.6686049E+01  0.9480644E+00  0.6259963E+01  Si
  0.9818039E+01  0.4068587E+01  0.6106136E+01  Si
  0.9337611E+01  0.1385981E+01  0.8651154E+01  Si
  0.6953726E+01  0.4060618E+01  0.8904160E+01  Si
  0.1095204E+02  0.2152154E+02  0.4609580E+01  Si
  0.1332543E+02  0.2865854E+01  0.4558715E+01  Si
  0.1343899E+02  0.2163415E+02  0.7288559E+01  Si
  0.1087929E+02  0.2660953E+01  0.7414070E+01  Si
  0.1225184E+02  0.1323764E+01  0.6058836E+01  Si
  0.1456992E+02  0.3944640E+01  0.6030968E+01  Si
  0.1465065E+02  0.1237772E+01  0.8914044E+01  Si
  0.1218250E+02  0.4192446E+01  0.8746432E+01  Si
  0.1599718E+02  0.1145009E+00  0.4809390E+01  Si
  0.1867582E+02  0.2921408E+01  0.4895900E+01  Si
  0.1900894E+02  0.2078385E+00  0.7904932E+01  Si
  0.1606652E+02  0.2725770E+01  0.7254165E+01  Si
  0.1754834E+02  0.1334978E+01  0.6227908E+01  Si
  0.2140857E+02  0.1971160E+02  0.1563425E+02  Si
  0.2995842E+02  0.1601772E+01  0.1047246E+02  Si
  0.1733431E+02  0.4259703E+01  0.8745375E+01  Si
  0.1930543E+00  0.5587316E+01  0.4919065E+01  Si
  0.2914054E+01  0.8236109E+01  0.4889508E+01  Si
  0.2722742E+01  0.5561546E+01  0.7605932E+01  Si
  0.3098271E+00  0.8212777E+01  0.7454356E+01  Si
  0.1551676E+01  0.6779940E+01  0.6178431E+01  Si
  0.4337811E+01  0.9444277E+01  0.6215443E+01  Si
  0.4094534E+01  0.6740889E+01  0.9047530E+01  Si
  0.1455721E+01  0.9545329E+01  0.9160059E+01  Si
  0.5494686E+01  0.5400682E+01  0.4854694E+01  Si
  0.8091409E+01  0.7964730E+01  0.4653031E+01  Si
  0.8510477E+01  0.5488361E+01  0.7596622E+01  Si
  0.5627843E+01  0.8001693E+01  0.7557994E+01  Si
  0.6927956E+01  0.6620915E+01  0.6047350E+01  Si
  0.9255201E+01  0.9424267E+01  0.6044832E+01  Si
  0.9483965E+01  0.6837458E+01  0.8829667E+01  Si
  0.7109404E+01  0.9520324E+01  0.8661921E+01  Si
  0.1074887E+02  0.5308842E+01  0.4391893E+01  Si
  0.1328268E+02  0.8275399E+01  0.4615092E+01  Si
  0.1336535E+02  0.5564835E+01  0.7315557E+01  Si
  0.1067646E+02  0.8070550E+01  0.7148651E+01  Si
  0.1194403E+02  0.6862752E+01  0.5774318E+01  Si
  0.1478848E+02  0.9402051E+01  0.5997280E+01  Si
  0.1481820E+02  0.6878753E+01  0.8665471E+01  Si
  0.1191696E+02  0.9607384E+01  0.8582110E+01  Si
  0.1582416E+02  0.5511687E+01  0.4459777E+01  Si
  0.1880434E+02  0.8136062E+01  0.4542383E+01  Si
  0.2006812E+02  0.3912884E+01  0.6503377E+01  Si
  0.1617898E+02  0.8116018E+01  0.7335932E+01  Si
  0.1742654E+02  0.6726862E+01  0.5993699E+01  Si
  0.2043347E+02  0.6937480E+01  0.3336483E+01  Si
  0.2731230E+02  0.7875168E+01  0.1090685E+02  Si
  0.1721456E+02  0.9495595E+01  0.8911546E+01  Si
  0.1322177E-01  0.1074832E+02  0.4929982E+01  Si
  0.2565647E+01  0.1345645E+02  0.5021357E+01  Si
  0.2772826E+01  0.1071458E+02  0.7614075E+01  Si
  0.6487156E+02  0.1328363E+02  0.7425664E+01  Si
  0.1322814E+01  0.1208429E+02  0.6266819E+01  Si
  0.4115026E+01  0.1489374E+02  0.6204445E+01  Si
  0.3977009E+01  0.1197705E+02  0.8722208E+01  Si
  0.1122549E+01  0.1480640E+02  0.8464496E+01  Si
  0.5380096E+01  0.1088836E+02  0.4601498E+01  Si
  0.7959418E+01  0.1365267E+02  0.4496229E+01  Si
  0.8494840E+01  0.1111798E+02  0.7417142E+01  Si
  0.5465601E+01  0.1367214E+02  0.7482812E+01  Si
  0.6730059E+01  0.1222386E+02  0.6085702E+01  Si
  0.9353392E+01  0.1484905E+02  0.5806797E+01  Si
  0.9645922E+01  0.1233088E+02  0.8869705E+01  Si
  0.6841750E+01  0.1490182E+02  0.8889562E+01  Si
  0.1076167E+02  0.1071752E+02  0.4571445E+01  Si
  0.1352351E+02  0.1364941E+02  0.4691804E+01  Si
  0.1335530E+02  0.1080204E+02  0.7261385E+01  Si
  0.1071053E+02  0.1383701E+02  0.7341802E+01  Si
  0.1193615E+02  0.1236444E+02  0.6006187E+01  Si
  0.1499595E+02  0.1501125E+02  0.6130743E+01  Si
  0.1494430E+02  0.1221701E+02  0.8492866E+01  Si
  0.1229253E+02  0.1516203E+02  0.8663998E+01  Si
  0.1611954E+02  0.1089421E+02  0.4747619E+01  Si
  0.1891983E+02  0.1101282E+02  0.1863139E+01  Si
  0.1882017E+02  0.1072025E+02  0.7684198E+01  Si
  0.1645145E+02  0.1368938E+02  0.7371661E+01  Si
  0.1732625E+02  0.1205221E+02  0.6134949E+01  Si
  0.2299549E+02  0.1749093E+02  0.6147761E+00  Si
  0.2930755E+02  0.8983670E+01  0.1990765E+02  Si
  0.1797554E+02  0.1508367E+02  0.8840481E+01  Si
  0.1181104E+00  0.1617382E+02  0.4981468E+01  Si
  0.2538353E+01  0.1887868E+02  0.4695211E+01  Si
  0.2729996E+01  0.1615362E+02  0.7443798E+01  Si
  0.6515335E+02  0.1896571E+02  0.7545494E+01  Si
  0.1515519E+01  0.1763403E+02  0.6261789E+01  Si
  0.3790721E+01  0.2030865E+02  0.6112625E+01  Si
  0.3955809E+01  0.1749256E+02  0.8921173E+01  Si
  0.1416540E+01  0.2038404E+02  0.8850005E+01  Si
  0.5214865E+01  0.1634608E+02  0.4623650E+01  Si
  0.7935204E+01  0.1877068E+02  0.4464139E+01  Si
  0.7845134E+01  0.1635070E+02  0.7111672E+01  Si
  0.5042572E+01  0.1910399E+02  0.7580903E+01  Si
  0.6280308E+01  0.1781891E+02  0.6043255E+01  Si
  0.9417948E+01  0.2023788E+02  0.5749011E+01  Si
  0.9336828E+01  0.1780353E+02  0.8478849E+01  Si
  0.6733311E+01  0.2033603E+02  0.8834970E+01  Si
  0.1070541E+02  0.1644984E+02  0.4737386E+01  Si
  0.1363697E+02  0.1882045E+02  0.4639922E+01  Si
  0.1391550E+02  0.1654664E+02  0.7545355E+01  Si
  0.1082963E+02  0.1900572E+02  0.7482333E+01  Si
  0.1222555E+02  0.1770210E+02  0.6272080E+01  Si
  0.1481478E+02  0.2019426E+02  0.6041991E+01  Si
  0.1500077E+02  0.1770508E+02  0.8883466E+01  Si
  0.1189061E+02  0.2050060E+02  0.8683571E+01  Si
  0.1629959E+02  0.1608082E+02  0.4858460E+01  Si
  0.3071771E+02  0.1027302E+02  0.5934729E+01  Si
  0.1911254E+02  0.1663168E+02  0.7521827E+01  Si
  0.1644204E+02  0.1902321E+02  0.7492728E+01  Si
  0.1764576E+02  0.1758568E+02  0.6039232E+01  Si
  0.2464553E+02  0.5755478E+01  0.2290142E+01  Si
  0.2322693E+02  0.1999135E+02  0.9166507E+01  Si
  0.1761842E+02  0.2038970E+02  0.9046173E+01  Si
  0.1169759E+00  0.3748504E+00  0.1015212E+02  Si
  0.2617564E+01  0.2742530E+01  0.1051128E+02  Si
  0.2864107E+01  0.2171271E+02  0.1339454E+02  Si
  0.1988910E+00  0.2742481E+01  0.1335932E+02  Si
  0.1526020E+01  0.1373775E+01  0.1185272E+02  Si
  0.4107782E+01  0.4205585E+01  0.1168287E+02  Si
  0.4228018E+01  0.1418431E+01  0.1450609E+02  Si
  0.1551780E+01  0.4121736E+01  0.1448863E+02  Si
  0.5244580E+01  0.8097062E-02  0.1033695E+02  Si
  0.8234212E+01  0.2443004E+01  0.1038036E+02  Si
  0.7975182E+01  0.1199808E+00  0.1319266E+02  Si
  0.5493231E+01  0.2669398E+01  0.1302877E+02  Si
  0.6642358E+01  0.1232545E+01  0.1177819E+02  Si
  0.9411144E+01  0.4176426E+01  0.1149149E+02  Si
  0.9642653E+01  0.1225293E+01  0.1448567E+02  Si
  0.6809807E+01  0.4252356E+01  0.1447767E+02  Si
  0.1070358E+02  0.1093982E+00  0.1041681E+02  Si
  0.1338889E+02  0.2754437E+01  0.1035221E+02  Si
  0.1339567E+02  0.2162350E+02  0.1322910E+02  Si
  0.1065636E+02  0.2731497E+01  0.1295368E+02  Si
  0.1206001E+02  0.1437136E+01  0.1177116E+02  Si
  0.1496037E+02  0.3976514E+01  0.1162512E+02  Si
  0.1488179E+02  0.1123508E+01  0.1426402E+02  Si
  0.1228630E+02  0.3945680E+01  0.1419573E+02  Si
  0.1629365E+02  0.1827291E+00  0.1016680E+02  Si
  0.2028081E+02  0.1438942E+01  0.9647893E+01  Si
  0.2879394E+02  0.2011462E+02  0.3578927E+01  Si
  0.1621601E+02  0.2661870E+01  0.1299604E+02  Si
  0.1748355E+02  0.1305104E+01  0.1178072E+02  Si
  0.1859231E+02  0.2931505E+01  0.1051491E+02  Si
  0.1989852E+02  0.3865188E+01  0.1208111E+02  Si
  0.1734428E+02  0.4201162E+01  0.1436262E+02  Si
  0.2427699E-01  0.5229919E+01  0.1031513E+02  Si
  0.2850883E+01  0.8168776E+01  0.1032223E+02  Si
  0.2485386E+01  0.5416889E+01  0.1287821E+02  Si
  0.1746692E-01  0.7871819E+01  0.1278441E+02  Si
  0.1365117E+01  0.6812492E+01  0.1143213E+02  Si
  0.4334314E+01  0.9567786E+01  0.1145797E+02  Si
  0.3958041E+01  0.6911802E+01  0.1429372E+02  Si
  0.1364172E+01  0.9510952E+01  0.1414183E+02  Si
  0.5686481E+01  0.5441768E+01  0.1016908E+02  Si
  0.8213375E+01  0.8359440E+01  0.1005300E+02  Si
  0.8349157E+01  0.5581631E+01  0.1322925E+02  Si
  0.5385714E+01  0.8082523E+01  0.1280077E+02  Si
  0.6920751E+01  0.6811035E+01  0.1157244E+02  Si
  0.9524665E+01  0.9698480E+01  0.1128693E+02  Si
  0.9655361E+01  0.6947359E+01  0.1416700E+02  Si
  0.6789387E+01  0.9616135E+01  0.1404017E+02  Si
  0.1080808E+02  0.5565681E+01  0.1026970E+02  Si
  0.1330329E+02  0.8476573E+01  0.1000760E+02  Si
  0.1346878E+02  0.5373161E+01  0.1279494E+02  Si
  0.1085441E+02  0.8270579E+01  0.1274572E+02  Si
  0.1212338E+02  0.6950505E+01  0.1135481E+02  Si
  0.1475340E+02  0.9787960E+01  0.1151917E+02  Si
  0.1477970E+02  0.6972648E+01  0.1407304E+02  Si
  0.1188127E+02  0.9785432E+01  0.1424421E+02  Si
  0.1621260E+02  0.5479582E+01  0.1014331E+02  Si
  0.1930475E+02  0.8546217E+01  0.9906989E+01  Si
  0.1890103E+02  0.5708551E+01  0.1309970E+02  Si
  0.1618868E+02  0.8150395E+01  0.1267519E+02  Si
  0.1780472E+02  0.6960323E+01  0.1115334E+02  Si
  0.3380360E+02  0.4831723E+01  0.1513874E+02  Si
  0.2078720E+02  0.6255710E+01  0.1466064E+02  Si
  0.1778454E+02  0.9341149E+01  0.1413160E+02  Si
  0.6506284E+02  0.1094284E+02  0.1055413E+02  Si
  0.2764765E+01  0.1380941E+02  0.9783095E+01  Si
  0.2900797E+01  0.1082761E+02  0.1288033E+02  Si
  0.6494156E+02  0.1378860E+02  0.1298729E+02  Si
  0.1530526E+01  0.1255400E+02  0.1151040E+02  Si
  0.3962086E+01  0.1508986E+02  0.1144801E+02  Si
  0.3968077E+01  0.1225727E+02  0.1408426E+02  Si
  0.1389377E+01  0.1498662E+02  0.1430409E+02  Si
  0.5616250E+01  0.1103731E+02  0.9923129E+01  Si
  0.8228580E+01  0.1368348E+02  0.1035692E+02  Si
  0.8428650E+01  0.1120679E+02  0.1305871E+02  Si
  0.5385366E+01  0.1368086E+02  0.1276470E+02  Si
  0.7056580E+01  0.1220494E+02  0.1152594E+02  Si
  0.9329138E+01  0.1529406E+02  0.1163915E+02  Si
  0.9802886E+01  0.1268004E+02  0.1414124E+02  Si
  0.6566189E+01  0.1518095E+02  0.1426822E+02  Si
  0.1109502E+02  0.1095274E+02  0.1009988E+02  Si
  0.1365445E+02  0.1369988E+02  0.9844258E+01  Si
  0.1349803E+02  0.1080538E+02  0.1303991E+02  Si
  0.1121235E+02  0.1391751E+02  0.1250881E+02  Si
  0.1247146E+02  0.1218472E+02  0.1127587E+02  Si
  0.1484997E+02  0.1495421E+02  0.1132049E+02  Si
  0.1480169E+02  0.1225476E+02  0.1426584E+02  Si
  0.1209957E+02  0.1528437E+02  0.1407901E+02  Si
  0.1601511E+02  0.1103935E+02  0.1004547E+02  Si
  0.2506059E+02  0.7721202E+01  0.1122398E+02  Si
  0.2674113E+02  0.3000708E+01  0.1630907E+01  Si
  0.1577458E+02  0.1372077E+02  0.1271864E+02  Si
  0.1735030E+02  0.1258116E+02  0.1141402E+02  Si
  0.2024137E+02  0.2050887E+02  0.1197725E+02  Si
  0.1848342E+02  0.1628106E+02  0.1278210E+02  Si
  0.1719561E+02  0.1484703E+02  0.1422848E+02  Si
  0.6509748E+02  0.1611254E+02  0.1017816E+02  Si
  0.2771163E+01  0.1900771E+02  0.1023513E+02  Si
  0.2699305E+01  0.1639349E+02  0.1281250E+02  Si
  0.6508994E+02  0.1902733E+02  0.1287250E+02  Si
  0.1228824E+01  0.1761789E+02  0.1150873E+02  Si
  0.4004377E+01  0.2047598E+02  0.1192489E+02  Si
  0.4020485E+01  0.1789692E+02  0.1441001E+02  Si
  0.1223044E+01  0.2033180E+02  0.1451648E+02  Si
  0.5630414E+01  0.1617240E+02  0.1015066E+02  Si
  0.8113833E+01  0.1909954E+02  0.1021314E+02  Si
  0.7800155E+01  0.1631050E+02  0.1288796E+02  Si
  0.5502683E+01  0.1898472E+02  0.1302460E+02  Si
  0.6848802E+01  0.1771014E+02  0.1149840E+02  Si
  0.9355705E+01  0.2043606E+02  0.1173415E+02  Si
  0.9202183E+01  0.1768868E+02  0.1409007E+02  Si
  0.6698249E+01  0.2027913E+02  0.1440427E+02  Si
  0.1055574E+02  0.1645779E+02  0.1006660E+02  Si
  0.1347005E+02  0.1934110E+02  0.1015321E+02  Si
  0.1357221E+02  0.1655543E+02  0.1276001E+02  Si
  0.1102885E+02  0.1893706E+02  0.1266041E+02  Si
  0.1226849E+02  0.1772696E+02  0.1106738E+02  Si
  0.1477369E+02  0.2055257E+02  0.1158178E+02  Si
  0.1488747E+02  0.1782331E+02  0.1442946E+02  Si
  0.1216985E+02  0.2015938E+02  0.1452672E+02  Si
  0.1617507E+02  0.1624515E+02  0.1015872E+02  Si
  0.1920705E+02  0.1918682E+02  0.1046964E+02  Si
  0.2693872E+02  0.1340977E+02  0.1177424E+02  Si
  0.1599212E+02  0.1916721E+02  0.1303356E+02  Si
  0.1735706E+02  0.1786327E+02  0.1161453E+02  Si
  0.2167458E+02  0.1604582E+02  0.1528828E+02  Si
  0.2027620E+02  0.1495743E+02  0.1686080E+02  Si
  0.1765269E+02  0.2032101E+02  0.1448860E+02  Si
  0.6512825E+02  0.2149619E+02  0.1595916E+02  Si
  0.2688008E+01  0.2624761E+01  0.1573283E+02  Si
  0.2708991E+01  0.2438123E-01  0.1840062E+02  Si
  0.6391239E-01  0.2583590E+01  0.1857886E+02  Si
  0.1425363E+01  0.1375147E+01  0.1694018E+02  Si
  0.3781143E+01  0.4298038E+01  0.1693368E+02  Si
  0.4035963E+01  0.1364348E+01  0.1960686E+02  Si
  0.1469081E+01  0.3991660E+01  0.1997939E+02  Si
  0.5467261E+01  0.1279476E+00  0.1576123E+02  Si
  0.8173624E+01  0.2543050E+01  0.1566902E+02  Si
  0.8241157E+01  0.2153874E+02  0.1865872E+02  Si
  0.5348313E+01  0.2600303E+01  0.1820466E+02  Si
  0.6769938E+01  0.1259996E+01  0.1721891E+02  Si
  0.9057005E+01  0.4231122E+01  0.1701152E+02  Si
  0.9265912E+01  0.1382732E+01  0.1986224E+02  Si
  0.6530507E+01  0.3877455E+01  0.1988982E+02  Si
  0.1085092E+02  0.2143977E+02  0.1579241E+02  Si
  0.1358033E+02  0.2804845E+01  0.1550206E+02  Si
  0.1387208E+02  0.2387116E-01  0.1837902E+02  Si
  0.1045792E+02  0.2799729E+01  0.1828616E+02  Si
  0.1205142E+02  0.1358617E+01  0.1728922E+02  Si
  0.1466429E+02  0.4310694E+01  0.1701265E+02  Si
  0.1483303E+02  0.1383114E+01  0.1989173E+02  Si
  0.1211610E+02  0.4026346E+01  0.1971911E+02  Si
  0.1623795E+02  0.1014328E+00  0.1555658E+02  Si
  0.1863125E+02  0.2649118E+01  0.1556805E+02  Si
  0.1887753E+02  0.1550588E+00  0.1863997E+02  Si
  0.1601644E+02  0.3025351E+01  0.1834385E+02  Si
  0.1736855E+02  0.1261928E+01  0.1704096E+02  Si
  0.2015093E+02  0.4301457E+01  0.1653554E+02  Si
  0.2240027E+02  0.1295027E+01  0.2044407E+02  Si
  0.1766915E+02  0.4117985E+01  0.1902328E+02  Si
  0.2182467E+00  0.5428313E+01  0.1613882E+02  Si
  0.2813916E+01  0.8264683E+01  0.1567054E+02  Si
  0.2740188E+01  0.5448852E+01  0.1857335E+02  Si
  0.3941149E+00  0.8109729E+01  0.1851752E+02  Si
  0.1593044E+01  0.6920900E+01  0.1722998E+02  Si
  0.4383158E+01  0.9769145E+01  0.1679307E+02  Si
  0.4297844E+01  0.6954825E+01  0.1983206E+02  Si
  0.1590126E+01  0.9494038E+01  0.2000925E+02  Si
  0.5381234E+01  0.5631319E+01  0.1574541E+02  Si
  0.8112597E+01  0.8201856E+01  0.1560114E+02  Si
  0.7932541E+01  0.5418055E+01  0.1863165E+02  Si
  0.5418702E+01  0.8430878E+01  0.1857971E+02  Si
  0.6837678E+01  0.6920248E+01  0.1711957E+02  Si
  0.9410256E+01  0.9606267E+01  0.1702928E+02  Si
  0.9635446E+01  0.6698967E+01  0.1986204E+02  Si
  0.6825839E+01  0.9758157E+01  0.1994794E+02  Si
  0.1068014E+02  0.5362472E+01  0.1552073E+02  Si
  0.1330123E+02  0.8274553E+01  0.1557672E+02  Si
  0.1341437E+02  0.5583913E+01  0.1833397E+02  Si
  0.1065376E+02  0.8185272E+01  0.1832792E+02  Si
  0.1210371E+02  0.6784435E+01  0.1705434E+02  Si
  0.1477317E+02  0.9530367E+01  0.1696495E+02  Si
  0.1472652E+02  0.7011404E+01  0.1961146E+02  Si
  0.1210694E+02  0.9725608E+01  0.1971104E+02  Si
  0.1591851E+02  0.5586951E+01  0.1555351E+02  Si
  0.1925732E+02  0.8055803E+01  0.1547357E+02  Si
  0.1893935E+02  0.5814782E+01  0.1794749E+02  Si
  0.1619829E+02  0.8272533E+01  0.1823871E+02  Si
  0.1740682E+02  0.7123233E+01  0.1664158E+02  Si
  0.2688209E+02  0.1980491E+01  0.1771566E+02  Si
  0.2033472E+02  0.6544532E+01  0.1960152E+02  Si
  0.1748904E+02  0.9285993E+01  0.1981660E+02  Si
  0.6513425E+02  0.1063814E+02  0.1553147E+02  Si
  0.2726884E+01  0.1364104E+02  0.1550667E+02  Si
  0.2767122E+01  0.1066621E+02  0.1819946E+02  Si
  0.6504498E+02  0.1366234E+02  0.1845611E+02  Si
  0.1344938E+01  0.1221356E+02  0.1704146E+02  Si
  0.3956794E+01  0.1496304E+02  0.1678720E+02  Si
  0.3914146E+01  0.1262340E+02  0.1947515E+02  Si
  0.1314071E+01  0.1488787E+02  0.1993092E+02  Si
  0.5607068E+01  0.1101281E+02  0.1541473E+02  Si
  0.8007197E+01  0.1394389E+02  0.1548451E+02  Si
  0.7897891E+01  0.1089977E+02  0.1832137E+02  Si
  0.5404471E+01  0.1380352E+02  0.1798974E+02  Si
  0.6906905E+01  0.1229900E+02  0.1679498E+02  Si
  0.9498860E+01  0.1533844E+02  0.1685352E+02  Si
  0.9381710E+01  0.1226708E+02  0.1952939E+02  Si
  0.6593633E+01  0.1497819E+02  0.1937601E+02  Si
  0.1069352E+02  0.1110836E+02  0.1562219E+02  Si
  0.1328201E+02  0.1370553E+02  0.1536259E+02  Si
  0.1338400E+02  0.1090873E+02  0.1823223E+02  Si
  0.1070423E+02  0.1351989E+02  0.1803686E+02  Si
  0.1206281E+02  0.1237511E+02  0.1682241E+02  Si
  0.1465939E+02  0.1478239E+02  0.1708809E+02  Si
  0.1482347E+02  0.1218149E+02  0.1940694E+02  Si
  0.1191919E+02  0.1475559E+02  0.1974898E+02  Si
  0.1616624E+02  0.1059317E+02  0.1542530E+02  Si
  0.1873140E+02  0.1355032E+02  0.1553811E+02  Si
  0.1873215E+02  0.1072475E+02  0.1834255E+02  Si
  0.1623927E+02  0.1356051E+02  0.1819172E+02  Si
  0.1759264E+02  0.1180095E+02  0.1682262E+02  Si
  0.2036875E+02  0.1751208E+02  0.1369276E+02  Si
  0.2847303E+02  0.2089105E+02  0.1865744E+02  Si
  0.1773608E+02  0.1496948E+02  0.1954278E+02  Si
  0.4378433E-01  0.1648927E+02  0.1561062E+02  Si
  0.2603973E+01  0.1910780E+02  0.1582349E+02  Si
  0.2722532E+01  0.1604031E+02  0.1836256E+02  Si
  0.1461400E+00  0.1869282E+02  0.1885234E+02  Si
  0.1352874E+01  0.1760947E+02  0.1723592E+02  Si
  0.3969053E+01  0.2045563E+02  0.1715271E+02  Si
  0.4039560E+01  0.1756065E+02  0.1941082E+02  Si
  0.1335917E+01  0.2051554E+02  0.1989597E+02  Si
  0.5261158E+01  0.1648596E+02  0.1567929E+02  Si
  0.8053583E+01  0.1912043E+02  0.1572023E+02  Si
  0.7973967E+01  0.1639150E+02  0.1828048E+02  Si
  0.5452706E+01  0.1890888E+02  0.1826644E+02  Si
  0.6749653E+01  0.1763565E+02  0.1707931E+02  Si
  0.9450070E+01  0.1995208E+02  0.1723221E+02  Si
  0.9153045E+01  0.1735865E+02  0.2009679E+02  Si
  0.6652818E+01  0.2026560E+02  0.1949230E+02  Si
  0.1081749E+02  0.1660967E+02  0.1545251E+02  Si
  0.1362994E+02  0.1888308E+02  0.1574725E+02  Si
  0.1344815E+02  0.1607521E+02  0.1836975E+02  Si
  0.1094388E+02  0.1873987E+02  0.1870479E+02  Si
  0.1230782E+02  0.1759582E+02  0.1710486E+02  Si
  0.1517057E+02  0.2026157E+02  0.1723922E+02  Si
  0.1488132E+02  0.1741965E+02  0.1978475E+02  Si
  0.1216421E+02  0.2046192E+02  0.1990739E+02  Si
  0.1611703E+02  0.1637517E+02  0.1575651E+02  Si
  0.1916791E+02  0.1863768E+02  0.1535383E+02  Si
  0.1875471E+02  0.1625483E+02  0.1806520E+02  Si
  0.1643845E+02  0.1866541E+02  0.1849699E+02  Si
  0.1774098E+02  0.1787506E+02  0.1692365E+02  Si
  0.2274743E+02  0.1801298E+02  0.1647610E+02  Si
  0.2630594E+02  0.1697045E+02  0.2126336E+02  Si
  0.1753514E+02  0.2037893E+02  0.1989588E+02  Si
  0.2534955E+02  0.2170009E+02  0.1720294E+02  Si
  0.2017564E+02  0.1207521E+02  0.8964873E+01  Si
  0.2795171E+02  0.6509490E+01  0.2179983E+01  Si
  0.2040384E+02  0.4616392E+01  0.9506755E+01  Si
  0.2896561E+02  0.2121439E+02  0.1474717E+02  Si
  0.2747773E+02  0.1351122E+02  0.4410966E+01  Si
  0.3461230E+02  0.1017903E+02  0.1087782E+02  Si
  0.1877720E+02  0.4667304E-01  0.1309531E+02  Si
  0.2669759E+02  0.2026141E+02  0.9031291E+01  Si
  0.3810650E+02  0.1399828E+02  0.1254521E+02  Si
  0.3131911E+02  0.8256746E+01  0.8006581E+01  Si
  0.4365594E+02  0.2604819E+01  0.1810834E+02  Si
  0.2990523E+02  0.1428305E+02  0.1342907E+02  Si
  0.3780291E+02  0.4742730E+01  0.7790837E+01  Si
  0.3817668E+02  0.1657942E+02  0.1530496E+02  Si
  0.3946429E+02  0.1982160E+02  0.2850926E+01  Si
  0.2021004E+02  0.1495795E+02  0.5448223E+00  Si
  0.2339583E+02  0.1336839E+02  0.1800517E+02  Si
  0.2575042E+02  0.2668553E+01  0.6498254E+01  Si
  0.3781598E+02  0.8759332E+01  0.1298330E+02  Si
  0.3578133E+02  0.4888307E+00  0.1060173E+02  Si
  0.3220193E+02  0.2059801E+02  0.1773713E+02  Si
  0.4069472E+02  0.5348437E+01  0.1848874E+02  Si
  0.3211330E+02  0.1896942E+02  0.1090764E+02  Si
  0.3321874E+02  0.1390071E+02  0.2106696E+02  Si
  0.4195734E+02  0.1208146E+02  0.3449697E+01  Si
  0.3454473E+02  0.1103256E+02  0.1387565E+02  Si
  0.3293769E+02  0.1522887E+02  0.1365440E+01  Si
  0.4090468E+02  0.8036025E+01  0.4796693E+01  Si
  0.2607016E+02  0.1800519E+02  0.1341022E+02  Si
  0.3398345E+02  0.4807695E+01  0.2067001E+02  Si
  0.4207591E+02  0.6719233E+01  0.3439429E+01  Si
  0.2108955E+02  0.1036818E+01  0.1358102E+02  Si
  0.2520571E+02  0.1447561E+02  0.4407864E+01  Si
  0.2440480E+02  0.1364832E+02  0.1598243E+02  Si
  0.2994641E+02  0.2071310E+01  0.3006133E+01  Si
  0.2383920E+02  0.7405336E+01  0.4706707E+01  Si
  0.2346871E+02  0.1747019E+02  0.1178941E+02  Si
  0.2807508E+02  0.1915256E+02  0.1683321E+02  Si
  0.3296245E+02  0.5147135E+00  0.4992707E+01  Si
  0.2339959E+02  0.1491093E+02  0.1409465E+02  Si
  0.2764723E+02  0.2096980E+02  0.5861292E+01  Si
  0.2728797E+02  0.1616959E+00  0.1182155E+02  Si
  0.2846221E+02  0.1631729E+02  0.2169828E+02  Si
  0.3109706E+02  0.1239404E+02  0.7282477E+01  Si
  0.3648753E+02  0.1243266E+02  0.1355593E+02  Si
  0.3917302E+02  0.1484821E+02  0.1972666E+02  Si
  0.2026802E+02  0.1772596E+02  0.9070701E+01  Si
  0.3979837E+02  0.1961279E+01  0.1754816E+02  Si
  0.3082743E+02  0.1649088E+02  0.7119057E+00  Si
  0.3427818E+02  0.1608670E+02  0.9791116E+01  Si
  0.4126681E+02  0.2806930E+01  0.2088706E+02  Si
  0.2859903E+02  0.4172682E+01  0.4143850E+01  Si
  0.3085560E+02  0.4846221E+01  0.1417185E+02  Si
  0.3533007E+02  0.4885114E+01  0.7661346E+01  Si
  0.2873638E+02  0.1192662E+02  0.2866095E+01  Si
  0.3201018E+02  0.1492060E+00  0.1976665E+02  Si
  0.3056797E+02  0.1927092E+02  0.5064946E+01  Si
  0.2513542E+02  0.2142362E+02  0.2071574E+02  Si
  0.4206402E+02  0.3883904E+01  0.8197939E+00  Si
  0.2293793E+02  0.1509042E+02  0.3615436E+01  Si
  0.2939562E+02  0.4735135E-01  0.7241912E+01  Si
  0.4084386E+02  0.8259359E+01  0.1069121E+02  Si
  0.2550371E+02  0.1043447E+02  0.1783042E+00  Si
  0.2536559E+02  0.9488423E+01  0.2432358E+01  Si
  0.2293197E+02  0.2115016E+01  0.9915708E+00  Si
  0.2877230E+02  0.2133135E+02  0.2107780E+02  Si
  0.2970652E+02  0.1068613E+02  0.1441608E+02  Si
  0.2161834E+02  0.1121508E+02  0.1574932E+02  Si
  0.2432675E+02  0.3769627E+00  0.1519902E+02  Si
  0.2815556E+02  0.5850525E+01  0.7875701E+01  Si
  0.2149682E+02  0.1861034E+02  0.2316211E+01  Si
  0.2288878E+02  0.9741898E+01  0.8586659E+01  Si
  0.2918742E+02  0.6456269E+01  0.2073160E+02  Si
  0.2545795E+02  0.1378260E+02  0.2013825E+02  Si
  0.2505374E+02  0.8706637E+01  0.8988380E+01  Si
  0.4061954E+02  0.1347255E+02  0.1558041E+02  Si
  0.2372344E+02  0.1703704E+02  0.1857366E+02  Si
  0.3480130E+02  0.5804070E+01  0.1855791E+02  Si
  0.3308828E+02  0.1971781E+02  0.1447697E+01  Si
  0.2032935E+02  0.1483946E+02  0.1167545E+02  Si
  0.3103626E+02  0.7909188E+01  0.5135194E+01  Si
  0.3387691E+02  0.8657600E+01  0.2106486E+02  Si
  0.3182129E+02  0.7905808E+01  0.1987275E+02  Si
  0.2128024E+02  0.2849412E+01  0.2558058E+01  Si
  0.2505425E+02  0.1636527E+02  0.1719639E+01  Si
  0.3411890E+02  0.7978250E+01  0.1194440E+02  Si
  0.2979098E+02  0.8127321E+01  0.2387492E+01  Si
  0.3551590E+02  0.2126541E+02  0.3572636E+01  Si
  0.3326842E+02  0.2496874E+01  0.2003756E+02  Si
  0.3813178E+02  0.1039506E+02  0.5188990E+01  Si
  0.3810415E+02  0.1068412E+02  0.1023433E+02  Si
  0.3588554E+02  0.1345108E+02  0.4218336E+01  Si
  0.4210927E+02  0.1752218E+02  0.1986613E+02  Si
  0.3379941E+02  0.9520902E+01  0.1798494E+02  Si
  0.3778143E+02  0.1585478E+02  0.4750375E+01  Si
  0.2781590E+02  0.8750578E+01  0.1806304E+02  Si
  0.3139869E+02  0.1888503E+02  0.9972392E-01  Si
  0.2596961E+02  0.8389924E+01  0.4718390E+01  Si
  0.2690154E+02  0.1772606E+02  0.6045632E+01  Si
  0.3738025E+02  0.1516503E+02  0.1172153E+01  Si
  0.2744617E+02  0.1864275E+02  0.1000295E+01  Si
  0.3603197E+02  0.1126604E+02  0.9226619E+01  Si
  0.3770366E+02  0.1326170E+01  0.1214858E+02  Si
  0.2786222E+02  0.1668102E+02  0.1010308E+02  Si
  0.3989340E+02  0.1945801E+02  0.1423609E+02  Si
  0.2288896E+02  0.1882719E+02  0.2019525E+02  Si
  0.2555848E+02  0.1567677E+02  0.6445639E+01  Si
  0.2702743E+02  0.6058415E+01  0.4499685E+01  Si
  0.2840651E+02  0.5280114E+01  0.1393410E+02  Si
  0.3438066E+02  0.1855132E+02  0.1631569E+02  Si
  0.3964315E+02  0.9746361E+01  0.1461498E+02  Si
  0.3170637E+02  0.1282101E+02  0.1978711E+02  Si
  0.4193783E+02  0.1334956E+01  0.3628063E+01  Si
  0.4151630E+02  0.1879848E+02  0.1594545E+02  Si
  0.3074006E+02  0.5775568E+01  0.1930982E+02  Si
  0.3122798E+02  0.1251679E+02  0.1358273E+02  Si
  0.4238828E+02  0.2039988E+02  0.1183953E+02  Si
  0.3628755E+02  0.2150964E+02  0.1295051E+01  Si
  0.3097617E+02  0.1098965E+02  0.3527784E+01  Si
  0.2770465E+02  0.1234750E+02  0.1749080E+02  Si
  0.4110755E+02  0.1070392E+02  0.1831794E+02  Si
  0.4050398E+02  0.1648728E+02  0.1881283E+01  Si
  0.3928286E+02  0.4061148E+01  0.3608819E+01  Si
  0.4085328E+02  0.1594535E+02  0.1845443E+02  Si
  0.2685173E+02  0.1170332E+02  0.1310973E+02  Si
  0.2329497E+02  0.6739306E+01  0.1707749E+02  Si
  0.3979969E+02  0.1039844E+01  0.1451036E+00  Si
  0.2882631E+02  0.1002630E+02  0.1326720E+01  Si
  0.3321827E+02  0.7253082E+01  0.1785331E+02  Si
  0.2764425E+02  0.1697804E+02  0.3871526E+01  Si
  0.2498367E+02  0.3730154E+01  0.1260918E+02  Si
  0.2497924E+02  0.1924633E+02  0.1155279E+02  Si
  0.1988837E+02  0.2045117E+02  0.6110769E+01  Si
  0.1842809E+02  0.1906850E+02  0.4944620E+01  Si
  0.4076517E+02  0.7964886E+01  0.1558387E+02  Si
  0.2964501E+02  0.1797769E+02  0.1818648E+02  Si
  0.2308460E+02  0.5540497E+01  0.1481769E+02  Si
  0.4194323E+02  0.1476721E+02  0.1030922E+01  Si
  0.3296649E+02  0.3834777E+01  0.3746717E+01  Si
  0.3761773E+02  0.1853071E+02  0.1854239E+02  Si
  0.4336214E+02  0.1354253E+02  0.1870628E+02  Si
  0.2139519E+02  0.1607236E+02  0.2096544E+02  Si
  0.3959535E+02  0.4130679E+01  0.1402425E+02  Si
  0.2888641E+02  0.8830358E+01  0.1585115E+02  Si
  0.3736763E+02  0.2071465E+02  0.1688212E+02  Si
  0.3584088E+02  0.5144205E+01  0.1363588E+02  Si
  0.3398527E+02  0.8731460E+01  0.1450265E+02  Si
  0.3158639E+02  0.1289505E+02  0.1603152E+02  Si
  0.2039142E+02  0.1921306E+01  0.1967008E+02  Si
  0.2248918E+02  0.6986156E+01  0.6742302E+01  Si
  0.3006253E+02  0.1133519E+01  0.1376053E+02  Si
  0.3500845E+02  0.1601743E+02  0.1318999E+01  Si
  0.4050608E+02  0.1082166E+02  0.7056464E+01  Si
  0.2915335E+02  0.1329991E+02  0.1120786E+02  Si
  0.3728075E+02  0.1965950E+02  0.3452296E+01  Si
  0.4203957E+02  0.6743019E+01  0.2000755E+02  Si
  0.4079745E+02  0.1371464E+02  0.9973533E+01  Si
  0.3956065E+02  0.6806295E+01  0.6226812E+01  Si
  0.3638951E+02  0.1626819E+02  0.8387846E+01  Si
  0.4065419E+02  0.8418008E-01  0.7527911E+01  Si
  0.2397051E+02  0.8155226E+00  0.2732895E+01  Si
  0.2188108E+02  0.1355797E+02  0.1297859E+02  Si
  0.1893579E+02  0.1324858E+02  0.5001632E+01  Si
  0.2388913E+02  0.1310110E+02  0.1844938E+01  Si
  0.3715059E+02  0.1751867E+01  0.7023051E+01  Si
  0.1960573E+02  0.1303902E+01  0.3201595E+01  Si
  0.3448382E+02  0.7195662E+01  0.5926016E+01  Si
  0.2026471E+02  0.1208312E+02  0.3527324E+01  Si
  0.2271469E+02  0.2091995E+02  0.2143960E+02  Si
  0.3191861E+02  0.5918047E+01  0.1614624E+02  Si
  0.2089157E+02  0.7920688E+01  0.8253820E+01  Si
  0.2196349E+02  0.8348430E+00  0.1579982E+02  Si
  0.2309972E+02  0.1193315E+02  0.1172558E+02  Si
  0.3093538E+02  0.2762966E+01  0.1534492E+02  Si
  0.2676038E+02  0.9405269E+00  0.1543091E+02  Si
  0.3764071E+02  0.5301209E+01  0.1538429E+02  Si
  0.3804405E+02  0.5058842E+01  0.5394694E+01  Si
  0.3737684E+02  0.1815059E+02  0.9634327E+01  Si
  0.4091242E+02  0.1908345E+02  0.1050941E+02  Si
  0.2731572E+02  0.1441067E+02  0.1871177E+02  Si
  0.3216919E+02  0.1730269E+02  0.1255165E+02  Si
  0.2008468E+02  0.9057810E+01  0.6228569E+01  Si
  0.4087735E+02  0.5324504E+01  0.7841056E+01  Si
  0.3561892E+02  0.1736596E+02  0.1957988E+02  Si
  0.3814322E+02  0.1829546E+02  0.1330777E+02  Si
  0.3099607E+02  0.1747332E+02  0.1538658E+02  Si
  0.3841682E+02  0.7834698E+01  0.7838320E+01  Si
  0.2175297E+02  0.2158924E+02  0.1046986E+02  Si
  0.2014886E+02  0.1481953E+02  0.6397737E+01  Si
  0.3643449E+02  0.2114454E+02  0.7281143E+01  Si
  0.2809051E+02  0.1229651E+02  0.1512917E+02  Si
  0.3230821E+02  0.1825593E+01  0.1126206E+02  Si
  0.2719784E+02  0.1041111E+02  0.3987371E+01  Si
  0.3501606E+02  0.1867911E+02  0.1010861E+02  Si
  0.3575322E+02  0.1094205E+02  0.4075463E+01  Si
  0.3433560E+02  0.4562339E+01  0.1083466E+02  Si
  0.3356449E+02  0.2055492E+02  0.1310068E+02  Si
  0.4197045E+02  0.9334498E+01  0.9717324E+00  Si
  0.3039575E+02  0.3322190E+01  0.2030938E+02  Si
  0.2131610E+02  0.1878851E+02  0.1839525E+02  Si
  0.3201550E+02  0.1260392E+01  0.1754585E+02  Si
  0.2553264E+02  0.1790793E+02  0.3402970E+01  Si
  0.2266781E+02  0.1469776E+02  0.8756086E+01  Si
  0.2141748E+02  0.1625563E+02  0.5049651E+01  Si
  0.2684273E+02  0.2419046E+01  0.2029743E+02  Si
  0.4221825E+02  0.2052000E+02  0.6092944E+00  Si
  0.4209311E+02  0.1756864E+02  0.8887306E+01  Si
  0.2618028E+02  0.4994121E+01  0.6674843E+01  Si
  0.3033173E+02  0.3971287E+01  0.1076323E+02  Si
  0.3907990E+02  0.1242386E+02  0.6187479E+01  Si
  0.3108488E+02  0.7345596E+01  0.5817180E+00  Si
  0.3790520E+02  0.1140489E+02  0.1522275E+02  Si
  0.3559701E+02  0.3163446E+01  0.1954788E+02  Si
  0.3778852E+02  0.3453594E+01  0.2075453E+02  Si
  0.3215190E+02  0.1030518E+02  0.1134608E+02  Si
  0.3595285E+02  0.1507237E+02  0.6108985E+01  Si
  0.4226794E+02  0.4325096E+01  0.1187062E+02  Si
  0.3488992E+02  0.5055065E+01  0.4585766E+01  Si
  0.4215229E+02  0.9435303E+01  0.6074840E+01  Si
  0.3543833E+02  0.1745589E+02  0.6238235E+01  Si
  0.4228607E+02  0.9140340E+01  0.1706693E+02  Si
  0.3245094E+02  0.8917402E+00  0.1354345E+02  Si
  0.2316119E+02  0.1081061E+02  0.1372386E+01  Si
  0.3934589E+02  0.1733880E+02  0.1126017E+02  Si
  0.3237623E+02  0.1966495E+02  0.6536248E+01  Si
  0.3366607E+02  0.1988420E+02  0.4610203E+01  Si
  0.2145273E+02  0.2389955E+01  0.1749819E+02  Si
  0.3637718E+02  0.1516516E+02  0.1543026E+02  Si
  0.2482525E+02  0.1017449E+02  0.1628422E+02  Si
  0.3237409E+02  0.1841271E+02  0.3495621E+01  Si
  0.2647922E+02  0.1590572E+02  0.1199449E+02  Si
  0.3027379E+02  0.1920111E+02  0.1253119E+02  Si
  0.2677054E+02  0.1415815E+02  0.7970505E+01  Si
  0.2179418E+02  0.8316252E+01  0.1834968E+02  Si
  0.3242662E+02  0.1614622E+02  0.4537702E+01  Si
  0.4225503E+02  0.6680719E+01  0.9305096E+01  Si
  0.2658351E+02  0.1492319E+02  0.1636070E+02  Si
  0.3229015E+02  0.4254357E+01  0.1227857E+02  Si
  0.3232615E+02  0.7592460E+01  0.1035810E+02  Si
  0.2268424E+02  0.1127019E+02  0.7016403E+01  Si
  0.3267889E+02  0.1959153E+02  0.1985366E+02  Si
  0.3975104E+02  0.9397970E+01  0.9058584E+01  Si
  0.3955724E+02  0.1498685E+02  0.1408163E+02  Si
  0.3367004E+02  0.3017917E+00  0.2492067E+01  Si
  0.3013373E+02  0.1194078E+02  0.1796579E+02  Si
  0.3758437E+02  0.1621841E+02  0.2053298E+02  Si
  0.4081151E+02  0.5311228E-01  0.1852554E+02  Si
  0.2068983E+02  0.3242045E+01  0.1438450E+02  Si
  0.2888132E+02  0.3954353E+01  0.1745395E+01  Si
  0.2300918E+02  0.7259740E+00  0.1224918E+02  Si
  0.3782404E+02  0.1023665E+02  0.2117977E+02  Si
  0.4044584E+02  0.1375973E+02  0.4677362E+01  Si
  0.3823302E+02  0.8242652E+01  0.1838453E+02  Si
  0.4243631E+02  0.9692118E+01  0.1142212E+02  Si
  0.4111426E+02  0.2812166E+01  0.1556282E+02  Si
  0.3009345E+02  0.4546463E+01  0.8430996E+01  Si
  0.3723772E+02  0.2037541E+02  0.9459971E+01  Si
  0.3646923E+02  0.1367321E+02  0.9554636E+01  Si
  0.2011863E+02  0.9644223E+01  0.1192223E+02  Si
  0.2121556E+02  0.1273343E+02  0.1750585E+02  Si
  0.2603115E+02  0.1784372E+02  0.1906183E+02  Si
  0.3334588E+02  0.2597983E+01  0.1506661E+02  Si
  0.3277546E+02  0.1866084E+02  0.1436532E+02  Si
  0.2149903E+02  0.1363652E+02  0.2105198E+01  Si
  0.2572163E+02  0.1224545E+02  0.5176666E+01  Si
  0.3954857E+02  0.2198598E+01  0.7220236E+01  Si
  0.2489470E+02  0.2076738E+01  0.8621208E+01  Si
  0.2359410E+02  0.2639334E+01  0.1081249E+02  Si
  0.3055627E+02  0.1564472E+02  0.7691526E+01  Si
  0.3943817E+02  0.2064409E+02  0.9627167E+01  Si
  0.2657349E+02  0.5111976E+01  0.1938962E+02  Si
  0.4208017E+02  0.2042649E+02  0.6059730E+01  Si
  0.3244711E+02  0.1200593E+02  0.9364023E+01  Si
  0.2969319E+02  0.1431904E+02  0.2161500E+02  Si
  0.3828537E+02  0.1541521E+02  0.1055088E+02  Si
  0.2790206E+02  0.1345185E+02  0.1320445E+01  Si
  0.3406526E+02  0.1361623E+02  0.1003787E+02  Si
  0.3828517E+02  0.5185060E+01  0.1071438E+02  Si
  0.4090914E+02  0.2134305E+02  0.1303626E+02  Si
  0.3802017E+02  0.1300884E+02  0.1852890E+02  Si
  0.3644297E+02  0.1194240E+02  0.2016918E+02  Si
  0.4081680E+02  0.2158537E+02  0.2056002E+01  Si
  0.2849869E+02  0.2161484E+01  0.1229161E+02  Si
  0.2837104E+02  0.1256630E+02  0.6731426E+01  Si
  0.2312625E+02  0.9279286E+01  0.3334662E+01  Si
  0.3475760E+02  0.1819857E+02  0.7106912E+00  Si
  0.3956094E+02  0.1193902E+02  0.1705837E+02  Si
  0.2318876E+02  0.1498067E+02  0.1978401E+02  Si
  0.2934612E+02  0.1788770E+02  0.2201889E+01  Si
  0.3499753E+02  0.2460082E+01  0.8083060E+01  Si
  0.3302691E+02  0.1731856E+02  0.6479620E+01  Si
  0.3510131E+02  0.7231412E+01  0.8193862E+01  Si
  0.2451233E+02  0.3865932E+01  0.8263962E+00  Si
  0.2442796E+02  0.1658668E+01  0.1948995E+02  Si
  0.3691633E+02  0.3336722E+00  0.1411068E+02  Si
  0.2649223E+02  0.2067896E+02  0.1376765E+02  Si
  0.3598285E+02  0.2166079E+01  0.1732711E+02  Si
  0.4103195E+02  0.2665216E+01  0.1056633E+02  Si
  0.2985874E+02  0.4853394E+01  0.1719466E+02  Si
  0.4258470E+02  0.2052852E+02  0.1707988E+02  Si
  0.4086587E+02  0.5862577E+01  0.1300492E+02  Si
  0.2767706E+02  0.1041556E+02  0.2092374E+02  Si
  0.4210405E+02  0.1205931E+02  0.8483535E+01  Si
  0.3922700E+02  0.6681160E+01  0.1705344E+02  Si
  0.2455978E+02  0.9049588E+01  0.1319511E+02  Si
  0.3429777E+02  0.7747852E+00  0.1642087E+02  Si
  0.2813182E+02  0.1182949E+02  0.9295648E+01  Si
  0.2122020E+02  0.2170290E+02  0.4588149E+01  Si
  0.1919786E+02  0.1368802E+02  0.1019184E+02  Si
  0.4210971E+02  0.1726687E+02  0.3532388E+01  Si
  0.4265395E+02  0.1765960E+02  0.1393535E+02  Si
  0.2811247E+02  0.1753793E+02  0.1486326E+02  Si
  0.3730847E+02  0.5764555E+01  0.2145668E+02  Si
  0.3676430E+02  0.5167700E+01  0.1957303E+01  Si
  0.2424483E+02  0.2060136E+02  0.1327898E+02  Si
  0.2493521E+02  0.2565678E+01  0.1594378E+02  Si
  0.4035539E+02  0.1060887E+02  0.1998057E+01  Si
  0.2891587E+02  0.7512846E+01  0.1279584E+02  Si
  0.4083062E+02  0.1644641E+02  0.1277805E+02  Si
  0.2312578E+02  0.2044717E+02  0.3230001E+01  Si
  0.2431925E+02  0.1775137E+02  0.9372110E+01  Si
  0.3578610E+02  0.6242831E+01  0.1166652E+02  Si
  0.2014257E+02  0.4125813E+01  0.7049532E+00  Si
  0.3443940E+02  0.2521074E+01  0.5080110E+01  Si
  0.3514163E+02  0.8027589E+01  0.1656637E+02  Si
  0.2569352E+02  0.1999877E+02  0.6922085E+01  Si
  0.3286497E+02  0.1481706E+02  0.8322907E+01  Si
  0.1877707E+02  0.5397448E+01  0.7507892E+01  Si
  0.3563954E+02  0.1483317E+02  0.2093201E+02  Si
  0.3421024E+02  0.2565736E+01  0.2027033E+01  Si
  0.3707897E+02  0.9706243E+01  0.1682330E+02  Si
  0.3568790E+02  0.4460752E+01  0.1667510E+02  Si
  0.3255392E+02  0.1001046E+02  0.1759077E+01  Si
  0.2464486E+02  0.8352874E+01  0.2112087E+02  Si
  0.2496520E+02  0.1184735E+02  0.1451294E+02  Si
  0.3648272E+02  0.1068317E+02  0.1228858E+02  Si
  0.2871336E+02  0.1478899E+02  0.9170035E+01  Si
  0.3412048E+02  0.1439805E+02  0.1512341E+02  Si
  0.2291792E+02  0.9822086E+01  0.1988655E+02  Si
  0.3772472E+02  0.1381260E+02  0.7535125E+01  Si
  0.3173407E+02  0.6126727E+01  0.7593714E+01  Si
  0.2643698E+02  0.1723445E+02  0.1668686E+02  Si
  0.2864151E+02  0.1604072E+02  0.1940603E+02  Si
  0.3292455E+02  0.8954932E+01  0.6296155E+01  Si
  0.3920397E+02  0.6612319E+01  0.9436227E+00  Si
  0.2190940E+02  0.6161225E+01  0.9817760E+01  Si
  0.4189752E+02  0.1483608E+02  0.6007152E+01  Si
  0.3684844E+02  0.6319881E+01  0.3834818E+01  Si
  0.3644872E+02  0.1777987E+02  0.1673601E+02  Si
  0.2806820E+02  0.3086352E+00  0.2523654E+01  Si
  0.2648161E+02  0.8199668E+01  0.1596474E+02  Si
  0.2492544E+02  0.1203627E+02  0.7535446E+01  Si
  0.3647885E+02  0.1527707E+01  0.4736727E+01  Si
  0.3466856E+02  0.1621257E+02  0.1667772E+02  Si
  0.3542586E+02  0.1996265E+01  0.2154102E+02  Si
  0.2381018E+02  0.1377239E+02  0.1046609E+02  Si
  0.3373259E+02  0.1436419E+02  0.3394893E+01  Si
  0.2669527E+02  0.1796535E+02  0.8409509E+01  Si
  0.2462701E+02  0.6734147E+01  0.7589884E+01  Si
  0.3651972E+02  0.7003633E+01  0.1953455E+02  Si
  0.2993634E+02  0.1143670E+02  0.2088721E+02  Si
  0.3167737E+02  0.9343509E+01  0.1482314E+02  Si
  0.2028756E+02  0.9500016E+01  0.1680877E+02  Si
  0.4082132E+02  0.1889999E+02  0.4666736E+01  Si
  0.3239035E+02  0.2120223E+02  0.1015166E+02  Si
  0.2711857E+02  0.5590341E+01  0.9914356E+01  Si
  0.2309622E+02  0.6768094E+01  0.7210787E+00  Si
  0.3753650E+02  0.3714494E+01  0.1235079E+02  Si
  0.3950063E+02  0.3883414E+01  0.9157138E+01  Si
  0.3556610E+02  0.2040614E+02  0.1546743E+02  Si
  0.3612243E+02  0.8416368E+01  0.2155593E+02  Si
  0.3935105E+02  0.7157967E+01  0.1174784E+02  Si
  0.3346573E+02  0.1759602E+02  0.1842569E+02  Si
  0.3092135E+02  0.1503965E+02  0.1954479E+02  Si
  0.3392142E+02  0.1218285E+02  0.1592948E+02  Si
  0.2698848E+02  0.5712591E+01  0.1571154E+02  Si
  0.3762232E+02  0.1312492E+02  0.2408838E+01  Si
  0.2146726E+02  0.1628532E+02  0.1013604E+02  Si
  0.4057546E+02  0.5234537E+01  0.2165791E+01  Si
  0.3478856E+02  0.4882854E+01  0.1222559E+01  Si
  0.3433611E+02  0.1189353E+02  0.2149976E+02  Si
  0.3712793E+02  0.6727665E+01  0.9165303E+01  Si
  0.4202846E+02  0.1227191E+01  0.9057899E+01  Si
  0.2034822E+02  0.1226401E+02  0.1429542E+02  Si
  0.2758239E+02  0.9391043E+01  0.9247232E+01  Si
  0.2278323E+02  0.1790077E+02  0.6181243E+01  Si
  0.2648708E+02  0.1081413E+02  0.1889118E+02  Si
  0.3181261E+02  0.1413521E+02  0.6126300E+01  Si
  0.2632309E+02  0.2029146E+02  0.1908873E+02  Si
  0.2142390E+02  0.1932024E+02  0.7505651E+01  Si
  0.2585855E+02  0.9758725E+01  0.6804730E+01  Si
  0.4224458E+02  0.4000829E+01  0.6524490E+01  Si
  0.2435538E+02  0.4423460E+01  0.2013326E+02  Si
  0.3640413E+02  0.1096514E+02  0.6812901E+01  Si
  0.3215715E+02  0.7890691E+01  0.2877682E+01  Si
  0.3949748E+02  0.1501252E+02  0.8480716E+01  Si
  0.2156850E+02  0.1082667E+02  0.1034745E+02  Si
  0.2575517E+02  0.1265258E+02  0.9718160E+01  Si
  0.2925904E+02  0.2430846E+01  0.1733732E+02  Si
  0.2602234E+02  0.7486696E+01  0.1351307E+01  Si
  0.3640839E+02  0.8619790E+01  0.6727682E+01  Si
  0.3502959E+02  0.1962039E+02  0.2035348E+02  Si
  0.3329644E+02  0.5700868E+01  0.9278118E+01  Si
  0.3909656E+02  0.1485402E+02  0.3169254E+01  Si
  0.2694721E+02  0.7175911E+00  0.3601970E+00  Si
  0.4052368E+02  0.2621754E+01  0.5069802E+01  Si
  0.2421448E+02  0.1118139E+02  0.1827414E+02  Si
  0.2840840E+02  0.9938008E+01  0.1245561E+02  Si
  0.2924669E+02  0.1788900E+02  0.6856942E+01  Si
  0.3395109E+02  0.7148504E+01  0.1264224E+01  Si
  0.2490189E+02  0.5222473E+01  0.4361207E+01  Si
  0.3504160E+02  0.2043875E+02  0.1151946E+02  Si
  0.4231705E+02  0.1223240E+01  0.1425473E+02  Si
  0.4065257E+02  0.1632134E+02  0.7358591E+01  Si
  0.2661166E+02  0.1039874E+01  0.9721005E+01  Si
  0.2519311E+02  0.4516045E+01  0.1458800E+02  Si
  0.3952460E+02  0.3416597E+01  0.1910284E+02  Si
  0.2160669E+02  0.1058312E+02  0.4844442E+01  Si
  0.2155435E+02  0.5336048E+01  0.5146842E+01  Si
  0.2845996E+02  0.1988319E+02  0.1094401E+02  Si
  0.2464654E+02  0.5773049E+01  0.9850102E+01  Si
  0.3909879E+02  0.2111006E+02  0.2016557E+02  Si
  0.2418079E+02  0.1913331E+02  0.5065423E+01  Si
  0.3471066E+02  0.1953414E+02  0.7695683E+01  Si
  0.3159520E+02  0.1512395E+02  0.1522371E+02  Si
  0.2380764E+02  0.1643834E+02  0.7486628E+01  Si
  0.2311436E+02  0.6912765E+01  0.1263142E+02  Si
  0.3248217E+02  0.1753347E+02  0.8760651E+01  Si
  0.4221540E+02  0.1205457E+02  0.1464659E+02  Si
  0.3946018E+02  0.9192112E+01  0.3611325E+01  Si
  0.3906388E+02  0.2153986E+02  0.1519531E+02  Si
  0.3653101E+02  0.7388403E+01  0.1442891E+02  Si
  0.4238366E+02  0.6965719E+01  0.1425031E+02  Si
  0.3700462E+02  0.1923780E+02  0.1056303E+01  Si
  0.3803891E+02  0.7946968E+01  0.2425319E+01  Si
  0.3434290E+02  0.2428333E+01  0.1023710E+02  Si
  0.2410611E+02  0.1952402E+02  0.1019294E+01  Si
  0.2225533E+02  0.1241336E+01  0.6467015E+01  Si
  0.2993027E+02  0.2106333E+02  0.9542515E+01  Si
  0.3982048E+02  0.7379286E+00  0.1111571E+02  Si
  0.2417018E+02  0.8030675E+01  0.1522825E+02  Si
  0.3968281E+02  0.9409728E+01  0.1985614E+02  Si
  0.3012171E+02  0.1099598E+02  0.1078354E+02  Si
  0.2774924E+02  0.1845400E+01  0.5287858E+01  Si
  0.3314216E+02  0.1238714E+02  0.1214002E+02  Si
  0.3913612E+02  0.1837264E+02  0.7915334E+00  Si
  0.3174171E+02  0.1033292E+02  0.1687877E+02  Si
  0.3716268E+02  0.1904185E+02  0.5903993E+01  Si
  0.3044987E+02  0.1986722E+02  0.1606871E+02  Si
  0.3233534E+02  0.1064104E+02  0.2110167E+02  Si
  0.3431285E+02  0.2155841E+02  0.8620938E+01  Si
  0.3002191E+02  0.1682382E+02  0.4711667E+01  Si
  0.3574918E+02  0.8598060E+01  0.2269694E+01  Si
  0.3004872E+02  0.1689509E+02  0.1341965E+02  Si
  0.3703106E+02  0.2090709E+02  0.1922059E+02  Si
  0.3123799E+02  0.2437523E+01  0.4795155E+01  Si
  0.2157664E+02  0.2605920E+01  0.8062802E+01  Si
  0.2206161E+02  0.1927632E+02  0.1321788E+02  Si
  0.2301741E+02  0.3815743E+01  0.4107631E+01  Si
  0.3060423E+02  0.1904502E+02  0.8283008E+01  Si
  0.3257916E+02  0.1263596E+02  0.4581678E+01  Si
  0.2173796E+02  0.8574890E+01  0.1361229E+02  Si
  0.3884842E+02  0.1202893E+02  0.6173715E+00  Si
  0.4193522E+02  0.1204493E+02  0.1980226E+02  Si
  0.2721197E+02  0.4316839E+01  0.1211274E+02  Si
  0.3981098E+02  0.1762687E+02  0.1724279E+02  Si
  0.3189289E+02  0.3710845E+01  0.1831294E+02  Si
  0.3133888E+02  0.1652085E+02  0.1760708E+02  Si
  0.3250199E+02  0.5859776E+01  0.5225446E+01  Si
  0.2072434E+02  0.2016466E+02  0.7221572E+00  Si
  0.3724661E+02  0.3144747E+01  0.3045615E+01  Si
  0.3765271E+02  0.1767060E+01  0.9299789E+00  Si
  0.2607317E+02  0.2016402E+02  0.2290162E+01  Si
  0.2973246E+02  0.2898540E+01  0.6675511E+01  Si
  0.2418623E+02  0.1548131E+02  0.1198637E+02  Si
  0.3618523E+02  0.1284710E+02  0.1651594E+02  Si
  0.2833581E+02  0.4003972E+01  0.2098585E+02  Si
  0.3657617E+02  0.1966384E+02  0.1329299E+02  Si
  0.4053125E+02  0.1353731E+02  0.2115815E+02  Si
  0.2949309E+02  0.1929038E+02  0.2036102E+02  Si
  0.2399743E+02  0.2170813E+02  0.7658892E+01  Si
  0.2814575E+02  0.6127956E+01  0.1800792E+02  Si
  0.3921310E+02  0.1770388E+02  0.5870790E+01  Si
  0.2314262E+02  0.4995735E+01  0.1154846E+02  Si
  0.1994870E+02  0.1733059E+02  0.1955611E+02  Si
  0.2610335E+02  0.1631815E+01  0.3562626E+01  Si
  0.3949974E+02  0.1223713E+02  0.1152249E+02  Si
  0.3478933E+02  0.1080855E+02  0.1840015E+01  Si
  0.3790087E+02  0.1430784E+01  0.1651927E+02  Si
  0.2890809E+02  0.8118035E+01  0.7606352E+01  Si
  0.2138039E+02  0.1315095E+02  0.7527947E+01  Si
  0.2975633E+02  0.1802139E+02  0.1017089E+02  Si
  0.2829393E+02  0.1016363E+02  0.6462880E+01  Si
  0.2166348E+02  0.8187222E+01  0.2008361E+01  Si
  0.3561792E+02  0.1094898E+02  0.1821228E+02  Si
  0.4223864E+02  0.4169645E+01  0.1718551E+02  Si
  0.2879809E+02  0.1464156E+02  0.1567286E+02  Si
  0.3044721E+02  0.7325942E+01  0.1474264E+02  Si
  0.3069590E+02  0.6351408E+01  0.1148443E+02  Si
  0.4224775E+02  0.1483896E+02  0.1162158E+02  Si
  0.2078384E+02  0.2105522E+02  0.1753603E+02  Si
  0.3429052E+02  0.1095829E+02  0.5566794E+01  Si
  0.1850060E+02  0.1130166E+02  0.1310963E+02  Si
  0.2455770E+02  0.6770436E+01  0.1939175E+02  Si
  0.2459751E+02  0.1708671E+02  0.1517296E+02  Si
  0.2688632E+02  0.1510301E+02  0.2700689E+01  Si
  0.4065505E+02  0.8002568E+01  0.2134551E+02  Si
  0.4102675E+02  0.1090787E+02  0.1291333E+02  Si
  0.2578041E+02  0.1269514E+02  0.4126165E+00  Si
  0.2968140E+02  0.1139402E+01  0.1954315E+02  Si
  0.4058282E+02  0.1921065E+02  0.2089138E+02  Si
  0.4371438E+02  0.2159125E+02  0.2104684E+02  Si
  0.4641039E+02  0.2532013E+01  0.2106065E+02  Si
  0.4625660E+02  0.2161916E+02  0.2188278E+01  Si
  0.4344862E+02  0.2478645E+01  0.2218890E+01  Si
  0.4496921E+02  0.1290765E+01  0.6894907E+00  Si
  0.4772303E+02  0.3889595E+01  0.9342639E+00  Si
  0.4770350E+02  0.1202998E+01  0.3731761E+01  Si
  0.4485301E+02  0.3855691E+01  0.3498211E+01  Si
  0.4882060E+02  0.2161632E+02  0.2137483E+02  Si
  0.5169953E+02  0.2474522E+01  0.2111442E+02  Si
  0.5149369E+02  0.2152201E+02  0.2314613E+01  Si
  0.4894601E+02  0.2583502E+01  0.2207563E+01  Si
  0.5036545E+02  0.1211543E+01  0.8760615E+00  Si
  0.5276043E+02  0.3977715E+01  0.7352808E+00  Si
  0.5293927E+02  0.1080051E+01  0.3892957E+01  Si
  0.5011773E+02  0.3949929E+01  0.3338061E+01  Si
  0.5456047E+02  0.2139637E+02  0.2143166E+02  Si
  0.5709724E+02  0.2704433E+01  0.2107793E+02  Si
  0.5711078E+02  0.2159087E+02  0.2319930E+01  Si
  0.5403232E+02  0.2648380E+01  0.2268419E+01  Si
  0.5575468E+02  0.1407652E+01  0.9969800E+00  Si
  0.5848156E+02  0.3956732E+01  0.6538200E+00  Si
  0.5853851E+02  0.1359724E+01  0.3361618E+01  Si
  0.5592451E+02  0.3883124E+01  0.3330132E+01  Si
  0.5964939E+02  0.2140541E+02  0.2135694E+02  Si
  0.6238198E+02  0.2751449E+01  0.2104406E+02  Si
  0.6245105E+02  0.2161262E+02  0.2087378E+01  Si
  0.5977873E+02  0.2709314E+01  0.1993051E+01  Si
  0.6126557E+02  0.1126436E+01  0.5951380E+00  Si
  0.6365162E+02  0.4124027E+01  0.6453058E+00  Si
  0.6369279E+02  0.1309641E+01  0.3472875E+01  Si
  0.6101058E+02  0.4072880E+01  0.3280926E+01  Si
  0.4334081E+02  0.5161799E+01  0.2093151E+02  Si
  0.4593605E+02  0.8028553E+01  0.2107837E+02  Si
  0.4631686E+02  0.5032091E+01  0.2252562E+01  Si
  0.4341263E+02  0.7881523E+01  0.2162151E+01  Si
  0.4489038E+02  0.6297252E+01  0.8020214E+00  Si
  0.4734255E+02  0.9287630E+01  0.6688554E+00  Si
  0.4756431E+02  0.6242950E+01  0.3645230E+01  Si
  0.4508358E+02  0.9243632E+01  0.3484226E+01  Si
  0.4891428E+02  0.5132617E+01  0.2116086E+02  Si
  0.5126876E+02  0.7715364E+01  0.2093826E+02  Si
  0.5162433E+02  0.5208482E+01  0.2285057E+01  Si
  0.4834073E+02  0.7865283E+01  0.2085152E+01  Si
  0.4999044E+02  0.6486033E+01  0.1016481E+01  Si
  0.5274907E+02  0.9144301E+01  0.5283451E+00  Si
  0.5317509E+02  0.6477592E+01  0.3456239E+01  Si
  0.4997483E+02  0.9118484E+01  0.3355668E+01  Si
  0.5413315E+02  0.5196214E+01  0.2118360E+02  Si
  0.5696644E+02  0.8039439E+01  0.2124553E+02  Si
  0.5702565E+02  0.5209262E+01  0.2034257E+01  Si
  0.5412305E+02  0.7939401E+01  0.1963846E+01  Si
  0.5553335E+02  0.6503507E+01  0.5861121E+00  Si
  0.5853335E+02  0.9387468E+01  0.5821603E+00  Si
  0.5818074E+02  0.7008998E+01  0.3241299E+01  Si
  0.5554033E+02  0.9437839E+01  0.3281615E+01  Si
  0.5951372E+02  0.5338573E+01  0.2091736E+02  Si
  0.6268537E+02  0.7996630E+01  0.2100641E+02  Si
  0.6244738E+02  0.5447693E+01  0.1861321E+01  Si
  0.6006602E+02  0.8055590E+01  0.1967396E+01  Si
  0.6112171E+02  0.6617392E+01  0.3166271E+00  Si
  0.6390611E+02  0.9382583E+01  0.4886451E+00  Si
  0.6375779E+02  0.6764355E+01  0.3392767E+01  Si
  0.6091760E+02  0.9590215E+01  0.3489849E+01  Si
  0.4320484E+02  0.1064320E+02  0.2107126E+02  Si
  0.4608544E+02  0.1327069E+02  0.2130542E+02  Si
  0.4610259E+02  0.1061766E+02  0.2221779E+01  Si
  0.4344814E+02  0.1334181E+02  0.2129425E+01  Si
  0.4470863E+02  0.1188597E+02  0.7759908E+00  Si
  0.4736805E+02  0.1501170E+02  0.8761842E+00  Si
  0.4724617E+02  0.1216692E+02  0.3632187E+01  Si
  0.4459062E+02  0.1487126E+02  0.3686015E+01  Si
  0.4905950E+02  0.1062208E+02  0.2140691E+02  Si
  0.5156939E+02  0.1370450E+02  0.2113269E+02  Si
  0.5158081E+02  0.1052829E+02  0.2244669E+01  Si
  0.4869703E+02  0.1342966E+02  0.2250363E+01  Si
  0.5026017E+02  0.1214018E+02  0.8024983E+00  Si
  0.5290244E+02  0.1510002E+02  0.7156747E+00  Si
  0.5282989E+02  0.1221895E+02  0.3240196E+01  Si
  0.5020089E+02  0.1480923E+02  0.3413040E+01  Si
  0.5425035E+02  0.1045549E+02  0.2103140E+02  Si
  0.5704548E+02  0.1366901E+02  0.2112160E+02  Si
  0.5716056E+02  0.1075162E+02  0.2109715E+01  Si
  0.5420786E+02  0.1359106E+02  0.1662041E+01  Si
  0.5569551E+02  0.1209923E+02  0.6422783E+00  Si
  0.5878363E+02  0.1491871E+02  0.6290629E+00  Si
  0.5834824E+02  0.1254363E+02  0.3165549E+01  Si
  0.5540232E+02  0.1480498E+02  0.3274973E+01  Si
  0.5980420E+02  0.1069321E+02  0.2113567E+02  Si
  0.6246541E+02  0.1314138E+02  0.2119135E+02  Si
  0.6253003E+02  0.1066141E+02  0.2149507E+01  Si
  0.6007123E+02  0.1345622E+02  0.1979001E+01  Si
  0.6120114E+02  0.1197423E+02  0.6293536E+00  Si
  0.6371307E+02  0.1480398E+02  0.6627773E+00  Si
  0.6380583E+02  0.1207350E+02  0.3418162E+01  Si
  0.6100997E+02  0.1481738E+02  0.3369358E+01  Si
  0.4330447E+02  0.1611022E+02  0.2123058E+02  Si
  0.4626195E+02  0.1861421E+02  0.2116554E+02  Si
  0.4602386E+02  0.1608674E+02  0.2434347E+01  Si
  0.4339133E+02  0.1882283E+02  0.2018979E+01  Si
  0.4480519E+02  0.1736885E+02  0.7504126E+00  Si
  0.4744756E+02  0.2009445E+02  0.8769498E+00  Si
  0.4734182E+02  0.1755555E+02  0.3708631E+01  Si
  0.4455442E+02  0.2051074E+02  0.3448106E+01  Si
  0.4884083E+02  0.1641815E+02  0.2115674E+02  Si
  0.5145565E+02  0.1898391E+02  0.2111444E+02  Si
  0.5156271E+02  0.1624429E+02  0.2067856E+01  Si
  0.4887308E+02  0.1903937E+02  0.2476349E+01  Si
  0.5015601E+02  0.1761315E+02  0.7978559E+00  Si
  0.5281975E+02  0.2021047E+02  0.8431175E+00  Si
  0.5292605E+02  0.1762670E+02  0.3267651E+01  Si
  0.5010094E+02  0.2041087E+02  0.3643627E+01  Si
  0.5428549E+02  0.1618493E+02  0.2082085E+02  Si
  0.5720738E+02  0.1884036E+02  0.2099172E+02  Si
  0.5708650E+02  0.1592318E+02  0.2021731E+01  Si
  0.5444905E+02  0.1899854E+02  0.2005226E+01  Si
  0.5553640E+02  0.1741587E+02  0.5795471E+00  Si
  0.5824879E+02  0.2014227E+02  0.9583577E+00  Si
  0.5816146E+02  0.1738041E+02  0.3544487E+01  Si
  0.5571879E+02  0.2018949E+02  0.3576390E+01  Si
  0.6012365E+02  0.1631132E+02  0.2097696E+02  Si
  0.6258469E+02  0.1906066E+02  0.2107934E+02  Si
  0.6249824E+02  0.1603544E+02  0.2233549E+01  Si
  0.5969039E+02  0.1879376E+02  0.2298323E+01  Si
  0.6106277E+02  0.1746785E+02  0.9148102E+00  Si
  0.6395188E+02  0.2017953E+02  0.8297677E+00  Si
  0.6388117E+02  0.1744630E+02  0.3566060E+01  Si
  0.6097802E+02  0.2028280E+02  0.3419912E+01  Si
  0.4326610E+02  0.3248523E-01  0.4990103E+01  Si
  0.4622707E+02  0.2679542E+01  0.4963587E+01  Si
  0.4630704E+02  0.2160198E+02  0.7771686E+01  Si
  0.4351008E+02  0.2827540E+01  0.7801967E+01  Si
  0.4483429E+02  0.1338018E+01  0.6529395E+01  Si
  0.4741835E+02  0.4092028E+01  0.6341092E+01  Si
  0.4760390E+02  0.1498253E+01  0.8924394E+01  Si
  0.4506083E+02  0.4113500E+01  0.8978597E+01  Si
  0.4873838E+02  0.2152989E+02  0.5192379E+01  Si
  0.5162035E+02  0.2528223E+01  0.4915037E+01  Si
  0.5173277E+02  0.3987274E-01  0.7592983E+01  Si
  0.4886299E+02  0.2662084E+01  0.7633816E+01  Si
  0.5000542E+02  0.1304086E+01  0.6435645E+01  Si
  0.5321737E+02  0.3832699E+01  0.6078517E+01  Si
  0.5303943E+02  0.1517753E+01  0.8945756E+01  Si
  0.5021376E+02  0.4183754E+01  0.8826460E+01  Si
  0.5451266E+02  0.2140868E+02  0.4994183E+01  Si
  0.5703406E+02  0.2674695E+01  0.4743897E+01  Si
  0.5727143E+02  0.2152143E+02  0.7540156E+01  Si
  0.5442895E+02  0.2680171E+01  0.7571101E+01  Si
  0.5580877E+02  0.1303379E+01  0.6282376E+01  Si
  0.5858234E+02  0.4059887E+01  0.5959402E+01  Si
  0.5856904E+02  0.1247507E+01  0.8722956E+01  Si
  0.5576687E+02  0.3894750E+01  0.9008740E+01  Si
  0.6003278E+02  0.6872109E-02  0.4835028E+01  Si
  0.6261805E+02  0.2941359E+01  0.4628730E+01  Si
  0.6253394E+02  0.2085199E+00  0.7276508E+01  Si
  0.5990752E+02  0.2774561E+01  0.7564443E+01  Si
  0.6128073E+02  0.1648063E+01  0.6072797E+01  Si
  0.6383346E+02  0.4219111E+01  0.6149429E+01  Si
  0.6389004E+02  0.1694880E+01  0.8661351E+01  Si
  0.6115692E+02  0.4213785E+01  0.9006594E+01  Si
  0.4345019E+02  0.5224636E+01  0.4833387E+01  Si
  0.4638499E+02  0.7930488E+01  0.4836821E+01  Si
  0.4630413E+02  0.5478419E+01  0.7557563E+01  Si
  0.4343215E+02  0.7856205E+01  0.7496532E+01  Si
  0.4479335E+02  0.6398931E+01  0.6156194E+01  Si
  0.4768179E+02  0.9332557E+01  0.6163516E+01  Si
  0.4741740E+02  0.6595615E+01  0.9122913E+01  Si
  0.4477297E+02  0.9379753E+01  0.8856869E+01  Si
  0.4888137E+02  0.5224442E+01  0.4835755E+01  Si
  0.5137403E+02  0.7920394E+01  0.4928695E+01  Si
  0.5192701E+02  0.5301999E+01  0.7468661E+01  Si
  0.4867481E+02  0.7771536E+01  0.7557328E+01  Si
  0.5020373E+02  0.6381428E+01  0.6257792E+01  Si
  0.5272445E+02  0.9353097E+01  0.6114273E+01  Si
  0.5307457E+02  0.6848698E+01  0.9006404E+01  Si
  0.5011389E+02  0.9154827E+01  0.8796970E+01  Si
  0.5467830E+02  0.5058690E+01  0.4870588E+01  Si
  0.5674383E+02  0.8130930E+01  0.5027412E+01  Si
  0.5702512E+02  0.5278520E+01  0.7503480E+01  Si
  0.5435330E+02  0.8132729E+01  0.7611069E+01  Si
  0.5557717E+02  0.6643258E+01  0.6197909E+01  Si
  0.5808239E+02  0.9614715E+01  0.6244001E+01  Si
  0.5825758E+02  0.6815518E+01  0.8729820E+01  Si
  0.5590591E+02  0.9450171E+01  0.8848829E+01  Si
  0.5972427E+02  0.5589497E+01  0.4549443E+01  Si
  0.6227359E+02  0.8011443E+01  0.4847530E+01  Si
  0.6250836E+02  0.5593864E+01  0.7621256E+01  Si
  0.5952073E+02  0.8407460E+01  0.7541785E+01  Si
  0.6086193E+02  0.6730897E+01  0.6443174E+01  Si
  0.6384312E+02  0.9204457E+01  0.6040859E+01  Si
  0.6405341E+02  0.7219998E+01  0.9090942E+01  Si
  0.6081223E+02  0.9511729E+01  0.8990282E+01  Si
  0.4351646E+02  0.1059936E+02  0.4689159E+01  Si
  0.4606477E+02  0.1352869E+02  0.4975240E+01  Si
  0.4632169E+02  0.1063295E+02  0.7463033E+01  Si
  0.4345681E+02  0.1350799E+02  0.7397034E+01  Si
  0.4469394E+02  0.1221961E+02  0.6023560E+01  Si
  0.4740832E+02  0.1496504E+02  0.6234731E+01  Si
  0.4762408E+02  0.1242909E+02  0.8981966E+01  Si
  0.4489826E+02  0.1494093E+02  0.8986080E+01  Si
  0.4898781E+02  0.1085649E+02  0.4724131E+01  Si
  0.5166789E+02  0.1349299E+02  0.4775804E+01  Si
  0.5148348E+02  0.1058641E+02  0.7559243E+01  Si
  0.4888910E+02  0.1365195E+02  0.7464842E+01  Si
  0.5043682E+02  0.1215015E+02  0.6178669E+01  Si
  0.5263710E+02  0.1496564E+02  0.6238352E+01  Si
  0.5275607E+02  0.1201407E+02  0.8965355E+01  Si
  0.5029686E+02  0.1501834E+02  0.8935636E+01  Si
  0.5411764E+02  0.1088967E+02  0.4689955E+01  Si
  0.5679513E+02  0.1372875E+02  0.4646456E+01  Si
  0.5689558E+02  0.1094369E+02  0.7434323E+01  Si
  0.5407973E+02  0.1361506E+02  0.7497721E+01  Si
  0.5550086E+02  0.1234403E+02  0.5998757E+01  Si
  0.5816553E+02  0.1477251E+02  0.6262269E+01  Si
  0.5843066E+02  0.1206805E+02  0.8671287E+01  Si
  0.5550067E+02  0.1477623E+02  0.9001286E+01  Si
  0.5941484E+02  0.1076191E+02  0.4616072E+01  Si
  0.6217388E+02  0.1331269E+02  0.4821370E+01  Si
  0.6233688E+02  0.1052882E+02  0.7476435E+01  Si
  0.5978270E+02  0.1333807E+02  0.7485926E+01  Si
  0.6102089E+02  0.1188817E+02  0.6063049E+01  Si
  0.6373355E+02  0.1454585E+02  0.5968037E+01  Si
  0.6352438E+02  0.1189977E+02  0.9103751E+01  Si
  0.6112607E+02  0.1456561E+02  0.8799970E+01  Si
  0.4334202E+02  0.1624528E+02  0.5060711E+01  Si
  0.4590405E+02  0.1923486E+02  0.4953507E+01  Si
  0.4617155E+02  0.1637534E+02  0.7543543E+01  Si
  0.4340059E+02  0.1909270E+02  0.7607807E+01  Si
  0.4479980E+02  0.1790668E+02  0.6292907E+01  Si
  0.4733327E+02  0.2034832E+02  0.6470912E+01  Si
  0.4751035E+02  0.1773881E+02  0.8900045E+01  Si
  0.4502789E+02  0.2007380E+02  0.9109921E+01  Si
  0.4897789E+02  0.1628099E+02  0.5014093E+01  Si
  0.5163274E+02  0.1887955E+02  0.4735583E+01  Si
  0.5164624E+02  0.1653499E+02  0.7758893E+01  Si
  0.4897564E+02  0.1901671E+02  0.7399654E+01  Si
  0.5005046E+02  0.1781500E+02  0.6119818E+01  Si
  0.5314307E+02  0.2019162E+02  0.6323776E+01  Si
  0.5300179E+02  0.1802194E+02  0.9078944E+01  Si
  0.5018163E+02  0.2050293E+02  0.8836319E+01  Si
  0.5388130E+02  0.1629915E+02  0.4715434E+01  Si
  0.5695447E+02  0.1865359E+02  0.4979083E+01  Si
  0.5673088E+02  0.1611973E+02  0.7549573E+01  Si
  0.5434767E+02  0.1903413E+02  0.7476385E+01  Si
  0.5525068E+02  0.1739566E+02  0.6198854E+01  Si
  0.5833179E+02  0.2042500E+02  0.5853495E+01  Si
  0.5852123E+02  0.1752264E+02  0.8689406E+01  Si
  0.5568533E+02  0.2031236E+02  0.8711111E+01  Si
  0.5955585E+02  0.1601804E+02  0.4853927E+01  Si
  0.6232797E+02  0.1870039E+02  0.4762542E+01  Si
  0.6249503E+02  0.1602183E+02  0.7446436E+01  Si
  0.5994534E+02  0.1902949E+02  0.7393457E+01  Si
  0.6112507E+02  0.1746450E+02  0.6047025E+01  Si
  0.6374730E+02  0.2012432E+02  0.6078407E+01  Si
  0.6368606E+02  0.1754125E+02  0.8823468E+01  Si
  0.6126743E+02  0.2056777E+02  0.8762322E+01  Si
  0.4356948E+02  0.2166222E+02  0.1035266E+02  Si
  0.4640989E+02  0.2931954E+01  0.1038118E+02  Si
  0.4614154E+02  0.4870037E+00  0.1324181E+02  Si
  0.4342747E+02  0.2789234E+01  0.1313743E+02  Si
  0.4482395E+02  0.1655958E+01  0.1156456E+02  Si
  0.4799475E+02  0.4317060E+01  0.1176686E+02  Si
  0.4789754E+02  0.1425362E+01  0.1447247E+02  Si
  0.4495357E+02  0.4136808E+01  0.1450857E+02  Si
  0.4892381E+02  0.1061763E+00  0.1029803E+02  Si
  0.5173254E+02  0.2870068E+01  0.1038274E+02  Si
  0.5174797E+02  0.7951521E-01  0.1311460E+02  Si
  0.4926410E+02  0.2865096E+01  0.1311679E+02  Si
  0.5039486E+02  0.1463205E+01  0.1159535E+02  Si
  0.5316027E+02  0.4324173E+01  0.1172688E+02  Si
  0.5324618E+02  0.1364808E+01  0.1456289E+02  Si
  0.5050346E+02  0.4058451E+01  0.1466306E+02  Si
  0.5451743E+02  0.1090183E+00  0.1023286E+02  Si
  0.5717091E+02  0.2465997E+01  0.1032250E+02  Si
  0.5714377E+02  0.2162918E+02  0.1276857E+02  Si
  0.5447765E+02  0.2689637E+01  0.1321559E+02  Si
  0.5577868E+02  0.1374031E+01  0.1166239E+02  Si
  0.5846296E+02  0.3735730E+01  0.1172160E+02  Si
  0.5841263E+02  0.1097974E+01  0.1432392E+02  Si
  0.5562289E+02  0.3796594E+01  0.1448892E+02  Si
  0.5998738E+02  0.2167783E+02  0.1018136E+02  Si
  0.6262697E+02  0.2683049E+01  0.1014509E+02  Si
  0.6275394E+02  0.2160687E+02  0.1308737E+02  Si
  0.5974188E+02  0.2532441E+01  0.1302434E+02  Si
  0.6126885E+02  0.1286913E+01  0.1163613E+02  Si
  0.6402954E+02  0.3752877E+01  0.1168015E+02  Si
  0.6407211E+02  0.1180213E+01  0.1456029E+02  Si
  0.6130503E+02  0.3731226E+01  0.1440535E+02  Si
  0.4378830E+02  0.5310824E+01  0.1027566E+02  Si
  0.4639925E+02  0.8261429E+01  0.1023011E+02  Si
  0.4631885E+02  0.5305198E+01  0.1310782E+02  Si
  0.4365264E+02  0.8388325E+01  0.1278889E+02  Si
  0.4507691E+02  0.6816081E+01  0.1163379E+02  Si
  0.4779269E+02  0.9604015E+01  0.1158415E+02  Si
  0.4770978E+02  0.6719347E+01  0.1427286E+02  Si
  0.4495648E+02  0.9568934E+01  0.1424022E+02  Si
  0.4914088E+02  0.5477580E+01  0.1028340E+02  Si
  0.5148846E+02  0.8119010E+01  0.1028588E+02  Si
  0.5164752E+02  0.5490043E+01  0.1316779E+02  Si
  0.4889222E+02  0.8352605E+01  0.1302604E+02  Si
  0.5024153E+02  0.6892887E+01  0.1191972E+02  Si
  0.5306918E+02  0.9292909E+01  0.1143968E+02  Si
  0.5291902E+02  0.7050408E+01  0.1448103E+02  Si
  0.5017968E+02  0.9671299E+01  0.1418109E+02  Si
  0.5444103E+02  0.5405826E+01  0.1023051E+02  Si
  0.5691182E+02  0.7890425E+01  0.1024703E+02  Si
  0.5699140E+02  0.5003169E+01  0.1305145E+02  Si
  0.5421129E+02  0.7851705E+01  0.1272447E+02  Si
  0.5576419E+02  0.6489513E+01  0.1157246E+02  Si
  0.5804400E+02  0.9260326E+01  0.1164336E+02  Si
  0.5829236E+02  0.6692990E+01  0.1454816E+02  Si
  0.5528909E+02  0.9339495E+01  0.1438684E+02  Si
  0.5965931E+02  0.5384500E+01  0.1029403E+02  Si
  0.6211630E+02  0.7852865E+01  0.1030991E+02  Si
  0.6279218E+02  0.5155110E+01  0.1299132E+02  Si
  0.5935643E+02  0.7971202E+01  0.1306078E+02  Si
  0.6101662E+02  0.6578508E+01  0.1189305E+02  Si
  0.6353184E+02  0.9122665E+01  0.1160671E+02  Si
  0.6391072E+02  0.6466185E+01  0.1441738E+02  Si
  0.6110436E+02  0.8901302E+01  0.1433074E+02  Si
  0.4389956E+02  0.1114943E+02  0.9983508E+01  Si
  0.4613552E+02  0.1374064E+02  0.1030767E+02  Si
  0.4645761E+02  0.1071993E+02  0.1311117E+02  Si
  0.4355000E+02  0.1350161E+02  0.1312198E+02  Si
  0.4509763E+02  0.1216741E+02  0.1181856E+02  Si
  0.4752084E+02  0.1501424E+02  0.1171860E+02  Si
  0.4764667E+02  0.1228090E+02  0.1438119E+02  Si
  0.4472715E+02  0.1486267E+02  0.1451801E+02  Si
  0.4910548E+02  0.1112259E+02  0.9987057E+01  Si
  0.5180535E+02  0.1385213E+02  0.1028818E+02  Si
  0.5171007E+02  0.1089470E+02  0.1265100E+02  Si
  0.4884848E+02  0.1357761E+02  0.1285606E+02  Si
  0.5054090E+02  0.1245283E+02  0.1147931E+02  Si
  0.5322761E+02  0.1532427E+02  0.1172066E+02  Si
  0.5287854E+02  0.1233032E+02  0.1418090E+02  Si
  0.5017576E+02  0.1501986E+02  0.1431758E+02  Si
  0.5439138E+02  0.1095048E+02  0.1008708E+02  Si
  0.5702030E+02  0.1338116E+02  0.1018136E+02  Si
  0.5670603E+02  0.1066962E+02  0.1295432E+02  Si
  0.5451364E+02  0.1369405E+02  0.1299241E+02  Si
  0.5556475E+02  0.1218522E+02  0.1151168E+02  Si
  0.5844379E+02  0.1481084E+02  0.1127263E+02  Si
  0.5866987E+02  0.1142415E+02  0.1416847E+02  Si
  0.5604674E+02  0.1479998E+02  0.1427646E+02  Si
  0.5940719E+02  0.1078077E+02  0.1045296E+02  Si
  0.6241284E+02  0.1333526E+02  0.1031622E+02  Si
  0.6225958E+02  0.1046462E+02  0.1303170E+02  Si
  0.5971331E+02  0.1333245E+02  0.1306161E+02  Si
  0.6121950E+02  0.1192422E+02  0.1172720E+02  Si
  0.6343698E+02  0.1504318E+02  0.1141717E+02  Si
  0.6363207E+02  0.1216512E+02  0.1435334E+02  Si
  0.6113083E+02  0.1476171E+02  0.1464233E+02  Si
  0.4349923E+02  0.1623249E+02  0.1032188E+02  Si
  0.4629917E+02  0.1890239E+02  0.1067527E+02  Si
  0.4625412E+02  0.1607702E+02  0.1310196E+02  Si
  0.4409794E+02  0.1933833E+02  0.1263964E+02  Si
  0.4491455E+02  0.1735380E+02  0.1179360E+02  Si
  0.4742469E+02  0.2082199E+02  0.1170715E+02  Si
  0.4753958E+02  0.1771018E+02  0.1428084E+02  Si
  0.4514694E+02  0.2042175E+02  0.1457147E+02  Si
  0.4886592E+02  0.1655789E+02  0.1037287E+02  Si
  0.5153374E+02  0.1901998E+02  0.1034079E+02  Si
  0.5174767E+02  0.1653431E+02  0.1302359E+02  Si
  0.4886047E+02  0.1944741E+02  0.1323206E+02  Si
  0.5026130E+02  0.1790255E+02  0.1178954E+02  Si
  0.5293349E+02  0.2047934E+02  0.1157064E+02  Si
  0.5324202E+02  0.1790488E+02  0.1427981E+02  Si
  0.5033533E+02  0.2031080E+02  0.1453971E+02  Si
  0.5443638E+02  0.1648778E+02  0.1006639E+02  Si
  0.5711386E+02  0.1895013E+02  0.1004103E+02  Si
  0.5716732E+02  0.1628230E+02  0.1274437E+02  Si
  0.5458990E+02  0.1938668E+02  0.1305852E+02  Si
  0.5580595E+02  0.1769840E+02  0.1160823E+02  Si
  0.5857200E+02  0.2018210E+02  0.1135377E+02  Si
  0.5851667E+02  0.1757641E+02  0.1422881E+02  Si
  0.5614748E+02  0.2038069E+02  0.1438093E+02  Si
  0.5990406E+02  0.1617011E+02  0.9912488E+01  Si
  0.6251064E+02  0.1922336E+02  0.1000724E+02  Si
  0.6194814E+02  0.1624948E+02  0.1282449E+02  Si
  0.5984673E+02  0.1891365E+02  0.1275196E+02  Si
  0.6105590E+02  0.1770787E+02  0.1124327E+02  Si
  0.6404981E+02  0.2048636E+02  0.1135453E+02  Si
  0.6356575E+02  0.1763462E+02  0.1408072E+02  Si
  0.6115262E+02  0.2043331E+02  0.1428996E+02  Si
  0.4360029E+02  0.1309232E+00  0.1575981E+02  Si
  0.4647468E+02  0.2742009E+01  0.1585438E+02  Si
  0.4632822E+02  0.2141808E+02  0.1844514E+02  Si
  0.4246969E+02  0.1541681E+01  0.1956227E+02  Si
  0.4526833E+02  0.1093812E+01  0.1705705E+02  Si
  0.4775179E+02  0.4223663E+01  0.1710489E+02  Si
  0.4766660E+02  0.9092078E+00  0.1996103E+02  Si
  0.4481562E+02  0.3921866E+01  0.1967365E+02  Si
  0.4909803E+02  0.2171452E+02  0.1581289E+02  Si
  0.5190769E+02  0.2736995E+01  0.1612305E+02  Si
  0.5203819E+02  0.2145130E+02  0.1874747E+02  Si
  0.4884864E+02  0.2482841E+01  0.1839796E+02  Si
  0.5052887E+02  0.1184543E+01  0.1733827E+02  Si
  0.5338023E+02  0.4104850E+01  0.1763747E+02  Si
  0.5318662E+02  0.1121915E+01  0.2000796E+02  Si
  0.5035801E+02  0.3849103E+01  0.1983300E+02  Si
  0.5462410E+02  0.2149421E+02  0.1560373E+02  Si
  0.5721494E+02  0.2584000E+01  0.1573124E+02  Si
  0.5723456E+02  0.2152247E+02  0.1830213E+02  Si
  0.5439405E+02  0.2316602E+01  0.1857486E+02  Si
  0.5601390E+02  0.1186092E+01  0.1714706E+02  Si
  0.5837621E+02  0.3904846E+01  0.1725656E+02  Si
  0.5839144E+02  0.1022940E+01  0.1985699E+02  Si
  0.5557788E+02  0.3831649E+01  0.2004239E+02  Si
  0.6008041E+02  0.2170376E+02  0.1586806E+02  Si
  0.6263242E+02  0.2423321E+01  0.1576235E+02  Si
  0.6261873E+02  0.2799022E-01  0.1851892E+02  Si
  0.5961672E+02  0.2627397E+01  0.1845509E+02  Si
  0.6132103E+02  0.1283558E+01  0.1722372E+02  Si
  0.6387544E+02  0.3781849E+01  0.1720774E+02  Si
  0.6377771E+02  0.1410041E+01  0.2005952E+02  Si
  0.6115534E+02  0.3991853E+01  0.1966892E+02  Si
  0.4375856E+02  0.5517195E+01  0.1574804E+02  Si
  0.4631031E+02  0.7950336E+01  0.1543881E+02  Si
  0.4624925E+02  0.5267219E+01  0.1866767E+02  Si
  0.4350840E+02  0.7783757E+01  0.1828634E+02  Si
  0.4527163E+02  0.6463736E+01  0.1704346E+02  Si
  0.4732720E+02  0.9463641E+01  0.1710021E+02  Si
  0.4750746E+02  0.6655614E+01  0.1993723E+02  Si
  0.4472398E+02  0.9371700E+01  0.1964992E+02  Si
  0.4914769E+02  0.5627659E+01  0.1569647E+02  Si
  0.5153811E+02  0.8345375E+01  0.1569095E+02  Si
  0.5144802E+02  0.5295116E+01  0.1843891E+02  Si
  0.4859714E+02  0.8165501E+01  0.1831904E+02  Si
  0.5022037E+02  0.7053426E+01  0.1711120E+02  Si
  0.5284480E+02  0.9288908E+01  0.1706851E+02  Si
  0.5288201E+02  0.6386830E+01  0.1973311E+02  Si
  0.5023903E+02  0.9360696E+01  0.1967155E+02  Si
  0.5403491E+02  0.5293950E+01  0.1556642E+02  Si
  0.5667000E+02  0.8092922E+01  0.1556004E+02  Si
  0.5695231E+02  0.5291658E+01  0.1869642E+02  Si
  0.5419746E+02  0.7774494E+01  0.1841693E+02  Si
  0.5546174E+02  0.6397621E+01  0.1693295E+02  Si
  0.5806310E+02  0.9220640E+01  0.1699055E+02  Si
  0.5828568E+02  0.6734874E+01  0.1986459E+02  Si
  0.5544292E+02  0.9295364E+01  0.1967326E+02  Si
  0.5964236E+02  0.5078763E+01  0.1555303E+02  Si
  0.6259682E+02  0.7825189E+01  0.1586546E+02  Si
  0.6252149E+02  0.5407639E+01  0.1816806E+02  Si
  0.5948702E+02  0.7978801E+01  0.1823714E+02  Si
  0.6089759E+02  0.6565669E+01  0.1697457E+02  Si
  0.6404034E+02  0.9254227E+01  0.1716773E+02  Si
  0.6395587E+02  0.6613098E+01  0.1961512E+02  Si
  0.6087360E+02  0.9257283E+01  0.1977670E+02  Si
  0.4347594E+02  0.1054161E+02  0.1590413E+02  Si
  0.4602362E+02  0.1356799E+02  0.1584986E+02  Si
  0.4630959E+02  0.1075595E+02  0.1845454E+02  Si
  0.4203100E+02  0.1451101E+02  0.1705470E+02  Si
  0.4473485E+02  0.1213420E+02  0.1736568E+02  Si
  0.4755927E+02  0.1480314E+02  0.1704486E+02  Si
  0.4760117E+02  0.1195667E+02  0.2002838E+02  Si
  0.4479636E+02  0.1462962E+02  0.2017807E+02  Si
  0.4888365E+02  0.1091192E+02  0.1583567E+02  Si
  0.5147211E+02  0.1360566E+02  0.1554954E+02  Si
  0.5184064E+02  0.1104595E+02  0.1861136E+02  Si
  0.4896790E+02  0.1362298E+02  0.1878327E+02  Si
  0.5032713E+02  0.1235853E+02  0.1727172E+02  Si
  0.5312925E+02  0.1477544E+02  0.1691301E+02  Si
  0.5306192E+02  0.1236261E+02  0.1985245E+02  Si
  0.5031286E+02  0.1518805E+02  0.1981641E+02  Si
  0.5400043E+02  0.1096483E+02  0.1560714E+02  Si
  0.5747929E+02  0.1309376E+02  0.1530203E+02  Si
  0.5693526E+02  0.1078801E+02  0.1833575E+02  Si
  0.5453947E+02  0.1358282E+02  0.1830669E+02  Si
  0.5558484E+02  0.1207497E+02  0.1683927E+02  Si
  0.5836462E+02  0.1461369E+02  0.1715078E+02  Si
  0.5838377E+02  0.1194635E+02  0.1993809E+02  Si
  0.5583599E+02  0.1485221E+02  0.1963558E+02  Si
  0.5991540E+02  0.1016832E+02  0.1601711E+02  Si
  0.6222410E+02  0.1323161E+02  0.1590261E+02  Si
  0.6252484E+02  0.1044341E+02  0.1841526E+02  Si
  0.5968549E+02  0.1330750E+02  0.1856794E+02  Si
  0.6113636E+02  0.1174469E+02  0.1725055E+02  Si
  0.6385616E+02  0.1475326E+02  0.1691696E+02  Si
  0.6380329E+02  0.1190666E+02  0.1949752E+02  Si
  0.6115741E+02  0.1469107E+02  0.1990351E+02  Si
  0.4317736E+02  0.1608889E+02  0.1576836E+02  Si
  0.4627347E+02  0.1843977E+02  0.1593170E+02  Si
  0.4589274E+02  0.1610252E+02  0.1852605E+02  Si
  0.4348951E+02  0.1881643E+02  0.1847563E+02  Si
  0.4466709E+02  0.1754296E+02  0.1717221E+02  Si
  0.4769934E+02  0.2008257E+02  0.1711613E+02  Si
  0.4746948E+02  0.1738800E+02  0.1955831E+02  Si
  0.4503727E+02  0.2014867E+02  0.1985824E+02  Si
  0.4898404E+02  0.1637903E+02  0.1566003E+02  Si
  0.5195189E+02  0.1896236E+02  0.1578281E+02  Si
  0.5188374E+02  0.1614083E+02  0.1834071E+02  Si
  0.4899293E+02  0.1895176E+02  0.1838700E+02  Si
  0.5049276E+02  0.1766953E+02  0.1708465E+02  Si
  0.5343678E+02  0.2014798E+02  0.1724880E+02  Si
  0.5273693E+02  0.1775250E+02  0.1964210E+02  Si
  0.5003813E+02  0.2034127E+02  0.1977850E+02  Si
  0.5439841E+02  0.1620120E+02  0.1547476E+02  Si
  0.5720495E+02  0.1891747E+02  0.1570851E+02  Si
  0.5701336E+02  0.1611600E+02  0.1822304E+02  Si
  0.5452284E+02  0.1872952E+02  0.1861185E+02  Si
  0.5561748E+02  0.1738273E+02  0.1694744E+02  Si
  0.5873980E+02  0.2036746E+02  0.1701267E+02  Si
  0.5862124E+02  0.1742712E+02  0.1968262E+02  Si
  0.5587289E+02  0.2021642E+02  0.1978378E+02  Si
  0.5971685E+02  0.1618586E+02  0.1573649E+02  Si
  0.6251596E+02  0.1901553E+02  0.1581414E+02  Si
  0.6248474E+02  0.1594112E+02  0.1834232E+02  Si
  0.5990785E+02  0.1896009E+02  0.1840266E+02  Si
  0.6134159E+02  0.1734663E+02  0.1708236E+02  Si
  0.6396963E+02  0.2011592E+02  0.1736604E+02  Si
  0.6376825E+02  0.1725817E+02  0.2000426E+02  Si
  0.6103036E+02  0.2025317E+02  0.1972809E+02  Si
