         
  0.6515772E+02  0.0000000E+00  0.2171924E+02
  0.0000000E+00  0.0000000E+00  0.2171924E+02
  0.1180822E+00  0.2106761E+02  0.5831179E+00  Si
  0.2709278E+01  0.2311005E+01  0.1026761E+00  Si
  0.2713908E+01  0.2112843E+02  0.3009733E+01  Si
  0.2243883E+00  0.2180347E+01  0.2776149E+01  Si
  0.1618612E+01  0.7698738E+00  0.1624555E+01  Si
  0.3938044E+01  0.3636146E+01  0.1558158E+01  Si
  0.4179129E+01  0.8236743E+00  0.4251775E+01  Si
  0.1491839E+01  0.3504046E+01  0.4409786E+01  Si
  0.5434572E+01  0.2113622E+02  0.3661412E+00  Si
  0.8216427E+01  0.2615504E+01  0.1733566E+00  Si
  0.8232175E+01  0.2118994E+02  0.2718153E+01  Si
  0.5309876E+01  0.2306923E+01  0.2490161E+01  Si
  0.6955588E+01  0.8857926E+00  0.1438327E+01  Si
  0.9531523E+01  0.3661386E+01  0.1817826E+01  Si
  0.9502826E+01  0.6886188E+00  0.4316274E+01  Si
  0.6582613E+01  0.3525849E+01  0.4103265E+01  Si
  0.1100683E+02  0.2139486E+02  0.6550643E-01  Si
  0.1357214E+02  0.2421814E+01  0.1335905E+00  Si
  0.1357807E+02  0.2125504E+02  0.2830525E+01  Si
  0.1090601E+02  0.2129330E+01  0.3029642E+01  Si
  0.1223745E+02  0.9240040E+00  0.1398592E+01  Si
  0.1499256E+02  0.3650689E+01  0.1826572E+01  Si
  0.1475572E+02  0.1111814E+01  0.4339704E+01  Si
  0.1201490E+02  0.3673266E+01  0.4186001E+01  Si
  0.1639798E+02  0.2146120E+02  0.1383432E+00  Si
  0.1890922E+02  0.2563525E+01  0.6436392E+00  Si
  0.1934854E+02  0.2152695E+02  0.2894238E+01  Si
  0.1640019E+02  0.2452034E+01  0.3211174E+01  Si
  0.1775394E+02  0.1012054E+01  0.1631573E+01  Si
  0.2190033E+02  0.4841225E+01  0.2529335E+00  Si
  0.2095757E+02  0.1629955E+01  0.3133609E+01  Si
  0.1759014E+02  0.3874787E+01  0.4750211E+01  Si
  0.2807121E-01  0.4995996E+01  0.2161773E+02  Si
  0.2727903E+01  0.7679836E+01  0.2688005E+00  Si
  0.2784178E+01  0.5024057E+01  0.2992312E+01  Si
  0.1692796E+00  0.7716393E+01  0.2713549E+01  Si
  0.1331646E+01  0.6260011E+01  0.1422737E+01  Si
  0.4093356E+01  0.9335070E+01  0.1677646E+01  Si
  0.4140873E+01  0.6258181E+01  0.4471529E+01  Si
  0.1372770E+01  0.9050369E+01  0.4106605E+01  Si
  0.5577624E+01  0.4976909E+01  0.3620013E+00  Si
  0.8163730E+01  0.7715321E+01  0.3604469E+00  Si
  0.8145640E+01  0.5033597E+01  0.2990624E+01  Si
  0.5264551E+01  0.7852966E+01  0.3193359E+01  Si
  0.6672260E+01  0.6424916E+01  0.1761774E+01  Si
  0.9526324E+01  0.9103876E+01  0.1806574E+01  Si
  0.9450286E+01  0.6346599E+01  0.4331860E+01  Si
  0.6842573E+01  0.9107131E+01  0.4293992E+01  Si
  0.1112679E+02  0.4865856E+01  0.5494307E+00  Si
  0.1369328E+02  0.7613463E+01  0.1504618E+00  Si
  0.1366617E+02  0.4962693E+01  0.3144694E+01  Si
  0.1092885E+02  0.7709238E+01  0.3119868E+01  Si
  0.1238190E+02  0.6359850E+01  0.2028994E+01  Si
  0.1494856E+02  0.9078020E+01  0.1682090E+01  Si
  0.1487954E+02  0.6349755E+01  0.4580778E+01  Si
  0.1204656E+02  0.9187130E+01  0.4342743E+01  Si
  0.1628302E+02  0.5072990E+01  0.6487728E+00  Si
  0.1915381E+02  0.7872844E+01  0.5319089E+00  Si
  0.1913442E+02  0.5054745E+01  0.3439201E+01  Si
  0.1621144E+02  0.7524585E+01  0.3002900E+01  Si
  0.1795010E+02  0.6373344E+01  0.1906594E+01  Si
  0.2081438E+02  0.8980550E+01  0.1766912E+01  Si
  0.2070913E+02  0.6178331E+01  0.4784596E+01  Si
  0.1773898E+02  0.8965463E+01  0.4368176E+01  Si
  0.5193197E-01  0.1035486E+02  0.3529684E+00  Si
  0.3095231E+01  0.1330002E+02  0.2909561E+00  Si
  0.2830827E+01  0.1075276E+02  0.2870165E+01  Si
  0.1774616E+00  0.1317449E+02  0.2789175E+01  Si
  0.1492335E+01  0.1192013E+02  0.1558643E+01  Si
  0.4115838E+01  0.1490753E+02  0.1795689E+01  Si
  0.4251201E+01  0.1208525E+02  0.4346554E+01  Si
  0.1408822E+01  0.1421948E+02  0.4489217E+01  Si
  0.5424446E+01  0.1045012E+02  0.2538949E+00  Si
  0.8315885E+01  0.1310650E+02  0.1462183E+00  Si
  0.8116055E+01  0.1049534E+02  0.2890729E+01  Si
  0.5392665E+01  0.1359073E+02  0.3035346E+01  Si
  0.6807184E+01  0.1203472E+02  0.1679495E+01  Si
  0.9567841E+01  0.1453632E+02  0.1383924E+01  Si
  0.9328755E+01  0.1165389E+02  0.4518793E+01  Si
  0.7002760E+01  0.1482235E+02  0.4336076E+01  Si
  0.1084458E+02  0.1042079E+02  0.3980283E+00  Si
  0.1341058E+02  0.1330207E+02  0.4144518E+00  Si
  0.1351777E+02  0.1059331E+02  0.3283152E+01  Si
  0.1077569E+02  0.1317320E+02  0.3130616E+01  Si
  0.1213968E+02  0.1171458E+02  0.1783027E+01  Si
  0.1506517E+02  0.1469727E+02  0.1531210E+01  Si
  0.1494161E+02  0.1189064E+02  0.4508475E+01  Si
  0.1243536E+02  0.1457480E+02  0.4275176E+01  Si
  0.1620138E+02  0.1022789E+02  0.8215149E-01  Si
  0.1897707E+02  0.1297527E+02  0.4883553E+00  Si
  0.1925262E+02  0.1031891E+02  0.3182232E+01  Si
  0.1619928E+02  0.1330304E+02  0.2931971E+01  Si
  0.1750523E+02  0.1155483E+02  0.1634589E+01  Si
  0.2003878E+02  0.1443544E+02  0.2103336E+01  Si
  0.2045187E+02  0.1190278E+02  0.4302723E+01  Si
  0.1735010E+02  0.1458981E+02  0.4667132E+01  Si
  0.1455009E+00  0.1581233E+02  0.2162498E+02  Si
  0.2664638E+01  0.1834966E+02  0.1420920E+00  Si
  0.2328421E+01  0.1573383E+02  0.3060415E+01  Si
  0.6503130E+02  0.1817117E+02  0.2928122E+01  Si
  0.1321760E+01  0.1709152E+02  0.1294637E+01  Si
  0.4000665E+01  0.1961909E+02  0.1710780E+01  Si
  0.3628983E+01  0.1716660E+02  0.4116753E+01  Si
  0.1261615E+01  0.1979516E+02  0.4244378E+01  Si
  0.5560370E+01  0.1593633E+02  0.1167790E+00  Si
  0.8153102E+01  0.1844396E+02  0.1919143E+00  Si
  0.8332125E+01  0.1587048E+02  0.2902695E+01  Si
  0.5427735E+01  0.1841248E+02  0.3231877E+01  Si
  0.6762356E+01  0.1731721E+02  0.1612308E+01  Si
  0.9521532E+01  0.1995215E+02  0.1365288E+01  Si
  0.9630174E+01  0.1718530E+02  0.4250530E+01  Si
  0.6890365E+01  0.1998394E+02  0.4469053E+01  Si
  0.1090924E+02  0.1584464E+02  0.7983453E-01  Si
  0.1360204E+02  0.1850779E+02  0.3661723E+00  Si
  0.1389119E+02  0.1589396E+02  0.3032741E+01  Si
  0.1087079E+02  0.1874237E+02  0.2913416E+01  Si
  0.1217334E+02  0.1712146E+02  0.1692238E+01  Si
  0.1501162E+02  0.2004771E+02  0.1317766E+01  Si
  0.1518789E+02  0.1748235E+02  0.4455757E+01  Si
  0.1235625E+02  0.2005573E+02  0.4444678E+01  Si
  0.1633510E+02  0.1621664E+02  0.3989296E+00  Si
  0.1885323E+02  0.1849378E+02  0.2794820E+00  Si
  0.1865139E+02  0.1589329E+02  0.3342214E+01  Si
  0.1618259E+02  0.1927659E+02  0.3270562E+01  Si
  0.1763019E+02  0.1749641E+02  0.2203260E+01  Si
  0.2054446E+02  0.1992399E+02  0.1412722E+01  Si
  0.2045574E+02  0.1708222E+02  0.4639734E+01  Si
  0.1802829E+02  0.1996459E+02  0.4460958E+01  Si
  0.6484033E+02  0.2120834E+02  0.5523696E+01  Si
  0.2851494E+01  0.2163197E+01  0.5758421E+01  Si
  0.2574682E+01  0.2115718E+02  0.8202960E+01  Si
  0.1200771E+00  0.2258744E+01  0.8399215E+01  Si
  0.1322575E+01  0.8047432E+00  0.6705361E+01  Si
  0.3985933E+01  0.3704140E+01  0.7097817E+01  Si
  0.3738501E+01  0.8943981E+00  0.9701580E+01  Si
  0.1251296E+01  0.3693668E+01  0.1003312E+02  Si
  0.5219973E+01  0.2117564E+02  0.5819900E+01  Si
  0.8084928E+01  0.2122579E+01  0.5518907E+01  Si
  0.8238368E+01  0.2095709E+02  0.8419474E+01  Si
  0.5203178E+01  0.2036701E+01  0.8365105E+01  Si
  0.6829034E+01  0.7338395E+00  0.7113099E+01  Si
  0.9305773E+01  0.3609579E+01  0.6937159E+01  Si
  0.9262514E+01  0.1041578E+01  0.9686731E+01  Si
  0.6654048E+01  0.3864890E+01  0.9464679E+01  Si
  0.1063570E+02  0.2115508E+02  0.5746282E+01  Si
  0.1325802E+02  0.2270744E+01  0.5663145E+01  Si
  0.1333286E+02  0.2132059E+02  0.8341888E+01  Si
  0.1065412E+02  0.2409306E+01  0.8380132E+01  Si
  0.1187358E+02  0.9487188E+00  0.7075288E+01  Si
  0.1442507E+02  0.3543605E+01  0.7066448E+01  Si
  0.1466940E+02  0.9178311E+00  0.9968147E+01  Si
  0.1201990E+02  0.3792143E+01  0.9971148E+01  Si
  0.1652119E+02  0.2149052E+02  0.5717716E+01  Si
  0.1865800E+02  0.2715263E+01  0.6457962E+01  Si
  0.1896009E+02  0.1029723E+01  0.9304872E+01  Si
  0.1566223E+02  0.2598701E+01  0.8576638E+01  Si
  0.1728080E+02  0.1194926E+01  0.7659486E+01  Si
  0.2678910E+02  0.3748848E+01  0.2083119E+02  Si
  0.2265706E+02  0.2723116E+00  0.9308336E+01  Si
  0.1729691E+02  0.3976436E+01  0.9493320E+01  Si
  0.6501344E+02  0.4661553E+01  0.5541947E+01  Si
  0.2629055E+01  0.7608008E+01  0.5576542E+01  Si
  0.2686784E+01  0.5050099E+01  0.8454761E+01  Si
  0.6513727E+02  0.7567394E+01  0.8441788E+01  Si
  0.1136750E+01  0.6274417E+01  0.7013465E+01  Si
  0.3971045E+01  0.9183178E+01  0.6995164E+01  Si
  0.3948902E+01  0.6572910E+01  0.9744475E+01  Si
  0.1228373E+01  0.9097957E+01  0.9664262E+01  Si
  0.5564426E+01  0.4863383E+01  0.5910633E+01  Si
  0.8136425E+01  0.7712815E+01  0.5665293E+01  Si
  0.8077867E+01  0.5096509E+01  0.8310790E+01  Si
  0.5285330E+01  0.7846288E+01  0.8407565E+01  Si
  0.6776320E+01  0.6495758E+01  0.7001151E+01  Si
  0.9286766E+01  0.9195354E+01  0.7115441E+01  Si
  0.9262312E+01  0.6431352E+01  0.9944481E+01  Si
  0.6798145E+01  0.9357403E+01  0.9752476E+01  Si
  0.1070517E+02  0.5179065E+01  0.5931690E+01  Si
  0.1344486E+02  0.7865069E+01  0.5724449E+01  Si
  0.1305003E+02  0.5106120E+01  0.8276523E+01  Si
  0.1063962E+02  0.7966381E+01  0.8489830E+01  Si
  0.1192862E+02  0.6740217E+01  0.7003976E+01  Si
  0.1492155E+02  0.9277232E+01  0.7001646E+01  Si
  0.1457508E+02  0.6463157E+01  0.9736274E+01  Si
  0.1193576E+02  0.9094867E+01  0.9902174E+01  Si
  0.1614502E+02  0.4873179E+01  0.6001478E+01  Si
  0.1901862E+02  0.7648945E+01  0.5824563E+01  Si
  0.1896636E+02  0.4494663E+01  0.7691447E+01  Si
  0.1600925E+02  0.7713841E+01  0.8304089E+01  Si
  0.1753732E+02  0.6363698E+01  0.7207495E+01  Si
  0.2107247E+02  0.5753670E+01  0.7159293E+01  Si
  0.2082571E+02  0.7999032E+01  0.9872182E+01  Si
  0.1733341E+02  0.9416932E+01  0.9450900E+01  Si
  0.6514445E+02  0.1042704E+02  0.5346013E+01  Si
  0.2876956E+01  0.1331545E+02  0.5902957E+01  Si
  0.2688498E+01  0.1044609E+02  0.8291950E+01  Si
  0.1368799E+00  0.1296428E+02  0.8273726E+01  Si
  0.1407065E+01  0.1167945E+02  0.6814484E+01  Si
  0.4089537E+01  0.1474589E+02  0.7060011E+01  Si
  0.3985273E+01  0.1174792E+02  0.9604942E+01  Si
  0.1382457E+01  0.1431560E+02  0.9547662E+01  Si
  0.5415804E+01  0.1037245E+02  0.5612642E+01  Si
  0.8220100E+01  0.1338068E+02  0.5593951E+01  Si
  0.8113306E+01  0.1053536E+02  0.8310333E+01  Si
  0.5274863E+01  0.1304940E+02  0.8211944E+01  Si
  0.6728173E+01  0.1185900E+02  0.7029148E+01  Si
  0.9550083E+01  0.1460362E+02  0.7045187E+01  Si
  0.9470558E+01  0.1194954E+02  0.9926970E+01  Si
  0.6596097E+01  0.1441129E+02  0.9731707E+01  Si
  0.1069677E+02  0.1041470E+02  0.5795255E+01  Si
  0.1354659E+02  0.1332953E+02  0.5805952E+01  Si
  0.1337880E+02  0.1058313E+02  0.8572751E+01  Si
  0.1084676E+02  0.1336602E+02  0.8587466E+01  Si
  0.1215635E+02  0.1200283E+02  0.7179858E+01  Si
  0.1494212E+02  0.1453646E+02  0.7248736E+01  Si
  0.1492523E+02  0.1187019E+02  0.1004401E+02  Si
  0.1228386E+02  0.1435430E+02  0.9940207E+01  Si
  0.1640075E+02  0.1033135E+02  0.5598624E+01  Si
  0.1880776E+02  0.1318468E+02  0.5782878E+01  Si
  0.1920367E+02  0.1084208E+02  0.8642283E+01  Si
  0.1619428E+02  0.1307294E+02  0.8528430E+01  Si
  0.1766251E+02  0.1168407E+02  0.7070085E+01  Si
  0.2016961E+02  0.1433315E+02  0.7174815E+01  Si
  0.2095363E+02  0.1264641E+02  0.8649566E+01  Si
  0.1766252E+02  0.1438793E+02  0.9758122E+01  Si
  0.1598872E+00  0.1578182E+02  0.5880250E+01  Si
  0.2556905E+01  0.1871335E+02  0.5627115E+01  Si
  0.2694285E+01  0.1584364E+02  0.8330334E+01  Si
  0.6504476E+02  0.1847140E+02  0.8484927E+01  Si
  0.1184003E+01  0.1727417E+02  0.7139342E+01  Si
  0.4052086E+01  0.1979889E+02  0.7208182E+01  Si
  0.4102106E+01  0.1725686E+02  0.9649231E+01  Si
  0.1113702E+01  0.1983943E+02  0.9648836E+01  Si
  0.5268247E+01  0.1599284E+02  0.5446567E+01  Si
  0.8178580E+01  0.1833792E+02  0.5693754E+01  Si
  0.8177293E+01  0.1562364E+02  0.8273207E+01  Si
  0.5474252E+01  0.1851779E+02  0.8229128E+01  Si
  0.6740701E+01  0.1708386E+02  0.7063569E+01  Si
  0.9448812E+01  0.1969844E+02  0.7029515E+01  Si
  0.9526829E+01  0.1699233E+02  0.9923454E+01  Si
  0.6830864E+01  0.1972470E+02  0.9752770E+01  Si
  0.1087039E+02  0.1588409E+02  0.5679711E+01  Si
  0.1366814E+02  0.1844491E+02  0.5878693E+01  Si
  0.1365245E+02  0.1572585E+02  0.8677860E+01  Si
  0.1074810E+02  0.1853378E+02  0.8623197E+01  Si
  0.1219258E+02  0.1725687E+02  0.7404041E+01  Si
  0.1498108E+02  0.2004495E+02  0.7060176E+01  Si
  0.1504317E+02  0.1731262E+02  0.9893057E+01  Si
  0.1212444E+02  0.1999040E+02  0.9751505E+01  Si
  0.1623801E+02  0.1605065E+02  0.5988693E+01  Si
  0.1969264E+02  0.2002673E+02  0.8035587E+01  Si
  0.1887250E+02  0.1595451E+02  0.8556220E+01  Si
  0.1625580E+02  0.1878319E+02  0.8696285E+01  Si
  0.1767026E+02  0.1729253E+02  0.7481774E+01  Si
  0.2078411E+02  0.5210214E+00  0.8005027E+01  Si
  0.2036225E+02  0.1713203E+02  0.1012309E+02  Si
  0.1785240E+02  0.2035581E+02  0.9506722E+01  Si
  0.6509163E+02  0.2112096E+02  0.1119222E+02  Si
  0.2435431E+01  0.2094038E+01  0.1116888E+02  Si
  0.2392663E+01  0.2099931E+02  0.1390018E+02  Si
  0.1862390E-01  0.2196604E+01  0.1394044E+02  Si
  0.1213078E+01  0.7083777E+00  0.1250255E+02  Si
  0.3918040E+01  0.3440327E+01  0.1232620E+02  Si
  0.3774477E+01  0.8379361E+00  0.1506782E+02  Si
  0.1170298E+01  0.3781823E+01  0.1530877E+02  Si
  0.5214664E+01  0.2131832E+02  0.1098276E+02  Si
  0.7707911E+01  0.2323546E+01  0.1098213E+02  Si
  0.8115258E+01  0.2138283E+02  0.1387009E+02  Si
  0.5118371E+01  0.2257877E+01  0.1380132E+02  Si
  0.6573251E+01  0.9740932E+00  0.1245137E+02  Si
  0.9259057E+01  0.3477755E+01  0.1213088E+02  Si
  0.9415664E+01  0.9670770E+00  0.1523933E+02  Si
  0.6754991E+01  0.3656975E+01  0.1519817E+02  Si
  0.1073306E+02  0.2138101E+02  0.1110402E+02  Si
  0.1338226E+02  0.2432689E+01  0.1124762E+02  Si
  0.1341778E+02  0.2140298E+02  0.1359562E+02  Si
  0.1038901E+02  0.2240720E+01  0.1370095E+02  Si
  0.1185589E+02  0.1017629E+01  0.1249258E+02  Si
  0.1477596E+02  0.3745780E+01  0.1261631E+02  Si
  0.1458506E+02  0.1177822E+01  0.1527887E+02  Si
  0.1189304E+02  0.3570941E+01  0.1504828E+02  Si
  0.1634926E+02  0.2142238E+02  0.1115409E+02  Si
  0.1859677E+02  0.2546492E+01  0.1097831E+02  Si
  0.1874494E+02  0.2138554E+02  0.1393361E+02  Si
  0.1630815E+02  0.2312920E+01  0.1394964E+02  Si
  0.1761216E+02  0.1125924E+01  0.1263530E+02  Si
  0.2019151E+02  0.3342709E+01  0.1274424E+02  Si
  0.2078996E+02  0.1113499E+01  0.1375497E+02  Si
  0.1772434E+02  0.3700638E+01  0.1522274E+02  Si
  0.6503013E+02  0.5059284E+01  0.1128136E+02  Si
  0.2454086E+01  0.7935023E+01  0.1109927E+02  Si
  0.2668869E+01  0.4952376E+01  0.1379581E+02  Si
  0.6496756E+02  0.7711621E+01  0.1398083E+02  Si
  0.1352584E+01  0.6462829E+01  0.1256436E+02  Si
  0.4141358E+01  0.9042651E+01  0.1243263E+02  Si
  0.4029015E+01  0.6411527E+01  0.1497912E+02  Si
  0.1240529E+01  0.9063396E+01  0.1524739E+02  Si
  0.5389129E+01  0.5174625E+01  0.1109411E+02  Si
  0.8014620E+01  0.7938215E+01  0.1133415E+02  Si
  0.8064927E+01  0.4905677E+01  0.1354540E+02  Si
  0.5372473E+01  0.7556877E+01  0.1358197E+02  Si
  0.6872108E+01  0.6292320E+01  0.1242269E+02  Si
  0.9217136E+01  0.9242599E+01  0.1271767E+02  Si
  0.9270787E+01  0.6337825E+01  0.1484833E+02  Si
  0.6652606E+01  0.8882698E+01  0.1495358E+02  Si
  0.1060453E+02  0.5401151E+01  0.1140376E+02  Si
  0.1323348E+02  0.7690578E+01  0.1115744E+02  Si
  0.1343088E+02  0.4832394E+01  0.1389206E+02  Si
  0.1055356E+02  0.7936589E+01  0.1402521E+02  Si
  0.1199787E+02  0.6617820E+01  0.1291218E+02  Si
  0.1494207E+02  0.9016360E+01  0.1236312E+02  Si
  0.1512071E+02  0.6252655E+01  0.1489193E+02  Si
  0.1228446E+02  0.9356821E+01  0.1510640E+02  Si
  0.1606418E+02  0.5458674E+01  0.1136064E+02  Si
  0.1902085E+02  0.8451738E+01  0.1131354E+02  Si
  0.1911416E+02  0.5110780E+01  0.1409335E+02  Si
  0.1639371E+02  0.7863198E+01  0.1371835E+02  Si
  0.1795129E+02  0.6584644E+01  0.1261398E+02  Si
  0.2089163E+02  0.8583310E+01  0.1285121E+02  Si
  0.2053286E+02  0.6711097E+01  0.1478502E+02  Si
  0.1766079E+02  0.9597238E+01  0.1493776E+02  Si
  0.6479098E+02  0.1029652E+02  0.1097302E+02  Si
  0.2741379E+01  0.1306010E+02  0.1113294E+02  Si
  0.2484768E+01  0.1033904E+02  0.1369747E+02  Si
  0.6487130E+02  0.1328883E+02  0.1357359E+02  Si
  0.1210831E+01  0.1168361E+02  0.1243188E+02  Si
  0.3952358E+01  0.1444516E+02  0.1246848E+02  Si
  0.3942176E+01  0.1170451E+02  0.1490763E+02  Si
  0.1164914E+01  0.1447727E+02  0.1511330E+02  Si
  0.5308454E+01  0.1054900E+02  0.1116868E+02  Si
  0.8116886E+01  0.1343515E+02  0.1123953E+02  Si
  0.8042778E+01  0.1061080E+02  0.1387773E+02  Si
  0.5500764E+01  0.1324440E+02  0.1385156E+02  Si
  0.6813347E+01  0.1194863E+02  0.1229448E+02  Si
  0.9597663E+01  0.1466465E+02  0.1267986E+02  Si
  0.9337075E+01  0.1192016E+02  0.1525002E+02  Si
  0.6764710E+01  0.1478450E+02  0.1510089E+02  Si
  0.1051362E+02  0.1037544E+02  0.1112165E+02  Si
  0.1345542E+02  0.1293364E+02  0.1138104E+02  Si
  0.1372264E+02  0.1052401E+02  0.1368038E+02  Si
  0.1061094E+02  0.1325534E+02  0.1404664E+02  Si
  0.1195258E+02  0.1171213E+02  0.1251338E+02  Si
  0.1502544E+02  0.1444454E+02  0.1243522E+02  Si
  0.1520693E+02  0.1197890E+02  0.1490947E+02  Si
  0.1228818E+02  0.1444497E+02  0.1519505E+02  Si
  0.1634339E+02  0.1048337E+02  0.1134086E+02  Si
  0.1961734E+02  0.1230989E+02  0.1244296E+02  Si
  0.1842793E+02  0.1026676E+02  0.1302238E+02  Si
  0.1688763E+02  0.1329386E+02  0.1398109E+02  Si
  0.1741791E+02  0.1278312E+02  0.1164341E+02  Si
  0.2442400E+02  0.1516493E+02  0.1028380E+02  Si
  0.2034005E+02  0.1282517E+02  0.1479688E+02  Si
  0.1798253E+02  0.1472041E+02  0.1545506E+02  Si
  0.6495299E+02  0.1557875E+02  0.1077330E+02  Si
  0.2463568E+01  0.1843846E+02  0.1113099E+02  Si
  0.2464973E+01  0.1588030E+02  0.1381613E+02  Si
  0.6483060E+02  0.1862344E+02  0.1384869E+02  Si
  0.9425064E+00  0.1715974E+02  0.1250309E+02  Si
  0.3856628E+01  0.1976715E+02  0.1250657E+02  Si
  0.3850006E+01  0.1715452E+02  0.1530135E+02  Si
  0.1010386E+01  0.1983556E+02  0.1547191E+02  Si
  0.5335425E+01  0.1582353E+02  0.1083652E+02  Si
  0.8163841E+01  0.1858827E+02  0.1120387E+02  Si
  0.8214442E+01  0.1620905E+02  0.1383761E+02  Si
  0.5326956E+01  0.1851921E+02  0.1406369E+02  Si
  0.6612948E+01  0.1732301E+02  0.1249550E+02  Si
  0.9632661E+01  0.1978860E+02  0.1269794E+02  Si
  0.9472579E+01  0.1742798E+02  0.1548558E+02  Si
  0.6711094E+01  0.1988120E+02  0.1502945E+02  Si
  0.1094333E+02  0.1594980E+02  0.1138506E+02  Si
  0.1357947E+02  0.1880221E+02  0.1120875E+02  Si
  0.1351099E+02  0.1588927E+02  0.1362816E+02  Si
  0.1082178E+02  0.1874512E+02  0.1433633E+02  Si
  0.1202130E+02  0.1744458E+02  0.1274037E+02  Si
  0.1504600E+02  0.2009010E+02  0.1253374E+02  Si
  0.1520150E+02  0.1709656E+02  0.1491642E+02  Si
  0.1251145E+02  0.2005862E+02  0.1523836E+02  Si
  0.1650027E+02  0.1589632E+02  0.1127249E+02  Si
  0.1886618E+02  0.1870303E+02  0.1075124E+02  Si
  0.2110607E+02  0.1644500E+02  0.1245284E+02  Si
  0.1629721E+02  0.1874020E+02  0.1396410E+02  Si
  0.1765615E+02  0.1751337E+02  0.1251532E+02  Si
  0.1975362E+02  0.2073392E+02  0.1165838E+02  Si
  0.2034375E+02  0.1775467E+02  0.1526798E+02  Si
  0.1751059E+02  0.2033859E+02  0.1540307E+02  Si
  0.6486976E+02  0.2127083E+02  0.1690197E+02  Si
  0.2690688E+01  0.2254201E+01  0.1668085E+02  Si
  0.2426153E+01  0.2115947E+02  0.1930241E+02  Si
  0.1741853E-01  0.2103100E+01  0.1931926E+02  Si
  0.1311095E+01  0.7008862E+00  0.1789171E+02  Si
  0.4183231E+01  0.3566201E+01  0.1779951E+02  Si
  0.3938480E+01  0.7417981E+00  0.2068282E+02  Si
  0.1318665E+01  0.3828121E+01  0.2045232E+02  Si
  0.5133794E+01  0.2114677E+02  0.1655018E+02  Si
  0.8076810E+01  0.2461068E+01  0.1685881E+02  Si
  0.8160221E+01  0.2123748E+02  0.1923222E+02  Si
  0.5457206E+01  0.2183032E+01  0.1939211E+02  Si
  0.6794315E+01  0.6915079E+00  0.1784274E+02  Si
  0.9485686E+01  0.3819540E+01  0.1779476E+02  Si
  0.9295785E+01  0.9836004E+00  0.2053425E+02  Si
  0.6849513E+01  0.3783292E+01  0.2066210E+02  Si
  0.1103346E+02  0.2137786E+02  0.1653860E+02  Si
  0.1351254E+02  0.2505135E+01  0.1654445E+02  Si
  0.1364208E+02  0.2150397E+02  0.1936485E+02  Si
  0.1084542E+02  0.2525779E+01  0.1915377E+02  Si
  0.1226476E+02  0.9444471E+00  0.1801538E+02  Si
  0.1486474E+02  0.3774193E+01  0.1796645E+02  Si
  0.1490790E+02  0.1147562E+01  0.2063778E+02  Si
  0.1228348E+02  0.3709793E+01  0.2068420E+02  Si
  0.1607663E+02  0.2164947E+02  0.1677980E+02  Si
  0.1892858E+02  0.2603779E+01  0.1704914E+02  Si
  0.1920233E+02  0.2152627E+02  0.1948681E+02  Si
  0.1630909E+02  0.2563594E+01  0.1945179E+02  Si
  0.1758901E+02  0.1052559E+01  0.1831525E+02  Si
  0.2058982E+02  0.4067232E+01  0.1774487E+02  Si
  0.2046811E+02  0.1237286E+01  0.2088753E+02  Si
  0.1764934E+02  0.3909996E+01  0.2080512E+02  Si
  0.2314315E-01  0.5132378E+01  0.1673787E+02  Si
  0.2657612E+01  0.7760375E+01  0.1656660E+02  Si
  0.2941283E+01  0.5043907E+01  0.1924892E+02  Si
  0.1645799E+00  0.7845894E+01  0.1928719E+02  Si
  0.1456923E+01  0.6377623E+01  0.1797759E+02  Si
  0.4100361E+01  0.8921712E+01  0.1780591E+02  Si
  0.4264766E+01  0.6374567E+01  0.2057954E+02  Si
  0.1373869E+01  0.9040872E+01  0.2074444E+02  Si
  0.5548180E+01  0.5091891E+01  0.1640468E+02  Si
  0.7996251E+01  0.7811788E+01  0.1626185E+02  Si
  0.8247281E+01  0.5083583E+01  0.1938332E+02  Si
  0.5436335E+01  0.7684311E+01  0.1939518E+02  Si
  0.6972365E+01  0.6465280E+01  0.1782090E+02  Si
  0.9415364E+01  0.9126118E+01  0.1773593E+02  Si
  0.9662787E+01  0.6309086E+01  0.2093531E+02  Si
  0.6860031E+01  0.9098347E+01  0.2070196E+02  Si
  0.1070747E+02  0.5261603E+01  0.1638255E+02  Si
  0.1341353E+02  0.7626281E+01  0.1622977E+02  Si
  0.1349966E+02  0.5211996E+01  0.1918956E+02  Si
  0.1074691E+02  0.7807617E+01  0.1931068E+02  Si
  0.1205562E+02  0.6430133E+01  0.1796109E+02  Si
  0.1452906E+02  0.9236990E+01  0.1759575E+02  Si
  0.1523676E+02  0.6259839E+01  0.2068971E+02  Si
  0.1216818E+02  0.9049366E+01  0.2062682E+02  Si
  0.1641381E+02  0.5035740E+01  0.1650112E+02  Si
  0.1894275E+02  0.7898274E+01  0.1613881E+02  Si
  0.1900194E+02  0.5460198E+01  0.1918283E+02  Si
  0.1594385E+02  0.7681314E+01  0.1884325E+02  Si
  0.1763951E+02  0.6601382E+01  0.1764435E+02  Si
  0.2008825E+02  0.8822305E+01  0.1807452E+02  Si
  0.2072272E+02  0.6581916E+01  0.2069352E+02  Si
  0.1766965E+02  0.8715217E+01  0.2044997E+02  Si
  0.7086491E-01  0.1059736E+02  0.1651402E+02  Si
  0.2735584E+01  0.1304579E+02  0.1633905E+02  Si
  0.2769708E+01  0.1021704E+02  0.1931335E+02  Si
  0.6502430E+02  0.1320963E+02  0.1917962E+02  Si
  0.1488314E+01  0.1182560E+02  0.1773860E+02  Si
  0.4325321E+01  0.1450950E+02  0.1761381E+02  Si
  0.4358755E+01  0.1162716E+02  0.2068398E+02  Si
  0.1497246E+01  0.1429438E+02  0.2055094E+02  Si
  0.5303551E+01  0.1038626E+02  0.1635862E+02  Si
  0.8100290E+01  0.1333791E+02  0.1640074E+02  Si
  0.8233607E+01  0.1055417E+02  0.1900741E+02  Si
  0.5572788E+01  0.1324198E+02  0.1915429E+02  Si
  0.6750505E+01  0.1183552E+02  0.1761863E+02  Si
  0.9435973E+01  0.1477857E+02  0.1792531E+02  Si
  0.9873364E+01  0.1182956E+02  0.2052099E+02  Si
  0.6986963E+01  0.1450463E+02  0.2046366E+02  Si
  0.1090467E+02  0.1051356E+02  0.1654804E+02  Si
  0.1366941E+02  0.1324899E+02  0.1643809E+02  Si
  0.1348056E+02  0.1063693E+02  0.1925068E+02  Si
  0.1095461E+02  0.1331782E+02  0.1906980E+02  Si
  0.1209983E+02  0.1188618E+02  0.1780280E+02  Si
  0.1522895E+02  0.1448574E+02  0.1779146E+02  Si
  0.1470571E+02  0.1194196E+02  0.2076355E+02  Si
  0.1244262E+02  0.1470370E+02  0.2057863E+02  Si
  0.1614582E+02  0.1053500E+02  0.1659296E+02  Si
  0.1934680E+02  0.1322172E+02  0.1688629E+02  Si
  0.1906664E+02  0.1036647E+02  0.1954082E+02  Si
  0.1649070E+02  0.1306526E+02  0.1940692E+02  Si
  0.1787073E+02  0.1177589E+02  0.1793326E+02  Si
  0.2047730E+02  0.1418369E+02  0.1868092E+02  Si
  0.2064075E+02  0.1169952E+02  0.2093128E+02  Si
  0.1747477E+02  0.1448021E+02  0.2084332E+02  Si
  0.6493852E+02  0.1570261E+02  0.1643408E+02  Si
  0.2424619E+01  0.1836995E+02  0.1676688E+02  Si
  0.2769032E+01  0.1570526E+02  0.1928195E+02  Si
  0.6481371E+02  0.1853268E+02  0.1936987E+02  Si
  0.1069807E+01  0.1691374E+02  0.1804954E+02  Si
  0.3788979E+01  0.1977079E+02  0.1788901E+02  Si
  0.4149852E+01  0.1705218E+02  0.2049757E+02  Si
  0.1239646E+01  0.1981903E+02  0.2076980E+02  Si
  0.5582915E+01  0.1614522E+02  0.1646131E+02  Si
  0.8201533E+01  0.1900838E+02  0.1670650E+02  Si
  0.8291657E+01  0.1604784E+02  0.1936249E+02  Si
  0.5206364E+01  0.1861116E+02  0.1926744E+02  Si
  0.6847753E+01  0.1738656E+02  0.1789952E+02  Si
  0.9814778E+01  0.1983707E+02  0.1809598E+02  Si
  0.9603776E+01  0.1733202E+02  0.2061431E+02  Si
  0.6726582E+01  0.1986988E+02  0.2056041E+02  Si
  0.1091537E+02  0.1597922E+02  0.1657007E+02  Si
  0.1391132E+02  0.1844797E+02  0.1639509E+02  Si
  0.1395518E+02  0.1592642E+02  0.1908245E+02  Si
  0.1133368E+02  0.1859222E+02  0.1945929E+02  Si
  0.1247312E+02  0.1714745E+02  0.1794260E+02  Si
  0.1488107E+02  0.1990786E+02  0.1787353E+02  Si
  0.1497383E+02  0.1721788E+02  0.2065569E+02  Si
  0.1248860E+02  0.2018392E+02  0.2068627E+02  Si
  0.1655955E+02  0.1613621E+02  0.1663166E+02  Si
  0.1930154E+02  0.1931086E+02  0.1691281E+02  Si
  0.1889437E+02  0.1588032E+02  0.1931645E+02  Si
  0.1617030E+02  0.1873117E+02  0.1931591E+02  Si
  0.1789087E+02  0.1755674E+02  0.1794857E+02  Si
  0.2046857E+02  0.2114693E+02  0.1762254E+02  Si
  0.2038737E+02  0.1731353E+02  0.2059953E+02  Si
  0.1772373E+02  0.1989314E+02  0.2041714E+02  Si
  0.2579500E+02  0.1545497E+02  0.7627808E+01  Si
  0.2555371E+02  0.5379507E+01  0.1656781E+02  Si
  0.3099652E+02  0.2201374E+01  0.7254624E+01  Si
  0.2303400E+02  0.1155867E+01  0.1600843E+02  Si
  0.2500121E+02  0.3871479E+01  0.7337857E+00  Si
  0.2692515E+02  0.1925032E+02  0.5646368E+01  Si
  0.2658176E+02  0.1237204E+02  0.7918264E+01  Si
  0.2214677E+02  0.2056810E+02  0.1100236E+02  Si
  0.3150917E+02  0.4929095E+01  0.1534682E+02  Si
  0.3687328E+02  0.1708359E+02  0.1596671E+02  Si
  0.2918227E+02  0.1690457E+02  0.1816547E+02  Si
  0.4334852E+02  0.2256972E+01  0.1906798E+02  Si
  0.3356138E+02  0.1402610E+02  0.3371828E+01  Si
  0.2834909E+02  0.8571472E+01  0.2675030E+01  Si
  0.3588631E+02  0.2013912E+01  0.8310944E+01  Si
  0.3739313E+02  0.2643867E+01  0.5069409E+01  Si
  0.2317561E+02  0.1353996E+02  0.8767089E+01  Si
  0.3112914E+02  0.1359787E+02  0.1428202E+02  Si
  0.2923786E+02  0.2626432E+01  0.9001259E+01  Si
  0.3110031E+02  0.5899605E+01  0.1097171E+02  Si
  0.3496373E+02  0.3254085E+01  0.2164147E+02  Si
  0.3244927E+02  0.6737910E+01  0.1852296E+02  Si
  0.3801393E+02  0.3715897E+01  0.1347751E+02  Si
  0.2698063E+02  0.1044319E+02  0.1354670E+02  Si
  0.3673375E+02  0.2155779E+02  0.1611112E+02  Si
  0.4213500E+02  0.1224421E+02  0.4993350E+01  Si
  0.3981676E+02  0.9336376E+01  0.1818108E+02  Si
  0.3697274E+02  0.4675839E+01  0.3015138E+01  Si
  0.4006481E+02  0.8402272E+01  0.4591899E+01  Si
  0.2776061E+02  0.1643234E+02  0.1150564E+02  Si
  0.3315096E+02  0.7284366E+01  0.6661486E+00  Si
  0.4168449E+02  0.6571202E+01  0.4088322E+01  Si
  0.2360999E+02  0.1258107E+02  0.5921044E+01  Si
  0.2350196E+02  0.1498825E+02  0.6736597E+01  Si
  0.2441860E+02  0.1797426E+02  0.1332996E+02  Si
  0.3094640E+02  0.1546850E+02  0.7328609E+01  Si
  0.2149542E+02  0.7962798E+01  0.7653947E+01  Si
  0.2517305E+02  0.2020702E+02  0.1223449E+02  Si
  0.2854604E+02  0.1330210E+02  0.1921332E+02  Si
  0.3258592E+02  0.2170070E+02  0.1415934E+02  Si
  0.2393227E+02  0.1201334E+02  0.1202754E+02  Si
  0.2783453E+02  0.1502453E+02  0.6328623E+01  Si
  0.4003541E+02  0.1606009E+02  0.7977613E-01  Si
  0.2908151E+02  0.1556706E+02  0.2028046E+02  Si
  0.2678646E+02  0.1822116E+02  0.1989210E+02  Si
  0.3925621E+02  0.2142698E+02  0.9017732E+01  Si
  0.3825258E+02  0.1329886E+02  0.1939800E+02  Si
  0.2179630E+02  0.1387514E+02  0.3689590E+01  Si
  0.3877290E+02  0.1086673E+01  0.1556009E+02  Si
  0.4120097E+02  0.1349156E+00  0.7761025E+01  Si
  0.3799067E+02  0.1251527E+02  0.8393786E+01  Si
  0.3675115E+02  0.2103447E+02  0.1694253E+01  Si
  0.2452503E+02  0.2248814E+01  0.5247035E+01  Si
  0.2379104E+02  0.1508068E+02  0.1690940E+02  Si
  0.3786615E+02  0.1046974E+02  0.1346075E+01  Si
  0.3894330E+02  0.1762301E+02  0.1290959E+02  Si
  0.3387043E+02  0.1525327E+01  0.5263644E+01  Si
  0.3050497E+02  0.4196962E+01  0.2123229E+02  Si
  0.3510304E+02  0.2048387E+02  0.6259186E+01  Si
  0.4183521E+02  0.3832300E+01  0.1585685E+01  Si
  0.2359294E+02  0.1738529E+02  0.1569065E+02  Si
  0.2367557E+02  0.4155171E+01  0.2045083E+02  Si
  0.4075539E+02  0.7362322E+01  0.1116385E+02  Si
  0.3274978E+02  0.5769085E+01  0.3429136E+01  Si
  0.2158026E+02  0.1813601E+02  0.2688820E+01  Si
  0.2512088E+02  0.7906429E+01  0.1008469E+02  Si
  0.2315253E+02  0.2482028E+01  0.1021290E+02  Si
  0.2202943E+02  0.7582809E+01  0.3386314E+01  Si
  0.2950096E+02  0.1526305E+02  0.1398311E+02  Si
  0.2802984E+02  0.1722687E+02  0.7184625E+01  Si
  0.2838810E+02  0.1600907E+02  0.6838512E+00  Si
  0.3380698E+02  0.6015953E-01  0.1926035E+02  Si
  0.2368686E+02  0.8243783E+01  0.6972145E+01  Si
  0.3687627E+02  0.1428362E+02  0.1394826E+02  Si
  0.2371900E+02  0.1302860E+02  0.1476064E+02  Si
  0.2294125E+02  0.4541675E+01  0.7977316E+01  Si
  0.3353469E+02  0.2154631E+02  0.7832115E+01  Si
  0.3088335E+02  0.1877178E+02  0.1782795E+02  Si
  0.3745691E+02  0.1326757E+02  0.2170187E+02  Si
  0.2640031E+02  0.1858259E+02  0.1102034E+02  Si
  0.2004083E+02  0.9781413E+01  0.6674437E+01  Si
  0.3524846E+02  0.1647083E+02  0.4653903E+01  Si
  0.3244322E+02  0.1422106E+02  0.1062266E+02  Si
  0.3641903E+02  0.1379994E+02  0.9279619E+01  Si
  0.2233540E+02  0.1976603E+02  0.1945877E+02  Si
  0.2401073E+02  0.1636923E+02  0.2091969E+02  Si
  0.3148479E+02  0.1617524E+02  0.5319180E+01  Si
  0.3147375E+02  0.4475348E+01  0.5213423E+01  Si
  0.3268521E+02  0.3420993E+01  0.8690775E+01  Si
  0.3600920E+02  0.8369302E+01  0.1123416E+02  Si
  0.3987738E+02  0.1904738E+02  0.1134614E+02  Si
  0.3915458E+02  0.1343295E+02  0.3238377E+01  Si
  0.3105372E+02  0.1259973E+02  0.9464063E+01  Si
  0.3983816E+02  0.1481639E+02  0.1974198E+02  Si
  0.3241818E+02  0.1957176E+02  0.3653767E+01  Si
  0.2736340E+02  0.3367488E+00  0.1047166E+02  Si
  0.2485166E+02  0.1600845E+01  0.2616454E+00  Si
  0.2539872E+02  0.1792176E+02  0.1714244E+02  Si
  0.2631606E+02  0.1062291E+02  0.1777582E+02  Si
  0.2884910E+02  0.1432453E+02  0.1028557E+02  Si
  0.2211718E+02  0.1037389E+02  0.1841512E+02  Si
  0.2346871E+02  0.9113195E+01  0.4727465E+01  Si
  0.2435136E+02  0.2142557E+02  0.5309094E+01  Si
  0.3472896E+02  0.1571306E+02  0.2401237E+01  Si
  0.2820686E+02  0.1227198E+02  0.1153143E+02  Si
  0.3652138E+02  0.7108784E+00  0.1311819E+02  Si
  0.2379511E+02  0.1098551E+01  0.1954496E+02  Si
  0.2149786E+02  0.1631698E+02  0.1648079E+02  Si
  0.2513705E+02  0.2326640E+01  0.1801999E+02  Si
  0.3972723E+02  0.1135748E+02  0.1930685E+02  Si
  0.3467409E+02  0.1928244E+02  0.1165165E+02  Si
  0.3842883E+02  0.7646972E+01  0.1174065E+02  Si
  0.2212789E+02  0.1457133E+02  0.5360234E+00  Si
  0.4206008E+02  0.8020361E+00  0.4316523E+01  Si
  0.3801095E+02  0.2037652E+02  0.1793743E+02  Si
  0.2948784E+02  0.1313800E+02  0.2976395E+01  Si
  0.4221062E+02  0.6444824E+01  0.1482939E+02  Si
  0.4156425E+02  0.2021229E+02  0.1266760E+02  Si
  0.2996846E+02  0.4589916E+01  0.1890188E+02  Si
  0.2154733E+02  0.1900771E+02  0.9384619E+01  Si
  0.3931933E+02  0.1655770E+02  0.1816628E+02  Si
  0.3999751E+02  0.1010845E+02  0.8073360E-01  Si
  0.3699623E+02  0.1837155E+02  0.4486177E+01  Si
  0.3866285E+02  0.3505558E+01  0.1598135E+02  Si
  0.3642535E+02  0.1855841E+02  0.1782998E+02  Si
  0.3647088E+02  0.1514608E+02  0.8063053E+00  Si
  0.2269546E+02  0.1548382E+02  0.1905970E+02  Si
  0.3896155E+02  0.5906870E+01  0.1610820E+02  Si
  0.3012879E+02  0.1543304E+02  0.3910433E+01  Si
  0.3207531E+02  0.9072045E+01  0.1667807E+02  Si
  0.2580351E+02  0.1157834E+02  0.1784297E+01  Si
  0.3393984E+02  0.1028414E+02  0.8899184E+01  Si
  0.2214704E+02  0.1831293E+02  0.1377937E+02  Si
  0.2355160E+02  0.1856069E+02  0.8322006E+01  Si
  0.1922907E+02  0.1860347E+02  0.5989930E+01  Si
  0.4102632E+02  0.6785523E+01  0.1680747E+02  Si
  0.2716206E+02  0.7338737E+01  0.5485565E+01  Si
  0.2695634E+02  0.1462033E+01  0.1434118E+01  Si
  0.4194903E+02  0.1549520E+02  0.1252627E+01  Si
  0.2672314E+02  0.4288763E+01  0.7847884E+01  Si
  0.3926773E+02  0.1665214E+02  0.1576570E+02  Si
  0.4325624E+02  0.1305396E+02  0.1893984E+02  Si
  0.3202111E+02  0.1206753E+02  0.1590689E+02  Si
  0.3038773E+02  0.1707478E+01  0.1877841E+02  Si
  0.3007007E+02  0.9373000E+01  0.5774110E+01  Si
  0.2582849E+02  0.1487515E+02  0.1558375E+02  Si
  0.3532928E+02  0.1359270E+02  0.1588991E+02  Si
  0.3381057E+02  0.1550186E+02  0.1489135E+02  Si
  0.3029811E+02  0.1736117E+02  0.1511499E+02  Si
  0.2213356E+02  0.1071763E+02  0.9345680E+00  Si
  0.2690741E+02  0.2911932E+01  0.1013851E+02  Si
  0.3637710E+02  0.3733437E+01  0.1531127E+02  Si
  0.3997463E+02  0.2366542E+00  0.1760053E+02  Si
  0.4198047E+02  0.9220245E+01  0.7607162E+01  Si
  0.3603105E+02  0.1151472E+02  0.1000570E+01  Si
  0.4136415E+02  0.2061251E+02  0.1911798E+02  Si
  0.4197668E+02  0.6364955E+01  0.2059441E+02  Si
  0.4107891E+02  0.1240392E+02  0.1747990E+02  Si
  0.4104851E+02  0.4003853E+01  0.8976791E+01  Si
  0.3822576E+02  0.1686967E+02  0.1210432E+01  Si
  0.3770849E+02  0.2142851E+02  0.7401948E+01  Si
  0.3588231E+02  0.1877724E+02  0.2329065E+01  Si
  0.2647418E+02  0.1411513E+02  0.9658102E+01  Si
  0.2133717E+02  0.1510734E+02  0.1444078E+02  Si
  0.2318472E+02  0.9846458E+01  0.2070877E+02  Si
  0.3512125E+02  0.1056749E+02  0.1081556E+02  Si
  0.2074507E+02  0.1580765E+01  0.5724410E+01  Si
  0.2683211E+02  0.9131427E+01  0.2062837E+02  Si
  0.2707215E+02  0.1268551E+01  0.2093501E+02  Si
  0.2191908E+02  0.2099008E+02  0.2158620E+02  Si
  0.2184411E+02  0.2741009E+01  0.1949443E+02  Si
  0.2269951E+02  0.2156680E+02  0.1315239E+02  Si
  0.2938126E+02  0.1744350E+02  0.2419494E+01  Si
  0.3058995E+02  0.9670893E+01  0.2023290E+02  Si
  0.3106454E+02  0.2727064E+00  0.1133042E+02  Si
  0.3127381E+02  0.4659756E+01  0.2020390E+01  Si
  0.3219754E+02  0.1385510E+02  0.2152098E+02  Si
  0.3507398E+02  0.5806912E+01  0.2125621E+02  Si
  0.3887307E+02  0.3543381E+01  0.1996761E+02  Si
  0.3990603E+02  0.1889795E+02  0.8916523E+01  Si
  0.2885310E+02  0.2120819E+02  0.1686581E+02  Si
  0.3447455E+02  0.8851522E+01  0.3273151E+01  Si
  0.2208701E+02  0.1064970E+02  0.5796282E+01  Si
  0.3866346E+02  0.4401666E+01  0.8417525E+01  Si
  0.2812381E+02  0.3717611E+01  0.1470969E+02  Si
  0.2701489E+02  0.4626842E+01  0.4037083E+01  Si
  0.3243322E+02  0.2124118E+02  0.1744092E+01  Si
  0.3488812E+02  0.1414856E+02  0.7405277E+01  Si
  0.2810685E+02  0.1019852E+01  0.1420767E+02  Si
  0.2440362E+02  0.1452448E+02  0.7426707E+00  Si
  0.3892389E+02  0.4459565E+01  0.4298298E+01  Si
  0.3188391E+02  0.1334476E+02  0.6629256E+01  Si
  0.2473799E+02  0.1140625E+02  0.4123551E+01  Si
  0.3293840E+02  0.1004029E+02  0.1817658E+01  Si
  0.3427098E+02  0.1421279E+02  0.2030855E+02  Si
  0.2874019E+02  0.1219364E+02  0.8498761E+01  Si
  0.3222155E+02  0.6481163E+01  0.6483986E+01  Si
  0.2574437E+02  0.1594318E+02  0.1310263E+02  Si
  0.4168363E+02  0.9689449E+01  0.1725317E+01  Si
  0.2164542E+02  0.6925802E+01  0.1819464E+02  Si
  0.2051070E+02  0.1207255E+01  0.1592815E+02  Si
  0.3297833E+02  0.1048240E+02  0.2059579E+02  Si
  0.2480728E+02  0.1735614E+02  0.1439981E+01  Si
  0.3747427E+02  0.1215402E+02  0.1534826E+02  Si
  0.3392716E+02  0.1622156E+01  0.9244768E+01  Si
  0.3061171E+02  0.7728748E+00  0.6612202E+00  Si
  0.4203938E+02  0.1945094E+02  0.1004533E+01  Si
  0.4175093E+02  0.1784719E+02  0.1013880E+02  Si
  0.3024428E+02  0.1195692E+02  0.1290238E+02  Si
  0.2673537E+02  0.1403035E+02  0.1824027E+02  Si
  0.3149324E+02  0.9194187E+00  0.4658227E+01  Si
  0.3336714E+02  0.1250421E+02  0.8301806E+01  Si
  0.3963162E+02  0.1200205E+02  0.1419487E+02  Si
  0.3403583E+02  0.1674585E+02  0.1217713E+02  Si
  0.3269855E+02  0.3640167E+01  0.2051702E+02  Si
  0.2756471E+02  0.1245411E+02  0.2115130E+02  Si
  0.3696980E+02  0.1650070E+02  0.1181053E+02  Si
  0.4238440E+02  0.3667615E+01  0.1240166E+02  Si
  0.2281063E+02  0.2138901E+02  0.1779674E+02  Si
  0.3996710E+02  0.1221387E+02  0.9632279E+01  Si
  0.3276569E+02  0.1961516E+02  0.9255472E+01  Si
  0.4201999E+02  0.8633915E+01  0.1761054E+02  Si
  0.3730649E+02  0.3198649E+01  0.1179269E+01  Si
  0.2685854E+02  0.1791205E+02  0.2351257E+00  Si
  0.2644850E+02  0.3174517E+01  0.5759026E+01  Si
  0.3189143E+02  0.7940452E+01  0.2470735E+01  Si
  0.3646869E+02  0.1435558E+02  0.5401856E+01  Si
  0.2915005E+02  0.9769456E+01  0.8217676E+01  Si
  0.3232800E+02  0.1622223E+02  0.9266946E+01  Si
  0.3649969E+02  0.1038294E+02  0.4161159E+01  Si
  0.4053397E+02  0.5329574E+01  0.1886726E+02  Si
  0.3185849E+02  0.8997893E+01  0.9491986E+01  Si
  0.3966248E+02  0.1233543E+02  0.1116788E+01  Si
  0.2372819E+02  0.1531519E+02  0.2881130E+01  Si
  0.2362175E+02  0.4752101E+01  0.4020949E+01  Si
  0.2882207E+02  0.1314775E+00  0.2306736E+01  Si
  0.4204176E+02  0.6055424E+01  0.9767611E+01  Si
  0.3699629E+02  0.1621993E+01  0.2916882E+01  Si
  0.3476102E+02  0.8942815E+01  0.1973244E+02  Si
  0.2672990E+02  0.1554879E+02  0.4221772E+01  Si
  0.2783827E+02  0.1383269E+02  0.1522983E+01  Si
  0.3498318E+02  0.8443004E+01  0.2409008E+00  Si
  0.3750873E+02  0.4816713E+01  0.6350397E+01  Si
  0.3514302E+02  0.1567607E+02  0.1714568E+02  Si
  0.3180289E+02  0.7337583E+01  0.2058781E+02  Si
  0.2243009E+02  0.3507828E+01  0.5728077E+01  Si
  0.3353648E+02  0.1581517E+02  0.2150137E+00  Si
  0.3454549E+02  0.1584369E+02  0.1012479E+02  Si
  0.2886622E+02  0.2044530E+02  0.1114198E+02  Si
  0.2448187E+02  0.1844082E+02  0.1940558E+02  Si
  0.2411986E+02  0.1536813E+01  0.1211701E+02  Si
  0.3242577E+02  0.1811722E+02  0.2168037E+02  Si
  0.3861188E+02  0.1413083E+02  0.6817975E+01  Si
  0.3398298E+02  0.1176345E+02  0.1453763E+02  Si
  0.4170782E+02  0.9092136E+01  0.1249338E+02  Si
  0.3904239E+02  0.1797304E+02  0.3108037E+01  Si
  0.2421925E+02  0.1178677E+02  0.7995740E+01  Si
  0.2598403E+02  0.6564020E+01  0.8176739E+01  Si
  0.3128942E+02  0.2147078E+02  0.7445345E+01  Si
  0.2477263E+02  0.1006472E+02  0.1583816E+02  Si
  0.2239222E+02  0.1334038E+02  0.2029547E+02  Si
  0.3862799E+02  0.1159755E+02  0.4584155E+01  Si
  0.3658756E+02  0.2634529E+01  0.1960234E+02  Si
  0.2184933E+02  0.4922414E+01  0.1582089E+02  Si
  0.3067591E+02  0.8021824E+01  0.1444932E+02  Si
  0.2835523E+02  0.6152728E+01  0.2145738E+01  Si
  0.4076053E+02  0.1770885E+01  0.6108911E+01  Si
  0.2597437E+02  0.1339546E+02  0.1185074E+02  Si
  0.2744988E+02  0.1013943E+02  0.1119756E+02  Si
  0.3407174E+02  0.1839448E+02  0.5595296E+01  Si
  0.3532305E+02  0.6041802E+01  0.8932417E+01  Si
  0.3623200E+02  0.1061063E+02  0.1658743E+02  Si
  0.4227235E+02  0.1980375E+02  0.6911828E+01  Si
  0.2821215E+02  0.1597203E+01  0.6091976E+01  Si
  0.3343707E+02  0.1349733E+02  0.1736677E+02  Si
  0.3761094E+02  0.6404024E+01  0.9302438E+01  Si
  0.3525396E+02  0.9167277E+00  0.1118904E+02  Si
  0.3409253E+02  0.4702533E+01  0.1263109E+02  Si
  0.3458045E+02  0.1288858E+02  0.1048463E+02  Si
  0.3933049E+02  0.1523346E+01  0.1311224E+02  Si
  0.4043005E+02  0.1882254E+02  0.1645144E+02  Si
  0.3811493E+02  0.5783157E+01  0.1917134E+02  Si
  0.4083684E+02  0.1935051E+01  0.5588901E+00  Si
  0.2990966E+02  0.1536199E+02  0.1639662E+02  Si
  0.3724122E+02  0.6732102E+01  0.1715858E+02  Si
  0.2901320E+02  0.4509856E+01  0.7451524E+01  Si
  0.3896678E+02  0.6993152E+01  0.1396430E+02  Si
  0.3447597E+02  0.7034946E+01  0.1287815E+02  Si
  0.2510090E+02  0.2082442E+02  0.1862393E+02  Si
  0.2536608E+02  0.1100442E+02  0.2118841E+02  Si
  0.2408573E+02  0.2088339E+02  0.8268386E+01  Si
  0.3874863E+02  0.8171999E-02  0.3110373E+01  Si
  0.2420644E+02  0.5680671E+01  0.9873996E+01  Si
  0.2920609E+02  0.1630067E+02  0.8892887E+01  Si
  0.2948000E+02  0.6895940E+01  0.1986258E+02  Si
  0.2160027E+02  0.1278655E+02  0.1113304E+02  Si
  0.2584183E+02  0.1383594E+02  0.2910310E+01  Si
  0.3737180E+02  0.1713647E+02  0.1938489E+02  Si
  0.4130116E+02  0.2470602E+01  0.1054136E+02  Si
  0.2730855E+02  0.1234146E+02  0.1664938E+02  Si
  0.4102705E+02  0.1826145E+02  0.1890974E+02  Si
  0.3770835E+02  0.1098975E+02  0.6706388E+01  Si
  0.3849108E+02  0.6772671E+01  0.5306251E+01  Si
  0.4216752E+02  0.1128647E+02  0.8976458E+01  Si
  0.3353603E+02  0.6133870E+01  0.1069292E+02  Si
  0.2464584E+02  0.6511974E+01  0.1448387E+02  Si
  0.4061332E+02  0.8697260E+01  0.1494838E+02  Si
  0.2770719E+02  0.9437797E+01  0.5045767E+01  Si
  0.2408776E+02  0.2669877E+01  0.2803537E+01  Si
  0.2469429E+02  0.1919225E+02  0.6452518E+01  Si
  0.4252164E+02  0.1670983E+02  0.3216791E+01  Si
  0.4164000E+02  0.1713500E+02  0.1525216E+02  Si
  0.2258703E+02  0.1129169E+01  0.1498467E+01  Si
  0.3455724E+02  0.6893239E+01  0.4523383E+01  Si
  0.2720025E+02  0.1780280E+02  0.3590503E+01  Si
  0.3698338E+02  0.1842549E+02  0.2170365E+02  Si
  0.3200133E+02  0.3901021E+01  0.1184690E+02  Si
  0.4068075E+02  0.1067181E+02  0.3845317E+01  Si
  0.3022939E+02  0.4539506E+01  0.1332325E+02  Si
  0.4046097E+02  0.1571495E+02  0.1362251E+02  Si
  0.2303020E+02  0.6115977E+01  0.1999435E+01  Si
  0.3143228E+02  0.1432126E+02  0.2134805E+01  Si
  0.2417312E+02  0.9680281E+01  0.2342816E+01  Si
  0.3153635E+02  0.1190278E+02  0.2618243E+01  Si
  0.2901797E+02  0.1057387E+02  0.1677860E+02  Si
  0.2597368E+02  0.2061608E+02  0.9585118E+01  Si
  0.2950630E+02  0.9307912E+01  0.1060750E+02  Si
  0.3224378E+02  0.1658276E+02  0.1647462E+02  Si
  0.2143240E+02  0.3936401E+01  0.1077829E+02  Si
  0.2685612E+02  0.6390745E+01  0.1360449E+02  Si
  0.3788107E+02  0.8875654E+01  0.1711356E+02  Si
  0.3554008E+02  0.7246202E+01  0.1547131E+02  Si
  0.3139031E+02  0.1088937E+02  0.1124519E+02  Si
  0.2451172E+02  0.3915569E+01  0.1417679E+02  Si
  0.2986250E+02  0.1027057E+02  0.1454216E+02  Si
  0.2694838E+02  0.2167515E+02  0.4832429E+01  Si
  0.3499836E+02  0.1203297E+02  0.3261353E+01  Si
  0.3218240E+02  0.1869544E+02  0.1157496E+02  Si
  0.3296637E+02  0.8619318E+01  0.1387360E+02  Si
  0.2229572E+02  0.4602723E+01  0.1353711E+02  Si
  0.3568470E+02  0.8721831E+00  0.1813208E+02  Si
  0.3639158E+02  0.2904691E+01  0.1193952E+02  Si
  0.3456628E+02  0.6341069E+01  0.1909707E+02  Si
  0.3325336E+02  0.2330963E+01  0.1441653E+02  Si
  0.2669613E+02  0.1989126E+02  0.1702788E+02  Si
  0.4036835E+02  0.5346865E+01  0.2781908E+01  Si
  0.2967456E+02  0.3625497E+01  0.1635296E+02  Si
  0.4215492E+02  0.1500425E+02  0.6763959E+01  Si
  0.3856332E+02  0.1925959E+02  0.1474142E+02  Si
  0.3995603E+02  0.2481191E+01  0.1791435E+02  Si
  0.3799888E+02  0.1280999E+02  0.1225336E+02  Si
  0.2263232E+02  0.6893235E+01  0.1332914E+02  Si
  0.3419129E+02  0.1194804E+02  0.1915536E+02  Si
  0.3474619E+02  0.1995170E+02  0.4047094E+01  Si
  0.3122020E+02  0.1980279E+02  0.1492810E+02  Si
  0.3403221E+02  0.1963778E+02  0.9341941E+00  Si
  0.3038688E+02  0.1346978E+02  0.1756271E+02  Si
  0.2894841E+02  0.1805234E+02  0.1069833E+02  Si
  0.2145820E+02  0.1527367E+02  0.5395741E+01  Si
  0.2688268E+02  0.7677555E+01  0.1142282E+02  Si
  0.2637391E+02  0.8938958E+01  0.1410806E+01  Si
  0.3301527E+02  0.1943485E+02  0.1666224E+02  Si
  0.3496559E+02  0.2130266E+02  0.2134026E+02  Si
  0.2435189E+02  0.1356240E+02  0.1874821E+02  Si
  0.3091983E+02  0.1920101E+02  0.1607166E+01  Si
  0.3784809E+02  0.1787850E+02  0.8403039E+01  Si
  0.3592616E+02  0.1050300E+01  0.6295586E+01  Si
  0.3088959E+02  0.6814312E+01  0.1664422E+02  Si
  0.3937117E+02  0.1630905E+02  0.7209612E+01  Si
  0.3539813E+02  0.1490851E+01  0.1506177E+02  Si
  0.3154420E+02  0.2173699E+01  0.2596383E+01  Si
  0.2848657E+02  0.4246659E+00  0.8102647E+01  Si
  0.3247850E+02  0.1094191E+00  0.1734798E+02  Si
  0.2259784E+02  0.9069614E+01  0.1635421E+02  Si
  0.3091101E+02  0.2028738E+02  0.5270599E+01  Si
  0.3808351E+02  0.1475578E+02  0.1079486E+02  Si
  0.2806967E+02  0.4696652E+01  0.1241206E+02  Si
  0.3511717E+02  0.1316356E+02  0.1282088E+02  Si
  0.2618125E+02  0.2754201E+01  0.1244246E+02  Si
  0.3551944E+02  0.4291609E+01  0.7319428E+01  Si
  0.3384104E+02  0.1143706E+01  0.5419618E+00  Si
  0.3712007E+02  0.1930641E+02  0.6832909E+01  Si
  0.4088717E+02  0.2265388E+00  0.2178959E+01  Si
  0.4258863E+02  0.7421729E+00  0.9659342E+01  Si
  0.2470821E+02  0.9722744E+01  0.1335023E+02  Si
  0.2815501E+02  0.1732160E+01  0.1647476E+02  Si
  0.3230016E+02  0.1420123E+01  0.2057753E+02  Si
  0.4057181E+02  0.1654598E+02  0.4573536E+01  Si
  0.2883272E+02  0.6787350E+01  0.1023066E+02  Si
  0.3303994E+02  0.1446771E+02  0.1286941E+02  Si
  0.2594884E+02  0.1922017E+02  0.2253691E+01  Si
  0.2381648E+02  0.1854752E+02  0.3582354E+01  Si
  0.4215637E+02  0.3635966E+01  0.6982157E+01  Si
  0.2896805E+02  0.5583550E+01  0.5400063E+01  Si
  0.3460196E+02  0.4231517E+01  0.3412054E+01  Si
  0.2540721E+02  0.4692390E+01  0.1897854E+02  Si
  0.4048645E+02  0.1845870E+02  0.6426403E+01  Si
  0.3516507E+02  0.5181376E+01  0.1697222E+02  Si
  0.3696310E+02  0.9455789E+01  0.2043096E+02  Si
  0.2845807E+02  0.1913054E+02  0.1846751E+02  Si
  0.3654193E+02  0.1120643E+02  0.1905146E+02  Si
  0.3654103E+02  0.1389513E+02  0.2974424E+01  Si
  0.2362409E+02  0.9647834E+01  0.9017946E+01  Si
  0.3593214E+02  0.9197158E+01  0.7765433E+01  Si
  0.3985126E+02  0.9692247E+01  0.6656475E+01  Si
  0.2280511E+02  0.7478369E+01  0.2021907E+02  Si
  0.3329684E+02  0.3665099E+01  0.6230371E+01  Si
  0.2605429E+02  0.1265564E+02  0.1445836E+02  Si
  0.3582135E+02  0.1709146E+02  0.1383360E+02  Si
  0.2498074E+02  0.8804603E+01  0.1925110E+02  Si
  0.2715891E+02  0.1631645E+02  0.1694427E+02  Si
  0.2523370E+02  0.6371977E+01  0.4465108E+01  Si
  0.2935081E+02  0.2256442E+01  0.2087002E+02  Si
  0.4144166E+02  0.4847865E+00  0.1385085E+02  Si
  0.4099475E+02  0.1604154E+02  0.8762646E+01  Si
  0.3349200E+02  0.1043145E+02  0.1241904E+02  Si
  0.2681829E+02  0.1170730E+02  0.5556506E+01  Si
  0.3262903E+02  0.1796496E+02  0.1933190E+02  Si
  0.2882237E+02  0.1043797E+02  0.2151181E+02  Si
  0.2406112E+02  0.6277804E+01  0.2170100E+02  Si
  0.2298406E+02  0.2064110E+02  0.1527668E+02  Si
  0.2518720E+02  0.1978699E+02  0.1477410E+02  Si
  0.3031566E+02  0.2047094E+02  0.9467790E+01  Si
  0.2626316E+02  0.6878884E+01  0.1831104E+02  Si
  0.3970086E+02  0.1983554E+02  0.1555522E+01  Si
  0.3565566E+02  0.1207575E+02  0.5631177E+01  Si
  0.3115761E+02  0.2478476E+01  0.1024365E+02  Si
  0.2201843E+02  0.6313492E+01  0.1109356E+02  Si
  0.2817362E+02  0.8413392E+01  0.1428913E+02  Si
  0.4170895E+02  0.1171771E+02  0.1531024E+02  Si
  0.3712759E+02  0.8244544E+01  0.1651027E+01  Si
  0.2832622E+02  0.1755860E+02  0.1348125E+02  Si
  0.3813683E+02  0.7997000E+01  0.7477708E+01  Si
  0.4085579E+02  0.5726540E+01  0.1303682E+02  Si
  0.3676154E+02  0.5813351E+01  0.1389477E+02  Si
  0.3309044E+02  0.1576379E+02  0.1845608E+02  Si
  0.3354200E+02  0.2107324E+02  0.1202459E+02  Si
  0.2429854E+02  0.5909512E+01  0.6679544E+01  Si
  0.3759641E+02  0.3184720E+00  0.1974476E+02  Si
  0.2764278E+02  0.1992017E+02  0.7904838E+01  Si
  0.3151248E+02  0.5504840E+01  0.8587779E+01  Si
  0.3018804E+02  0.1176268E+02  0.6508910E+01  Si
  0.3860333E+02  0.8155620E+01  0.1947157E+02  Si
  0.2937621E+02  0.1976597E+02  0.3420331E+01  Si
  0.3351051E+02  0.1487256E+02  0.5528296E+01  Si
  0.3596545E+02  0.1779595E+02  0.1010318E+02  Si
  0.3217084E+02  0.2345152E+01  0.1647904E+02  Si
  0.3724953E+02  0.1008476E+02  0.9709998E+01  Si
  0.2946538E+02  0.1962181E+01  0.3909451E+01  Si
  0.3085017E+02  0.1101022E+02  0.1812638E+02  Si
  0.3238661E+02  0.4105348E+01  0.1816203E+02  Si
  0.2993297E+02  0.2108741E+02  0.1329582E+02  Si
  0.3038369E+02  0.7904791E+01  0.7479737E+01  Si
  0.3747131E+02  0.5491144E+01  0.2154598E+02  Si
  0.2371058E+02  0.3439717E+01  0.1645468E+02  Si
  0.2329283E+02  0.2097315E+02  0.3213785E+01  Si
  0.3377997E+02  0.4653467E+01  0.1493595E+02  Si
  0.2452951E+02  0.1655354E+02  0.4872689E+01  Si
  0.2351510E+02  0.1179800E+02  0.1703383E+02  Si
  0.2542925E+02  0.1727678E+02  0.9060405E+01  Si
  0.2570797E+02  0.3877934E+00  0.1365518E+02  Si
  0.3617056E+02  0.1941500E+02  0.1354078E+02  Si
  0.2691859E+02  0.7825383E+00  0.1868046E+02  Si
  0.4054033E+02  0.1409603E+02  0.5163667E+01  Si
  0.4198408E+02  0.1187386E+02  0.2049079E+02  Si
  0.2741606E+02  0.8835562E+01  0.1679679E+02  Si
  0.3888181E+02  0.6650123E+01  0.1256581E+01  Si
  0.3443453E+02  0.1938419E+01  0.2828820E+01  Si
  0.3272223E+02  0.1783483E+02  0.7496575E+01  Si
  0.3876623E+02  0.7041348E+00  0.5489139E+01  Si
  0.2384715E+02  0.1439033E+02  0.1258977E+02  Si
  0.3811300E+02  0.2046855E+02  0.2151103E+02  Si
  0.3418800E+02  0.9329868E+01  0.1575090E+02  Si
  0.3848786E+02  0.1461723E+01  0.2159753E+02  Si
  0.3049581E+02  0.1827616E+02  0.6711906E+01  Si
  0.2140853E+02  0.1013685E+02  0.9837934E+01  Si
  0.4141993E+02  0.2117170E+02  0.1589870E+02  Si
  0.4018128E+02  0.1439322E+02  0.1043792E+02  Si
  0.3660629E+02  0.1499968E+02  0.2004898E+02  Si
  0.4201147E+02  0.1315562E+02  0.9322478E+00  Si
  0.3102695E+02  0.1469546E+02  0.1951593E+02  Si
  0.2819638E+02  0.7032840E+01  0.7964568E+01  Si
  0.2866424E+02  0.1311301E+02  0.5253437E+01  Si
  0.3375118E+02  0.1213481E+02  0.5435925E+00  Si
  0.3029905E+02  0.9892769E+01  0.1787176E+01  Si
  0.2104662E+02  0.1804015E+02  0.1831203E+02  Si
  0.3452605E+02  0.7380726E+01  0.7054589E+01  Si
  0.3911093E+02  0.1072651E+02  0.1120275E+02  Si
  0.2922027E+02  0.4272820E+01  0.3466246E+01  Si
  0.3928438E+02  0.1217499E+01  0.1060919E+02  Si
  0.2558500E+02  0.2161712E+02  0.2894322E+01  Si
  0.1918040E+02  0.1623255E+02  0.1385837E+02  Si
  0.2196718E+02  0.1129221E+02  0.1526160E+02  Si
  0.3449072E+02  0.1942007E+02  0.1887982E+02  Si
  0.2337411E+02  0.6738601E+01  0.1650808E+02  Si
  0.3465527E+02  0.2039068E+02  0.1521696E+02  Si
  0.4198576E+02  0.3770115E+01  0.1773629E+02  Si
  0.2861685E+02  0.6809236E+01  0.1763487E+02  Si
  0.3052701E+02  0.1748167E+02  0.1244846E+02  Si
  0.2470019E+02  0.3455048E+01  0.9036547E+01  Si
  0.4201253E+02  0.1455247E+02  0.1221299E+02  Si
  0.2845543E+02  0.5545890E+01  0.2150759E+02  Si
  0.3663411E+02  0.7107313E+01  0.3772417E+01  Si
  0.2224453E+02  0.1048314E+02  0.1311925E+02  Si
  0.2042349E+02  0.3742232E+01  0.1872845E+01  Si
  0.3833071E+02  0.2066700E+02  0.1279532E+02  Si
  0.3064457E+02  0.2120595E+02  0.1845760E+02  Si
  0.4015969E+02  0.7754786E+01  0.2126943E+02  Si
  0.3923958E+02  0.9817799E+01  0.1323418E+02  Si
  0.2204626E+02  0.1684764E+02  0.5083202E+00  Si
  0.3746562E+02  0.2681424E+01  0.9910893E+01  Si
  0.4149879E+02  0.1784482E+02  0.2131934E+02  Si
  0.4342879E+02  0.2112630E+02  0.1378129E+00  Si
  0.4598946E+02  0.2287612E+01  0.4504001E+00  Si
  0.4625519E+02  0.2147013E+02  0.2887516E+01  Si
  0.4339365E+02  0.2524450E+01  0.2852846E+01  Si
  0.4454011E+02  0.8656143E+00  0.1738872E+01  Si
  0.4754702E+02  0.3699537E+01  0.1728183E+01  Si
  0.4732252E+02  0.1158099E+01  0.4337281E+01  Si
  0.4495156E+02  0.4003679E+01  0.4274391E+01  Si
  0.4873692E+02  0.2133929E+02  0.6085358E+00  Si
  0.5130768E+02  0.2380326E+01  0.5006563E+00  Si
  0.5165544E+02  0.2135204E+02  0.3139633E+01  Si
  0.4900149E+02  0.2693798E+01  0.3123425E+01  Si
  0.5006772E+02  0.9869616E+00  0.1998164E+01  Si
  0.5265670E+02  0.3723005E+01  0.1908117E+01  Si
  0.5287443E+02  0.1048835E+01  0.4664834E+01  Si
  0.5007609E+02  0.4073233E+01  0.4657239E+01  Si
  0.5430921E+02  0.2133191E+02  0.2862324E+00  Si
  0.5689777E+02  0.2081057E+01  0.3867915E+00  Si
  0.5711150E+02  0.2164598E+02  0.3038838E+01  Si
  0.5416715E+02  0.2354702E+01  0.3160164E+01  Si
  0.5554417E+02  0.9078717E+00  0.1749474E+01  Si
  0.5798147E+02  0.3676264E+01  0.1892448E+01  Si
  0.5870042E+02  0.1286722E+01  0.4356263E+01  Si
  0.5556956E+02  0.3800056E+01  0.4577839E+01  Si
  0.5970334E+02  0.2142133E+02  0.2175683E+00  Si
  0.6222863E+02  0.2267158E+01  0.3343669E+00  Si
  0.6262815E+02  0.2113900E+02  0.2979167E+01  Si
  0.5990806E+02  0.2590338E+01  0.2967684E+01  Si
  0.6105757E+02  0.7611102E+00  0.1830570E+01  Si
  0.6403535E+02  0.3584101E+01  0.1421282E+01  Si
  0.6367195E+02  0.9709454E+00  0.4165125E+01  Si
  0.6120597E+02  0.3830252E+01  0.4292194E+01  Si
  0.4325957E+02  0.5122471E+01  0.2374344E+00  Si
  0.4594919E+02  0.7949388E+01  0.4059120E+00  Si
  0.4627262E+02  0.5302975E+01  0.2818467E+01  Si
  0.4283915E+02  0.8117740E+01  0.3007838E+01  Si
  0.4424524E+02  0.6629599E+01  0.1628012E+01  Si
  0.4707394E+02  0.9357568E+01  0.1653010E+01  Si
  0.4757898E+02  0.6706578E+01  0.4253886E+01  Si
  0.4440341E+02  0.9293984E+01  0.4468199E+01  Si
  0.4856714E+02  0.5276469E+01  0.2520903E+00  Si
  0.5159734E+02  0.8013156E+01  0.2881923E+00  Si
  0.5145390E+02  0.5432181E+01  0.3043216E+01  Si
  0.4859609E+02  0.8175274E+01  0.2964051E+01  Si
  0.4994695E+02  0.6535061E+01  0.1660306E+01  Si
  0.5314665E+02  0.9246258E+01  0.1752945E+01  Si
  0.5289863E+02  0.6579770E+01  0.4487338E+01  Si
  0.5007235E+02  0.9355020E+01  0.4402150E+01  Si
  0.5407960E+02  0.4987867E+01  0.5217647E+00  Si
  0.5710296E+02  0.7588663E+01  0.4724034E+00  Si
  0.5696970E+02  0.5088354E+01  0.3163760E+01  Si
  0.5427449E+02  0.7780295E+01  0.3028959E+01  Si
  0.5559058E+02  0.6358584E+01  0.1735347E+01  Si
  0.5811556E+02  0.8989659E+01  0.1873013E+01  Si
  0.5825216E+02  0.6536891E+01  0.4540158E+01  Si
  0.5566348E+02  0.9370272E+01  0.4491883E+01  Si
  0.5958026E+02  0.5011562E+01  0.3896755E+00  Si
  0.6237323E+02  0.7594879E+01  0.2166519E+02  Si
  0.6258565E+02  0.5053687E+01  0.2753238E+01  Si
  0.5988832E+02  0.7612296E+01  0.3033804E+01  Si
  0.6104131E+02  0.6487121E+01  0.1525868E+01  Si
  0.6363735E+02  0.9216925E+01  0.1532721E+01  Si
  0.6389167E+02  0.6386044E+01  0.4146911E+01  Si
  0.6127944E+02  0.8952894E+01  0.4342334E+01  Si
  0.4341159E+02  0.1056809E+02  0.2623266E+00  Si
  0.4599693E+02  0.1313264E+02  0.1768919E+00  Si
  0.4589451E+02  0.1062940E+02  0.3402447E+01  Si
  0.4325452E+02  0.1321647E+02  0.3179649E+01  Si
  0.4465378E+02  0.1188699E+02  0.1766645E+01  Si
  0.4739568E+02  0.1449211E+02  0.1491591E+01  Si
  0.4786060E+02  0.1204508E+02  0.4364800E+01  Si
  0.4506975E+02  0.1440828E+02  0.4500124E+01  Si
  0.4890015E+02  0.1033241E+02  0.2554379E+00  Si
  0.5153648E+02  0.1304918E+02  0.5293155E+00  Si
  0.5170155E+02  0.1045720E+02  0.3129898E+01  Si
  0.4900104E+02  0.1319138E+02  0.2884611E+01  Si
  0.5035327E+02  0.1162224E+02  0.1717305E+01  Si
  0.5295568E+02  0.1460374E+02  0.1826128E+01  Si
  0.5311184E+02  0.1195369E+02  0.4591964E+01  Si
  0.5031775E+02  0.1432676E+02  0.4278238E+01  Si
  0.5442431E+02  0.1061697E+02  0.5276480E+00  Si
  0.5694471E+02  0.1358787E+02  0.2604156E+00  Si
  0.5687066E+02  0.1068663E+02  0.2863059E+01  Si
  0.5434297E+02  0.1339119E+02  0.3209157E+01  Si
  0.5571779E+02  0.1230946E+02  0.1709362E+01  Si
  0.5845564E+02  0.1459577E+02  0.1675807E+01  Si
  0.5829995E+02  0.1177029E+02  0.4318836E+01  Si
  0.5568464E+02  0.1454032E+02  0.4492034E+01  Si
  0.5951447E+02  0.1050051E+02  0.3531014E+00  Si
  0.6242541E+02  0.1303884E+02  0.4613615E+00  Si
  0.6230946E+02  0.1065242E+02  0.3066150E+01  Si
  0.5961612E+02  0.1315964E+02  0.3080635E+01  Si
  0.6094487E+02  0.1192194E+02  0.1641113E+01  Si
  0.6379710E+02  0.1462821E+02  0.1659235E+01  Si
  0.6379208E+02  0.1188117E+02  0.4251530E+01  Si
  0.6115009E+02  0.1440059E+02  0.4600795E+01  Si
  0.4352247E+02  0.1642151E+02  0.2153638E+02  Si
  0.4627917E+02  0.1887765E+02  0.2548612E+00  Si
  0.4622470E+02  0.1574745E+02  0.2970756E+01  Si
  0.4338250E+02  0.1874741E+02  0.2872921E+01  Si
  0.4501252E+02  0.1739267E+02  0.1443266E+01  Si
  0.4754719E+02  0.1993340E+02  0.1802028E+01  Si
  0.4771545E+02  0.1696713E+02  0.4261995E+01  Si
  0.4482520E+02  0.1998869E+02  0.4150488E+01  Si
  0.4860158E+02  0.1595218E+02  0.2232464E+00  Si
  0.5130734E+02  0.1868496E+02  0.3819077E+00  Si
  0.5157397E+02  0.1600437E+02  0.3053564E+01  Si
  0.4885046E+02  0.1863912E+02  0.3157670E+01  Si
  0.5007614E+02  0.1723145E+02  0.1616282E+01  Si
  0.5296995E+02  0.1989812E+02  0.1758109E+01  Si
  0.5286384E+02  0.1731130E+02  0.4412551E+01  Si
  0.5007693E+02  0.2014211E+02  0.4515502E+01  Si
  0.5420452E+02  0.1603556E+02  0.5877525E+00  Si
  0.5691305E+02  0.1903580E+02  0.2972430E+00  Si
  0.5710995E+02  0.1600512E+02  0.2994051E+01  Si
  0.5417246E+02  0.1872872E+02  0.3260621E+01  Si
  0.5578291E+02  0.1759112E+02  0.1810841E+01  Si
  0.5851918E+02  0.2002153E+02  0.1798714E+01  Si
  0.5859061E+02  0.1726791E+02  0.4428750E+01  Si
  0.5575180E+02  0.1998944E+02  0.4483140E+01  Si
  0.5991407E+02  0.1613488E+02  0.3766254E+00  Si
  0.6242557E+02  0.1842744E+02  0.1404857E+00  Si
  0.6232896E+02  0.1582527E+02  0.2978191E+01  Si
  0.5969158E+02  0.1875006E+02  0.3249281E+01  Si
  0.6105068E+02  0.1736760E+02  0.1919451E+01  Si
  0.6380320E+02  0.1972478E+02  0.1688547E+01  Si
  0.6389704E+02  0.1678924E+02  0.4427017E+01  Si
  0.6114816E+02  0.1998246E+02  0.4399482E+01  Si
  0.4355148E+02  0.2134901E+02  0.5551780E+01  Si
  0.4585611E+02  0.2566339E+01  0.5740585E+01  Si
  0.4599272E+02  0.2099396E+02  0.8601714E+01  Si
  0.4384553E+02  0.2472811E+01  0.8365816E+01  Si
  0.4501855E+02  0.8048168E+00  0.6913526E+01  Si
  0.4749352E+02  0.3863732E+01  0.6968600E+01  Si
  0.4754400E+02  0.7757416E+00  0.9713376E+01  Si
  0.4521852E+02  0.3670053E+01  0.9604930E+01  Si
  0.4877589E+02  0.2150467E+02  0.5831881E+01  Si
  0.5150198E+02  0.2593900E+01  0.6048581E+01  Si
  0.5162737E+02  0.2119307E+02  0.8673223E+01  Si
  0.4885451E+02  0.2281376E+01  0.8442781E+01  Si
  0.5026702E+02  0.8759043E+00  0.7311363E+01  Si
  0.5309242E+02  0.4055246E+01  0.7214347E+01  Si
  0.5293030E+02  0.1005714E+01  0.9679717E+01  Si
  0.5022585E+02  0.3775645E+01  0.9745075E+01  Si
  0.5422643E+02  0.2140547E+02  0.5896214E+01  Si
  0.5721537E+02  0.2566788E+01  0.5740317E+01  Si
  0.5700883E+02  0.2161528E+02  0.8573162E+01  Si
  0.5422450E+02  0.2624438E+01  0.8397204E+01  Si
  0.5589873E+02  0.1149614E+01  0.7087731E+01  Si
  0.5830586E+02  0.3797586E+01  0.6960038E+01  Si
  0.5836486E+02  0.1195373E+01  0.9920481E+01  Si
  0.5550467E+02  0.3851817E+01  0.9642866E+01  Si
  0.6003982E+02  0.2167868E+02  0.5712535E+01  Si
  0.6258956E+02  0.2442810E+01  0.5716403E+01  Si
  0.6230748E+02  0.2117550E+02  0.8523791E+01  Si
  0.5973098E+02  0.2479077E+01  0.8316004E+01  Si
  0.6125556E+02  0.1138199E+01  0.7172989E+01  Si
  0.6367593E+02  0.3589118E+01  0.7285994E+01  Si
  0.6367781E+02  0.9514159E+00  0.9717185E+01  Si
  0.6087778E+02  0.3798284E+01  0.9990782E+01  Si
  0.4315769E+02  0.5184409E+01  0.5352690E+01  Si
  0.4607983E+02  0.7970387E+01  0.5578175E+01  Si
  0.4624751E+02  0.5293984E+01  0.8174029E+01  Si
  0.4357398E+02  0.7557769E+01  0.8279882E+01  Si
  0.4480614E+02  0.6415522E+01  0.6673174E+01  Si
  0.4723626E+02  0.9286916E+01  0.7320718E+01  Si
  0.4746741E+02  0.6528650E+01  0.9686662E+01  Si
  0.4484525E+02  0.8827332E+01  0.9850316E+01  Si
  0.4849234E+02  0.5246543E+01  0.5684639E+01  Si
  0.5124528E+02  0.7856915E+01  0.5742469E+01  Si
  0.5132964E+02  0.5160572E+01  0.8194764E+01  Si
  0.4874387E+02  0.8120353E+01  0.8425181E+01  Si
  0.4977336E+02  0.6507214E+01  0.7102752E+01  Si
  0.5268639E+02  0.8923333E+01  0.7168039E+01  Si
  0.5272857E+02  0.6238525E+01  0.9753571E+01  Si
  0.5013857E+02  0.9222292E+01  0.9833699E+01  Si
  0.5428846E+02  0.5291458E+01  0.5848310E+01  Si
  0.5710422E+02  0.7898589E+01  0.5856883E+01  Si
  0.5711948E+02  0.5338162E+01  0.8417684E+01  Si
  0.5413645E+02  0.7791926E+01  0.8739560E+01  Si
  0.5552274E+02  0.6690349E+01  0.7173239E+01  Si
  0.5825818E+02  0.9338933E+01  0.7232840E+01  Si
  0.5847049E+02  0.6499956E+01  0.9901180E+01  Si
  0.5554548E+02  0.9129703E+01  0.1004133E+02  Si
  0.5973882E+02  0.5154408E+01  0.5647167E+01  Si
  0.6246640E+02  0.7529451E+01  0.5715261E+01  Si
  0.6247933E+02  0.4939126E+01  0.8703406E+01  Si
  0.5976357E+02  0.8011686E+01  0.8552276E+01  Si
  0.6094877E+02  0.6310156E+01  0.7158284E+01  Si
  0.6396706E+02  0.9059672E+01  0.7002334E+01  Si
  0.6371881E+02  0.6392982E+01  0.9897685E+01  Si
  0.6123430E+02  0.9359012E+01  0.9702091E+01  Si
  0.4329141E+02  0.1069367E+02  0.6219869E+01  Si
  0.4625564E+02  0.1308550E+02  0.6036297E+01  Si
  0.4616998E+02  0.1063155E+02  0.9019364E+01  Si
  0.4342766E+02  0.1340079E+02  0.8267857E+01  Si
  0.4481465E+02  0.1176909E+02  0.7512702E+01  Si
  0.4762406E+02  0.1448965E+02  0.7414659E+01  Si
  0.4777201E+02  0.1204197E+02  0.1020218E+02  Si
  0.4472487E+02  0.1464820E+02  0.9684539E+01  Si
  0.4873184E+02  0.1048608E+02  0.5868215E+01  Si
  0.5175949E+02  0.1323609E+02  0.5909331E+01  Si
  0.5148414E+02  0.1035367E+02  0.8588525E+01  Si
  0.4916363E+02  0.1342189E+02  0.8738822E+01  Si
  0.5035133E+02  0.1188536E+02  0.7121769E+01  Si
  0.5296791E+02  0.1459210E+02  0.7290222E+01  Si
  0.5314584E+02  0.1190133E+02  0.9947439E+01  Si
  0.5039548E+02  0.1485321E+02  0.1026437E+02  Si
  0.5424156E+02  0.1037877E+02  0.6005094E+01  Si
  0.5702389E+02  0.1317045E+02  0.6013630E+01  Si
  0.5690718E+02  0.1043663E+02  0.8666829E+01  Si
  0.5452883E+02  0.1341820E+02  0.8392750E+01  Si
  0.5581619E+02  0.1164950E+02  0.7288085E+01  Si
  0.5847938E+02  0.1458207E+02  0.7465292E+01  Si
  0.5819574E+02  0.1170939E+02  0.1024851E+02  Si
  0.5570246E+02  0.1464247E+02  0.1003294E+02  Si
  0.5965353E+02  0.1040794E+02  0.5688019E+01  Si
  0.6248538E+02  0.1337146E+02  0.5915064E+01  Si
  0.6248710E+02  0.1035821E+02  0.8228107E+01  Si
  0.5966444E+02  0.1304727E+02  0.8642446E+01  Si
  0.6104819E+02  0.1178335E+02  0.6992676E+01  Si
  0.6399684E+02  0.1449707E+02  0.7174278E+01  Si
  0.6368870E+02  0.1183899E+02  0.9641603E+01  Si
  0.6088794E+02  0.1457726E+02  0.1006301E+02  Si
  0.4368346E+02  0.1606103E+02  0.5299254E+01  Si
  0.4622382E+02  0.1867577E+02  0.5460242E+01  Si
  0.4623117E+02  0.1589252E+02  0.8328861E+01  Si
  0.4341059E+02  0.1857205E+02  0.8397464E+01  Si
  0.4482610E+02  0.1737160E+02  0.7024154E+01  Si
  0.4739221E+02  0.1992690E+02  0.7105094E+01  Si
  0.4741561E+02  0.1726372E+02  0.9762203E+01  Si
  0.4453825E+02  0.1992737E+02  0.1010159E+02  Si
  0.4891873E+02  0.1556181E+02  0.5793902E+01  Si
  0.5142707E+02  0.1860518E+02  0.5820040E+01  Si
  0.5160084E+02  0.1610507E+02  0.8707369E+01  Si
  0.4895061E+02  0.1862707E+02  0.8503942E+01  Si
  0.5009743E+02  0.1706616E+02  0.7109044E+01  Si
  0.5287363E+02  0.2001872E+02  0.7031840E+01  Si
  0.5302847E+02  0.1748431E+02  0.1010312E+02  Si
  0.5025171E+02  0.1987374E+02  0.1001459E+02  Si
  0.5424082E+02  0.1598475E+02  0.5839192E+01  Si
  0.5724995E+02  0.1872280E+02  0.5817967E+01  Si
  0.5723006E+02  0.1618686E+02  0.8760926E+01  Si
  0.5443046E+02  0.1874343E+02  0.8527675E+01  Si
  0.5583840E+02  0.1727376E+02  0.7017751E+01  Si
  0.5854466E+02  0.2011822E+02  0.7130492E+01  Si
  0.5848481E+02  0.1768938E+02  0.1009653E+02  Si
  0.5548314E+02  0.2027450E+02  0.9839363E+01  Si
  0.5986638E+02  0.1583797E+02  0.6036885E+01  Si
  0.6254635E+02  0.1839762E+02  0.5569543E+01  Si
  0.6247339E+02  0.1574976E+02  0.8572660E+01  Si
  0.5981711E+02  0.1873887E+02  0.8504833E+01  Si
  0.6127645E+02  0.1719676E+02  0.7259838E+01  Si
  0.6361045E+02  0.1993867E+02  0.7252208E+01  Si
  0.6334359E+02  0.1736603E+02  0.9972810E+01  Si
  0.6087192E+02  0.2005153E+02  0.1002966E+02  Si
  0.4333861E+02  0.2125322E+02  0.1130231E+02  Si
  0.4647183E+02  0.2358983E+01  0.1126363E+02  Si
  0.4616974E+02  0.2141600E+02  0.1400579E+02  Si
  0.4345111E+02  0.2115926E+01  0.1377599E+02  Si
  0.4493744E+02  0.9205220E+00  0.1244698E+02  Si
  0.4762263E+02  0.3681777E+01  0.1248205E+02  Si
  0.4775264E+02  0.9269192E+00  0.1524484E+02  Si
  0.4493030E+02  0.3672692E+01  0.1492607E+02  Si
  0.4894987E+02  0.2135359E+02  0.1120308E+02  Si
  0.5143444E+02  0.2380019E+01  0.1099006E+02  Si
  0.5159150E+02  0.2126989E+02  0.1365358E+02  Si
  0.4908659E+02  0.2436551E+01  0.1391557E+02  Si
  0.5035276E+02  0.1103264E+01  0.1250747E+02  Si
  0.5272633E+02  0.3593304E+01  0.1263716E+02  Si
  0.5291095E+02  0.9411535E+00  0.1529700E+02  Si
  0.5014087E+02  0.3605531E+01  0.1570840E+02  Si
  0.5416822E+02  0.2141141E+02  0.1139230E+02  Si
  0.5667730E+02  0.2420713E+01  0.1106457E+02  Si
  0.5661398E+02  0.2154353E+02  0.1401531E+02  Si
  0.5413611E+02  0.2430352E+01  0.1388104E+02  Si
  0.5550619E+02  0.1142272E+01  0.1246946E+02  Si
  0.5802232E+02  0.3512212E+01  0.1280438E+02  Si
  0.5809314E+02  0.9868494E+00  0.1536259E+02  Si
  0.5545871E+02  0.3729927E+01  0.1523708E+02  Si
  0.5958821E+02  0.2142482E+02  0.1150575E+02  Si
  0.6234984E+02  0.2302753E+01  0.1114639E+02  Si
  0.6241467E+02  0.2157660E+02  0.1418646E+02  Si
  0.5954535E+02  0.2410079E+01  0.1414982E+02  Si
  0.6107681E+02  0.1163892E+01  0.1273454E+02  Si
  0.6365292E+02  0.3526467E+01  0.1252777E+02  Si
  0.6383215E+02  0.1139804E+01  0.1552589E+02  Si
  0.6117965E+02  0.3697430E+01  0.1534336E+02  Si
  0.4374007E+02  0.5010964E+01  0.1105154E+02  Si
  0.4639408E+02  0.7881761E+01  0.1134629E+02  Si
  0.4623712E+02  0.5233593E+01  0.1358318E+02  Si
  0.4326458E+02  0.8078266E+01  0.1376300E+02  Si
  0.4471698E+02  0.6573687E+01  0.1236776E+02  Si
  0.4755135E+02  0.9335746E+01  0.1244950E+02  Si
  0.4758615E+02  0.6447554E+01  0.1524209E+02  Si
  0.4488188E+02  0.8999328E+01  0.1512465E+02  Si
  0.4893885E+02  0.5113220E+01  0.1105666E+02  Si
  0.5145029E+02  0.7862295E+01  0.1127212E+02  Si
  0.5153332E+02  0.5140121E+01  0.1425441E+02  Si
  0.4884601E+02  0.7946386E+01  0.1387162E+02  Si
  0.5017876E+02  0.6427153E+01  0.1265421E+02  Si
  0.5293915E+02  0.9168985E+01  0.1237242E+02  Si
  0.5279695E+02  0.6562888E+01  0.1540781E+02  Si
  0.5022100E+02  0.9202259E+01  0.1517132E+02  Si
  0.5412515E+02  0.4968888E+01  0.1109560E+02  Si
  0.5689882E+02  0.7698839E+01  0.1121885E+02  Si
  0.5697266E+02  0.5116457E+01  0.1391714E+02  Si
  0.5414452E+02  0.7858761E+01  0.1373623E+02  Si
  0.5540191E+02  0.6208941E+01  0.1232239E+02  Si
  0.5825033E+02  0.8972923E+01  0.1262984E+02  Si
  0.5838632E+02  0.6450298E+01  0.1528626E+02  Si
  0.5578968E+02  0.9176258E+01  0.1521925E+02  Si
  0.5953275E+02  0.4929240E+01  0.1147876E+02  Si
  0.6229520E+02  0.7845258E+01  0.1119612E+02  Si
  0.6242295E+02  0.5101076E+01  0.1403162E+02  Si
  0.5972673E+02  0.7605646E+01  0.1391058E+02  Si
  0.6109574E+02  0.6406982E+01  0.1252248E+02  Si
  0.6362460E+02  0.9020617E+01  0.1257340E+02  Si
  0.6371795E+02  0.6404947E+01  0.1551253E+02  Si
  0.6092545E+02  0.9026464E+01  0.1536123E+02  Si
  0.4322725E+02  0.1030550E+02  0.1089545E+02  Si
  0.4603083E+02  0.1321612E+02  0.1120738E+02  Si
  0.4614074E+02  0.1044739E+02  0.1374132E+02  Si
  0.4321861E+02  0.1298876E+02  0.1356089E+02  Si
  0.4453059E+02  0.1171819E+02  0.1240650E+02  Si
  0.4747367E+02  0.1458368E+02  0.1247950E+02  Si
  0.4748334E+02  0.1166820E+02  0.1511595E+02  Si
  0.4456642E+02  0.1425254E+02  0.1500486E+02  Si
  0.4917368E+02  0.1078774E+02  0.1152076E+02  Si
  0.5188197E+02  0.1338056E+02  0.1135930E+02  Si
  0.5154316E+02  0.1059206E+02  0.1386670E+02  Si
  0.4881950E+02  0.1318090E+02  0.1391642E+02  Si
  0.5046201E+02  0.1231994E+02  0.1272498E+02  Si
  0.5292148E+02  0.1476701E+02  0.1262821E+02  Si
  0.5298784E+02  0.1184691E+02  0.1530367E+02  Si
  0.5006626E+02  0.1461244E+02  0.1538529E+02  Si
  0.5436144E+02  0.1054503E+02  0.1139830E+02  Si
  0.5712758E+02  0.1334545E+02  0.1142905E+02  Si
  0.5701043E+02  0.1054545E+02  0.1374470E+02  Si
  0.5420467E+02  0.1319954E+02  0.1381740E+02  Si
  0.5573280E+02  0.1209204E+02  0.1251343E+02  Si
  0.5827893E+02  0.1452811E+02  0.1291291E+02  Si
  0.5796703E+02  0.1173254E+02  0.1544024E+02  Si
  0.5567540E+02  0.1444687E+02  0.1549416E+02  Si
  0.5979166E+02  0.1034854E+02  0.1140072E+02  Si
  0.6234561E+02  0.1307026E+02  0.1106545E+02  Si
  0.6228908E+02  0.1052103E+02  0.1407812E+02  Si
  0.5938310E+02  0.1296223E+02  0.1405756E+02  Si
  0.6099065E+02  0.1184452E+02  0.1253970E+02  Si
  0.6369357E+02  0.1469776E+02  0.1251174E+02  Si
  0.6365683E+02  0.1194186E+02  0.1510977E+02  Si
  0.6085468E+02  0.1435720E+02  0.1520419E+02  Si
  0.4322922E+02  0.1607797E+02  0.1100744E+02  Si
  0.4597619E+02  0.1861593E+02  0.1123175E+02  Si
  0.4595883E+02  0.1593428E+02  0.1401932E+02  Si
  0.4317272E+02  0.1871549E+02  0.1399735E+02  Si
  0.4450553E+02  0.1735267E+02  0.1259301E+02  Si
  0.4752106E+02  0.2014200E+02  0.1257695E+02  Si
  0.4754925E+02  0.1727982E+02  0.1523460E+02  Si
  0.4487501E+02  0.2001486E+02  0.1513347E+02  Si
  0.4881441E+02  0.1626356E+02  0.1146521E+02  Si
  0.5157458E+02  0.1854419E+02  0.1141135E+02  Si
  0.5158560E+02  0.1590371E+02  0.1400753E+02  Si
  0.4901194E+02  0.1864280E+02  0.1361729E+02  Si
  0.5049090E+02  0.1719831E+02  0.1267802E+02  Si
  0.5309476E+02  0.1987732E+02  0.1266874E+02  Si
  0.5299924E+02  0.1733652E+02  0.1551811E+02  Si
  0.5031248E+02  0.1992552E+02  0.1494262E+02  Si
  0.5425341E+02  0.1609020E+02  0.1138419E+02  Si
  0.5689949E+02  0.1902652E+02  0.1126475E+02  Si
  0.5686226E+02  0.1584100E+02  0.1409306E+02  Si
  0.5437587E+02  0.1863361E+02  0.1422109E+02  Si
  0.5583364E+02  0.1761362E+02  0.1278452E+02  Si
  0.5790434E+02  0.2022788E+02  0.1286944E+02  Si
  0.5817765E+02  0.1724375E+02  0.1531187E+02  Si
  0.5558169E+02  0.1992155E+02  0.1550719E+02  Si
  0.5965228E+02  0.1597161E+02  0.1149642E+02  Si
  0.6225950E+02  0.1882424E+02  0.1157560E+02  Si
  0.6230607E+02  0.1596639E+02  0.1398401E+02  Si
  0.5972304E+02  0.1872735E+02  0.1395627E+02  Si
  0.6091407E+02  0.1735357E+02  0.1274960E+02  Si
  0.6355300E+02  0.2028819E+02  0.1265003E+02  Si
  0.6352074E+02  0.1711204E+02  0.1533865E+02  Si
  0.6088134E+02  0.2020922E+02  0.1533983E+02  Si
  0.4352804E+02  0.2102234E+02  0.1702416E+02  Si
  0.4638689E+02  0.2621648E+01  0.1653562E+02  Si
  0.4619411E+02  0.5377969E-01  0.1922074E+02  Si
  0.4197847E+02  0.7771704E+00  0.2049552E+02  Si
  0.4499724E+02  0.1100678E+01  0.1770815E+02  Si
  0.4752176E+02  0.3928936E+01  0.1814737E+02  Si
  0.4735586E+02  0.1004240E+01  0.2082914E+02  Si
  0.4464321E+02  0.3636442E+01  0.2069961E+02  Si
  0.4893264E+02  0.2113856E+02  0.1658669E+02  Si
  0.5156126E+02  0.2191863E+01  0.1677369E+02  Si
  0.5157888E+02  0.2129417E+02  0.1941757E+02  Si
  0.4887014E+02  0.2360693E+01  0.1947093E+02  Si
  0.5021091E+02  0.7343403E+00  0.1813676E+02  Si
  0.5281686E+02  0.3521119E+01  0.1825366E+02  Si
  0.5263106E+02  0.1038768E+01  0.2086931E+02  Si
  0.5000207E+02  0.3889354E+01  0.2077507E+02  Si
  0.5423763E+02  0.2126409E+02  0.1656778E+02  Si
  0.5666507E+02  0.2367460E+01  0.1678787E+02  Si
  0.5677934E+02  0.2142888E+02  0.1895295E+02  Si
  0.5423630E+02  0.2177378E+01  0.1960911E+02  Si
  0.5524265E+02  0.1045190E+01  0.1809199E+02  Si
  0.5826139E+02  0.3856631E+01  0.1818231E+02  Si
  0.5817540E+02  0.7354239E+00  0.2053379E+02  Si
  0.5565544E+02  0.3509095E+01  0.2080844E+02  Si
  0.5951169E+02  0.2135720E+02  0.1673675E+02  Si
  0.6235348E+02  0.2405614E+01  0.1683568E+02  Si
  0.6223063E+02  0.2151794E+02  0.1945159E+02  Si
  0.5941222E+02  0.2331324E+01  0.1951932E+02  Si
  0.6087246E+02  0.1063747E+01  0.1815916E+02  Si
  0.6394367E+02  0.3697884E+01  0.1810293E+02  Si
  0.6391832E+02  0.9085696E+00  0.2100461E+02  Si
  0.6087141E+02  0.3672852E+01  0.2068318E+02  Si
  0.4333992E+02  0.4805402E+01  0.1623814E+02  Si
  0.4600341E+02  0.7762033E+01  0.1643604E+02  Si
  0.4596525E+02  0.4943988E+01  0.1945896E+02  Si
  0.4342281E+02  0.7729859E+01  0.1928755E+02  Si
  0.4472459E+02  0.6121969E+01  0.1787105E+02  Si
  0.4722481E+02  0.9159339E+01  0.1784757E+02  Si
  0.4730727E+02  0.6512032E+01  0.2069454E+02  Si
  0.4454691E+02  0.9301573E+01  0.2068585E+02  Si
  0.4887328E+02  0.5077568E+01  0.1681181E+02  Si
  0.5146134E+02  0.7772928E+01  0.1674204E+02  Si
  0.5138253E+02  0.5345814E+01  0.1920666E+02  Si
  0.4857233E+02  0.7870094E+01  0.1923407E+02  Si
  0.5007243E+02  0.6701413E+01  0.1812664E+02  Si
  0.5297599E+02  0.9043718E+01  0.1792460E+02  Si
  0.5287353E+02  0.6432067E+01  0.2061055E+02  Si
  0.5018742E+02  0.8964671E+01  0.2024806E+02  Si
  0.5407500E+02  0.4986158E+01  0.1673352E+02  Si
  0.5702673E+02  0.7840599E+01  0.1659888E+02  Si
  0.5706801E+02  0.5174109E+01  0.1959483E+02  Si
  0.5430815E+02  0.7775186E+01  0.1936933E+02  Si
  0.5560456E+02  0.6442448E+01  0.1804750E+02  Si
  0.5835446E+02  0.8941083E+01  0.1809160E+02  Si
  0.5840832E+02  0.6526708E+01  0.2076926E+02  Si
  0.5574585E+02  0.9084211E+01  0.2076305E+02  Si
  0.5976306E+02  0.5031971E+01  0.1651253E+02  Si
  0.6245509E+02  0.7860715E+01  0.1666358E+02  Si
  0.6222258E+02  0.4900098E+01  0.1926580E+02  Si
  0.5973525E+02  0.7883593E+01  0.1930469E+02  Si
  0.6090526E+02  0.6284167E+01  0.1787188E+02  Si
  0.6385037E+02  0.9178219E+01  0.1794752E+02  Si
  0.6379862E+02  0.6507888E+01  0.2022193E+02  Si
  0.6084237E+02  0.9206086E+01  0.2067880E+02  Si
  0.4309770E+02  0.1001183E+02  0.1639773E+02  Si
  0.4603878E+02  0.1303375E+02  0.1646541E+02  Si
  0.4589109E+02  0.1045592E+02  0.1904547E+02  Si
  0.4185584E+02  0.1467639E+02  0.1825424E+02  Si
  0.4456785E+02  0.1151034E+02  0.1742172E+02  Si
  0.4727117E+02  0.1444924E+02  0.1792230E+02  Si
  0.4731744E+02  0.1186274E+02  0.2049133E+02  Si
  0.4474251E+02  0.1460587E+02  0.2050145E+02  Si
  0.4870539E+02  0.1055561E+02  0.1651510E+02  Si
  0.5158177E+02  0.1319902E+02  0.1653281E+02  Si
  0.5161618E+02  0.1052618E+02  0.1908868E+02  Si
  0.4877994E+02  0.1320804E+02  0.1927900E+02  Si
  0.5017848E+02  0.1187197E+02  0.1783780E+02  Si
  0.5292185E+02  0.1435176E+02  0.1781966E+02  Si
  0.5287383E+02  0.1175243E+02  0.2073778E+02  Si
  0.5016973E+02  0.1452890E+02  0.2082768E+02  Si
  0.5437024E+02  0.1053415E+02  0.1685854E+02  Si
  0.5695441E+02  0.1316109E+02  0.1710873E+02  Si
  0.5716219E+02  0.1040816E+02  0.1945204E+02  Si
  0.5428934E+02  0.1318880E+02  0.1938520E+02  Si
  0.5568738E+02  0.1170018E+02  0.1826914E+02  Si
  0.5813787E+02  0.1489673E+02  0.1841185E+02  Si
  0.5819367E+02  0.1220123E+02  0.2087415E+02  Si
  0.5557372E+02  0.1482169E+02  0.2074352E+02  Si
  0.5955522E+02  0.1030820E+02  0.1658721E+02  Si
  0.6231021E+02  0.1318025E+02  0.1662111E+02  Si
  0.6229923E+02  0.1051715E+02  0.1925612E+02  Si
  0.5965757E+02  0.1336375E+02  0.1941256E+02  Si
  0.6079642E+02  0.1201127E+02  0.1804150E+02  Si
  0.6367575E+02  0.1443606E+02  0.1785394E+02  Si
  0.6373431E+02  0.1175913E+02  0.2057123E+02  Si
  0.6113316E+02  0.1462765E+02  0.2075276E+02  Si
  0.4324941E+02  0.1571545E+02  0.1632751E+02  Si
  0.4605870E+02  0.1854561E+02  0.1643053E+02  Si
  0.4601933E+02  0.1611862E+02  0.1907179E+02  Si
  0.4347231E+02  0.1930827E+02  0.1866456E+02  Si
  0.4456694E+02  0.1728783E+02  0.1778485E+02  Si
  0.4743192E+02  0.2021771E+02  0.1789805E+02  Si
  0.4739904E+02  0.1731792E+02  0.2047065E+02  Si
  0.4495043E+02  0.2013869E+02  0.2054226E+02  Si
  0.4854746E+02  0.1579098E+02  0.1666420E+02  Si
  0.5131987E+02  0.1859554E+02  0.1662306E+02  Si
  0.5155894E+02  0.1564883E+02  0.1922462E+02  Si
  0.4879580E+02  0.1853137E+02  0.1910151E+02  Si
  0.5019478E+02  0.1693111E+02  0.1786082E+02  Si
  0.5283963E+02  0.1981032E+02  0.1805672E+02  Si
  0.5265545E+02  0.1733339E+02  0.2073829E+02  Si
  0.5000076E+02  0.1991788E+02  0.2056334E+02  Si
  0.5434539E+02  0.1570026E+02  0.1679326E+02  Si
  0.5682140E+02  0.1859365E+02  0.1670678E+02  Si
  0.5689022E+02  0.1625725E+02  0.2002417E+02  Si
  0.5406095E+02  0.1850928E+02  0.1941125E+02  Si
  0.5558231E+02  0.1724532E+02  0.1817340E+02  Si
  0.5816845E+02  0.1972437E+02  0.1803125E+02  Si
  0.5857563E+02  0.1758543E+02  0.2096303E+02  Si
  0.5571612E+02  0.2010945E+02  0.2042797E+02  Si
  0.5950876E+02  0.1583671E+02  0.1656947E+02  Si
  0.6221313E+02  0.1887928E+02  0.1666543E+02  Si
  0.6234125E+02  0.1591981E+02  0.1898958E+02  Si
  0.5985301E+02  0.1868416E+02  0.1932675E+02  Si
  0.6104280E+02  0.1720541E+02  0.1781252E+02  Si
  0.6347950E+02  0.2022295E+02  0.1819811E+02  Si
  0.6374979E+02  0.1713716E+02  0.2036645E+02  Si
  0.6097513E+02  0.2014501E+02  0.2078162E+02  Si
