         
  0.6515772E+02  0.0000000E+00  0.2171924E+02
  0.0000000E+00  0.0000000E+00  0.2171924E+02
  0.1234448E+00  0.7366894E-02  0.2151405E+02  Si
  0.2861832E+01  0.2476473E+01  0.2169432E+02  Si
  0.2564474E+01  0.2117726E+02  0.2908009E+01  Si
  0.4208573E-01  0.2269802E+01  0.2524490E+01  Si
  0.1579432E+01  0.9690632E+00  0.1293842E+01  Si
  0.4190837E+01  0.3765548E+01  0.1238694E+01  Si
  0.4034151E+01  0.1106317E+01  0.3802958E+01  Si
  0.1394525E+01  0.3712206E+01  0.4026227E+01  Si
  0.5445844E+01  0.2117214E+02  0.2562580E-01  Si
  0.8381955E+01  0.2358865E+01  0.2143915E+02  Si
  0.7992980E+01  0.2120539E+02  0.2468791E+01  Si
  0.5525538E+01  0.2358382E+01  0.2486673E+01  Si
  0.6895910E+01  0.1201123E+01  0.1133896E+01  Si
  0.9265990E+01  0.3877197E+01  0.1373728E+01  Si
  0.9537431E+01  0.9593850E+00  0.3922227E+01  Si
  0.6679483E+01  0.3728910E+01  0.4291192E+01  Si
  0.1080522E+02  0.2134205E+02  0.3821273E-01  Si
  0.1360684E+02  0.2705974E+01  0.2024057E+00  Si
  0.1364916E+02  0.2161155E+02  0.2771384E+01  Si
  0.1065145E+02  0.2428404E+01  0.2542790E+01  Si
  0.1203581E+02  0.1210675E+01  0.1263940E+01  Si
  0.1513435E+02  0.3781139E+01  0.1472558E+01  Si
  0.1474596E+02  0.1319355E+01  0.4201257E+01  Si
  0.1213777E+02  0.3928510E+01  0.3918612E+01  Si
  0.1613735E+02  0.2140414E+02  0.2133704E+02  Si
  0.1876706E+02  0.2049021E+01  0.3933471E-01  Si
  0.1889884E+02  0.2126055E+02  0.2469095E+01  Si
  0.1617094E+02  0.2492641E+01  0.3023086E+01  Si
  0.1707213E+02  0.1048609E+01  0.1466728E+01  Si
  0.2745410E+02  0.6246982E+01  0.2144090E+02  Si
  0.2157817E+02  0.1898139E+01  0.2837098E+01  Si
  0.1762510E+02  0.3634084E+01  0.4247548E+01  Si
  0.6513890E+02  0.5146693E+01  0.2143188E+02  Si
  0.2618852E+01  0.7713711E+01  0.2155309E+02  Si
  0.2761141E+01  0.5055013E+01  0.2731509E+01  Si
  0.1821866E+00  0.7626120E+01  0.2724928E+01  Si
  0.1292465E+01  0.6288676E+01  0.1293568E+01  Si
  0.4083295E+01  0.8957191E+01  0.1129383E+01  Si
  0.3904435E+01  0.6479712E+01  0.4261731E+01  Si
  0.1354230E+01  0.9232321E+01  0.4065960E+01  Si
  0.5380595E+01  0.5048682E+01  0.2167540E+02  Si
  0.7957628E+01  0.7630447E+01  0.9691727E-01  Si
  0.7786915E+01  0.5022797E+01  0.2740742E+01  Si
  0.5391194E+01  0.7732050E+01  0.2740042E+01  Si
  0.6554070E+01  0.6283659E+01  0.1392967E+01  Si
  0.9331847E+01  0.8991722E+01  0.1455909E+01  Si
  0.9373033E+01  0.6249830E+01  0.3977859E+01  Si
  0.6610137E+01  0.9289966E+01  0.3978172E+01  Si
  0.1084656E+02  0.4924500E+01  0.2170368E+02  Si
  0.1357103E+02  0.7603378E+01  0.2145372E+02  Si
  0.1362689E+02  0.5171997E+01  0.2559311E+01  Si
  0.1084945E+02  0.7597046E+01  0.2488449E+01  Si
  0.1233422E+02  0.6407638E+01  0.1151772E+01  Si
  0.1486512E+02  0.8769787E+01  0.1152240E+01  Si
  0.1503790E+02  0.6514949E+01  0.3951281E+01  Si
  0.1207930E+02  0.9055230E+01  0.3846441E+01  Si
  0.1625177E+02  0.5125268E+01  0.1492604E+00  Si
  0.1873888E+02  0.7930748E+01  0.2147376E+02  Si
  0.1924166E+02  0.4930864E+01  0.2958439E+01  Si
  0.1629757E+02  0.7704619E+01  0.2627710E+01  Si
  0.1802036E+02  0.6356328E+01  0.1341004E+01  Si
  0.2039733E+02  0.9113318E+01  0.1166051E+01  Si
  0.2319914E+02  0.3198029E+01  0.9194294E+01  Si
  0.1757358E+02  0.9103639E+01  0.4079238E+01  Si
  0.6470776E+02  0.1023839E+02  0.2143360E+02  Si
  0.2586844E+01  0.1328140E+02  0.4681682E-01  Si
  0.2636423E+01  0.1054506E+02  0.2474699E+01  Si
  0.6511486E+02  0.1335766E+02  0.2837509E+01  Si
  0.8522410E+00  0.1156173E+02  0.1269407E+01  Si
  0.4265610E+01  0.1454136E+02  0.1303916E+01  Si
  0.4126971E+01  0.1199734E+02  0.3920983E+01  Si
  0.1781691E+01  0.1461826E+02  0.3989838E+01  Si
  0.5451479E+01  0.1046690E+02  0.2163123E+02  Si
  0.8341228E+01  0.1328030E+02  0.2145119E+02  Si
  0.8140915E+01  0.1056608E+02  0.2548036E+01  Si
  0.5745023E+01  0.1318523E+02  0.2477483E+01  Si
  0.6932663E+01  0.1192399E+02  0.1141247E+01  Si
  0.9796719E+01  0.1457163E+02  0.1400993E+01  Si
  0.9425447E+01  0.1180006E+02  0.4003784E+01  Si
  0.7058068E+01  0.1457935E+02  0.3842638E+01  Si
  0.1079218E+02  0.9993950E+01  0.1032848E-01  Si
  0.1372978E+02  0.1290234E+02  0.2496602E+00  Si
  0.1350969E+02  0.1027881E+02  0.2475414E+01  Si
  0.1089623E+02  0.1289074E+02  0.2639107E+01  Si
  0.1200783E+02  0.1167546E+02  0.1294867E+01  Si
  0.1502235E+02  0.1469297E+02  0.1216492E+01  Si
  0.1472069E+02  0.1178707E+02  0.3736335E+01  Si
  0.1228402E+02  0.1434175E+02  0.3957248E+01  Si
  0.1609615E+02  0.1024753E+02  0.2166854E+02  Si
  0.1858796E+02  0.1338004E+02  0.2160353E+02  Si
  0.1901789E+02  0.1045554E+02  0.2750040E+01  Si
  0.1617619E+02  0.1320544E+02  0.2396923E+01  Si
  0.1765151E+02  0.1174811E+02  0.1335079E+01  Si
  0.2023791E+02  0.1491455E+02  0.9814681E+00  Si
  0.2055249E+02  0.1322465E+02  0.4833684E+01  Si
  0.1760298E+02  0.1436181E+02  0.3693325E+01  Si
  0.6508273E+02  0.1596506E+02  0.2155416E+02  Si
  0.2550860E+01  0.1864048E+02  0.2169100E+02  Si
  0.2802793E+01  0.1600108E+02  0.2486358E+01  Si
  0.6502005E+02  0.1875890E+02  0.2536545E+01  Si
  0.1366360E+01  0.1736522E+02  0.1245065E+01  Si
  0.3903525E+01  0.1993317E+02  0.1340373E+01  Si
  0.3932204E+01  0.1716837E+02  0.4180489E+01  Si
  0.9993213E+00  0.1984869E+02  0.4229264E+01  Si
  0.5380517E+01  0.1597340E+02  0.2154185E+02  Si
  0.8133977E+01  0.1877058E+02  0.2165787E+02  Si
  0.8282026E+01  0.1587465E+02  0.2378409E+01  Si
  0.5244883E+01  0.1856606E+02  0.2557527E+01  Si
  0.6861838E+01  0.1733237E+02  0.1209084E+01  Si
  0.9499602E+01  0.1999824E+02  0.1383436E+01  Si
  0.9463277E+01  0.1730912E+02  0.3782741E+01  Si
  0.6542208E+01  0.2003039E+02  0.3938468E+01  Si
  0.1097145E+02  0.1610459E+02  0.2170989E+02  Si
  0.1374028E+02  0.1861902E+02  0.2151407E+02  Si
  0.1374851E+02  0.1602086E+02  0.2602261E+01  Si
  0.1090862E+02  0.1880949E+02  0.2606423E+01  Si
  0.1222542E+02  0.1725194E+02  0.1098423E+01  Si
  0.1476734E+02  0.2011798E+02  0.1161303E+01  Si
  0.1514762E+02  0.1729830E+02  0.3981364E+01  Si
  0.1222068E+02  0.1998196E+02  0.4097096E+01  Si
  0.1601225E+02  0.1613574E+02  0.2143917E+02  Si
  0.1897828E+02  0.1876530E+02  0.2131980E+02  Si
  0.1848970E+02  0.1601518E+02  0.2282350E+01  Si
  0.1636157E+02  0.1885257E+02  0.2398262E+01  Si
  0.1757858E+02  0.1751551E+02  0.9682972E+00  Si
  0.2037540E+02  0.2000103E+02  0.1188954E+01  Si
  0.1960019E+02  0.1710737E+02  0.3911586E+01  Si
  0.1738310E+02  0.2012379E+02  0.4113797E+01  Si
  0.3872323E-01  0.2139140E+02  0.5527420E+01  Si
  0.2728837E+01  0.2314384E+01  0.5506196E+01  Si
  0.2645910E+01  0.2141862E+02  0.8078290E+01  Si
  0.6498428E+02  0.2448805E+01  0.8169511E+01  Si
  0.1317188E+01  0.1199429E+01  0.6613181E+01  Si
  0.3997309E+01  0.3788868E+01  0.6871405E+01  Si
  0.3995915E+01  0.1068829E+01  0.9390809E+01  Si
  0.1285613E+01  0.3820566E+01  0.9615903E+01  Si
  0.5204594E+01  0.2153809E+02  0.5218235E+01  Si
  0.8171469E+01  0.2104126E+01  0.5284060E+01  Si
  0.8182672E+01  0.2144098E+02  0.7880310E+01  Si
  0.5471496E+01  0.2303802E+01  0.8219527E+01  Si
  0.6737410E+01  0.1108868E+01  0.6570712E+01  Si
  0.9415233E+01  0.3773178E+01  0.6585710E+01  Si
  0.9642642E+01  0.1017952E+01  0.9315590E+01  Si
  0.6769981E+01  0.3695313E+01  0.9378554E+01  Si
  0.1089559E+02  0.2131076E+02  0.5466298E+01  Si
  0.1352549E+02  0.2685739E+01  0.5398389E+01  Si
  0.1349883E+02  0.2141911E+02  0.8106935E+01  Si
  0.1092186E+02  0.2451198E+01  0.7963935E+01  Si
  0.1232690E+02  0.1084058E+01  0.6636938E+01  Si
  0.1489537E+02  0.3888500E+01  0.6795971E+01  Si
  0.1482583E+02  0.9856580E+00  0.9491739E+01  Si
  0.1220261E+02  0.3654696E+01  0.9360693E+01  Si
  0.1607981E+02  0.2151931E+02  0.5446602E+01  Si
  0.1910743E+02  0.2230304E+01  0.5538026E+01  Si
  0.1880933E+02  0.2114030E+02  0.8085009E+01  Si
  0.1619903E+02  0.2515491E+01  0.8225106E+01  Si
  0.1749772E+02  0.1047585E+01  0.6774943E+01  Si
  0.2418437E+02  0.1215890E+01  0.1871320E+02  Si
  0.2394887E+02  0.2032986E+02  0.6638386E+01  Si
  0.1771779E+02  0.3398935E+01  0.9738511E+01  Si
  0.6507461E+02  0.5139093E+01  0.5555266E+01  Si
  0.2598851E+01  0.7785578E+01  0.5447758E+01  Si
  0.2653718E+01  0.4987145E+01  0.8126407E+01  Si
  0.3687487E-01  0.7765473E+01  0.8231337E+01  Si
  0.1228525E+01  0.6444729E+01  0.6671753E+01  Si
  0.4008949E+01  0.9043406E+01  0.6644805E+01  Si
  0.4184370E+01  0.6351273E+01  0.9652903E+01  Si
  0.1445601E+01  0.9188514E+01  0.9530759E+01  Si
  0.5273521E+01  0.5157819E+01  0.5883374E+01  Si
  0.8101683E+01  0.7860975E+01  0.5395846E+01  Si
  0.8218416E+01  0.4996243E+01  0.8211739E+01  Si
  0.5448468E+01  0.7808446E+01  0.8220357E+01  Si
  0.6757827E+01  0.6509615E+01  0.7008287E+01  Si
  0.9430119E+01  0.9224644E+01  0.6606594E+01  Si
  0.9605222E+01  0.6417204E+01  0.9575532E+01  Si
  0.6817638E+01  0.9282104E+01  0.9304542E+01  Si
  0.1080981E+02  0.5262339E+01  0.5398666E+01  Si
  0.1339887E+02  0.7470153E+01  0.5228173E+01  Si
  0.1352559E+02  0.5102861E+01  0.8292488E+01  Si
  0.1065861E+02  0.7969364E+01  0.8224236E+01  Si
  0.1217525E+02  0.6522486E+01  0.7118094E+01  Si
  0.1458321E+02  0.8999546E+01  0.6642919E+01  Si
  0.1520376E+02  0.6286532E+01  0.9713890E+01  Si
  0.1219301E+02  0.9108015E+01  0.9423887E+01  Si
  0.1616918E+02  0.5088613E+01  0.5640853E+01  Si
  0.1899275E+02  0.7445930E+01  0.5375655E+01  Si
  0.2054096E+02  0.3513026E+01  0.7037594E+01  Si
  0.1607819E+02  0.7979215E+01  0.8070696E+01  Si
  0.1755400E+02  0.6495148E+01  0.7153449E+01  Si
  0.2076882E+02  0.6401530E+01  0.4078116E+01  Si
  0.2024379E+02  0.6549459E+01  0.9715897E+01  Si
  0.1748252E+02  0.9277448E+01  0.9492912E+01  Si
  0.1149806E+00  0.1045372E+02  0.5607375E+01  Si
  0.2796288E+01  0.1321115E+02  0.5458854E+01  Si
  0.2962348E+01  0.1052030E+02  0.8293678E+01  Si
  0.9735769E-01  0.1340180E+02  0.8081514E+01  Si
  0.1504200E+01  0.1179784E+02  0.6888638E+01  Si
  0.4251089E+01  0.1476127E+02  0.6602829E+01  Si
  0.4255484E+01  0.1197504E+02  0.9382497E+01  Si
  0.1406052E+01  0.1481285E+02  0.9275891E+01  Si
  0.5309953E+01  0.1063327E+02  0.5362209E+01  Si
  0.7990097E+01  0.1323627E+02  0.5536974E+01  Si
  0.8141571E+01  0.1041864E+02  0.7976009E+01  Si
  0.5550717E+01  0.1330094E+02  0.7905225E+01  Si
  0.6771828E+01  0.1177902E+02  0.6859195E+01  Si
  0.9507846E+01  0.1477704E+02  0.6530174E+01  Si
  0.9533344E+01  0.1189460E+02  0.9266864E+01  Si
  0.6522588E+01  0.1459273E+02  0.9510199E+01  Si
  0.1090151E+02  0.1042243E+02  0.5136565E+01  Si
  0.1368263E+02  0.1323508E+02  0.5276044E+01  Si
  0.1326038E+02  0.1048536E+02  0.8041256E+01  Si
  0.1079112E+02  0.1328162E+02  0.7840168E+01  Si
  0.1218925E+02  0.1190930E+02  0.6445054E+01  Si
  0.1492139E+02  0.1452244E+02  0.6666032E+01  Si
  0.1466602E+02  0.1180089E+02  0.9481196E+01  Si
  0.1203271E+02  0.1440890E+02  0.9366888E+01  Si
  0.1608868E+02  0.1031349E+02  0.5236766E+01  Si
  0.1821883E+02  0.1213727E+02  0.4474780E+01  Si
  0.1874488E+02  0.1046228E+02  0.7826287E+01  Si
  0.1606504E+02  0.1310071E+02  0.8093902E+01  Si
  0.1735272E+02  0.1179222E+02  0.6550084E+01  Si
  0.2029374E+02  0.1533227E+02  0.5699536E+01  Si
  0.2141911E+02  0.1332141E+02  0.2525114E+01  Si
  0.1718580E+02  0.1386926E+02  0.9869560E+01  Si
  0.3569654E-01  0.1571278E+02  0.5339568E+01  Si
  0.2501355E+01  0.1857564E+02  0.5498558E+01  Si
  0.2616932E+01  0.1627016E+02  0.7912107E+01  Si
  0.6515687E+02  0.1861416E+02  0.8082688E+01  Si
  0.1174316E+01  0.1731180E+02  0.6619023E+01  Si
  0.4021066E+01  0.2024670E+02  0.6512543E+01  Si
  0.4051723E+01  0.1743182E+02  0.9499138E+01  Si
  0.1262475E+01  0.2006191E+02  0.9412092E+01  Si
  0.5569931E+01  0.1588104E+02  0.5174082E+01  Si
  0.7948697E+01  0.1841573E+02  0.5095075E+01  Si
  0.7816542E+01  0.1590939E+02  0.7877146E+01  Si
  0.5347346E+01  0.1879262E+02  0.8090192E+01  Si
  0.6712030E+01  0.1738096E+02  0.6637493E+01  Si
  0.9405791E+01  0.1998960E+02  0.6599864E+01  Si
  0.9474328E+01  0.1712644E+02  0.9098519E+01  Si
  0.6786059E+01  0.2003662E+02  0.9214798E+01  Si
  0.1087409E+02  0.1582329E+02  0.4894573E+01  Si
  0.1370603E+02  0.1878737E+02  0.5282960E+01  Si
  0.1346112E+02  0.1575861E+02  0.8016721E+01  Si
  0.1070720E+02  0.1853528E+02  0.7795546E+01  Si
  0.1212983E+02  0.1718429E+02  0.6510316E+01  Si
  0.1481436E+02  0.2003023E+02  0.6855509E+01  Si
  0.1491420E+02  0.1712201E+02  0.9207166E+01  Si
  0.1210832E+02  0.1992562E+02  0.9209360E+01  Si
  0.1618573E+02  0.1570832E+02  0.5141299E+01  Si
  0.2492331E+02  0.1974285E+02  0.3473932E+01  Si
  0.1891637E+02  0.1570460E+02  0.7790580E+01  Si
  0.1631019E+02  0.1862324E+02  0.7935496E+01  Si
  0.1748682E+02  0.1730483E+02  0.6680267E+01  Si
  0.2399336E+02  0.1525871E+02  0.4662502E+01  Si
  0.2079289E+02  0.1751757E+02  0.7780263E+01  Si
  0.1744626E+02  0.1985325E+02  0.9509999E+01  Si
  0.6509614E+02  0.2113498E+02  0.1094153E+02  Si
  0.2693577E+01  0.2449990E+01  0.1076926E+02  Si
  0.2848509E+01  0.2099960E+02  0.1356552E+02  Si
  0.1479935E+00  0.2245621E+01  0.1340456E+02  Si
  0.1548862E+01  0.8361965E+00  0.1212991E+02  Si
  0.4012700E+01  0.3657159E+01  0.1218862E+02  Si
  0.4101424E+01  0.8475483E+00  0.1483690E+02  Si
  0.1560809E+01  0.3683674E+01  0.1487418E+02  Si
  0.5385038E+01  0.2128786E+02  0.1071696E+02  Si
  0.8243845E+01  0.2249912E+01  0.1080362E+02  Si
  0.8070574E+01  0.2117864E+02  0.1347265E+02  Si
  0.5420580E+01  0.2256424E+01  0.1364833E+02  Si
  0.6882714E+01  0.9070759E+00  0.1214351E+02  Si
  0.9537841E+01  0.3759672E+01  0.1199237E+02  Si
  0.9532463E+01  0.6958601E+00  0.1461463E+02  Si
  0.6450047E+01  0.3699602E+01  0.1495413E+02  Si
  0.1067394E+02  0.2123296E+02  0.1062038E+02  Si
  0.1332624E+02  0.2003142E+01  0.1068878E+02  Si
  0.1339038E+02  0.2101568E+02  0.1334635E+02  Si
  0.1075695E+02  0.2255469E+01  0.1340022E+02  Si
  0.1199447E+02  0.5875623E+00  0.1195367E+02  Si
  0.1461226E+02  0.3403532E+01  0.1192302E+02  Si
  0.1455190E+02  0.6735499E+00  0.1470378E+02  Si
  0.1208673E+02  0.3807357E+01  0.1480556E+02  Si
  0.1604558E+02  0.2127716E+02  0.1083435E+02  Si
  0.2017728E+02  0.5756625E+00  0.9332379E+01  Si
  0.2554450E+02  0.9724522E+00  0.1551153E+02  Si
  0.1596315E+02  0.2110909E+01  0.1351470E+02  Si
  0.1785583E+02  0.8376175E+00  0.1237006E+02  Si
  0.1932887E+02  0.2208815E+01  0.1099637E+02  Si
  0.2044735E+02  0.3496152E+01  0.1259260E+02  Si
  0.1720805E+02  0.3587374E+01  0.1491727E+02  Si
  0.2905495E+00  0.5373118E+01  0.1100382E+02  Si
  0.2834192E+01  0.7890762E+01  0.1084803E+02  Si
  0.2798816E+01  0.5077740E+01  0.1354437E+02  Si
  0.6512742E+02  0.8048257E+01  0.1345778E+02  Si
  0.1524449E+01  0.6669460E+01  0.1231282E+02  Si
  0.3817766E+01  0.9338466E+01  0.1219464E+02  Si
  0.4069393E+01  0.6312503E+01  0.1484602E+02  Si
  0.1287687E+01  0.9015159E+01  0.1506900E+02  Si
  0.5464796E+01  0.5033134E+01  0.1110516E+02  Si
  0.8202798E+01  0.7746819E+01  0.1061076E+02  Si
  0.7982022E+01  0.4802069E+01  0.1339196E+02  Si
  0.5358017E+01  0.7973270E+01  0.1348498E+02  Si
  0.6809689E+01  0.6508608E+01  0.1215353E+02  Si
  0.9721618E+01  0.8702251E+01  0.1209741E+02  Si
  0.9264721E+01  0.6393528E+01  0.1508534E+02  Si
  0.6840344E+01  0.9087721E+01  0.1474280E+02  Si
  0.1103608E+02  0.5044667E+01  0.1064547E+02  Si
  0.1369369E+02  0.7892428E+01  0.1063779E+02  Si
  0.1356063E+02  0.4972601E+01  0.1350668E+02  Si
  0.1079801E+02  0.7494928E+01  0.1367985E+02  Si
  0.1224152E+02  0.6336399E+01  0.1195256E+02  Si
  0.1485271E+02  0.9334456E+01  0.1224730E+02  Si
  0.1492429E+02  0.6428250E+01  0.1480272E+02  Si
  0.1205057E+02  0.9042548E+01  0.1492372E+02  Si
  0.1628086E+02  0.4875337E+01  0.1096588E+02  Si
  0.1876124E+02  0.7798088E+01  0.1074857E+02  Si
  0.1886627E+02  0.5097266E+01  0.1367351E+02  Si
  0.1626070E+02  0.7855978E+01  0.1319584E+02  Si
  0.1766102E+02  0.6266695E+01  0.1207578E+02  Si
  0.2654305E+02  0.8335503E+01  0.1735535E+02  Si
  0.2040182E+02  0.6791541E+01  0.1416036E+02  Si
  0.1757665E+02  0.8962712E+01  0.1465698E+02  Si
  0.2508683E+00  0.1069785E+02  0.1084117E+02  Si
  0.2724250E+01  0.1334558E+02  0.1048984E+02  Si
  0.2660632E+01  0.1059151E+02  0.1366050E+02  Si
  0.6504535E+02  0.1339267E+02  0.1343295E+02  Si
  0.1642788E+01  0.1222732E+02  0.1219872E+02  Si
  0.4224717E+01  0.1457189E+02  0.1215118E+02  Si
  0.4069095E+01  0.1172716E+02  0.1491568E+02  Si
  0.1286184E+01  0.1454718E+02  0.1493425E+02  Si
  0.5281172E+01  0.1055810E+02  0.1090238E+02  Si
  0.8005499E+01  0.1308161E+02  0.1068446E+02  Si
  0.8098570E+01  0.1023703E+02  0.1332211E+02  Si
  0.5405496E+01  0.1305484E+02  0.1355713E+02  Si
  0.6701530E+01  0.1183064E+02  0.1211787E+02  Si
  0.9527524E+01  0.1429073E+02  0.1208710E+02  Si
  0.9266210E+01  0.1189989E+02  0.1490395E+02  Si
  0.6702379E+01  0.1457205E+02  0.1469844E+02  Si
  0.1080509E+02  0.1052045E+02  0.1074383E+02  Si
  0.1348118E+02  0.1306728E+02  0.1085805E+02  Si
  0.1324902E+02  0.1054974E+02  0.1351456E+02  Si
  0.1090216E+02  0.1292133E+02  0.1349894E+02  Si
  0.1209177E+02  0.1180377E+02  0.1214465E+02  Si
  0.1474598E+02  0.1434503E+02  0.1223061E+02  Si
  0.1462235E+02  0.1169188E+02  0.1491596E+02  Si
  0.1214747E+02  0.1426458E+02  0.1476473E+02  Si
  0.1609605E+02  0.1068522E+02  0.1082923E+02  Si
  0.1840593E+02  0.1073764E+02  0.1346719E+02  Si
  0.2162343E+02  0.1056663E+02  0.1575012E+02  Si
  0.1609749E+02  0.1315459E+02  0.1372759E+02  Si
  0.1739501E+02  0.1242540E+02  0.1177556E+02  Si
  0.2006358E+02  0.1972247E+02  0.1223326E+02  Si
  0.1904881E+02  0.1556364E+02  0.1330516E+02  Si
  0.1747640E+02  0.1449800E+02  0.1480792E+02  Si
  0.1366668E+00  0.1587837E+02  0.1097363E+02  Si
  0.2754496E+01  0.1877198E+02  0.1060275E+02  Si
  0.3033352E+01  0.1600108E+02  0.1366879E+02  Si
  0.9274040E-01  0.1836588E+02  0.1334123E+02  Si
  0.1718572E+01  0.1732996E+02  0.1223494E+02  Si
  0.4159022E+01  0.1988577E+02  0.1213245E+02  Si
  0.4375844E+01  0.1751514E+02  0.1484758E+02  Si
  0.1362196E+01  0.1983806E+02  0.1482793E+02  Si
  0.5284048E+01  0.1605072E+02  0.1073876E+02  Si
  0.8188616E+01  0.1856225E+02  0.1058672E+02  Si
  0.8212136E+01  0.1577594E+02  0.1330704E+02  Si
  0.5616560E+01  0.1873596E+02  0.1347351E+02  Si
  0.6708095E+01  0.1714944E+02  0.1203606E+02  Si
  0.9294228E+01  0.1984883E+02  0.1196816E+02  Si
  0.9332777E+01  0.1714877E+02  0.1481483E+02  Si
  0.6732748E+01  0.2002352E+02  0.1501294E+02  Si
  0.1054388E+02  0.1585888E+02  0.1063933E+02  Si
  0.1335560E+02  0.1842033E+02  0.1067282E+02  Si
  0.1332208E+02  0.1571845E+02  0.1336563E+02  Si
  0.1062014E+02  0.1854823E+02  0.1339406E+02  Si
  0.1212148E+02  0.1702814E+02  0.1193939E+02  Si
  0.1478904E+02  0.1981398E+02  0.1198184E+02  Si
  0.1443029E+02  0.1708624E+02  0.1470324E+02  Si
  0.1198440E+02  0.1992687E+02  0.1468326E+02  Si
  0.1613463E+02  0.1570098E+02  0.1092471E+02  Si
  0.1875083E+02  0.1818594E+02  0.1084871E+02  Si
  0.2090286E+02  0.1418933E+02  0.1380375E+02  Si
  0.1595071E+02  0.1841002E+02  0.1354322E+02  Si
  0.1743543E+02  0.1709149E+02  0.1235117E+02  Si
  0.2081038E+02  0.1635497E+02  0.1632493E+02  Si
  0.2022651E+02  0.1426133E+02  0.1746728E+02  Si
  0.1737152E+02  0.1982602E+02  0.1499815E+02  Si
  0.5913687E-01  0.2138774E+02  0.1619212E+02  Si
  0.2914272E+01  0.2344496E+01  0.1616771E+02  Si
  0.2636365E+01  0.2158510E+02  0.1900244E+02  Si
  0.6499186E+02  0.2436784E+01  0.1900689E+02  Si
  0.1227312E+01  0.1271818E+01  0.1774150E+02  Si
  0.3977224E+01  0.3658287E+01  0.1767421E+02  Si
  0.4153327E+01  0.1009705E+01  0.2036855E+02  Si
  0.1226717E+01  0.3602639E+01  0.2052571E+02  Si
  0.5431050E+01  0.2139635E+02  0.1629385E+02  Si
  0.8132149E+01  0.2471796E+01  0.1603464E+02  Si
  0.8085423E+01  0.2144715E+02  0.1898554E+02  Si
  0.5548535E+01  0.2346418E+01  0.1924097E+02  Si
  0.6718100E+01  0.1013687E+01  0.1756581E+02  Si
  0.9402756E+01  0.3742723E+01  0.1742951E+02  Si
  0.9462406E+01  0.7206119E+00  0.2029009E+02  Si
  0.7075462E+01  0.3909253E+01  0.2029863E+02  Si
  0.1065225E+02  0.2129733E+02  0.1605566E+02  Si
  0.1339220E+02  0.2141460E+01  0.1647016E+02  Si
  0.1327095E+02  0.2155510E+02  0.1879035E+02  Si
  0.1057012E+02  0.2588933E+01  0.1903570E+02  Si
  0.1174530E+02  0.1032285E+01  0.1761665E+02  Si
  0.1489573E+02  0.3764817E+01  0.1773465E+02  Si
  0.1460257E+02  0.1189930E+01  0.2016131E+02  Si
  0.1209120E+02  0.3728712E+01  0.2021301E+02  Si
  0.1613362E+02  0.2116140E+02  0.1620766E+02  Si
  0.1850440E+02  0.2429601E+01  0.1651552E+02  Si
  0.1932454E+02  0.2139399E+02  0.1868249E+02  Si
  0.1626790E+02  0.2534316E+01  0.1894650E+02  Si
  0.1763331E+02  0.8384684E+00  0.1780022E+02  Si
  0.1979008E+02  0.4220151E+01  0.1722471E+02  Si
  0.2020753E+02  0.8084947E+00  0.2072268E+02  Si
  0.1762145E+02  0.3986149E+01  0.2034529E+02  Si
  0.4803589E-01  0.4976311E+01  0.1621265E+02  Si
  0.2740369E+01  0.7512621E+01  0.1632405E+02  Si
  0.2689998E+01  0.4962815E+01  0.1916071E+02  Si
  0.6514481E+02  0.7662849E+01  0.1861666E+02  Si
  0.1435151E+01  0.6111412E+01  0.1754549E+02  Si
  0.4240343E+01  0.8941936E+01  0.1759840E+02  Si
  0.4170807E+01  0.6484605E+01  0.2026438E+02  Si
  0.1265540E+01  0.9146871E+01  0.2002521E+02  Si
  0.5263936E+01  0.5148690E+01  0.1650930E+02  Si
  0.8223550E+01  0.8033258E+01  0.1626347E+02  Si
  0.8067164E+01  0.5270719E+01  0.1877364E+02  Si
  0.5641799E+01  0.7853836E+01  0.1908507E+02  Si
  0.6868053E+01  0.6696463E+01  0.1760342E+02  Si
  0.9433681E+01  0.9265003E+01  0.1786274E+02  Si
  0.9276057E+01  0.6427260E+01  0.2044851E+02  Si
  0.6933818E+01  0.9171401E+01  0.2062630E+02  Si
  0.1073503E+02  0.5280387E+01  0.1610400E+02  Si
  0.1342635E+02  0.7774198E+01  0.1604187E+02  Si
  0.1329743E+02  0.5351425E+01  0.1895639E+02  Si
  0.1050450E+02  0.7859874E+01  0.1887157E+02  Si
  0.1204456E+02  0.6538141E+01  0.1742092E+02  Si
  0.1488073E+02  0.9124503E+01  0.1763413E+02  Si
  0.1491159E+02  0.6236470E+01  0.2021672E+02  Si
  0.1220671E+02  0.8978443E+01  0.2012187E+02  Si
  0.1626341E+02  0.5188451E+01  0.1617030E+02  Si
  0.1908808E+02  0.8001376E+01  0.1597820E+02  Si
  0.1881037E+02  0.5484877E+01  0.1888038E+02  Si
  0.1597119E+02  0.7582032E+01  0.1879859E+02  Si
  0.1778497E+02  0.6954944E+01  0.1723740E+02  Si
  0.2018129E+02  0.9769140E+01  0.1729853E+02  Si
  0.2031010E+02  0.6492556E+01  0.2038290E+02  Si
  0.1735298E+02  0.9099335E+01  0.2002333E+02  Si
  0.1434294E+00  0.1057901E+02  0.1639589E+02  Si
  0.2882808E+01  0.1323380E+02  0.1624594E+02  Si
  0.2868458E+01  0.1037852E+02  0.1894027E+02  Si
  0.6198243E-01  0.1325585E+02  0.1903747E+02  Si
  0.1526045E+01  0.1191358E+02  0.1752061E+02  Si
  0.4277226E+01  0.1472189E+02  0.1764817E+02  Si
  0.3895551E+01  0.1186442E+02  0.2030342E+02  Si
  0.1396552E+01  0.1478260E+02  0.2026721E+02  Si
  0.5529817E+01  0.1039610E+02  0.1627596E+02  Si
  0.8077061E+01  0.1316648E+02  0.1619554E+02  Si
  0.8122047E+01  0.1059173E+02  0.1925458E+02  Si
  0.5618958E+01  0.1310656E+02  0.1892030E+02  Si
  0.6927655E+01  0.1184116E+02  0.1773645E+02  Si
  0.9573505E+01  0.1441036E+02  0.1768338E+02  Si
  0.9613769E+01  0.1182946E+02  0.2056848E+02  Si
  0.6690130E+01  0.1449149E+02  0.2034258E+02  Si
  0.1064102E+02  0.1041824E+02  0.1618870E+02  Si
  0.1317485E+02  0.1303218E+02  0.1627446E+02  Si
  0.1334375E+02  0.1050036E+02  0.1888559E+02  Si
  0.1087296E+02  0.1330665E+02  0.1938858E+02  Si
  0.1180216E+02  0.1178716E+02  0.1762800E+02  Si
  0.1455808E+02  0.1432631E+02  0.1773307E+02  Si
  0.1471854E+02  0.1152591E+02  0.2033044E+02  Si
  0.1243260E+02  0.1442596E+02  0.2070416E+02  Si
  0.1615984E+02  0.1019616E+02  0.1617689E+02  Si
  0.1866889E+02  0.1306269E+02  0.1624404E+02  Si
  0.1843861E+02  0.1067418E+02  0.1860831E+02  Si
  0.1590847E+02  0.1316767E+02  0.1909962E+02  Si
  0.1680318E+02  0.1209913E+02  0.1722899E+02  Si
  0.1978428E+02  0.1734931E+02  0.1445906E+02  Si
  0.2267945E+02  0.9722467E+01  0.1968241E+02  Si
  0.1726528E+02  0.1463845E+02  0.2014436E+02  Si
  0.1528039E+00  0.1594954E+02  0.1649306E+02  Si
  0.2716301E+01  0.1846483E+02  0.1636287E+02  Si
  0.2734993E+01  0.1605376E+02  0.1864295E+02  Si
  0.6512983E+02  0.1887932E+02  0.1919798E+02  Si
  0.1235139E+01  0.1755833E+02  0.1777680E+02  Si
  0.3995835E+01  0.2008534E+02  0.1752160E+02  Si
  0.4016441E+01  0.1721446E+02  0.2034966E+02  Si
  0.1311109E+01  0.2023788E+02  0.2044051E+02  Si
  0.5510436E+01  0.1597211E+02  0.1611594E+02  Si
  0.7952131E+01  0.1849259E+02  0.1623602E+02  Si
  0.8123511E+01  0.1590664E+02  0.1903241E+02  Si
  0.5149427E+01  0.1866727E+02  0.1880726E+02  Si
  0.6686720E+01  0.1712384E+02  0.1750588E+02  Si
  0.9155299E+01  0.2001870E+02  0.1741847E+02  Si
  0.9450174E+01  0.1735380E+02  0.2023479E+02  Si
  0.6568326E+01  0.2000670E+02  0.2019501E+02  Si
  0.1091889E+02  0.1578358E+02  0.1615320E+02  Si
  0.1318032E+02  0.1842953E+02  0.1610656E+02  Si
  0.1340018E+02  0.1579266E+02  0.1881520E+02  Si
  0.1058406E+02  0.1872415E+02  0.1861869E+02  Si
  0.1204804E+02  0.1701480E+02  0.1759285E+02  Si
  0.1458039E+02  0.1986543E+02  0.1752057E+02  Si
  0.1478600E+02  0.1723987E+02  0.2008770E+02  Si
  0.1202872E+02  0.1993893E+02  0.2021340E+02  Si
  0.1593534E+02  0.1553858E+02  0.1630752E+02  Si
  0.1868119E+02  0.1848931E+02  0.1622404E+02  Si
  0.1856111E+02  0.1596274E+02  0.1876022E+02  Si
  0.1595518E+02  0.1856530E+02  0.1882584E+02  Si
  0.1711920E+02  0.1702719E+02  0.1743206E+02  Si
  0.2021493E+02  0.2046052E+02  0.1664051E+02  Si
  0.2004311E+02  0.1751625E+02  0.1991111E+02  Si
  0.1746009E+02  0.2028738E+02  0.1991299E+02  Si
  0.2380303E+02  0.7240242E+01  0.4385355E+01  Si
  0.3029898E+02  0.1162783E+02  0.1349417E+02  Si
  0.3547468E+02  0.4480968E+01  0.1472876E+02  Si
  0.2241583E+02  0.6966588E+00  0.1453684E+02  Si
  0.3085539E+02  0.4670374E+01  0.9814670E+01  Si
  0.2624896E+02  0.8424889E+01  0.1833589E+01  Si
  0.2618973E+02  0.1533594E+02  0.2165840E+02  Si
  0.1901198E+02  0.2120545E+02  0.1384661E+02  Si
  0.2539949E+02  0.5201854E+01  0.2072648E+02  Si
  0.3871696E+02  0.1846904E+02  0.1141223E+02  Si
  0.3089020E+02  0.1780222E+02  0.2586498E+01  Si
  0.4350138E+02  0.2757060E+01  0.1910947E+02  Si
  0.3037689E+02  0.1606245E+02  0.7713324E+01  Si
  0.3475708E+02  0.9176530E+01  0.5214033E+01  Si
  0.3488398E+02  0.1320745E+02  0.1347497E+02  Si
  0.4108607E+02  0.2091906E+02  0.3215026E+01  Si
  0.2275812E+02  0.1712481E+02  0.1303200E+01  Si
  0.2987927E+02  0.1591732E+02  0.1163664E+02  Si
  0.3392331E+02  0.2256232E+01  0.1011974E+02  Si
  0.3276309E+02  0.5903674E+01  0.1300495E+02  Si
  0.3635048E+02  0.3403103E+01  0.7483452E+01  Si
  0.3737902E+02  0.5417415E+01  0.6282617E+01  Si
  0.3911680E+02  0.5962216E+01  0.1561066E+02  Si
  0.3190289E+02  0.1184887E+02  0.1170308E+02  Si
  0.3404669E+02  0.2041348E+02  0.2640979E+00  Si
  0.4207511E+02  0.1217719E+02  0.4210211E+01  Si
  0.3607948E+02  0.1118719E+02  0.1933283E+02  Si
  0.3692737E+02  0.1795792E+02  0.2048033E+02  Si
  0.4050197E+02  0.8061768E+01  0.5550801E+01  Si
  0.2448394E+02  0.1706867E+02  0.8526595E+01  Si
  0.2659870E+02  0.3407715E+01  0.3119258E+01  Si
  0.4182952E+02  0.6901353E+01  0.3873663E+01  Si
  0.2328694E+02  0.5574407E+01  0.9768734E+01  Si
  0.2498375E+02  0.1239231E+02  0.7396101E+01  Si
  0.2652526E+02  0.1813703E+02  0.1375613E+02  Si
  0.3099661E+02  0.1419166E+02  0.2027397E+02  Si
  0.2296755E+02  0.1023893E+02  0.8883888E+01  Si
  0.2556270E+02  0.1769488E+02  0.1683874E+02  Si
  0.3101730E+02  0.1717498E+02  0.1519455E+02  Si
  0.3770548E+02  0.2991130E+00  0.1619080E+02  Si
  0.2294563E+02  0.1439176E+02  0.1510933E+02  Si
  0.2885340E+02  0.1294138E+02  0.3741704E+01  Si
  0.3820316E+02  0.1612522E+02  0.7126008E+00  Si
  0.2696849E+02  0.1146455E+01  0.2851166E+01  Si
  0.3169933E+02  0.4086599E+01  0.1289134E+01  Si
  0.3902791E+02  0.1624292E+02  0.1190155E+02  Si
  0.3427382E+02  0.1607623E+02  0.1847240E+02  Si
  0.2216373E+02  0.1663646E+02  0.5734907E+01  Si
  0.4075537E+02  0.2045261E+01  0.1658758E+02  Si
  0.3937559E+02  0.2081429E+02  0.5689622E+01  Si
  0.3614829E+02  0.1248911E+02  0.9750233E+01  Si
  0.4005988E+02  0.4585625E+01  0.2170245E+02  Si
  0.2728354E+02  0.1658506E+02  0.1694751E+01  Si
  0.2467780E+02  0.2092336E+02  0.1360605E+02  Si
  0.3891843E+02  0.1017416E+02  0.1816043E+02  Si
  0.3729826E+02  0.1615186E+02  0.1615809E+02  Si
  0.3731445E+02  0.2108843E+02  0.6637785E+01  Si
  0.3213658E+02  0.2563069E+01  0.2806429E+01  Si
  0.3562767E+02  0.1893619E+02  0.1059933E+02  Si
  0.4192921E+02  0.3109435E+01  0.3484385E+00  Si
  0.2368019E+02  0.1464879E+02  0.1761142E+02  Si
  0.2448562E+02  0.9465779E+01  0.5240668E+01  Si
  0.4044005E+02  0.7972818E+01  0.1091419E+02  Si
  0.3169707E+02  0.7572205E+01  0.1846104E+01  Si
  0.2382556E+02  0.1670432E+01  0.2734543E+01  Si
  0.2265816E+02  0.6971786E+00  0.1691332E+02  Si
  0.2270639E+02  0.2013431E+02  0.1586357E+02  Si
  0.2417422E+02  0.4567354E+01  0.5164672E+01  Si
  0.2147506E+02  0.1267754E+02  0.1194185E+02  Si
  0.3264215E+02  0.1817096E+02  0.4000064E+01  Si
  0.3325973E+02  0.1576096E+02  0.4295130E+01  Si
  0.3226076E+02  0.2785399E+01  0.2111582E+02  Si
  0.2275670E+02  0.6478829E+01  0.7529373E+01  Si
  0.3367941E+02  0.1450992E+02  0.1673796E+02  Si
  0.2651106E+02  0.1204267E+02  0.9482442E+01  Si
  0.2140522E+02  0.8118895E+01  0.8511219E+01  Si
  0.3924057E+02  0.1473784E+02  0.1516753E+02  Si
  0.2585219E+02  0.2094091E+02  0.1900702E+02  Si
  0.3678288E+02  0.9995771E+01  0.2152032E+02  Si
  0.2617641E+02  0.1726524E+02  0.6303219E+01  Si
  0.2019198E+02  0.1226542E+02  0.8254322E+01  Si
  0.3945188E+02  0.9613787E+01  0.9351010E+01  Si
  0.3702918E+02  0.1701993E+02  0.1403771E+02  Si
  0.3362175E+02  0.9534126E+01  0.9100680E+01  Si
  0.2364332E+02  0.5683090E+01  0.6220142E+00  Si
  0.1981315E+02  0.1227548E+02  0.1985639E+02  Si
  0.3537101E+02  0.1323148E+01  0.3219110E+01  Si
  0.3263140E+02  0.2170103E+02  0.7230941E+01  Si
  0.3600834E+02  0.1427353E+01  0.1219617E+02  Si
  0.3548670E+02  0.6946913E+01  0.1717110E+02  Si
  0.3606338E+02  0.1560324E+02  0.9728210E+01  Si
  0.3572466E+02  0.1050623E+02  0.8093119E+01  Si
  0.2241944E+02  0.1578435E+02  0.8039368E+01  Si
  0.4104255E+02  0.1695501E+02  0.1873910E+02  Si
  0.3586072E+02  0.1679347E+02  0.6092759E+00  Si
  0.2977276E+02  0.1598813E+01  0.1095297E+02  Si
  0.2873736E+02  0.2808593E+01  0.1515114E+02  Si
  0.3127944E+02  0.2818503E+01  0.1491466E+02  Si
  0.2585917E+02  0.1589889E+02  0.1295593E+02  Si
  0.3014088E+02  0.1040833E+02  0.7299825E+01  Si
  0.2339963E+02  0.1657169E+02  0.1623288E+02  Si
  0.2691494E+02  0.1672551E+01  0.5755244E+01  Si
  0.2575485E+02  0.4925826E+01  0.9453345E+01  Si
  0.3352981E+02  0.8911502E+01  0.1318020E+02  Si
  0.3417489E+02  0.1790950E+02  0.1680672E+02  Si
  0.3838270E+02  0.2523088E+01  0.1608417E+02  Si
  0.2420201E+02  0.2488598E+01  0.1663957E+02  Si
  0.2914285E+02  0.1874763E+02  0.2048459E+02  Si
  0.2167627E+02  0.4771767E+01  0.2145327E+02  Si
  0.3863630E+02  0.1386946E+02  0.1058829E+01  Si
  0.3485582E+02  0.1023757E+02  0.1497003E+02  Si
  0.3824489E+02  0.7864839E+01  0.1453409E+02  Si
  0.2235518E+02  0.1184983E+02  0.9829253E+00  Si
  0.4236704E+02  0.1151272E+01  0.3675757E+01  Si
  0.4061165E+02  0.1851484E+02  0.1697700E+02  Si
  0.2771440E+02  0.1414476E+02  0.2032244E+02  Si
  0.4219993E+02  0.6632666E+01  0.1480896E+02  Si
  0.4205572E+02  0.2007500E+02  0.1250161E+02  Si
  0.3459804E+02  0.2289457E+01  0.4473620E-01  Si
  0.2130549E+02  0.1841838E+02  0.2735152E+01  Si
  0.3803477E+02  0.1470916E+02  0.1877022E+02  Si
  0.4085842E+02  0.1159165E+02  0.1885236E+02  Si
  0.4105917E+02  0.1575086E+02  0.3095721E+01  Si
  0.3943638E+02  0.8791514E+01  0.2066548E+02  Si
  0.3220481E+02  0.2055412E+02  0.1432639E+02  Si
  0.3119771E+02  0.1518714E+02  0.5512321E+01  Si
  0.2151990E+02  0.1620752E+02  0.2119111E+02  Si
  0.3640829E+02  0.8572651E+00  0.8048111E+00  Si
  0.3445883E+02  0.1882179E+02  0.2767908E+01  Si
  0.2830365E+02  0.1106501E+02  0.1952600E+02  Si
  0.2845128E+02  0.9513551E+01  0.4410832E+01  Si
  0.3065887E+02  0.6088949E+01  0.1198785E+02  Si
  0.2241773E+02  0.1577792E+02  0.1136018E+02  Si
  0.2015834E+02  0.1972712E+02  0.6626333E+01  Si
  0.1868760E+02  0.1862476E+02  0.5220317E+01  Si
  0.4116733E+02  0.8222972E+01  0.1624547E+02  Si
  0.2754614E+02  0.4158777E+01  0.1173469E+01  Si
  0.3102306E+02  0.3114767E+00  0.3057048E+01  Si
  0.4218864E+02  0.1448485E+02  0.1418856E+01  Si
  0.2742589E+02  0.2054936E+01  0.8176745E+01  Si
  0.3576672E+02  0.1919034E+02  0.1804908E+02  Si
  0.4334656E+02  0.1324130E+02  0.1885135E+02  Si
  0.2931457E+02  0.1890630E+02  0.1547459E+02  Si
  0.2873267E+02  0.3057837E+01  0.4652306E+01  Si
  0.2848712E+02  0.5584946E+01  0.2865563E+01  Si
  0.2676228E+02  0.2007927E+02  0.1232156E+02  Si
  0.3600696E+02  0.1349448E+02  0.1864443E+02  Si
  0.3596704E+02  0.1412143E+02  0.1541796E+02  Si
  0.3073074E+02  0.1895413E+02  0.1352159E+02  Si
  0.2314695E+02  0.1342330E+02  0.2081152E+02  Si
  0.2729696E+02  0.2120894E+02  0.8120280E+01  Si
  0.3844506E+02  0.1872044E+02  0.1374606E+02  Si
  0.3915918E+02  0.2049567E+02  0.1521665E+02  Si
  0.4098172E+02  0.1096887E+02  0.8097166E+01  Si
  0.3380613E+02  0.1509400E+02  0.1435632E+02  Si
  0.3644594E+02  0.8769200E+00  0.1833367E+02  Si
  0.4228973E+02  0.6638903E+01  0.2053653E+02  Si
  0.4090137E+02  0.1373637E+02  0.1101991E+02  Si
  0.4062379E+02  0.5310322E+01  0.8196710E+01  Si
  0.3836446E+02  0.1544033E+02  0.6637901E+01  Si
  0.4131438E+02  0.2168908E+02  0.8125892E+01  Si
  0.3600118E+02  0.1948260E+02  0.1269905E+01  Si
  0.2617581E+02  0.1513423E+02  0.5128522E+01  Si
  0.1956544E+02  0.1435638E+02  0.9537719E+01  Si
  0.2162585E+02  0.8447507E+01  0.3242322E+01  Si
  0.3510425E+02  0.4058955E-01  0.1638086E+02  Si
  0.2034423E+02  0.6198709E+00  0.4164070E+01  Si
  0.2390405E+02  0.8855322E+01  0.2427721E+01  Si
  0.2200441E+02  0.9580010E+01  0.5376609E+01  Si
  0.2170583E+02  0.4593119E+00  0.8480645E+00  Si
  0.2181240E+02  0.2732021E+01  0.1797248E+02  Si
  0.2142998E+02  0.5517577E+01  0.1159567E+02  Si
  0.2823925E+02  0.2130560E+02  0.1040031E+02  Si
  0.2428574E+02  0.1196623E+02  0.1753501E+02  Si
  0.2822770E+02  0.7149728E+01  0.1608560E+02  Si
  0.3433734E+02  0.9412792E+01  0.5814183E-02  Si
  0.3393522E+02  0.1102518E+02  0.1896193E+01  Si
  0.3783788E+02  0.8681088E+01  0.8125564E+01  Si
  0.3634580E+02  0.5894800E+01  0.2118240E+02  Si
  0.4103140E+02  0.1900176E+02  0.1070782E+02  Si
  0.2939338E+02  0.1503978E+02  0.3412799E+00  Si
  0.3791366E+02  0.7622301E+01  0.3958241E+00  Si
  0.2007176E+02  0.9137619E+01  0.6808702E+01  Si
  0.3946610E+02  0.3677922E+01  0.9277111E+01  Si
  0.2350284E+02  0.2309817E+01  0.2105377E+02  Si
  0.3506155E+02  0.2043382E+02  0.6935172E+01  Si
  0.3585603E+02  0.2029670E+02  0.2025367E+02  Si
  0.3479217E+02  0.1139687E+02  0.1716588E+02  Si
  0.2157684E+02  0.2105409E+02  0.1098036E+02  Si
  0.2682693E+02  0.1366265E+02  0.7114476E+01  Si
  0.3547001E+02  0.8211711E+01  0.9320241E+01  Si
  0.2678412E+02  0.1055511E+02  0.1319025E+02  Si
  0.2723931E+02  0.7289304E+01  0.3642094E+01  Si
  0.3293746E+02  0.1265980E+02  0.1777308E+02  Si
  0.3038423E+02  0.1779000E+02  0.1860895E+02  Si
  0.2887445E+02  0.1434104E+02  0.1007708E+02  Si
  0.3794045E+02  0.4292084E+01  0.1113364E+02  Si
  0.2902704E+02  0.1800493E+02  0.8062410E+01  Si
  0.4207219E+02  0.9608889E+01  0.1318996E+01  Si
  0.2117708E+02  0.7994922E+01  0.1860703E+02  Si
  0.2017143E+02  0.8612729E+00  0.1547441E+02  Si
  0.2686318E+02  0.1084342E+02  0.1770588E+02  Si
  0.2793509E+02  0.1963430E+02  0.1846744E+02  Si
  0.3068649E+02  0.1224671E+02  0.1710998E+02  Si
  0.2754352E+02  0.7394679E+01  0.7460755E+01  Si
  0.2643176E+02  0.5817780E+01  0.1719243E+02  Si
  0.4219130E+02  0.2001322E+02  0.1352935E+01  Si
  0.4209608E+02  0.1712995E+02  0.9325245E+01  Si
  0.2823935E+02  0.1467317E+02  0.1704746E+02  Si
  0.2350599E+02  0.1638906E+02  0.1360797E+02  Si
  0.3682650E+02  0.1226680E+02  0.6692835E+01  Si
  0.3314380E+02  0.7623690E+01  0.1710301E+02  Si
  0.4079030E+02  0.1322898E+02  0.1604987E+02  Si
  0.2682319E+02  0.1950025E+02  0.1580206E+02  Si
  0.3267005E+02  0.9541547E+01  0.1832863E+02  Si
  0.2469753E+02  0.1351976E+02  0.1024639E+01  Si
  0.3691655E+02  0.1519859E+02  0.1213986E+02  Si
  0.4194318E+02  0.3979896E+01  0.1264236E+02  Si
  0.2777472E+02  0.5752737E+00  0.1977980E+02  Si
  0.4207968E+02  0.9376135E+01  0.6724898E+01  Si
  0.3420468E+02  0.2106600E+02  0.1057533E+02  Si
  0.4228554E+02  0.9634950E+01  0.1777809E+02  Si
  0.3964091E+02  0.5926170E+01  0.1179161E+02  Si
  0.2322526E+02  0.1568845E+02  0.1977374E+02  Si
  0.3665525E+02  0.1530941E+01  0.5911593E+01  Si
  0.2931420E+02  0.7179012E+01  0.1047871E+01  Si
  0.2731401E+02  0.1129187E+02  0.4055936E+01  Si
  0.2443672E+02  0.1758013E+02  0.1076885E+02  Si
  0.3006221E+02  0.1322978E+02  0.5574740E+01  Si
  0.3339617E+02  0.1135206E+02  0.1348123E+02  Si
  0.4087126E+02  0.4965388E+01  0.1930420E+02  Si
  0.3002464E+02  0.9409454E+01  0.9636466E+01  Si
  0.3211906E+02  0.1220091E+02  0.6648272E+00  Si
  0.2317700E+02  0.1490317E+02  0.2407741E+01  Si
  0.2366601E+02  0.8092111E+01  0.1405550E-03  Si
  0.3236516E+02  0.1191757E+01  0.4975078E+01  Si
  0.4193443E+02  0.6654375E+01  0.9624865E+01  Si
  0.3617415E+02  0.1672984E+02  0.6730157E+01  Si
  0.3450623E+02  0.1319091E+02  0.6306586E+00  Si
  0.2707164E+02  0.1205231E+02  0.2122325E+02  Si
  0.2683340E+02  0.1071789E+02  0.1687582E+01  Si
  0.3264550E+02  0.6640674E+01  0.8057316E+01  Si
  0.3910190E+02  0.6847324E+01  0.7036350E+01  Si
  0.3809509E+02  0.1347996E+02  0.1334643E+02  Si
  0.2967941E+02  0.5114931E+01  0.1542006E+02  Si
  0.2447482E+02  0.2186911E+01  0.4887338E+01  Si
  0.3967873E+02  0.1702286E+02  0.1779562E+01  Si
  0.3900428E+02  0.1662301E+02  0.2025437E+02  Si
  0.2370755E+02  0.4367337E+01  0.1226652E+02  Si
  0.2501627E+02  0.2026259E+02  0.1663987E+02  Si
  0.2172844E+02  0.2111626E+01  0.7983571E+01  Si
  0.3179063E+02  0.1567726E+02  0.2307749E+01  Si
  0.4048565E+02  0.1212419E+02  0.6152436E+01  Si
  0.3434457E+02  0.1135852E+02  0.1107906E+02  Si
  0.4224997E+02  0.9127000E+01  0.1203110E+02  Si
  0.4055755E+02  0.1867996E+02  0.3377284E+00  Si
  0.2365119E+02  0.1304638E+02  0.5475904E+01  Si
  0.2699854E+02  0.8376852E+01  0.9756271E+01  Si
  0.3468601E+02  0.5450231E+00  0.8550327E+01  Si
  0.2148373E+02  0.1048690E+02  0.1094251E+02  Si
  0.2141784E+02  0.1364852E+02  0.1933191E+02  Si
  0.3162159E+02  0.1139525E+02  0.5535919E+01  Si
  0.3497304E+02  0.7087572E+01  0.1007016E+01  Si
  0.2429506E+02  0.3513407E+01  0.1441100E+02  Si
  0.2539195E+02  0.1129910E+02  0.1951074E+02  Si
  0.2557297E+02  0.1007639E+02  0.7298537E+01  Si
  0.4136120E+02  0.2596153E+01  0.5283859E+01  Si
  0.2676874E+02  0.1772689E+02  0.1149846E+02  Si
  0.2437042E+02  0.1437992E+02  0.1177004E+02  Si
  0.3257235E+02  0.1721293E+02  0.8022318E+01  Si
  0.4014069E+02  0.1142056E+01  0.6708181E+01  Si
  0.3170310E+02  0.4475079E+01  0.1668648E+02  Si
  0.4264015E+02  0.2009110E+02  0.6857231E+01  Si
  0.3587730E+02  0.1945018E+02  0.4512029E+01  Si
  0.3065101E+02  0.9885193E+01  0.1689201E+02  Si
  0.3762225E+02  0.3062632E+00  0.8694660E+01  Si
  0.3341398E+02  0.1471211E+01  0.1527895E+02  Si
  0.3808298E+02  0.1141429E+02  0.1034111E+02  Si
  0.3804388E+02  0.7668708E+01  0.1209638E+02  Si
  0.4072632E+02  0.2138696E+02  0.1346632E+02  Si
  0.3799448E+02  0.2048218E+02  0.1827131E+02  Si
  0.3073123E+02  0.8960030E+01  0.5164801E+01  Si
  0.3828783E+02  0.1967703E+01  0.1108277E+00  Si
  0.3033209E+02  0.2051619E+02  0.1156977E+02  Si
  0.3752437E+02  0.2372309E+01  0.3732266E+01  Si
  0.2770508E+02  0.2911707E+01  0.1073940E+02  Si
  0.3472493E+02  0.3160288E+01  0.1657840E+02  Si
  0.3636062E+02  0.1139745E+02  0.1355399E+02  Si
  0.2380763E+02  0.2142952E+02  0.1285170E+01  Si
  0.2443884E+02  0.1107084E+02  0.1576344E+01  Si
  0.3054297E+02  0.3602602E+01  0.6631242E+01  Si
  0.3622538E+02  0.1868833E+02  0.8198702E+01  Si
  0.2762402E+02  0.4684168E+01  0.1409385E+02  Si
  0.2828074E+02  0.1668891E+02  0.9734641E+01  Si
  0.2921987E+02  0.1939155E+01  0.2581077E+01  Si
  0.2340356E+02  0.9982402E+01  0.1244539E+02  Si
  0.2784852E+02  0.1451307E+02  0.1298034E+02  Si
  0.3338063E+02  0.1599008E+02  0.1208108E+02  Si
  0.4077270E+02  0.2566222E+01  0.1095287E+02  Si
  0.2986820E+02  0.8679530E+01  0.1209842E+02  Si
  0.4200269E+02  0.2029535E+02  0.1808373E+02  Si
  0.3933417E+02  0.3005944E+01  0.1387315E+02  Si
  0.3242194E+02  0.4216657E+01  0.8158679E+01  Si
  0.4213789E+02  0.1222468E+02  0.9487840E+01  Si
  0.3380252E+02  0.8596310E+00  0.1226760E+02  Si
  0.2556880E+02  0.9059027E+01  0.1177636E+02  Si
  0.3971088E+02  0.9521662E+01  0.1500427E+02  Si
  0.2663624E+02  0.5064000E+01  0.1183715E+02  Si
  0.2189071E+02  0.2070372E+02  0.5187324E+01  Si
  0.2205165E+02  0.1406259E+02  0.9846176E+01  Si
  0.4241659E+02  0.1740588E+02  0.4216126E+01  Si
  0.4198148E+02  0.1751853E+02  0.1523946E+02  Si
  0.2509782E+02  0.5586369E+01  0.7148667E+01  Si
  0.3447068E+02  0.7863264E+01  0.6985468E+01  Si
  0.3071474E+02  0.2111499E+02  0.5283733E+01  Si
  0.3944879E+02  0.1921102E+01  0.2228009E+01  Si
  0.2983431E+02  0.4459886E+01  0.1834233E+02  Si
  0.4062802E+02  0.1119087E+02  0.2510170E+01  Si
  0.3473761E+02  0.9143822E+01  0.1941477E+02  Si
  0.4081642E+02  0.1590565E+02  0.1378674E+02  Si
  0.2126263E+02  0.2737292E+01  0.2012426E+02  Si
  0.3043199E+02  0.1341219E+02  0.1858279E+01  Si
  0.2409486E+02  0.1866665E+02  0.1295355E+02  Si
  0.2519372E+02  0.8914480E+01  0.1914672E+02  Si
  0.2589096E+02  0.2790014E+01  0.2150582E+02  Si
  0.2273244E+02  0.1884556E+02  0.8159382E+01  Si
  0.2867518E+02  0.1174000E+02  0.1006426E+02  Si
  0.2988303E+02  0.1539564E+02  0.1398430E+02  Si
  0.1884784E+02  0.5062185E+01  0.8446074E+01  Si
  0.3012212E+02  0.9428966E+01  0.1449391E+02  Si
  0.3886889E+02  0.1147538E+02  0.1603840E+02  Si
  0.3840278E+02  0.7668478E+01  0.1872380E+02  Si
  0.3641235E+02  0.1018009E+02  0.1167963E+02  Si
  0.2235546E+02  0.7958487E+01  0.1536974E+02  Si
  0.3276872E+02  0.3073938E+01  0.1798989E+02  Si
  0.2970165E+02  0.3122260E+01  0.4343518E+00  Si
  0.3659818E+02  0.1072242E+02  0.2059949E+01  Si
  0.3112529E+02  0.1926498E+02  0.8332434E+01  Si
  0.3305843E+02  0.4445356E+01  0.1102527E+02  Si
  0.2544429E+02  0.8160108E+01  0.1470169E+02  Si
  0.3437582E+02  0.6757749E+01  0.4861846E+01  Si
  0.3674348E+02  0.1984377E+02  0.1257385E+02  Si
  0.2795731E+02  0.9704698E+01  0.6602313E+01  Si
  0.3290381E+02  0.4765719E+01  0.1987349E+02  Si
  0.2742964E+02  0.1727541E+02  0.1853184E+02  Si
  0.4069646E+02  0.5949385E+01  0.1961457E+01  Si
  0.2764714E+02  0.8450229E+00  0.1242653E+02  Si
  0.4166138E+02  0.1427998E+02  0.6541784E+01  Si
  0.3771317E+02  0.2142245E+02  0.1117908E+02  Si
  0.3559407E+02  0.3862835E+01  0.1995623E+02  Si
  0.3610935E+02  0.8249960E+01  0.1535957E+02  Si
  0.2551977E+02  0.5679868E+01  0.1497563E+02  Si
  0.2640307E+02  0.1505718E+02  0.1843823E+02  Si
  0.3845383E+02  0.1907713E+02  0.7812905E+01  Si
  0.3386289E+02  0.1902903E+02  0.1322629E+02  Si
  0.3909956E+02  0.1909293E+02  0.2019209E+02  Si
  0.2397317E+02  0.1240387E+02  0.1276640E+02  Si
  0.2664308E+02  0.1570205E+02  0.8229933E+01  Si
  0.2172426E+02  0.1173268E+02  0.6309442E+01  Si
  0.2377850E+02  0.9894908E+01  0.1484146E+02  Si
  0.2108135E+02  0.1067437E+02  0.2111479E+02  Si
  0.3485963E+02  0.1725443E+02  0.1473775E+02  Si
  0.3209923E+02  0.1634989E+02  0.1935415E+02  Si
  0.2210122E+02  0.1153811E+02  0.1818533E+02  Si
  0.4100735E+02  0.1928532E+02  0.5025971E+01  Si
  0.3748831E+02  0.1402941E+02  0.8387083E+01  Si
  0.3956685E+02  0.2061354E+02  0.9478989E+01  Si
  0.3206162E+02  0.8072838E+01  0.2093907E+02  Si
  0.3965450E+02  0.1766880E+02  0.6133061E+01  Si
  0.3674225E+02  0.3345795E+01  0.1780526E+02  Si
  0.3212022E+02  0.6424326E+01  0.3915405E+01  Si
  0.3126096E+02  0.5467637E+00  0.1279247E+02  Si
  0.3077781E+02  0.1985464E+02  0.1714378E+02  Si
  0.2435240E+02  0.1254812E+02  0.1525745E+02  Si
  0.3690596E+02  0.1729655E+02  0.4615023E+01  Si
  0.3907139E+02  0.1479149E+02  0.1003976E+02  Si
  0.2646037E+02  0.1154921E+02  0.1542954E+02  Si
  0.3450680E+02  0.1513144E+02  0.2093621E+02  Si
  0.2352275E+02  0.5989993E+00  0.1201632E+02  Si
  0.4085994E+02  0.3817757E+01  0.3051706E+01  Si
  0.2571773E+02  0.1901747E+02  0.2068203E+02  Si
  0.3401800E+02  0.1415191E+02  0.9705041E+01  Si
  0.4070629E+02  0.5582153E+00  0.1887374E+02  Si
  0.4228140E+02  0.1285596E+01  0.9756044E+01  Si
  0.1991164E+02  0.1208700E+02  0.1467561E+02  Si
  0.3155035E+02  0.6301917E+01  0.1848751E+02  Si
  0.2924459E+02  0.1744886E+02  0.8362349E+00  Si
  0.3891783E+02  0.1629802E+02  0.4245566E+01  Si
  0.2485228E+02  0.6645632E+01  0.1289809E+02  Si
  0.3328487E+02  0.1406011E+02  0.6028325E+01  Si
  0.2976151E+02  0.1688604E+02  0.4339328E+01  Si
  0.2844694E+02  0.2066345E+02  0.5889594E+01  Si
  0.4209256E+02  0.4104057E+01  0.6829129E+01  Si
  0.2513064E+02  0.9986620E+01  0.9557923E+01  Si
  0.3026199E+02  0.4930251E+01  0.4340377E+01  Si
  0.2439682E+02  0.3459238E+01  0.1356186E+01  Si
  0.3527923E+02  0.1290489E+02  0.5140399E+01  Si
  0.2794376E+02  0.1332479E+02  0.1504482E+02  Si
  0.3100304E+02  0.9944378E+01  0.5637098E+00  Si
  0.2652661E+02  0.2587549E+01  0.1387100E+02  Si
  0.3540823E+02  0.5508004E+01  0.2929743E+01  Si
  0.3699614E+02  0.9438427E+01  0.4093250E+01  Si
  0.2764345E+02  0.9174783E+01  0.1481498E+02  Si
  0.3329810E+02  0.1071270E+02  0.7167378E+01  Si
  0.3866292E+02  0.1088929E+02  0.5332586E+01  Si
  0.2801090E+02  0.5870060E+01  0.1909900E+02  Si
  0.3920669E+02  0.3918461E+01  0.4956888E+01  Si
  0.3199047E+02  0.1429176E+02  0.1130013E+02  Si
  0.2850567E+02  0.1210887E+02  0.1231175E+02  Si
  0.3293031E+02  0.5969063E+01  0.2230055E+00  Si
  0.2909384E+02  0.1675547E+02  0.1672532E+02  Si
  0.2920767E+02  0.5876997E+01  0.6512477E+01  Si
  0.3110415E+02  0.6609358E+00  0.1581613E+02  Si
  0.4210266E+02  0.8773728E+00  0.1509754E+02  Si
  0.4062222E+02  0.1568225E+02  0.7955741E+01  Si
  0.2956804E+02  0.7509622E+01  0.1790857E+02  Si
  0.2810416E+02  0.1520105E+02  0.3453253E+01  Si
  0.3834056E+02  0.6342607E+00  0.1968863E+02  Si
  0.2493702E+02  0.1138983E+02  0.3882988E+01  Si
  0.2213748E+02  0.5016530E+01  0.5779622E+01  Si
  0.2388532E+02  0.9803327E+00  0.9912174E+01  Si
  0.2312105E+02  0.1027515E+01  0.6427894E+01  Si
  0.3338263E+02  0.2009587E+02  0.1743874E+02  Si
  0.2892135E+02  0.2797950E+01  0.1998503E+02  Si
  0.3903355E+02  0.2165481E+02  0.3500510E+01  Si
  0.2646493E+02  0.1425370E+02  0.1039743E+02  Si
  0.2185994E+02  0.3169759E+01  0.1433489E+02  Si
  0.2251165E+02  0.7231808E+01  0.1300643E+02  Si
  0.3056816E+02  0.1354999E+02  0.1493954E+02  Si
  0.4223823E+02  0.1186885E+02  0.1473049E+02  Si
  0.3947413E+02  0.9222170E+01  0.3788970E+01  Si
  0.2916951E+02  0.7791429E+00  0.1408895E+02  Si
  0.3539958E+02  0.7970484E+01  0.1190788E+02  Si
  0.4044564E+02  0.5218888E+01  0.1398906E+02  Si
  0.4021797E+02  0.6743281E+01  0.1778163E+02  Si
  0.2888385E+02  0.9436900E+01  0.2058621E+01  Si
  0.3832944E+02  0.2103366E+01  0.7765960E+01  Si
  0.2612759E+02  0.5639176E+00  0.6830521E+00  Si
  0.2989152E+02  0.2137214E+02  0.1878418E+02  Si
  0.3431452E+02  0.1550539E+02  0.7611042E+01  Si
  0.3698969E+02  0.3377218E+01  0.1321273E+02  Si
  0.2848575E+02  0.7009527E+01  0.1108375E+02  Si
  0.3848881E+02  0.1127293E+02  0.2046605E+02  Si
  0.2662331E+02  0.2127212E+02  0.4495341E+01  Si
  0.3368450E+02  0.1130454E+02  0.4152708E+01  Si
  0.3120399E+02  0.1444665E+02  0.8993133E+01  Si
  0.3347476E+02  0.7624077E+00  0.1640899E+01  Si
  0.3654660E+02  0.1665472E+02  0.1845740E+02  Si
  0.3270751E+02  0.1832804E+02  0.9811412E+00  Si
  0.3741349E+02  0.1325552E+02  0.1691540E+02  Si
  0.3100551E+02  0.1679272E+01  0.1942170E+02  Si
  0.3441987E+02  0.2123799E+02  0.1410820E+02  Si
  0.3470575E+02  0.6781636E+01  0.1397958E+02  Si
  0.3897838E+02  0.7263763E+01  0.2599158E+01  Si
  0.2446593E+02  0.6488288E+01  0.1882314E+02  Si
  0.3642726E+02  0.2495274E+01  0.1009713E+02  Si
  0.3632696E+02  0.7359073E+01  0.1950401E+02  Si
  0.2414104E+02  0.1826304E+02  0.5140919E+01  Si
  0.2169186E+02  0.1874199E+02  0.1398258E+02  Si
  0.2498997E+02  0.2115585E+02  0.8501744E+01  Si
  0.2434895E+02  0.1901289E+02  0.9901133E+00  Si
  0.3726176E+02  0.1351263E+02  0.2082237E+02  Si
  0.2128500E+02  0.5025978E+01  0.1568910E+02  Si
  0.3841147E+02  0.1237003E+02  0.2768539E+01  Si
  0.4209842E+02  0.1197950E+02  0.2079365E+02  Si
  0.2605008E+02  0.8035999E+01  0.2108749E+02  Si
  0.3765799E+02  0.5403828E+01  0.3824576E+01  Si
  0.3601724E+02  0.1301098E+02  0.2766624E+01  Si
  0.2884778E+02  0.1244080E+02  0.7776621E+01  Si
  0.3455651E+02  0.3428413E+01  0.2233274E+01  Si
  0.2263641E+02  0.2033468E+02  0.3034171E+01  Si
  0.3773873E+02  0.2075053E+02  0.5947051E-01  Si
  0.3697023E+02  0.5337188E+01  0.1640781E+02  Si
  0.3765596E+02  0.3981307E+01  0.2152107E+02  Si
  0.3209872E+02  0.1938239E+02  0.6207922E+01  Si
  0.2274562E+02  0.1226211E+02  0.8324655E+01  Si
  0.3824477E+02  0.1839506E+02  0.1615289E+02  Si
  0.3280275E+02  0.1277787E+02  0.8075453E+01  Si
  0.2941842E+02  0.1322122E+02  0.1885035E+02  Si
  0.4057659E+02  0.1251277E+02  0.4386838E+00  Si
  0.3316336E+02  0.1290614E+02  0.2024370E+02  Si
  0.2585241E+02  0.7450792E+01  0.5735344E+01  Si
  0.3203748E+02  0.9406026E+01  0.1122264E+02  Si
  0.3523437E+02  0.1663093E+02  0.2993256E+01  Si
  0.2842484E+02  0.1828623E+02  0.5986490E+01  Si
  0.2079073E+02  0.1834316E+02  0.1769571E+02  Si
  0.3663599E+02  0.2114889E+02  0.2865707E+01  Si
  0.3960227E+02  0.1209402E+02  0.1213001E+02  Si
  0.3118442E+02  0.7061920E+01  0.6334495E+01  Si
  0.3940874E+02  0.1134599E+01  0.1224167E+02  Si
  0.2895195E+02  0.3995263E+01  0.8185336E+01  Si
  0.1994849E+02  0.1598787E+02  0.1116763E+02  Si
  0.2533470E+02  0.1673033E+02  0.1990632E+02  Si
  0.3222371E+02  0.1588554E+02  0.2161122E+02  Si
  0.2262555E+02  0.6283504E+01  0.1732844E+02  Si
  0.3234415E+02  0.1813711E+02  0.1165792E+02  Si
  0.4192657E+02  0.3663488E+01  0.1776000E+02  Si
  0.3036196E+02  0.9315798E+01  0.1939338E+02  Si
  0.3229617E+02  0.1997276E+02  0.1025383E+02  Si
  0.2556186E+02  0.2540315E+01  0.9641409E+01  Si
  0.4237677E+02  0.1483663E+02  0.1243956E+02  Si
  0.2347902E+02  0.1971276E+02  0.1020043E+02  Si
  0.3047530E+02  0.6954531E+01  0.9618599E+01  Si
  0.1974437E+02  0.9236019E+01  0.1199413E+02  Si
  0.2041451E+02  0.3318794E+01  0.1415856E+01  Si
  0.3409260E+02  0.1728450E+02  0.9991327E+01  Si
  0.2762431E+02  0.2036049E+02  0.2149487E+02  Si
  0.4095566E+02  0.7704973E+01  0.2674932E+00  Si
  0.4106727E+02  0.1068744E+02  0.1330814E+02  Si
  0.2676939E+02  0.1901271E+02  0.1495376E+01  Si
  0.3475468E+02  0.4362411E+01  0.9228620E+01  Si
  0.4204979E+02  0.1754631E+02  0.2066751E+02  Si
  0.4343606E+02  0.2134451E+02  0.1184379E-01  Si
  0.4623062E+02  0.2362634E+01  0.8768256E-01  Si
  0.4622739E+02  0.2154816E+02  0.2352094E+01  Si
  0.4356712E+02  0.2618699E+01  0.2191373E+01  Si
  0.4473586E+02  0.9077219E+00  0.1099316E+01  Si
  0.4747703E+02  0.3824886E+01  0.1293062E+01  Si
  0.4723236E+02  0.1228075E+01  0.3908581E+01  Si
  0.4464427E+02  0.4141248E+01  0.3768730E+01  Si
  0.4862830E+02  0.2147767E+02  0.5355649E-01  Si
  0.5183393E+02  0.2225421E+01  0.2403700E+00  Si
  0.5154945E+02  0.2151210E+02  0.2653937E+01  Si
  0.4886479E+02  0.2507288E+01  0.2688231E+01  Si
  0.5000961E+02  0.1095996E+01  0.1292225E+01  Si
  0.5320147E+02  0.3816996E+01  0.1189386E+01  Si
  0.5279515E+02  0.1214561E+01  0.4050059E+01  Si
  0.4993272E+02  0.3723642E+01  0.4229983E+01  Si
  0.5435537E+02  0.2143514E+02  0.2168144E+02  Si
  0.5715391E+02  0.2233304E+01  0.2171641E+02  Si
  0.5691383E+02  0.2129677E+02  0.2882441E+01  Si
  0.5445576E+02  0.2525333E+01  0.2843128E+01  Si
  0.5574581E+02  0.8156470E+00  0.1552269E+01  Si
  0.5840233E+02  0.3767958E+01  0.1100760E+01  Si
  0.5821593E+02  0.8243127E+00  0.4240292E+01  Si
  0.5581758E+02  0.3820372E+01  0.4356222E+01  Si
  0.5985950E+02  0.2135415E+02  0.2154537E+02  Si
  0.6232572E+02  0.2389823E+01  0.2156591E+02  Si
  0.6244481E+02  0.2170414E+02  0.2903803E+01  Si
  0.5943178E+02  0.2153918E+01  0.2734630E+01  Si
  0.6107568E+02  0.9588750E+00  0.1305062E+01  Si
  0.6370918E+02  0.3652681E+01  0.1131696E+01  Si
  0.6389859E+02  0.9807305E+00  0.4125633E+01  Si
  0.6111113E+02  0.3514490E+01  0.4164324E+01  Si
  0.4352850E+02  0.5058492E+01  0.1831218E+00  Si
  0.4648426E+02  0.8019246E+01  0.2154258E+02  Si
  0.4625293E+02  0.5486525E+01  0.2714907E+01  Si
  0.4331502E+02  0.7971371E+01  0.2785080E+01  Si
  0.4482345E+02  0.6759295E+01  0.1182710E+01  Si
  0.4787796E+02  0.9402561E+01  0.1166440E+01  Si
  0.4761994E+02  0.6620518E+01  0.4142153E+01  Si
  0.4470719E+02  0.9377739E+01  0.3977154E+01  Si
  0.4898472E+02  0.5084392E+01  0.2156387E+02  Si
  0.5170117E+02  0.7643228E+01  0.1085227E+00  Si
  0.5141467E+02  0.4899964E+01  0.2623218E+01  Si
  0.4874465E+02  0.7735300E+01  0.2372384E+01  Si
  0.5022261E+02  0.6485013E+01  0.1217689E+01  Si
  0.5298034E+02  0.9030800E+01  0.1716848E+01  Si
  0.5288231E+02  0.6378812E+01  0.4225733E+01  Si
  0.5026289E+02  0.8908944E+01  0.4029061E+01  Si
  0.5431671E+02  0.5089477E+01  0.2166767E+02  Si
  0.5696292E+02  0.7882844E+01  0.2170351E+02  Si
  0.5716205E+02  0.5068638E+01  0.2675831E+01  Si
  0.5427184E+02  0.7629861E+01  0.2933100E+01  Si
  0.5571614E+02  0.6437616E+01  0.1530083E+01  Si
  0.5828635E+02  0.9096063E+01  0.1224787E+01  Si
  0.5849509E+02  0.6623260E+01  0.3846742E+01  Si
  0.5566006E+02  0.8972695E+01  0.4164506E+01  Si
  0.5947485E+02  0.5137454E+01  0.2127513E+02  Si
  0.6208494E+02  0.7966438E+01  0.2161924E+02  Si
  0.6242638E+02  0.4772101E+01  0.2673469E+01  Si
  0.5992175E+02  0.7911104E+01  0.2559057E+01  Si
  0.6098932E+02  0.6177757E+01  0.1214987E+01  Si
  0.6378863E+02  0.8971926E+01  0.1531368E+01  Si
  0.6387246E+02  0.6357723E+01  0.3865591E+01  Si
  0.6106726E+02  0.9071387E+01  0.4307646E+01  Si
  0.4376940E+02  0.1074495E+02  0.3405055E+00  Si
  0.4635021E+02  0.1369097E+02  0.1588685E+00  Si
  0.4624849E+02  0.1051819E+02  0.2572103E+01  Si
  0.4372891E+02  0.1315985E+02  0.2874691E+01  Si
  0.4520939E+02  0.1215927E+02  0.1522866E+01  Si
  0.4784809E+02  0.1462303E+02  0.1417754E+01  Si
  0.4777196E+02  0.1179732E+02  0.3951496E+01  Si
  0.4473623E+02  0.1469940E+02  0.4187399E+01  Si
  0.4912885E+02  0.1084545E+02  0.2144765E+02  Si
  0.5176390E+02  0.1321761E+02  0.2042977E+00  Si
  0.5167709E+02  0.1035091E+02  0.3165554E+01  Si
  0.4925797E+02  0.1302498E+02  0.2914322E+01  Si
  0.5041684E+02  0.1169508E+02  0.1306679E+01  Si
  0.5290985E+02  0.1486278E+02  0.1551532E+01  Si
  0.5299474E+02  0.1205727E+02  0.4339764E+01  Si
  0.5042274E+02  0.1474303E+02  0.4088237E+01  Si
  0.5440341E+02  0.1038975E+02  0.3574162E+00  Si
  0.5702754E+02  0.1337223E+02  0.1794153E+00  Si
  0.5702683E+02  0.1034661E+02  0.2644806E+01  Si
  0.5432920E+02  0.1354535E+02  0.2897705E+01  Si
  0.5554185E+02  0.1207546E+02  0.1675247E+01  Si
  0.5852909E+02  0.1482753E+02  0.1491624E+01  Si
  0.5839476E+02  0.1184242E+02  0.4226116E+01  Si
  0.5583531E+02  0.1471140E+02  0.4157289E+01  Si
  0.5966632E+02  0.1077092E+02  0.2315193E+00  Si
  0.6229800E+02  0.1334876E+02  0.9684374E-01  Si
  0.6261489E+02  0.1031276E+02  0.3050944E+01  Si
  0.5970785E+02  0.1330828E+02  0.2811391E+01  Si
  0.6113309E+02  0.1185449E+02  0.1583949E+01  Si
  0.6361552E+02  0.1453512E+02  0.1245439E+01  Si
  0.6392677E+02  0.1188094E+02  0.4266337E+01  Si
  0.6126076E+02  0.1473154E+02  0.4024222E+01  Si
  0.4343557E+02  0.1582634E+02  0.4214728E-02  Si
  0.4611298E+02  0.1861847E+02  0.2171025E+02  Si
  0.4589680E+02  0.1577131E+02  0.2513167E+01  Si
  0.4361894E+02  0.1881818E+02  0.2701559E+01  Si
  0.4480984E+02  0.1732144E+02  0.1348994E+01  Si
  0.4744487E+02  0.1992808E+02  0.1405932E+01  Si
  0.4745994E+02  0.1722525E+02  0.3889973E+01  Si
  0.4517527E+02  0.2005023E+02  0.3925758E+01  Si
  0.4886931E+02  0.1623874E+02  0.1732721E-01  Si
  0.5159940E+02  0.1889816E+02  0.2165971E+02  Si
  0.5146260E+02  0.1633529E+02  0.2868949E+01  Si
  0.4873064E+02  0.1869780E+02  0.2884434E+01  Si
  0.5015132E+02  0.1764013E+02  0.1538953E+01  Si
  0.5302005E+02  0.2019762E+02  0.1443373E+01  Si
  0.5294066E+02  0.1737419E+02  0.4345425E+01  Si
  0.5027993E+02  0.2022404E+02  0.4027499E+01  Si
  0.5440846E+02  0.1615539E+02  0.1660822E+00  Si
  0.5730045E+02  0.1898063E+02  0.1671695E+00  Si
  0.5723928E+02  0.1618717E+02  0.2929876E+01  Si
  0.5436891E+02  0.1864930E+02  0.2751340E+01  Si
  0.5586105E+02  0.1753270E+02  0.1441148E+01  Si
  0.5855743E+02  0.2037781E+02  0.1491495E+01  Si
  0.5875053E+02  0.1749321E+02  0.4095855E+01  Si
  0.5566432E+02  0.2001875E+02  0.4293115E+01  Si
  0.5969484E+02  0.1626822E+02  0.9437140E-01  Si
  0.6243239E+02  0.1904572E+02  0.2709789E+00  Si
  0.6263138E+02  0.1597910E+02  0.2672424E+01  Si
  0.6013052E+02  0.1909573E+02  0.2690133E+01  Si
  0.6130418E+02  0.1750351E+02  0.1451226E+01  Si
  0.6387957E+02  0.2049158E+02  0.1427789E+01  Si
  0.6398771E+02  0.1712183E+02  0.4039461E+01  Si
  0.6131217E+02  0.2034879E+02  0.4062568E+01  Si
  0.4379599E+02  0.2151287E+02  0.5233104E+01  Si
  0.4596769E+02  0.2753582E+01  0.5051073E+01  Si
  0.4592506E+02  0.2132148E+02  0.8095865E+01  Si
  0.4339842E+02  0.2526288E+01  0.8012627E+01  Si
  0.4494296E+02  0.1264065E+01  0.6715165E+01  Si
  0.4736357E+02  0.3879144E+01  0.6563645E+01  Si
  0.4747533E+02  0.9199440E+00  0.9505179E+01  Si
  0.4461583E+02  0.3749704E+01  0.9787625E+01  Si
  0.4877185E+02  0.7184458E-01  0.5374730E+01  Si
  0.5158135E+02  0.2492106E+01  0.5483624E+01  Si
  0.5158136E+02  0.2166530E+02  0.8270696E+01  Si
  0.4863900E+02  0.2638639E+01  0.8133760E+01  Si
  0.4996775E+02  0.1236940E+01  0.6898884E+01  Si
  0.5302317E+02  0.3795115E+01  0.6902407E+01  Si
  0.5291653E+02  0.1187305E+01  0.9601368E+01  Si
  0.4989412E+02  0.3868380E+01  0.9631385E+01  Si
  0.5423957E+02  0.2149526E+02  0.5508309E+01  Si
  0.5716925E+02  0.2306011E+01  0.5733153E+01  Si
  0.5718124E+02  0.2159271E+02  0.8232730E+01  Si
  0.5437389E+02  0.2403855E+01  0.8303026E+01  Si
  0.5549767E+02  0.1021025E+01  0.6952545E+01  Si
  0.5848620E+02  0.3885285E+01  0.6647827E+01  Si
  0.5841489E+02  0.1294891E+01  0.9618427E+01  Si
  0.5557384E+02  0.4189943E+01  0.9361367E+01  Si
  0.5999016E+02  0.2136299E+02  0.5479690E+01  Si
  0.6251190E+02  0.2171949E+01  0.5575939E+01  Si
  0.6258386E+02  0.2126442E+02  0.8324841E+01  Si
  0.5970024E+02  0.2529046E+01  0.8058734E+01  Si
  0.6112897E+02  0.9447971E+00  0.6860094E+01  Si
  0.6369284E+02  0.3815513E+01  0.6957593E+01  Si
  0.6379336E+02  0.1053259E+01  0.9425317E+01  Si
  0.6144390E+02  0.3662304E+01  0.9569139E+01  Si
  0.4318722E+02  0.5531174E+01  0.5292866E+01  Si
  0.4600080E+02  0.7993723E+01  0.5282273E+01  Si
  0.4556224E+02  0.5012421E+01  0.7939012E+01  Si
  0.4330870E+02  0.8062364E+01  0.7958663E+01  Si
  0.4455551E+02  0.6649985E+01  0.6564370E+01  Si
  0.4760362E+02  0.9299497E+01  0.6868666E+01  Si
  0.4710039E+02  0.6520318E+01  0.9280034E+01  Si
  0.4477807E+02  0.9461216E+01  0.9438871E+01  Si
  0.4864901E+02  0.5435295E+01  0.5653294E+01  Si
  0.5158030E+02  0.7709160E+01  0.5641832E+01  Si
  0.5156796E+02  0.5203260E+01  0.8461350E+01  Si
  0.4869005E+02  0.7963131E+01  0.8283795E+01  Si
  0.5022434E+02  0.6516428E+01  0.6993953E+01  Si
  0.5280897E+02  0.9211663E+01  0.6861603E+01  Si
  0.5302172E+02  0.6615117E+01  0.9459261E+01  Si
  0.5033657E+02  0.9210828E+01  0.9489788E+01  Si
  0.5439962E+02  0.4965899E+01  0.5468178E+01  Si
  0.5714025E+02  0.7840738E+01  0.5296707E+01  Si
  0.5718381E+02  0.5129494E+01  0.7981633E+01  Si
  0.5422189E+02  0.7875600E+01  0.8155058E+01  Si
  0.5574730E+02  0.6549198E+01  0.6599288E+01  Si
  0.5856414E+02  0.9157508E+01  0.6827594E+01  Si
  0.5853119E+02  0.6533652E+01  0.9405747E+01  Si
  0.5542339E+02  0.9312613E+01  0.9411352E+01  Si
  0.5991164E+02  0.5099745E+01  0.5195577E+01  Si
  0.6263270E+02  0.7602360E+01  0.5570797E+01  Si
  0.6249061E+02  0.5287323E+01  0.8306138E+01  Si
  0.5991543E+02  0.7753190E+01  0.8211864E+01  Si
  0.6110357E+02  0.6480034E+01  0.6681868E+01  Si
  0.6371324E+02  0.9188865E+01  0.6924252E+01  Si
  0.6401424E+02  0.6468420E+01  0.9773570E+01  Si
  0.6112434E+02  0.9446301E+01  0.9702315E+01  Si
  0.4346602E+02  0.1061189E+02  0.5493145E+01  Si
  0.4608748E+02  0.1325799E+02  0.5063426E+01  Si
  0.4626374E+02  0.1065201E+02  0.8118837E+01  Si
  0.4327404E+02  0.1346144E+02  0.8165576E+01  Si
  0.4488398E+02  0.1214044E+02  0.6695575E+01  Si
  0.4763348E+02  0.1453008E+02  0.6456971E+01  Si
  0.4774180E+02  0.1210517E+02  0.9294059E+01  Si
  0.4473534E+02  0.1473424E+02  0.9456509E+01  Si
  0.4901551E+02  0.1032364E+02  0.5327656E+01  Si
  0.5144265E+02  0.1359559E+02  0.5528580E+01  Si
  0.5146308E+02  0.1044850E+02  0.8091374E+01  Si
  0.4902705E+02  0.1343574E+02  0.8226319E+01  Si
  0.5039844E+02  0.1184154E+02  0.6641494E+01  Si
  0.5296681E+02  0.1463408E+02  0.6684945E+01  Si
  0.5271970E+02  0.1197483E+02  0.9441241E+01  Si
  0.5007478E+02  0.1490947E+02  0.9787556E+01  Si
  0.5435766E+02  0.1046277E+02  0.5556752E+01  Si
  0.5699104E+02  0.1329232E+02  0.5534263E+01  Si
  0.5706361E+02  0.1051704E+02  0.8079481E+01  Si
  0.5416220E+02  0.1300785E+02  0.7966038E+01  Si
  0.5579529E+02  0.1181323E+02  0.6716839E+01  Si
  0.5862240E+02  0.1453225E+02  0.6702470E+01  Si
  0.5824709E+02  0.1177826E+02  0.9557517E+01  Si
  0.5560175E+02  0.1460954E+02  0.9264363E+01  Si
  0.5979809E+02  0.1033373E+02  0.5470924E+01  Si
  0.6256975E+02  0.1347083E+02  0.5585985E+01  Si
  0.6255269E+02  0.1072406E+02  0.8291374E+01  Si
  0.5974120E+02  0.1316673E+02  0.8222832E+01  Si
  0.6120790E+02  0.1178993E+02  0.6761713E+01  Si
  0.6395419E+02  0.1469888E+02  0.6922131E+01  Si
  0.6394548E+02  0.1214307E+02  0.9675997E+01  Si
  0.6116490E+02  0.1457928E+02  0.9501669E+01  Si
  0.4324212E+02  0.1591282E+02  0.5743332E+01  Si
  0.4619813E+02  0.1873927E+02  0.5418647E+01  Si
  0.4640237E+02  0.1562184E+02  0.8065834E+01  Si
  0.4373372E+02  0.1825917E+02  0.8287522E+01  Si
  0.4512787E+02  0.1701562E+02  0.6812033E+01  Si
  0.4748963E+02  0.2024873E+02  0.6753684E+01  Si
  0.4761652E+02  0.1752285E+02  0.9361553E+01  Si
  0.4469587E+02  0.1989259E+02  0.9620379E+01  Si
  0.4894113E+02  0.1609794E+02  0.5423947E+01  Si
  0.5180635E+02  0.1912808E+02  0.5654677E+01  Si
  0.5163380E+02  0.1615312E+02  0.8201722E+01  Si
  0.4907122E+02  0.1896442E+02  0.8093879E+01  Si
  0.5043561E+02  0.1739537E+02  0.6743583E+01  Si
  0.5297504E+02  0.2027778E+02  0.6996654E+01  Si
  0.5318491E+02  0.1750484E+02  0.9461347E+01  Si
  0.5042721E+02  0.2028212E+02  0.9509565E+01  Si
  0.5456330E+02  0.1598522E+02  0.5658423E+01  Si
  0.5732960E+02  0.1869704E+02  0.5475533E+01  Si
  0.5718608E+02  0.1577875E+02  0.8129895E+01  Si
  0.5444524E+02  0.1873735E+02  0.8122077E+01  Si
  0.5609236E+02  0.1738588E+02  0.6920212E+01  Si
  0.5853558E+02  0.2023168E+02  0.6759618E+01  Si
  0.5831263E+02  0.1724959E+02  0.9493702E+01  Si
  0.5575000E+02  0.2011703E+02  0.9652331E+01  Si
  0.6008185E+02  0.1609145E+02  0.5528053E+01  Si
  0.6265418E+02  0.1853773E+02  0.5193641E+01  Si
  0.6251570E+02  0.1607359E+02  0.8260899E+01  Si
  0.5970941E+02  0.1868479E+02  0.8141588E+01  Si
  0.6131485E+02  0.1742850E+02  0.6847633E+01  Si
  0.6374110E+02  0.1997761E+02  0.6747186E+01  Si
  0.6389396E+02  0.1737023E+02  0.9663493E+01  Si
  0.6116078E+02  0.2016538E+02  0.9512510E+01  Si
  0.4324232E+02  0.2132677E+02  0.1092235E+02  Si
  0.4601824E+02  0.2327966E+01  0.1086844E+02  Si
  0.4606133E+02  0.2130185E+02  0.1389378E+02  Si
  0.4352966E+02  0.2288936E+01  0.1379435E+02  Si
  0.4485863E+02  0.1040599E+01  0.1220883E+02  Si
  0.4736045E+02  0.3919813E+01  0.1218729E+02  Si
  0.4745429E+02  0.1101504E+01  0.1504085E+02  Si
  0.4477817E+02  0.3907092E+01  0.1512380E+02  Si
  0.4884659E+02  0.2147837E+02  0.1086582E+02  Si
  0.5137367E+02  0.2532982E+01  0.1096724E+02  Si
  0.5155117E+02  0.2121914E+02  0.1370592E+02  Si
  0.4876600E+02  0.2473761E+01  0.1325952E+02  Si
  0.5021976E+02  0.1124896E+01  0.1209634E+02  Si
  0.5258700E+02  0.4037363E+01  0.1224401E+02  Si
  0.5282624E+02  0.1051352E+01  0.1488315E+02  Si
  0.5007192E+02  0.3845086E+01  0.1479924E+02  Si
  0.5420513E+02  0.2160580E+02  0.1072076E+02  Si
  0.5695433E+02  0.2736385E+01  0.1062873E+02  Si
  0.5684496E+02  0.2152907E+02  0.1307075E+02  Si
  0.5399012E+02  0.2461396E+01  0.1360238E+02  Si
  0.5548665E+02  0.1261047E+01  0.1196583E+02  Si
  0.5841906E+02  0.3627278E+01  0.1246849E+02  Si
  0.5834322E+02  0.8926239E+00  0.1494595E+02  Si
  0.5558654E+02  0.3735656E+01  0.1494892E+02  Si
  0.5969423E+02  0.2168884E+02  0.1077755E+02  Si
  0.6281887E+02  0.2380606E+01  0.1084341E+02  Si
  0.6260825E+02  0.2139842E+02  0.1365280E+02  Si
  0.5990799E+02  0.2171753E+01  0.1364315E+02  Si
  0.6127083E+02  0.1044181E+01  0.1204005E+02  Si
  0.6401397E+02  0.3888367E+01  0.1248647E+02  Si
  0.6399825E+02  0.1013906E+01  0.1483966E+02  Si
  0.6111363E+02  0.3677657E+01  0.1511145E+02  Si
  0.4324661E+02  0.5346781E+01  0.1106231E+02  Si
  0.4598454E+02  0.8023574E+01  0.1074860E+02  Si
  0.4618683E+02  0.5393226E+01  0.1368090E+02  Si
  0.4359048E+02  0.8001195E+01  0.1324482E+02  Si
  0.4474022E+02  0.6521797E+01  0.1212960E+02  Si
  0.4730452E+02  0.9378397E+01  0.1198839E+02  Si
  0.4756064E+02  0.6450942E+01  0.1510976E+02  Si
  0.4509326E+02  0.9282877E+01  0.1454692E+02  Si
  0.4861932E+02  0.5196992E+01  0.1080967E+02  Si
  0.5168480E+02  0.7903543E+01  0.1069302E+02  Si
  0.5118763E+02  0.5311116E+01  0.1356626E+02  Si
  0.4882575E+02  0.8028030E+01  0.1334931E+02  Si
  0.5007458E+02  0.6657950E+01  0.1197970E+02  Si
  0.5296243E+02  0.9323095E+01  0.1223800E+02  Si
  0.5254548E+02  0.6412778E+01  0.1500995E+02  Si
  0.4992175E+02  0.9375545E+01  0.1510253E+02  Si
  0.5426399E+02  0.5193881E+01  0.1087676E+02  Si
  0.5687529E+02  0.7950828E+01  0.1057276E+02  Si
  0.5692525E+02  0.5274068E+01  0.1380265E+02  Si
  0.5413215E+02  0.7622044E+01  0.1356059E+02  Si
  0.5582887E+02  0.6529993E+01  0.1225580E+02  Si
  0.5807247E+02  0.9209072E+01  0.1231995E+02  Si
  0.5812460E+02  0.6652050E+01  0.1505975E+02  Si
  0.5538238E+02  0.9067730E+01  0.1528276E+02  Si
  0.5982778E+02  0.5105287E+01  0.1093770E+02  Si
  0.6238932E+02  0.7788808E+01  0.1061445E+02  Si
  0.6241200E+02  0.5303432E+01  0.1370804E+02  Si
  0.5955801E+02  0.7964308E+01  0.1361160E+02  Si
  0.6111693E+02  0.6573711E+01  0.1236839E+02  Si
  0.6374627E+02  0.9371781E+01  0.1204363E+02  Si
  0.6379654E+02  0.6414939E+01  0.1490404E+02  Si
  0.6120730E+02  0.9153831E+01  0.1493653E+02  Si
  0.4339729E+02  0.1070857E+02  0.1063021E+02  Si
  0.4645526E+02  0.1339748E+02  0.1055557E+02  Si
  0.4611772E+02  0.1092539E+02  0.1331435E+02  Si
  0.4348790E+02  0.1317308E+02  0.1357675E+02  Si
  0.4472963E+02  0.1205975E+02  0.1194046E+02  Si
  0.4764909E+02  0.1451034E+02  0.1217179E+02  Si
  0.4736901E+02  0.1202339E+02  0.1479486E+02  Si
  0.4462414E+02  0.1468658E+02  0.1490459E+02  Si
  0.4901907E+02  0.1078696E+02  0.1078368E+02  Si
  0.5147908E+02  0.1330618E+02  0.1088174E+02  Si
  0.5146562E+02  0.1055224E+02  0.1366555E+02  Si
  0.4887490E+02  0.1319722E+02  0.1369740E+02  Si
  0.5016084E+02  0.1178680E+02  0.1232572E+02  Si
  0.5306779E+02  0.1484069E+02  0.1218724E+02  Si
  0.5298647E+02  0.1196870E+02  0.1475009E+02  Si
  0.5047322E+02  0.1439312E+02  0.1500812E+02  Si
  0.5423258E+02  0.1082042E+02  0.1085036E+02  Si
  0.5692339E+02  0.1321243E+02  0.1056528E+02  Si
  0.5682704E+02  0.1046909E+02  0.1371822E+02  Si
  0.5435455E+02  0.1345393E+02  0.1343067E+02  Si
  0.5574898E+02  0.1212884E+02  0.1216419E+02  Si
  0.5840070E+02  0.1449678E+02  0.1201995E+02  Si
  0.5818306E+02  0.1191649E+02  0.1526666E+02  Si
  0.5572644E+02  0.1468925E+02  0.1500043E+02  Si
  0.5943630E+02  0.1065156E+02  0.1078258E+02  Si
  0.6210150E+02  0.1309777E+02  0.1103414E+02  Si
  0.6239350E+02  0.1071516E+02  0.1338597E+02  Si
  0.5947706E+02  0.1315541E+02  0.1388653E+02  Si
  0.6053101E+02  0.1190186E+02  0.1242393E+02  Si
  0.6373249E+02  0.1437872E+02  0.1194657E+02  Si
  0.6395232E+02  0.1180037E+02  0.1482215E+02  Si
  0.6135423E+02  0.1429644E+02  0.1514794E+02  Si
  0.4333332E+02  0.1602497E+02  0.1089994E+02  Si
  0.4613610E+02  0.1883331E+02  0.1088058E+02  Si
  0.4633049E+02  0.1598810E+02  0.1368578E+02  Si
  0.4349117E+02  0.1841712E+02  0.1350466E+02  Si
  0.4501689E+02  0.1715384E+02  0.1224679E+02  Si
  0.4726219E+02  0.2024056E+02  0.1216529E+02  Si
  0.4767927E+02  0.1723249E+02  0.1491682E+02  Si
  0.4472079E+02  0.1975723E+02  0.1516501E+02  Si
  0.4878087E+02  0.1625660E+02  0.1119099E+02  Si
  0.5194694E+02  0.1883840E+02  0.1086361E+02  Si
  0.5160176E+02  0.1606970E+02  0.1375244E+02  Si
  0.4869927E+02  0.1874701E+02  0.1334835E+02  Si
  0.5052539E+02  0.1747311E+02  0.1235760E+02  Si
  0.5311883E+02  0.2015877E+02  0.1234109E+02  Si
  0.5292015E+02  0.1742379E+02  0.1520192E+02  Si
  0.5014479E+02  0.2001727E+02  0.1493622E+02  Si
  0.5444261E+02  0.1611450E+02  0.1089915E+02  Si
  0.5734814E+02  0.1879671E+02  0.1096273E+02  Si
  0.5720490E+02  0.1599552E+02  0.1357547E+02  Si
  0.5427250E+02  0.1857028E+02  0.1367495E+02  Si
  0.5578697E+02  0.1723876E+02  0.1233392E+02  Si
  0.5854486E+02  0.2020602E+02  0.1223921E+02  Si
  0.5867902E+02  0.1730284E+02  0.1480739E+02  Si
  0.5569899E+02  0.2012571E+02  0.1487079E+02  Si
  0.5976526E+02  0.1585927E+02  0.1086860E+02  Si
  0.6243178E+02  0.1871765E+02  0.1090784E+02  Si
  0.6252249E+02  0.1560645E+02  0.1365784E+02  Si
  0.5992564E+02  0.1866734E+02  0.1352088E+02  Si
  0.6114444E+02  0.1714989E+02  0.1224521E+02  Si
  0.6377319E+02  0.1993466E+02  0.1234094E+02  Si
  0.6410086E+02  0.1696820E+02  0.1486084E+02  Si
  0.6140157E+02  0.1993351E+02  0.1490209E+02  Si
  0.4352639E+02  0.2131566E+02  0.1646333E+02  Si
  0.4622366E+02  0.2571090E+01  0.1634577E+02  Si
  0.4600163E+02  0.2151527E+02  0.1884551E+02  Si
  0.4224938E+02  0.1446802E+01  0.2033774E+02  Si
  0.4466216E+02  0.1346086E+01  0.1768620E+02  Si
  0.4752886E+02  0.3768147E+01  0.1790011E+02  Si
  0.4736303E+02  0.1166465E+01  0.2020652E+02  Si
  0.4506267E+02  0.3944032E+01  0.2030087E+02  Si
  0.4875157E+02  0.2143268E+02  0.1624617E+02  Si
  0.5141538E+02  0.2463240E+01  0.1619482E+02  Si
  0.5148064E+02  0.2126966E+02  0.1912400E+02  Si
  0.4921020E+02  0.2615584E+01  0.1904291E+02  Si
  0.5015350E+02  0.9352466E+00  0.1748539E+02  Si
  0.5273645E+02  0.3842612E+01  0.1764817E+02  Si
  0.5301975E+02  0.8063472E+00  0.2048492E+02  Si
  0.5046937E+02  0.3720088E+01  0.2056659E+02  Si
  0.5420467E+02  0.2126211E+02  0.1637478E+02  Si
  0.5701946E+02  0.2520093E+01  0.1629259E+02  Si
  0.5701552E+02  0.2143188E+02  0.1903926E+02  Si
  0.5403830E+02  0.2294638E+01  0.1889806E+02  Si
  0.5552582E+02  0.9987153E+00  0.1768880E+02  Si
  0.5816528E+02  0.4037137E+01  0.1782249E+02  Si
  0.5849016E+02  0.1234244E+01  0.2016844E+02  Si
  0.5547889E+02  0.3360149E+01  0.2029275E+02  Si
  0.5967173E+02  0.2118086E+02  0.1620939E+02  Si
  0.6257759E+02  0.2286267E+01  0.1625788E+02  Si
  0.6229387E+02  0.2147586E+02  0.1900472E+02  Si
  0.5972662E+02  0.2382362E+01  0.1870348E+02  Si
  0.6107107E+02  0.8115772E+00  0.1743042E+02  Si
  0.6367932E+02  0.3838504E+01  0.1766499E+02  Si
  0.6362299E+02  0.1086092E+01  0.2009506E+02  Si
  0.6097329E+02  0.3652853E+01  0.2017611E+02  Si
  0.4349108E+02  0.5234141E+01  0.1646808E+02  Si
  0.4628080E+02  0.8000417E+01  0.1637226E+02  Si
  0.4619743E+02  0.5273859E+01  0.1913201E+02  Si
  0.4346385E+02  0.8040645E+01  0.1917612E+02  Si
  0.4473034E+02  0.6674326E+01  0.1779639E+02  Si
  0.4751896E+02  0.9291961E+01  0.1778752E+02  Si
  0.4774528E+02  0.6587384E+01  0.2034822E+02  Si
  0.4483199E+02  0.9293685E+01  0.2054815E+02  Si
  0.4893380E+02  0.4930456E+01  0.1644829E+02  Si
  0.5144246E+02  0.7750738E+01  0.1636882E+02  Si
  0.5164109E+02  0.4939694E+01  0.1926616E+02  Si
  0.4906798E+02  0.7922213E+01  0.1909587E+02  Si
  0.5015088E+02  0.6531163E+01  0.1791046E+02  Si
  0.5282547E+02  0.9287054E+01  0.1755160E+02  Si
  0.5311996E+02  0.6462359E+01  0.2039572E+02  Si
  0.5042685E+02  0.9147268E+01  0.2047324E+02  Si
  0.5411928E+02  0.5130680E+01  0.1630511E+02  Si
  0.5684034E+02  0.7757168E+01  0.1661613E+02  Si
  0.5674903E+02  0.5149328E+01  0.1927207E+02  Si
  0.5431636E+02  0.8078243E+01  0.1892702E+02  Si
  0.5540709E+02  0.6283535E+01  0.1789855E+02  Si
  0.5834728E+02  0.9244864E+01  0.1765491E+02  Si
  0.5811705E+02  0.6509939E+01  0.2038687E+02  Si
  0.5561144E+02  0.9446423E+01  0.2040305E+02  Si
  0.5961520E+02  0.5350894E+01  0.1638313E+02  Si
  0.6226095E+02  0.7763107E+01  0.1636604E+02  Si
  0.6237779E+02  0.5027756E+01  0.1908579E+02  Si
  0.5965450E+02  0.7746338E+01  0.1895953E+02  Si
  0.6099449E+02  0.6414108E+01  0.1778335E+02  Si
  0.6378310E+02  0.9036917E+01  0.1747521E+02  Si
  0.6353297E+02  0.6572373E+01  0.2023526E+02  Si
  0.6083192E+02  0.9597220E+01  0.2049274E+02  Si
  0.4368208E+02  0.1059499E+02  0.1628236E+02  Si
  0.4602352E+02  0.1346567E+02  0.1625560E+02  Si
  0.4618088E+02  0.1075685E+02  0.1927531E+02  Si
  0.4174472E+02  0.1465305E+02  0.1778715E+02  Si
  0.4501907E+02  0.1187194E+02  0.1777801E+02  Si
  0.4737862E+02  0.1503564E+02  0.1748657E+02  Si
  0.4752291E+02  0.1240544E+02  0.2038852E+02  Si
  0.4472034E+02  0.1443146E+02  0.2023879E+02  Si
  0.4865471E+02  0.1100629E+02  0.1647990E+02  Si
  0.5170774E+02  0.1322549E+02  0.1629792E+02  Si
  0.5160381E+02  0.1072523E+02  0.1906023E+02  Si
  0.4890055E+02  0.1371482E+02  0.1897409E+02  Si
  0.5027067E+02  0.1222961E+02  0.1770982E+02  Si
  0.5303188E+02  0.1445604E+02  0.1796887E+02  Si
  0.5311061E+02  0.1190199E+02  0.2048541E+02  Si
  0.5026631E+02  0.1475030E+02  0.2053207E+02  Si
  0.5410859E+02  0.1080148E+02  0.1621439E+02  Si
  0.5718326E+02  0.1344813E+02  0.1646023E+02  Si
  0.5709742E+02  0.1078637E+02  0.1903614E+02  Si
  0.5446034E+02  0.1319587E+02  0.1916752E+02  Si
  0.5567114E+02  0.1209816E+02  0.1761546E+02  Si
  0.5838609E+02  0.1474174E+02  0.1785981E+02  Si
  0.5850095E+02  0.1207361E+02  0.2062534E+02  Si
  0.5571286E+02  0.1466141E+02  0.2062843E+02  Si
  0.5981329E+02  0.1072228E+02  0.1651221E+02  Si
  0.6250649E+02  0.1286513E+02  0.1640459E+02  Si
  0.6257228E+02  0.1052276E+02  0.1923051E+02  Si
  0.5982074E+02  0.1332424E+02  0.1953087E+02  Si
  0.6096375E+02  0.1201544E+02  0.1809180E+02  Si
  0.6365251E+02  0.1475203E+02  0.1780849E+02  Si
  0.6384369E+02  0.1223021E+02  0.2038512E+02  Si
  0.6102619E+02  0.1500177E+02  0.2067225E+02  Si
  0.4317616E+02  0.1600459E+02  0.1647989E+02  Si
  0.4615750E+02  0.1851595E+02  0.1657683E+02  Si
  0.4601372E+02  0.1607313E+02  0.1902931E+02  Si
  0.4341848E+02  0.1893640E+02  0.1932070E+02  Si
  0.4455650E+02  0.1735455E+02  0.1782193E+02  Si
  0.4741962E+02  0.2022468E+02  0.1768386E+02  Si
  0.4740698E+02  0.1726575E+02  0.2034383E+02  Si
  0.4490144E+02  0.2018878E+02  0.2047655E+02  Si
  0.4899498E+02  0.1592235E+02  0.1624173E+02  Si
  0.5143126E+02  0.1868330E+02  0.1628818E+02  Si
  0.5190016E+02  0.1594659E+02  0.1912762E+02  Si
  0.4872966E+02  0.1855724E+02  0.1890775E+02  Si
  0.5045388E+02  0.1725340E+02  0.1780278E+02  Si
  0.5293979E+02  0.1995486E+02  0.1789228E+02  Si
  0.5309692E+02  0.1739189E+02  0.2049327E+02  Si
  0.4997571E+02  0.2014668E+02  0.2039749E+02  Si
  0.5432178E+02  0.1610739E+02  0.1651303E+02  Si
  0.5717510E+02  0.1872333E+02  0.1623439E+02  Si
  0.5691583E+02  0.1611332E+02  0.1912990E+02  Si
  0.5423832E+02  0.1864227E+02  0.1905494E+02  Si
  0.5568469E+02  0.1744522E+02  0.1756970E+02  Si
  0.5848801E+02  0.2005262E+02  0.1776766E+02  Si
  0.5828148E+02  0.1746309E+02  0.2041618E+02  Si
  0.5572258E+02  0.2013979E+02  0.2053847E+02  Si
  0.6002264E+02  0.1606062E+02  0.1646594E+02  Si
  0.6287160E+02  0.1831120E+02  0.1647492E+02  Si
  0.6247407E+02  0.1608443E+02  0.1925934E+02  Si
  0.5973687E+02  0.1880112E+02  0.1912916E+02  Si
  0.6122810E+02  0.1724543E+02  0.1786653E+02  Si
  0.6375673E+02  0.2006047E+02  0.1755810E+02  Si
  0.6374810E+02  0.1759253E+02  0.2069441E+02  Si
  0.6113164E+02  0.2014677E+02  0.2038072E+02  Si
