         
  0.6515772E+02  0.0000000E+00  0.2171924E+02
  0.0000000E+00  0.0000000E+00  0.2171924E+02
  0.9071965E-01  0.3218683E-01  0.2122127E+02  Si
  0.2803403E+01  0.2358566E+01  0.2135168E+02  Si
  0.2630389E+01  0.2148652E+02  0.2304340E+01  Si
  0.6501948E+02  0.2640243E+01  0.2299954E+01  Si
  0.1356748E+01  0.1343968E+01  0.1059805E+01  Si
  0.4188148E+01  0.3938668E+01  0.1012086E+01  Si
  0.3974893E+01  0.9280071E+00  0.3638217E+01  Si
  0.1434175E+01  0.3937782E+01  0.3503494E+01  Si
  0.5250947E+01  0.2135900E+02  0.2127396E+02  Si
  0.8171002E+01  0.2281508E+01  0.2129173E+02  Si
  0.8316174E+01  0.2144568E+02  0.2370834E+01  Si
  0.5556959E+01  0.2187530E+01  0.2243427E+01  Si
  0.6815924E+01  0.8261322E+00  0.9500216E+00  Si
  0.9496674E+01  0.3711276E+01  0.7578557E+00  Si
  0.9563052E+01  0.1213840E+01  0.3706200E+01  Si
  0.6665854E+01  0.3765074E+01  0.3795778E+01  Si
  0.1086175E+02  0.2151124E+02  0.2114158E+02  Si
  0.1350362E+02  0.2357700E+01  0.2164594E+02  Si
  0.1336829E+02  0.2141024E+02  0.2515554E+01  Si
  0.1098318E+02  0.2594867E+01  0.2220362E+01  Si
  0.1216178E+02  0.9960342E+00  0.8349440E+00  Si
  0.1510091E+02  0.3581259E+01  0.1346153E+01  Si
  0.1496136E+02  0.9368745E+00  0.3563875E+01  Si
  0.1230689E+02  0.3942807E+01  0.3709608E+01  Si
  0.1642972E+02  0.2156958E+02  0.2141512E+02  Si
  0.1910425E+02  0.2282569E+01  0.2141135E+02  Si
  0.1879215E+02  0.2099899E+02  0.2317501E+01  Si
  0.1641719E+02  0.2354479E+01  0.2393172E+01  Si
  0.1784832E+02  0.1071169E+01  0.1168423E+01  Si
  0.3169007E+02  0.5715952E+01  0.2064689E+02  Si
  0.2146470E+02  0.5203466E+01  0.2144064E+02  Si
  0.1765537E+02  0.3850045E+01  0.3697353E+01  Si
  0.6514666E+02  0.5173066E+01  0.2127993E+02  Si
  0.2576450E+01  0.7977634E+01  0.2131058E+02  Si
  0.2746478E+01  0.5216404E+01  0.2187445E+01  Si
  0.6498349E+02  0.7787408E+01  0.2161594E+01  Si
  0.1275572E+01  0.6531034E+01  0.8646273E+00  Si
  0.4067426E+01  0.9222598E+01  0.7701819E+00  Si
  0.4170163E+01  0.6572986E+01  0.3437268E+01  Si
  0.1184466E+01  0.9358067E+01  0.3457081E+01  Si
  0.5459866E+01  0.5152936E+01  0.2113157E+02  Si
  0.8533142E+01  0.7875633E+01  0.2140239E+02  Si
  0.8116963E+01  0.5136336E+01  0.2229091E+01  Si
  0.5443796E+01  0.7912723E+01  0.1958519E+01  Si
  0.6937203E+01  0.6497986E+01  0.8107512E+00  Si
  0.9672923E+01  0.9066188E+01  0.1182827E+01  Si
  0.9674541E+01  0.6618574E+01  0.3557795E+01  Si
  0.6864353E+01  0.9017614E+01  0.3664001E+01  Si
  0.1097071E+02  0.5038295E+01  0.2134474E+02  Si
  0.1389539E+02  0.7704613E+01  0.2147370E+02  Si
  0.1387131E+02  0.5010306E+01  0.2478011E+01  Si
  0.1134476E+02  0.7841881E+01  0.2421628E+01  Si
  0.1242825E+02  0.6248399E+01  0.1175628E+01  Si
  0.1506987E+02  0.9472775E+01  0.8588754E+00  Si
  0.1517500E+02  0.6465105E+01  0.3686726E+01  Si
  0.1246699E+02  0.9278111E+01  0.3752474E+01  Si
  0.1610814E+02  0.5073898E+01  0.2163018E+02  Si
  0.1898952E+02  0.7777139E+01  0.2148762E+02  Si
  0.1879512E+02  0.5288915E+01  0.2233458E+01  Si
  0.1646481E+02  0.8039907E+01  0.2318300E+01  Si
  0.1751013E+02  0.6698568E+01  0.1076392E+01  Si
  0.2221538E+02  0.1241114E+02  0.2156221E+02  Si
  0.2461568E+02  0.9426560E+01  0.1811345E+02  Si
  0.1787031E+02  0.9399839E+01  0.3591494E+01  Si
  0.8337071E-01  0.1065015E+02  0.2136764E+02  Si
  0.2768920E+01  0.1360015E+02  0.2163480E+02  Si
  0.2702314E+01  0.1053094E+02  0.2243929E+01  Si
  0.6515114E+02  0.1335240E+02  0.2052035E+01  Si
  0.1375669E+01  0.1210033E+02  0.9056701E+00  Si
  0.4432190E+01  0.1478827E+02  0.1067733E+01  Si
  0.4079692E+01  0.1201164E+02  0.3556799E+01  Si
  0.1277739E+01  0.1467555E+02  0.3795701E+01  Si
  0.5314997E+01  0.1056526E+02  0.2119374E+02  Si
  0.8344994E+01  0.1313920E+02  0.2151604E+02  Si
  0.8164560E+01  0.1031361E+02  0.2373994E+01  Si
  0.5553599E+01  0.1329325E+02  0.2235522E+01  Si
  0.6833155E+01  0.1175777E+02  0.1001728E+01  Si
  0.9668653E+01  0.1471296E+02  0.9521283E+00  Si
  0.9665527E+01  0.1200429E+02  0.3376787E+01  Si
  0.6904261E+01  0.1461814E+02  0.3665990E+01  Si
  0.1084276E+02  0.1055095E+02  0.2151792E+02  Si
  0.1350463E+02  0.1322190E+02  0.2128731E+02  Si
  0.1378011E+02  0.1055021E+02  0.2349523E+01  Si
  0.1091802E+02  0.1324445E+02  0.2270103E+01  Si
  0.1235786E+02  0.1180673E+02  0.1072303E+01  Si
  0.1473827E+02  0.1466258E+02  0.9970214E+00  Si
  0.1507905E+02  0.1194884E+02  0.3827173E+01  Si
  0.1246467E+02  0.1458782E+02  0.3611999E+01  Si
  0.1641025E+02  0.1056202E+02  0.2119884E+02  Si
  0.1897226E+02  0.1333941E+02  0.2118478E+02  Si
  0.2043209E+02  0.8992243E+01  0.1230326E+01  Si
  0.1626887E+02  0.1325592E+02  0.2047728E+01  Si
  0.1769167E+02  0.1167837E+02  0.7344213E+00  Si
  0.2047403E+02  0.1189410E+02  0.2002181E+02  Si
  0.2711063E+02  0.2087375E+02  0.1885162E+02  Si
  0.1725219E+02  0.1491194E+02  0.3462676E+01  Si
  0.5396617E-01  0.1604479E+02  0.2105252E+02  Si
  0.2718958E+01  0.1875903E+02  0.2130440E+02  Si
  0.2744264E+01  0.1603854E+02  0.2309701E+01  Si
  0.6505643E+02  0.1882321E+02  0.1905439E+01  Si
  0.1335114E+01  0.1733805E+02  0.9736886E+00  Si
  0.3959399E+01  0.1997927E+02  0.9294018E+00  Si
  0.4416461E+01  0.1741007E+02  0.3766154E+01  Si
  0.1372061E+01  0.1979403E+02  0.3284449E+01  Si
  0.5593514E+01  0.1614145E+02  0.2128920E+02  Si
  0.8152258E+01  0.1872644E+02  0.2101799E+02  Si
  0.8207959E+01  0.1581818E+02  0.2198717E+01  Si
  0.5545017E+01  0.1887615E+02  0.2291807E+01  Si
  0.6966602E+01  0.1750985E+02  0.1006858E+01  Si
  0.9367816E+01  0.2020256E+02  0.7345108E+00  Si
  0.9529596E+01  0.1719491E+02  0.3508335E+01  Si
  0.6890373E+01  0.2009670E+02  0.3669912E+01  Si
  0.1099473E+02  0.1625885E+02  0.2130338E+02  Si
  0.1339115E+02  0.1897453E+02  0.2130657E+02  Si
  0.1341208E+02  0.1591320E+02  0.2280847E+01  Si
  0.1063944E+02  0.1886380E+02  0.2127991E+01  Si
  0.1207486E+02  0.1760600E+02  0.9706771E+00  Si
  0.1487660E+02  0.2021750E+02  0.1069991E+01  Si
  0.1480175E+02  0.1729922E+02  0.3552810E+01  Si
  0.1203284E+02  0.1989165E+02  0.3906333E+01  Si
  0.1606952E+02  0.1623390E+02  0.2134946E+02  Si
  0.1902038E+02  0.1865474E+02  0.2119081E+02  Si
  0.1888732E+02  0.1623090E+02  0.2232805E+01  Si
  0.1619510E+02  0.1855187E+02  0.2227002E+01  Si
  0.1758239E+02  0.1745267E+02  0.7626972E+00  Si
  0.2566991E+02  0.3286442E+01  0.1925799E+02  Si
  0.2414204E+02  0.1303864E+02  0.4132172E+01  Si
  0.1731305E+02  0.1993955E+02  0.3583345E+01  Si
  0.6514453E+02  0.2139111E+02  0.4697386E+01  Si
  0.2860545E+01  0.2649654E+01  0.4667303E+01  Si
  0.2928781E+01  0.2141964E+02  0.7381125E+01  Si
  0.6507195E+02  0.2186180E+01  0.7447797E+01  Si
  0.1494219E+01  0.1032410E+01  0.6066524E+01  Si
  0.3987704E+01  0.3964184E+01  0.6325273E+01  Si
  0.4135242E+01  0.1127350E+01  0.8966223E+01  Si
  0.1171871E+01  0.3742685E+01  0.8716060E+01  Si
  0.5384951E+01  0.2149836E+02  0.4917651E+01  Si
  0.8255856E+01  0.2323032E+01  0.5104330E+01  Si
  0.8247811E+01  0.2152846E+02  0.7798846E+01  Si
  0.5505675E+01  0.2450635E+01  0.7532820E+01  Si
  0.6978212E+01  0.1081216E+01  0.6488343E+01  Si
  0.9570723E+01  0.3939445E+01  0.6245193E+01  Si
  0.9574159E+01  0.1132486E+01  0.9316447E+01  Si
  0.6927173E+01  0.3617399E+01  0.9139900E+01  Si
  0.1068431E+02  0.2152598E+02  0.4934315E+01  Si
  0.1361948E+02  0.2338673E+01  0.5021012E+01  Si
  0.1352208E+02  0.2112543E+02  0.7797344E+01  Si
  0.1058937E+02  0.2336142E+01  0.7875482E+01  Si
  0.1215077E+02  0.9390031E+00  0.6466062E+01  Si
  0.1471349E+02  0.3691183E+01  0.6247045E+01  Si
  0.1496433E+02  0.8773249E+00  0.8917928E+01  Si
  0.1221723E+02  0.3444060E+01  0.9082173E+01  Si
  0.1618806E+02  0.2124725E+02  0.5138337E+01  Si
  0.1870903E+02  0.2321700E+01  0.5065707E+01  Si
  0.1925450E+02  0.2128894E+02  0.7872233E+01  Si
  0.1619069E+02  0.2255198E+01  0.7592453E+01  Si
  0.1783350E+02  0.8629247E+00  0.6522612E+01  Si
  0.2234274E+02  0.1867934E+02  0.1345904E+02  Si
  0.3415616E+02  0.1890029E+02  0.1220357E+02  Si
  0.1769528E+02  0.3650446E+01  0.9095748E+01  Si
  0.6775211E-01  0.5066596E+01  0.5061251E+01  Si
  0.2609814E+01  0.8065639E+01  0.4884521E+01  Si
  0.2685981E+01  0.5323878E+01  0.7523329E+01  Si
  0.9651188E-01  0.7968422E+01  0.7730755E+01  Si
  0.1339168E+01  0.6671027E+01  0.6265246E+01  Si
  0.3822210E+01  0.9425981E+01  0.6388346E+01  Si
  0.3977250E+01  0.6706835E+01  0.9091092E+01  Si
  0.1180867E+01  0.9572063E+01  0.9038687E+01  Si
  0.5429827E+01  0.5230965E+01  0.4912016E+01  Si
  0.8264843E+01  0.7826454E+01  0.5054203E+01  Si
  0.7989091E+01  0.5211310E+01  0.7665178E+01  Si
  0.5137023E+01  0.7999266E+01  0.7663406E+01  Si
  0.6475770E+01  0.6689864E+01  0.6341358E+01  Si
  0.9353044E+01  0.9553130E+01  0.6432605E+01  Si
  0.9448461E+01  0.6467516E+01  0.9041156E+01  Si
  0.6536291E+01  0.9239295E+01  0.9046591E+01  Si
  0.1093433E+02  0.5353421E+01  0.4803539E+01  Si
  0.1362895E+02  0.7800540E+01  0.5101910E+01  Si
  0.1325853E+02  0.5134601E+01  0.7569636E+01  Si
  0.1067808E+02  0.8171824E+01  0.7629835E+01  Si
  0.1195263E+02  0.6655694E+01  0.6300799E+01  Si
  0.1502434E+02  0.9445180E+01  0.6588737E+01  Si
  0.1502926E+02  0.6561186E+01  0.8996808E+01  Si
  0.1218214E+02  0.9203566E+01  0.9110998E+01  Si
  0.1636408E+02  0.5324984E+01  0.5035349E+01  Si
  0.1895861E+02  0.8049080E+01  0.5115177E+01  Si
  0.2020455E+02  0.3749004E+01  0.6217838E+01  Si
  0.1636453E+02  0.7911499E+01  0.7622992E+01  Si
  0.1771074E+02  0.6658719E+01  0.6377389E+01  Si
  0.2036202E+02  0.6624325E+01  0.3790025E+01  Si
  0.2444566E+02  0.3139690E+00  0.8294862E+01  Si
  0.1762049E+02  0.9256978E+01  0.8987727E+01  Si
  0.6503089E+02  0.1053895E+02  0.5223201E+01  Si
  0.2630598E+01  0.1316887E+02  0.4861713E+01  Si
  0.2692194E+01  0.1064563E+02  0.7755866E+01  Si
  0.6508433E+02  0.1347876E+02  0.7465148E+01  Si
  0.1331835E+01  0.1198266E+02  0.6307902E+01  Si
  0.3927242E+01  0.1449389E+02  0.6097126E+01  Si
  0.3878568E+01  0.1207892E+02  0.9167453E+01  Si
  0.1266458E+01  0.1481076E+02  0.8947439E+01  Si
  0.5391411E+01  0.1047721E+02  0.4958338E+01  Si
  0.8193768E+01  0.1323907E+02  0.4919891E+01  Si
  0.7895967E+01  0.1080504E+02  0.7837748E+01  Si
  0.5355647E+01  0.1328156E+02  0.7637586E+01  Si
  0.6805129E+01  0.1188431E+02  0.6203307E+01  Si
  0.9585876E+01  0.1459339E+02  0.6364107E+01  Si
  0.9429287E+01  0.1199624E+02  0.9293559E+01  Si
  0.6933681E+01  0.1466461E+02  0.8729715E+01  Si
  0.1086193E+02  0.1069517E+02  0.5048948E+01  Si
  0.1378198E+02  0.1332071E+02  0.5089585E+01  Si
  0.1333509E+02  0.1054651E+02  0.7638413E+01  Si
  0.1089858E+02  0.1332556E+02  0.7896098E+01  Si
  0.1218229E+02  0.1210543E+02  0.6366917E+01  Si
  0.1505208E+02  0.1460231E+02  0.6459287E+01  Si
  0.1519997E+02  0.1184666E+02  0.9107836E+01  Si
  0.1243733E+02  0.1466286E+02  0.9167531E+01  Si
  0.1647798E+02  0.1062473E+02  0.5052308E+01  Si
  0.1916979E+02  0.1065367E+02  0.2238372E+01  Si
  0.1892681E+02  0.1056014E+02  0.7665719E+01  Si
  0.1658938E+02  0.1342927E+02  0.7776774E+01  Si
  0.1780384E+02  0.1203836E+02  0.6307136E+01  Si
  0.2362381E+02  0.2112919E+02  0.4585613E+01  Si
  0.2314566E+02  0.6416426E+01  0.1737287E+02  Si
  0.1777701E+02  0.1452264E+02  0.9467506E+01  Si
  0.6511926E+02  0.1619551E+02  0.5053207E+01  Si
  0.3030587E+01  0.1865602E+02  0.5028584E+01  Si
  0.2942474E+01  0.1611932E+02  0.7732576E+01  Si
  0.1290439E+00  0.1882012E+02  0.7392344E+01  Si
  0.1695294E+01  0.1720368E+02  0.6333026E+01  Si
  0.4286854E+01  0.2012241E+02  0.6342372E+01  Si
  0.4341986E+01  0.1711055E+02  0.9080270E+01  Si
  0.1524667E+01  0.2000942E+02  0.8745720E+01  Si
  0.5511344E+01  0.1580961E+02  0.5084885E+01  Si
  0.8243357E+01  0.1867495E+02  0.4746458E+01  Si
  0.8394290E+01  0.1611159E+02  0.7637257E+01  Si
  0.5550763E+01  0.1856698E+02  0.7655518E+01  Si
  0.7131667E+01  0.1736229E+02  0.6255021E+01  Si
  0.9626427E+01  0.2012537E+02  0.6434790E+01  Si
  0.9479811E+01  0.1751158E+02  0.9145927E+01  Si
  0.6895792E+01  0.2008175E+02  0.9077708E+01  Si
  0.1080434E+02  0.1592045E+02  0.4945385E+01  Si
  0.1343484E+02  0.1849251E+02  0.5174606E+01  Si
  0.1369116E+02  0.1599690E+02  0.7769460E+01  Si
  0.1090949E+02  0.1867832E+02  0.7840343E+01  Si
  0.1219250E+02  0.1718551E+02  0.6726496E+01  Si
  0.1483547E+02  0.1977861E+02  0.6514236E+01  Si
  0.1501042E+02  0.1751928E+02  0.8981046E+01  Si
  0.1222606E+02  0.2004868E+02  0.9197293E+01  Si
  0.1610642E+02  0.1609863E+02  0.5109511E+01  Si
  0.2737917E+02  0.1347819E+02  0.1189070E+02  Si
  0.1902619E+02  0.1590212E+02  0.7766270E+01  Si
  0.1643798E+02  0.1866307E+02  0.7674784E+01  Si
  0.1775679E+02  0.1726996E+02  0.6389340E+01  Si
  0.2963405E+02  0.2149428E+02  0.6604597E+01  Si
  0.2492266E+02  0.1915670E+02  0.1019712E+02  Si
  0.1775063E+02  0.1994793E+02  0.9107580E+01  Si
  0.6514357E+02  0.2152820E+02  0.1014918E+02  Si
  0.2581106E+01  0.2727355E+01  0.1013211E+02  Si
  0.2548642E+01  0.2132877E+02  0.1287993E+02  Si
  0.6509286E+02  0.2621991E+01  0.1302602E+02  Si
  0.1288513E+01  0.1114124E+01  0.1163237E+02  Si
  0.4119765E+01  0.4022641E+01  0.1150609E+02  Si
  0.3996586E+01  0.9459639E+00  0.1414502E+02  Si
  0.1221655E+01  0.3846353E+01  0.1430383E+02  Si
  0.5345324E+01  0.2157631E+02  0.1041112E+02  Si
  0.8315151E+01  0.2375502E+01  0.1056106E+02  Si
  0.8235159E+01  0.2169991E+02  0.1318293E+02  Si
  0.5320095E+01  0.2733693E+01  0.1316644E+02  Si
  0.6615190E+01  0.1309207E+01  0.1183901E+02  Si
  0.9503784E+01  0.4079594E+01  0.1173481E+02  Si
  0.9672769E+01  0.1130180E+01  0.1438749E+02  Si
  0.6548380E+01  0.3880098E+01  0.1463043E+02  Si
  0.1101688E+02  0.2157565E+02  0.1045796E+02  Si
  0.1370078E+02  0.2230822E+01  0.1038835E+02  Si
  0.1391330E+02  0.2141981E+02  0.1321551E+02  Si
  0.1102970E+02  0.2574891E+01  0.1308412E+02  Si
  0.1227432E+02  0.9903072E+00  0.1187957E+02  Si
  0.1524161E+02  0.3388254E+01  0.1154714E+02  Si
  0.1494448E+02  0.1069554E+01  0.1466331E+02  Si
  0.1240351E+02  0.4075184E+01  0.1432357E+02  Si
  0.1619467E+02  0.2137910E+02  0.1036338E+02  Si
  0.2068644E+02  0.1094284E+01  0.9257955E+01  Si
  0.2716112E+02  0.1833295E+02  0.1129985E+02  Si
  0.1651248E+02  0.2152256E+01  0.1303272E+02  Si
  0.1787324E+02  0.8551868E+00  0.1174462E+02  Si
  0.1898655E+02  0.2267430E+01  0.1044094E+02  Si
  0.2032476E+02  0.3768115E+01  0.1151440E+02  Si
  0.1781793E+02  0.3614355E+01  0.1443138E+02  Si
  0.6487774E+02  0.5140013E+01  0.1024576E+02  Si
  0.2298635E+01  0.7915575E+01  0.1050791E+02  Si
  0.2620877E+01  0.5234394E+01  0.1297061E+02  Si
  0.6515481E+02  0.7841253E+01  0.1288004E+02  Si
  0.1074503E+01  0.6271011E+01  0.1160351E+02  Si
  0.3841356E+01  0.9463532E+01  0.1157674E+02  Si
  0.3873195E+01  0.6723415E+01  0.1443583E+02  Si
  0.1421119E+01  0.9089792E+01  0.1432778E+02  Si
  0.5648668E+01  0.5324890E+01  0.1044393E+02  Si
  0.8147017E+01  0.7970046E+01  0.1049137E+02  Si
  0.7989091E+01  0.5253885E+01  0.1320234E+02  Si
  0.5079461E+01  0.8159667E+01  0.1318894E+02  Si
  0.6782111E+01  0.6897249E+01  0.1197818E+02  Si
  0.9669225E+01  0.9147163E+01  0.1169142E+02  Si
  0.9665569E+01  0.6346934E+01  0.1443658E+02  Si
  0.6595136E+01  0.9292084E+01  0.1447024E+02  Si
  0.1081034E+02  0.5199969E+01  0.1008866E+02  Si
  0.1374970E+02  0.7682866E+01  0.1027505E+02  Si
  0.1385101E+02  0.4910963E+01  0.1256630E+02  Si
  0.1100472E+02  0.7858506E+01  0.1317964E+02  Si
  0.1217853E+02  0.6388817E+01  0.1147714E+02  Si
  0.1488852E+02  0.9157493E+01  0.1183329E+02  Si
  0.1495011E+02  0.6275483E+01  0.1429502E+02  Si
  0.1229856E+02  0.9027848E+01  0.1463391E+02  Si
  0.1624237E+02  0.5086474E+01  0.1034587E+02  Si
  0.1892388E+02  0.7988234E+01  0.1034373E+02  Si
  0.1901917E+02  0.5084082E+01  0.1285767E+02  Si
  0.1626003E+02  0.7695133E+01  0.1309508E+02  Si
  0.1755673E+02  0.6448967E+01  0.1163516E+02  Si
  0.2722597E+02  0.1894062E+02  0.1740744E+02  Si
  0.2156149E+02  0.5220152E+01  0.1610584E+02  Si
  0.1763406E+02  0.8944075E+01  0.1462412E+02  Si
  0.6491123E+02  0.1080622E+02  0.1026406E+02  Si
  0.2728523E+01  0.1345220E+02  0.1046236E+02  Si
  0.2722563E+01  0.1068249E+02  0.1319618E+02  Si
  0.4242129E-01  0.1336670E+02  0.1322894E+02  Si
  0.1262916E+01  0.1196916E+02  0.1186115E+02  Si
  0.4331498E+01  0.1440564E+02  0.1161298E+02  Si
  0.4169414E+01  0.1201105E+02  0.1447907E+02  Si
  0.1614352E+01  0.1461541E+02  0.1433208E+02  Si
  0.5265696E+01  0.1072030E+02  0.1032132E+02  Si
  0.8173022E+01  0.1371316E+02  0.1040046E+02  Si
  0.8189624E+01  0.1048505E+02  0.1314339E+02  Si
  0.5764520E+01  0.1297541E+02  0.1308153E+02  Si
  0.7008509E+01  0.1184998E+02  0.1163955E+02  Si
  0.9548508E+01  0.1481056E+02  0.1186729E+02  Si
  0.9529042E+01  0.1177260E+02  0.1464761E+02  Si
  0.7097688E+01  0.1476480E+02  0.1453198E+02  Si
  0.1089243E+02  0.1064238E+02  0.1043373E+02  Si
  0.1365636E+02  0.1324302E+02  0.1038622E+02  Si
  0.1371621E+02  0.1076033E+02  0.1307989E+02  Si
  0.1074162E+02  0.1340773E+02  0.1324026E+02  Si
  0.1207495E+02  0.1202567E+02  0.1186949E+02  Si
  0.1501710E+02  0.1459116E+02  0.1183772E+02  Si
  0.1491945E+02  0.1182362E+02  0.1453909E+02  Si
  0.1218403E+02  0.1456648E+02  0.1449966E+02  Si
  0.1630407E+02  0.1055837E+02  0.1050080E+02  Si
  0.2253310E+02  0.8557345E+01  0.1510466E+02  Si
  0.2794551E+02  0.1422995E+02  0.1744515E+02  Si
  0.1639562E+02  0.1351158E+02  0.1346290E+02  Si
  0.1736294E+02  0.1209522E+02  0.1211717E+02  Si
  0.2085855E+02  0.1998053E+02  0.1198059E+02  Si
  0.1909934E+02  0.1609039E+02  0.1337686E+02  Si
  0.1771641E+02  0.1490927E+02  0.1460913E+02  Si
  0.6509352E+02  0.1632708E+02  0.1035091E+02  Si
  0.2913983E+01  0.1867265E+02  0.1005664E+02  Si
  0.3031647E+01  0.1583342E+02  0.1294135E+02  Si
  0.6515481E+02  0.1887277E+02  0.1284263E+02  Si
  0.1681029E+01  0.1723245E+02  0.1165357E+02  Si
  0.3990127E+01  0.2000708E+02  0.1155818E+02  Si
  0.4173924E+01  0.1737359E+02  0.1442354E+02  Si
  0.1333431E+01  0.2004187E+02  0.1442209E+02  Si
  0.5554397E+01  0.1583974E+02  0.1036411E+02  Si
  0.8096137E+01  0.1883426E+02  0.1037469E+02  Si
  0.8241587E+01  0.1626328E+02  0.1316201E+02  Si
  0.5530918E+01  0.1870900E+02  0.1299162E+02  Si
  0.6980789E+01  0.1721297E+02  0.1164380E+02  Si
  0.9729789E+01  0.2031673E+02  0.1181427E+02  Si
  0.9401724E+01  0.1775662E+02  0.1454290E+02  Si
  0.6849772E+01  0.2016625E+02  0.1421294E+02  Si
  0.1093797E+02  0.1593485E+02  0.1047230E+02  Si
  0.1367727E+02  0.1871911E+02  0.1055646E+02  Si
  0.1346562E+02  0.1600023E+02  0.1300057E+02  Si
  0.1088853E+02  0.1885980E+02  0.1327830E+02  Si
  0.1220618E+02  0.1738254E+02  0.1191302E+02  Si
  0.1496138E+02  0.1990878E+02  0.1170473E+02  Si
  0.1477147E+02  0.1739645E+02  0.1461158E+02  Si
  0.1241230E+02  0.2024851E+02  0.1465846E+02  Si
  0.1629774E+02  0.1604279E+02  0.1045787E+02  Si
  0.1940387E+02  0.1872762E+02  0.1052047E+02  Si
  0.2423803E+02  0.1182120E+02  0.1548385E+02  Si
  0.1638616E+02  0.1875851E+02  0.1315555E+02  Si
  0.1769285E+02  0.1725749E+02  0.1201689E+02  Si
  0.2302980E+02  0.1476918E+02  0.2004343E+02  Si
  0.2025975E+02  0.1477617E+02  0.1728585E+02  Si
  0.1757801E+02  0.2000171E+02  0.1457116E+02  Si
  0.1254872E-01  0.2142320E+02  0.1571031E+02  Si
  0.2545806E+01  0.2303587E+01  0.1556284E+02  Si
  0.3192206E+01  0.2139802E+02  0.1833622E+02  Si
  0.6507709E+02  0.2247893E+01  0.1858705E+02  Si
  0.1336031E+01  0.1020828E+01  0.1708862E+02  Si
  0.3899160E+01  0.3726681E+01  0.1717849E+02  Si
  0.4169786E+01  0.1061768E+01  0.1994527E+02  Si
  0.1285537E+01  0.3629891E+01  0.1997156E+02  Si
  0.5428381E+01  0.2139640E+02  0.1539584E+02  Si
  0.8185321E+01  0.2459145E+01  0.1577095E+02  Si
  0.7881600E+01  0.2150388E+02  0.1834022E+02  Si
  0.5221763E+01  0.2303344E+01  0.1846563E+02  Si
  0.6706102E+01  0.1068620E+01  0.1698187E+02  Si
  0.9456688E+01  0.3696120E+01  0.1704860E+02  Si
  0.9464250E+01  0.1077012E+01  0.1984576E+02  Si
  0.6743326E+01  0.3596851E+01  0.1978946E+02  Si
  0.1093879E+02  0.2163818E+02  0.1594155E+02  Si
  0.1367368E+02  0.2493321E+01  0.1591259E+02  Si
  0.1376954E+02  0.2164114E+02  0.1870219E+02  Si
  0.1077758E+02  0.2491280E+01  0.1874018E+02  Si
  0.1228541E+02  0.1309667E+01  0.1734662E+02  Si
  0.1512619E+02  0.3766913E+01  0.1735927E+02  Si
  0.1500839E+02  0.1236909E+01  0.2012656E+02  Si
  0.1230590E+02  0.3772264E+01  0.2027758E+02  Si
  0.1627584E+02  0.2147270E+02  0.1591182E+02  Si
  0.1886245E+02  0.2141967E+01  0.1611119E+02  Si
  0.1922806E+02  0.2144314E+02  0.1853731E+02  Si
  0.1619102E+02  0.2527503E+01  0.1888072E+02  Si
  0.1742559E+02  0.9637879E+00  0.1749754E+02  Si
  0.2002727E+02  0.3750887E+01  0.1730253E+02  Si
  0.2309115E+02  0.1767248E+01  0.2141205E+02  Si
  0.1749693E+02  0.3725531E+01  0.2036115E+02  Si
  0.2182507E+00  0.5439161E+01  0.1582672E+02  Si
  0.2673470E+01  0.8064064E+01  0.1608230E+02  Si
  0.2810274E+01  0.5006368E+01  0.1864140E+02  Si
  0.2364264E-01  0.7987133E+01  0.1877631E+02  Si
  0.1578574E+01  0.6543608E+01  0.1725584E+02  Si
  0.4171323E+01  0.9375454E+01  0.1732680E+02  Si
  0.3899267E+01  0.6711049E+01  0.1995764E+02  Si
  0.1363155E+01  0.9552617E+01  0.1995848E+02  Si
  0.5260399E+01  0.5317237E+01  0.1592050E+02  Si
  0.8152293E+01  0.8002355E+01  0.1575537E+02  Si
  0.8238606E+01  0.5098778E+01  0.1872732E+02  Si
  0.5469517E+01  0.8053717E+01  0.1873889E+02  Si
  0.6771948E+01  0.6612305E+01  0.1728580E+02  Si
  0.9411528E+01  0.9196000E+01  0.1724613E+02  Si
  0.9672138E+01  0.6604800E+01  0.2001076E+02  Si
  0.6939566E+01  0.9186196E+01  0.2015055E+02  Si
  0.1100628E+02  0.4971118E+01  0.1589995E+02  Si
  0.1379730E+02  0.7528042E+01  0.1583787E+02  Si
  0.1386379E+02  0.5049315E+01  0.1888274E+02  Si
  0.1112891E+02  0.7828056E+01  0.1842676E+02  Si
  0.1244189E+02  0.6286110E+01  0.1732573E+02  Si
  0.1494007E+02  0.9020575E+01  0.1732905E+02  Si
  0.1522754E+02  0.6475921E+01  0.2007528E+02  Si
  0.1230405E+02  0.9198114E+01  0.2017140E+02  Si
  0.1640510E+02  0.4940937E+01  0.1555970E+02  Si
  0.1893438E+02  0.7498654E+01  0.1592199E+02  Si
  0.1879734E+02  0.4980896E+01  0.1900978E+02  Si
  0.1639878E+02  0.7733124E+01  0.1878830E+02  Si
  0.1751099E+02  0.6240230E+01  0.1728248E+02  Si
  0.2959309E+02  0.1264425E+02  0.1156837E+02  Si
  0.2007716E+02  0.6611170E+01  0.2010277E+02  Si
  0.1779413E+02  0.9124750E+01  0.1989977E+02  Si
  0.6513885E+02  0.1093873E+02  0.1527294E+02  Si
  0.2915905E+01  0.1356856E+02  0.1604140E+02  Si
  0.2629301E+01  0.1073878E+02  0.1824144E+02  Si
  0.6512409E+02  0.1334653E+02  0.1859931E+02  Si
  0.1269279E+01  0.1220644E+02  0.1671427E+02  Si
  0.4138713E+01  0.1464608E+02  0.1749546E+02  Si
  0.3901305E+01  0.1200218E+02  0.1981153E+02  Si
  0.1509416E+01  0.1462864E+02  0.2001528E+02  Si
  0.5316666E+01  0.1063016E+02  0.1602762E+02  Si
  0.8406582E+01  0.1350742E+02  0.1591291E+02  Si
  0.7990717E+01  0.1052091E+02  0.1855189E+02  Si
  0.5594911E+01  0.1327301E+02  0.1849430E+02  Si
  0.6773497E+01  0.1214779E+02  0.1726027E+02  Si
  0.9713995E+01  0.1478585E+02  0.1754737E+02  Si
  0.9782462E+01  0.1184997E+02  0.1998213E+02  Si
  0.6855608E+01  0.1455749E+02  0.2015985E+02  Si
  0.1099109E+02  0.1036215E+02  0.1601340E+02  Si
  0.1363598E+02  0.1324098E+02  0.1586594E+02  Si
  0.1353902E+02  0.1049960E+02  0.1875621E+02  Si
  0.1108696E+02  0.1347233E+02  0.1868588E+02  Si
  0.1239289E+02  0.1183491E+02  0.1745540E+02  Si
  0.1496637E+02  0.1448216E+02  0.1731196E+02  Si
  0.1509248E+02  0.1190890E+02  0.2005425E+02  Si
  0.1233237E+02  0.1492710E+02  0.2006532E+02  Si
  0.1632741E+02  0.1041128E+02  0.1593260E+02  Si
  0.1897459E+02  0.1358148E+02  0.1595063E+02  Si
  0.1897908E+02  0.1059673E+02  0.1840181E+02  Si
  0.1641871E+02  0.1343363E+02  0.1854050E+02  Si
  0.1770338E+02  0.1204525E+02  0.1714563E+02  Si
  0.2055126E+02  0.1749172E+02  0.1440178E+02  Si
  0.2941602E+02  0.3209881E+01  0.1903844E+02  Si
  0.1750490E+02  0.1478994E+02  0.2000193E+02  Si
  0.1855179E+00  0.1600247E+02  0.1568351E+02  Si
  0.2882847E+01  0.1868261E+02  0.1564947E+02  Si
  0.2382817E+01  0.1608078E+02  0.1853878E+02  Si
  0.6509096E+02  0.1868737E+02  0.1831249E+02  Si
  0.1474328E+01  0.1729748E+02  0.1709410E+02  Si
  0.4447174E+01  0.1997602E+02  0.1691084E+02  Si
  0.4059325E+01  0.1744247E+02  0.2005904E+02  Si
  0.1496814E+01  0.2029071E+02  0.1975547E+02  Si
  0.5267249E+01  0.1589321E+02  0.1578197E+02  Si
  0.8090466E+01  0.1893064E+02  0.1590524E+02  Si
  0.8115340E+01  0.1605110E+02  0.1872538E+02  Si
  0.5435104E+01  0.1839058E+02  0.1857667E+02  Si
  0.6867779E+01  0.1719626E+02  0.1706732E+02  Si
  0.9476039E+01  0.2021250E+02  0.1728261E+02  Si
  0.9683758E+01  0.1753754E+02  0.1990320E+02  Si
  0.6730651E+01  0.2005194E+02  0.1959592E+02  Si
  0.1082281E+02  0.1622571E+02  0.1576290E+02  Si
  0.1363075E+02  0.1886088E+02  0.1595138E+02  Si
  0.1349329E+02  0.1617362E+02  0.1850568E+02  Si
  0.1072374E+02  0.1888544E+02  0.1854032E+02  Si
  0.1206240E+02  0.1754415E+02  0.1730489E+02  Si
  0.1468568E+02  0.2028141E+02  0.1751020E+02  Si
  0.1467859E+02  0.1755746E+02  0.1983320E+02  Si
  0.1225324E+02  0.2028753E+02  0.1958821E+02  Si
  0.1626017E+02  0.1608532E+02  0.1604109E+02  Si
  0.1895496E+02  0.1872916E+02  0.1591565E+02  Si
  0.1911796E+02  0.1621883E+02  0.1881572E+02  Si
  0.1627762E+02  0.1913878E+02  0.1870070E+02  Si
  0.1763225E+02  0.1756817E+02  0.1740318E+02  Si
  0.2167951E+02  0.1619063E+02  0.2147602E+02  Si
  0.2940215E+02  0.1446183E+02  0.1933593E+02  Si
  0.1784251E+02  0.2027591E+02  0.1994473E+02  Si
  0.3533952E+02  0.2206417E+01  0.2057013E+02  Si
  0.2012761E+02  0.1190775E+02  0.9096645E+01  Si
  0.3156463E+02  0.1275445E+02  0.2935417E+01  Si
  0.2026500E+02  0.6393408E+01  0.8877118E+01  Si
  0.3475008E+02  0.8126574E+01  0.9935534E+01  Si
  0.2927897E+02  0.1278759E+02  0.1467020E+02  Si
  0.3588465E+02  0.1345635E+02  0.1002967E+02  Si
  0.1924228E+02  0.2130244E+02  0.1314964E+02  Si
  0.2296393E+02  0.1743798E+02  0.6114075E+01  Si
  0.3725995E+02  0.1247771E+02  0.1171940E+02  Si
  0.2655356E+02  0.2746961E+01  0.9084963E+00  Si
  0.4342696E+02  0.2560085E+01  0.1892848E+02  Si
  0.3563957E+02  0.1868957E+02  0.8412670E+01  Si
  0.3507976E+02  0.1199405E+01  0.3574052E+01  Si
  0.3812536E+02  0.1601475E+02  0.1571379E+02  Si
  0.3758604E+02  0.2159718E+02  0.4967583E+01  Si
  0.2022369E+02  0.1487736E+02  0.1061305E+01  Si
  0.2633431E+02  0.9867462E+01  0.1416250E+02  Si
  0.3017093E+02  0.9539439E+01  0.4715970E+00  Si
  0.3294213E+02  0.5017192E+01  0.1393470E+02  Si
  0.2673039E+02  0.4376518E+01  0.9499455E+01  Si
  0.3452246E+02  0.4760892E+01  0.1604269E+02  Si
  0.4093769E+02  0.5101912E+01  0.1900460E+02  Si
  0.2682317E+02  0.1637975E+02  0.4685038E+01  Si
  0.2495025E+02  0.1429814E+02  0.1332432E+01  Si
  0.4221087E+02  0.1196558E+02  0.3476991E+01  Si
  0.2896267E+02  0.4740522E+01  0.1075224E+02  Si
  0.2918324E+02  0.1721045E+02  0.6789321E+01  Si
  0.4048792E+02  0.7651157E+01  0.5445500E+01  Si
  0.2306396E+02  0.2010390E+02  0.8853202E+01  Si
  0.3596500E+02  0.8148197E+01  0.1961927E+02  Si
  0.4203816E+02  0.6583068E+01  0.3717248E+01  Si
  0.2751198E+02  0.3672908E+01  0.1801747E+02  Si
  0.2768847E+02  0.1176588E+02  0.6424377E+01  Si
  0.2746928E+02  0.1418525E+02  0.1513841E+02  Si
  0.3051774E+02  0.1431349E+01  0.3403336E+01  Si
  0.2290703E+02  0.6780208E+01  0.5839362E+01  Si
  0.2138587E+02  0.1665937E+02  0.1668232E+02  Si
  0.3449559E+02  0.4353697E+01  0.1241437E+02  Si
  0.3058026E+02  0.4170283E+01  0.1549129E+01  Si
  0.2365590E+02  0.1393996E+02  0.1474181E+02  Si
  0.2943086E+02  0.1477330E+02  0.6308168E+01  Si
  0.3149079E+02  0.1315712E+02  0.2073383E+02  Si
  0.2673943E+02  0.8980612E+01  0.2003929E+01  Si
  0.3243750E+02  0.1990133E+02  0.4545643E+01  Si
  0.3489569E+02  0.8175064E+01  0.1229642E+02  Si
  0.3982840E+02  0.1473224E+02  0.2032107E+02  Si
  0.2045551E+02  0.1746350E+02  0.8988190E+01  Si
  0.3949110E+02  0.1502215E+01  0.1731470E+02  Si
  0.2639214E+02  0.6084578E+00  0.1452946E+02  Si
  0.3405676E+02  0.1481510E+02  0.1123323E+02  Si
  0.4061526E+02  0.2501851E+01  0.2128582E+02  Si
  0.2773322E+02  0.7951411E+01  0.1885097E+02  Si
  0.3244288E+02  0.8139376E+01  0.1298633E+02  Si
  0.3642748E+02  0.3825311E+01  0.6609631E+01  Si
  0.2376250E+02  0.1069864E+02  0.4883008E+01  Si
  0.2779200E+02  0.8696488E+00  0.1565076E+01  Si
  0.2850858E+02  0.9479322E+00  0.1982239E+02  Si
  0.3031078E+02  0.1503659E+01  0.1744101E+02  Si
  0.4230212E+02  0.3616419E+01  0.1068397E+01  Si
  0.3183129E+02  0.9373129E+01  0.5955557E+01  Si
  0.3204064E+02  0.3539794E+01  0.7032581E+01  Si
  0.4076689E+02  0.7690983E+01  0.1047290E+02  Si
  0.2388513E+02  0.4121352E+01  0.3999376E+01  Si
  0.2848650E+02  0.1043415E+02  0.1521224E+02  Si
  0.2750313E+02  0.5048081E+01  0.5528300E+00  Si
  0.3340305E+02  0.5190341E+01  0.7170532E+00  Si
  0.3176070E+02  0.1827079E+02  0.8974570E+01  Si
  0.2126108E+02  0.1028166E+02  0.1620497E+02  Si
  0.2622516E+02  0.6010288E+01  0.1778084E+02  Si
  0.3384974E+02  0.4702589E+00  0.1288319E+01  Si
  0.2024983E+02  0.1986407E+02  0.1013451E+01  Si
  0.2168309E+02  0.4933703E+01  0.1018325E+02  Si
  0.2576231E+02  0.7709308E+01  0.3891013E+01  Si
  0.2568213E+02  0.1373459E+02  0.1035133E+02  Si
  0.2276701E+02  0.6454696E+01  0.1172143E+02  Si
  0.4058462E+02  0.1314956E+02  0.1555587E+02  Si
  0.2340531E+02  0.2654502E+01  0.2024889E+01  Si
  0.3090637E+02  0.4421820E+01  0.1741882E+02  Si
  0.3372697E+02  0.2843629E+01  0.6098964E+00  Si
  0.2026455E+02  0.1454896E+02  0.1210075E+02  Si
  0.2986868E+02  0.1432937E+02  0.8719471E+01  Si
  0.2757859E+02  0.1289373E+02  0.1959418E+02  Si
  0.3577953E+02  0.1134716E+02  0.1777739E+02  Si
  0.2322490E+02  0.2040970E+02  0.1956763E+02  Si
  0.2176079E+02  0.1858097E+02  0.2185163E+01  Si
  0.3595174E+02  0.6154812E+01  0.1308632E+02  Si
  0.3182949E+02  0.1324075E+02  0.7592223E+01  Si
  0.3954212E+02  0.2017685E+02  0.4304077E+01  Si
  0.2575921E+02  0.1390039E+02  0.1379246E+02  Si
  0.3644559E+02  0.1292326E+02  0.5773493E+01  Si
  0.3837965E+02  0.1042668E+02  0.9941108E+01  Si
  0.3766066E+02  0.1001288E+02  0.1706693E+02  Si
  0.4128421E+02  0.1747791E+02  0.1995334E+02  Si
  0.3517124E+02  0.1583488E+02  0.1310100E+02  Si
  0.3559380E+02  0.1595462E+02  0.7005317E+01  Si
  0.3379786E+02  0.1485490E+02  0.1778261E+02  Si
  0.2884784E+02  0.1874192E+02  0.5978670E+00  Si
  0.2449433E+02  0.1669423E+02  0.2095590E+01  Si
  0.3329242E+02  0.1550353E+02  0.6656361E+01  Si
  0.3839241E+02  0.1605616E+02  0.1636929E+00  Si
  0.2318722E+02  0.8802819E+01  0.2020386E+02  Si
  0.3491567E+02  0.1107139E+02  0.6936583E+01  Si
  0.3649939E+02  0.1367214E+01  0.1502440E+02  Si
  0.3069510E+02  0.1612372E+02  0.1005017E+02  Si
  0.3954683E+02  0.2050328E+02  0.1443925E+02  Si
  0.2703649E+02  0.2207818E+01  0.1595443E+02  Si
  0.2837079E+02  0.1562274E+02  0.3081457E+01  Si
  0.2777213E+02  0.2061271E+02  0.1406160E+02  Si
  0.2458049E+02  0.7855491E+01  0.1626052E+02  Si
  0.3281928E+02  0.5993170E+00  0.1398412E+02  Si
  0.3904718E+02  0.8467054E+01  0.1410456E+02  Si
  0.3146233E+02  0.1399420E+02  0.1821914E+02  Si
  0.4200955E+02  0.1153312E+01  0.3897121E+01  Si
  0.4088147E+02  0.1902934E+02  0.1556151E+02  Si
  0.3071253E+02  0.2065432E+02  0.1713176E+02  Si
  0.3158708E+02  0.1414589E+02  0.1143032E+02  Si
  0.4199997E+02  0.2017742E+02  0.1162784E+02  Si
  0.2572805E+02  0.1142170E+02  0.1734230E+02  Si
  0.2938820E+02  0.1195233E+02  0.9440497E+01  Si
  0.2314215E+02  0.1133848E+02  0.1748534E+02  Si
  0.4056369E+02  0.1072289E+02  0.1871289E+02  Si
  0.4067921E+02  0.1614612E+02  0.2370332E+01  Si
  0.3936145E+02  0.3618772E+01  0.3481290E+01  Si
  0.4033869E+02  0.1603899E+02  0.1819963E+02  Si
  0.2957589E+02  0.8927471E+01  0.9329575E+01  Si
  0.2280249E+02  0.3692947E+01  0.2030628E+02  Si
  0.3929571E+02  0.1809411E+01  0.1774515E+01  Si
  0.3455337E+02  0.1385133E+02  0.1427521E+02  Si
  0.3228510E+02  0.1154749E+02  0.1484695E+02  Si
  0.2653756E+02  0.1223338E+02  0.4406166E+01  Si
  0.2495282E+02  0.6045408E+01  0.6911866E+01  Si
  0.3264983E+02  0.1965829E+02  0.1410185E+02  Si
  0.2029132E+02  0.1996504E+02  0.6343016E+01  Si
  0.1893846E+02  0.1864584E+02  0.4923668E+01  Si
  0.4058206E+02  0.7734569E+01  0.1566328E+02  Si
  0.2723549E+02  0.1729948E+02  0.1559382E+02  Si
  0.2041041E+02  0.6382759E+01  0.1445452E+02  Si
  0.4188565E+02  0.1484435E+02  0.8212939E+00  Si
  0.3001964E+02  0.1663130E+02  0.1519508E+01  Si
  0.3947311E+02  0.2032798E+02  0.1956833E+02  Si
  0.4308180E+02  0.1334998E+02  0.1817710E+02  Si
  0.2044772E+02  0.2003678E+02  0.1704186E+02  Si
  0.3926793E+02  0.3981564E+01  0.1496463E+02  Si
  0.3234152E+02  0.1353153E+02  0.1363145E+02  Si
  0.3501225E+02  0.5441912E+01  0.1847862E+02  Si
  0.3204037E+02  0.1818795E+02  0.1588267E+02  Si
  0.3389069E+02  0.1335631E+02  0.6098039E+01  Si
  0.2903805E+02  0.1618174E+02  0.1610325E+02  Si
  0.2155421E+02  0.2499784E+01  0.1841340E+02  Si
  0.2152783E+02  0.4873680E+01  0.4755496E+01  Si
  0.2958313E+02  0.6952243E+01  0.1147411E+02  Si
  0.3219271E+02  0.1583262E+02  0.6447239E+00  Si
  0.4106256E+02  0.1074245E+02  0.7733033E+01  Si
  0.2461335E+02  0.1173481E+02  0.1036265E+02  Si
  0.3609570E+02  0.1750356E+02  0.1890972E+02  Si
  0.4194855E+02  0.6474207E+01  0.2019671E+02  Si
  0.4076621E+02  0.1344138E+02  0.1007959E+02  Si
  0.3915977E+02  0.5966664E+01  0.6998901E+01  Si
  0.2725121E+02  0.1124556E+02  0.8465440E+01  Si
  0.4067375E+02  0.2133886E+02  0.7815869E+01  Si
  0.2184694E+02  0.2126748E+02  0.2121158E+02  Si
  0.2184096E+02  0.1341776E+02  0.1345005E+02  Si
  0.2023733E+02  0.1218488E+02  0.3523239E+01  Si
  0.2155822E+02  0.1355064E+02  0.2047159E+01  Si
  0.3345499E+02  0.1639015E+02  0.2700083E+01  Si
  0.2024912E+02  0.7742924E+00  0.4005660E+01  Si
  0.2667718E+02  0.1993731E+02  0.4838707E+01  Si
  0.2341857E+02  0.8348310E+01  0.4237438E+01  Si
  0.2044382E+02  0.1018191E+01  0.1981460E+02  Si
  0.3463300E+02  0.9920620E+01  0.1937690E+02  Si
  0.2182812E+02  0.7785796E+01  0.7824306E+01  Si
  0.2376102E+02  0.1803219E+02  0.1690777E+02  Si
  0.2859236E+02  0.7840908E+01  0.6768384E+00  Si
  0.3619009E+02  0.2152825E+02  0.1771090E+01  Si
  0.2538785E+02  0.1850981E+02  0.7925191E+01  Si
  0.3293680E+02  0.7753413E+01  0.2048816E+02  Si
  0.3800501E+02  0.4953052E+01  0.4980667E+01  Si
  0.3801753E+02  0.1883207E+02  0.7766087E+01  Si
  0.4064651E+02  0.1879111E+02  0.1034928E+02  Si
  0.2318459E+02  0.1875794E+02  0.4098619E+01  Si
  0.3626577E+02  0.1231903E+02  0.1405442E+02  Si
  0.2047671E+02  0.9243355E+01  0.6498976E+01  Si
  0.4073640E+02  0.5005814E+01  0.8209669E+01  Si
  0.3761894E+02  0.1590431E+02  0.1960585E+02  Si
  0.3568440E+02  0.1952823E+02  0.1347318E+02  Si
  0.3394225E+02  0.1619516E+02  0.1977756E+02  Si
  0.3329575E+02  0.1097759E+02  0.5128621E+01  Si
  0.2217328E+02  0.2144204E+02  0.1072645E+02  Si
  0.1869315E+02  0.1341851E+02  0.4746206E+01  Si
  0.3420407E+02  0.3956059E+01  0.6254732E+01  Si
  0.2390619E+02  0.1000599E+02  0.1392558E+02  Si
  0.3450833E+02  0.6970165E+01  0.4177068E+01  Si
  0.2646777E+02  0.8008771E+01  0.9451130E+01  Si
  0.3796864E+02  0.2291624E+01  0.7624549E+01  Si
  0.3310181E+02  0.9960690E+01  0.2138706E+02  Si
  0.3736923E+02  0.1469795E+02  0.1735527E+02  Si
  0.3112851E+02  0.1402986E+02  0.1572552E+02  Si
  0.4193602E+02  0.9227398E+01  0.1008894E+01  Si
  0.2649915E+02  0.6100830E+00  0.2139656E+02  Si
  0.2933013E+02  0.1536832E+01  0.1528712E+02  Si
  0.3005941E+02  0.1824970E+02  0.1703751E+02  Si
  0.2040968E+02  0.1738446E+02  0.3837839E+01  Si
  0.2818395E+02  0.7817599E+01  0.4354717E+01  Si
  0.2173304E+02  0.1278365E+02  0.7474482E+01  Si
  0.2356839E+02  0.4387872E+01  0.8843446E+01  Si
  0.4198063E+02  0.2031037E+02  0.1219036E+01  Si
  0.4209366E+02  0.1744099E+02  0.9015844E+01  Si
  0.2314437E+02  0.1771468E+02  0.5613462E+00  Si
  0.2477975E+02  0.3549210E+01  0.6294332E+01  Si
  0.3929030E+02  0.1181351E+02  0.6308277E+01  Si
  0.3317225E+02  0.1954206E+02  0.1974384E+02  Si
  0.3766309E+02  0.9975274E+01  0.1480316E+02  Si
  0.3931277E+02  0.3739237E+01  0.2003450E+02  Si
  0.3338221E+02  0.6640508E+00  0.1637492E+02  Si
  0.2473466E+02  0.9070014E+00  0.3182506E+01  Si
  0.3248387E+02  0.2059841E+02  0.8574762E+01  Si
  0.4193823E+02  0.3743556E+01  0.1186619E+02  Si
  0.2945614E+02  0.4691123E+01  0.2105272E+02  Si
  0.4217150E+02  0.9107456E+01  0.6241123E+01  Si
  0.3834512E+02  0.1607323E+02  0.4282878E+01  Si
  0.4187607E+02  0.9227387E+01  0.1707118E+02  Si
  0.3479486E+02  0.2348634E+01  0.1609167E+02  Si
  0.3040172E+02  0.8866935E+01  0.3784936E+01  Si
  0.3923480E+02  0.1763494E+02  0.1146983E+02  Si
  0.2734235E+02  0.3351996E+01  0.6453143E+01  Si
  0.2884316E+02  0.1958664E+02  0.3854957E+01  Si
  0.2309851E+02  0.1174782E+01  0.1699747E+02  Si
  0.2823235E+02  0.1597799E+02  0.1370955E+02  Si
  0.3066098E+02  0.6942543E+00  0.2073726E+02  Si
  0.2659284E+02  0.1644031E+02  0.1783860E+02  Si
  0.2622356E+02  0.1020550E+02  0.1060827E+02  Si
  0.3053743E+02  0.6454575E+01  0.9077611E+01  Si
  0.2720090E+02  0.1413371E+02  0.5741493E+01  Si
  0.2169331E+02  0.7742437E+01  0.1895044E+02  Si
  0.3076835E+02  0.1806844E+02  0.3417288E+01  Si
  0.4221921E+02  0.6594942E+01  0.9241129E+01  Si
  0.2553099E+02  0.1142004E+02  0.1995435E+02  Si
  0.2975898E+02  0.1152481E+02  0.1977933E+01  Si
  0.3278075E+02  0.6866888E+01  0.9967028E+01  Si
  0.2713208E+02  0.7703536E+01  0.1337915E+02  Si
  0.3734765E+02  0.2134115E+02  0.2032873E+02  Si
  0.3791661E+02  0.9807644E+01  0.5249006E+01  Si
  0.3919125E+02  0.1446607E+02  0.1402089E+02  Si
  0.2483846E+02  0.2039984E+02  0.6628112E+01  Si
  0.3603413E+02  0.1865733E+02  0.2946474E+01  Si
  0.3158413E+02  0.1117178E+02  0.8948091E+01  Si
  0.4085577E+02  0.2163272E+02  0.1834088E+02  Si
  0.2437312E+02  0.3727726E+01  0.4494557E+00  Si
  0.3294437E+02  0.1372428E+02  0.1040950E+01  Si
  0.3317221E+02  0.1991959E+02  0.1737148E+02  Si
  0.3508089E+02  0.6928578E+01  0.2132750E+02  Si
  0.4076183E+02  0.1314287E+02  0.4989547E+01  Si
  0.3811031E+02  0.8497279E+01  0.1871140E+02  Si
  0.4192596E+02  0.9168979E+01  0.1190264E+02  Si
  0.4094671E+02  0.2567798E+01  0.1594785E+02  Si
  0.3449773E+02  0.8976914E+01  0.2577796E+01  Si
  0.3918786E+02  0.2015014E+02  0.9144147E+01  Si
  0.3733974E+02  0.1493657E+02  0.1232266E+02  Si
  0.2002982E+02  0.9282764E+01  0.1183568E+02  Si
  0.2173846E+02  0.1320581E+02  0.1853570E+02  Si
  0.2502847E+02  0.5942807E+01  0.2845910E+01  Si
  0.3069721E+02  0.5370520E+01  0.1517475E+02  Si
  0.3195869E+02  0.2144196E+02  0.6213176E+01  Si
  0.2178130E+02  0.1549200E+02  0.4831711E+01  Si
  0.2139460E+02  0.1132260E+02  0.5530505E+01  Si
  0.3929738E+02  0.9262238E+00  0.6388934E+01  Si
  0.2117916E+02  0.1550186E+01  0.6997830E+01  Si
  0.2132588E+02  0.2383892E+01  0.1345131E+02  Si
  0.3037516E+02  0.1464278E+02  0.4241903E+01  Si
  0.3760226E+02  0.2151211E+02  0.1057071E+02  Si
  0.2748843E+02  0.1388202E+02  0.1785333E+01  Si
  0.4201370E+02  0.1977850E+02  0.6516328E+01  Si
  0.3419282E+02  0.1152454E+02  0.3041576E+01  Si
  0.2333739E+02  0.1556118E+02  0.1627056E+02  Si
  0.3789461E+02  0.1580835E+02  0.1049811E+02  Si
  0.2322553E+02  0.1500966E+02  0.3000968E+01  Si
  0.2911242E+02  0.1108106E+02  0.1870169E+02  Si
  0.3769726E+02  0.5749344E+01  0.8885050E+01  Si
  0.4056303E+02  0.1453126E+00  0.1288300E+02  Si
  0.3752286E+02  0.1157390E+02  0.1951508E+02  Si
  0.3492402E+02  0.1144624E+02  0.7460239E+00  Si
  0.4052585E+02  0.2144304E+02  0.2694973E+01  Si
  0.3280663E+02  0.7318121E+01  0.5549262E+01  Si
  0.3568327E+02  0.1633132E+02  0.2915449E+01  Si
  0.2333684E+02  0.5912818E+01  0.1257692E+01  Si
  0.3261289E+02  0.2999130E+01  0.1293082E+02  Si
  0.3944001E+02  0.1164585E+02  0.1688229E+02  Si
  0.2699482E+02  0.1895875E+02  0.2005228E+01  Si
  0.3738054E+02  0.1909634E+01  0.3556376E+01  Si
  0.3465071E+02  0.1144133E+02  0.9375169E+01  Si
  0.3536163E+02  0.1946132E+02  0.7103455E+00  Si
  0.3927639E+02  0.6961309E+01  0.1223039E+02  Si
  0.2500623E+02  0.1401794E+01  0.2006763E+02  Si
  0.2431499E+02  0.2053808E+00  0.1354183E+02  Si
  0.3563790E+02  0.1442954E+02  0.1965222E+02  Si
  0.3253463E+02  0.1808014E+01  0.5141774E+01  Si
  0.3817006E+02  0.5167912E+01  0.1657821E+02  Si
  0.4051069E+02  0.2495985E+01  0.1065902E+02  Si
  0.2411352E+02  0.4761128E+01  0.1273200E+02  Si
  0.4224829E+02  0.2015906E+02  0.1720412E+02  Si
  0.4036432E+02  0.5127430E+01  0.1340614E+02  Si
  0.2434796E+02  0.5361234E+01  0.1934473E+02  Si
  0.4235221E+02  0.1200539E+02  0.9050209E+01  Si
  0.3957800E+02  0.6792568E+01  0.1762410E+02  Si
  0.3620269E+02  0.1019896E+02  0.1083820E+02  Si
  0.3239074E+02  0.2489076E+01  0.1776926E+02  Si
  0.2673231E+02  0.1673318E+02  0.7111584E+01  Si
  0.2148756E+02  0.3759968E-02  0.5530971E+01  Si
  0.1907961E+02  0.1310710E+02  0.1104035E+02  Si
  0.4196555E+02  0.1745941E+02  0.3858154E+01  Si
  0.4185354E+02  0.1753859E+02  0.1427689E+02  Si
  0.3574993E+02  0.1662171E+02  0.9514525E+01  Si
  0.3775225E+02  0.5041255E+01  0.2150939E+02  Si
  0.3278611E+02  0.4706454E+01  0.1893781E+02  Si
  0.2296783E+02  0.1347397E+01  0.1203607E+02  Si
  0.2295161E+02  0.3775891E+01  0.1449908E+02  Si
  0.4062218E+02  0.1047379E+02  0.2524486E+01  Si
  0.2914502E+02  0.6328415E+01  0.6150301E+01  Si
  0.4047668E+02  0.1608878E+02  0.1284613E+02  Si
  0.2878362E+02  0.9808086E+01  0.5540648E+01  Si
  0.2834372E+02  0.1433301E+01  0.1200534E+02  Si
  0.2495515E+02  0.8559026E+01  0.7642049E+01  Si
  0.2034655E+02  0.3859199E+01  0.1056486E+01  Si
  0.3465998E+02  0.1891071E+02  0.5015331E+01  Si
  0.3670800E+02  0.3617433E+01  0.1176121E+02  Si
  0.3676481E+02  0.1741413E+02  0.1439717E+02  Si
  0.3611366E+02  0.8611889E+01  0.9035035E+00  Si
  0.1888110E+02  0.5001596E+01  0.7461009E+01  Si
  0.2434606E+02  0.1318895E+02  0.2093973E+02  Si
  0.3288205E+02  0.1830333E+01  0.2015687E+02  Si
  0.3620080E+02  0.6484382E+01  0.1556034E+02  Si
  0.3363457E+02  0.1715282E+02  0.1031103E+02  Si
  0.2428361E+02  0.1603789E+02  0.1839414E+02  Si
  0.2436213E+02  0.6830981E+01  0.2106384E+02  Si
  0.2681972E+02  0.7137236E+01  0.1573376E+02  Si
  0.3434795E+02  0.1014353E+02  0.1535221E+02  Si
  0.2801936E+02  0.8896522E+01  0.7723009E+01  Si
  0.3337189E+02  0.1724879E+02  0.1377797E+02  Si
  0.2165529E+02  0.1003554E+02  0.2131520E+02  Si
  0.3812685E+02  0.1221410E+02  0.8231313E+01  Si
  0.2668094E+02  0.4263722E+01  0.2849572E+01  Si
  0.2959158E+02  0.7132981E+01  0.1406463E+02  Si
  0.2704123E+02  0.1583995E+02  0.1159933E+02  Si
  0.3623853E+02  0.1520963E+02  0.5048442E+01  Si
  0.3938608E+02  0.6321506E+01  0.8584813E+00  Si
  0.2154749E+02  0.7903848E+01  0.1305279E+02  Si
  0.4210136E+02  0.1462929E+02  0.6418056E+01  Si
  0.3535583E+02  0.7434577E+01  0.6295850E+01  Si
  0.3819900E+02  0.1938435E+02  0.1287995E+02  Si
  0.3249013E+02  0.2085801E+02  0.2158321E+02  Si
  0.2325061E+02  0.2422359E+01  0.7814489E+01  Si
  0.2404677E+02  0.7636400E+01  0.1055226E+02  Si
  0.3632009E+02  0.2015309E+02  0.6507828E+01  Si
  0.3361732E+02  0.1662531E+02  0.1629183E+02  Si
  0.3177490E+02  0.3450489E+01  0.3680772E+01  Si
  0.3288096E+02  0.1223393E+02  0.1053909E+02  Si
  0.3588675E+02  0.1792824E+02  0.1655667E+02  Si
  0.2928329E+02  0.2118618E+02  0.1237627E+02  Si
  0.3001982E+02  0.1034497E+02  0.1222952E+02  Si
  0.2901480E+02  0.1287197E+02  0.2165472E+02  Si
  0.2876678E+02  0.1987210E+02  0.1025541E+02  Si
  0.2751222E+02  0.1108584E+02  0.1239159E+02  Si
  0.2018104E+02  0.8899653E+01  0.1757886E+02  Si
  0.4055271E+02  0.1840492E+02  0.5323347E+01  Si
  0.3533547E+02  0.5496498E+01  0.7984508E+01  Si
  0.3425259E+02  0.5095109E+01  0.1021813E+02  Si
  0.2537099E+02  0.5836550E+01  0.9409300E+01  Si
  0.3340701E+02  0.1791034E+02  0.6467917E+00  Si
  0.3892779E+02  0.3753546E+01  0.9246285E+01  Si
  0.3658925E+02  0.2128615E+02  0.1789912E+02  Si
  0.3145213E+02  0.1918078E+02  0.1409963E+01  Si
  0.3779210E+02  0.2689194E+01  0.1373779E+02  Si
  0.3778162E+02  0.1932298E+02  0.1804339E+02  Si
  0.2527928E+02  0.2092479E+02  0.1475343E+01  Si
  0.3735196E+02  0.1052093E+02  0.1041065E+00  Si
  0.3730717E+02  0.5907396E+01  0.1110041E+02  Si
  0.3761276E+02  0.1290654E+02  0.2623975E+01  Si
  0.2176505E+02  0.1616019E+02  0.1064752E+02  Si
  0.4077414E+02  0.5106282E+01  0.2054463E+01  Si
  0.3467605E+02  0.8009565E+01  0.1624015E+02  Si
  0.3666945E+02  0.1493919E+02  0.1470705E+01  Si
  0.3685209E+02  0.1713299E+00  0.8359419E+01  Si
  0.4183369E+02  0.1052351E+01  0.9152094E+01  Si
  0.2023584E+02  0.1201241E+02  0.1474024E+02  Si
  0.2559485E+02  0.2083703E+02  0.1638654E+02  Si
  0.2165333E+02  0.1866219E+02  0.7498184E+01  Si
  0.2587553E+02  0.2000869E+02  0.1254347E+02  Si
  0.3206932E+02  0.1621075E+02  0.4632191E+01  Si
  0.3051050E+02  0.9234798E+01  0.1449278E+02  Si
  0.2411261E+02  0.3093409E+01  0.1091643E+02  Si
  0.2876142E+02  0.1844869E+01  0.5325526E+01  Si
  0.4221202E+02  0.3942910E+01  0.6536433E+01  Si
  0.3030088E+02  0.1214650E+02  0.1682981E+02  Si
  0.3093274E+02  0.1077644E+02  0.2022287E+02  Si
  0.2478252E+02  0.9045382E+01  0.5938314E+00  Si
  0.3925459E+02  0.1462172E+02  0.8971725E+01  Si
  0.2145367E+02  0.1054933E+02  0.1065974E+02  Si
  0.2515089E+02  0.1079664E+02  0.6948848E+01  Si
  0.3390942E+02  0.7657932E+01  0.1842116E+02  Si
  0.2680710E+02  0.6967536E+01  0.2099547E+02  Si
  0.3690262E+02  0.1414753E+02  0.7964501E+01  Si
  0.2654440E+02  0.1804586E+02  0.3005523E-01  Si
  0.3589007E+02  0.8994497E+01  0.8010710E+01  Si
  0.3968595E+02  0.1412830E+02  0.3190805E+01  Si
  0.2863268E+02  0.1660193E+02  0.8923698E+01  Si
  0.4074014E+02  0.2601231E+01  0.5035450E+01  Si
  0.3243364E+02  0.8881675E+01  0.1524051E+02  Si
  0.2486455E+02  0.1588363E+02  0.1249602E+02  Si
  0.3202030E+02  0.1743905E+02  0.2054216E+02  Si
  0.2975254E+02  0.6996744E+01  0.2658839E+01  Si
  0.2957601E+02  0.2239987E+01  0.1013209E+02  Si
  0.2998705E+02  0.4099758E+01  0.5303692E+01  Si
  0.4204863E+02  0.1118052E+01  0.1455182E+02  Si
  0.4047076E+02  0.1602436E+02  0.7482651E+01  Si
  0.2393051E+02  0.1716972E+02  0.1096362E+02  Si
  0.2617252E+02  0.5576087E+01  0.1368199E+02  Si
  0.3818798E+02  0.3341221E+01  0.1810241E+02  Si
  0.2839305E+02  0.1950157E+02  0.6408341E+01  Si
  0.2121505E+02  0.2955047E+01  0.3214379E+01  Si
  0.3176709E+02  0.5975571E+01  0.1202948E+02  Si
  0.2832437E+02  0.1820192E+02  0.1342952E+02  Si
  0.3738929E+02  0.1389678E+01  0.2866507E+00  Si
  0.2030859E+02  0.1449405E+02  0.6416019E+01  Si
  0.3024163E+02  0.1713279E+01  0.1206967E+01  Si
  0.3513186E+02  0.1377641E+02  0.1582839E+00  Si
  0.2305385E+02  0.1153817E+02  0.1225155E+02  Si
  0.2355404E+02  0.1386672E+02  0.6151810E+01  Si
  0.3111773E+02  0.2007125E+02  0.1076940E+02  Si
  0.4186688E+02  0.1172497E+02  0.1418201E+02  Si
  0.3930129E+02  0.8791841E+01  0.3611019E+01  Si
  0.3807110E+02  0.1775313E+00  0.1600398E+02  Si
  0.3534318E+02  0.3882404E+00  0.1342217E+02  Si
  0.4211148E+02  0.6390026E+01  0.1435248E+02  Si
  0.3555512E+02  0.3474326E+01  0.2939720E+01  Si
  0.3780441E+02  0.7712701E+01  0.2059120E+01  Si
  0.3974980E+02  0.8976804E+01  0.8716516E+01  Si
  0.2477726E+02  0.2156275E+02  0.1838245E+02  Si
  0.2685917E+02  0.3897124E+00  0.8567951E+01  Si
  0.3132346E+02  0.3755780E+01  0.1094025E+02  Si
  0.3889389E+02  0.1362042E+01  0.1193901E+02  Si
  0.3334124E+02  0.2075929E+02  0.1101171E+02  Si
  0.3918405E+02  0.9829193E+01  0.2025344E+02  Si
  0.2776855E+02  0.1003274E+02  0.1739409E+02  Si
  0.2704567E+02  0.1984352E+02  0.8372768E+01  Si
  0.3585731E+02  0.1012974E+02  0.1351476E+02  Si
  0.3937440E+02  0.1752784E+02  0.1226961E+01  Si
  0.3528736E+02  0.1347163E+02  0.1659310E+02  Si
  0.2678482E+02  0.9505209E+01  0.2073770E+02  Si
  0.3381185E+02  0.1785253E+02  0.7072284E+01  Si
  0.3552303E+02  0.1967460E+02  0.1999174E+02  Si
  0.3387262E+02  0.1325130E+01  0.1030385E+02  Si
  0.2717194E+02  0.4146034E+00  0.3808608E+01  Si
  0.3162658E+02  0.6423631E+01  0.1587930E+01  Si
  0.3015033E+02  0.3249617E+01  0.1403036E+02  Si
  0.3837466E+02  0.1822223E+02  0.3337291E+01  Si
  0.3183613E+02  0.8975412E+01  0.8383169E+01  Si
  0.2928826E+02  0.3437217E+00  0.8820851E+01  Si
  0.2032227E+02  0.9777841E+00  0.1484051E+02  Si
  0.2625162E+02  0.2205265E+01  0.1033352E+02  Si
  0.3535623E+02  0.2017621E+02  0.1588536E+02  Si
  0.2849973E+02  0.1546763E+02  0.9838514E-01  Si
  0.3150561E+02  0.5916189E+01  0.7018713E+01  Si
  0.3909647E+02  0.1191573E+02  0.1235902E+01  Si
  0.4227562E+02  0.1209508E+02  0.1966323E+02  Si
  0.3299665E+02  0.3335387E+01  0.9162309E+01  Si
  0.3938042E+02  0.1785530E+02  0.1675567E+02  Si
  0.2791767E+02  0.1070214E+02  0.3186911E+01  Si
  0.2798397E+02  0.1712671E+02  0.1993073E+02  Si
  0.2896638E+02  0.4789389E+01  0.3388454E+01  Si
  0.2189305E+02  0.1849678E+02  0.1832365E+02  Si
  0.3660263E+02  0.3458438E+01  0.8599036E+00  Si
  0.3697349E+02  0.7048733E+01  0.4080571E+01  Si
  0.3241077E+02  0.1042043E+02  0.1209867E+02  Si
  0.2929895E+02  0.2081315E+02  0.1896939E+01  Si
  0.3073549E+02  0.2126785E+02  0.1447625E+02  Si
  0.3010579E+02  0.1837827E+02  0.1947793E+02  Si
  0.2965513E+02  0.2047113E+02  0.1933499E+02  Si
  0.3476807E+02  0.2106595E+02  0.8959554E+01  Si
  0.4080092E+02  0.1302842E+02  0.2158260E+02  Si
  0.2549964E+02  0.1805352E+02  0.3752320E+01  Si
  0.3808006E+02  0.8313372E+01  0.7061430E+01  Si
  0.2459116E+02  0.2407656E+01  0.1558639E+02  Si
  0.3906614E+02  0.1708626E+02  0.6263247E+01  Si
  0.2744158E+02  0.5361761E+01  0.7363190E+01  Si
  0.2052764E+02  0.1753113E+02  0.2000720E+02  Si
  0.3254530E+02  0.2366485E+00  0.3340524E+01  Si
  0.3944275E+02  0.1180608E+02  0.1135763E+02  Si
  0.3889273E+02  0.1344365E+02  0.1868919E+02  Si
  0.3577534E+02  0.3128909E+01  0.1831518E+02  Si
  0.2289880E+02  0.9289251E+01  0.9317490E+01  Si
  0.2355884E+02  0.1140371E+02  0.8360333E+01  Si
  0.2686579E+02  0.2164450E+02  0.1073570E+02  Si
  0.2479934E+02  0.1949673E+02  0.2135293E+02  Si
  0.2200875E+02  0.7709854E+01  0.2329736E+01  Si
  0.3635030E+02  0.1124407E+02  0.4026798E+01  Si
  0.4238246E+02  0.3833999E+01  0.1743434E+02  Si
  0.2352335E+02  0.2022907E+02  0.1494378E+02  Si
  0.3587025E+02  0.1286873E+01  0.1124028E+02  Si
  0.3226653E+02  0.8846197E+01  0.1488638E+01  Si
  0.4198608E+02  0.1475223E+02  0.1160029E+02  Si
  0.2405897E+02  0.1708412E+02  0.1456904E+02  Si
  0.3384210E+02  0.4655509E+01  0.3967505E+01  Si
  0.1876568E+02  0.1067928E+02  0.1344383E+02  Si
  0.2420617E+02  0.1585229E+02  0.7367463E+01  Si
  0.2171719E+02  0.2143867E+02  0.1596624E+02  Si
  0.2391880E+02  0.1527496E+02  0.9599269E+01  Si
  0.4050641E+02  0.7910122E+01  0.2139026E+02  Si
  0.4024106E+02  0.1030194E+02  0.1318113E+02  Si
  0.3125531E+02  0.1268697E+02  0.5224295E+01  Si
  0.2793109E+02  0.4037563E+01  0.1272368E+02  Si
  0.4040852E+02  0.1914359E+02  0.2145029E+02  Si
  0.4341791E+02  0.2137678E+02  0.2139294E+02  Si
  0.4623096E+02  0.2476827E+01  0.2147497E+02  Si
  0.4622939E+02  0.2140166E+02  0.2234472E+01  Si
  0.4344993E+02  0.1854712E+01  0.2414207E+01  Si
  0.4488209E+02  0.8879796E+00  0.1038366E+01  Si
  0.4758014E+02  0.4084122E+01  0.1024023E+01  Si
  0.4729606E+02  0.9397348E+00  0.3682261E+01  Si
  0.4479989E+02  0.3578169E+01  0.3493575E+01  Si
  0.4871163E+02  0.2131473E+02  0.2138136E+02  Si
  0.5166693E+02  0.2303954E+01  0.2126768E+02  Si
  0.5150519E+02  0.2121796E+02  0.2234043E+01  Si
  0.4859683E+02  0.2313608E+01  0.2289255E+01  Si
  0.4999048E+02  0.1035982E+01  0.8091173E+00  Si
  0.5293412E+02  0.3608077E+01  0.1063553E+01  Si
  0.5288022E+02  0.7828445E+00  0.3752814E+01  Si
  0.5000480E+02  0.3596496E+01  0.3686223E+01  Si
  0.5416969E+02  0.2118633E+02  0.2120031E+02  Si
  0.5696105E+02  0.2382214E+01  0.2134969E+02  Si
  0.5665667E+02  0.2127596E+02  0.2308037E+01  Si
  0.5411445E+02  0.2356427E+01  0.2478324E+01  Si
  0.5536355E+02  0.9318062E+00  0.9178830E+00  Si
  0.5834035E+02  0.3692746E+01  0.1099643E+01  Si
  0.5823535E+02  0.9050956E+00  0.3413891E+01  Si
  0.5548109E+02  0.3623195E+01  0.3817664E+01  Si
  0.5972931E+02  0.2142890E+02  0.2141530E+02  Si
  0.6230802E+02  0.2534200E+01  0.2131797E+02  Si
  0.6243979E+02  0.2159121E+02  0.2082524E+01  Si
  0.5963805E+02  0.2479415E+01  0.2432840E+01  Si
  0.6103855E+02  0.1187476E+01  0.1099901E+01  Si
  0.6373491E+02  0.3853576E+01  0.8733921E+00  Si
  0.6367674E+02  0.1272143E+01  0.3652192E+01  Si
  0.6091385E+02  0.3857552E+01  0.3644917E+01  Si
  0.4368240E+02  0.5134952E+01  0.2152211E+02  Si
  0.4620896E+02  0.7948648E+01  0.2142149E+02  Si
  0.4623875E+02  0.5113325E+01  0.2516622E+01  Si
  0.4354517E+02  0.8074381E+01  0.2409606E+01  Si
  0.4496163E+02  0.6753748E+01  0.1159728E+01  Si
  0.4761102E+02  0.9493296E+01  0.8704758E+00  Si
  0.4762333E+02  0.6652053E+01  0.3668116E+01  Si
  0.4490474E+02  0.9425026E+01  0.3606858E+01  Si
  0.4902820E+02  0.5432158E+01  0.2124883E+02  Si
  0.5181257E+02  0.8077272E+01  0.2145483E+02  Si
  0.5158288E+02  0.5027656E+01  0.2305254E+01  Si
  0.4882966E+02  0.7844451E+01  0.2252229E+01  Si
  0.5040080E+02  0.6427385E+01  0.9693628E+00  Si
  0.5295092E+02  0.9386840E+01  0.1089600E+01  Si
  0.5283205E+02  0.6228388E+01  0.3788586E+01  Si
  0.5012646E+02  0.9340618E+01  0.3642599E+01  Si
  0.5416156E+02  0.5086373E+01  0.2134643E+02  Si
  0.5684724E+02  0.7526710E+01  0.2111834E+02  Si
  0.5697984E+02  0.5116311E+01  0.2498446E+01  Si
  0.5405875E+02  0.7919777E+01  0.2625178E+01  Si
  0.5554129E+02  0.6378084E+01  0.1230317E+01  Si
  0.5814321E+02  0.9038016E+01  0.7632706E+00  Si
  0.5815715E+02  0.6459715E+01  0.3835688E+01  Si
  0.5559277E+02  0.9181024E+01  0.3787186E+01  Si
  0.5960515E+02  0.5087915E+01  0.2134278E+02  Si
  0.6217326E+02  0.8098978E+01  0.2109158E+02  Si
  0.6240307E+02  0.5141179E+01  0.2433877E+01  Si
  0.5964303E+02  0.8022604E+01  0.2242364E+01  Si
  0.6103040E+02  0.6509462E+01  0.1032222E+01  Si
  0.6343126E+02  0.9440550E+01  0.1005374E+01  Si
  0.6369816E+02  0.6538936E+01  0.3679672E+01  Si
  0.6094075E+02  0.9331796E+01  0.3789110E+01  Si
  0.4324351E+02  0.1063235E+02  0.2123170E+02  Si
  0.4614478E+02  0.1384066E+02  0.2109820E+02  Si
  0.4623390E+02  0.1083389E+02  0.1968261E+01  Si
  0.4351900E+02  0.1351753E+02  0.2096319E+01  Si
  0.4481594E+02  0.1213868E+02  0.4868880E+00  Si
  0.4748556E+02  0.1520940E+02  0.6574880E+00  Si
  0.4761688E+02  0.1204331E+02  0.3499672E+01  Si
  0.4503452E+02  0.1471329E+02  0.3472275E+01  Si
  0.4904100E+02  0.1099793E+02  0.2137667E+02  Si
  0.5186217E+02  0.1336414E+02  0.2122707E+02  Si
  0.5182002E+02  0.1064652E+02  0.2510268E+01  Si
  0.4888110E+02  0.1365264E+02  0.2166878E+01  Si
  0.5041194E+02  0.1219866E+02  0.1022311E+01  Si
  0.5308608E+02  0.1475179E+02  0.9633234E+00  Si
  0.5312799E+02  0.1190054E+02  0.4005711E+01  Si
  0.5051694E+02  0.1471065E+02  0.3556107E+01  Si
  0.5443351E+02  0.1058426E+02  0.2122750E+02  Si
  0.5685760E+02  0.1311897E+02  0.2088061E+02  Si
  0.5686929E+02  0.1071579E+02  0.2296669E+01  Si
  0.5430709E+02  0.1342340E+02  0.2475484E+01  Si
  0.5551899E+02  0.1213335E+02  0.8846877E+00  Si
  0.5814502E+02  0.1463338E+02  0.6235164E+00  Si
  0.5822188E+02  0.1190418E+02  0.3818826E+01  Si
  0.5577294E+02  0.1470416E+02  0.3993349E+01  Si
  0.5957352E+02  0.1032148E+02  0.2124793E+02  Si
  0.6230369E+02  0.1306014E+02  0.2149489E+02  Si
  0.6228245E+02  0.1091332E+02  0.2668206E+01  Si
  0.5937827E+02  0.1330095E+02  0.2370910E+01  Si
  0.6087852E+02  0.1193373E+02  0.1069993E+01  Si
  0.6374020E+02  0.1487096E+02  0.8590324E+00  Si
  0.6404845E+02  0.1220505E+02  0.3825356E+01  Si
  0.6083315E+02  0.1469331E+02  0.3665982E+01  Si
  0.4317310E+02  0.1626603E+02  0.2105169E+02  Si
  0.4603288E+02  0.1877880E+02  0.2123901E+02  Si
  0.4615246E+02  0.1635591E+02  0.2119770E+01  Si
  0.4327705E+02  0.1898477E+02  0.2415618E+01  Si
  0.4444636E+02  0.1746245E+02  0.8978709E+00  Si
  0.4755008E+02  0.1989561E+02  0.8924298E+00  Si
  0.4761364E+02  0.1733867E+02  0.3741661E+01  Si
  0.4470502E+02  0.2016065E+02  0.3705906E+01  Si
  0.4905518E+02  0.1624231E+02  0.2080741E+02  Si
  0.5163534E+02  0.1863151E+02  0.2119358E+02  Si
  0.5176273E+02  0.1594150E+02  0.2146361E+01  Si
  0.4912280E+02  0.1874532E+02  0.2386886E+01  Si
  0.5035870E+02  0.1722956E+02  0.8000446E+00  Si
  0.5305318E+02  0.2005691E+02  0.1033303E+01  Si
  0.5294321E+02  0.1715015E+02  0.3736889E+01  Si
  0.5043103E+02  0.2005710E+02  0.3874975E+01  Si
  0.5458141E+02  0.1607675E+02  0.2142232E+02  Si
  0.5693836E+02  0.1848945E+02  0.2135816E+02  Si
  0.5698183E+02  0.1612020E+02  0.2242190E+01  Si
  0.5421387E+02  0.1889263E+02  0.2582097E+01  Si
  0.5549378E+02  0.1746189E+02  0.1219351E+01  Si
  0.5830885E+02  0.1999073E+02  0.8596865E+00  Si
  0.5813534E+02  0.1749690E+02  0.3705622E+01  Si
  0.5548045E+02  0.2018737E+02  0.3837128E+01  Si
  0.5971251E+02  0.1575088E+02  0.2095384E+02  Si
  0.6257651E+02  0.1874875E+02  0.2134244E+02  Si
  0.6236675E+02  0.1603425E+02  0.2264148E+01  Si
  0.5976602E+02  0.1878305E+02  0.2455700E+01  Si
  0.6097634E+02  0.1731579E+02  0.8755147E+00  Si
  0.6383398E+02  0.2035945E+02  0.7390426E+00  Si
  0.6394872E+02  0.1726612E+02  0.3347271E+01  Si
  0.6121962E+02  0.2003642E+02  0.3564791E+01  Si
  0.4328625E+02  0.2118846E+02  0.5289776E+01  Si
  0.4600884E+02  0.2184416E+01  0.5053403E+01  Si
  0.4621042E+02  0.2171666E+02  0.7630592E+01  Si
  0.4331304E+02  0.2489906E+01  0.8034299E+01  Si
  0.4456205E+02  0.1062591E+01  0.6527525E+01  Si
  0.4712501E+02  0.3644407E+01  0.6279270E+01  Si
  0.4743871E+02  0.1067469E+01  0.9284978E+01  Si
  0.4467577E+02  0.3829208E+01  0.9312186E+01  Si
  0.4884665E+02  0.2150819E+02  0.4869782E+01  Si
  0.5138872E+02  0.2260535E+01  0.5112705E+01  Si
  0.5127217E+02  0.2138917E+02  0.7816420E+01  Si
  0.4877731E+02  0.2722943E+01  0.7915220E+01  Si
  0.4989631E+02  0.1024991E+01  0.6558978E+01  Si
  0.5278565E+02  0.3698823E+01  0.6553786E+01  Si
  0.5289168E+02  0.1189616E+01  0.9140245E+01  Si
  0.5012213E+02  0.3830670E+01  0.9525214E+01  Si
  0.5432890E+02  0.2134133E+02  0.5039824E+01  Si
  0.5700294E+02  0.2220934E+01  0.5192188E+01  Si
  0.5690667E+02  0.2130344E+02  0.7998883E+01  Si
  0.5412979E+02  0.2560947E+01  0.7751202E+01  Si
  0.5559828E+02  0.7539162E+00  0.6556421E+01  Si
  0.5810950E+02  0.3943621E+01  0.6618186E+01  Si
  0.5841571E+02  0.1092159E+01  0.8800311E+01  Si
  0.5548725E+02  0.3904134E+01  0.8989604E+01  Si
  0.5969925E+02  0.2137672E+02  0.4847177E+01  Si
  0.6241751E+02  0.2616865E+01  0.4789898E+01  Si
  0.6254837E+02  0.2130679E+02  0.7410494E+01  Si
  0.5970726E+02  0.2541336E+01  0.7387591E+01  Si
  0.6109257E+02  0.1013461E+01  0.6156734E+01  Si
  0.6367444E+02  0.3661551E+01  0.6297588E+01  Si
  0.6347732E+02  0.9530569E+00  0.8722782E+01  Si
  0.6088593E+02  0.3817342E+01  0.8739222E+01  Si
  0.4366949E+02  0.5244692E+01  0.4996242E+01  Si
  0.4640190E+02  0.8026048E+01  0.4895948E+01  Si
  0.4627472E+02  0.5032367E+01  0.7870663E+01  Si
  0.4362492E+02  0.8031463E+01  0.7936226E+01  Si
  0.4523664E+02  0.6601079E+01  0.6365721E+01  Si
  0.4738753E+02  0.9356766E+01  0.6549395E+01  Si
  0.4740974E+02  0.6333799E+01  0.9485686E+01  Si
  0.4478837E+02  0.9415639E+01  0.9186528E+01  Si
  0.4879047E+02  0.4984088E+01  0.5013270E+01  Si
  0.5131419E+02  0.7782645E+01  0.4986455E+01  Si
  0.5144796E+02  0.5069190E+01  0.8035838E+01  Si
  0.4859157E+02  0.7794347E+01  0.7951906E+01  Si
  0.4988062E+02  0.6373516E+01  0.6584779E+01  Si
  0.5287913E+02  0.9122978E+01  0.6247737E+01  Si
  0.5276654E+02  0.6702432E+01  0.9150706E+01  Si
  0.4988614E+02  0.9440468E+01  0.9049281E+01  Si
  0.5397642E+02  0.5062318E+01  0.5062615E+01  Si
  0.5668768E+02  0.7547566E+01  0.5130722E+01  Si
  0.5668119E+02  0.5197297E+01  0.7752721E+01  Si
  0.5415338E+02  0.7826190E+01  0.7574095E+01  Si
  0.5535575E+02  0.6219022E+01  0.6566849E+01  Si
  0.5817964E+02  0.8921985E+01  0.6403564E+01  Si
  0.5818564E+02  0.6548493E+01  0.9018976E+01  Si
  0.5559094E+02  0.9158484E+01  0.8785459E+01  Si
  0.5955405E+02  0.5211605E+01  0.5203136E+01  Si
  0.6235699E+02  0.7859343E+01  0.4882053E+01  Si
  0.6244228E+02  0.5233141E+01  0.7618094E+01  Si
  0.5953690E+02  0.7889640E+01  0.7799543E+01  Si
  0.6087568E+02  0.6583375E+01  0.6348635E+01  Si
  0.6351337E+02  0.8974109E+01  0.6365388E+01  Si
  0.6366362E+02  0.6685663E+01  0.9131444E+01  Si
  0.6094206E+02  0.9496990E+01  0.8881564E+01  Si
  0.4343158E+02  0.1039435E+02  0.4803241E+01  Si
  0.4612237E+02  0.1317451E+02  0.4975325E+01  Si
  0.4594406E+02  0.1076193E+02  0.7780122E+01  Si
  0.4352450E+02  0.1352811E+02  0.7979301E+01  Si
  0.4442422E+02  0.1213861E+02  0.6267741E+01  Si
  0.4767029E+02  0.1463554E+02  0.6315327E+01  Si
  0.4747626E+02  0.1209218E+02  0.9153846E+01  Si
  0.4495754E+02  0.1516725E+02  0.9040692E+01  Si
  0.4881303E+02  0.1051291E+02  0.5052019E+01  Si
  0.5152408E+02  0.1330438E+02  0.5129717E+01  Si
  0.5171465E+02  0.1054668E+02  0.7571124E+01  Si
  0.4905608E+02  0.1309817E+02  0.7580987E+01  Si
  0.5035945E+02  0.1179373E+02  0.6311367E+01  Si
  0.5292012E+02  0.1460330E+02  0.6587090E+01  Si
  0.5305693E+02  0.1184107E+02  0.9096904E+01  Si
  0.5006360E+02  0.1475703E+02  0.8975812E+01  Si
  0.5439241E+02  0.1037405E+02  0.5075269E+01  Si
  0.5697855E+02  0.1328161E+02  0.5242999E+01  Si
  0.5685425E+02  0.1064730E+02  0.7785697E+01  Si
  0.5433762E+02  0.1318390E+02  0.7702965E+01  Si
  0.5567265E+02  0.1171041E+02  0.6404312E+01  Si
  0.5844256E+02  0.1464828E+02  0.6368101E+01  Si
  0.5805627E+02  0.1202845E+02  0.9291825E+01  Si
  0.5571817E+02  0.1455287E+02  0.9164513E+01  Si
  0.5956688E+02  0.1051547E+02  0.5191433E+01  Si
  0.6244485E+02  0.1344578E+02  0.5117656E+01  Si
  0.6233808E+02  0.1080526E+02  0.7556897E+01  Si
  0.5948583E+02  0.1354595E+02  0.8052969E+01  Si
  0.6068807E+02  0.1205965E+02  0.6464324E+01  Si
  0.6384872E+02  0.1486315E+02  0.6476770E+01  Si
  0.6375869E+02  0.1219512E+02  0.8859393E+01  Si
  0.6078166E+02  0.1474290E+02  0.9505737E+01  Si
  0.4350668E+02  0.1595013E+02  0.4801201E+01  Si
  0.4632500E+02  0.1870821E+02  0.5131426E+01  Si
  0.4622659E+02  0.1601910E+02  0.7295261E+01  Si
  0.4342373E+02  0.1857906E+02  0.7539340E+01  Si
  0.4482453E+02  0.1735236E+02  0.6264560E+01  Si
  0.4772446E+02  0.2022150E+02  0.6542593E+01  Si
  0.4705303E+02  0.1734405E+02  0.9095125E+01  Si
  0.4462407E+02  0.2032291E+02  0.8863812E+01  Si
  0.4908603E+02  0.1615037E+02  0.5010055E+01  Si
  0.5166615E+02  0.1866607E+02  0.5115127E+01  Si
  0.5142483E+02  0.1594491E+02  0.7547731E+01  Si
  0.4877544E+02  0.1871532E+02  0.8065264E+01  Si
  0.5029259E+02  0.1753263E+02  0.6560487E+01  Si
  0.5280701E+02  0.2018565E+02  0.6386982E+01  Si
  0.5270350E+02  0.1730874E+02  0.8909584E+01  Si
  0.5013693E+02  0.2000291E+02  0.9373041E+01  Si
  0.5429733E+02  0.1579305E+02  0.5100964E+01  Si
  0.5683520E+02  0.1885947E+02  0.5196491E+01  Si
  0.5709704E+02  0.1592751E+02  0.7920024E+01  Si
  0.5415188E+02  0.1864316E+02  0.7646970E+01  Si
  0.5563901E+02  0.1731423E+02  0.6429117E+01  Si
  0.5834921E+02  0.2010118E+02  0.6572785E+01  Si
  0.5820164E+02  0.1759497E+02  0.9252265E+01  Si
  0.5541849E+02  0.1999098E+02  0.8888085E+01  Si
  0.5949687E+02  0.1621291E+02  0.5003187E+01  Si
  0.6261570E+02  0.1875970E+02  0.4732023E+01  Si
  0.6211889E+02  0.1586219E+02  0.7771810E+01  Si
  0.5982800E+02  0.1857690E+02  0.7754286E+01  Si
  0.6100281E+02  0.1745849E+02  0.6174961E+01  Si
  0.6384489E+02  0.2017553E+02  0.6097898E+01  Si
  0.6368355E+02  0.1732624E+02  0.8686189E+01  Si
  0.6123881E+02  0.2009702E+02  0.8914262E+01  Si
  0.4338847E+02  0.2154526E+02  0.1031066E+02  Si
  0.4615637E+02  0.2455769E+01  0.1073311E+02  Si
  0.4600650E+02  0.2141713E+02  0.1320600E+02  Si
  0.4360567E+02  0.2533868E+01  0.1311019E+02  Si
  0.4478642E+02  0.1028972E+01  0.1185534E+02  Si
  0.4743811E+02  0.3818446E+01  0.1217754E+02  Si
  0.4731752E+02  0.1175479E+01  0.1454301E+02  Si
  0.4491949E+02  0.3967853E+01  0.1456270E+02  Si
  0.4884132E+02  0.2139850E+02  0.1072198E+02  Si
  0.5146805E+02  0.2343320E+01  0.1058321E+02  Si
  0.5121199E+02  0.2153703E+02  0.1336010E+02  Si
  0.4881073E+02  0.2390171E+01  0.1328219E+02  Si
  0.5025126E+02  0.1066834E+01  0.1191594E+02  Si
  0.5288212E+02  0.3590187E+01  0.1188104E+02  Si
  0.5279999E+02  0.9955774E+00  0.1456865E+02  Si
  0.5011750E+02  0.3963936E+01  0.1476125E+02  Si
  0.5413782E+02  0.2130049E+02  0.1033888E+02  Si
  0.5683376E+02  0.2270903E+01  0.1016555E+02  Si
  0.5678867E+02  0.2150536E+02  0.1331548E+02  Si
  0.5446017E+02  0.2173581E+01  0.1317073E+02  Si
  0.5566734E+02  0.8368661E+00  0.1159649E+02  Si
  0.5800959E+02  0.3577880E+01  0.1167531E+02  Si
  0.5833123E+02  0.1092315E+01  0.1449026E+02  Si
  0.5535226E+02  0.3813001E+01  0.1455274E+02  Si
  0.5989463E+02  0.2139116E+02  0.1018225E+02  Si
  0.6199987E+02  0.2421887E+01  0.9968655E+01  Si
  0.6261369E+02  0.2153960E+02  0.1282107E+02  Si
  0.5954870E+02  0.2513243E+01  0.1308507E+02  Si
  0.6097552E+02  0.1025737E+01  0.1167513E+02  Si
  0.6343626E+02  0.3832042E+01  0.1147724E+02  Si
  0.6377936E+02  0.9722451E+00  0.1417173E+02  Si
  0.6096585E+02  0.4059722E+01  0.1436452E+02  Si
  0.4345556E+02  0.5147725E+01  0.1058274E+02  Si
  0.4630362E+02  0.8037295E+01  0.1062742E+02  Si
  0.4614756E+02  0.5245793E+01  0.1337065E+02  Si
  0.4356246E+02  0.8014084E+01  0.1303365E+02  Si
  0.4487254E+02  0.6640820E+01  0.1174764E+02  Si
  0.4746638E+02  0.9239783E+01  0.1207639E+02  Si
  0.4728228E+02  0.6555453E+01  0.1492472E+02  Si
  0.4480354E+02  0.9412817E+01  0.1441080E+02  Si
  0.4887094E+02  0.5278880E+01  0.1096639E+02  Si
  0.5125354E+02  0.7936485E+01  0.1027641E+02  Si
  0.5157110E+02  0.5056157E+01  0.1318349E+02  Si
  0.4869813E+02  0.7760801E+01  0.1338476E+02  Si
  0.5008807E+02  0.6483756E+01  0.1201066E+02  Si
  0.5277545E+02  0.9149782E+01  0.1163682E+02  Si
  0.5285370E+02  0.6452669E+01  0.1438471E+02  Si
  0.5023961E+02  0.9244728E+01  0.1454043E+02  Si
  0.5398169E+02  0.4977046E+01  0.1033772E+02  Si
  0.5685004E+02  0.7824098E+01  0.1024914E+02  Si
  0.5672885E+02  0.5105212E+01  0.1301903E+02  Si
  0.5401183E+02  0.7710440E+01  0.1297373E+02  Si
  0.5527882E+02  0.6384170E+01  0.1158103E+02  Si
  0.5835410E+02  0.9280627E+01  0.1150325E+02  Si
  0.5806848E+02  0.6472962E+01  0.1417501E+02  Si
  0.5560811E+02  0.9184167E+01  0.1409047E+02  Si
  0.5966590E+02  0.5056504E+01  0.1029664E+02  Si
  0.6195594E+02  0.8006478E+01  0.1016946E+02  Si
  0.6233761E+02  0.5077498E+01  0.1296817E+02  Si
  0.5965638E+02  0.7811863E+01  0.1313915E+02  Si
  0.6108840E+02  0.6562334E+01  0.1161869E+02  Si
  0.6368307E+02  0.9344511E+01  0.1166232E+02  Si
  0.6382314E+02  0.6615364E+01  0.1421014E+02  Si
  0.6114922E+02  0.9269813E+01  0.1417688E+02  Si
  0.4343331E+02  0.1071422E+02  0.1057319E+02  Si
  0.4597345E+02  0.1371352E+02  0.1032707E+02  Si
  0.4630552E+02  0.1083629E+02  0.1303579E+02  Si
  0.4320758E+02  0.1335678E+02  0.1319031E+02  Si
  0.4476901E+02  0.1221130E+02  0.1176116E+02  Si
  0.4763485E+02  0.1478134E+02  0.1180373E+02  Si
  0.4756730E+02  0.1207191E+02  0.1462360E+02  Si
  0.4450480E+02  0.1493537E+02  0.1432704E+02  Si
  0.4864322E+02  0.1071462E+02  0.1055035E+02  Si
  0.5150118E+02  0.1333456E+02  0.1013466E+02  Si
  0.5150479E+02  0.1061789E+02  0.1321714E+02  Si
  0.4898912E+02  0.1348058E+02  0.1324261E+02  Si
  0.5008168E+02  0.1203212E+02  0.1183846E+02  Si
  0.5260657E+02  0.1482880E+02  0.1156818E+02  Si
  0.5274893E+02  0.1190565E+02  0.1445604E+02  Si
  0.5010528E+02  0.1478223E+02  0.1467533E+02  Si
  0.5446172E+02  0.1039278E+02  0.1060686E+02  Si
  0.5662197E+02  0.1322744E+02  0.1076410E+02  Si
  0.5713236E+02  0.1036073E+02  0.1306762E+02  Si
  0.5374194E+02  0.1351836E+02  0.1301440E+02  Si
  0.5552598E+02  0.1204349E+02  0.1208687E+02  Si
  0.5797860E+02  0.1474776E+02  0.1207526E+02  Si
  0.5838077E+02  0.1193966E+02  0.1413550E+02  Si
  0.5528713E+02  0.1464837E+02  0.1455020E+02  Si
  0.5977243E+02  0.1078531E+02  0.1035409E+02  Si
  0.6247736E+02  0.1357286E+02  0.1029071E+02  Si
  0.6219685E+02  0.1091948E+02  0.1298450E+02  Si
  0.5978685E+02  0.1345197E+02  0.1288769E+02  Si
  0.6128711E+02  0.1210667E+02  0.1160024E+02  Si
  0.6386502E+02  0.1485679E+02  0.1179035E+02  Si
  0.6349674E+02  0.1219839E+02  0.1422428E+02  Si
  0.6105742E+02  0.1450249E+02  0.1469969E+02  Si
  0.4332656E+02  0.1608955E+02  0.1028787E+02  Si
  0.4602391E+02  0.1886036E+02  0.1034868E+02  Si
  0.4612612E+02  0.1601232E+02  0.1303406E+02  Si
  0.4335638E+02  0.1882254E+02  0.1289020E+02  Si
  0.4489300E+02  0.1726580E+02  0.1181434E+02  Si
  0.4743740E+02  0.2016048E+02  0.1188534E+02  Si
  0.4719197E+02  0.1719679E+02  0.1479985E+02  Si
  0.4452039E+02  0.2009135E+02  0.1455220E+02  Si
  0.4865374E+02  0.1621783E+02  0.1028049E+02  Si
  0.5123297E+02  0.1859578E+02  0.1030957E+02  Si
  0.5139287E+02  0.1632430E+02  0.1317870E+02  Si
  0.4844485E+02  0.1881492E+02  0.1325793E+02  Si
  0.4982147E+02  0.1741450E+02  0.1198671E+02  Si
  0.5268472E+02  0.2005441E+02  0.1160669E+02  Si
  0.5265577E+02  0.1738972E+02  0.1464216E+02  Si
  0.4986928E+02  0.1995480E+02  0.1447348E+02  Si
  0.5402789E+02  0.1584226E+02  0.1035293E+02  Si
  0.5660612E+02  0.1895188E+02  0.1044091E+02  Si
  0.5652112E+02  0.1606078E+02  0.1321270E+02  Si
  0.5409291E+02  0.1865736E+02  0.1310922E+02  Si
  0.5525754E+02  0.1730644E+02  0.1158654E+02  Si
  0.5805683E+02  0.2003841E+02  0.1168725E+02  Si
  0.5801354E+02  0.1740882E+02  0.1456410E+02  Si
  0.5540444E+02  0.2013211E+02  0.1438236E+02  Si
  0.5942899E+02  0.1634549E+02  0.1088951E+02  Si
  0.6244386E+02  0.1864856E+02  0.1027923E+02  Si
  0.6240417E+02  0.1593548E+02  0.1327056E+02  Si
  0.5935287E+02  0.1911408E+02  0.1328258E+02  Si
  0.6104033E+02  0.1752601E+02  0.1193730E+02  Si
  0.6375010E+02  0.2020927E+02  0.1143091E+02  Si
  0.6380264E+02  0.1739903E+02  0.1447795E+02  Si
  0.6124871E+02  0.2022701E+02  0.1424350E+02  Si
  0.4323483E+02  0.2154830E+02  0.1581178E+02  Si
  0.4598480E+02  0.2472191E+01  0.1586457E+02  Si
  0.4581869E+02  0.2147640E+02  0.1867912E+02  Si
  0.4209276E+02  0.1025319E+01  0.1981683E+02  Si
  0.4441127E+02  0.1187956E+01  0.1711798E+02  Si
  0.4719849E+02  0.3851645E+01  0.1725586E+02  Si
  0.4741751E+02  0.1092872E+01  0.1990230E+02  Si
  0.4506740E+02  0.3962499E+01  0.2015877E+02  Si
  0.4866277E+02  0.2143283E+02  0.1607848E+02  Si
  0.5155243E+02  0.2498320E+01  0.1613501E+02  Si
  0.5142620E+02  0.2149725E+02  0.1870859E+02  Si
  0.4870122E+02  0.2729309E+01  0.1848511E+02  Si
  0.5011679E+02  0.1154962E+01  0.1733012E+02  Si
  0.5299957E+02  0.3950503E+01  0.1726927E+02  Si
  0.5305411E+02  0.1140057E+01  0.1995056E+02  Si
  0.5028135E+02  0.4002936E+01  0.1987853E+02  Si
  0.5420062E+02  0.2151128E+02  0.1599245E+02  Si
  0.5688549E+02  0.2656905E+01  0.1597272E+02  Si
  0.5709774E+02  0.2131239E+02  0.1884893E+02  Si
  0.5434007E+02  0.2603416E+01  0.1885379E+02  Si
  0.5566381E+02  0.1095617E+01  0.1771144E+02  Si
  0.5831627E+02  0.4106753E+01  0.1729988E+02  Si
  0.5856579E+02  0.1006927E+01  0.1986105E+02  Si
  0.5562001E+02  0.3942184E+01  0.2008014E+02  Si
  0.5965216E+02  0.2158407E+02  0.1591049E+02  Si
  0.6244435E+02  0.2553553E+01  0.1554537E+02  Si
  0.6238988E+02  0.2138953E+02  0.1831048E+02  Si
  0.5959626E+02  0.2380353E+01  0.1855671E+02  Si
  0.6106147E+02  0.1210412E+01  0.1700575E+02  Si
  0.6376923E+02  0.3830546E+01  0.1699735E+02  Si
  0.6355878E+02  0.1052740E+01  0.1974756E+02  Si
  0.6101455E+02  0.4051235E+01  0.1970062E+02  Si
  0.4340692E+02  0.5261135E+01  0.1592273E+02  Si
  0.4615062E+02  0.8174419E+01  0.1597021E+02  Si
  0.4636144E+02  0.5470801E+01  0.1862575E+02  Si
  0.4326071E+02  0.7848397E+01  0.1873022E+02  Si
  0.4474895E+02  0.6729342E+01  0.1739949E+02  Si
  0.4781376E+02  0.9354786E+01  0.1738503E+02  Si
  0.4779893E+02  0.6811490E+01  0.1986331E+02  Si
  0.4470180E+02  0.9073159E+01  0.1996959E+02  Si
  0.4869311E+02  0.5325970E+01  0.1614128E+02  Si
  0.5167433E+02  0.8001766E+01  0.1574312E+02  Si
  0.5155949E+02  0.5197995E+01  0.1859227E+02  Si
  0.4914688E+02  0.8192797E+01  0.1863885E+02  Si
  0.5010854E+02  0.6601787E+01  0.1726314E+02  Si
  0.5306004E+02  0.9396423E+01  0.1695961E+02  Si
  0.5301182E+02  0.6483762E+01  0.1998877E+02  Si
  0.5033555E+02  0.9472623E+01  0.2005577E+02  Si
  0.5426028E+02  0.5194315E+01  0.1568763E+02  Si
  0.5697246E+02  0.7813072E+01  0.1539843E+02  Si
  0.5701140E+02  0.5382336E+01  0.1852457E+02  Si
  0.5407933E+02  0.7635193E+01  0.1836198E+02  Si
  0.5579308E+02  0.6771763E+01  0.1693767E+02  Si
  0.5823236E+02  0.9087104E+01  0.1671528E+02  Si
  0.5841778E+02  0.6718168E+01  0.1979191E+02  Si
  0.5553384E+02  0.8958973E+01  0.1969471E+02  Si
  0.5951309E+02  0.5366277E+01  0.1574294E+02  Si
  0.6268612E+02  0.8117820E+01  0.1538737E+02  Si
  0.6259556E+02  0.5230986E+01  0.1836227E+02  Si
  0.5980459E+02  0.7999636E+01  0.1800658E+02  Si
  0.6143243E+02  0.6682764E+01  0.1686889E+02  Si
  0.6401145E+02  0.9396428E+01  0.1694280E+02  Si
  0.6381579E+02  0.6644262E+01  0.2004860E+02  Si
  0.6106353E+02  0.9370679E+01  0.1953314E+02  Si
  0.4335150E+02  0.1069368E+02  0.1578651E+02  Si
  0.4574762E+02  0.1327074E+02  0.1583837E+02  Si
  0.4605825E+02  0.1045993E+02  0.1872913E+02  Si
  0.4183329E+02  0.1467129E+02  0.1685818E+02  Si
  0.4465145E+02  0.1170920E+02  0.1708983E+02  Si
  0.4759631E+02  0.1435374E+02  0.1730802E+02  Si
  0.4738192E+02  0.1203979E+02  0.1990592E+02  Si
  0.4454065E+02  0.1481102E+02  0.1959377E+02  Si
  0.4895110E+02  0.1064351E+02  0.1578946E+02  Si
  0.5145459E+02  0.1344302E+02  0.1596477E+02  Si
  0.5184604E+02  0.1053222E+02  0.1842748E+02  Si
  0.4909028E+02  0.1322205E+02  0.1848664E+02  Si
  0.5028294E+02  0.1183988E+02  0.1710595E+02  Si
  0.5288656E+02  0.1467167E+02  0.1747429E+02  Si
  0.5310893E+02  0.1190137E+02  0.1980767E+02  Si
  0.5033728E+02  0.1446506E+02  0.1988799E+02  Si
  0.5439773E+02  0.1056158E+02  0.1555021E+02  Si
  0.5691916E+02  0.1324905E+02  0.1557908E+02  Si
  0.5710577E+02  0.1015947E+02  0.1840310E+02  Si
  0.5423364E+02  0.1321811E+02  0.1859227E+02  Si
  0.5564771E+02  0.1191630E+02  0.1720084E+02  Si
  0.5834062E+02  0.1455736E+02  0.1711674E+02  Si
  0.5832461E+02  0.1170581E+02  0.1977289E+02  Si
  0.5575117E+02  0.1456676E+02  0.1977485E+02  Si
  0.5966844E+02  0.1049592E+02  0.1559631E+02  Si
  0.6248540E+02  0.1324808E+02  0.1598006E+02  Si
  0.6271301E+02  0.1060605E+02  0.1843578E+02  Si
  0.5978440E+02  0.1299146E+02  0.1841162E+02  Si
  0.6105065E+02  0.1189940E+02  0.1701217E+02  Si
  0.6389145E+02  0.1483752E+02  0.1725489E+02  Si
  0.6386203E+02  0.1202703E+02  0.2003866E+02  Si
  0.6088114E+02  0.1420724E+02  0.1997664E+02  Si
  0.4314526E+02  0.1603147E+02  0.1583507E+02  Si
  0.4585302E+02  0.1871648E+02  0.1600159E+02  Si
  0.4588405E+02  0.1600889E+02  0.1804421E+02  Si
  0.4303917E+02  0.1860508E+02  0.1872353E+02  Si
  0.4420729E+02  0.1739879E+02  0.1717268E+02  Si
  0.4725534E+02  0.1998610E+02  0.1744270E+02  Si
  0.4707732E+02  0.1732698E+02  0.1964786E+02  Si
  0.4448205E+02  0.1988100E+02  0.1996319E+02  Si
  0.4868903E+02  0.1611219E+02  0.1607421E+02  Si
  0.5134724E+02  0.1868730E+02  0.1609469E+02  Si
  0.5141163E+02  0.1631264E+02  0.1873849E+02  Si
  0.4874242E+02  0.1873530E+02  0.1864249E+02  Si
  0.5002068E+02  0.1740786E+02  0.1743335E+02  Si
  0.5286896E+02  0.2017173E+02  0.1732466E+02  Si
  0.5304822E+02  0.1729899E+02  0.2010311E+02  Si
  0.5016902E+02  0.2011112E+02  0.2007731E+02  Si
  0.5384087E+02  0.1607930E+02  0.1576740E+02  Si
  0.5684306E+02  0.1881807E+02  0.1599866E+02  Si
  0.5698687E+02  0.1602579E+02  0.1822996E+02  Si
  0.5415805E+02  0.1866881E+02  0.1855208E+02  Si
  0.5547190E+02  0.1742943E+02  0.1719533E+02  Si
  0.5838853E+02  0.2013135E+02  0.1720242E+02  Si
  0.5843113E+02  0.1723706E+02  0.1994951E+02  Si
  0.5569766E+02  0.1999519E+02  0.1998839E+02  Si
  0.5955750E+02  0.1592228E+02  0.1575763E+02  Si
  0.6240472E+02  0.1867349E+02  0.1568651E+02  Si
  0.6221464E+02  0.1555781E+02  0.1854440E+02  Si
  0.5979970E+02  0.1860087E+02  0.1839136E+02  Si
  0.6104785E+02  0.1724356E+02  0.1703231E+02  Si
  0.6385681E+02  0.1995572E+02  0.1687009E+02  Si
  0.6364682E+02  0.1730075E+02  0.1962035E+02  Si
  0.6095511E+02  0.2005248E+02  0.1991563E+02  Si
