         
  0.6515772E+02  0.0000000E+00  0.2171924E+02
  0.0000000E+00  0.0000000E+00  0.2171924E+02
  0.6498513E+02  0.2157946E+02  0.2094073E+02  Si
  0.2401687E+01  0.2560484E+01  0.2098982E+02  Si
  0.2867009E+01  0.2162093E+02  0.2077590E+01  Si
  0.1220939E-03  0.2489046E+01  0.1868177E+01  Si
  0.1322478E+01  0.9975011E+00  0.6999689E+00  Si
  0.3657929E+01  0.4164079E+01  0.6938107E+00  Si
  0.4408981E+01  0.1334717E+01  0.3437104E+01  Si
  0.1222789E+01  0.3789315E+01  0.3445927E+01  Si
  0.5150977E+01  0.2146703E+02  0.2095290E+02  Si
  0.8024909E+01  0.2506979E+01  0.2110130E+02  Si
  0.7963582E+01  0.1840586E-01  0.2310047E+01  Si
  0.5336142E+01  0.2650834E+01  0.1919073E+01  Si
  0.6445608E+01  0.1017947E+01  0.7583850E+00  Si
  0.9300608E+01  0.3750666E+01  0.9772263E+00  Si
  0.9275803E+01  0.1247373E+01  0.3735928E+01  Si
  0.6626755E+01  0.3807541E+01  0.3189392E+01  Si
  0.1052690E+02  0.2167710E+02  0.2126493E+02  Si
  0.1359240E+02  0.2663472E+01  0.2129825E+02  Si
  0.1351486E+02  0.2147832E+02  0.2125160E+01  Si
  0.1079262E+02  0.2537407E+01  0.2271691E+01  Si
  0.1222346E+02  0.1197391E+01  0.9465037E+00  Si
  0.1497148E+02  0.4036031E+01  0.5646194E+00  Si
  0.1480230E+02  0.1249238E+01  0.3197883E+01  Si
  0.1213843E+02  0.4139447E+01  0.3514077E+01  Si
  0.1609997E+02  0.2160981E+02  0.2106838E+02  Si
  0.1882525E+02  0.2412084E+01  0.2101718E+02  Si
  0.1874315E+02  0.2141646E+02  0.1953738E+01  Si
  0.1630805E+02  0.2498916E+01  0.2068583E+01  Si
  0.1753995E+02  0.1235519E+01  0.7272828E+00  Si
  0.2426612E+02  0.2534731E+01  0.4783387E+01  Si
  0.2005826E+02  0.4449217E+01  0.1114872E+00  Si
  0.1773966E+02  0.4027201E+01  0.3382720E+01  Si
  0.6491542E+02  0.5534050E+01  0.2125986E+02  Si
  0.2893342E+01  0.8053246E+01  0.2116343E+02  Si
  0.2635814E+01  0.5223802E+01  0.2395888E+01  Si
  0.6504806E+02  0.7835021E+01  0.2282029E+01  Si
  0.1340086E+01  0.6610179E+01  0.7446069E+00  Si
  0.4013229E+01  0.9596348E+01  0.6256717E+00  Si
  0.3964082E+01  0.6469604E+01  0.3749707E+01  Si
  0.1193893E+01  0.9319372E+01  0.3845066E+01  Si
  0.5223338E+01  0.5465895E+01  0.2099959E+02  Si
  0.7914739E+01  0.8169879E+01  0.2100367E+02  Si
  0.7965288E+01  0.5487671E+01  0.2150433E+01  Si
  0.5057444E+01  0.7833304E+01  0.2160338E+01  Si
  0.6586392E+01  0.6667981E+01  0.6796132E+00  Si
  0.9274619E+01  0.9539338E+01  0.8557677E+00  Si
  0.9329743E+01  0.6493134E+01  0.3904511E+01  Si
  0.6611257E+01  0.9240013E+01  0.3332980E+01  Si
  0.1062405E+02  0.5197892E+01  0.2133209E+02  Si
  0.1331004E+02  0.8075740E+01  0.2108530E+02  Si
  0.1363095E+02  0.5388321E+01  0.1975120E+01  Si
  0.1056917E+02  0.7794608E+01  0.2207650E+01  Si
  0.1216076E+02  0.6726509E+01  0.9435464E+00  Si
  0.1476337E+02  0.9357020E+01  0.7976952E+00  Si
  0.1490563E+02  0.6536189E+01  0.3764059E+01  Si
  0.1184665E+02  0.9312895E+01  0.3675008E+01  Si
  0.1634476E+02  0.5414121E+01  0.2070990E+02  Si
  0.1882048E+02  0.8428580E+01  0.2161917E+02  Si
  0.1895483E+02  0.5430454E+01  0.2157871E+01  Si
  0.1611175E+02  0.8155653E+01  0.2218634E+01  Si
  0.1737558E+02  0.6902402E+01  0.7810640E+00  Si
  0.2144997E+02  0.1003728E+02  0.2099660E+02  Si
  0.2828961E+02  0.3914655E+01  0.1729407E+02  Si
  0.1745257E+02  0.9410094E+01  0.3619690E+01  Si
  0.2125682E+00  0.1044186E+02  0.2130685E+02  Si
  0.2526633E+01  0.1340292E+02  0.2116925E+02  Si
  0.2696415E+01  0.1075797E+02  0.2354220E+01  Si
  0.7128148E-01  0.1349473E+02  0.2341954E+01  Si
  0.1237606E+01  0.1187918E+02  0.9301877E+00  Si
  0.4100213E+01  0.1477622E+02  0.6272037E+00  Si
  0.4142145E+01  0.1203694E+02  0.3258910E+01  Si
  0.1524491E+01  0.1484719E+02  0.3483249E+01  Si
  0.5468071E+01  0.1110325E+02  0.2127518E+02  Si
  0.8102169E+01  0.1365260E+02  0.2114636E+02  Si
  0.7847615E+01  0.1092380E+02  0.2279680E+01  Si
  0.5307004E+01  0.1373227E+02  0.2206051E+01  Si
  0.6628221E+01  0.1227239E+02  0.9002738E+00  Si
  0.9567260E+01  0.1495157E+02  0.8932031E+00  Si
  0.9230194E+01  0.1208060E+02  0.3749302E+01  Si
  0.6607072E+01  0.1493348E+02  0.3575828E+01  Si
  0.1050549E+02  0.1077506E+02  0.2094159E+02  Si
  0.1348008E+02  0.1329548E+02  0.2155511E+02  Si
  0.1335187E+02  0.1048949E+02  0.2336787E+01  Si
  0.1055925E+02  0.1313796E+02  0.2012733E+01  Si
  0.1206565E+02  0.1182590E+02  0.8986706E+00  Si
  0.1465723E+02  0.1482087E+02  0.1067095E+01  Si
  0.1455530E+02  0.1197895E+02  0.3416479E+01  Si
  0.1169919E+02  0.1456514E+02  0.3524540E+01  Si
  0.1606724E+02  0.1086411E+02  0.2122459E+02  Si
  0.1886599E+02  0.1340853E+02  0.2082799E+02  Si
  0.2030854E+02  0.9521648E+01  0.1473488E+01  Si
  0.1591862E+02  0.1335224E+02  0.2249916E+01  Si
  0.1765511E+02  0.1221929E+02  0.7908411E+00  Si
  0.2043572E+02  0.1211792E+02  0.1969561E+02  Si
  0.2399554E+02  0.2117540E+02  0.7039876E+01  Si
  0.1759394E+02  0.1484065E+02  0.3366263E+01  Si
  0.2892516E-01  0.1647826E+02  0.2120236E+02  Si
  0.2619750E+01  0.1878053E+02  0.2081102E+02  Si
  0.2954729E+01  0.1633170E+02  0.1950989E+01  Si
  0.6506566E+02  0.1907191E+02  0.2380251E+01  Si
  0.1375124E+01  0.1779438E+02  0.1043799E+01  Si
  0.4012782E+01  0.2012869E+02  0.8223538E+00  Si
  0.4071495E+01  0.1755422E+02  0.3343811E+01  Si
  0.1400763E+01  0.2031402E+02  0.3455565E+01  Si
  0.5545407E+01  0.1607110E+02  0.2083347E+02  Si
  0.8270591E+01  0.1916761E+02  0.2137327E+02  Si
  0.7965392E+01  0.1616929E+02  0.2162401E+01  Si
  0.5763747E+01  0.1899380E+02  0.2059300E+01  Si
  0.6989309E+01  0.1754451E+02  0.4020296E+00  Si
  0.9535761E+01  0.2039292E+02  0.1233689E+01  Si
  0.9336467E+01  0.1735216E+02  0.3426573E+01  Si
  0.6844297E+01  0.2039369E+02  0.3539705E+01  Si
  0.1096603E+02  0.1638862E+02  0.2139385E+02  Si
  0.1338918E+02  0.1884789E+02  0.2107806E+02  Si
  0.1320740E+02  0.1611110E+02  0.2483756E+01  Si
  0.1065549E+02  0.1882667E+02  0.2297190E+01  Si
  0.1213392E+02  0.1777702E+02  0.1054233E+01  Si
  0.1478096E+02  0.2006934E+02  0.6351722E+00  Si
  0.1461030E+02  0.1765968E+02  0.3372700E+01  Si
  0.1209170E+02  0.2022106E+02  0.3460840E+01  Si
  0.1634990E+02  0.1584060E+02  0.2122359E+02  Si
  0.1857343E+02  0.1901622E+02  0.2118736E+02  Si
  0.1898710E+02  0.1605170E+02  0.2198422E+01  Si
  0.1607220E+02  0.1873797E+02  0.1766425E+01  Si
  0.1768334E+02  0.1713565E+02  0.7852930E+00  Si
  0.2264426E+02  0.1020638E+01  0.1800468E+02  Si
  0.1990079E+02  0.1775418E+02  0.3622780E+01  Si
  0.1713423E+02  0.2021648E+02  0.3234239E+01  Si
  0.1141640E+00  0.2153258E+02  0.5012367E+01  Si
  0.2907581E+01  0.2608590E+01  0.4705660E+01  Si
  0.2854649E+01  0.2171901E+02  0.7418872E+01  Si
  0.6497566E+02  0.2446938E+01  0.7631080E+01  Si
  0.1388805E+01  0.1412527E+01  0.6142101E+01  Si
  0.4070414E+01  0.4031357E+01  0.6164940E+01  Si
  0.4224347E+01  0.1280141E+01  0.8843588E+01  Si
  0.1427866E+01  0.3802196E+01  0.8979187E+01  Si
  0.5340279E+01  0.2167654E+02  0.4731199E+01  Si
  0.7890013E+01  0.2643159E+01  0.5067175E+01  Si
  0.8245123E+01  0.2134861E+02  0.7673147E+01  Si
  0.5511967E+01  0.2633492E+01  0.7407391E+01  Si
  0.6654469E+01  0.8356445E+00  0.6388316E+01  Si
  0.9421798E+01  0.3892741E+01  0.6422675E+01  Si
  0.9472517E+01  0.8967118E+00  0.9081503E+01  Si
  0.6835648E+01  0.3858614E+01  0.8739806E+01  Si
  0.1083484E+02  0.2145990E+02  0.4808237E+01  Si
  0.1369864E+02  0.2698735E+01  0.4815821E+01  Si
  0.1358448E+02  0.3424984E-01  0.7438874E+01  Si
  0.1085224E+02  0.2405159E+01  0.7576594E+01  Si
  0.1221461E+02  0.1204245E+01  0.6037901E+01  Si
  0.1505119E+02  0.4070860E+01  0.6126257E+01  Si
  0.1516240E+02  0.1059579E+01  0.8870546E+01  Si
  0.1213459E+02  0.4015022E+01  0.8876046E+01  Si
  0.1617118E+02  0.2168084E+02  0.4693194E+01  Si
  0.1892844E+02  0.2558617E+01  0.4572408E+01  Si
  0.1855611E+02  0.2138793E+02  0.7368077E+01  Si
  0.1642535E+02  0.2656215E+01  0.7630362E+01  Si
  0.1746624E+02  0.1319925E+01  0.6092403E+01  Si
  0.2182944E+02  0.7519325E-01  0.1614453E+02  Si
  0.2877741E+02  0.1756851E+01  0.5054840E+01  Si
  0.1766008E+02  0.4049021E+01  0.8996853E+01  Si
  0.6510785E+02  0.5062718E+01  0.4873036E+01  Si
  0.2699483E+01  0.8066494E+01  0.5118251E+01  Si
  0.2688446E+01  0.5146431E+01  0.7595662E+01  Si
  0.6474539E+02  0.7964493E+01  0.7457679E+01  Si
  0.1125853E+01  0.6733714E+01  0.6231092E+01  Si
  0.4091660E+01  0.9679994E+01  0.6235415E+01  Si
  0.4220859E+01  0.6427981E+01  0.8911118E+01  Si
  0.1022580E+01  0.8976164E+01  0.9104574E+01  Si
  0.5557282E+01  0.5321631E+01  0.4691788E+01  Si
  0.8140240E+01  0.8183915E+01  0.4959652E+01  Si
  0.8082339E+01  0.5364208E+01  0.7559913E+01  Si
  0.5262729E+01  0.8200010E+01  0.7585353E+01  Si
  0.6748255E+01  0.6781859E+01  0.6163904E+01  Si
  0.9310270E+01  0.9608259E+01  0.6443142E+01  Si
  0.9521476E+01  0.6609144E+01  0.9006938E+01  Si
  0.6670173E+01  0.9388767E+01  0.9192718E+01  Si
  0.1078752E+02  0.5374657E+01  0.4920589E+01  Si
  0.1352724E+02  0.8075599E+01  0.4976312E+01  Si
  0.1359358E+02  0.5452208E+01  0.7365936E+01  Si
  0.1066648E+02  0.8058751E+01  0.7637398E+01  Si
  0.1210978E+02  0.6812798E+01  0.6243314E+01  Si
  0.1493637E+02  0.9374115E+01  0.6336755E+01  Si
  0.1493985E+02  0.6750579E+01  0.8903617E+01  Si
  0.1223384E+02  0.9308662E+01  0.9064671E+01  Si
  0.1633195E+02  0.5249711E+01  0.4745569E+01  Si
  0.1882232E+02  0.8062316E+01  0.5197331E+01  Si
  0.2032952E+02  0.3862592E+01  0.6106852E+01  Si
  0.1635956E+02  0.8256435E+01  0.7766967E+01  Si
  0.1761879E+02  0.6503410E+01  0.6407557E+01  Si
  0.2027880E+02  0.7191470E+01  0.3570494E+01  Si
  0.2177706E+02  0.8493030E+01  0.1358242E+02  Si
  0.1780785E+02  0.9357468E+01  0.9191331E+01  Si
  0.6487619E+02  0.1072701E+02  0.5042498E+01  Si
  0.2732698E+01  0.1326920E+02  0.4674659E+01  Si
  0.2411720E+01  0.1043563E+02  0.7856626E+01  Si
  0.6513961E+02  0.1340472E+02  0.7485481E+01  Si
  0.1397796E+01  0.1201576E+02  0.6225735E+01  Si
  0.4020575E+01  0.1469989E+02  0.6107573E+01  Si
  0.3891055E+01  0.1182938E+02  0.9083702E+01  Si
  0.1397848E+01  0.1471371E+02  0.8824374E+01  Si
  0.5396755E+01  0.1076470E+02  0.4810974E+01  Si
  0.7827747E+01  0.1361520E+02  0.5104185E+01  Si
  0.7939232E+01  0.1056332E+02  0.7679977E+01  Si
  0.5241183E+01  0.1327525E+02  0.7818969E+01  Si
  0.6566807E+01  0.1199455E+02  0.6345709E+01  Si
  0.9405111E+01  0.1486893E+02  0.6314022E+01  Si
  0.9588961E+01  0.1199656E+02  0.8910683E+01  Si
  0.6523663E+01  0.1457992E+02  0.8937814E+01  Si
  0.1067930E+02  0.1067042E+02  0.4950630E+01  Si
  0.1336711E+02  0.1375200E+02  0.4764609E+01  Si
  0.1347674E+02  0.1075564E+02  0.7567252E+01  Si
  0.1070184E+02  0.1351755E+02  0.7523167E+01  Si
  0.1211244E+02  0.1209973E+02  0.6153085E+01  Si
  0.1478264E+02  0.1503125E+02  0.6101085E+01  Si
  0.1457392E+02  0.1205065E+02  0.9037875E+01  Si
  0.1182630E+02  0.1474967E+02  0.8974794E+01  Si
  0.1603075E+02  0.1084496E+02  0.4819585E+01  Si
  0.1887833E+02  0.1110577E+02  0.2392084E+01  Si
  0.1892908E+02  0.1084156E+02  0.7751241E+01  Si
  0.1608821E+02  0.1332050E+02  0.7749926E+01  Si
  0.1750233E+02  0.1204547E+02  0.6378481E+01  Si
  0.2185173E+02  0.1842581E+02  0.5298574E+00  Si
  0.2252397E+02  0.5721794E+01  0.6815408E+01  Si
  0.1743208E+02  0.1497659E+02  0.8658400E+01  Si
  0.8253035E-01  0.1623196E+02  0.4968645E+01  Si
  0.2867287E+01  0.1881662E+02  0.4831178E+01  Si
  0.2537481E+01  0.1587476E+02  0.7478087E+01  Si
  0.1711322E+00  0.1893863E+02  0.7520544E+01  Si
  0.1499881E+01  0.1751939E+02  0.6164425E+01  Si
  0.3977924E+01  0.2020738E+02  0.5977720E+01  Si
  0.3737241E+01  0.1742540E+02  0.8980172E+01  Si
  0.1509634E+01  0.2044088E+02  0.8844085E+01  Si
  0.5146378E+01  0.1620326E+02  0.4824379E+01  Si
  0.7986088E+01  0.1891325E+02  0.4702620E+01  Si
  0.7935839E+01  0.1616457E+02  0.7519559E+01  Si
  0.5218847E+01  0.1885007E+02  0.7475945E+01  Si
  0.6730688E+01  0.1760119E+02  0.6246383E+01  Si
  0.9511218E+01  0.2011725E+02  0.6111666E+01  Si
  0.9293268E+01  0.1752578E+02  0.8974768E+01  Si
  0.6441137E+01  0.2013805E+02  0.9023265E+01  Si
  0.1054737E+02  0.1604546E+02  0.4757932E+01  Si
  0.1319553E+02  0.1894306E+02  0.4808206E+01  Si
  0.1333887E+02  0.1597890E+02  0.7771140E+01  Si
  0.1079375E+02  0.1860022E+02  0.7519201E+01  Si
  0.1220108E+02  0.1739803E+02  0.6026177E+01  Si
  0.1492015E+02  0.2029357E+02  0.6054250E+01  Si
  0.1461467E+02  0.1768798E+02  0.8867275E+01  Si
  0.1238401E+02  0.2012117E+02  0.8607974E+01  Si
  0.1584220E+02  0.1619689E+02  0.4513326E+01  Si
  0.2616355E+02  0.1653257E+02  0.7450560E+01  Si
  0.1884818E+02  0.1638086E+02  0.7593937E+01  Si
  0.1611037E+02  0.1864437E+02  0.7451978E+01  Si
  0.1736389E+02  0.1721429E+02  0.6065307E+01  Si
  0.2596876E+02  0.2153863E+02  0.1453147E+01  Si
  0.2296477E+02  0.2001565E+02  0.8934166E+01  Si
  0.1758618E+02  0.1990483E+02  0.8732289E+01  Si
  0.3323243E+00  0.2071747E-01  0.1020742E+02  Si
  0.3072418E+01  0.2749009E+01  0.1019400E+02  Si
  0.2441390E+01  0.2008444E+00  0.1292096E+02  Si
  0.6513870E+02  0.2762855E+01  0.1306262E+02  Si
  0.1320511E+01  0.1725953E+01  0.1148212E+02  Si
  0.4046933E+01  0.3953533E+01  0.1169561E+02  Si
  0.3972122E+01  0.1348882E+01  0.1426376E+02  Si
  0.1453245E+01  0.4113475E+01  0.1430226E+02  Si
  0.5480955E+01  0.2158453E+02  0.1048107E+02  Si
  0.8117968E+01  0.2437980E+01  0.1037198E+02  Si
  0.8235188E+01  0.2128517E+02  0.1305512E+02  Si
  0.5301854E+01  0.2502103E+01  0.1300081E+02  Si
  0.6883919E+01  0.1183768E+01  0.1184935E+02  Si
  0.9486038E+01  0.3787639E+01  0.1166016E+02  Si
  0.9598705E+01  0.1099027E+01  0.1422143E+02  Si
  0.6569125E+01  0.3823488E+01  0.1442194E+02  Si
  0.1103695E+02  0.2141980E+02  0.1012677E+02  Si
  0.1376530E+02  0.2733921E+01  0.1014391E+02  Si
  0.1334806E+02  0.2135353E+02  0.1298262E+02  Si
  0.1110249E+02  0.2437186E+01  0.1287812E+02  Si
  0.1233978E+02  0.1320611E+01  0.1132632E+02  Si
  0.1506943E+02  0.4131507E+01  0.1146121E+02  Si
  0.1501715E+02  0.1295537E+01  0.1385668E+02  Si
  0.1244733E+02  0.4121671E+01  0.1416035E+02  Si
  0.1638059E+02  0.2117118E+02  0.1035872E+02  Si
  0.1990904E+02  0.8619473E+00  0.8850649E+01  Si
  0.2415254E+02  0.1789986E+02  0.1895029E+02  Si
  0.1650715E+02  0.2607671E+01  0.1272221E+02  Si
  0.1776807E+02  0.9570204E+00  0.1171502E+02  Si
  0.1894342E+02  0.2575243E+01  0.1045058E+02  Si
  0.2052966E+02  0.4096152E+01  0.1160129E+02  Si
  0.1766228E+02  0.4095919E+01  0.1421368E+02  Si
  0.7703283E-01  0.5476089E+01  0.1007234E+02  Si
  0.2719908E+01  0.7933131E+01  0.1026568E+02  Si
  0.2875954E+01  0.5480680E+01  0.1286677E+02  Si
  0.1221019E+00  0.7992526E+01  0.1298154E+02  Si
  0.1368625E+01  0.6686919E+01  0.1156216E+02  Si
  0.3645442E+01  0.9375803E+01  0.1185679E+02  Si
  0.3997727E+01  0.6753011E+01  0.1434314E+02  Si
  0.1206613E+01  0.9377499E+01  0.1445283E+02  Si
  0.5655334E+01  0.5018235E+01  0.1028013E+02  Si
  0.8381972E+01  0.8015484E+01  0.1038525E+02  Si
  0.7893710E+01  0.5335271E+01  0.1313116E+02  Si
  0.5232603E+01  0.8028266E+01  0.1302432E+02  Si
  0.6617846E+01  0.6643673E+01  0.1174783E+02  Si
  0.9706542E+01  0.9323238E+01  0.1158765E+02  Si
  0.9631906E+01  0.6942326E+01  0.1458098E+02  Si
  0.6499744E+01  0.9137504E+01  0.1456156E+02  Si
  0.1103519E+02  0.5332769E+01  0.1040653E+02  Si
  0.1364430E+02  0.8105470E+01  0.1046117E+02  Si
  0.1365518E+02  0.5611893E+01  0.1288959E+02  Si
  0.1085685E+02  0.7970428E+01  0.1289174E+02  Si
  0.1223847E+02  0.6689454E+01  0.1182962E+02  Si
  0.1495032E+02  0.9327560E+01  0.1174199E+02  Si
  0.1468146E+02  0.6798425E+01  0.1463927E+02  Si
  0.1200352E+02  0.9607254E+01  0.1413459E+02  Si
  0.1641441E+02  0.5440048E+01  0.1029970E+02  Si
  0.1908873E+02  0.7970358E+01  0.1056438E+02  Si
  0.1926069E+02  0.5375640E+01  0.1319933E+02  Si
  0.1619036E+02  0.8005099E+01  0.1308512E+02  Si
  0.1766791E+02  0.6568812E+01  0.1190362E+02  Si
  0.2945083E+02  0.7433404E+01  0.1989113E+02  Si
  0.2036714E+02  0.7020828E+01  0.1455375E+02  Si
  0.1770003E+02  0.9543778E+01  0.1433933E+02  Si
  0.6504109E+02  0.1069794E+02  0.1039191E+02  Si
  0.2794080E+01  0.1346040E+02  0.1044195E+02  Si
  0.2393229E+01  0.1092698E+02  0.1314454E+02  Si
  0.6490237E+02  0.1362515E+02  0.1281342E+02  Si
  0.1276075E+01  0.1217209E+02  0.1163448E+02  Si
  0.4112491E+01  0.1490494E+02  0.1170186E+02  Si
  0.3816009E+01  0.1224362E+02  0.1427623E+02  Si
  0.1365810E+01  0.1494888E+02  0.1427254E+02  Si
  0.5144420E+01  0.1062920E+02  0.1047789E+02  Si
  0.7996605E+01  0.1324165E+02  0.1040531E+02  Si
  0.7905861E+01  0.1041419E+02  0.1304228E+02  Si
  0.5460235E+01  0.1329742E+02  0.1302300E+02  Si
  0.6798949E+01  0.1190095E+02  0.1167703E+02  Si
  0.9190878E+01  0.1464722E+02  0.1183082E+02  Si
  0.8964376E+01  0.1191755E+02  0.1441006E+02  Si
  0.6799209E+01  0.1460154E+02  0.1444352E+02  Si
  0.1107648E+02  0.1059227E+02  0.1009985E+02  Si
  0.1336290E+02  0.1343343E+02  0.1024650E+02  Si
  0.1366507E+02  0.1092896E+02  0.1310382E+02  Si
  0.1047193E+02  0.1323901E+02  0.1321482E+02  Si
  0.1190197E+02  0.1206789E+02  0.1189065E+02  Si
  0.1475384E+02  0.1494224E+02  0.1147662E+02  Si
  0.1491151E+02  0.1237078E+02  0.1446082E+02  Si
  0.1187858E+02  0.1494721E+02  0.1419462E+02  Si
  0.1624845E+02  0.1077276E+02  0.1039205E+02  Si
  0.2604950E+02  0.5164274E+01  0.1117580E+02  Si
  0.2852080E+02  0.2609878E+01  0.8274772E+00  Si
  0.1608136E+02  0.1372142E+02  0.1298185E+02  Si
  0.1740093E+02  0.1249771E+02  0.1140476E+02  Si
  0.2043803E+02  0.2004293E+02  0.1181240E+02  Si
  0.1885409E+02  0.1581851E+02  0.1303682E+02  Si
  0.1762638E+02  0.1467373E+02  0.1449390E+02  Si
  0.1445639E+00  0.1596406E+02  0.9879761E+01  Si
  0.2625782E+01  0.1899688E+02  0.1022468E+02  Si
  0.2626700E+01  0.1605339E+02  0.1297852E+02  Si
  0.6503039E+02  0.1876439E+02  0.1294440E+02  Si
  0.1400316E+01  0.1743683E+02  0.1148823E+02  Si
  0.3816395E+01  0.2047473E+02  0.1153834E+02  Si
  0.4302694E+01  0.1725487E+02  0.1421399E+02  Si
  0.1249883E+01  0.2021455E+02  0.1427545E+02  Si
  0.5273927E+01  0.1605787E+02  0.1017920E+02  Si
  0.7795935E+01  0.1886795E+02  0.1026283E+02  Si
  0.7892724E+01  0.1609536E+02  0.1327349E+02  Si
  0.5040348E+01  0.1886479E+02  0.1289495E+02  Si
  0.6635052E+01  0.1746299E+02  0.1167681E+02  Si
  0.9605758E+01  0.2022546E+02  0.1144961E+02  Si
  0.9508312E+01  0.1775833E+02  0.1423379E+02  Si
  0.6637194E+01  0.2015553E+02  0.1408140E+02  Si
  0.1050213E+02  0.1601333E+02  0.1020902E+02  Si
  0.1344489E+02  0.1878475E+02  0.1010514E+02  Si
  0.1348054E+02  0.1625498E+02  0.1277389E+02  Si
  0.1117375E+02  0.1895484E+02  0.1275830E+02  Si
  0.1219479E+02  0.1733794E+02  0.1143405E+02  Si
  0.1464019E+02  0.2015127E+02  0.1148279E+02  Si
  0.1471099E+02  0.1743963E+02  0.1446508E+02  Si
  0.1220604E+02  0.2020638E+02  0.1441656E+02  Si
  0.1617160E+02  0.1624453E+02  0.1018222E+02  Si
  0.1894055E+02  0.1868553E+02  0.1048006E+02  Si
  0.2202106E+02  0.1324938E+02  0.1334534E+02  Si
  0.1577466E+02  0.1863109E+02  0.1272347E+02  Si
  0.1753057E+02  0.1748928E+02  0.1164661E+02  Si
  0.2140877E+02  0.1659076E+02  0.1590699E+02  Si
  0.2041859E+02  0.1489379E+02  0.1720182E+02  Si
  0.1721771E+02  0.2007687E+02  0.1390532E+02  Si
  0.1303806E+00  0.2165302E+02  0.1577608E+02  Si
  0.2573764E+01  0.2664298E+01  0.1556257E+02  Si
  0.2633392E+01  0.2147648E+02  0.1805211E+02  Si
  0.6502106E+02  0.2581785E+01  0.1843289E+02  Si
  0.1270229E+01  0.1313110E+01  0.1697781E+02  Si
  0.3837483E+01  0.3796549E+01  0.1715791E+02  Si
  0.3852054E+01  0.1147277E+01  0.1946780E+02  Si
  0.1096223E+01  0.4019121E+01  0.1976933E+02  Si
  0.5186526E+01  0.2141044E+02  0.1550082E+02  Si
  0.8104285E+01  0.2433938E+01  0.1562078E+02  Si
  0.8034224E+01  0.2156288E+02  0.1824468E+02  Si
  0.5153447E+01  0.2614352E+01  0.1826904E+02  Si
  0.6592065E+01  0.1119435E+01  0.1689161E+02  Si
  0.9520927E+01  0.4024404E+01  0.1703159E+02  Si
  0.9404331E+01  0.1225010E+01  0.1965805E+02  Si
  0.6425523E+01  0.3930471E+01  0.1973614E+02  Si
  0.1083745E+02  0.2169518E+02  0.1565573E+02  Si
  0.1371701E+02  0.2749349E+01  0.1557687E+02  Si
  0.1361589E+02  0.2163063E+02  0.1843079E+02  Si
  0.1090946E+02  0.2628304E+01  0.1833612E+02  Si
  0.1232384E+02  0.1211434E+01  0.1696811E+02  Si
  0.1488319E+02  0.4135976E+01  0.1687264E+02  Si
  0.1478611E+02  0.1269276E+01  0.1979688E+02  Si
  0.1211066E+02  0.3913786E+01  0.2010391E+02  Si
  0.1627469E+02  0.2141847E+02  0.1539929E+02  Si
  0.1892794E+02  0.2735955E+01  0.1564850E+02  Si
  0.1896387E+02  0.2150002E+02  0.1818848E+02  Si
  0.1624286E+02  0.2499799E+01  0.1831204E+02  Si
  0.1738354E+02  0.1169433E+01  0.1677276E+02  Si
  0.1991002E+02  0.4509858E+01  0.1719895E+02  Si
  0.2123941E+02  0.2800413E+01  0.1842171E+02  Si
  0.1761971E+02  0.3828986E+01  0.1959132E+02  Si
  0.6503525E+02  0.5331189E+01  0.1574180E+02  Si
  0.2602838E+01  0.8167782E+01  0.1580914E+02  Si
  0.2611115E+01  0.5239793E+01  0.1853847E+02  Si
  0.2263267E-02  0.8050970E+01  0.1847425E+02  Si
  0.1266082E+01  0.6655142E+01  0.1712895E+02  Si
  0.3864360E+01  0.9354822E+01  0.1714577E+02  Si
  0.4062201E+01  0.6824510E+01  0.1968095E+02  Si
  0.1350556E+01  0.9360444E+01  0.1972020E+02  Si
  0.5224953E+01  0.5187140E+01  0.1568966E+02  Si
  0.8094256E+01  0.7944291E+01  0.1573053E+02  Si
  0.8017669E+01  0.5369801E+01  0.1857457E+02  Si
  0.5582357E+01  0.8111169E+01  0.1817048E+02  Si
  0.6755085E+01  0.6473323E+01  0.1677239E+02  Si
  0.9398860E+01  0.9451984E+01  0.1720750E+02  Si
  0.9292832E+01  0.6575145E+01  0.1993738E+02  Si
  0.6457382E+01  0.9597815E+01  0.1974202E+02  Si
  0.1093394E+02  0.5332445E+01  0.1572415E+02  Si
  0.1342793E+02  0.8291661E+01  0.1576987E+02  Si
  0.1353007E+02  0.5266200E+01  0.1855550E+02  Si
  0.1075281E+02  0.7976578E+01  0.1837018E+02  Si
  0.1222420E+02  0.6707301E+01  0.1710497E+02  Si
  0.1498502E+02  0.9521224E+01  0.1705019E+02  Si
  0.1496051E+02  0.6682197E+01  0.1994071E+02  Si
  0.1201519E+02  0.9597525E+01  0.1954175E+02  Si
  0.1615211E+02  0.5427503E+01  0.1563745E+02  Si
  0.1901620E+02  0.8300127E+01  0.1582639E+02  Si
  0.1891700E+02  0.5671192E+01  0.1885258E+02  Si
  0.1630543E+02  0.8451834E+01  0.1877012E+02  Si
  0.1749191E+02  0.6970954E+01  0.1717980E+02  Si
  0.2377104E+02  0.5749097E+01  0.1500195E+02  Si
  0.2014685E+02  0.6737870E+01  0.2051718E+02  Si
  0.1761074E+02  0.9792639E+01  0.2005058E+02  Si
  0.6494133E+02  0.1046525E+02  0.1567191E+02  Si
  0.2820096E+01  0.1374112E+02  0.1569039E+02  Si
  0.2511856E+01  0.1090701E+02  0.1848657E+02  Si
  0.5745958E-01  0.1347229E+02  0.1825416E+02  Si
  0.1322211E+01  0.1212949E+02  0.1680684E+02  Si
  0.3915349E+01  0.1519747E+02  0.1702750E+02  Si
  0.3997286E+01  0.1239830E+02  0.1980659E+02  Si
  0.1058356E+01  0.1487109E+02  0.1993340E+02  Si
  0.5082472E+01  0.1065971E+02  0.1551567E+02  Si
  0.8031030E+01  0.1358671E+02  0.1597605E+02  Si
  0.7860737E+01  0.1090374E+02  0.1847581E+02  Si
  0.5156575E+01  0.1353169E+02  0.1829279E+02  Si
  0.6268275E+01  0.1204296E+02  0.1702509E+02  Si
  0.9597091E+01  0.1498536E+02  0.1703132E+02  Si
  0.9388203E+01  0.1225989E+02  0.1984960E+02  Si
  0.6880494E+01  0.1482576E+02  0.1942723E+02  Si
  0.1079080E+02  0.1074869E+02  0.1574870E+02  Si
  0.1349075E+02  0.1376036E+02  0.1581874E+02  Si
  0.1342247E+02  0.1086800E+02  0.1814342E+02  Si
  0.1074769E+02  0.1343315E+02  0.1848180E+02  Si
  0.1206577E+02  0.1220466E+02  0.1697665E+02  Si
  0.1454608E+02  0.1500242E+02  0.1687160E+02  Si
  0.1452512E+02  0.1204533E+02  0.2004879E+02  Si
  0.1226599E+02  0.1465854E+02  0.2023382E+02  Si
  0.1633324E+02  0.1081403E+02  0.1555206E+02  Si
  0.1915175E+02  0.1338374E+02  0.1591527E+02  Si
  0.1896032E+02  0.1092898E+02  0.1845981E+02  Si
  0.1585828E+02  0.1331324E+02  0.1826441E+02  Si
  0.1741031E+02  0.1208986E+02  0.1703432E+02  Si
  0.2007272E+02  0.1735167E+02  0.1411159E+02  Si
  0.3353951E+02  0.2159683E+02  0.1828774E+01  Si
  0.1740031E+02  0.1486141E+02  0.1948965E+02  Si
  0.1262446E+00  0.1639544E+02  0.1569143E+02  Si
  0.2772604E+01  0.1862552E+02  0.1546443E+02  Si
  0.2668514E+01  0.1616431E+02  0.1856795E+02  Si
  0.6845141E-01  0.1889557E+02  0.1808276E+02  Si
  0.1523983E+01  0.1757072E+02  0.1711247E+02  Si
  0.3889625E+01  0.2005720E+02  0.1691456E+02  Si
  0.4200728E+01  0.1771375E+02  0.1965590E+02  Si
  0.1204522E+01  0.2025138E+02  0.1964647E+02  Si
  0.5534601E+01  0.1625743E+02  0.1567011E+02  Si
  0.7986005E+01  0.1899415E+02  0.1545319E+02  Si
  0.8334663E+01  0.1655291E+02  0.1841939E+02  Si
  0.5472039E+01  0.1880297E+02  0.1818725E+02  Si
  0.6931626E+01  0.1737687E+02  0.1689880E+02  Si
  0.9561886E+01  0.2032253E+02  0.1679722E+02  Si
  0.9717251E+01  0.1771037E+02  0.2008498E+02  Si
  0.6674869E+01  0.2016283E+02  0.1961660E+02  Si
  0.1078724E+02  0.1645477E+02  0.1555029E+02  Si
  0.1350371E+02  0.1887525E+02  0.1580529E+02  Si
  0.1363972E+02  0.1605619E+02  0.1893769E+02  Si
  0.1084650E+02  0.1891936E+02  0.1836005E+02  Si
  0.1241454E+02  0.1732672E+02  0.1725162E+02  Si
  0.1509003E+02  0.2026288E+02  0.1695230E+02  Si
  0.1518513E+02  0.1753582E+02  0.2009599E+02  Si
  0.1215617E+02  0.2029656E+02  0.1995527E+02  Si
  0.1638873E+02  0.1614607E+02  0.1578323E+02  Si
  0.1847495E+02  0.1882236E+02  0.1510066E+02  Si
  0.1891429E+02  0.1620467E+02  0.1844911E+02  Si
  0.1634421E+02  0.1882367E+02  0.1839689E+02  Si
  0.1763549E+02  0.1748560E+02  0.1701790E+02  Si
  0.2012297E+02  0.2031965E+02  0.1656308E+02  Si
  0.2145112E+02  0.1641494E+02  0.2093617E+02  Si
  0.1748121E+02  0.2038620E+02  0.1973099E+02  Si
  0.2369872E+02  0.1363183E+02  0.1512806E+02  Si
  0.2284001E+02  0.1003513E+02  0.8778901E+01  Si
  0.2665818E+02  0.9924127E+01  0.8812166E+00  Si
  0.2304084E+02  0.8505629E+00  0.1158169E+02  Si
  0.3268421E+02  0.2071013E+01  0.9824559E+01  Si
  0.2406808E+02  0.4766978E+01  0.1286719E+01  Si
  0.2836796E+02  0.1706139E+02  0.7070792E+01  Si
  0.1919416E+02  0.2124571E+02  0.1316829E+02  Si
  0.2817519E+02  0.2154806E+02  0.3597279E+01  Si
  0.3792485E+02  0.1462525E+02  0.1064193E+02  Si
  0.2771088E+02  0.1073014E+02  0.9588239E+01  Si
  0.4303606E+02  0.2600892E+01  0.1864661E+02  Si
  0.2969129E+02  0.2107723E+02  0.1452849E+02  Si
  0.3864510E+02  0.3172721E+01  0.6357820E+01  Si
  0.3540408E+02  0.1599628E+02  0.1365676E+02  Si
  0.3940118E+02  0.2035392E+02  0.3027779E+01  Si
  0.1992387E+02  0.1496390E+02  0.5057857E+00  Si
  0.2771973E+02  0.1031956E+02  0.1270426E+02  Si
  0.2389010E+02  0.5684425E+01  0.1047757E+02  Si
  0.3962218E+02  0.7377811E+01  0.1186976E+02  Si
  0.3690720E+02  0.2001716E+02  0.1131466E+02  Si
  0.3559747E+02  0.1871175E+01  0.1165226E+02  Si
  0.4088821E+02  0.5202168E+01  0.1839293E+02  Si
  0.3573046E+02  0.1376556E+02  0.1258585E+02  Si
  0.3267570E+02  0.1930641E+02  0.8096421E+00  Si
  0.4197489E+02  0.1208860E+02  0.3272466E+01  Si
  0.3349439E+02  0.7270841E+01  0.1003952E+01  Si
  0.3724136E+02  0.8551591E+00  0.2018636E+02  Si
  0.4065240E+02  0.7873980E+01  0.4785117E+01  Si
  0.2372217E+02  0.1531277E+02  0.1339515E+02  Si
  0.2708039E+02  0.5889763E+01  0.5080611E+01  Si
  0.4211742E+02  0.6608055E+01  0.3468964E+01  Si
  0.2169481E+02  0.5241451E+01  0.9745247E+01  Si
  0.2294778E+02  0.1175627E+02  0.5851562E+01  Si
  0.2721474E+02  0.1287213E+02  0.1958018E+02  Si
  0.2708708E+02  0.1377938E+02  0.1301262E+02  Si
  0.2823232E+02  0.4223572E+01  0.1159402E+02  Si
  0.2368063E+02  0.1584725E+02  0.1590852E+02  Si
  0.3159984E+02  0.2018253E+02  0.1591883E+02  Si
  0.3559984E+02  0.2248869E+01  0.2091790E+02  Si
  0.2558295E+02  0.1224309E+02  0.1435947E+02  Si
  0.2671725E+02  0.1288636E+02  0.4106321E+01  Si
  0.3308766E+02  0.1966914E+02  0.3334347E+01  Si
  0.2610318E+02  0.1602933E+02  0.3945647E+01  Si
  0.3293705E+02  0.1630504E+02  0.1867021E+01  Si
  0.3828420E+02  0.1368585E+02  0.1291203E+02  Si
  0.3350239E+02  0.1425121E+02  0.3327545E+00  Si
  0.1987845E+02  0.1785703E+02  0.8712728E+01  Si
  0.4062184E+02  0.2515136E+01  0.1515871E+02  Si
  0.3612127E+02  0.1829880E+02  0.4326194E+01  Si
  0.3567669E+02  0.1045841E+02  0.1038227E+02  Si
  0.4089802E+02  0.2573818E+01  0.2114545E+02  Si
  0.2558714E+02  0.3329556E+00  0.8638303E+01  Si
  0.2454084E+02  0.6237472E+01  0.1728793E+02  Si
  0.3520536E+02  0.1129769E+02  0.1848424E+01  Si
  0.2933528E+02  0.9652493E+01  0.1104588E+02  Si
  0.3486101E+02  0.5188364E+01  0.1175996E+01  Si
  0.3852455E+02  0.2143208E+02  0.1493383E+00  Si
  0.3401001E+02  0.1900722E+02  0.5569057E+01  Si
  0.4216708E+02  0.4103416E+01  0.5782381E+00  Si
  0.2318998E+02  0.1537161E+02  0.2558405E+01  Si
  0.2748139E+02  0.8947533E+01  0.7836174E+01  Si
  0.4073334E+02  0.8407801E+01  0.1002264E+02  Si
  0.2892056E+02  0.7532887E+01  0.5290926E+01  Si
  0.2415433E+02  0.3819884E+01  0.6965083E+01  Si
  0.2525979E+02  0.3744778E+01  0.1956100E+02  Si
  0.2382357E+02  0.2069774E+02  0.1524149E+02  Si
  0.2803368E+02  0.7825961E+01  0.1004408E+02  Si
  0.2329445E+02  0.1224142E+02  0.1714763E+02  Si
  0.2794890E+02  0.1382248E+02  0.5830944E+01  Si
  0.2735302E+02  0.2050089E+02  0.7070273E+01  Si
  0.2298142E+02  0.1786776E+02  0.2599476E+01  Si
  0.2179429E+02  0.8132916E+01  0.7505000E+01  Si
  0.3357999E+02  0.1209089E+02  0.1592716E+02  Si
  0.2323528E+02  0.1553954E+02  0.1946302E+02  Si
  0.2396797E+02  0.8129706E+01  0.9888387E+01  Si
  0.4061247E+02  0.1342964E+02  0.1572044E+02  Si
  0.2104471E+02  0.1833633E+02  0.1748608E+02  Si
  0.3543005E+02  0.1013271E+02  0.2126058E+02  Si
  0.2778301E+02  0.6422955E+00  0.1523198E+02  Si
  0.2021024E+02  0.1224638E+02  0.8779394E+01  Si
  0.3235157E+02  0.8357171E+01  0.7036348E+01  Si
  0.3037548E+02  0.1347181E+02  0.1846840E+02  Si
  0.3013406E+02  0.1109209E+02  0.1941986E+02  Si
  0.2341415E+02  0.2331083E+01  0.1665474E+01  Si
  0.2593568E+02  0.1508280E+02  0.3958964E-01  Si
  0.3051255E+02  0.1491520E+02  0.9310431E+01  Si
  0.3323520E+02  0.2919875E+01  0.6394832E+01  Si
  0.3275053E+02  0.1113726E+01  0.1272552E+02  Si
  0.3126033E+02  0.7265405E+01  0.2142914E+02  Si
  0.3795260E+02  0.7940655E+01  0.2155333E+01  Si
  0.3921807E+02  0.9485235E+01  0.8363796E+01  Si
  0.2686645E+02  0.1192744E+01  0.1744630E+02  Si
  0.4232942E+02  0.1759500E+02  0.1986620E+02  Si
  0.3650444E+02  0.1502277E+02  0.7128148E+00  Si
  0.3308254E+02  0.2037749E+02  0.1267978E+02  Si
  0.2850666E+02  0.6250312E+01  0.1315784E+02  Si
  0.3902994E+02  0.1909218E+02  0.1646823E+02  Si
  0.3010198E+02  0.7919047E+01  0.1549786E+02  Si
  0.3262556E+02  0.9454507E+01  0.2102622E+01  Si
  0.2692221E+02  0.1515062E+02  0.1932216E+02  Si
  0.3228867E+02  0.2230516E+00  0.7259787E+01  Si
  0.3672567E+02  0.6603802E+01  0.9443290E+01  Si
  0.3417434E+02  0.7871401E+01  0.1253341E+02  Si
  0.3165512E+02  0.8708260E+00  0.4014118E+00  Si
  0.3812703E+02  0.2120929E+02  0.1292856E+02  Si
  0.2457578E+02  0.1785803E+02  0.1538511E+02  Si
  0.2222327E+02  0.1862957E+02  0.6167891E+01  Si
  0.2824967E+02  0.5901713E+01  0.1433663E+01  Si
  0.3588184E+02  0.1410689E+02  0.2022319E+02  Si
  0.3613807E+02  0.8939689E+01  0.1683537E+02  Si
  0.3913751E+02  0.9391604E+01  0.1426453E+02  Si
  0.2698590E+02  0.6718781E+01  0.2103340E+02  Si
  0.4250572E+02  0.1132356E+01  0.3196028E+01  Si
  0.4113131E+02  0.1810306E+02  0.1654712E+02  Si
  0.2919781E+02  0.1065063E+02  0.2659682E+01  Si
  0.3728895E+02  0.1268131E+02  0.1495785E+02  Si
  0.4193476E+02  0.2011247E+02  0.1157668E+02  Si
  0.3591971E+02  0.2131539E+02  0.2021722E+01  Si
  0.2747727E+02  0.1404593E+02  0.2070999E+01  Si
  0.2840886E+02  0.1220966E+02  0.1124641E+01  Si
  0.4087164E+02  0.1061350E+02  0.1841284E+02  Si
  0.4051474E+02  0.1620585E+02  0.1981190E+01  Si
  0.3971047E+02  0.3829786E+01  0.3382397E+01  Si
  0.4112591E+02  0.1626910E+02  0.1804870E+02  Si
  0.2507933E+02  0.1576712E+02  0.1812378E+02  Si
  0.2411194E+02  0.2601577E+01  0.2130768E+02  Si
  0.3969396E+02  0.1284973E+01  0.1183250E+01  Si
  0.3459033E+02  0.1662904E+02  0.5664809E+01  Si
  0.2931456E+02  0.1303414E+02  0.2064062E+02  Si
  0.3413884E+02  0.6556714E+01  0.6232738E+01  Si
  0.3018670E+02  0.5574818E+01  0.1145034E+02  Si
  0.2348872E+02  0.1906055E+02  0.1350702E+02  Si
  0.2008153E+02  0.1985868E+02  0.5981341E+01  Si
  0.1844006E+02  0.1890483E+02  0.4870546E+01  Si
  0.4061727E+02  0.7888891E+01  0.1529748E+02  Si
  0.2681304E+02  0.2052959E+02  0.2007976E+02  Si
  0.2651177E+02  0.6180934E+01  0.8845459E+01  Si
  0.4179838E+02  0.1472390E+02  0.6212584E+00  Si
  0.3341681E+02  0.7540684E+01  0.1040615E+02  Si
  0.3748901E+02  0.1471855E+02  0.1636561E+02  Si
  0.4336741E+02  0.1355479E+02  0.1850761E+02  Si
  0.2771449E+02  0.1734526E+02  0.1900305E+02  Si
  0.3586204E+02  0.8138313E+01  0.8699596E+00  Si
  0.2623967E+02  0.5292642E+01  0.2589881E+01  Si
  0.2897709E+02  0.2068322E+02  0.2092495E+02  Si
  0.3547365E+02  0.1120935E+02  0.1773461E+02  Si
  0.3498876E+02  0.1725038E+02  0.2043369E+02  Si
  0.3353164E+02  0.1943810E+02  0.1475112E+02  Si
  0.2005434E+02  0.1168366E+01  0.1954578E+02  Si
  0.2276633E+02  0.3260587E+01  0.8879193E+01  Si
  0.3080421E+02  0.7487549E+01  0.1006783E+02  Si
  0.3835984E+02  0.2114185E+02  0.1793162E+02  Si
  0.4073250E+02  0.1071619E+02  0.7306961E+01  Si
  0.2629645E+02  0.1210548E+02  0.1127134E+02  Si
  0.3721124E+02  0.1945745E+02  0.8033337E+00  Si
  0.4232235E+02  0.6802261E+01  0.1965073E+02  Si
  0.4075387E+02  0.1351030E+02  0.1048357E+02  Si
  0.4059204E+02  0.5208385E+01  0.7753563E+01  Si
  0.3973705E+02  0.1705066E+02  0.5412351E+01  Si
  0.4068142E+02  0.2122093E+02  0.8154350E+01  Si
  0.3063346E+02  0.1119802E+00  0.4411366E+01  Si
  0.2562273E+02  0.9971004E+01  0.1062839E+02  Si
  0.1874921E+02  0.1377403E+02  0.5204417E+01  Si
  0.2264726E+02  0.1011470E+02  0.1594891E+01  Si
  0.3778037E+02  0.2096309E+02  0.9443370E+01  Si
  0.2022236E+02  0.9708192E+00  0.3139878E+01  Si
  0.2774276E+02  0.8937483E+01  0.2079242E+02  Si
  0.2027458E+02  0.1288377E+02  0.3589169E+01  Si
  0.2123053E+02  0.1415311E+00  0.2130330E+02  Si
  0.2298952E+02  0.4273969E+01  0.1751549E+02  Si
  0.2033628E+02  0.7008233E+01  0.8855691E+01  Si
  0.2804514E+02  0.1865274E+02  0.1692871E+02  Si
  0.2203100E+02  0.1076054E+02  0.1570799E+02  Si
  0.3176971E+02  0.6176617E+01  0.1479740E+02  Si
  0.2800400E+02  0.1796841E+02  0.9689254E+01  Si
  0.3322581E+02  0.9836279E+01  0.2005228E+02  Si
  0.3908293E+02  0.6440854E+01  0.5931917E+01  Si
  0.3427206E+02  0.4677887E+01  0.7771495E+01  Si
  0.4056445E+02  0.1933398E+02  0.9859050E+01  Si
  0.2434177E+02  0.8375656E+01  0.4506679E+01  Si
  0.3086624E+02  0.7674674E+00  0.9069032E+01  Si
  0.2021236E+02  0.9705811E+01  0.6460859E+01  Si
  0.3899870E+02  0.3737764E+01  0.8897638E+01  Si
  0.3035568E+02  0.2863547E+00  0.1252878E+02  Si
  0.3741465E+02  0.1989265E+02  0.1489620E+02  Si
  0.3084438E+02  0.1912559E+02  0.2119049E+02  Si
  0.3742913E+02  0.1536112E+02  0.1872649E+02  Si
  0.2136687E+02  0.2132385E+02  0.1011810E+02  Si
  0.2035869E+02  0.1490608E+02  0.6400379E+01  Si
  0.3616983E+02  0.2123137E+01  0.9271454E+01  Si
  0.3026585E+02  0.4657357E+01  0.1397762E+02  Si
  0.3213895E+02  0.6162743E+01  0.5205210E+01  Si
  0.2336359E+02  0.1239711E+02  0.2512481E+01  Si
  0.2874079E+02  0.1892596E+02  0.5703878E+01  Si
  0.3677520E+02  0.1650909E+02  0.7161689E+01  Si
  0.3736963E+02  0.5878539E+01  0.1387824E+02  Si
  0.2840459E+02  0.1559851E+02  0.1014388E+02  Si
  0.4167822E+02  0.9511820E+01  0.8449657E+00  Si
  0.2720454E+02  0.4021781E+01  0.1520743E+02  Si
  0.2036952E+02  0.1134527E+01  0.1438539E+02  Si
  0.2969490E+02  0.1691053E+02  0.2059619E+02  Si
  0.2880000E+02  0.1995815E+01  0.1866706E+02  Si
  0.2938447E+02  0.1343215E+02  0.1341726E+02  Si
  0.2165172E+02  0.1667359E+02  0.4971343E+01  Si
  0.3253723E+02  0.4593763E+01  0.2085788E+02  Si
  0.4237230E+02  0.1998584E+02  0.8328569E+00  Si
  0.4197307E+02  0.1751136E+02  0.8973725E+01  Si
  0.2376421E+02  0.1038746E+02  0.1412557E+02  Si
  0.2815568E+02  0.1106566E+02  0.1588723E+02  Si
  0.3948117E+02  0.1204768E+02  0.5967798E+01  Si
  0.3293040E+02  0.1157793E+02  0.1840167E+02  Si
  0.3794451E+02  0.1048749E+02  0.1594473E+02  Si
  0.3276547E+02  0.3226732E+00  0.1693692E+02  Si
  0.3812213E+02  0.5216928E+01  0.2095516E+02  Si
  0.2493745E+02  0.7806930E+01  0.7689011E+01  Si
  0.3362858E+02  0.1525531E+02  0.1009402E+02  Si
  0.4190856E+02  0.4028010E+01  0.1160219E+02  Si
  0.3422429E+02  0.1539087E+01  0.3297776E+01  Si
  0.4226618E+02  0.9142073E+01  0.6135383E+01  Si
  0.3124419E+02  0.1881467E+02  0.1225646E+02  Si
  0.4203415E+02  0.9389230E+01  0.1679575E+02  Si
  0.3758360E+02  0.8180610E+01  0.1290482E+02  Si
  0.2554329E+02  0.1287555E+02  0.1067796E+01  Si
  0.3856957E+02  0.1674451E+02  0.1172771E+02  Si
  0.3011562E+02  0.8890914E+01  0.1818766E+02  Si
  0.3430245E+02  0.1269414E+02  0.3688113E+01  Si
  0.2610613E+02  0.1966109E+01  0.1442990E+02  Si
  0.3457399E+02  0.9214310E+01  0.2779986E+01  Si
  0.2623204E+02  0.9109747E+01  0.3036575E+01  Si
  0.3464415E+02  0.5627031E+01  0.1989843E+02  Si
  0.3018510E+02  0.7334848E+01  0.7545416E+01  Si
  0.2939914E+02  0.1609922E+02  0.2901165E+01  Si
  0.2201464E+02  0.1613712E+02  0.1138964E+02  Si
  0.2069903E+02  0.8699113E+01  0.1931165E+02  Si
  0.2477438E+02  0.5994232E+01  0.5849263E+01  Si
  0.4200147E+02  0.6716923E+01  0.8828980E+01  Si
  0.3340413E+02  0.1538147E+02  0.7521715E+01  Si
  0.3424664E+02  0.9153478E+01  0.8706238E+01  Si
  0.3015936E+02  0.1023406E+02  0.1520325E+02  Si
  0.3008134E+02  0.5217818E+01  0.6583761E+01  Si
  0.3008124E+02  0.1960955E+02  0.1777091E+02  Si
  0.3769863E+02  0.7796508E+01  0.7417373E+01  Si
  0.3961340E+02  0.1523886E+02  0.1442624E+02  Si
  0.3011215E+02  0.4926024E+01  0.2149956E+02  Si
  0.2625571E+02  0.3307999E+01  0.3825257E+01  Si
  0.3821353E+02  0.1665339E+02  0.1318807E+00  Si
  0.4054275E+02  0.1918405E+02  0.1969129E+02  Si
  0.2165144E+02  0.2287605E+01  0.1288600E+02  Si
  0.2631656E+02  0.1775281E+02  0.2221910E+01  Si
  0.2509161E+02  0.2009594E+02  0.9858573E+01  Si
  0.3778554E+02  0.1037768E+02  0.2104546E+02  Si
  0.4060992E+02  0.1360427E+02  0.4624026E+01  Si
  0.3749555E+02  0.8042420E+01  0.1899279E+02  Si
  0.4223448E+02  0.9543567E+01  0.1147277E+02  Si
  0.4094791E+02  0.2112219E+02  0.1820937E+02  Si
  0.3368537E+02  0.3829508E+01  0.2512127E+01  Si
  0.3433248E+02  0.1462538E+01  0.8108969E+01  Si
  0.3723629E+02  0.1770591E+02  0.1365104E+02  Si
  0.2028894E+02  0.9543783E+01  0.1194319E+02  Si
  0.2184166E+02  0.1359555E+02  0.1854313E+02  Si
  0.3157603E+02  0.1588554E+02  0.3703466E+01  Si
  0.3123476E+02  0.1056495E+02  0.3888403E+01  Si
  0.2549352E+02  0.4541578E+01  0.1357316E+02  Si
  0.2157391E+02  0.1393127E+02  0.1987165E+01  Si
  0.3618183E+02  0.1217879E+02  0.7865550E+01  Si
  0.3978898E+02  0.9582932E+00  0.6235242E+01  Si
  0.2763231E+02  0.2017010E+02  0.9400904E+01  Si
  0.2440160E+02  0.1949299E+02  0.1718791E+02  Si
  0.3172525E+02  0.1387519E+02  0.1113757E+02  Si
  0.3898666E+02  0.1927272E+02  0.8182036E+01  Si
  0.2461506E+02  0.6595077E+01  0.2149656E+02  Si
  0.4207654E+02  0.2017524E+02  0.6347747E+01  Si
  0.3177215E+02  0.1339992E+02  0.1470200E+02  Si
  0.3300284E+02  0.1154975E+02  0.5279468E+01  Si
  0.3659067E+02  0.1790257E+02  0.1113409E+02  Si
  0.3524211E+02  0.1280566E+00  0.5643206E+01  Si
  0.3528217E+02  0.1175054E+02  0.1427317E+02  Si
  0.3794774E+02  0.5820091E+01  0.1144567E+02  Si
  0.4057831E+02  0.2145914E+02  0.1303480E+02  Si
  0.3928653E+02  0.1661736E+02  0.1960651E+02  Si
  0.3287312E+02  0.1190812E+02  0.1254471E+01  Si
  0.4109424E+02  0.2161508E+02  0.2135531E+01  Si
  0.2468173E+02  0.2382306E+01  0.1774874E+02  Si
  0.2933590E+02  0.1882200E+02  0.1373811E+02  Si
  0.3193962E+02  0.1689453E+02  0.9896183E+01  Si
  0.3237837E+02  0.8014657E+01  0.1776236E+02  Si
  0.3942425E+02  0.1206550E+02  0.1720029E+02  Si
  0.2258516E+02  0.1914409E+02  0.2010856E+02  Si
  0.2777060E+02  0.1059305E+02  0.4421293E+01  Si
  0.3299383E+02  0.2265651E+00  0.4846523E+01  Si
  0.3600907E+02  0.2014147E+02  0.8022000E+01  Si
  0.3462264E+02  0.4548078E+01  0.1345179E+02  Si
  0.2315128E+02  0.2131959E+02  0.1994664E+02  Si
  0.2620473E+02  0.2313581E+01  0.1693432E+01  Si
  0.2912609E+02  0.2722784E+01  0.1470928E+02  Si
  0.2548425E+02  0.1764565E+02  0.9681640E+01  Si
  0.3630172E+02  0.2137080E+02  0.1639244E+02  Si
  0.4061079E+02  0.2642121E+01  0.1053045E+02  Si
  0.3332901E+02  0.1809941E+01  0.1507855E+02  Si
  0.4258494E+02  0.2003272E+02  0.1694147E+02  Si
  0.4084549E+02  0.5640658E+01  0.1288285E+02  Si
  0.3193029E+02  0.7987510E+01  0.1298710E+02  Si
  0.4174245E+02  0.1229780E+02  0.8774863E+01  Si
  0.3879472E+02  0.6635750E+01  0.1581196E+02  Si
  0.2636107E+02  0.1001686E+02  0.1496959E+02  Si
  0.3500958E+02  0.9562665E+01  0.1407429E+02  Si
  0.2620475E+02  0.7784639E+01  0.1643448E+02  Si
  0.2138629E+02  0.2117253E+02  0.4455842E+01  Si
  0.1894535E+02  0.1365137E+02  0.1002500E+02  Si
  0.4215421E+02  0.1749992E+02  0.3520990E+01  Si
  0.4222455E+02  0.1743057E+02  0.1429681E+02  Si
  0.2823452E+02  0.1347726E+02  0.1549550E+02  Si
  0.3659722E+02  0.5972764E+01  0.2888162E+01  Si
  0.3807253E+02  0.2481436E+01  0.2300233E+01  Si
  0.3650244E+02  0.1090139E+01  0.3813635E+01  Si
  0.3213094E+02  0.5605928E+01  0.1717498E+02  Si
  0.4022936E+02  0.1063317E+02  0.2305297E+01  Si
  0.3254021E+02  0.9793414E+01  0.1478289E+02  Si
  0.4092028E+02  0.1649822E+02  0.1289607E+02  Si
  0.2437370E+02  0.1965506E+02  0.5451596E+01  Si
  0.2615546E+02  0.2124652E+02  0.5029521E+01  Si
  0.2541815E+02  0.1729757E+02  0.1308786E+02  Si
  0.2083143E+02  0.2145888E+01  0.9875807E+00  Si
  0.2743993E+02  0.4112921E+01  0.2073479E+02  Si
  0.3046703E+02  0.2572979E+01  0.1695976E+02  Si
  0.3134596E+02  0.1528953E+02  0.1310417E+02  Si
  0.2570632E+02  0.1170829E+02  0.2074635E+02  Si
  0.1918677E+02  0.5234495E+01  0.7708317E+01  Si
  0.3052504E+02  0.2943827E+00  0.1798154E+02  Si
  0.3701327E+02  0.1206815E+02  0.1947828E+02  Si
  0.3872304E+02  0.6143311E+01  0.1784080E+02  Si
  0.3398720E+02  0.8100853E+01  0.1609795E+02  Si
  0.3180361E+02  0.1138520E+02  0.1131432E+02  Si
  0.2440295E+02  0.9123646E+01  0.2018093E+00  Si
  0.2433763E+02  0.1190994E+02  0.9683841E+01  Si
  0.3630663E+02  0.9039441E+01  0.6107208E+01  Si
  0.2996067E+02  0.1467343E+02  0.7105050E+01  Si
  0.3298650E+02  0.1704471E+02  0.1378881E+02  Si
  0.2333692E+02  0.9013623E+01  0.1971765E+02  Si
  0.3480469E+02  0.2133768E+02  0.1134361E+02  Si
  0.3581422E+02  0.1402421E+02  0.9996751E+01  Si
  0.2756380E+02  0.1686134E+02  0.2980201E+00  Si
  0.2940617E+02  0.9791826E+01  0.6662091E+01  Si
  0.2867723E+02  0.1835777E+02  0.3429732E+01  Si
  0.3949430E+02  0.6712446E+01  0.6939760E+00  Si
  0.2366001E+02  0.3369510E+01  0.1095492E+02  Si
  0.4200956E+02  0.1480499E+02  0.6304264E+01  Si
  0.3673342E+02  0.4441765E+01  0.8425734E+01  Si
  0.3442120E+02  0.1834665E+02  0.1660295E+02  Si
  0.2933867E+02  0.5681042E+01  0.3592066E+01  Si
  0.2798759E+02  0.1096379E+02  0.1833988E+02  Si
  0.2315081E+02  0.6679547E+01  0.1265120E+02  Si
  0.3683521E+02  0.2008987E+02  0.5722291E+01  Si
  0.3824012E+02  0.1697682E+02  0.1560764E+02  Si
  0.3955520E+02  0.1294673E+01  0.1707230E+02  Si
  0.2255855E+02  0.1289865E+02  0.1095331E+02  Si
  0.3117642E+02  0.8559450E+01  0.4939475E+01  Si
  0.2596911E+02  0.1424908E+02  0.7514550E+01  Si
  0.3002378E+02  0.9129966E+01  0.6465988E+00  Si
  0.2790758E+02  0.7500766E+01  0.1801978E+02  Si
  0.3347295E+02  0.1414939E+02  0.1639345E+02  Si
  0.2982019E+02  0.1422450E+02  0.1299349E+01  Si
  0.2047061E+02  0.9572486E+01  0.1708208E+02  Si
  0.4079085E+02  0.1913055E+02  0.4568529E+01  Si
  0.3690957E+02  0.1807853E+02  0.8878121E+01  Si
  0.3008672E+02  0.2081199E+02  0.6407075E+01  Si
  0.2463114E+02  0.7605207E+01  0.2071678E+01  Si
  0.2804048E+02  0.1590579E+02  0.4942976E+01  Si
  0.3653386E+02  0.3936087E+01  0.1494001E+02  Si
  0.3129294E+02  0.3964081E+01  0.1880348E+02  Si
  0.3128425E+02  0.1609455E+02  0.1538900E+02  Si
  0.3470993E+02  0.1058783E+02  0.6770770E+01  Si
  0.2963832E+02  0.2131646E+02  0.1542902E+01  Si
  0.3527536E+02  0.1885152E+02  0.2413127E+01  Si
  0.3548110E+02  0.1440933E+02  0.7692727E+01  Si
  0.2826798E+02  0.6267965E+01  0.1571430E+02  Si
  0.3779809E+02  0.1354051E+02  0.2095865E+01  Si
  0.2472249E+02  0.1714136E+00  0.1326674E+02  Si
  0.4074586E+02  0.5285738E+01  0.2059252E+01  Si
  0.3244714E+02  0.3899728E+01  0.4317633E+01  Si
  0.3213628E+02  0.1383118E+02  0.6207213E+01  Si
  0.3692965E+02  0.3874818E+01  0.1734788E+02  Si
  0.4192773E+02  0.1290573E+01  0.9148525E+01  Si
  0.2027964E+02  0.1193170E+02  0.1445528E+02  Si
  0.3539359E+02  0.5971673E+01  0.1156149E+02  Si
  0.2514662E+02  0.1741943E+02  0.5700520E+01  Si
  0.3496158E+02  0.1696620E+02  0.1180172E+01  Si
  0.3006920E+02  0.1111259E+02  0.1290832E+02  Si
  0.3008037E+02  0.1668811E+02  0.1146441E+02  Si
  0.2220016E+02  0.1811010E+02  0.8333948E+01  Si
  0.2579256E+02  0.3857190E+01  0.8517382E+01  Si
  0.4192388E+02  0.4012963E+01  0.6332726E+01  Si
  0.2901490E+02  0.4966318E+01  0.1933144E+02  Si
  0.3538238E+02  0.7412172E+01  0.4373255E+01  Si
  0.3141186E+02  0.1051916E+02  0.2134112E+02  Si
  0.3924637E+02  0.1464563E+02  0.8784801E+01  Si
  0.2143598E+02  0.1091004E+02  0.1055786E+02  Si
  0.2414727E+02  0.9770516E+01  0.6613367E+01  Si
  0.2664791E+02  0.2044808E+02  0.1759573E+02  Si
  0.2634786E+02  0.1068637E+02  0.6513922E+01  Si
  0.3846634E+02  0.1279885E+02  0.7971407E+01  Si
  0.3622974E+02  0.5892861E+01  0.1789812E+02  Si
  0.3802143E+02  0.1122934E+02  0.9681749E+01  Si
  0.3923982E+02  0.1491789E+02  0.3437164E+01  Si
  0.2517324E+02  0.3715296E+00  0.2093191E+02  Si
  0.4103939E+02  0.2382969E+01  0.4686189E+01  Si
  0.2445234E+02  0.1082541E+02  0.1874177E+02  Si
  0.2702015E+02  0.1372123E+02  0.9523225E+01  Si
  0.3345436E+02  0.2544179E+01  0.2937544E+00  Si
  0.3629348E+02  0.1946774E+02  0.2030510E+02  Si
  0.3355694E+02  0.4942419E+01  0.1002350E+02  Si
  0.3444142E+02  0.2067421E+02  0.1761341E+02  Si
  0.4214606E+02  0.1034584E+01  0.1420340E+02  Si
  0.4067461E+02  0.1630235E+02  0.7571755E+01  Si
  0.3093757E+02  0.3855628E+01  0.9958786E+01  Si
  0.2764821E+02  0.2007598E+02  0.2136157E+01  Si
  0.3945937E+02  0.3690029E+01  0.1980291E+02  Si
  0.2108767E+02  0.1091355E+02  0.4728900E+01  Si
  0.2152846E+02  0.5221393E+01  0.4524425E+01  Si
  0.2909295E+02  0.2383886E+01  0.1005245E+02  Si
  0.2133388E+02  0.2214798E+01  0.7536823E+01  Si
  0.3492373E+02  0.2156994E+02  0.1976171E+02  Si
  0.2447689E+02  0.1810784E+02  0.5755503E+00  Si
  0.3834279E+02  0.2165835E+02  0.4675381E+01  Si
  0.2369797E+02  0.1431564E+02  0.8402354E+01  Si
  0.2370836E+02  0.1587918E+02  0.1748656E+00  Si
  0.2161045E+02  0.5918065E+01  0.1619297E+02  Si
  0.2736805E+02  0.1841437E+02  0.1204515E+02  Si
  0.4198015E+02  0.1212350E+02  0.1416705E+02  Si
  0.3935557E+02  0.9395207E+01  0.3699077E+01  Si
  0.3439303E+02  0.5650206E+01  0.1614500E+02  Si
  0.3704186E+02  0.8601310E+01  0.1059143E+02  Si
  0.4231608E+02  0.6733221E+01  0.1417726E+02  Si
  0.3817410E+02  0.2298218E+01  0.1861852E+02  Si
  0.3313613E+02  0.7492762E+01  0.1993456E+02  Si
  0.3838780E+02  0.1325344E+01  0.8147989E+01  Si
  0.3015625E+02  0.1868434E+01  0.2538915E+01  Si
  0.2714764E+02  0.2932142E+01  0.6232286E+01  Si
  0.3117772E+02  0.1654290E+02  0.6218693E+01  Si
  0.3953923E+02  0.4611245E+01  0.1458980E+02  Si
  0.3359410E+02  0.3117671E+01  0.1181936E+02  Si
  0.3948269E+02  0.9173842E+01  0.1971711E+02  Si
  0.3100217E+02  0.3201646E+01  0.7691803E+01  Si
  0.2732682E+02  0.2031097E+01  0.8653476E+01  Si
  0.2760707E+02  0.1226648E+02  0.7732760E+01  Si
  0.3920441E+02  0.1825147E+02  0.1676504E+01  Si
  0.3224918E+02  0.1484372E+02  0.1831517E+02  Si
  0.3359578E+02  0.1475238E+02  0.4478433E+01  Si
  0.3273065E+02  0.1646984E+02  0.1999543E+02  Si
  0.3292919E+02  0.3871004E+01  0.1499712E+02  Si
  0.3716053E+02  0.2195409E+01  0.1337314E+02  Si
  0.2967321E+02  0.8089538E+01  0.1309613E+02  Si
  0.3895795E+02  0.1343056E+02  0.1902539E+02  Si
  0.2429004E+02  0.1313371E+02  0.4442242E+01  Si
  0.3565031E+02  0.1936323E+01  0.1545013E+02  Si
  0.3794438E+02  0.4819323E+01  0.4585111E+01  Si
  0.2266190E+02  0.1020624E+01  0.5819945E+01  Si
  0.2160909E+02  0.1797086E+02  0.1266706E+02  Si
  0.2325048E+02  0.2016288E+02  0.3354786E+01  Si
  0.2375578E+02  0.1544347E+02  0.4799198E+01  Si
  0.3779516E+02  0.1064945E+02  0.5114966E+01  Si
  0.2268122E+02  0.7460675E+01  0.1819564E+02  Si
  0.3887066E+02  0.1190834E+02  0.6701475E+00  Si
  0.4202131E+02  0.1197692E+02  0.1973525E+02  Si
  0.2945713E+02  0.1141730E+01  0.2102709E+02  Si
  0.3818849E+02  0.1869002E+02  0.1863700E+02  Si
  0.3366713E+02  0.1328365E+02  0.1980369E+02  Si
  0.2349686E+02  0.1634431E+02  0.9544599E+01  Si
  0.3697964E+02  0.3786458E+01  0.8046797E+00  Si
  0.2037353E+02  0.2020712E+02  0.6431679E+00  Si
  0.3176524E+02  0.1889791E+02  0.6661231E+01  Si
  0.3640799E+02  0.6916431E+01  0.2075323E+02  Si
  0.2599425E+02  0.1831352E+02  0.2054748E+02  Si
  0.3212242E+02  0.1940767E+02  0.9182194E+01  Si
  0.2065612E+02  0.1444698E+02  0.1171785E+02  Si
  0.3245691E+02  0.1700474E+02  0.1737037E+02  Si
  0.3007301E+02  0.3690321E+01  0.4282389E+01  Si
  0.2942204E+02  0.1507081E+02  0.1690551E+02  Si
  0.4038300E+02  0.1335402E+02  0.2096902E+02  Si
  0.3380221E+02  0.1949112E+02  0.2033941E+02  Si
  0.2845865E+02  0.2168163E+02  0.1090170E+02  Si
  0.3389561E+02  0.1022274E+02  0.1195208E+02  Si
  0.3765852E+02  0.1623987E+02  0.4732181E+01  Si
  0.2576686E+02  0.2862579E+01  0.1181823E+02  Si
  0.2025830E+02  0.1800208E+02  0.1975407E+02  Si
  0.3055243E+02  0.2042518E+02  0.1047117E+02  Si
  0.3925114E+02  0.1192111E+02  0.1156069E+02  Si
  0.3667267E+02  0.1229922E+02  0.3613748E+01  Si
  0.3909747E+02  0.1269360E+01  0.1187592E+02  Si
  0.2313154E+02  0.3939111E+01  0.3430325E+01  Si
  0.2180079E+02  0.1326607E+02  0.7428957E+01  Si
  0.2829759E+02  0.8115105E+01  0.1973915E+01  Si
  0.2778229E+02  0.4918300E+01  0.7232949E+01  Si
  0.2219063E+02  0.8868315E+01  0.3642783E+01  Si
  0.3524392E+02  0.1589456E+02  0.1622643E+02  Si
  0.4194761E+02  0.3763563E+01  0.1679499E+02  Si
  0.2653336E+02  0.9289341E+01  0.1860287E+02  Si
  0.3177904E+02  0.1860872E+02  0.1913113E+02  Si
  0.2387041E+02  0.9012743E+01  0.1221026E+02  Si
  0.4222980E+02  0.1487341E+02  0.1174868E+02  Si
  0.2546260E+02  0.2003199E+02  0.1220459E+02  Si
  0.3200659E+02  0.9577790E+01  0.9751478E+01  Si
  0.1884615E+02  0.1104949E+02  0.1292252E+02  Si
  0.2378305E+02  0.5522704E+01  0.1945733E+02  Si
  0.2916190E+02  0.1719230E+02  0.1563719E+02  Si
  0.2449552E+02  0.3626028E+00  0.3438288E+01  Si
  0.4088976E+02  0.7995767E+01  0.2107962E+02  Si
  0.4070189E+02  0.1075837E+02  0.1288677E+02  Si
  0.3139979E+02  0.1560684E+02  0.8739939E-01  Si
  0.3397150E+02  0.2103176E+02  0.9008442E+01  Si
  0.4026239E+02  0.1952071E+02  0.1715562E+00  Si
  0.4354036E+02  0.2156657E+02  0.2109929E+02  Si
  0.4607742E+02  0.2435380E+01  0.2076876E+02  Si
  0.4613306E+02  0.2150395E+02  0.2059520E+01  Si
  0.4345782E+02  0.2664753E+01  0.1977154E+01  Si
  0.4493951E+02  0.1265593E+01  0.7960807E+00  Si
  0.4740034E+02  0.3941517E+01  0.7286946E+00  Si
  0.4755071E+02  0.1249979E+01  0.3265794E+01  Si
  0.4486596E+02  0.3862328E+01  0.3465646E+01  Si
  0.4911949E+02  0.2161685E+02  0.2100150E+02  Si
  0.5177789E+02  0.2570158E+01  0.2106869E+02  Si
  0.5164493E+02  0.2163619E+02  0.1994978E+01  Si
  0.4866477E+02  0.2668394E+01  0.2076378E+01  Si
  0.5026740E+02  0.1393967E+01  0.6081146E+00  Si
  0.5327046E+02  0.4019106E+01  0.6573029E+00  Si
  0.5287859E+02  0.1224965E+01  0.3568286E+01  Si
  0.5019545E+02  0.3974910E+01  0.3284872E+01  Si
  0.5435546E+02  0.5145108E-01  0.2123254E+02  Si
  0.5689357E+02  0.2461896E+01  0.2078765E+02  Si
  0.5711260E+02  0.2146810E+02  0.2255374E+01  Si
  0.5444878E+02  0.2400055E+01  0.2057516E+01  Si
  0.5590883E+02  0.1202728E+01  0.6931435E+00  Si
  0.5813911E+02  0.3825078E+01  0.5813259E+00  Si
  0.5843806E+02  0.1017722E+01  0.3565321E+01  Si
  0.5574314E+02  0.3788884E+01  0.3320453E+01  Si
  0.5964019E+02  0.2147310E+02  0.2109144E+02  Si
  0.6223666E+02  0.2503063E+01  0.2083649E+02  Si
  0.6240992E+02  0.2140993E+02  0.2019976E+01  Si
  0.5972260E+02  0.2487572E+01  0.1968780E+01  Si
  0.6096493E+02  0.1127415E+01  0.6483652E+00  Si
  0.6366950E+02  0.3763673E+01  0.4663130E+00  Si
  0.6383831E+02  0.1022557E+01  0.3271549E+01  Si
  0.6107807E+02  0.3831345E+01  0.3251040E+01  Si
  0.4359588E+02  0.5230008E+01  0.2097802E+02  Si
  0.4605914E+02  0.7752339E+01  0.2095597E+02  Si
  0.4610972E+02  0.5183183E+01  0.1967406E+01  Si
  0.4315742E+02  0.8093566E+01  0.2049741E+01  Si
  0.4477438E+02  0.6585316E+01  0.7170093E+00  Si
  0.4759498E+02  0.9307567E+01  0.7717131E+00  Si
  0.4759672E+02  0.6718344E+01  0.3188633E+01  Si
  0.4458517E+02  0.9397036E+01  0.3523385E+01  Si
  0.4863046E+02  0.5373620E+01  0.2107064E+02  Si
  0.5166501E+02  0.8073744E+01  0.2105580E+02  Si
  0.5169576E+02  0.5374275E+01  0.1782105E+01  Si
  0.4906596E+02  0.8057875E+01  0.1961553E+01  Si
  0.5026977E+02  0.6737728E+01  0.5416736E+00  Si
  0.5304657E+02  0.9411634E+01  0.7952040E+00  Si
  0.5296545E+02  0.6880786E+01  0.2926420E+01  Si
  0.5018260E+02  0.9305909E+01  0.3533192E+01  Si
  0.5439163E+02  0.5413947E+01  0.2092493E+02  Si
  0.5724057E+02  0.8026412E+01  0.2072892E+02  Si
  0.5693466E+02  0.5302965E+01  0.1786106E+01  Si
  0.5443977E+02  0.7980419E+01  0.1783342E+01  Si
  0.5582235E+02  0.6644575E+01  0.4093018E+00  Si
  0.5857634E+02  0.9181019E+01  0.7882892E+00  Si
  0.5846685E+02  0.6532302E+01  0.3302958E+01  Si
  0.5598985E+02  0.9150744E+01  0.3283454E+01  Si
  0.5971019E+02  0.5364433E+01  0.2098535E+02  Si
  0.6265018E+02  0.7890103E+01  0.2098243E+02  Si
  0.6257838E+02  0.4943822E+01  0.1821924E+01  Si
  0.6009860E+02  0.7858113E+01  0.2108480E+01  Si
  0.6135023E+02  0.6474328E+01  0.4608700E+00  Si
  0.6368825E+02  0.9038042E+01  0.8503728E+00  Si
  0.6376966E+02  0.6191625E+01  0.3666220E+01  Si
  0.6128468E+02  0.9391378E+01  0.3278890E+01  Si
  0.4331897E+02  0.1079936E+02  0.2129648E+02  Si
  0.4622407E+02  0.1343481E+02  0.2109511E+02  Si
  0.4614837E+02  0.1050169E+02  0.2180206E+01  Si
  0.4334758E+02  0.1327867E+02  0.1751115E+01  Si
  0.4501159E+02  0.1222137E+02  0.7431945E+00  Si
  0.4770861E+02  0.1475743E+02  0.5733392E+00  Si
  0.4717506E+02  0.1218198E+02  0.3577342E+01  Si
  0.4493655E+02  0.1482893E+02  0.2963853E+01  Si
  0.4896697E+02  0.1069254E+02  0.2127096E+02  Si
  0.5181194E+02  0.1308072E+02  0.2124170E+02  Si
  0.5154724E+02  0.1040890E+02  0.2275916E+01  Si
  0.4884797E+02  0.1347029E+02  0.2220651E+01  Si
  0.5047376E+02  0.1190896E+02  0.1051926E+01  Si
  0.5321069E+02  0.1455896E+02  0.9965123E+00  Si
  0.5309060E+02  0.1185832E+02  0.3460276E+01  Si
  0.5029427E+02  0.1486257E+02  0.3447991E+01  Si
  0.5445056E+02  0.1061490E+02  0.2124609E+02  Si
  0.5739500E+02  0.1322209E+02  0.2095481E+02  Si
  0.5727826E+02  0.1066634E+02  0.1996462E+01  Si
  0.5452199E+02  0.1313199E+02  0.2142014E+01  Si
  0.5593462E+02  0.1205728E+02  0.6184266E+00  Si
  0.5843876E+02  0.1498798E+02  0.6518564E+00  Si
  0.5842540E+02  0.1203522E+02  0.3369215E+01  Si
  0.5583122E+02  0.1478078E+02  0.3533364E+01  Si
  0.5963875E+02  0.1042669E+02  0.2109673E+02  Si
  0.6241625E+02  0.1335768E+02  0.2114688E+02  Si
  0.6265518E+02  0.1080653E+02  0.1979056E+01  Si
  0.5957412E+02  0.1342068E+02  0.1907263E+01  Si
  0.6102809E+02  0.1192488E+02  0.6672330E+00  Si
  0.6408482E+02  0.1471958E+02  0.6773189E+00  Si
  0.6371442E+02  0.1220719E+02  0.3591174E+01  Si
  0.6100773E+02  0.1475058E+02  0.3291253E+01  Si
  0.4351169E+02  0.1603166E+02  0.2130518E+02  Si
  0.4687077E+02  0.1871331E+02  0.2097666E+02  Si
  0.4643766E+02  0.1610501E+02  0.1984128E+01  Si
  0.4379253E+02  0.1854606E+02  0.2060268E+01  Si
  0.4512461E+02  0.1753768E+02  0.5370468E+00  Si
  0.4795896E+02  0.2021278E+02  0.5900749E+00  Si
  0.4762376E+02  0.1757109E+02  0.3214574E+01  Si
  0.4551349E+02  0.2063044E+02  0.4394549E+01  Si
  0.4922338E+02  0.1612462E+02  0.2108889E+02  Si
  0.5200472E+02  0.1893478E+02  0.2085948E+02  Si
  0.5168188E+02  0.1607417E+02  0.2038140E+01  Si
  0.4916494E+02  0.1881595E+02  0.1907324E+01  Si
  0.5064445E+02  0.1762625E+02  0.5477249E+00  Si
  0.5303380E+02  0.2035806E+02  0.8516670E+00  Si
  0.5307549E+02  0.1750019E+02  0.3250730E+01  Si
  0.5027220E+02  0.2023806E+02  0.3511852E+01  Si
  0.5452771E+02  0.1581662E+02  0.2120879E+02  Si
  0.5718906E+02  0.1862208E+02  0.2084753E+02  Si
  0.5718727E+02  0.1602441E+02  0.2062054E+01  Si
  0.5452092E+02  0.1893146E+02  0.2101317E+01  Si
  0.5579318E+02  0.1739675E+02  0.5820470E+00  Si
  0.5820686E+02  0.2012194E+02  0.5189011E+00  Si
  0.5820494E+02  0.1738285E+02  0.3568277E+01  Si
  0.5576115E+02  0.2016124E+02  0.3318421E+01  Si
  0.5987429E+02  0.1615561E+02  0.2106866E+02  Si
  0.6219412E+02  0.1872473E+02  0.2108706E+02  Si
  0.6238297E+02  0.1586209E+02  0.1888184E+01  Si
  0.5931599E+02  0.1892751E+02  0.2169912E+01  Si
  0.6103481E+02  0.1758743E+02  0.1122499E+01  Si
  0.6369184E+02  0.2012894E+02  0.5615376E+00  Si
  0.6374928E+02  0.1743093E+02  0.3344379E+01  Si
  0.6103022E+02  0.2010212E+02  0.3444393E+01  Si
  0.4351032E+02  0.2157308E+02  0.4892302E+01  Si
  0.4631165E+02  0.2574653E+01  0.4699275E+01  Si
  0.4603204E+02  0.2153781E+02  0.7571093E+01  Si
  0.4334479E+02  0.2484741E+01  0.7416796E+01  Si
  0.4470132E+02  0.1445068E+01  0.6232906E+01  Si
  0.4758064E+02  0.3985273E+01  0.5976604E+01  Si
  0.4768699E+02  0.1222626E+01  0.8929851E+01  Si
  0.4459661E+02  0.3553917E+01  0.8835074E+01  Si
  0.4887254E+02  0.2161213E+02  0.4672363E+01  Si
  0.5134722E+02  0.2624989E+01  0.4738715E+01  Si
  0.5163370E+02  0.2150265E+02  0.7743432E+01  Si
  0.4889822E+02  0.2316775E+01  0.7237738E+01  Si
  0.5021027E+02  0.1019423E+01  0.6026962E+01  Si
  0.5301889E+02  0.3803975E+01  0.5911682E+01  Si
  0.5335174E+02  0.1100176E+01  0.8725347E+01  Si
  0.5008288E+02  0.3795664E+01  0.8697865E+01  Si
  0.5425870E+02  0.2156060E+02  0.4631219E+01  Si
  0.5721007E+02  0.2519231E+01  0.4765168E+01  Si
  0.5664621E+02  0.2151182E+02  0.7446672E+01  Si
  0.5452429E+02  0.2635547E+01  0.7456780E+01  Si
  0.5572526E+02  0.1231741E+01  0.6007845E+01  Si
  0.5859209E+02  0.3786858E+01  0.6172346E+01  Si
  0.5813895E+02  0.1012569E+01  0.9063896E+01  Si
  0.5576829E+02  0.4047610E+01  0.8883650E+01  Si
  0.5979907E+02  0.2151115E+02  0.4882820E+01  Si
  0.6246431E+02  0.2263959E+01  0.4806245E+01  Si
  0.6252426E+02  0.2165805E+02  0.7265009E+01  Si
  0.5960196E+02  0.2395205E+01  0.7728756E+01  Si
  0.6097786E+02  0.1165709E+01  0.6059295E+01  Si
  0.6373563E+02  0.3741032E+01  0.6138478E+01  Si
  0.6381164E+02  0.9432786E+00  0.8959391E+01  Si
  0.6138931E+02  0.3707623E+01  0.9132555E+01  Si
  0.4342300E+02  0.5179233E+01  0.4807404E+01  Si
  0.4610809E+02  0.7940779E+01  0.4544519E+01  Si
  0.4620786E+02  0.5065835E+01  0.7503209E+01  Si
  0.4355314E+02  0.7863007E+01  0.7580273E+01  Si
  0.4484757E+02  0.6591085E+01  0.6237718E+01  Si
  0.4738220E+02  0.9318830E+01  0.6039488E+01  Si
  0.4768935E+02  0.6437854E+01  0.8862226E+01  Si
  0.4473684E+02  0.9267285E+01  0.8886162E+01  Si
  0.4878825E+02  0.5274488E+01  0.4694215E+01  Si
  0.5169532E+02  0.8003881E+01  0.4838688E+01  Si
  0.5150338E+02  0.5123578E+01  0.7603319E+01  Si
  0.4875716E+02  0.7996269E+01  0.7529768E+01  Si
  0.5003132E+02  0.6660590E+01  0.6232543E+01  Si
  0.5336847E+02  0.9268612E+01  0.6063866E+01  Si
  0.5292120E+02  0.6394923E+01  0.8903896E+01  Si
  0.5015870E+02  0.9367347E+01  0.8753611E+01  Si
  0.5428919E+02  0.5196931E+01  0.4445422E+01  Si
  0.5698286E+02  0.7720930E+01  0.5089886E+01  Si
  0.5718456E+02  0.5086519E+01  0.7244228E+01  Si
  0.5437421E+02  0.7868982E+01  0.7605673E+01  Si
  0.5550207E+02  0.6250289E+01  0.6080611E+01  Si
  0.5842824E+02  0.9324795E+01  0.5915048E+01  Si
  0.5848815E+02  0.6486342E+01  0.8659516E+01  Si
  0.5557550E+02  0.9145085E+01  0.8793330E+01  Si
  0.5973831E+02  0.5086245E+01  0.4561304E+01  Si
  0.6231626E+02  0.7771449E+01  0.4933233E+01  Si
  0.6243777E+02  0.5161203E+01  0.7465744E+01  Si
  0.5981512E+02  0.7873011E+01  0.7267436E+01  Si
  0.6081408E+02  0.6319279E+01  0.6118859E+01  Si
  0.6343379E+02  0.9499026E+01  0.6225221E+01  Si
  0.6369927E+02  0.6493927E+01  0.8774059E+01  Si
  0.6104962E+02  0.9148870E+01  0.8892043E+01  Si
  0.4320724E+02  0.1081877E+02  0.5027130E+01  Si
  0.4595410E+02  0.1358829E+02  0.4747596E+01  Si
  0.4595515E+02  0.1062180E+02  0.7368504E+01  Si
  0.4330075E+02  0.1339721E+02  0.7431897E+01  Si
  0.4470064E+02  0.1206815E+02  0.6174353E+01  Si
  0.4758325E+02  0.1472904E+02  0.5806273E+01  Si
  0.4726829E+02  0.1194849E+02  0.8795925E+01  Si
  0.4478372E+02  0.1492985E+02  0.8747674E+01  Si
  0.4865091E+02  0.1072718E+02  0.4863226E+01  Si
  0.5163217E+02  0.1319537E+02  0.4827933E+01  Si
  0.5168048E+02  0.1038003E+02  0.7304347E+01  Si
  0.4832719E+02  0.1339990E+02  0.7471604E+01  Si
  0.5004390E+02  0.1205261E+02  0.6230983E+01  Si
  0.5300439E+02  0.1451495E+02  0.6134952E+01  Si
  0.5297280E+02  0.1168029E+02  0.8645194E+01  Si
  0.4996215E+02  0.1464645E+02  0.8869137E+01  Si
  0.5481908E+02  0.1049306E+02  0.4659532E+01  Si
  0.5702336E+02  0.1341225E+02  0.4860828E+01  Si
  0.5706424E+02  0.1060957E+02  0.7558918E+01  Si
  0.5433330E+02  0.1319310E+02  0.7363255E+01  Si
  0.5582293E+02  0.1198646E+02  0.6236935E+01  Si
  0.5840276E+02  0.1475470E+02  0.6234181E+01  Si
  0.5843575E+02  0.1173390E+02  0.8979965E+01  Si
  0.5577233E+02  0.1453454E+02  0.8798351E+01  Si
  0.5985562E+02  0.1070778E+02  0.4633737E+01  Si
  0.6232518E+02  0.1344888E+02  0.4938814E+01  Si
  0.6236999E+02  0.1077797E+02  0.7685582E+01  Si
  0.5960750E+02  0.1325531E+02  0.7547121E+01  Si
  0.6108811E+02  0.1207790E+02  0.6133615E+01  Si
  0.6373161E+02  0.1477718E+02  0.6313148E+01  Si
  0.6375552E+02  0.1201779E+02  0.9020031E+01  Si
  0.6091018E+02  0.1479783E+02  0.8821981E+01  Si
  0.4325718E+02  0.1579685E+02  0.4598316E+01  Si
  0.4534418E+02  0.1850611E+02  0.4011401E+01  Si
  0.4634436E+02  0.1628170E+02  0.7289300E+01  Si
  0.4328509E+02  0.1881139E+02  0.7621274E+01  Si
  0.4461738E+02  0.1732985E+02  0.5999908E+01  Si
  0.4745173E+02  0.2038763E+02  0.5972289E+01  Si
  0.4782987E+02  0.1742108E+02  0.8525413E+01  Si
  0.4467249E+02  0.2023736E+02  0.8951077E+01  Si
  0.4888744E+02  0.1610933E+02  0.4623622E+01  Si
  0.5176285E+02  0.1887841E+02  0.4925812E+01  Si
  0.5143827E+02  0.1589341E+02  0.7251290E+01  Si
  0.4882396E+02  0.1909379E+02  0.7496572E+01  Si
  0.5008769E+02  0.1758678E+02  0.6123721E+01  Si
  0.5316153E+02  0.2020927E+02  0.6480753E+01  Si
  0.5260291E+02  0.1713307E+02  0.8996023E+01  Si
  0.5014527E+02  0.2020804E+02  0.9003838E+01  Si
  0.5426500E+02  0.1596851E+02  0.4783727E+01  Si
  0.5703109E+02  0.1877106E+02  0.4882123E+01  Si
  0.5714091E+02  0.1605339E+02  0.7467654E+01  Si
  0.5413862E+02  0.1843833E+02  0.7570124E+01  Si
  0.5570248E+02  0.1726293E+02  0.6150249E+01  Si
  0.5815854E+02  0.2037422E+02  0.6226119E+01  Si
  0.5841439E+02  0.1763069E+02  0.8898987E+01  Si
  0.5530842E+02  0.1993490E+02  0.8881506E+01  Si
  0.5977628E+02  0.1596005E+02  0.4802686E+01  Si
  0.6242589E+02  0.1856735E+02  0.4654775E+01  Si
  0.6234553E+02  0.1628541E+02  0.7759968E+01  Si
  0.5965806E+02  0.1875293E+02  0.7510544E+01  Si
  0.6110926E+02  0.1741223E+02  0.6171301E+01  Si
  0.6381385E+02  0.1982939E+02  0.6031079E+01  Si
  0.6397583E+02  0.1746379E+02  0.8786947E+01  Si
  0.6130361E+02  0.2030613E+02  0.8609479E+01  Si
  0.4362320E+02  0.2159302E+02  0.1040782E+02  Si
  0.4621174E+02  0.2425376E+01  0.1024346E+02  Si
  0.4613758E+02  0.2156762E+02  0.1316216E+02  Si
  0.4331973E+02  0.2709527E+01  0.1297491E+02  Si
  0.4480383E+02  0.1191186E+01  0.1193443E+02  Si
  0.4741616E+02  0.3577713E+01  0.1168827E+02  Si
  0.4755002E+02  0.1178724E+01  0.1447286E+02  Si
  0.4460451E+02  0.3893882E+01  0.1450432E+02  Si
  0.4899869E+02  0.2170000E+02  0.1048527E+02  Si
  0.5173033E+02  0.2447903E+01  0.9957547E+01  Si
  0.5155685E+02  0.2135202E+02  0.1328831E+02  Si
  0.4898210E+02  0.2304050E+01  0.1292590E+02  Si
  0.5052330E+02  0.9847464E+00  0.1167334E+02  Si
  0.5328252E+02  0.3514347E+01  0.1153316E+02  Si
  0.5286243E+02  0.9903808E+00  0.1448174E+02  Si
  0.5046089E+02  0.3756402E+01  0.1427159E+02  Si
  0.5423662E+02  0.2129044E+02  0.1034333E+02  Si
  0.5689097E+02  0.2587048E+01  0.1042697E+02  Si
  0.5706130E+02  0.2143800E+02  0.1280899E+02  Si
  0.5424533E+02  0.2209122E+01  0.1306136E+02  Si
  0.5564365E+02  0.7720518E+00  0.1157480E+02  Si
  0.5857214E+02  0.3818290E+01  0.1168173E+02  Si
  0.5852779E+02  0.1024434E+01  0.1417218E+02  Si
  0.5570168E+02  0.3647167E+01  0.1447612E+02  Si
  0.5991407E+02  0.2138249E+02  0.9654015E+01  Si
  0.6257553E+02  0.2333891E+01  0.1039589E+02  Si
  0.6240183E+02  0.2126790E+02  0.1307048E+02  Si
  0.6017478E+02  0.2322298E+01  0.1285242E+02  Si
  0.6130883E+02  0.6248695E+00  0.1141495E+02  Si
  0.6387058E+02  0.3834841E+01  0.1145942E+02  Si
  0.6400598E+02  0.1164494E+01  0.1429255E+02  Si
  0.6134752E+02  0.3935414E+01  0.1415471E+02  Si
  0.4333832E+02  0.5155061E+01  0.1033066E+02  Si
  0.4629009E+02  0.7959554E+01  0.1008543E+02  Si
  0.4609940E+02  0.5185057E+01  0.1296636E+02  Si
  0.4361267E+02  0.8006852E+01  0.1272721E+02  Si
  0.4485522E+02  0.6481850E+01  0.1153961E+02  Si
  0.4732659E+02  0.9115137E+01  0.1137972E+02  Si
  0.4757630E+02  0.6455158E+01  0.1435931E+02  Si
  0.4480368E+02  0.9315593E+01  0.1427379E+02  Si
  0.4887722E+02  0.5070049E+01  0.1025608E+02  Si
  0.5137310E+02  0.7922287E+01  0.1025377E+02  Si
  0.5175700E+02  0.4960404E+01  0.1289702E+02  Si
  0.4894315E+02  0.7744858E+01  0.1291129E+02  Si
  0.5032119E+02  0.6343290E+01  0.1150309E+02  Si
  0.5278536E+02  0.9210777E+01  0.1154889E+02  Si
  0.5294025E+02  0.6484266E+01  0.1408418E+02  Si
  0.5019945E+02  0.9390913E+01  0.1410485E+02  Si
  0.5441339E+02  0.5334833E+01  0.1028513E+02  Si
  0.5711807E+02  0.7703123E+01  0.9935261E+01  Si
  0.5732133E+02  0.5180563E+01  0.1310338E+02  Si
  0.5438008E+02  0.7867141E+01  0.1267488E+02  Si
  0.5600048E+02  0.6579414E+01  0.1165886E+02  Si
  0.5829958E+02  0.9128789E+01  0.1121983E+02  Si
  0.5849763E+02  0.6821778E+01  0.1408204E+02  Si
  0.5572820E+02  0.9181265E+01  0.1421847E+02  Si
  0.5971956E+02  0.5020415E+01  0.1009859E+02  Si
  0.6235781E+02  0.7712847E+01  0.1032859E+02  Si
  0.6247678E+02  0.5253790E+01  0.1291808E+02  Si
  0.5984844E+02  0.7779996E+01  0.1249210E+02  Si
  0.6103368E+02  0.6356240E+01  0.1149596E+02  Si
  0.6367843E+02  0.9109295E+01  0.1164991E+02  Si
  0.6378711E+02  0.6583977E+01  0.1414922E+02  Si
  0.6104173E+02  0.9238427E+01  0.1398416E+02  Si
  0.4332483E+02  0.1105996E+02  0.9831312E+01  Si
  0.4587969E+02  0.1348565E+02  0.1006713E+02  Si
  0.4600259E+02  0.1059275E+02  0.1273400E+02  Si
  0.4355338E+02  0.1358078E+02  0.1296838E+02  Si
  0.4471505E+02  0.1206353E+02  0.1138831E+02  Si
  0.4741101E+02  0.1451948E+02  0.1159865E+02  Si
  0.4722141E+02  0.1202751E+02  0.1414385E+02  Si
  0.4489121E+02  0.1482431E+02  0.1429027E+02  Si
  0.4861777E+02  0.1067918E+02  0.1025147E+02  Si
  0.5176849E+02  0.1325041E+02  0.9982583E+01  Si
  0.5149662E+02  0.1064839E+02  0.1274809E+02  Si
  0.4891451E+02  0.1315311E+02  0.1292226E+02  Si
  0.5017915E+02  0.1194707E+02  0.1146658E+02  Si
  0.5304955E+02  0.1460424E+02  0.1145949E+02  Si
  0.5294739E+02  0.1167719E+02  0.1427978E+02  Si
  0.5033075E+02  0.1434027E+02  0.1421650E+02  Si
  0.5437850E+02  0.1045685E+02  0.1019735E+02  Si
  0.5714002E+02  0.1330913E+02  0.1020887E+02  Si
  0.5727875E+02  0.1041832E+02  0.1294260E+02  Si
  0.5438335E+02  0.1313108E+02  0.1300722E+02  Si
  0.5578388E+02  0.1183401E+02  0.1157467E+02  Si
  0.5853410E+02  0.1470148E+02  0.1143376E+02  Si
  0.5861835E+02  0.1200245E+02  0.1434912E+02  Si
  0.5595571E+02  0.1446706E+02  0.1436916E+02  Si
  0.5975523E+02  0.1047841E+02  0.1030260E+02  Si
  0.6248983E+02  0.1355414E+02  0.1016252E+02  Si
  0.6261907E+02  0.1082339E+02  0.1277808E+02  Si
  0.5976420E+02  0.1325626E+02  0.1283834E+02  Si
  0.6117849E+02  0.1203179E+02  0.1140822E+02  Si
  0.6380228E+02  0.1504297E+02  0.1127779E+02  Si
  0.6379892E+02  0.1207370E+02  0.1437752E+02  Si
  0.6112711E+02  0.1471451E+02  0.1437467E+02  Si
  0.4343893E+02  0.1619324E+02  0.1022922E+02  Si
  0.4639146E+02  0.1875170E+02  0.9913938E+01  Si
  0.4597103E+02  0.1620190E+02  0.1269015E+02  Si
  0.4335687E+02  0.1906967E+02  0.1302660E+02  Si
  0.4471703E+02  0.1779515E+02  0.1155900E+02  Si
  0.4751747E+02  0.2022010E+02  0.1155393E+02  Si
  0.4750401E+02  0.1742142E+02  0.1448394E+02  Si
  0.4485907E+02  0.2037811E+02  0.1437196E+02  Si
  0.4862300E+02  0.1610139E+02  0.1038471E+02  Si
  0.5152360E+02  0.1851731E+02  0.1043211E+02  Si
  0.5149351E+02  0.1581896E+02  0.1286929E+02  Si
  0.4874485E+02  0.1904853E+02  0.1328453E+02  Si
  0.4994432E+02  0.1743751E+02  0.1183781E+02  Si
  0.5289369E+02  0.1997215E+02  0.1183094E+02  Si
  0.5304191E+02  0.1704584E+02  0.1428881E+02  Si
  0.5033591E+02  0.2013823E+02  0.1476541E+02  Si
  0.5446129E+02  0.1589363E+02  0.1025481E+02  Si
  0.5696640E+02  0.1880914E+02  0.1034241E+02  Si
  0.5724625E+02  0.1600973E+02  0.1294925E+02  Si
  0.5429953E+02  0.1857306E+02  0.1289102E+02  Si
  0.5579940E+02  0.1734921E+02  0.1160781E+02  Si
  0.5864745E+02  0.2017803E+02  0.1152952E+02  Si
  0.5841830E+02  0.1746221E+02  0.1434870E+02  Si
  0.5556243E+02  0.2015898E+02  0.1419719E+02  Si
  0.5958196E+02  0.1603552E+02  0.1014770E+02  Si
  0.6244732E+02  0.1882570E+02  0.1006436E+02  Si
  0.6224544E+02  0.1607971E+02  0.1289112E+02  Si
  0.5973902E+02  0.1873352E+02  0.1307290E+02  Si
  0.6101639E+02  0.1747661E+02  0.1147677E+02  Si
  0.6377532E+02  0.2023611E+02  0.1135527E+02  Si
  0.6365746E+02  0.1733678E+02  0.1423134E+02  Si
  0.6108347E+02  0.2004026E+02  0.1442761E+02  Si
  0.4375380E+02  0.3629616E-01  0.1580044E+02  Si
  0.4613517E+02  0.2522727E+01  0.1584104E+02  Si
  0.4637665E+02  0.2149801E+02  0.1844222E+02  Si
  0.4197375E+02  0.8020679E+00  0.1998366E+02  Si
  0.4495143E+02  0.1293072E+01  0.1754708E+02  Si
  0.4763294E+02  0.3882828E+01  0.1684185E+02  Si
  0.4782319E+02  0.1169028E+01  0.1979202E+02  Si
  0.4505358E+02  0.3914920E+01  0.1941911E+02  Si
  0.4896450E+02  0.2157816E+02  0.1577698E+02  Si
  0.5167216E+02  0.2318648E+01  0.1586111E+02  Si
  0.5185209E+02  0.2150512E+02  0.1816773E+02  Si
  0.4910769E+02  0.2832272E+01  0.1849820E+02  Si
  0.5019836E+02  0.1324845E+01  0.1728166E+02  Si
  0.5314718E+02  0.3869497E+01  0.1714740E+02  Si
  0.5312522E+02  0.1216803E+01  0.1974081E+02  Si
  0.5044429E+02  0.4038748E+01  0.2009237E+02  Si
  0.5424555E+02  0.2131015E+02  0.1571906E+02  Si
  0.5718802E+02  0.2552778E+01  0.1563471E+02  Si
  0.5702061E+02  0.2140057E+02  0.1821071E+02  Si
  0.5445594E+02  0.2385080E+01  0.1826221E+02  Si
  0.5569519E+02  0.1091574E+01  0.1680761E+02  Si
  0.5860554E+02  0.3892994E+01  0.1690064E+02  Si
  0.5829076E+02  0.1152244E+01  0.1961641E+02  Si
  0.5564879E+02  0.4049942E+01  0.1960543E+02  Si
  0.5983545E+02  0.2133123E+02  0.1559261E+02  Si
  0.6264904E+02  0.2585269E+01  0.1552285E+02  Si
  0.6251742E+02  0.1537508E-01  0.1847605E+02  Si
  0.5990314E+02  0.2350691E+01  0.1818721E+02  Si
  0.6130940E+02  0.1091921E+01  0.1671021E+02  Si
  0.6386561E+02  0.3952033E+01  0.1698946E+02  Si
  0.6379982E+02  0.1396966E+01  0.1986987E+02  Si
  0.6077616E+02  0.3958834E+01  0.1957338E+02  Si
  0.4347219E+02  0.5430039E+01  0.1572869E+02  Si
  0.4621759E+02  0.7951260E+01  0.1568325E+02  Si
  0.4623816E+02  0.5349847E+01  0.1817337E+02  Si
  0.4349114E+02  0.8251380E+01  0.1821237E+02  Si
  0.4478072E+02  0.6675503E+01  0.1690607E+02  Si
  0.4752758E+02  0.9521512E+01  0.1697075E+02  Si
  0.4755987E+02  0.6580107E+01  0.1957646E+02  Si
  0.4485921E+02  0.9650916E+01  0.1977812E+02  Si
  0.4904094E+02  0.5133628E+01  0.1570010E+02  Si
  0.5140408E+02  0.7855406E+01  0.1549581E+02  Si
  0.5164324E+02  0.5201545E+01  0.1835570E+02  Si
  0.4883033E+02  0.8039598E+01  0.1848813E+02  Si
  0.5031332E+02  0.6748281E+01  0.1717591E+02  Si
  0.5300504E+02  0.9078758E+01  0.1685857E+02  Si
  0.5277875E+02  0.6784164E+01  0.1956411E+02  Si
  0.5023168E+02  0.9302689E+01  0.1992483E+02  Si
  0.5423965E+02  0.5181588E+01  0.1556663E+02  Si
  0.5715011E+02  0.7987250E+01  0.1566333E+02  Si
  0.5715234E+02  0.5152878E+01  0.1829691E+02  Si
  0.5437525E+02  0.7729574E+01  0.1835402E+02  Si
  0.5571730E+02  0.6470819E+01  0.1676398E+02  Si
  0.5821541E+02  0.9409410E+01  0.1701030E+02  Si
  0.5859802E+02  0.6580414E+01  0.1966485E+02  Si
  0.5553976E+02  0.9194050E+01  0.1972646E+02  Si
  0.5989653E+02  0.5396462E+01  0.1521696E+02  Si
  0.6238035E+02  0.8014816E+01  0.1566268E+02  Si
  0.6234472E+02  0.5302984E+01  0.1824972E+02  Si
  0.5963234E+02  0.7918951E+01  0.1816106E+02  Si
  0.6100978E+02  0.6749525E+01  0.1685374E+02  Si
  0.6372587E+02  0.9229368E+01  0.1704911E+02  Si
  0.6392444E+02  0.6430461E+01  0.1964723E+02  Si
  0.6120175E+02  0.9336518E+01  0.1985858E+02  Si
  0.4346284E+02  0.1093498E+02  0.1542722E+02  Si
  0.4596130E+02  0.1329481E+02  0.1570910E+02  Si
  0.4622593E+02  0.1089727E+02  0.1831173E+02  Si
  0.4230229E+02  0.1455835E+02  0.1679651E+02  Si
  0.4468315E+02  0.1217045E+02  0.1692758E+02  Si
  0.4773375E+02  0.1454976E+02  0.1685154E+02  Si
  0.4767101E+02  0.1206267E+02  0.1995001E+02  Si
  0.4480484E+02  0.1480668E+02  0.1971764E+02  Si
  0.4890049E+02  0.1078824E+02  0.1553651E+02  Si
  0.5168453E+02  0.1334237E+02  0.1565734E+02  Si
  0.5168788E+02  0.1045378E+02  0.1847887E+02  Si
  0.4910138E+02  0.1354381E+02  0.1833424E+02  Si
  0.5046339E+02  0.1196591E+02  0.1693087E+02  Si
  0.5290229E+02  0.1462596E+02  0.1719480E+02  Si
  0.5312906E+02  0.1181537E+02  0.1976143E+02  Si
  0.5068918E+02  0.1453873E+02  0.1992505E+02  Si
  0.5435937E+02  0.1047405E+02  0.1558075E+02  Si
  0.5713912E+02  0.1326453E+02  0.1569851E+02  Si
  0.5670107E+02  0.1028713E+02  0.1845348E+02  Si
  0.5436346E+02  0.1332349E+02  0.1827250E+02  Si
  0.5568813E+02  0.1176548E+02  0.1696159E+02  Si
  0.5861362E+02  0.1449257E+02  0.1700151E+02  Si
  0.5835315E+02  0.1181417E+02  0.1952899E+02  Si
  0.5592352E+02  0.1457321E+02  0.1978968E+02  Si
  0.5982803E+02  0.1051331E+02  0.1567416E+02  Si
  0.6256452E+02  0.1317115E+02  0.1579025E+02  Si
  0.6251323E+02  0.1058323E+02  0.1851632E+02  Si
  0.5996513E+02  0.1340354E+02  0.1832590E+02  Si
  0.6124067E+02  0.1189021E+02  0.1706202E+02  Si
  0.6400485E+02  0.1480414E+02  0.1686111E+02  Si
  0.6400472E+02  0.1211581E+02  0.1982849E+02  Si
  0.6130706E+02  0.1498795E+02  0.1966040E+02  Si
  0.4356361E+02  0.1609034E+02  0.1572178E+02  Si
  0.4603869E+02  0.1884355E+02  0.1563925E+02  Si
  0.4622207E+02  0.1604163E+02  0.1818900E+02  Si
  0.4376723E+02  0.1882529E+02  0.1858453E+02  Si
  0.4505591E+02  0.1743572E+02  0.1705948E+02  Si
  0.4758756E+02  0.2003644E+02  0.1700703E+02  Si
  0.4773069E+02  0.1710789E+02  0.1953545E+02  Si
  0.4510791E+02  0.2013332E+02  0.1976269E+02  Si
  0.4904205E+02  0.1585185E+02  0.1549534E+02  Si
  0.5163925E+02  0.1830204E+02  0.1564529E+02  Si
  0.5202344E+02  0.1603980E+02  0.1853608E+02  Si
  0.4898464E+02  0.1856908E+02  0.1817027E+02  Si
  0.5037965E+02  0.1702815E+02  0.1694478E+02  Si
  0.5297550E+02  0.1994122E+02  0.1684161E+02  Si
  0.5332063E+02  0.1750746E+02  0.1979196E+02  Si
  0.5052399E+02  0.2007030E+02  0.1948365E+02  Si
  0.5442927E+02  0.1572650E+02  0.1582569E+02  Si
  0.5690850E+02  0.1868517E+02  0.1547090E+02  Si
  0.5746012E+02  0.1584570E+02  0.1834236E+02  Si
  0.5457826E+02  0.1882329E+02  0.1826620E+02  Si
  0.5597671E+02  0.1709460E+02  0.1688941E+02  Si
  0.5822080E+02  0.2003536E+02  0.1684450E+02  Si
  0.5864296E+02  0.1740860E+02  0.1941188E+02  Si
  0.5576778E+02  0.2037071E+02  0.1968127E+02  Si
  0.5986172E+02  0.1607982E+02  0.1557193E+02  Si
  0.6253333E+02  0.1880049E+02  0.1567589E+02  Si
  0.6255954E+02  0.1622786E+02  0.1809611E+02  Si
  0.5990995E+02  0.1886178E+02  0.1819120E+02  Si
  0.6119398E+02  0.1761351E+02  0.1680535E+02  Si
  0.6374476E+02  0.2026797E+02  0.1702922E+02  Si
  0.6374033E+02  0.1761988E+02  0.1954366E+02  Si
  0.6100478E+02  0.2014847E+02  0.1970301E+02  Si
