         
  0.6515772E+02  0.0000000E+00  0.2171924E+02
  0.0000000E+00  0.0000000E+00  0.2171924E+02
  0.6493308E+02  0.2162217E+02  0.2126945E+02  Si
  0.2421852E+01  0.2275663E+01  0.2059928E+02  Si
  0.2644789E+01  0.2153520E+02  0.2033863E+01  Si
  0.3865879E-01  0.2476874E+01  0.1926561E+01  Si
  0.1345331E+01  0.1200442E+01  0.6180361E+00  Si
  0.3769012E+01  0.3625878E+01  0.3639835E+00  Si
  0.4157112E+01  0.1046285E+01  0.3336194E+01  Si
  0.1511435E+01  0.3847241E+01  0.3212598E+01  Si
  0.5587773E+01  0.2144848E+02  0.2086592E+02  Si
  0.8144920E+01  0.2647030E+01  0.2094005E+02  Si
  0.8211316E+01  0.2144832E+02  0.1945699E+01  Si
  0.5477300E+01  0.2316944E+01  0.1575828E+01  Si
  0.6851215E+01  0.1081952E+01  0.3743361E+00  Si
  0.9454928E+01  0.3874087E+01  0.6110211E+00  Si
  0.9578656E+01  0.1089392E+01  0.3433880E+01  Si
  0.6578293E+01  0.3823744E+01  0.3200610E+01  Si
  0.1064688E+02  0.2137444E+02  0.2070090E+02  Si
  0.1348583E+02  0.2392723E+01  0.2071473E+02  Si
  0.1381802E+02  0.2164562E+02  0.1914913E+01  Si
  0.1066941E+02  0.2226342E+01  0.1598508E+01  Si
  0.1224307E+02  0.8398968E+00  0.3512841E+00  Si
  0.1474170E+02  0.3810226E+01  0.5207829E+00  Si
  0.1522855E+02  0.1425308E+01  0.3246207E+01  Si
  0.1210518E+02  0.3748624E+01  0.3125753E+01  Si
  0.1629728E+02  0.2162825E+02  0.2083356E+02  Si
  0.1919004E+02  0.2456243E+01  0.2062741E+02  Si
  0.1888847E+02  0.2154512E+02  0.1778721E+01  Si
  0.1649549E+02  0.2612970E+01  0.1638436E+01  Si
  0.1772647E+02  0.1259056E+01  0.3865696E+00  Si
  0.2728622E+02  0.8004051E+01  0.1636206E+01  Si
  0.2193220E+02  0.5346560E+01  0.2097101E+02  Si
  0.1794395E+02  0.3951830E+01  0.3319812E+01  Si
  0.4300780E-01  0.5244638E+01  0.2070091E+02  Si
  0.2751037E+01  0.7912184E+01  0.2065141E+02  Si
  0.2718596E+01  0.5141041E+01  0.1533291E+01  Si
  0.6481266E+02  0.7997270E+01  0.1766035E+01  Si
  0.1168882E+01  0.6748490E+01  0.4765757E+00  Si
  0.4039582E+01  0.9260753E+01  0.3434400E+00  Si
  0.3815519E+01  0.6807564E+01  0.2917666E+01  Si
  0.1103609E+01  0.9407302E+01  0.2818759E+01  Si
  0.5129813E+01  0.5056767E+01  0.2069886E+02  Si
  0.8170555E+01  0.8123745E+01  0.2082647E+02  Si
  0.8000848E+01  0.5228051E+01  0.2007594E+01  Si
  0.5506410E+01  0.8137330E+01  0.1529220E+01  Si
  0.6803741E+01  0.6362177E+01  0.1801584E+00  Si
  0.9490205E+01  0.9585581E+01  0.4851528E+00  Si
  0.9412806E+01  0.6552647E+01  0.3097812E+01  Si
  0.6748076E+01  0.9374391E+01  0.3060862E+01  Si
  0.1083971E+02  0.5232446E+01  0.2113639E+02  Si
  0.1353566E+02  0.8097288E+01  0.2064109E+02  Si
  0.1345253E+02  0.5214205E+01  0.1924849E+01  Si
  0.1064509E+02  0.8069771E+01  0.1702750E+01  Si
  0.1227735E+02  0.6780621E+01  0.4925256E+00  Si
  0.1502190E+02  0.9165714E+01  0.1495076E+00  Si
  0.1486836E+02  0.6394337E+01  0.3306994E+01  Si
  0.1266407E+02  0.9151168E+01  0.2897543E+01  Si
  0.1623141E+02  0.5319185E+01  0.2085724E+02  Si
  0.1884169E+02  0.8019030E+01  0.2063066E+02  Si
  0.1909474E+02  0.5472345E+01  0.1870108E+01  Si
  0.1618688E+02  0.7833248E+01  0.1762337E+01  Si
  0.1745019E+02  0.6643667E+01  0.3745504E+00  Si
  0.2186931E+02  0.1072386E+02  0.2130645E+02  Si
  0.2519790E+02  0.6338008E+01  0.1970368E+02  Si
  0.1739994E+02  0.9336164E+01  0.2953605E+01  Si
  0.6506615E+02  0.1064846E+02  0.2068049E+02  Si
  0.2705540E+01  0.1334366E+02  0.2082502E+02  Si
  0.2434136E+01  0.1071816E+02  0.1608889E+01  Si
  0.6503139E+02  0.1327514E+02  0.1817763E+01  Si
  0.1189186E+01  0.1203940E+02  0.2013148E+00  Si
  0.3903284E+01  0.1461469E+02  0.4577300E+00  Si
  0.3964561E+01  0.1213527E+02  0.2943894E+01  Si
  0.1260479E+01  0.1473759E+02  0.3151104E+01  Si
  0.5441257E+01  0.1056991E+02  0.2055065E+02  Si
  0.7872536E+01  0.1349917E+02  0.2080990E+02  Si
  0.8225840E+01  0.1068079E+02  0.1816009E+01  Si
  0.5477728E+01  0.1344710E+02  0.1482598E+01  Si
  0.6776351E+01  0.1194966E+02  0.2428890E+00  Si
  0.9487669E+01  0.1485163E+02  0.2837389E+00  Si
  0.9899479E+01  0.1192656E+02  0.3191710E+01  Si
  0.6948477E+01  0.1453671E+02  0.3215570E+01  Si
  0.1069700E+02  0.1064921E+02  0.2078558E+02  Si
  0.1345828E+02  0.1358644E+02  0.2074025E+02  Si
  0.1386233E+02  0.1072875E+02  0.1512602E+01  Si
  0.1095923E+02  0.1342312E+02  0.1661954E+01  Si
  0.1222753E+02  0.1207042E+02  0.4067826E+00  Si
  0.1488522E+02  0.1462931E+02  0.4147179E+00  Si
  0.1491483E+02  0.1214398E+02  0.3075758E+01  Si
  0.1215527E+02  0.1479620E+02  0.3074158E+01  Si
  0.1639837E+02  0.1096845E+02  0.2096344E+02  Si
  0.1916643E+02  0.1331017E+02  0.2059646E+02  Si
  0.2015869E+02  0.9262502E+01  0.1471919E+00  Si
  0.1639071E+02  0.1358362E+02  0.1975488E+01  Si
  0.1772374E+02  0.1229291E+02  0.5371853E+00  Si
  0.2126193E+02  0.1227165E+02  0.1968857E+02  Si
  0.2459982E+02  0.2078863E+01  0.4370038E+01  Si
  0.1804663E+02  0.1476714E+02  0.3107320E+01  Si
  0.6497412E+02  0.1599655E+02  0.2092795E+02  Si
  0.2589663E+01  0.1876404E+02  0.2127641E+02  Si
  0.2782900E+01  0.1596180E+02  0.1948689E+01  Si
  0.7515915E-01  0.1888522E+02  0.2016245E+01  Si
  0.1366628E+01  0.1735642E+02  0.6504870E+00  Si
  0.4225203E+01  0.2014118E+02  0.6061945E+00  Si
  0.4270286E+01  0.1719633E+02  0.3376498E+01  Si
  0.1548718E+01  0.1980621E+02  0.3325000E+01  Si
  0.5319119E+01  0.1619799E+02  0.2092938E+02  Si
  0.8039084E+01  0.1858360E+02  0.2103686E+02  Si
  0.8321507E+01  0.1608354E+02  0.1953992E+01  Si
  0.5455897E+01  0.1891685E+02  0.2069208E+01  Si
  0.6661363E+01  0.1714886E+02  0.9066205E+00  Si
  0.9568520E+01  0.1983526E+02  0.6762942E+00  Si
  0.9626434E+01  0.1756597E+02  0.3156509E+01  Si
  0.6934433E+01  0.2012038E+02  0.3220594E+01  Si
  0.1079952E+02  0.1635130E+02  0.2103369E+02  Si
  0.1385205E+02  0.1903984E+02  0.2078765E+02  Si
  0.1357229E+02  0.1611048E+02  0.1904227E+01  Si
  0.1119052E+02  0.1897727E+02  0.1992720E+01  Si
  0.1241757E+02  0.1765224E+02  0.6134701E+00  Si
  0.1509805E+02  0.2025338E+02  0.3286018E+00  Si
  0.1493077E+02  0.1742764E+02  0.3177224E+01  Si
  0.1253418E+02  0.2022997E+02  0.3331446E+01  Si
  0.1627044E+02  0.1606748E+02  0.2086996E+02  Si
  0.1888098E+02  0.1871768E+02  0.2084361E+02  Si
  0.1907650E+02  0.1622059E+02  0.1900437E+01  Si
  0.1617720E+02  0.1903800E+02  0.1883955E+01  Si
  0.1766175E+02  0.1741250E+02  0.5807159E+00  Si
  0.3050864E+02  0.1509583E-01  0.9278383E+01  Si
  0.2014685E+02  0.1768882E+02  0.3010337E+01  Si
  0.1735663E+02  0.2053050E+02  0.3244748E+01  Si
  0.2064232E+00  0.2117257E+02  0.4557930E+01  Si
  0.2812421E+01  0.2562653E+01  0.4556676E+01  Si
  0.2557476E+01  0.2132986E+02  0.7257345E+01  Si
  0.1121639E+00  0.2081646E+01  0.7194454E+01  Si
  0.1578029E+01  0.7559846E+00  0.5759032E+01  Si
  0.4132669E+01  0.4034282E+01  0.5878922E+01  Si
  0.3949982E+01  0.1171183E+01  0.8449820E+01  Si
  0.1192050E+01  0.3857538E+01  0.8404011E+01  Si
  0.5434322E+01  0.2133571E+02  0.4546051E+01  Si
  0.8125561E+01  0.2535432E+01  0.4514233E+01  Si
  0.8028854E+01  0.2136688E+02  0.7261172E+01  Si
  0.5430897E+01  0.2585274E+01  0.7129965E+01  Si
  0.6874264E+01  0.1218095E+01  0.5790472E+01  Si
  0.9527680E+01  0.4015132E+01  0.5901622E+01  Si
  0.9101857E+01  0.1419914E+01  0.8644270E+01  Si
  0.6619133E+01  0.4103942E+01  0.8245023E+01  Si
  0.1110157E+02  0.5961344E-01  0.4624148E+01  Si
  0.1340063E+02  0.2501053E+01  0.4647936E+01  Si
  0.1360255E+02  0.6947854E-01  0.7348087E+01  Si
  0.1051186E+02  0.2825167E+01  0.7447741E+01  Si
  0.1209763E+02  0.1618046E+01  0.6182471E+01  Si
  0.1495507E+02  0.3901534E+01  0.5813008E+01  Si
  0.1495352E+02  0.1407388E+01  0.9003790E+01  Si
  0.1220492E+02  0.4071351E+01  0.8706344E+01  Si
  0.1644422E+02  0.2614090E+00  0.4676497E+01  Si
  0.1935115E+02  0.2605042E+01  0.4861902E+01  Si
  0.1884165E+02  0.2161113E+02  0.7222568E+01  Si
  0.1614592E+02  0.2655729E+01  0.7352989E+01  Si
  0.1768605E+02  0.1424420E+01  0.6006950E+01  Si
  0.2336634E+02  0.2033706E+02  0.1349857E+02  Si
  0.3011645E+02  0.1834330E+01  0.5131133E+01  Si
  0.1776030E+02  0.3628858E+01  0.8521300E+01  Si
  0.1781893E+00  0.5422687E+01  0.4615886E+01  Si
  0.2624913E+01  0.8098625E+01  0.4168235E+01  Si
  0.2634966E+01  0.5394989E+01  0.7288907E+01  Si
  0.6501697E+02  0.8091109E+01  0.7464980E+01  Si
  0.1378909E+01  0.6970326E+01  0.5906983E+01  Si
  0.3996023E+01  0.9359379E+01  0.5953264E+01  Si
  0.4156705E+01  0.6624582E+01  0.8784768E+01  Si
  0.1674880E+01  0.9231446E+01  0.8703496E+01  Si
  0.5132267E+01  0.5405518E+01  0.4308246E+01  Si
  0.8138148E+01  0.8167414E+01  0.4229578E+01  Si
  0.7911666E+01  0.5708774E+01  0.6888401E+01  Si
  0.5498335E+01  0.8049225E+01  0.7351337E+01  Si
  0.6436383E+01  0.6945375E+01  0.5472719E+01  Si
  0.9511850E+01  0.9486672E+01  0.5807597E+01  Si
  0.9527959E+01  0.6922700E+01  0.8251524E+01  Si
  0.6833996E+01  0.9311828E+01  0.8577639E+01  Si
  0.1085054E+02  0.5181835E+01  0.4605290E+01  Si
  0.1374772E+02  0.8001091E+01  0.4668425E+01  Si
  0.1344981E+02  0.5001843E+01  0.7176454E+01  Si
  0.1101644E+02  0.8204907E+01  0.6865370E+01  Si
  0.1232978E+02  0.6445278E+01  0.5875708E+01  Si
  0.1473324E+02  0.9497655E+01  0.6134451E+01  Si
  0.1497065E+02  0.6361430E+01  0.8532301E+01  Si
  0.1217294E+02  0.9209120E+01  0.8710429E+01  Si
  0.1639129E+02  0.5124323E+01  0.4538660E+01  Si
  0.1882411E+02  0.7990793E+01  0.4467833E+01  Si
  0.2052629E+02  0.4126325E+01  0.6012397E+01  Si
  0.1632194E+02  0.8075811E+01  0.7553727E+01  Si
  0.1759470E+02  0.6652106E+01  0.5940283E+01  Si
  0.2032689E+02  0.6707722E+01  0.3280341E+01  Si
  0.2320308E+02  0.9435372E+01  0.1364983E+02  Si
  0.1784959E+02  0.9589906E+01  0.8620662E+01  Si
  0.2056165E+00  0.1041636E+02  0.4788329E+01  Si
  0.2710815E+01  0.1326692E+02  0.4387643E+01  Si
  0.2981202E+01  0.1063963E+02  0.7425089E+01  Si
  0.1427579E+00  0.1325396E+02  0.7288546E+01  Si
  0.1510158E+01  0.1196352E+02  0.5966455E+01  Si
  0.4176752E+01  0.1479017E+02  0.5881686E+01  Si
  0.4182201E+01  0.1186755E+02  0.8762726E+01  Si
  0.1618674E+01  0.1462329E+02  0.8492660E+01  Si
  0.5370335E+01  0.1069413E+02  0.4425609E+01  Si
  0.8538017E+01  0.1322892E+02  0.4391163E+01  Si
  0.8217040E+01  0.1057652E+02  0.7413793E+01  Si
  0.5453181E+01  0.1333460E+02  0.7164611E+01  Si
  0.6952925E+01  0.1196881E+02  0.5803621E+01  Si
  0.9534505E+01  0.1463038E+02  0.5785333E+01  Si
  0.9470489E+01  0.1201961E+02  0.8706963E+01  Si
  0.6930943E+01  0.1469572E+02  0.8426654E+01  Si
  0.1108674E+02  0.1026807E+02  0.4382424E+01  Si
  0.1335533E+02  0.1353541E+02  0.4363090E+01  Si
  0.1333121E+02  0.1071931E+02  0.7457070E+01  Si
  0.1064081E+02  0.1338339E+02  0.7178632E+01  Si
  0.1201963E+02  0.1196710E+02  0.5891710E+01  Si
  0.1484370E+02  0.1466322E+02  0.5860661E+01  Si
  0.1456482E+02  0.1214906E+02  0.8438796E+01  Si
  0.1195573E+02  0.1466138E+02  0.8464850E+01  Si
  0.1621954E+02  0.1065988E+02  0.4449693E+01  Si
  0.1889799E+02  0.1074767E+02  0.1678043E+01  Si
  0.1905533E+02  0.1089701E+02  0.7146311E+01  Si
  0.1617607E+02  0.1344599E+02  0.7178910E+01  Si
  0.1764899E+02  0.1227339E+02  0.5546969E+01  Si
  0.2297324E+02  0.1681410E+02  0.5298589E+00  Si
  0.2491749E+02  0.4118790E+01  0.5607633E+01  Si
  0.1776719E+02  0.1479401E+02  0.8396739E+01  Si
  0.6504269E+02  0.1602612E+02  0.4567676E+01  Si
  0.2993552E+01  0.1873940E+02  0.4839714E+01  Si
  0.2851765E+01  0.1609968E+02  0.7189869E+01  Si
  0.5922856E-01  0.1875273E+02  0.7072364E+01  Si
  0.1369342E+01  0.1731540E+02  0.5817745E+01  Si
  0.4156157E+01  0.2019493E+02  0.6062188E+01  Si
  0.4256868E+01  0.1738642E+02  0.8631605E+01  Si
  0.1019788E+01  0.1993444E+02  0.8731726E+01  Si
  0.5621557E+01  0.1601259E+02  0.4465362E+01  Si
  0.8159622E+01  0.1883556E+02  0.4635375E+01  Si
  0.8040573E+01  0.1618237E+02  0.7045350E+01  Si
  0.5456827E+01  0.1871474E+02  0.7269442E+01  Si
  0.6641648E+01  0.1739660E+02  0.5672429E+01  Si
  0.9547401E+01  0.2040284E+02  0.5927471E+01  Si
  0.9408918E+01  0.1747132E+02  0.8429566E+01  Si
  0.6685701E+01  0.2017986E+02  0.8765084E+01  Si
  0.1107143E+02  0.1630267E+02  0.4276845E+01  Si
  0.1358530E+02  0.1873103E+02  0.4731809E+01  Si
  0.1328906E+02  0.1596316E+02  0.7026484E+01  Si
  0.1080466E+02  0.1899283E+02  0.7385359E+01  Si
  0.1211984E+02  0.1760655E+02  0.5859707E+01  Si
  0.1479391E+02  0.2060415E+02  0.5545287E+01  Si
  0.1451696E+02  0.1770183E+02  0.8127160E+01  Si
  0.1217153E+02  0.2038668E+02  0.8664056E+01  Si
  0.1632013E+02  0.1606570E+02  0.4443129E+01  Si
  0.2829166E+02  0.2082942E+02  0.9666008E+01  Si
  0.1899574E+02  0.1627426E+02  0.7046008E+01  Si
  0.1594746E+02  0.1921012E+02  0.7008239E+01  Si
  0.1744741E+02  0.1749419E+02  0.5881042E+01  Si
  0.2460926E+02  0.5548536E+01  0.2183649E+01  Si
  0.2300770E+02  0.2031960E+02  0.8522463E+01  Si
  0.1738631E+02  0.2035205E+02  0.8637827E+01  Si
  0.6512925E+02  0.2146977E+02  0.1006662E+02  Si
  0.2572393E+01  0.2468242E+01  0.9873430E+01  Si
  0.2668023E+01  0.2151186E+02  0.1309912E+02  Si
  0.6503743E+02  0.2275197E+01  0.1295358E+02  Si
  0.1287127E+01  0.1122219E+01  0.1142662E+02  Si
  0.3985316E+01  0.3681909E+01  0.1132121E+02  Si
  0.4184636E+01  0.9140535E+00  0.1451096E+02  Si
  0.1552209E+01  0.3756848E+01  0.1404946E+02  Si
  0.5059483E+01  0.2133059E+02  0.1000083E+02  Si
  0.7896075E+01  0.2795747E+01  0.9816504E+01  Si
  0.7927574E+01  0.2162957E+02  0.1257533E+02  Si
  0.5184723E+01  0.2232434E+01  0.1263586E+02  Si
  0.6520831E+01  0.1294327E+01  0.1105933E+02  Si
  0.9625587E+01  0.3924217E+01  0.1109951E+02  Si
  0.9427117E+01  0.1104345E+01  0.1389195E+02  Si
  0.6701924E+01  0.3583443E+01  0.1402174E+02  Si
  0.1078476E+02  0.2170289E+02  0.9879191E+01  Si
  0.1359230E+02  0.2627181E+01  0.1016225E+02  Si
  0.1365505E+02  0.1081427E+00  0.1289429E+02  Si
  0.1076158E+02  0.2584449E+01  0.1259602E+02  Si
  0.1213371E+02  0.1269551E+01  0.1155209E+02  Si
  0.1471936E+02  0.4058015E+01  0.1121510E+02  Si
  0.1481055E+02  0.1364267E+01  0.1404772E+02  Si
  0.1188680E+02  0.3889836E+01  0.1407289E+02  Si
  0.1599489E+02  0.3268990E-01  0.1016969E+02  Si
  0.2009013E+02  0.1412085E+01  0.8459247E+01  Si
  0.2686795E+02  0.1310991E+01  0.1941947E+02  Si
  0.1611937E+02  0.2741589E+01  0.1267338E+02  Si
  0.1744602E+02  0.1246513E+01  0.1148963E+02  Si
  0.1911467E+02  0.2420331E+01  0.1026765E+02  Si
  0.2062513E+02  0.3818565E+01  0.1136658E+02  Si
  0.1767279E+02  0.3939205E+01  0.1397780E+02  Si
  0.1232020E+00  0.5327789E+01  0.1008823E+02  Si
  0.2945315E+01  0.8105098E+01  0.1017334E+02  Si
  0.2868426E+01  0.5270626E+01  0.1290426E+02  Si
  0.6506827E+02  0.7592750E+01  0.1259516E+02  Si
  0.1599308E+01  0.6737268E+01  0.1141361E+02  Si
  0.4364124E+01  0.9413636E+01  0.1152130E+02  Si
  0.4166798E+01  0.6840825E+01  0.1429105E+02  Si
  0.1359078E+01  0.9208798E+01  0.1414226E+02  Si
  0.5438376E+01  0.4986362E+01  0.1003480E+02  Si
  0.8140352E+01  0.7806416E+01  0.9788406E+01  Si
  0.7929091E+01  0.4746571E+01  0.1242336E+02  Si
  0.5532209E+01  0.7931416E+01  0.1287072E+02  Si
  0.6704494E+01  0.6579697E+01  0.1131976E+02  Si
  0.9398376E+01  0.9249591E+01  0.1122374E+02  Si
  0.9249298E+01  0.6397969E+01  0.1383578E+02  Si
  0.6815211E+01  0.9416856E+01  0.1425030E+02  Si
  0.1084849E+02  0.5451594E+01  0.9604310E+01  Si
  0.1369270E+02  0.7901481E+01  0.9760265E+01  Si
  0.1349360E+02  0.5238620E+01  0.1290599E+02  Si
  0.1077702E+02  0.7965025E+01  0.1267083E+02  Si
  0.1204512E+02  0.6465822E+01  0.1134837E+02  Si
  0.1487989E+02  0.9411264E+01  0.1125399E+02  Si
  0.1506824E+02  0.6880470E+01  0.1402545E+02  Si
  0.1225742E+02  0.9334909E+01  0.1424906E+02  Si
  0.1651731E+02  0.4980444E+01  0.1006554E+02  Si
  0.1911571E+02  0.8037158E+01  0.9856441E+01  Si
  0.1914463E+02  0.5393947E+01  0.1255846E+02  Si
  0.1624010E+02  0.8237778E+01  0.1256055E+02  Si
  0.1768809E+02  0.6546716E+01  0.1118049E+02  Si
  0.3042327E+02  0.7548590E+01  0.1504365E+02  Si
  0.2043908E+02  0.6738619E+01  0.1397241E+02  Si
  0.1794359E+02  0.9162805E+01  0.1384709E+02  Si
  0.5456072E-01  0.1025445E+02  0.1020674E+02  Si
  0.2839374E+01  0.1312226E+02  0.9895660E+01  Si
  0.2882551E+01  0.1060252E+02  0.1292716E+02  Si
  0.6250974E-01  0.1334342E+02  0.1268364E+02  Si
  0.1409275E+01  0.1185470E+02  0.1130802E+02  Si
  0.3957373E+01  0.1448145E+02  0.1117591E+02  Si
  0.3970824E+01  0.1208454E+02  0.1430177E+02  Si
  0.1481563E+01  0.1464316E+02  0.1428588E+02  Si
  0.5553725E+01  0.1069353E+02  0.1001926E+02  Si
  0.7991974E+01  0.1342392E+02  0.1002017E+02  Si
  0.8192955E+01  0.1073065E+02  0.1275115E+02  Si
  0.5127429E+01  0.1328168E+02  0.1265595E+02  Si
  0.6827323E+01  0.1218793E+02  0.1145445E+02  Si
  0.9517808E+01  0.1475052E+02  0.1135655E+02  Si
  0.9585587E+01  0.1207037E+02  0.1398615E+02  Si
  0.6619945E+01  0.1460696E+02  0.1374956E+02  Si
  0.1086877E+02  0.1055466E+02  0.9871118E+01  Si
  0.1346745E+02  0.1360981E+02  0.9833772E+01  Si
  0.1342194E+02  0.1068658E+02  0.1260118E+02  Si
  0.1095076E+02  0.1333147E+02  0.1256893E+02  Si
  0.1225048E+02  0.1205981E+02  0.1140996E+02  Si
  0.1504850E+02  0.1492522E+02  0.1087449E+02  Si
  0.1471214E+02  0.1199157E+02  0.1374339E+02  Si
  0.1225343E+02  0.1481147E+02  0.1379362E+02  Si
  0.1600840E+02  0.1055180E+02  0.9735218E+01  Si
  0.2534514E+02  0.6243513E+01  0.1051263E+02  Si
  0.3174520E+02  0.4251011E+01  0.3058785E+01  Si
  0.1616204E+02  0.1344829E+02  0.1234759E+02  Si
  0.1748850E+02  0.1174132E+02  0.1122575E+02  Si
  0.2051796E+02  0.2031217E+02  0.1098768E+02  Si
  0.1897702E+02  0.1635676E+02  0.1224754E+02  Si
  0.1760373E+02  0.1495029E+02  0.1370523E+02  Si
  0.4306819E+00  0.1610257E+02  0.9909869E+01  Si
  0.2599825E+01  0.1855323E+02  0.9885714E+01  Si
  0.2935966E+01  0.1589404E+02  0.1263635E+02  Si
  0.6505173E+02  0.1882065E+02  0.1281176E+02  Si
  0.1372904E+01  0.1733713E+02  0.1143569E+02  Si
  0.3856951E+01  0.1996263E+02  0.1151006E+02  Si
  0.4185263E+01  0.1740670E+02  0.1406076E+02  Si
  0.1309172E+01  0.1982220E+02  0.1435498E+02  Si
  0.5640976E+01  0.1603006E+02  0.9909667E+01  Si
  0.8201799E+01  0.1877975E+02  0.9964538E+01  Si
  0.8035751E+01  0.1596335E+02  0.1275807E+02  Si
  0.5433186E+01  0.1874275E+02  0.1266456E+02  Si
  0.6976694E+01  0.1752463E+02  0.1134162E+02  Si
  0.9345915E+01  0.2028696E+02  0.1115781E+02  Si
  0.9608760E+01  0.1742717E+02  0.1386991E+02  Si
  0.6794969E+01  0.2005396E+02  0.1399800E+02  Si
  0.1072299E+02  0.1613666E+02  0.9840018E+01  Si
  0.1334963E+02  0.1888102E+02  0.9930683E+01  Si
  0.1379368E+02  0.1614959E+02  0.1229234E+02  Si
  0.1092225E+02  0.1910136E+02  0.1250125E+02  Si
  0.1202111E+02  0.1738021E+02  0.1130794E+02  Si
  0.1457724E+02  0.2020330E+02  0.1148765E+02  Si
  0.1514688E+02  0.1750537E+02  0.1386606E+02  Si
  0.1230537E+02  0.2026152E+02  0.1412352E+02  Si
  0.1620640E+02  0.1635648E+02  0.9461871E+01  Si
  0.1896949E+02  0.1890640E+02  0.9715624E+01  Si
  0.2196637E+02  0.1374148E+02  0.1261333E+02  Si
  0.1625072E+02  0.1904219E+02  0.1294454E+02  Si
  0.1748874E+02  0.1778338E+02  0.1118784E+02  Si
  0.2134087E+02  0.1628160E+02  0.1553184E+02  Si
  0.1988479E+02  0.1470926E+02  0.1674997E+02  Si
  0.1776072E+02  0.2052043E+02  0.1414254E+02  Si
  0.1470385E+00  0.2153847E+02  0.1553237E+02  Si
  0.2820323E+01  0.2541548E+01  0.1571270E+02  Si
  0.2736250E+01  0.2114165E+02  0.1855254E+02  Si
  0.1205736E+00  0.2391196E+01  0.1845175E+02  Si
  0.1635447E+01  0.1014124E+01  0.1710473E+02  Si
  0.4148298E+01  0.4052951E+01  0.1691079E+02  Si
  0.4137415E+01  0.1088379E+01  0.1970660E+02  Si
  0.1317446E+01  0.4085594E+01  0.1945953E+02  Si
  0.5510976E+01  0.2152235E+02  0.1561399E+02  Si
  0.8206048E+01  0.2372537E+01  0.1537191E+02  Si
  0.8004397E+01  0.2165142E+02  0.1804157E+02  Si
  0.5367314E+01  0.2441319E+01  0.1815002E+02  Si
  0.6808115E+01  0.1186603E+01  0.1679472E+02  Si
  0.9337102E+01  0.3929832E+01  0.1696495E+02  Si
  0.9389162E+01  0.1313284E+01  0.1953084E+02  Si
  0.6774359E+01  0.3639326E+01  0.1946989E+02  Si
  0.1098682E+02  0.2147233E+02  0.1529627E+02  Si
  0.1351548E+02  0.2452687E+01  0.1534125E+02  Si
  0.1365595E+02  0.2157831E+02  0.1816784E+02  Si
  0.1087645E+02  0.2516639E+01  0.1816326E+02  Si
  0.1221955E+02  0.1053028E+01  0.1678703E+02  Si
  0.1473617E+02  0.3900210E+01  0.1649032E+02  Si
  0.1483943E+02  0.1248444E+01  0.1960983E+02  Si
  0.1226311E+02  0.3864990E+01  0.1964701E+02  Si
  0.1648670E+02  0.2844436E+00  0.1541214E+02  Si
  0.1935335E+02  0.2792376E+01  0.1545665E+02  Si
  0.1901423E+02  0.2166739E+02  0.1804435E+02  Si
  0.1603454E+02  0.2822399E+01  0.1830686E+02  Si
  0.1758895E+02  0.1564905E+01  0.1690956E+02  Si
  0.2065573E+02  0.3789074E+01  0.1693726E+02  Si
  0.2238771E+02  0.2523273E+01  0.1811580E+02  Si
  0.1773884E+02  0.3847356E+01  0.1948353E+02  Si
  0.8506908E-01  0.4919516E+01  0.1533719E+02  Si
  0.2751760E+01  0.8193184E+01  0.1561995E+02  Si
  0.2511780E+01  0.5504569E+01  0.1807390E+02  Si
  0.1316040E-02  0.7907362E+01  0.1793496E+02  Si
  0.1311484E+01  0.6598494E+01  0.1652154E+02  Si
  0.4174339E+01  0.9535535E+01  0.1666124E+02  Si
  0.3993338E+01  0.6651405E+01  0.1926349E+02  Si
  0.1415498E+01  0.9315130E+01  0.1933382E+02  Si
  0.5387208E+01  0.5225866E+01  0.1538799E+02  Si
  0.7979764E+01  0.7844331E+01  0.1527929E+02  Si
  0.8007456E+01  0.5175189E+01  0.1817404E+02  Si
  0.5337097E+01  0.7937332E+01  0.1798995E+02  Si
  0.6708570E+01  0.6421869E+01  0.1682609E+02  Si
  0.9303953E+01  0.9276519E+01  0.1646358E+02  Si
  0.9441418E+01  0.6586207E+01  0.1947605E+02  Si
  0.6726684E+01  0.9332902E+01  0.1946333E+02  Si
  0.1043021E+02  0.5274808E+01  0.1542958E+02  Si
  0.1352386E+02  0.8048408E+01  0.1548025E+02  Si
  0.1350225E+02  0.5420640E+01  0.1806975E+02  Si
  0.1082117E+02  0.7939916E+01  0.1803589E+02  Si
  0.1219741E+02  0.6522886E+01  0.1669355E+02  Si
  0.1499103E+02  0.9319984E+01  0.1675743E+02  Si
  0.1480699E+02  0.6631007E+01  0.1947386E+02  Si
  0.1226431E+02  0.9430870E+01  0.1937673E+02  Si
  0.1632351E+02  0.5310184E+01  0.1545639E+02  Si
  0.1903104E+02  0.7951601E+01  0.1539272E+02  Si
  0.1926680E+02  0.5297835E+01  0.1818270E+02  Si
  0.1636827E+02  0.8135510E+01  0.1839371E+02  Si
  0.1766393E+02  0.6758312E+01  0.1690788E+02  Si
  0.2920732E+02  0.2973463E+01  0.1398856E+02  Si
  0.2067293E+02  0.6555207E+01  0.1955356E+02  Si
  0.1775709E+02  0.9616495E+01  0.1963412E+02  Si
  0.4784123E-01  0.1047266E+02  0.1536173E+02  Si
  0.2769002E+01  0.1340300E+02  0.1569926E+02  Si
  0.2968293E+01  0.1067822E+02  0.1815022E+02  Si
  0.6489794E+02  0.1313161E+02  0.1823613E+02  Si
  0.1402840E+01  0.1167963E+02  0.1701317E+02  Si
  0.4003468E+01  0.1478554E+02  0.1697916E+02  Si
  0.4113206E+01  0.1227169E+02  0.1946845E+02  Si
  0.1241700E+01  0.1472441E+02  0.1951994E+02  Si
  0.5569861E+01  0.1110547E+02  0.1558850E+02  Si
  0.8364663E+01  0.1347405E+02  0.1534546E+02  Si
  0.8383822E+01  0.1073191E+02  0.1809036E+02  Si
  0.5485118E+01  0.1350110E+02  0.1807227E+02  Si
  0.7158245E+01  0.1222284E+02  0.1685934E+02  Si
  0.9823441E+01  0.1476720E+02  0.1673919E+02  Si
  0.9563862E+01  0.1215596E+02  0.1957301E+02  Si
  0.6665261E+01  0.1506306E+02  0.1945194E+02  Si
  0.1075595E+02  0.1078101E+02  0.1546801E+02  Si
  0.1375283E+02  0.1370830E+02  0.1518989E+02  Si
  0.1385808E+02  0.1066688E+02  0.1816471E+02  Si
  0.1120517E+02  0.1329817E+02  0.1800192E+02  Si
  0.1239429E+02  0.1200870E+02  0.1659435E+02  Si
  0.1493095E+02  0.1523536E+02  0.1634465E+02  Si
  0.1519261E+02  0.1212284E+02  0.1941000E+02  Si
  0.1211115E+02  0.1492685E+02  0.1950762E+02  Si
  0.1622800E+02  0.1073643E+02  0.1514257E+02  Si
  0.1877137E+02  0.1342659E+02  0.1520775E+02  Si
  0.1881788E+02  0.1056201E+02  0.1758671E+02  Si
  0.1617647E+02  0.1377334E+02  0.1778023E+02  Si
  0.1734214E+02  0.1215556E+02  0.1658943E+02  Si
  0.2028225E+02  0.1748429E+02  0.1370289E+02  Si
  0.2803952E+02  0.7209950E+00  0.2170756E+02  Si
  0.1749040E+02  0.1462467E+02  0.1961665E+02  Si
  0.6496510E+02  0.1599535E+02  0.1533612E+02  Si
  0.2880487E+01  0.1850627E+02  0.1553117E+02  Si
  0.2717490E+01  0.1614248E+02  0.1843192E+02  Si
  0.2253587E+00  0.1865370E+02  0.1835238E+02  Si
  0.1395404E+01  0.1728095E+02  0.1675698E+02  Si
  0.4115284E+01  0.2006193E+02  0.1700380E+02  Si
  0.3964616E+01  0.1771883E+02  0.1973483E+02  Si
  0.1058546E+01  0.2015652E+02  0.1992290E+02  Si
  0.5347842E+01  0.1596595E+02  0.1537091E+02  Si
  0.8261440E+01  0.1882192E+02  0.1552969E+02  Si
  0.8381466E+01  0.1616640E+02  0.1810745E+02  Si
  0.5416042E+01  0.1865176E+02  0.1825404E+02  Si
  0.6899415E+01  0.1736596E+02  0.1680279E+02  Si
  0.9649253E+01  0.2031530E+02  0.1681525E+02  Si
  0.9646736E+01  0.1747521E+02  0.1947167E+02  Si
  0.6730620E+01  0.1996844E+02  0.1944417E+02  Si
  0.1106672E+02  0.1623776E+02  0.1514638E+02  Si
  0.1375529E+02  0.1896803E+02  0.1531237E+02  Si
  0.1347649E+02  0.1615339E+02  0.1797225E+02  Si
  0.1081848E+02  0.1902219E+02  0.1814958E+02  Si
  0.1222117E+02  0.1774052E+02  0.1661513E+02  Si
  0.1496560E+02  0.2051837E+02  0.1665547E+02  Si
  0.1503114E+02  0.1744336E+02  0.1944303E+02  Si
  0.1241375E+02  0.2024587E+02  0.1944373E+02  Si
  0.1653714E+02  0.1626628E+02  0.1502457E+02  Si
  0.1901160E+02  0.1911927E+02  0.1525395E+02  Si
  0.1875167E+02  0.1620572E+02  0.1793817E+02  Si
  0.1630533E+02  0.1903240E+02  0.1810103E+02  Si
  0.1752565E+02  0.1769931E+02  0.1649224E+02  Si
  0.2325824E+02  0.1015910E+01  0.1640509E+02  Si
  0.2153368E+02  0.1571542E+02  0.2100717E+02  Si
  0.1762827E+02  0.2039007E+02  0.1933708E+02  Si
  0.2506409E+02  0.1899724E+02  0.1684020E+02  Si
  0.2567813E+02  0.9397770E+01  0.6880191E+01  Si
  0.2886969E+02  0.6775359E+01  0.1833719E+02  Si
  0.2217164E+02  0.2620408E+01  0.1294290E+02  Si
  0.3226917E+02  0.2015671E+02  0.1219412E+02  Si
  0.2466855E+02  0.1162772E+02  0.5930428E+01  Si
  0.3129299E+02  0.1628124E+02  0.1114178E+02  Si
  0.1909508E+02  0.2038783E-01  0.1254599E+02  Si
  0.2731419E+02  0.1745320E+02  0.1019175E+02  Si
  0.3789584E+02  0.1357492E+02  0.1319057E+02  Si
  0.2973425E+02  0.1505435E+02  0.8465422E+01  Si
  0.4335803E+02  0.2523293E+01  0.1880659E+02  Si
  0.2897834E+02  0.1839005E+02  0.1361145E+02  Si
  0.3587895E+02  0.4336731E+01  0.6038778E+01  Si
  0.3644428E+02  0.1677377E+02  0.1644853E+02  Si
  0.3965563E+02  0.2013826E+02  0.4263518E+01  Si
  0.2021271E+02  0.1438120E+02  0.8099147E+00  Si
  0.2617540E+02  0.1503771E+02  0.1643300E+02  Si
  0.2475908E+02  0.3015020E+01  0.1036338E+02  Si
  0.3945222E+02  0.6390955E+01  0.1194684E+02  Si
  0.3435849E+02  0.1855509E+02  0.1230306E+02  Si
  0.3581413E+02  0.1945001E+02  0.1517423E+02  Si
  0.4074391E+02  0.5384688E+01  0.1890415E+02  Si
  0.3390767E+02  0.1365244E+02  0.1321761E+02  Si
  0.3093527E+02  0.1510158E+02  0.1812593E+01  Si
  0.4156881E+02  0.1180752E+02  0.3715941E+01  Si
  0.3382893E+02  0.1007216E+02  0.2682058E+01  Si
  0.3529295E+02  0.2132601E+02  0.1128623E+01  Si
  0.4076475E+02  0.7874217E+01  0.5022980E+01  Si
  0.2262084E+02  0.1772162E+02  0.9786168E+01  Si
  0.2634651E+02  0.1030700E+02  0.2000488E+02  Si
  0.4211350E+02  0.6329101E+01  0.3958668E+01  Si
  0.2484940E+02  0.2132490E+02  0.1186038E+02  Si
  0.2618157E+02  0.1271496E+02  0.2931354E+01  Si
  0.3077734E+02  0.1317261E+02  0.4064600E+00  Si
  0.2796637E+02  0.1172444E+02  0.2100429E+02  Si
  0.2755041E+02  0.1895361E+01  0.1152346E+02  Si
  0.2293157E+02  0.1691190E+02  0.1220609E+02  Si
  0.2703493E+02  0.1787943E+02  0.1480012E+02  Si
  0.3187217E+02  0.2125207E+02  0.2690774E+01  Si
  0.2295323E+02  0.1775915E+02  0.1671880E+02  Si
  0.2863573E+02  0.1472514E+02  0.2899055E+01  Si
  0.3184144E+02  0.1833680E+02  0.3985618E+01  Si
  0.2922709E+02  0.1671964E+02  0.1216738E+01  Si
  0.3230120E+02  0.1577341E+02  0.5916613E+01  Si
  0.3660820E+02  0.1163793E+02  0.1472334E+02  Si
  0.3832608E+02  0.1410872E+02  0.2030192E+02  Si
  0.2057742E+02  0.1740668E+02  0.8448189E+01  Si
  0.4064154E+02  0.1774427E+01  0.1677595E+02  Si
  0.3519039E+02  0.1806536E+02  0.6143009E+01  Si
  0.3367772E+02  0.1574147E+02  0.1093732E+02  Si
  0.4079070E+02  0.2607885E+01  0.2148811E+02  Si
  0.2733539E+02  0.1899762E+02  0.6867521E+01  Si
  0.2883058E+02  0.6269733E+01  0.1379624E+02  Si
  0.3601848E+02  0.8447826E+01  0.5108330E+01  Si
  0.2944144E+02  0.9556457E+01  0.1095665E+02  Si
  0.3267866E+02  0.2812695E+01  0.2134031E+02  Si
  0.3694258E+02  0.1986343E+02  0.7097478E+00  Si
  0.3269522E+02  0.1824023E+02  0.1149856E+01  Si
  0.4219851E+02  0.3754790E+01  0.1266782E+01  Si
  0.2302388E+02  0.1460725E+02  0.3573895E+01  Si
  0.2729866E+02  0.1802645E+02  0.2029461E+01  Si
  0.4067531E+02  0.7409433E+01  0.1024327E+02  Si
  0.2726859E+02  0.8118997E+01  0.4168686E+01  Si
  0.2489075E+02  0.8309518E+01  0.5077844E+01  Si
  0.2317771E+02  0.2084147E+01  0.2137331E+02  Si
  0.3167214E+02  0.2016340E+02  0.1673623E+02  Si
  0.2818383E+02  0.1146122E+02  0.9497667E+01  Si
  0.2285496E+02  0.1218465E+02  0.1693056E+02  Si
  0.2381668E+02  0.1511179E+02  0.8459782E+01  Si
  0.3042617E+02  0.2401615E+01  0.9263189E+01  Si
  0.2170782E+02  0.1872794E+02  0.1385662E+01  Si
  0.2146017E+02  0.7595506E+01  0.6832229E+01  Si
  0.3292673E+02  0.1065117E+02  0.1601910E+02  Si
  0.2270459E+02  0.1423256E+02  0.1958568E+02  Si
  0.2331461E+02  0.8922646E+01  0.9399448E+01  Si
  0.4090274E+02  0.1349614E+02  0.1591406E+02  Si
  0.2145520E+02  0.1882419E+02  0.1823528E+02  Si
  0.3606034E+02  0.9799252E+01  0.1007766E+01  Si
  0.3009503E+02  0.1071116E+01  0.2036044E+02  Si
  0.2038315E+02  0.1223610E+02  0.8558885E+01  Si
  0.2844849E+02  0.1015289E+02  0.7584572E+01  Si
  0.3320435E+02  0.8946820E+01  0.1792555E+02  Si
  0.3090788E+02  0.6517047E+01  0.1909509E+02  Si
  0.2175345E+02  0.2657797E+01  0.1575236E+01  Si
  0.2522075E+02  0.1582192E+02  0.7775618E+00  Si
  0.3375326E+02  0.1206330E+02  0.1137298E+02  Si
  0.2825058E+02  0.7173447E+01  0.5794624E+01  Si
  0.3299568E+02  0.2910277E+01  0.1570000E+02  Si
  0.3503107E+02  0.4645181E+01  0.1886809E+02  Si
  0.3768434E+02  0.8269473E+01  0.2165055E+01  Si
  0.3802604E+02  0.1027618E+02  0.1095860E+02  Si
  0.2882996E+02  0.1728514E+02  0.1939558E+02  Si
  0.4198701E+02  0.1758856E+02  0.2018578E+02  Si
  0.3397573E+02  0.1420924E+02  0.1705593E+01  Si
  0.3861908E+02  0.1489413E+02  0.5984008E+01  Si
  0.2633596E+02  0.8080942E+01  0.1174453E+02  Si
  0.3775019E+02  0.2043739E+02  0.1643226E+02  Si
  0.2560025E+02  0.9696816E+01  0.1020824E+02  Si
  0.3038623E+02  0.1365374E+02  0.4358326E+01  Si
  0.3300577E+02  0.1383845E+02  0.4001267E+01  Si
  0.3259797E+02  0.2347004E+01  0.4878677E+01  Si
  0.3694311E+02  0.5765650E+01  0.8756816E+01  Si
  0.3144343E+02  0.8408399E+01  0.1203021E+02  Si
  0.3262146E+02  0.1623865E+02  0.1947631E+02  Si
  0.3942306E+02  0.1932234E+02  0.1521147E+02  Si
  0.2327804E+02  0.2005468E+02  0.1948063E+02  Si
  0.2430449E+02  0.1930398E+02  0.4508128E+01  Si
  0.3322756E+02  0.8032400E+01  0.1812835E+01  Si
  0.3545062E+02  0.1273405E+02  0.1799192E+02  Si
  0.3469851E+02  0.7123335E+01  0.1867117E+02  Si
  0.3946475E+02  0.9151256E+01  0.1466293E+02  Si
  0.2945757E+02  0.8275977E+01  0.2567197E+01  Si
  0.4240167E+02  0.9556608E+00  0.4101936E+01  Si
  0.4101611E+02  0.1838342E+02  0.1651985E+02  Si
  0.2949391E+02  0.1173339E+02  0.1647226E+01  Si
  0.3386722E+02  0.1493333E+02  0.1805647E+02  Si
  0.4198677E+02  0.2025058E+02  0.1208159E+02  Si
  0.3533686E+02  0.2157934E+02  0.3527137E+01  Si
  0.2779013E+02  0.1326181E+02  0.1266403E+01  Si
  0.2794639E+02  0.1365187E+02  0.1961569E+02  Si
  0.4097792E+02  0.1079970E+02  0.1867374E+02  Si
  0.4055310E+02  0.1584366E+02  0.2046219E+01  Si
  0.3948264E+02  0.3826621E+01  0.3966291E+01  Si
  0.4075267E+02  0.1677943E+02  0.1815375E+02  Si
  0.2992493E+02  0.1493632E+02  0.1905140E+02  Si
  0.2318607E+02  0.6621728E+01  0.1694310E+02  Si
  0.3963963E+02  0.1396766E+01  0.1458766E+01  Si
  0.3630111E+02  0.1496751E+02  0.1731007E+01  Si
  0.3194904E+02  0.1154716E+02  0.2061687E+01  Si
  0.3128438E+02  0.9168365E+01  0.5168411E+01  Si
  0.3174890E+02  0.3552710E+01  0.1173346E+02  Si
  0.2837720E+02  0.2132048E+02  0.1482356E+02  Si
  0.2005057E+02  0.2012936E+02  0.5753307E+01  Si
  0.1853841E+02  0.1872423E+02  0.4323982E+01  Si
  0.4073365E+02  0.7557544E+01  0.1599624E+02  Si
  0.2670608E+02  0.2000766E+01  0.1715619E+02  Si
  0.2849370E+02  0.5451183E+01  0.9922039E+01  Si
  0.4156990E+02  0.1441556E+02  0.4469546E+00  Si
  0.2994157E+02  0.6403900E+01  0.8601244E+01  Si
  0.3585717E+02  0.1828663E+02  0.1843137E+02  Si
  0.4347764E+02  0.1325035E+02  0.1863628E+02  Si
  0.2396899E+02  0.1437695E+02  0.1751962E+02  Si
  0.3516058E+02  0.4126171E+01  0.1645668E+02  Si
  0.2566235E+02  0.9434442E+01  0.4624162E+00  Si
  0.3082612E+02  0.1855184E+02  0.1966451E+02  Si
  0.3397722E+02  0.9275692E+01  0.1432095E+02  Si
  0.3294786E+02  0.1268965E+02  0.1782796E+02  Si
  0.3257487E+02  0.1890785E+02  0.1409688E+02  Si
  0.2063122E+02  0.1302856E+01  0.1927591E+02  Si
  0.2313332E+02  0.4089455E+01  0.8875850E+01  Si
  0.3082562E+02  0.4675206E+01  0.1374202E+02  Si
  0.3383992E+02  0.1941026E+02  0.2118401E+02  Si
  0.4034392E+02  0.1052508E+02  0.8045885E+01  Si
  0.2708072E+02  0.1617598E+02  0.1302261E+02  Si
  0.3798138E+02  0.1893223E+02  0.2744381E+01  Si
  0.4214566E+02  0.6638401E+01  0.2028601E+02  Si
  0.4066495E+02  0.1339132E+02  0.1089314E+02  Si
  0.4048074E+02  0.4910488E+01  0.7596099E+01  Si
  0.3862153E+02  0.1806685E+02  0.8050443E+01  Si
  0.4118624E+02  0.2105402E+02  0.7872103E+01  Si
  0.2518773E+02  0.1516344E+01  0.9065093E+00  Si
  0.2389718E+02  0.1324036E+02  0.1512725E+02  Si
  0.1919641E+02  0.1349853E+02  0.4330208E+01  Si
  0.2328114E+02  0.1207441E+02  0.8913168E+00  Si
  0.3814701E+02  0.3300239E+00  0.9919286E+01  Si
  0.2010530E+02  0.1212185E+01  0.2982635E+01  Si
  0.3121057E+02  0.9040814E+01  0.9471477E+00  Si
  0.2027349E+02  0.1194878E+02  0.3137720E+01  Si
  0.2199814E+02  0.4972367E-01  0.2057492E+02  Si
  0.2678339E+02  0.7394877E+01  0.1407075E+02  Si
  0.2036153E+02  0.6431179E+01  0.8723383E+01  Si
  0.2983165E+02  0.1993180E+02  0.1779708E+02  Si
  0.2180807E+02  0.1087797E+02  0.1518784E+02  Si
  0.3157523E+02  0.6509722E+01  0.1673244E+02  Si
  0.2934666E+02  0.8029869E+00  0.1256856E+02  Si
  0.3672036E+02  0.7138417E+01  0.2028288E+02  Si
  0.3940058E+02  0.6607945E+01  0.6355444E+01  Si
  0.3468138E+02  0.7380057E+00  0.6764766E+01  Si
  0.4063883E+02  0.1888166E+02  0.1077591E+02  Si
  0.2383883E+02  0.1026715E+02  0.4181264E+01  Si
  0.2955463E+02  0.1451153E+01  0.1588707E+02  Si
  0.2038174E+02  0.9415674E+01  0.5719351E+01  Si
  0.3942234E+02  0.3535002E+01  0.9157090E+01  Si
  0.3226200E+02  0.1818541E+02  0.1779202E+02  Si
  0.3818281E+02  0.1893873E+02  0.1337673E+02  Si
  0.2959287E+02  0.1569764E+02  0.1692172E+02  Si
  0.3327629E+02  0.6775223E+01  0.2079406E+02  Si
  0.2167195E+02  0.1309811E+00  0.9791529E+01  Si
  0.2064775E+02  0.1525618E+02  0.5416547E+01  Si
  0.3619638E+02  0.1884479E+01  0.9819248E+01  Si
  0.2847791E+02  0.7407936E+01  0.1160772E+02  Si
  0.3266221E+02  0.3439233E+01  0.8802488E+01  Si
  0.2695299E+02  0.1228940E+02  0.5131982E+01  Si
  0.2964122E+02  0.1905682E+02  0.7651943E+01  Si
  0.3450596E+02  0.1134822E+02  0.6007217E+01  Si
  0.3367643E+02  0.1688052E+01  0.1225034E+02  Si
  0.3343824E+02  0.1898481E+02  0.8926308E+01  Si
  0.4201917E+02  0.9340392E+01  0.1241961E+01  Si
  0.2755769E+02  0.3956398E+01  0.1528790E+02  Si
  0.2061008E+02  0.1220246E+01  0.1404076E+02  Si
  0.3120240E+02  0.1248700E+02  0.1609126E+02  Si
  0.3133365E+02  0.2083113E+02  0.2004665E+02  Si
  0.2466730E+02  0.1334486E+02  0.9683460E+01  Si
  0.2181230E+02  0.1675707E+02  0.3992716E+01  Si
  0.3310032E+02  0.4725817E+01  0.1060660E+01  Si
  0.4180531E+02  0.2005343E+02  0.1361740E+01  Si
  0.4200158E+02  0.1736417E+02  0.9348096E+01  Si
  0.2470008E+02  0.1067861E+02  0.1239846E+02  Si
  0.2651114E+02  0.7842687E+01  0.1668781E+02  Si
  0.3873955E+02  0.1200342E+02  0.7004940E+01  Si
  0.3368415E+02  0.9921194E+01  0.2044023E+02  Si
  0.3822334E+02  0.1051955E+02  0.1593953E+02  Si
  0.3850313E+02  0.2812657E+01  0.1602975E+02  Si
  0.3820388E+02  0.5560952E+01  0.2170644E+02  Si
  0.2701594E+02  0.8644678E+01  0.8920242E+01  Si
  0.3607347E+02  0.1442124E+02  0.7540053E+01  Si
  0.4204104E+02  0.3702285E+01  0.1207690E+02  Si
  0.3645390E+02  0.2066847E+01  0.6214420E+01  Si
  0.4200183E+02  0.9257988E+01  0.6447746E+01  Si
  0.3486617E+02  0.1765268E+02  0.9889011E+01  Si
  0.4193128E+02  0.8984887E+01  0.1740213E+02  Si
  0.3841545E+02  0.8364946E+01  0.1254157E+02  Si
  0.2544678E+02  0.1344531E+02  0.1903803E+02  Si
  0.3936022E+02  0.1729233E+02  0.1200647E+02  Si
  0.2941270E+02  0.3465545E+01  0.2029219E+02  Si
  0.3611257E+02  0.1162372E+02  0.4237959E+01  Si
  0.2179758E+02  0.2123228E+02  0.1522487E+02  Si
  0.3581346E+02  0.1259307E+02  0.9953341E+01  Si
  0.2450997E+02  0.1122729E+02  0.1839283E+02  Si
  0.3441276E+02  0.5540668E+01  0.4586428E+01  Si
  0.2570109E+02  0.6678230E+01  0.8197944E+01  Si
  0.3298144E+02  0.1787939E+02  0.6995152E+01  Si
  0.2143626E+02  0.1546976E+02  0.9446465E+01  Si
  0.2185914E+02  0.8081265E+01  0.1830269E+02  Si
  0.3031938E+02  0.1110616E+02  0.3877761E+01  Si
  0.4198675E+02  0.6219385E+01  0.8779603E+01  Si
  0.3522653E+02  0.1364901E+02  0.5281845E+01  Si
  0.3186316E+02  0.5305478E+01  0.7578644E+01  Si
  0.2981383E+02  0.8260737E+01  0.7019852E+01  Si
  0.2709391E+02  0.3762586E+01  0.4254814E+01  Si
  0.3154565E+02  0.4722006E+01  0.2048900E+02  Si
  0.3915440E+02  0.8860149E+01  0.9108162E+01  Si
  0.3952654E+02  0.1473497E+02  0.1453022E+02  Si
  0.3150559E+02  0.7466823E+01  0.3538199E+01  Si
  0.2485587E+02  0.1092929E+02  0.2157764E+01  Si
  0.3743639E+02  0.1619506E+02  0.2164771E+02  Si
  0.3946719E+02  0.2052831E+02  0.2003588E+02  Si
  0.2370122E+02  0.4211722E+01  0.1420278E+02  Si
  0.2612985E+02  0.3349718E+00  0.3845615E+01  Si
  0.2331866E+02  0.1383050E+01  0.1115426E+02  Si
  0.3769114E+02  0.1065178E+02  0.2109128E+02  Si
  0.4017283E+02  0.1297827E+02  0.5245089E+01  Si
  0.3792081E+02  0.7884302E+01  0.1843768E+02  Si
  0.4187437E+02  0.8920421E+01  0.1193420E+02  Si
  0.4077098E+02  0.3082759E-01  0.1848842E+02  Si
  0.3243431E+02  0.6232674E+01  0.5508950E+01  Si
  0.3598149E+02  0.2128339E+02  0.1037690E+02  Si
  0.3593607E+02  0.1439786E+02  0.1427547E+02  Si
  0.2039030E+02  0.9384031E+01  0.1090148E+02  Si
  0.2033615E+02  0.1238863E+02  0.1756802E+02  Si
  0.3442453E+02  0.1652708E+02  0.2046864E+01  Si
  0.3494725E+02  0.4394984E+01  0.8311103E+01  Si
  0.3172113E+02  0.9162284E+00  0.1669129E+02  Si
  0.2176317E+02  0.1337640E+02  0.2080839E+01  Si
  0.3558019E+02  0.1039354E+02  0.1036545E+02  Si
  0.3956200E+02  0.6019092E+00  0.6675649E+01  Si
  0.2622174E+02  0.1449405E+01  0.7651463E+01  Si
  0.2705218E+02  0.2093322E+02  0.1300501E+02  Si
  0.2977832E+02  0.1802552E+02  0.9974280E+01  Si
  0.3947314E+02  0.2001811E+02  0.9146073E+01  Si
  0.2699875E+02  0.7991514E+01  0.1905473E+02  Si
  0.4241244E+02  0.1972136E+02  0.6393703E+01  Si
  0.3186964E+02  0.1362319E+02  0.1418808E+02  Si
  0.2702051E+02  0.1330543E+02  0.1045008E+02  Si
  0.3799417E+02  0.1534425E+02  0.1161458E+02  Si
  0.2844884E+02  0.2007382E+02  0.2837734E+01  Si
  0.3518645E+02  0.1068311E+02  0.1293352E+02  Si
  0.3830368E+02  0.5057539E+01  0.1072640E+02  Si
  0.4022684E+02  0.2117036E+02  0.1361920E+02  Si
  0.3877747E+02  0.1409046E+02  0.1793314E+02  Si
  0.3531473E+02  0.1472228E+02  0.1999898E+02  Si
  0.4076580E+02  0.2165654E+02  0.2832775E+01  Si
  0.2911134E+02  0.5631533E+00  0.1832444E+02  Si
  0.2527672E+02  0.1717739E+02  0.1184120E+02  Si
  0.2806182E+02  0.7494043E+00  0.2297181E+01  Si
  0.3631203E+02  0.1296878E+01  0.1861954E+02  Si
  0.3956091E+02  0.1197051E+02  0.1714884E+02  Si
  0.2434408E+02  0.2109782E+02  0.1782293E+02  Si
  0.2909501E+02  0.1433199E+02  0.6162579E+01  Si
  0.2838734E+02  0.4858698E+01  0.5917985E+01  Si
  0.3640115E+02  0.1709626E+02  0.7817654E+01  Si
  0.3413636E+02  0.3901261E+01  0.1086968E+02  Si
  0.2342600E+02  0.3934862E+01  0.1988431E+02  Si
  0.2701875E+02  0.3189137E+01  0.1154822E+01  Si
  0.3120585E+02  0.4249914E+01  0.1625605E+02  Si
  0.2941185E+02  0.1325013E+02  0.1371384E+02  Si
  0.3702197E+02  0.8847464E+00  0.1647547E+02  Si
  0.4082322E+02  0.2348411E+01  0.1061971E+02  Si
  0.3510309E+02  0.2568900E+01  0.2154089E+02  Si
  0.4211836E+02  0.2007186E+02  0.1763185E+02  Si
  0.4052426E+02  0.4823454E+01  0.1338297E+02  Si
  0.3138007E+02  0.9480244E+01  0.1404767E+02  Si
  0.4190262E+02  0.1198055E+02  0.9389686E+01  Si
  0.3936558E+02  0.6464426E+01  0.1759287E+02  Si
  0.2449927E+02  0.7956882E+01  0.1518469E+02  Si
  0.3396999E+02  0.6339192E+01  0.1620789E+02  Si
  0.2571878E+02  0.1173683E+02  0.1455803E+02  Si
  0.2152442E+02  0.2156125E+02  0.4647098E+01  Si
  0.1891360E+02  0.1349029E+02  0.9967499E+01  Si
  0.4214511E+02  0.1696091E+02  0.3309291E+01  Si
  0.4235433E+02  0.1737949E+02  0.1476791E+02  Si
  0.2623389E+02  0.1715983E+02  0.1768641E+02  Si
  0.3649230E+02  0.6625436E+01  0.3699002E+01  Si
  0.3786575E+02  0.2808642E+01  0.2424809E+01  Si
  0.3319220E+02  0.2165007E+02  0.4690612E+01  Si
  0.3527002E+02  0.1845080E+01  0.1532232E+02  Si
  0.4025888E+02  0.1041404E+02  0.2371686E+01  Si
  0.2862314E+02  0.1098730E+02  0.1273406E+02  Si
  0.4100503E+02  0.1631625E+02  0.1355811E+02  Si
  0.2280163E+02  0.2061074E+02  0.2862981E+01  Si
  0.2407922E+02  0.1726483E+02  0.7891997E+01  Si
  0.3042920E+02  0.1195477E+02  0.9905402E+01  Si
  0.2033305E+02  0.4158256E+01  0.4673587E+00  Si
  0.2854938E+02  0.4440742E+01  0.2503745E+01  Si
  0.3411176E+02  0.2356991E+01  0.1923269E+02  Si
  0.2624690E+02  0.1922352E+02  0.9010369E+01  Si
  0.2823541E+02  0.1415115E+02  0.1544109E+02  Si
  0.1903497E+02  0.5266202E+01  0.7337241E+01  Si
  0.3400676E+02  0.1990908E+02  0.1861500E+02  Si
  0.3418848E+02  0.1150959E+02  0.6537070E+00  Si
  0.3661345E+02  0.9136856E+01  0.1699013E+02  Si
  0.3544336E+02  0.7682377E+01  0.1530291E+02  Si
  0.2825465E+02  0.1520176E+02  0.1040403E+02  Si
  0.2419371E+02  0.7941889E+01  0.2098019E+02  Si
  0.2325318E+02  0.1225402E+02  0.1120254E+02  Si
  0.3573812E+02  0.6793981E+01  0.1056529E+02  Si
  0.2602114E+02  0.1685039E+02  0.6390097E+01  Si
  0.3107613E+02  0.1706712E+02  0.1354563E+02  Si
  0.2308832E+02  0.9545874E+01  0.1954218E+02  Si
  0.3578641E+02  0.1584892E+02  0.1237801E+02  Si
  0.3248136E+02  0.9229025E+01  0.9182937E+01  Si
  0.2740180E+02  0.1529155E+02  0.2138024E+02  Si
  0.2738256E+02  0.1303201E+02  0.7292943E+01  Si
  0.2986794E+02  0.1796338E+02  0.5282814E+01  Si
  0.3947047E+02  0.6921842E+01  0.1437208E+01  Si
  0.2638250E+02  0.4097046E+01  0.1153674E+02  Si
  0.4179428E+02  0.1419481E+02  0.6317703E+01  Si
  0.3394151E+02  0.6383226E+01  0.8742907E+01  Si
  0.3659879E+02  0.1739901E+02  0.1415719E+02  Si
  0.2994735E+02  0.2425778E+01  0.2651414E+01  Si
  0.2915175E+02  0.9746705E+01  0.1465670E+02  Si
  0.2310414E+02  0.7002763E+01  0.1098431E+02  Si
  0.3777060E+02  0.2080726E+02  0.5553909E+01  Si
  0.3651652E+02  0.1442359E+02  0.1664762E+02  Si
  0.3679109E+02  0.9779940E+00  0.2165835E+02  Si
  0.2298320E+02  0.1540495E+02  0.1405481E+02  Si
  0.3092139E+02  0.1042343E+02  0.7723327E+01  Si
  0.2822899E+02  0.1932542E+02  0.1155145E+02  Si
  0.3020337E+02  0.5601516E+01  0.4144547E+01  Si
  0.2906709E+02  0.1134797E+02  0.1656721E+02  Si
  0.2935259E+02  0.1187809E+02  0.1882003E+02  Si
  0.3331619E+02  0.1349902E+02  0.2128088E+02  Si
  0.2068853E+02  0.9238976E+01  0.1635204E+02  Si
  0.4116087E+02  0.1829974E+02  0.4979695E+01  Si
  0.3501907E+02  0.2071312E+02  0.8329638E+01  Si
  0.2866725E+02  0.1999379E+02  0.5021280E+01  Si
  0.2296600E+02  0.6489863E+01  0.7558932E+00  Si
  0.3069810E+02  0.1695462E+02  0.7221921E+01  Si
  0.3728020E+02  0.3329181E+01  0.1194898E+02  Si
  0.3329989E+02  0.9152649E+00  0.1444225E+02  Si
  0.3161142E+02  0.1575286E+02  0.1557441E+02  Si
  0.3199417E+02  0.1052808E+02  0.1088447E+02  Si
  0.3069045E+02  0.1935153E+02  0.2022041E+01  Si
  0.3620754E+02  0.1949639E+02  0.4266449E+01  Si
  0.3412636E+02  0.1423102E+02  0.9183200E+01  Si
  0.2466407E+02  0.2989850E+01  0.1615288E+02  Si
  0.3747281E+02  0.1314553E+02  0.2545014E+01  Si
  0.2443675E+02  0.1931579E+02  0.1042168E+02  Si
  0.4072993E+02  0.5225777E+01  0.2557188E+01  Si
  0.3506047E+02  0.5701985E+01  0.1824000E+01  Si
  0.3234145E+02  0.1388089E+02  0.7432789E+01  Si
  0.3576674E+02  0.4858535E+01  0.1248156E+02  Si
  0.4232952E+02  0.8803835E+00  0.9136414E+01  Si
  0.2039641E+02  0.1234493E+02  0.1381564E+02  Si
  0.3241563E+02  0.1720314E+01  0.7125182E+01  Si
  0.2288942E+02  0.1789353E+02  0.5892934E+01  Si
  0.3148628E+02  0.1301909E+02  0.1977312E+02  Si
  0.3245774E+02  0.1612442E+02  0.3483824E+01  Si
  0.3154883E+02  0.1965861E+02  0.9895397E+01  Si
  0.2159976E+02  0.1909016E+02  0.7092282E+01  Si
  0.2371842E+02  0.7877195E+01  0.7368149E+01  Si
  0.4203174E+02  0.3553259E+01  0.6497725E+01  Si
  0.2541750E+02  0.4227488E+01  0.2121986E+02  Si
  0.3767030E+02  0.7659766E+01  0.7529200E+01  Si
  0.3362049E+02  0.9252633E+01  0.5039803E+01  Si
  0.3912314E+02  0.1478397E+02  0.9543448E+01  Si
  0.2193758E+02  0.1079896E+02  0.9812438E+01  Si
  0.2338875E+02  0.1369321E+02  0.5753815E+01  Si
  0.2957974E+02  0.2997542E+01  0.1777380E+02  Si
  0.2454553E+02  0.1371112E+02  0.2122113E+02  Si
  0.3766903E+02  0.1317053E+02  0.8685207E+01  Si
  0.3600723E+02  0.2109352E+02  0.1984438E+02  Si
  0.3179947E+02  0.7211674E+01  0.9990191E+01  Si
  0.3925270E+02  0.1446964E+02  0.3491842E+01  Si
  0.2578355E+02  0.1956360E+02  0.6362218E+00  Si
  0.4076421E+02  0.2310104E+01  0.5284712E+01  Si
  0.2558713E+02  0.1011866E+02  0.1645646E+02  Si
  0.2688416E+02  0.1218662E+02  0.1668368E+02  Si
  0.3203299E+02  0.1680338E+01  0.1666672E+01  Si
  0.3599311E+02  0.1815110E+02  0.2087897E+02  Si
  0.2995684E+02  0.3203722E+01  0.6959896E+01  Si
  0.3037448E+02  0.2014243E+02  0.1451619E+02  Si
  0.4175429E+02  0.1116900E+01  0.1482251E+02  Si
  0.4094086E+02  0.1558836E+02  0.8108514E+01  Si
  0.2632951E+02  0.3932085E+00  0.9923338E+01  Si
  0.2754825E+02  0.1736521E+01  0.5588961E+01  Si
  0.3950784E+02  0.3983960E+01  0.2032921E+02  Si
  0.2171695E+02  0.1003836E+02  0.3839242E+01  Si
  0.2170990E+02  0.6040453E+01  0.5121899E+01  Si
  0.2586626E+02  0.2060465E+02  0.5529925E+01  Si
  0.2176868E+02  0.5431876E+01  0.1004748E+02  Si
  0.3777730E+02  0.1987509E+02  0.1844802E+02  Si
  0.2478336E+02  0.2150522E+02  0.2177700E+01  Si
  0.3684731E+02  0.1953004E+02  0.7366974E+01  Si
  0.2556837E+02  0.1454907E+02  0.6891578E+01  Si
  0.2525535E+02  0.1507430E+02  0.2741646E+01  Si
  0.2187808E+02  0.5347508E+01  0.1535761E+02  Si
  0.2646582E+02  0.2139511E+02  0.1627969E+02  Si
  0.4246707E+02  0.1189757E+02  0.1459173E+02  Si
  0.3894344E+02  0.9381628E+01  0.4035634E+01  Si
  0.3772391E+02  0.4526864E+01  0.1749309E+02  Si
  0.3624040E+02  0.7116509E+01  0.1299728E+02  Si
  0.4183900E+02  0.6268504E+01  0.1460453E+02  Si
  0.3868307E+02  0.2133228E+02  0.4480626E+00  Si
  0.3522929E+02  0.7533306E+01  0.4791077E+00  Si
  0.3803672E+02  0.1959042E+01  0.7993489E+01  Si
  0.2582909E+02  0.2164637E+02  0.2111906E+02  Si
  0.2310423E+02  0.1101887E+01  0.5841263E+01  Si
  0.3600875E+02  0.1302668E+01  0.1230445E+02  Si
  0.3906265E+02  0.2932476E+01  0.1375612E+02  Si
  0.2932106E+02  0.3433017E+01  0.1079921E+02  Si
  0.3914668E+02  0.9381959E+01  0.1979765E+02  Si
  0.2715710E+02  0.4725602E+01  0.8074307E+01  Si
  0.3027585E+02  0.2122162E+02  0.6043656E+01  Si
  0.3144376E+02  0.1402970E+02  0.9766281E+01  Si
  0.3913683E+02  0.1749602E+02  0.1181426E+01  Si
  0.3502688E+02  0.1037014E+02  0.1839221E+02  Si
  0.3682031E+02  0.1518251E+02  0.4124783E+01  Si
  0.3428473E+02  0.1648466E+02  0.2130473E+02  Si
  0.3546680E+02  0.2155143E+02  0.1412970E+02  Si
  0.3613719E+02  0.2012451E+02  0.1238649E+02  Si
  0.2552803E+02  0.1156305E+02  0.8191726E+01  Si
  0.3637519E+02  0.1244295E+02  0.2007953E+02  Si
  0.2789042E+02  0.1623916E+02  0.5105949E+01  Si
  0.3299326E+02  0.2834342E+00  0.1870386E+02  Si
  0.3790815E+02  0.5472920E+01  0.5260443E+01  Si
  0.2179469E+02  0.2556022E+01  0.7325327E+01  Si
  0.2183432E+02  0.1904859E+02  0.1255607E+02  Si
  0.2408219E+02  0.3213047E+01  0.2262320E+01  Si
  0.2581543E+02  0.1739107E+02  0.3986110E+01  Si
  0.3739175E+02  0.1021597E+02  0.5775000E+01  Si
  0.2154458E+02  0.8186358E+01  0.1246040E+02  Si
  0.3871565E+02  0.1167076E+02  0.9178934E+00  Si
  0.4206427E+02  0.1195193E+02  0.2008973E+02  Si
  0.2639645E+02  0.1705305E+02  0.1999692E+02  Si
  0.3878461E+02  0.1593778E+02  0.1648498E+02  Si
  0.3183751E+02  0.8451164E+01  0.2025926E+02  Si
  0.2932116E+02  0.1523670E+02  0.1232150E+02  Si
  0.3654393E+02  0.3982556E+01  0.9779207E+00  Si
  0.2034993E+02  0.2036859E+02  0.1724520E+00  Si
  0.3693627E+02  0.1449654E+01  0.4055071E+01  Si
  0.3701293E+02  0.3553031E+01  0.1953932E+02  Si
  0.2436235E+02  0.1832678E+02  0.2082791E+02  Si
  0.3223896E+02  0.1978919E+02  0.5854089E+01  Si
  0.2047603E+02  0.1462337E+02  0.1127820E+02  Si
  0.3387425E+02  0.1842659E+02  0.1601423E+02  Si
  0.2677087E+02  0.5665664E+01  0.1042218E+01  Si
  0.2851747E+02  0.1788360E+02  0.1698288E+02  Si
  0.4024838E+02  0.1270431E+02  0.2120658E+02  Si
  0.3279994E+02  0.2152959E+02  0.4432598E+00  Si
  0.2431078E+02  0.2138567E+02  0.7083936E+01  Si
  0.2886622E+02  0.8372132E+01  0.1668780E+02  Si
  0.3974967E+02  0.1685759E+02  0.6359564E+01  Si
  0.2592521E+02  0.5078831E+01  0.1385039E+02  Si
  0.2030204E+02  0.1713125E+02  0.1946829E+02  Si
  0.2705751E+02  0.3797280E+01  0.1950049E+02  Si
  0.3925063E+02  0.1193719E+02  0.1231460E+02  Si
  0.3451867E+02  0.1008201E+02  0.8179675E+01  Si
  0.3922936E+02  0.9931772E+00  0.1194141E+02  Si
  0.2531096E+02  0.3555788E+01  0.8057732E+01  Si
  0.2149456E+02  0.1399691E+02  0.7284152E+01  Si
  0.3234111E+02  0.1162946E+02  0.6551615E+01  Si
  0.2836096E+02  0.1033246E+02  0.5221154E+01  Si
  0.2156764E+02  0.8142909E+01  0.1942847E+01  Si
  0.3405479E+02  0.1592418E+02  0.1599072E+02  Si
  0.4185647E+02  0.3832158E+01  0.1743767E+02  Si
  0.2584353E+02  0.1439159E+02  0.1427548E+02  Si
  0.2789648E+02  0.4813306E+01  0.1737924E+02  Si
  0.2725987E+02  0.1292892E+02  0.1286099E+02  Si
  0.4232786E+02  0.1489688E+02  0.1217231E+02  Si
  0.2027094E+02  0.2033666E+02  0.1688237E+02  Si
  0.3516188E+02  0.8011652E+01  0.7290889E+01  Si
  0.1925102E+02  0.1086508E+02  0.1229488E+02  Si
  0.2440595E+02  0.4859859E+01  0.1780896E+02  Si
  0.2571771E+02  0.1982354E+02  0.1470037E+02  Si
  0.2408343E+02  0.6002897E+01  0.4521623E+01  Si
  0.4070162E+02  0.8217964E+01  0.2140865E+02  Si
  0.4082464E+02  0.1058892E+02  0.1342715E+02  Si
  0.3113090E+02  0.1675939E+02  0.2138096E+02  Si
  0.3148745E+02  0.8537762E+00  0.1159543E+02  Si
  0.4031767E+02  0.1883216E+02  0.2137423E+02  Si
  0.4305742E+02  0.2127963E+02  0.2141634E+02  Si
  0.4610515E+02  0.2458096E+01  0.2170930E+02  Si
  0.4619350E+02  0.2142519E+02  0.2386869E+01  Si
  0.4362223E+02  0.2145232E+01  0.2416258E+01  Si
  0.4464891E+02  0.7187756E+00  0.9847087E+00  Si
  0.4758677E+02  0.3876590E+01  0.1291269E+01  Si
  0.4747681E+02  0.9844529E+00  0.3751023E+01  Si
  0.4480174E+02  0.3754365E+01  0.3897342E+01  Si
  0.4887666E+02  0.2148849E+02  0.5579518E-01  Si
  0.5147903E+02  0.2514632E+01  0.2116652E+02  Si
  0.5178123E+02  0.2161003E+02  0.2616410E+01  Si
  0.4888440E+02  0.2301041E+01  0.2404608E+01  Si
  0.5051934E+02  0.1276190E+01  0.9753367E+00  Si
  0.5252726E+02  0.3908489E+01  0.7830258E+00  Si
  0.5298420E+02  0.1199651E+01  0.3877438E+01  Si
  0.5000352E+02  0.3807054E+01  0.3640182E+01  Si
  0.5414816E+02  0.2165438E+02  0.2131332E+02  Si
  0.5681653E+02  0.2319286E+01  0.2117618E+02  Si
  0.5691505E+02  0.2116417E+02  0.2328702E+01  Si
  0.5383166E+02  0.2757846E+01  0.2208826E+01  Si
  0.5564638E+02  0.9735153E+00  0.1089400E+01  Si
  0.5842123E+02  0.3788644E+01  0.6209252E+00  Si
  0.5807600E+02  0.9913726E+00  0.3397450E+01  Si
  0.5529465E+02  0.3953924E+01  0.3377384E+01  Si
  0.5960293E+02  0.2166558E+02  0.2099555E+02  Si
  0.6242191E+02  0.2610820E+01  0.2101464E+02  Si
  0.6250351E+02  0.2147149E+02  0.2074888E+01  Si
  0.5959745E+02  0.2319551E+01  0.2136791E+01  Si
  0.6118066E+02  0.1070240E+01  0.8250185E+00  Si
  0.6381790E+02  0.4003686E+01  0.6431385E+00  Si
  0.6411767E+02  0.8765813E+00  0.3483562E+01  Si
  0.6135692E+02  0.3587338E+01  0.3423469E+01  Si
  0.4341411E+02  0.5235873E+01  0.2150892E+02  Si
  0.4631659E+02  0.7801770E+01  0.7553148E-01  Si
  0.4585300E+02  0.5231743E+01  0.2631099E+01  Si
  0.4295744E+02  0.7710898E+01  0.2391326E+01  Si
  0.4470412E+02  0.6505902E+01  0.1123082E+01  Si
  0.4720753E+02  0.9710020E+01  0.1134289E+01  Si
  0.4742385E+02  0.6577051E+01  0.3635002E+01  Si
  0.4443812E+02  0.8941278E+01  0.3608749E+01  Si
  0.4909443E+02  0.4972488E+01  0.2156454E+02  Si
  0.5154315E+02  0.7787199E+01  0.2113681E+02  Si
  0.5138015E+02  0.5173375E+01  0.2502279E+01  Si
  0.4875004E+02  0.8086397E+01  0.2183775E+01  Si
  0.5013228E+02  0.6661142E+01  0.9399589E+00  Si
  0.5236023E+02  0.9587128E+01  0.6431217E+00  Si
  0.5271304E+02  0.7043507E+01  0.3345879E+01  Si
  0.4998363E+02  0.9427680E+01  0.3859057E+01  Si
  0.5412419E+02  0.5109750E+01  0.2116415E+02  Si
  0.5691402E+02  0.7707522E+01  0.2117218E+02  Si
  0.5692214E+02  0.5219700E+01  0.1963743E+01  Si
  0.5399806E+02  0.8348300E+01  0.1722344E+01  Si
  0.5557140E+02  0.6500898E+01  0.8464910E+00  Si
  0.5834054E+02  0.9244704E+01  0.7773835E+00  Si
  0.5808821E+02  0.6561597E+01  0.3366267E+01  Si
  0.5557492E+02  0.9303936E+01  0.3280139E+01  Si
  0.5984294E+02  0.4881573E+01  0.2107012E+02  Si
  0.6244783E+02  0.7639220E+01  0.2070273E+02  Si
  0.6244638E+02  0.5305592E+01  0.2069210E+01  Si
  0.5976656E+02  0.7914775E+01  0.2038386E+01  Si
  0.6119506E+02  0.6544506E+01  0.5787851E+00  Si
  0.6346093E+02  0.9267514E+01  0.2983687E+00  Si
  0.6380322E+02  0.6895764E+01  0.3494346E+01  Si
  0.6100787E+02  0.9256519E+01  0.3692907E+01  Si
  0.4342178E+02  0.1072812E+02  0.2149950E+02  Si
  0.4603980E+02  0.1327256E+02  0.2143656E+02  Si
  0.4576836E+02  0.1070492E+02  0.2760473E+01  Si
  0.4302772E+02  0.1325807E+02  0.2242300E+01  Si
  0.4463714E+02  0.1206337E+02  0.1087102E+01  Si
  0.4738386E+02  0.1462727E+02  0.1078222E+01  Si
  0.4728937E+02  0.1196064E+02  0.4205925E+01  Si
  0.4477756E+02  0.1465617E+02  0.3761121E+01  Si
  0.4881207E+02  0.1063473E+02  0.2138122E+02  Si
  0.5168555E+02  0.1352900E+02  0.2132552E+02  Si
  0.5143415E+02  0.1073582E+02  0.2485373E+01  Si
  0.4860311E+02  0.1312014E+02  0.2338517E+01  Si
  0.5000738E+02  0.1200473E+02  0.9420471E+00  Si
  0.5295862E+02  0.1498427E+02  0.1065510E+01  Si
  0.5292887E+02  0.1194266E+02  0.3753437E+01  Si
  0.5019426E+02  0.1462492E+02  0.3096760E+01  Si
  0.5409087E+02  0.1086172E+02  0.2131159E+02  Si
  0.5702828E+02  0.1347107E+02  0.2132912E+02  Si
  0.5703833E+02  0.1060818E+02  0.2092645E+01  Si
  0.5430317E+02  0.1338622E+02  0.2283564E+01  Si
  0.5562486E+02  0.1207407E+02  0.8278696E+00  Si
  0.5845338E+02  0.1463341E+02  0.9716515E+00  Si
  0.5841999E+02  0.1195271E+02  0.3572465E+01  Si
  0.5557215E+02  0.1459222E+02  0.3772245E+01  Si
  0.5953567E+02  0.1045565E+02  0.2131848E+02  Si
  0.6224044E+02  0.1321558E+02  0.2110973E+02  Si
  0.6247603E+02  0.1036447E+02  0.2098967E+01  Si
  0.5978427E+02  0.1321204E+02  0.2035626E+01  Si
  0.6108793E+02  0.1169928E+02  0.8951196E+00  Si
  0.6369755E+02  0.1474302E+02  0.6944730E+00  Si
  0.6391681E+02  0.1176079E+02  0.3352887E+01  Si
  0.6111476E+02  0.1453590E+02  0.3374792E+01  Si
  0.4338534E+02  0.1610362E+02  0.2141631E+02  Si
  0.4644806E+02  0.1890833E+02  0.2153583E+02  Si
  0.4595134E+02  0.1608460E+02  0.2251796E+01  Si
  0.4355668E+02  0.1882697E+02  0.2369145E+01  Si
  0.4478066E+02  0.1763437E+02  0.9118366E+00  Si
  0.4764224E+02  0.2011132E+02  0.1343151E+01  Si
  0.4742773E+02  0.1724275E+02  0.3739017E+01  Si
  0.4492602E+02  0.2034019E+02  0.3891345E+01  Si
  0.4891059E+02  0.1603916E+02  0.2153369E+02  Si
  0.5184239E+02  0.1901303E+02  0.2152833E+02  Si
  0.5187627E+02  0.1602424E+02  0.2251903E+01  Si
  0.4903041E+02  0.1869257E+02  0.2551144E+01  Si
  0.5055926E+02  0.1740144E+02  0.1109631E+01  Si
  0.5319327E+02  0.2026586E+02  0.1273544E+01  Si
  0.5293323E+02  0.1733354E+02  0.3696278E+01  Si
  0.5033482E+02  0.2025252E+02  0.3869682E+01  Si
  0.5438907E+02  0.1627205E+02  0.2150553E+02  Si
  0.5693267E+02  0.1885909E+02  0.2108542E+02  Si
  0.5686972E+02  0.1599238E+02  0.2323408E+01  Si
  0.5415919E+02  0.1870737E+02  0.2343773E+01  Si
  0.5564228E+02  0.1762053E+02  0.1117367E+01  Si
  0.5826715E+02  0.2020983E+02  0.6945694E+00  Si
  0.5834946E+02  0.1759770E+02  0.3523004E+01  Si
  0.5561832E+02  0.1999061E+02  0.3823907E+01  Si
  0.5947952E+02  0.1587732E+02  0.2086975E+02  Si
  0.6233303E+02  0.1880254E+02  0.2099771E+02  Si
  0.6212431E+02  0.1620092E+02  0.2051614E+01  Si
  0.5973146E+02  0.1878171E+02  0.1871181E+01  Si
  0.6087757E+02  0.1744457E+02  0.5163509E+00  Si
  0.6362360E+02  0.2016652E+02  0.7114513E+00  Si
  0.6372405E+02  0.1737799E+02  0.3402519E+01  Si
  0.6098864E+02  0.1995278E+02  0.3208460E+01  Si
  0.4365372E+02  0.2129138E+02  0.5292662E+01  Si
  0.4626035E+02  0.2205442E+01  0.5103758E+01  Si
  0.4604405E+02  0.2127335E+02  0.8121819E+01  Si
  0.4358848E+02  0.2505935E+01  0.8002369E+01  Si
  0.4485466E+02  0.1113216E+01  0.6579956E+01  Si
  0.4743749E+02  0.3814600E+01  0.6522347E+01  Si
  0.4737299E+02  0.1203042E+01  0.9178195E+01  Si
  0.4474918E+02  0.3940608E+01  0.9316103E+01  Si
  0.4878462E+02  0.2134377E+02  0.5294561E+01  Si
  0.5145280E+02  0.2491508E+01  0.5181394E+01  Si
  0.5158878E+02  0.2161746E+02  0.7891208E+01  Si
  0.4882397E+02  0.2489597E+01  0.7723982E+01  Si
  0.5021462E+02  0.1079604E+01  0.6468691E+01  Si
  0.5303014E+02  0.3941195E+01  0.6336453E+01  Si
  0.5349948E+02  0.1061431E+01  0.8854146E+01  Si
  0.5045911E+02  0.3761355E+01  0.8879249E+01  Si
  0.5458692E+02  0.2153652E+02  0.5036333E+01  Si
  0.5661991E+02  0.2445566E+01  0.4833932E+01  Si
  0.5727339E+02  0.2142414E+02  0.7855643E+01  Si
  0.5445294E+02  0.2751711E+01  0.7581203E+01  Si
  0.5564699E+02  0.1059031E+01  0.6587689E+01  Si
  0.5838087E+02  0.3849012E+01  0.5793052E+01  Si
  0.5865197E+02  0.1159298E+01  0.9078279E+01  Si
  0.5563463E+02  0.3906575E+01  0.8800893E+01  Si
  0.5988852E+02  0.2156222E+02  0.4721380E+01  Si
  0.6270796E+02  0.2552154E+01  0.4831356E+01  Si
  0.6253477E+02  0.2162589E+02  0.7505957E+01  Si
  0.5981373E+02  0.2475306E+01  0.7550586E+01  Si
  0.6112956E+02  0.1220655E+01  0.6052944E+01  Si
  0.6411147E+02  0.3978670E+01  0.6054442E+01  Si
  0.6377817E+02  0.1136051E+01  0.8850105E+01  Si
  0.6094432E+02  0.3939303E+01  0.9037473E+01  Si
  0.4363166E+02  0.4941709E+01  0.5292191E+01  Si
  0.4614098E+02  0.8131660E+01  0.5096273E+01  Si
  0.4605957E+02  0.5117846E+01  0.7704392E+01  Si
  0.4334719E+02  0.7737887E+01  0.7744292E+01  Si
  0.4496130E+02  0.6648418E+01  0.6468731E+01  Si
  0.4748677E+02  0.9282042E+01  0.6540456E+01  Si
  0.4721603E+02  0.6646257E+01  0.9201049E+01  Si
  0.4449298E+02  0.9143609E+01  0.9147889E+01  Si
  0.4871669E+02  0.5216782E+01  0.5018179E+01  Si
  0.5143451E+02  0.8325519E+01  0.4849115E+01  Si
  0.5157564E+02  0.5180527E+01  0.7622231E+01  Si
  0.4903216E+02  0.7739035E+01  0.7770576E+01  Si
  0.5028700E+02  0.6560163E+01  0.6097191E+01  Si
  0.5277487E+02  0.9244540E+01  0.6633413E+01  Si
  0.5288016E+02  0.6413874E+01  0.9163195E+01  Si
  0.5019613E+02  0.9534264E+01  0.9182520E+01  Si
  0.5400242E+02  0.5671089E+01  0.4678975E+01  Si
  0.5684385E+02  0.7860504E+01  0.4911469E+01  Si
  0.5694862E+02  0.5063440E+01  0.7423121E+01  Si
  0.5415995E+02  0.7871550E+01  0.7774748E+01  Si
  0.5553218E+02  0.6531341E+01  0.6223340E+01  Si
  0.5814841E+02  0.9280976E+01  0.6464329E+01  Si
  0.5822515E+02  0.6492115E+01  0.9037870E+01  Si
  0.5555948E+02  0.9232617E+01  0.9157323E+01  Si
  0.5981909E+02  0.5266992E+01  0.4434213E+01  Si
  0.6233526E+02  0.7953197E+01  0.5014985E+01  Si
  0.6232423E+02  0.5341975E+01  0.7451274E+01  Si
  0.5967091E+02  0.7695629E+01  0.7603355E+01  Si
  0.6104434E+02  0.6416198E+01  0.6141475E+01  Si
  0.6376790E+02  0.9299191E+01  0.6213726E+01  Si
  0.6377012E+02  0.6649670E+01  0.8864121E+01  Si
  0.6113680E+02  0.9281708E+01  0.8734609E+01  Si
  0.4290919E+02  0.1070118E+02  0.4985990E+01  Si
  0.4613383E+02  0.1348037E+02  0.5387620E+01  Si
  0.4595986E+02  0.1074706E+02  0.7707562E+01  Si
  0.4321122E+02  0.1322230E+02  0.7940907E+01  Si
  0.4450148E+02  0.1199198E+02  0.6481218E+01  Si
  0.4740106E+02  0.1472192E+02  0.6507198E+01  Si
  0.4706754E+02  0.1207644E+02  0.9153633E+01  Si
  0.4466578E+02  0.1483686E+02  0.9320496E+01  Si
  0.4872652E+02  0.1068035E+02  0.5327743E+01  Si
  0.5121265E+02  0.1320644E+02  0.4724823E+01  Si
  0.5148310E+02  0.1080071E+02  0.7682333E+01  Si
  0.4831158E+02  0.1340635E+02  0.7780456E+01  Si
  0.4999172E+02  0.1214113E+02  0.6564550E+01  Si
  0.5246155E+02  0.1467311E+02  0.6267452E+01  Si
  0.5273623E+02  0.1198147E+02  0.9236613E+01  Si
  0.4979309E+02  0.1461283E+02  0.8792067E+01  Si
  0.5409187E+02  0.1047829E+02  0.4879285E+01  Si
  0.5703229E+02  0.1329426E+02  0.4918246E+01  Si
  0.5665626E+02  0.1044440E+02  0.7725910E+01  Si
  0.5384183E+02  0.1327127E+02  0.7532028E+01  Si
  0.5544798E+02  0.1197923E+02  0.6284127E+01  Si
  0.5823886E+02  0.1510073E+02  0.5774721E+01  Si
  0.5824987E+02  0.1190017E+02  0.8855447E+01  Si
  0.5547522E+02  0.1479091E+02  0.8762556E+01  Si
  0.5941007E+02  0.1037260E+02  0.4825145E+01  Si
  0.6248962E+02  0.1315446E+02  0.4597171E+01  Si
  0.6233862E+02  0.1066165E+02  0.7517678E+01  Si
  0.5948264E+02  0.1322053E+02  0.7302044E+01  Si
  0.6102304E+02  0.1190781E+02  0.5846442E+01  Si
  0.6386701E+02  0.1459974E+02  0.5892490E+01  Si
  0.6383937E+02  0.1176890E+02  0.8757531E+01  Si
  0.6118671E+02  0.1452582E+02  0.8617348E+01  Si
  0.4321240E+02  0.1565572E+02  0.4958204E+01  Si
  0.4612359E+02  0.1876925E+02  0.5127434E+01  Si
  0.4595404E+02  0.1594607E+02  0.7702571E+01  Si
  0.4352365E+02  0.1836204E+02  0.7987768E+01  Si
  0.4476565E+02  0.1724089E+02  0.6391013E+01  Si
  0.4736330E+02  0.1993332E+02  0.6379878E+01  Si
  0.4741867E+02  0.1742846E+02  0.8822784E+01  Si
  0.4478593E+02  0.1968813E+02  0.9375909E+01  Si
  0.4880588E+02  0.1567599E+02  0.4978263E+01  Si
  0.5173187E+02  0.1863067E+02  0.5052000E+01  Si
  0.5125759E+02  0.1614124E+02  0.7812093E+01  Si
  0.4875645E+02  0.1864882E+02  0.7464078E+01  Si
  0.5010510E+02  0.1737606E+02  0.6301495E+01  Si
  0.5288991E+02  0.2038192E+02  0.6286894E+01  Si
  0.5277159E+02  0.1753421E+02  0.8830389E+01  Si
  0.4980468E+02  0.2011240E+02  0.8838439E+01  Si
  0.5406878E+02  0.1586225E+02  0.5057142E+01  Si
  0.5713282E+02  0.1892271E+02  0.4929983E+01  Si
  0.5694337E+02  0.1603768E+02  0.7399480E+01  Si
  0.5425851E+02  0.1884657E+02  0.7623839E+01  Si
  0.5573309E+02  0.1744870E+02  0.6354837E+01  Si
  0.5850142E+02  0.2026736E+02  0.6099743E+01  Si
  0.5858173E+02  0.1720045E+02  0.8884899E+01  Si
  0.5585681E+02  0.2011483E+02  0.9197203E+01  Si
  0.5977315E+02  0.1618844E+02  0.4473728E+01  Si
  0.6234491E+02  0.1885841E+02  0.4759350E+01  Si
  0.6257093E+02  0.1612819E+02  0.7462812E+01  Si
  0.5977248E+02  0.1877272E+02  0.7608232E+01  Si
  0.6105893E+02  0.1732366E+02  0.5987415E+01  Si
  0.6384162E+02  0.2031897E+02  0.6006057E+01  Si
  0.6405862E+02  0.1751808E+02  0.8896270E+01  Si
  0.6123227E+02  0.2022036E+02  0.8625491E+01  Si
  0.4363690E+02  0.2133726E+02  0.1057327E+02  Si
  0.4632126E+02  0.2699974E+01  0.1052335E+02  Si
  0.4613317E+02  0.2150980E+02  0.1317095E+02  Si
  0.4326973E+02  0.2325303E+01  0.1353479E+02  Si
  0.4485960E+02  0.1292728E+01  0.1202805E+02  Si
  0.4751548E+02  0.3939264E+01  0.1219626E+02  Si
  0.4768667E+02  0.1035163E+01  0.1468113E+02  Si
  0.4457177E+02  0.3738045E+01  0.1487092E+02  Si
  0.4871775E+02  0.2166170E+02  0.1035609E+02  Si
  0.5193728E+02  0.2323687E+01  0.1031565E+02  Si
  0.5157136E+02  0.2143805E+02  0.1337307E+02  Si
  0.4885201E+02  0.2479314E+01  0.1312098E+02  Si
  0.5038872E+02  0.1100132E+01  0.1166615E+02  Si
  0.5297816E+02  0.3896057E+01  0.1159784E+02  Si
  0.5288239E+02  0.8940491E+00  0.1471212E+02  Si
  0.5018247E+02  0.4001867E+01  0.1435787E+02  Si
  0.5440907E+02  0.2141064E+02  0.1045866E+02  Si
  0.5715842E+02  0.2509792E+01  0.1024284E+02  Si
  0.5714080E+02  0.2154569E+02  0.1269018E+02  Si
  0.5406418E+02  0.2449229E+01  0.1312248E+02  Si
  0.5566616E+02  0.1512419E+01  0.1156801E+02  Si
  0.5831220E+02  0.3965184E+01  0.1166939E+02  Si
  0.5840186E+02  0.1164500E+01  0.1424741E+02  Si
  0.5557594E+02  0.3861154E+01  0.1452508E+02  Si
  0.5966325E+02  0.2120724E+02  0.1026705E+02  Si
  0.6226706E+02  0.2468436E+01  0.1023975E+02  Si
  0.6232930E+02  0.2163279E+02  0.1296395E+02  Si
  0.5967628E+02  0.2413809E+01  0.1291512E+02  Si
  0.6110714E+02  0.1026270E+01  0.1145285E+02  Si
  0.6398287E+02  0.3820672E+01  0.1153125E+02  Si
  0.6375011E+02  0.1032912E+01  0.1441640E+02  Si
  0.6102970E+02  0.3900943E+01  0.1405146E+02  Si
  0.4324576E+02  0.5112593E+01  0.1050440E+02  Si
  0.4580980E+02  0.7848798E+01  0.1056456E+02  Si
  0.4584704E+02  0.4995392E+01  0.1346807E+02  Si
  0.4308687E+02  0.7718591E+01  0.1329817E+02  Si
  0.4443735E+02  0.6406299E+01  0.1200685E+02  Si
  0.4721422E+02  0.9516775E+01  0.1183210E+02  Si
  0.4734172E+02  0.6373561E+01  0.1447983E+02  Si
  0.4453168E+02  0.9291465E+01  0.1441496E+02  Si
  0.4894566E+02  0.5005976E+01  0.1049385E+02  Si
  0.5160657E+02  0.8075684E+01  0.1051017E+02  Si
  0.5150892E+02  0.5146470E+01  0.1300897E+02  Si
  0.4849883E+02  0.7953239E+01  0.1292194E+02  Si
  0.5013902E+02  0.6720194E+01  0.1168800E+02  Si
  0.5320903E+02  0.9258775E+01  0.1173470E+02  Si
  0.5307173E+02  0.6299800E+01  0.1451239E+02  Si
  0.5018974E+02  0.8973778E+01  0.1436060E+02  Si
  0.5447862E+02  0.5229869E+01  0.1049371E+02  Si
  0.5692934E+02  0.7988485E+01  0.1047034E+02  Si
  0.5700267E+02  0.5160511E+01  0.1316947E+02  Si
  0.5435541E+02  0.7956294E+01  0.1328346E+02  Si
  0.5589841E+02  0.6552904E+01  0.1182894E+02  Si
  0.5842115E+02  0.9285658E+01  0.1167731E+02  Si
  0.5837359E+02  0.6734020E+01  0.1445869E+02  Si
  0.5573112E+02  0.9558026E+01  0.1446992E+02  Si
  0.5960067E+02  0.5312746E+01  0.1036545E+02  Si
  0.6231314E+02  0.7857231E+01  0.1020496E+02  Si
  0.6242292E+02  0.5184246E+01  0.1269175E+02  Si
  0.5984899E+02  0.7939408E+01  0.1293506E+02  Si
  0.6102853E+02  0.6614702E+01  0.1159393E+02  Si
  0.6372257E+02  0.9251423E+01  0.1154926E+02  Si
  0.6363921E+02  0.6253204E+01  0.1425859E+02  Si
  0.6115591E+02  0.9299549E+01  0.1440375E+02  Si
  0.4315711E+02  0.1032412E+02  0.1072029E+02  Si
  0.4574449E+02  0.1341983E+02  0.1090390E+02  Si
  0.4627798E+02  0.1078718E+02  0.1354349E+02  Si
  0.4361274E+02  0.1346021E+02  0.1368928E+02  Si
  0.4444370E+02  0.1177978E+02  0.1208150E+02  Si
  0.4740268E+02  0.1480740E+02  0.1201571E+02  Si
  0.4753591E+02  0.1192280E+02  0.1483258E+02  Si
  0.4494835E+02  0.1486527E+02  0.1498328E+02  Si
  0.4868721E+02  0.1090778E+02  0.1051304E+02  Si
  0.5140408E+02  0.1348232E+02  0.1011560E+02  Si
  0.5158641E+02  0.1069888E+02  0.1295921E+02  Si
  0.4870112E+02  0.1331886E+02  0.1324437E+02  Si
  0.5023470E+02  0.1214747E+02  0.1180395E+02  Si
  0.5301324E+02  0.1479586E+02  0.1165556E+02  Si
  0.5287557E+02  0.1182623E+02  0.1440595E+02  Si
  0.5011131E+02  0.1464919E+02  0.1450736E+02  Si
  0.5425439E+02  0.1090004E+02  0.1029526E+02  Si
  0.5698023E+02  0.1353421E+02  0.1013188E+02  Si
  0.5706523E+02  0.1070415E+02  0.1293177E+02  Si
  0.5419269E+02  0.1355486E+02  0.1313436E+02  Si
  0.5571759E+02  0.1217269E+02  0.1169987E+02  Si
  0.5850077E+02  0.1476015E+02  0.1144960E+02  Si
  0.5833252E+02  0.1204361E+02  0.1408641E+02  Si
  0.5544249E+02  0.1502770E+02  0.1450084E+02  Si
  0.5986159E+02  0.1066156E+02  0.1030993E+02  Si
  0.6252474E+02  0.1327096E+02  0.9926617E+01  Si
  0.6223963E+02  0.1069717E+02  0.1291410E+02  Si
  0.5977901E+02  0.1334554E+02  0.1267389E+02  Si
  0.6113697E+02  0.1202974E+02  0.1145842E+02  Si
  0.6408165E+02  0.1466522E+02  0.1120005E+02  Si
  0.6366214E+02  0.1193480E+02  0.1415765E+02  Si
  0.6104245E+02  0.1489038E+02  0.1411243E+02  Si
  0.4368358E+02  0.1629893E+02  0.1078424E+02  Si
  0.4658457E+02  0.1872910E+02  0.1081167E+02  Si
  0.4630603E+02  0.1632230E+02  0.1347159E+02  Si
  0.4357808E+02  0.1891969E+02  0.1336132E+02  Si
  0.4513980E+02  0.1746900E+02  0.1200348E+02  Si
  0.4752171E+02  0.2043636E+02  0.1178968E+02  Si
  0.4751976E+02  0.1740416E+02  0.1480128E+02  Si
  0.4493184E+02  0.2024043E+02  0.1481813E+02  Si
  0.4854366E+02  0.1610184E+02  0.1043144E+02  Si
  0.5147824E+02  0.1888211E+02  0.1028876E+02  Si
  0.5154186E+02  0.1611137E+02  0.1294596E+02  Si
  0.4860367E+02  0.1876501E+02  0.1315652E+02  Si
  0.5007738E+02  0.1757281E+02  0.1162903E+02  Si
  0.5284558E+02  0.2025819E+02  0.1180398E+02  Si
  0.5261090E+02  0.1763289E+02  0.1425030E+02  Si
  0.4994017E+02  0.2006527E+02  0.1438716E+02  Si
  0.5438575E+02  0.1625269E+02  0.1019072E+02  Si
  0.5704025E+02  0.1830463E+02  0.1053180E+02  Si
  0.5699321E+02  0.1585368E+02  0.1295496E+02  Si
  0.5430717E+02  0.1904828E+02  0.1312381E+02  Si
  0.5541265E+02  0.1743245E+02  0.1201160E+02  Si
  0.5807954E+02  0.1976567E+02  0.1181464E+02  Si
  0.5821787E+02  0.1742814E+02  0.1440808E+02  Si
  0.5573930E+02  0.2037059E+02  0.1439272E+02  Si
  0.5999910E+02  0.1598963E+02  0.1003022E+02  Si
  0.6254316E+02  0.1895320E+02  0.1019433E+02  Si
  0.6243910E+02  0.1588688E+02  0.1247071E+02  Si
  0.5972815E+02  0.1875069E+02  0.1302691E+02  Si
  0.6112829E+02  0.1758065E+02  0.1132849E+02  Si
  0.6384479E+02  0.2039629E+02  0.1159814E+02  Si
  0.6367359E+02  0.1746125E+02  0.1416285E+02  Si
  0.6091125E+02  0.2041473E+02  0.1434503E+02  Si
  0.4348193E+02  0.2170126E+02  0.1613796E+02  Si
  0.4630350E+02  0.2615094E+01  0.1603539E+02  Si
  0.4604223E+02  0.2168758E+02  0.1866205E+02  Si
  0.4200608E+02  0.1191268E+01  0.2014921E+02  Si
  0.4487790E+02  0.1266230E+01  0.1750501E+02  Si
  0.4748172E+02  0.3812496E+01  0.1768253E+02  Si
  0.4737500E+02  0.8613009E+00  0.2045196E+02  Si
  0.4480656E+02  0.3928492E+01  0.2014741E+02  Si
  0.4882316E+02  0.2147441E+02  0.1605640E+02  Si
  0.5147141E+02  0.2493346E+01  0.1572092E+02  Si
  0.5155372E+02  0.2154753E+02  0.1869798E+02  Si
  0.4884420E+02  0.2153022E+01  0.1892744E+02  Si
  0.5021251E+02  0.1063875E+01  0.1751979E+02  Si
  0.5273347E+02  0.3804425E+01  0.1709490E+02  Si
  0.5307507E+02  0.1218192E+01  0.1995626E+02  Si
  0.5043866E+02  0.3707249E+01  0.1980105E+02  Si
  0.5434683E+02  0.2134214E+02  0.1594493E+02  Si
  0.5682179E+02  0.2492722E+01  0.1570397E+02  Si
  0.5696756E+02  0.2123204E+02  0.1837782E+02  Si
  0.5413078E+02  0.2352711E+01  0.1833081E+02  Si
  0.5565953E+02  0.1000879E+01  0.1712243E+02  Si
  0.5826705E+02  0.3919961E+01  0.1702468E+02  Si
  0.5799906E+02  0.1002114E+01  0.1969827E+02  Si
  0.5537360E+02  0.3634760E+01  0.1980459E+02  Si
  0.5946114E+02  0.2151635E+02  0.1573913E+02  Si
  0.6240422E+02  0.2503690E+01  0.1551580E+02  Si
  0.6243163E+02  0.2143100E+02  0.1845909E+02  Si
  0.5951132E+02  0.2478555E+01  0.1823002E+02  Si
  0.6099505E+02  0.1258837E+01  0.1697343E+02  Si
  0.6407613E+02  0.3639981E+01  0.1691333E+02  Si
  0.6381781E+02  0.9979162E+00  0.1990952E+02  Si
  0.6115471E+02  0.3732170E+01  0.1937747E+02  Si
  0.4316536E+02  0.5132466E+01  0.1616329E+02  Si
  0.4590107E+02  0.7817023E+01  0.1586706E+02  Si
  0.4614520E+02  0.5354318E+01  0.1904133E+02  Si
  0.4335406E+02  0.7929027E+01  0.1887648E+02  Si
  0.4487174E+02  0.6575207E+01  0.1760206E+02  Si
  0.4726681E+02  0.9269092E+01  0.1701204E+02  Si
  0.4778690E+02  0.6498331E+01  0.2048435E+02  Si
  0.4488940E+02  0.9287658E+01  0.2013291E+02  Si
  0.4886526E+02  0.5077889E+01  0.1612893E+02  Si
  0.5175615E+02  0.7873561E+01  0.1592399E+02  Si
  0.5135063E+02  0.5218178E+01  0.1832108E+02  Si
  0.4843902E+02  0.8041765E+01  0.1851524E+02  Si
  0.5014106E+02  0.6710948E+01  0.1730362E+02  Si
  0.5294368E+02  0.9331234E+01  0.1725770E+02  Si
  0.5282774E+02  0.6560499E+01  0.1973068E+02  Si
  0.5005327E+02  0.9216971E+01  0.1991002E+02  Si
  0.5457134E+02  0.5200944E+01  0.1599514E+02  Si
  0.5709557E+02  0.8229818E+01  0.1577107E+02  Si
  0.5687948E+02  0.5207430E+01  0.1851818E+02  Si
  0.5436281E+02  0.8109249E+01  0.1853984E+02  Si
  0.5593367E+02  0.6743508E+01  0.1713472E+02  Si
  0.5847562E+02  0.9447030E+01  0.1723184E+02  Si
  0.5850483E+02  0.6505108E+01  0.1980345E+02  Si
  0.5554407E+02  0.9606435E+01  0.2010181E+02  Si
  0.5978961E+02  0.5110234E+01  0.1554222E+02  Si
  0.6263980E+02  0.7964221E+01  0.1551386E+02  Si
  0.6260660E+02  0.4934385E+01  0.1812845E+02  Si
  0.5981148E+02  0.7654908E+01  0.1826226E+02  Si
  0.6124023E+02  0.6454443E+01  0.1689627E+02  Si
  0.6359421E+02  0.9396717E+01  0.1703239E+02  Si
  0.6375129E+02  0.6516865E+01  0.1937162E+02  Si
  0.6094438E+02  0.9032778E+01  0.1968889E+02  Si
  0.4323295E+02  0.1007501E+02  0.1595528E+02  Si
  0.4636087E+02  0.1331302E+02  0.1629414E+02  Si
  0.4611590E+02  0.1064746E+02  0.1865127E+02  Si
  0.4209002E+02  0.1471037E+02  0.1761705E+02  Si
  0.4469143E+02  0.1163836E+02  0.1716007E+02  Si
  0.4734509E+02  0.1453359E+02  0.1749975E+02  Si
  0.4746920E+02  0.1206716E+02  0.2015336E+02  Si
  0.4461482E+02  0.1471826E+02  0.2000126E+02  Si
  0.4897857E+02  0.1046946E+02  0.1592522E+02  Si
  0.5157399E+02  0.1322331E+02  0.1567941E+02  Si
  0.5146987E+02  0.1068830E+02  0.1864786E+02  Si
  0.4889398E+02  0.1323675E+02  0.1872899E+02  Si
  0.5024255E+02  0.1193929E+02  0.1722065E+02  Si
  0.5253388E+02  0.1478591E+02  0.1700858E+02  Si
  0.5294045E+02  0.1226645E+02  0.1978727E+02  Si
  0.5023504E+02  0.1455491E+02  0.2018853E+02  Si
  0.5431364E+02  0.1059648E+02  0.1581726E+02  Si
  0.5694895E+02  0.1337210E+02  0.1578560E+02  Si
  0.5704022E+02  0.1081189E+02  0.1852543E+02  Si
  0.5414837E+02  0.1374759E+02  0.1831665E+02  Si
  0.5543405E+02  0.1207811E+02  0.1712868E+02  Si
  0.5829515E+02  0.1462787E+02  0.1729104E+02  Si
  0.5836630E+02  0.1204203E+02  0.2001719E+02  Si
  0.5552701E+02  0.1486964E+02  0.1984768E+02  Si
  0.5959476E+02  0.1049733E+02  0.1542056E+02  Si
  0.6216556E+02  0.1313384E+02  0.1543715E+02  Si
  0.6216516E+02  0.1061881E+02  0.1848536E+02  Si
  0.5982639E+02  0.1319996E+02  0.1856865E+02  Si
  0.6091404E+02  0.1201767E+02  0.1687251E+02  Si
  0.6356284E+02  0.1459650E+02  0.1665981E+02  Si
  0.6356792E+02  0.1191300E+02  0.1962642E+02  Si
  0.6124792E+02  0.1457989E+02  0.1960232E+02  Si
  0.4362459E+02  0.1604509E+02  0.1619488E+02  Si
  0.4623455E+02  0.1900102E+02  0.1614193E+02  Si
  0.4595456E+02  0.1599302E+02  0.1877415E+02  Si
  0.4359546E+02  0.1889758E+02  0.1889099E+02  Si
  0.4503606E+02  0.1758781E+02  0.1757945E+02  Si
  0.4741251E+02  0.2023199E+02  0.1745246E+02  Si
  0.4751466E+02  0.1758373E+02  0.2015311E+02  Si
  0.4501332E+02  0.2010756E+02  0.2020644E+02  Si
  0.4884691E+02  0.1597514E+02  0.1610550E+02  Si
  0.5137980E+02  0.1871131E+02  0.1606136E+02  Si
  0.5149806E+02  0.1597445E+02  0.1872708E+02  Si
  0.4897303E+02  0.1887682E+02  0.1857505E+02  Si
  0.5017173E+02  0.1734595E+02  0.1753953E+02  Si
  0.5274733E+02  0.2014106E+02  0.1740150E+02  Si
  0.5292956E+02  0.1755351E+02  0.1992269E+02  Si
  0.5023379E+02  0.2027149E+02  0.2024799E+02  Si
  0.5398048E+02  0.1618015E+02  0.1576536E+02  Si
  0.5691629E+02  0.1880494E+02  0.1556619E+02  Si
  0.5684880E+02  0.1611518E+02  0.1825880E+02  Si
  0.5430964E+02  0.1883555E+02  0.1861020E+02  Si
  0.5535707E+02  0.1750906E+02  0.1692733E+02  Si
  0.5832583E+02  0.1991724E+02  0.1695045E+02  Si
  0.5824090E+02  0.1747314E+02  0.1960210E+02  Si
  0.5541539E+02  0.2007020E+02  0.2017870E+02  Si
  0.5960054E+02  0.1603412E+02  0.1558622E+02  Si
  0.6229368E+02  0.1887215E+02  0.1566589E+02  Si
  0.6219283E+02  0.1608542E+02  0.1796537E+02  Si
  0.5991760E+02  0.1874582E+02  0.1841953E+02  Si
  0.6100448E+02  0.1745948E+02  0.1679862E+02  Si
  0.6389816E+02  0.2006306E+02  0.1691531E+02  Si
  0.6353289E+02  0.1746818E+02  0.1951919E+02  Si
  0.6093740E+02  0.2020187E+02  0.1985005E+02  Si
