         
  0.6515772E+02  0.0000000E+00  0.2171924E+02
  0.0000000E+00  0.0000000E+00  0.2171924E+02
  0.1113572E+00  0.2149417E+02  0.2107962E+02  Si
  0.2633786E+01  0.2807599E+01  0.2111438E+02  Si
  0.2552609E+01  0.2159161E+02  0.2159385E+01  Si
  0.6515390E+02  0.2581620E+01  0.1934703E+01  Si
  0.1388206E+01  0.1455373E+01  0.5147537E+00  Si
  0.3856185E+01  0.4019461E+01  0.8082649E+00  Si
  0.4180099E+01  0.1178968E+01  0.3408524E+01  Si
  0.1323892E+01  0.4015014E+01  0.3484388E+01  Si
  0.5821901E+01  0.2733459E+00  0.2105202E+02  Si
  0.8146791E+01  0.2718166E+01  0.2122072E+02  Si
  0.8220156E+01  0.1173750E+00  0.1910899E+01  Si
  0.5362300E+01  0.3008336E+01  0.2426595E+01  Si
  0.6858071E+01  0.1688233E+01  0.9829541E+00  Si
  0.9716937E+01  0.3952829E+01  0.7783786E+00  Si
  0.9575107E+01  0.1228092E+01  0.3445596E+01  Si
  0.6981314E+01  0.4273819E+01  0.3703522E+01  Si
  0.1077386E+02  0.2171658E+02  0.2121273E+02  Si
  0.1363231E+02  0.2561024E+01  0.2093415E+02  Si
  0.1375793E+02  0.2161210E+02  0.2106547E+01  Si
  0.1089019E+02  0.2700848E+01  0.1960572E+01  Si
  0.1240650E+02  0.1095324E+01  0.6629728E+00  Si
  0.1485713E+02  0.3907646E+01  0.8621422E+00  Si
  0.1484563E+02  0.1383729E+01  0.3316874E+01  Si
  0.1222220E+02  0.3935564E+01  0.3196148E+01  Si
  0.1652973E+02  0.2124006E+02  0.2106100E+02  Si
  0.1928146E+02  0.2545729E+01  0.2093770E+02  Si
  0.1899164E+02  0.2127263E+02  0.2052629E+01  Si
  0.1641260E+02  0.2677793E+01  0.1948190E+01  Si
  0.1779361E+02  0.9995934E+00  0.6610385E+00  Si
  0.2524518E+02  0.2604927E+01  0.4127165E+01  Si
  0.2081457E+02  0.4788436E+01  0.2976335E+00  Si
  0.1767652E+02  0.3835057E+01  0.3469729E+01  Si
  0.9931259E-01  0.5518130E+01  0.2110254E+02  Si
  0.2734839E+01  0.8202442E+01  0.2132386E+02  Si
  0.2677417E+01  0.5394541E+01  0.2236905E+01  Si
  0.6502161E+02  0.7823156E+01  0.2108040E+01  Si
  0.1238164E+01  0.6887541E+01  0.9786239E+00  Si
  0.4376947E+01  0.9533568E+01  0.7201818E+00  Si
  0.3957285E+01  0.6840091E+01  0.3456355E+01  Si
  0.1056819E+01  0.9392994E+01  0.3525690E+01  Si
  0.5355815E+01  0.5239143E+01  0.2120271E+02  Si
  0.8166171E+01  0.7956423E+01  0.2161696E+02  Si
  0.8441695E+01  0.5277927E+01  0.2321343E+01  Si
  0.5549600E+01  0.8120026E+01  0.2021566E+01  Si
  0.6681637E+01  0.6446322E+01  0.8475320E+00  Si
  0.9468602E+01  0.9619394E+01  0.8316243E+00  Si
  0.9592418E+01  0.7000531E+01  0.3213204E+01  Si
  0.6942682E+01  0.9501595E+01  0.3502036E+01  Si
  0.1117540E+02  0.5312334E+01  0.2124059E+02  Si
  0.1372185E+02  0.8265051E+01  0.2107676E+02  Si
  0.1368000E+02  0.5306768E+01  0.1985872E+01  Si
  0.1109568E+02  0.8319032E+01  0.2011231E+01  Si
  0.1231291E+02  0.6764839E+01  0.6857400E+00  Si
  0.1535992E+02  0.9185074E+01  0.7636722E+00  Si
  0.1498018E+02  0.6679931E+01  0.3556252E+01  Si
  0.1240605E+02  0.9488199E+01  0.3285111E+01  Si
  0.1624798E+02  0.5358155E+01  0.2112811E+02  Si
  0.1904938E+02  0.7533944E+01  0.2108831E+02  Si
  0.1903841E+02  0.5121674E+01  0.2140232E+01  Si
  0.1657241E+02  0.8018215E+01  0.2475765E+01  Si
  0.1762054E+02  0.6640093E+01  0.7083690E+00  Si
  0.2171527E+02  0.1031720E+02  0.2109071E+02  Si
  0.3003253E+02  0.6822702E+01  0.1618306E+02  Si
  0.1760649E+02  0.9814998E+01  0.3809782E+01  Si
  0.2396926E+00  0.1026360E+02  0.2132650E+02  Si
  0.2765597E+01  0.1313619E+02  0.2112517E+02  Si
  0.2967882E+01  0.1042743E+02  0.2552784E+01  Si
  0.1566781E+00  0.1323217E+02  0.2177559E+01  Si
  0.1590531E+01  0.1161982E+02  0.1019334E+01  Si
  0.4085788E+01  0.1485054E+02  0.7612179E+00  Si
  0.3971248E+01  0.1220050E+02  0.3784620E+01  Si
  0.1315444E+01  0.1487289E+02  0.3286969E+01  Si
  0.5675401E+01  0.1104158E+02  0.2107603E+02  Si
  0.8046911E+01  0.1373841E+02  0.2097649E+02  Si
  0.8249961E+01  0.1098280E+02  0.2237570E+01  Si
  0.5401159E+01  0.1367506E+02  0.2362747E+01  Si
  0.6822149E+01  0.1240573E+02  0.8522350E+00  Si
  0.9460645E+01  0.1491048E+02  0.5770606E+00  Si
  0.9712663E+01  0.1217099E+02  0.3573812E+01  Si
  0.7049390E+01  0.1482025E+02  0.3808194E+01  Si
  0.1077232E+02  0.1095100E+02  0.2104943E+02  Si
  0.1353144E+02  0.1378533E+02  0.2128057E+02  Si
  0.1393881E+02  0.1064293E+02  0.2102815E+01  Si
  0.1102946E+02  0.1345574E+02  0.1915986E+01  Si
  0.1229836E+02  0.1200186E+02  0.7571310E+00  Si
  0.1520370E+02  0.1514648E+02  0.8635114E+00  Si
  0.1510678E+02  0.1223193E+02  0.3301568E+01  Si
  0.1237829E+02  0.1488111E+02  0.3126944E+01  Si
  0.1629116E+02  0.1092391E+02  0.2119457E+02  Si
  0.1944184E+02  0.1340117E+02  0.2106431E+02  Si
  0.2028118E+02  0.9147343E+01  0.1024781E+01  Si
  0.1639228E+02  0.1352004E+02  0.2103143E+01  Si
  0.1783966E+02  0.1231461E+02  0.6912416E+00  Si
  0.2058584E+02  0.1202616E+02  0.1945196E+02  Si
  0.2445860E+02  0.2078369E+02  0.7713078E+01  Si
  0.1786050E+02  0.1459272E+02  0.3479404E+01  Si
  0.1554585E+00  0.1641608E+02  0.2096412E+02  Si
  0.3255615E+01  0.1895079E+02  0.2093928E+02  Si
  0.2590482E+01  0.1621992E+02  0.1884813E+01  Si
  0.1991242E+00  0.1863408E+02  0.2218504E+01  Si
  0.1592758E+01  0.1777065E+02  0.4897285E+00  Si
  0.4207323E+01  0.2064108E+02  0.6573835E+00  Si
  0.4098030E+01  0.1753536E+02  0.3194542E+01  Si
  0.1411337E+01  0.2001813E+02  0.3566016E+01  Si
  0.5527147E+01  0.1638561E+02  0.2080775E+02  Si
  0.8107557E+01  0.1880488E+02  0.2115037E+02  Si
  0.8042006E+01  0.1612667E+02  0.2113359E+01  Si
  0.5490904E+01  0.1917693E+02  0.2087168E+01  Si
  0.6789328E+01  0.1753897E+02  0.6688856E+00  Si
  0.9581659E+01  0.2011642E+02  0.7423648E+00  Si
  0.9409957E+01  0.1746450E+02  0.3515909E+01  Si
  0.7059057E+01  0.2028009E+02  0.3449460E+01  Si
  0.1092453E+02  0.1589568E+02  0.2106674E+02  Si
  0.1367967E+02  0.1885335E+02  0.2108602E+02  Si
  0.1385780E+02  0.1648774E+02  0.1887461E+01  Si
  0.1086399E+02  0.1883044E+02  0.2171073E+01  Si
  0.1208604E+02  0.1744905E+02  0.5729982E+00  Si
  0.1502765E+02  0.2001918E+02  0.7008702E+00  Si
  0.1528255E+02  0.1731757E+02  0.3525354E+01  Si
  0.1221409E+02  0.2025386E+02  0.3468404E+01  Si
  0.1669406E+02  0.1618172E+02  0.2086317E+02  Si
  0.1942292E+02  0.1851779E+02  0.2081731E+02  Si
  0.1915988E+02  0.1587128E+02  0.2274713E+01  Si
  0.1650003E+02  0.1865005E+02  0.2101716E+01  Si
  0.1800493E+02  0.1744833E+02  0.6195416E+00  Si
  0.2473677E+02  0.2113819E+02  0.1855740E+02  Si
  0.2041999E+02  0.1742024E+02  0.3508123E+01  Si
  0.1746449E+02  0.1990241E+02  0.3491254E+01  Si
  0.5105267E-01  0.2140927E+02  0.4888768E+01  Si
  0.2790514E+01  0.2679883E+01  0.4819282E+01  Si
  0.2668611E+01  0.2983375E-01  0.7532042E+01  Si
  0.1153501E+00  0.2665832E+01  0.7529305E+01  Si
  0.1362474E+01  0.1337660E+01  0.6188580E+01  Si
  0.4053742E+01  0.4049048E+01  0.6014528E+01  Si
  0.4098025E+01  0.1250317E+01  0.8770225E+01  Si
  0.1384818E+01  0.3908064E+01  0.9003430E+01  Si
  0.5343791E+01  0.2132738E+02  0.4868506E+01  Si
  0.8383384E+01  0.2703790E+01  0.4819829E+01  Si
  0.8137019E+01  0.6832871E-01  0.7644629E+01  Si
  0.5493180E+01  0.2926448E+01  0.7459518E+01  Si
  0.6631040E+01  0.1316282E+01  0.6050832E+01  Si
  0.9762093E+01  0.4165946E+01  0.6203334E+01  Si
  0.9792910E+01  0.1305872E+01  0.8800744E+01  Si
  0.6863844E+01  0.4156984E+01  0.8885398E+01  Si
  0.1112138E+02  0.2157013E+02  0.4987681E+01  Si
  0.1352879E+02  0.2582099E+01  0.4830332E+01  Si
  0.1337831E+02  0.2158222E+02  0.7953583E+01  Si
  0.1100058E+02  0.2714837E+01  0.7528281E+01  Si
  0.1239339E+02  0.1224037E+01  0.6368993E+01  Si
  0.1492841E+02  0.3826311E+01  0.6022684E+01  Si
  0.1516395E+02  0.1416376E+01  0.8861350E+01  Si
  0.1223605E+02  0.4162669E+01  0.8879359E+01  Si
  0.1619836E+02  0.2171900E+02  0.4607582E+01  Si
  0.1915829E+02  0.2449413E+01  0.4921665E+01  Si
  0.1912408E+02  0.2141398E+02  0.7556418E+01  Si
  0.1643186E+02  0.2826083E+01  0.7583330E+01  Si
  0.1755826E+02  0.1344435E+01  0.6021040E+01  Si
  0.2181590E+02  0.2119402E+02  0.1534724E+02  Si
  0.2844255E+02  0.2293126E+01  0.6062564E+01  Si
  0.1773236E+02  0.3949380E+01  0.8903904E+01  Si
  0.6495809E+02  0.5148028E+01  0.4906802E+01  Si
  0.2430423E+01  0.8022861E+01  0.4744544E+01  Si
  0.2728657E+01  0.5194241E+01  0.7586487E+01  Si
  0.6511420E+02  0.7872611E+01  0.7593730E+01  Si
  0.1268462E+01  0.6471790E+01  0.6168366E+01  Si
  0.3965125E+01  0.9161626E+01  0.5970040E+01  Si
  0.3860006E+01  0.6694506E+01  0.8986981E+01  Si
  0.1127333E+01  0.9567646E+01  0.8511378E+01  Si
  0.5319527E+01  0.5533559E+01  0.4838820E+01  Si
  0.8031702E+01  0.8073402E+01  0.4759962E+01  Si
  0.8286385E+01  0.5570070E+01  0.7581673E+01  Si
  0.5185221E+01  0.8163594E+01  0.7758707E+01  Si
  0.6639000E+01  0.6829388E+01  0.6337347E+01  Si
  0.9666784E+01  0.9588034E+01  0.6146003E+01  Si
  0.9654491E+01  0.6839384E+01  0.8927602E+01  Si
  0.6856263E+01  0.9474027E+01  0.9102277E+01  Si
  0.1092267E+02  0.5423717E+01  0.4551806E+01  Si
  0.1358716E+02  0.8243509E+01  0.4844032E+01  Si
  0.1366413E+02  0.5320810E+01  0.7365696E+01  Si
  0.1097006E+02  0.8111745E+01  0.7492158E+01  Si
  0.1240253E+02  0.6684420E+01  0.6162382E+01  Si
  0.1503383E+02  0.9695387E+01  0.6106478E+01  Si
  0.1484706E+02  0.6924754E+01  0.8585032E+01  Si
  0.1237121E+02  0.9392656E+01  0.8953747E+01  Si
  0.1625064E+02  0.5097319E+01  0.4744684E+01  Si
  0.1880079E+02  0.7985167E+01  0.4828108E+01  Si
  0.2035202E+02  0.3633034E+01  0.6440878E+01  Si
  0.1632621E+02  0.8120986E+01  0.7358202E+01  Si
  0.1765694E+02  0.6662750E+01  0.6215200E+01  Si
  0.2027494E+02  0.6454481E+01  0.3445293E+01  Si
  0.2175676E+02  0.8646089E+01  0.1384619E+02  Si
  0.1770719E+02  0.9295465E+01  0.8969214E+01  Si
  0.6500688E+02  0.1090019E+02  0.5141080E+01  Si
  0.2539502E+01  0.1368835E+02  0.4752482E+01  Si
  0.2754022E+01  0.1100955E+02  0.7318829E+01  Si
  0.6503697E+02  0.1353103E+02  0.7734231E+01  Si
  0.1098965E+01  0.1243139E+02  0.6213823E+01  Si
  0.4152838E+01  0.1487621E+02  0.6325979E+01  Si
  0.4124280E+01  0.1191509E+02  0.9052656E+01  Si
  0.1475110E+01  0.1491040E+02  0.9105114E+01  Si
  0.5389539E+01  0.1068053E+02  0.4909021E+01  Si
  0.8434957E+01  0.1324088E+02  0.4986250E+01  Si
  0.8299194E+01  0.1083630E+02  0.7675680E+01  Si
  0.5518366E+01  0.1355811E+02  0.7749666E+01  Si
  0.6815665E+01  0.1197566E+02  0.6312517E+01  Si
  0.9760388E+01  0.1481682E+02  0.6198425E+01  Si
  0.9708454E+01  0.1222910E+02  0.9276160E+01  Si
  0.6838807E+01  0.1522289E+02  0.8572131E+01  Si
  0.1092948E+02  0.1069708E+02  0.4624124E+01  Si
  0.1362349E+02  0.1359576E+02  0.4559750E+01  Si
  0.1352046E+02  0.1085317E+02  0.7417900E+01  Si
  0.1103099E+02  0.1368611E+02  0.7668718E+01  Si
  0.1219631E+02  0.1228461E+02  0.5943572E+01  Si
  0.1511007E+02  0.1461666E+02  0.6078685E+01  Si
  0.1492611E+02  0.1220534E+02  0.8810416E+01  Si
  0.1243665E+02  0.1482203E+02  0.9012319E+01  Si
  0.1629542E+02  0.1122846E+02  0.5001562E+01  Si
  0.1902823E+02  0.1076328E+02  0.2225308E+01  Si
  0.1920539E+02  0.1036608E+02  0.7343846E+01  Si
  0.1659998E+02  0.1316814E+02  0.7549123E+01  Si
  0.1811110E+02  0.1206721E+02  0.6271146E+01  Si
  0.2335984E+02  0.1754706E+02  0.7488792E+00  Si
  0.2292794E+02  0.6485281E+01  0.6000409E+01  Si
  0.1817005E+02  0.1470294E+02  0.8572390E+01  Si
  0.9779810E-01  0.1621609E+02  0.4720453E+01  Si
  0.2947665E+01  0.1882993E+02  0.4899941E+01  Si
  0.2714730E+01  0.1628482E+02  0.7571890E+01  Si
  0.1484358E+00  0.1901159E+02  0.7295765E+01  Si
  0.1540231E+01  0.1768189E+02  0.6056241E+01  Si
  0.3988608E+01  0.2041807E+02  0.6186699E+01  Si
  0.4020563E+01  0.1746760E+02  0.8803091E+01  Si
  0.1340617E+01  0.2031545E+02  0.8887642E+01  Si
  0.5428609E+01  0.1627874E+02  0.4949645E+01  Si
  0.8384238E+01  0.1897905E+02  0.4808701E+01  Si
  0.8708527E+01  0.1625893E+02  0.7610423E+01  Si
  0.5487238E+01  0.1887155E+02  0.7381140E+01  Si
  0.7056729E+01  0.1755811E+02  0.6240710E+01  Si
  0.9553917E+01  0.2034588E+02  0.6376524E+01  Si
  0.9506157E+01  0.1767859E+02  0.9218240E+01  Si
  0.6527621E+01  0.2026558E+02  0.8855784E+01  Si
  0.1098541E+02  0.1613304E+02  0.4686618E+01  Si
  0.1363751E+02  0.1877314E+02  0.4891382E+01  Si
  0.1380838E+02  0.1597019E+02  0.7479624E+01  Si
  0.1066949E+02  0.1857272E+02  0.7486075E+01  Si
  0.1239221E+02  0.1721932E+02  0.6244665E+01  Si
  0.1480964E+02  0.2042373E+02  0.6299644E+01  Si
  0.1517548E+02  0.1745887E+02  0.8639755E+01  Si
  0.1225059E+02  0.1980359E+02  0.9080862E+01  Si
  0.1661810E+02  0.1600891E+02  0.4980440E+01  Si
  0.2633676E+02  0.1653164E+02  0.7663163E+01  Si
  0.1944751E+02  0.1627692E+02  0.7537767E+01  Si
  0.1642310E+02  0.1921830E+02  0.7676266E+01  Si
  0.1779541E+02  0.1751422E+02  0.6423663E+01  Si
  0.2525477E+02  0.1395900E+01  0.1220982E+01  Si
  0.2259100E+02  0.1925288E+02  0.7929301E+01  Si
  0.1787681E+02  0.2030172E+02  0.9203677E+01  Si
  0.1457539E+00  0.4944597E-02  0.1043730E+02  Si
  0.2947192E+01  0.2498955E+01  0.1040132E+02  Si
  0.2678044E+01  0.2167006E+02  0.1289767E+02  Si
  0.6010102E-01  0.2719154E+01  0.1284201E+02  Si
  0.1368664E+01  0.1299379E+01  0.1156444E+02  Si
  0.4236501E+01  0.4065050E+01  0.1157441E+02  Si
  0.3993396E+01  0.1459758E+01  0.1411886E+02  Si
  0.1441278E+01  0.4087592E+01  0.1428276E+02  Si
  0.5311594E+01  0.2159174E+02  0.1021438E+02  Si
  0.8294859E+01  0.2826330E+01  0.1012911E+02  Si
  0.7998277E+01  0.3287089E+00  0.1276986E+02  Si
  0.5725842E+01  0.2551565E+01  0.1318433E+02  Si
  0.6760435E+01  0.1364143E+01  0.1132840E+02  Si
  0.9629988E+01  0.4152064E+01  0.1162030E+02  Si
  0.9474964E+01  0.1438323E+01  0.1414078E+02  Si
  0.6827480E+01  0.3947158E+01  0.1441871E+02  Si
  0.1108870E+02  0.2145206E+02  0.1028905E+02  Si
  0.1380661E+02  0.2738060E+01  0.1019451E+02  Si
  0.1396159E+02  0.8775026E-01  0.1300503E+02  Si
  0.1110822E+02  0.2699046E+01  0.1292163E+02  Si
  0.1254340E+02  0.1351552E+01  0.1140697E+02  Si
  0.1509237E+02  0.4180547E+01  0.1147542E+02  Si
  0.1514709E+02  0.1703553E+01  0.1443835E+02  Si
  0.1219879E+02  0.4195514E+01  0.1429985E+02  Si
  0.1660783E+02  0.2171042E+02  0.1034970E+02  Si
  0.2060811E+02  0.5401453E+00  0.9262837E+01  Si
  0.2435167E+02  0.1751939E+02  0.1849437E+02  Si
  0.1648973E+02  0.2799491E+01  0.1284984E+02  Si
  0.1780685E+02  0.1371349E+01  0.1162209E+02  Si
  0.1909492E+02  0.2340594E+01  0.1008205E+02  Si
  0.2023767E+02  0.3681352E+01  0.1160700E+02  Si
  0.1759153E+02  0.4449829E+01  0.1433387E+02  Si
  0.6499923E+02  0.5243542E+01  0.1024083E+02  Si
  0.2484222E+01  0.8324021E+01  0.1005054E+02  Si
  0.2791249E+01  0.5281516E+01  0.1293887E+02  Si
  0.6508399E+02  0.8031216E+01  0.1266438E+02  Si
  0.1372280E+01  0.6745101E+01  0.1139651E+02  Si
  0.3954813E+01  0.9263000E+01  0.1145618E+02  Si
  0.4170617E+01  0.6679981E+01  0.1461236E+02  Si
  0.1326112E+01  0.9404183E+01  0.1407424E+02  Si
  0.5431644E+01  0.5431277E+01  0.1014783E+02  Si
  0.8347708E+01  0.7993444E+01  0.1033040E+02  Si
  0.8083725E+01  0.5239748E+01  0.1290136E+02  Si
  0.5228794E+01  0.7936181E+01  0.1289246E+02  Si
  0.6762822E+01  0.6621692E+01  0.1158208E+02  Si
  0.9768767E+01  0.9481877E+01  0.1173603E+02  Si
  0.9346200E+01  0.6821765E+01  0.1428197E+02  Si
  0.6700827E+01  0.9445935E+01  0.1408796E+02  Si
  0.1095662E+02  0.5594978E+01  0.1013417E+02  Si
  0.1374574E+02  0.8211647E+01  0.1006574E+02  Si
  0.1373268E+02  0.5526367E+01  0.1305217E+02  Si
  0.1099370E+02  0.8190556E+01  0.1325981E+02  Si
  0.1232100E+02  0.6964267E+01  0.1169600E+02  Si
  0.1475206E+02  0.9757377E+01  0.1159682E+02  Si
  0.1508177E+02  0.6867877E+01  0.1431478E+02  Si
  0.1212630E+02  0.9946786E+01  0.1458968E+02  Si
  0.1628534E+02  0.5358427E+01  0.9996365E+01  Si
  0.1897995E+02  0.8158852E+01  0.1049500E+02  Si
  0.1879454E+02  0.5413299E+01  0.1274084E+02  Si
  0.1623592E+02  0.8396945E+01  0.1282591E+02  Si
  0.1747602E+02  0.6691915E+01  0.1154890E+02  Si
  0.2989924E+02  0.8543749E+01  0.1777599E+02  Si
  0.2043666E+02  0.6658301E+01  0.1443523E+02  Si
  0.1775286E+02  0.9409774E+01  0.1427703E+02  Si
  0.9391184E-01  0.1062803E+02  0.1030387E+02  Si
  0.2757559E+01  0.1331946E+02  0.1032679E+02  Si
  0.2858989E+01  0.1065385E+02  0.1274198E+02  Si
  0.6487762E+02  0.1334066E+02  0.1260945E+02  Si
  0.1250116E+01  0.1188994E+02  0.1149220E+02  Si
  0.4293793E+01  0.1482478E+02  0.1152528E+02  Si
  0.4136638E+01  0.1201169E+02  0.1413634E+02  Si
  0.1257208E+01  0.1455122E+02  0.1410075E+02  Si
  0.5354365E+01  0.1060114E+02  0.1031662E+02  Si
  0.7609622E+01  0.1342551E+02  0.1001551E+02  Si
  0.8192026E+01  0.1080998E+02  0.1291848E+02  Si
  0.5420443E+01  0.1353844E+02  0.1317197E+02  Si
  0.6607664E+01  0.1220157E+02  0.1179415E+02  Si
  0.9269048E+01  0.1452264E+02  0.1124615E+02  Si
  0.9727521E+01  0.1207550E+02  0.1437946E+02  Si
  0.6846599E+01  0.1471190E+02  0.1443053E+02  Si
  0.1121954E+02  0.1069545E+02  0.1040782E+02  Si
  0.1393975E+02  0.1338446E+02  0.1030325E+02  Si
  0.1351640E+02  0.1104765E+02  0.1314811E+02  Si
  0.1085790E+02  0.1378542E+02  0.1293749E+02  Si
  0.1225936E+02  0.1242011E+02  0.1164546E+02  Si
  0.1517158E+02  0.1497433E+02  0.1166159E+02  Si
  0.1482488E+02  0.1245150E+02  0.1461590E+02  Si
  0.1208363E+02  0.1485661E+02  0.1454735E+02  Si
  0.1632900E+02  0.1081582E+02  0.1012859E+02  Si
  0.2542784E+02  0.4552165E+01  0.1182512E+02  Si
  0.2975390E+02  0.3568289E+01  0.8724970E+00  Si
  0.1637598E+02  0.1347520E+02  0.1313174E+02  Si
  0.1775025E+02  0.1203191E+02  0.1163460E+02  Si
  0.2087742E+02  0.2010510E+02  0.1220734E+02  Si
  0.1894800E+02  0.1587852E+02  0.1285277E+02  Si
  0.1777056E+02  0.1494550E+02  0.1430605E+02  Si
  0.6484955E+02  0.1626752E+02  0.1038411E+02  Si
  0.2523545E+01  0.1882903E+02  0.1014121E+02  Si
  0.2866166E+01  0.1606419E+02  0.1302758E+02  Si
  0.2011349E-01  0.1891935E+02  0.1282646E+02  Si
  0.1285622E+01  0.1748244E+02  0.1168025E+02  Si
  0.4051308E+01  0.2022524E+02  0.1164560E+02  Si
  0.4090866E+01  0.1763091E+02  0.1430365E+02  Si
  0.1405735E+01  0.2034761E+02  0.1423739E+02  Si
  0.5610371E+01  0.1624142E+02  0.1007972E+02  Si
  0.7903094E+01  0.1914177E+02  0.1015566E+02  Si
  0.8303644E+01  0.1613233E+02  0.1280717E+02  Si
  0.5285613E+01  0.1881795E+02  0.1301195E+02  Si
  0.6966323E+01  0.1760253E+02  0.1161123E+02  Si
  0.9169024E+01  0.2053217E+02  0.1143919E+02  Si
  0.9375402E+01  0.1772099E+02  0.1407914E+02  Si
  0.6763016E+01  0.2056482E+02  0.1375124E+02  Si
  0.1089789E+02  0.1608019E+02  0.1031697E+02  Si
  0.1383797E+02  0.1873074E+02  0.1033489E+02  Si
  0.1379586E+02  0.1610049E+02  0.1321769E+02  Si
  0.1083791E+02  0.1914575E+02  0.1262005E+02  Si
  0.1233706E+02  0.1749563E+02  0.1167449E+02  Si
  0.1525972E+02  0.2018715E+02  0.1175983E+02  Si
  0.1501364E+02  0.1782410E+02  0.1469539E+02  Si
  0.1231828E+02  0.2057186E+02  0.1412802E+02  Si
  0.1669145E+02  0.1603141E+02  0.9806964E+01  Si
  0.1933436E+02  0.1901991E+02  0.1064352E+02  Si
  0.2160890E+02  0.1339151E+02  0.1237588E+02  Si
  0.1651252E+02  0.1883321E+02  0.1300650E+02  Si
  0.1771077E+02  0.1727875E+02  0.1149855E+02  Si
  0.2138078E+02  0.1671975E+02  0.1621049E+02  Si
  0.2031770E+02  0.1478605E+02  0.1723655E+02  Si
  0.1803973E+02  0.2034587E+02  0.1408701E+02  Si
  0.8763563E-01  0.2151991E+02  0.1573607E+02  Si
  0.2498110E+01  0.2726717E+01  0.1566634E+02  Si
  0.2773848E+01  0.8333260E-01  0.1840391E+02  Si
  0.2081310E+00  0.2495917E+01  0.1858207E+02  Si
  0.1346090E+01  0.1286949E+01  0.1727091E+02  Si
  0.3891903E+01  0.3999648E+01  0.1715872E+02  Si
  0.4136754E+01  0.1552558E+01  0.1981078E+02  Si
  0.1467852E+01  0.3980321E+01  0.1961407E+02  Si
  0.5577647E+01  0.3080820E+00  0.1551613E+02  Si
  0.8354739E+01  0.2844642E+01  0.1564998E+02  Si
  0.8198135E+01  0.2155820E+02  0.1838463E+02  Si
  0.5589104E+01  0.2747892E+01  0.1841684E+02  Si
  0.7014950E+01  0.1422806E+01  0.1709121E+02  Si
  0.9492542E+01  0.4197490E+01  0.1713142E+02  Si
  0.9380304E+01  0.1298481E+01  0.1982894E+02  Si
  0.6966168E+01  0.4043800E+01  0.1974574E+02  Si
  0.1077398E+02  0.2168298E+02  0.1553016E+02  Si
  0.1356937E+02  0.2826100E+01  0.1564242E+02  Si
  0.1356869E+02  0.9969903E-01  0.1842209E+02  Si
  0.1070706E+02  0.2662708E+01  0.1848661E+02  Si
  0.1208907E+02  0.1551688E+01  0.1697765E+02  Si
  0.1487853E+02  0.4230247E+01  0.1698569E+02  Si
  0.1528631E+02  0.9678461E+00  0.1984976E+02  Si
  0.1234004E+02  0.3886641E+01  0.1967693E+02  Si
  0.1656579E+02  0.2159474E+02  0.1562014E+02  Si
  0.1856024E+02  0.2673802E+01  0.1546521E+02  Si
  0.1927115E+02  0.2168017E+02  0.1842955E+02  Si
  0.1639167E+02  0.2605278E+01  0.1842288E+02  Si
  0.1784007E+02  0.1194866E+01  0.1700485E+02  Si
  0.2032225E+02  0.3616191E+01  0.1678407E+02  Si
  0.2221170E+02  0.9717716E+00  0.1719820E+02  Si
  0.1756602E+02  0.4133832E+01  0.1988084E+02  Si
  0.2344058E-01  0.5315798E+01  0.1559731E+02  Si
  0.2570434E+01  0.8217757E+01  0.1576302E+02  Si
  0.2633042E+01  0.5337289E+01  0.1830714E+02  Si
  0.6497314E+02  0.7864260E+01  0.1851545E+02  Si
  0.1068380E+01  0.6728499E+01  0.1703038E+02  Si
  0.4088082E+01  0.9459458E+01  0.1710035E+02  Si
  0.4090391E+01  0.6644904E+01  0.1985019E+02  Si
  0.1460814E+01  0.9329230E+01  0.1949877E+02  Si
  0.5528013E+01  0.5262446E+01  0.1575749E+02  Si
  0.8009710E+01  0.7861018E+01  0.1550822E+02  Si
  0.8318996E+01  0.5546879E+01  0.1848139E+02  Si
  0.5482649E+01  0.7905172E+01  0.1842000E+02  Si
  0.6790570E+01  0.6654873E+01  0.1692245E+02  Si
  0.9226745E+01  0.9163947E+01  0.1691992E+02  Si
  0.9767731E+01  0.6884288E+01  0.1991878E+02  Si
  0.7141031E+01  0.9261510E+01  0.1999077E+02  Si
  0.1072454E+02  0.5574447E+01  0.1559464E+02  Si
  0.1351307E+02  0.8204032E+01  0.1546616E+02  Si
  0.1338915E+02  0.5398682E+01  0.1836627E+02  Si
  0.1069770E+02  0.8342547E+01  0.1835509E+02  Si
  0.1203073E+02  0.6861568E+01  0.1705670E+02  Si
  0.1494723E+02  0.9485122E+01  0.1702285E+02  Si
  0.1472794E+02  0.6757925E+01  0.1986227E+02  Si
  0.1228134E+02  0.9620664E+01  0.1964031E+02  Si
  0.1608857E+02  0.5639395E+01  0.1573803E+02  Si
  0.1909766E+02  0.7874457E+01  0.1572232E+02  Si
  0.1907494E+02  0.5012273E+01  0.1832191E+02  Si
  0.1620253E+02  0.8104948E+01  0.1860836E+02  Si
  0.1764157E+02  0.6621866E+01  0.1715956E+02  Si
  0.2549440E+02  0.4537181E+01  0.1434424E+02  Si
  0.2052789E+02  0.6109600E+01  0.2010630E+02  Si
  0.1769308E+02  0.9366420E+01  0.2000355E+02  Si
  0.5141849E-01  0.1060925E+02  0.1548587E+02  Si
  0.2557277E+01  0.1319960E+02  0.1565292E+02  Si
  0.2869167E+01  0.1061555E+02  0.1841017E+02  Si
  0.2264663E+00  0.1330373E+02  0.1837206E+02  Si
  0.1511614E+01  0.1173893E+02  0.1698678E+02  Si
  0.4267249E+01  0.1471080E+02  0.1674135E+02  Si
  0.4184745E+01  0.1212401E+02  0.1975033E+02  Si
  0.1612769E+01  0.1470186E+02  0.1964770E+02  Si
  0.5509465E+01  0.1064845E+02  0.1568270E+02  Si
  0.8279417E+01  0.1332782E+02  0.1577293E+02  Si
  0.8336576E+01  0.1065650E+02  0.1856624E+02  Si
  0.5643256E+01  0.1338544E+02  0.1827850E+02  Si
  0.7057298E+01  0.1190653E+02  0.1710747E+02  Si
  0.9450108E+01  0.1506708E+02  0.1692477E+02  Si
  0.9408803E+01  0.1236056E+02  0.1973191E+02  Si
  0.6693550E+01  0.1492118E+02  0.1962947E+02  Si
  0.1077750E+02  0.1077795E+02  0.1609536E+02  Si
  0.1367156E+02  0.1374465E+02  0.1610328E+02  Si
  0.1381471E+02  0.1088060E+02  0.1839784E+02  Si
  0.1088956E+02  0.1360457E+02  0.1833547E+02  Si
  0.1220719E+02  0.1214654E+02  0.1710839E+02  Si
  0.1513456E+02  0.1499415E+02  0.1724565E+02  Si
  0.1508856E+02  0.1235472E+02  0.1983695E+02  Si
  0.1219232E+02  0.1476968E+02  0.1963120E+02  Si
  0.1650470E+02  0.1073640E+02  0.1574213E+02  Si
  0.1922016E+02  0.1360926E+02  0.1556828E+02  Si
  0.1896152E+02  0.1049414E+02  0.1820590E+02  Si
  0.1655243E+02  0.1377901E+02  0.1846296E+02  Si
  0.1765849E+02  0.1246237E+02  0.1709394E+02  Si
  0.2019839E+02  0.1770520E+02  0.1411990E+02  Si
  0.3085593E+02  0.5203081E+00  0.2673959E+01  Si
  0.1816626E+02  0.1484657E+02  0.1973771E+02  Si
  0.6505299E+02  0.1615089E+02  0.1532967E+02  Si
  0.2832514E+01  0.1913950E+02  0.1565863E+02  Si
  0.2739223E+01  0.1625822E+02  0.1808123E+02  Si
  0.2263009E+00  0.1882500E+02  0.1822411E+02  Si
  0.1412789E+01  0.1749607E+02  0.1667317E+02  Si
  0.4138547E+01  0.2073448E+02  0.1692229E+02  Si
  0.4314514E+01  0.1758278E+02  0.1921006E+02  Si
  0.1459257E+01  0.2012626E+02  0.1982107E+02  Si
  0.5585060E+01  0.1646083E+02  0.1577368E+02  Si
  0.7942707E+01  0.1928699E+02  0.1541479E+02  Si
  0.8136153E+01  0.1630333E+02  0.1833194E+02  Si
  0.5609755E+01  0.1943254E+02  0.1827432E+02  Si
  0.6838522E+01  0.1783663E+02  0.1700018E+02  Si
  0.9485315E+01  0.2036176E+02  0.1691010E+02  Si
  0.9435476E+01  0.1747358E+02  0.1987365E+02  Si
  0.6896539E+01  0.2018209E+02  0.1986798E+02  Si
  0.1078531E+02  0.1646887E+02  0.1568535E+02  Si
  0.1365960E+02  0.1930568E+02  0.1572433E+02  Si
  0.1343195E+02  0.1637495E+02  0.1831694E+02  Si
  0.1075854E+02  0.1894200E+02  0.1831407E+02  Si
  0.1216372E+02  0.1785873E+02  0.1699961E+02  Si
  0.1513996E+02  0.2039737E+02  0.1708145E+02  Si
  0.1496012E+02  0.1744902E+02  0.1985212E+02  Si
  0.1205505E+02  0.2042195E+02  0.1975580E+02  Si
  0.1632703E+02  0.1609081E+02  0.1545977E+02  Si
  0.1901266E+02  0.1903573E+02  0.1556310E+02  Si
  0.1911945E+02  0.1642746E+02  0.1854584E+02  Si
  0.1635276E+02  0.1878484E+02  0.1826202E+02  Si
  0.1773521E+02  0.1725623E+02  0.1706113E+02  Si
  0.2041733E+02  0.2025559E+02  0.1704908E+02  Si
  0.2179258E+02  0.1616214E+02  0.2129490E+02  Si
  0.1785395E+02  0.1998804E+02  0.1967002E+02  Si
  0.2485628E+02  0.1360219E+02  0.1609533E+02  Si
  0.2331659E+02  0.9100921E+01  0.8777712E+01  Si
  0.2506965E+02  0.9081305E+01  0.2171876E+02  Si
  0.2190907E+02  0.2665428E+01  0.1287275E+02  Si
  0.3170739E+02  0.1068288E+01  0.8158345E+01  Si
  0.2232763E+02  0.4274224E+01  0.2169984E+01  Si
  0.2802072E+02  0.1491065E+02  0.6763423E+01  Si
  0.1921871E+02  0.9098757E-01  0.1299947E+02  Si
  0.2775788E+02  0.1860047E+02  0.5421748E+01  Si
  0.3688428E+02  0.1466326E+02  0.1169670E+02  Si
  0.2785863E+02  0.9864281E+01  0.8391083E+01  Si
  0.4313040E+02  0.2381642E+01  0.1832633E+02  Si
  0.2873926E+02  0.2064867E+02  0.1529160E+02  Si
  0.3546460E+02  0.4973075E+01  0.5853756E+01  Si
  0.3496048E+02  0.1660268E+02  0.1342373E+02  Si
  0.3938573E+02  0.2013865E+02  0.3328941E+01  Si
  0.2055313E+02  0.1472340E+02  0.9060847E+00  Si
  0.2899340E+02  0.1150973E+02  0.1155698E+02  Si
  0.2364023E+02  0.5879721E+01  0.1110838E+02  Si
  0.3954257E+02  0.7017574E+01  0.1189737E+02  Si
  0.3758846E+02  0.1889947E+02  0.1165380E+02  Si
  0.3471745E+02  0.2140543E+00  0.1274992E+02  Si
  0.4053668E+02  0.5229107E+01  0.1865942E+02  Si
  0.3567002E+02  0.1412773E+02  0.1379384E+02  Si
  0.3204496E+02  0.1922899E+02  0.5626338E+00  Si
  0.4200778E+02  0.1220112E+02  0.3688600E+01  Si
  0.3358210E+02  0.7220664E+01  0.5816569E+00  Si
  0.3719206E+02  0.5950571E+00  0.1998542E+02  Si
  0.4065988E+02  0.8073057E+01  0.5377145E+01  Si
  0.2347840E+02  0.1478808E+02  0.1328038E+02  Si
  0.2738657E+02  0.8423561E+01  0.3541432E+01  Si
  0.4165695E+02  0.6750580E+01  0.3585267E+01  Si
  0.2192205E+02  0.4734526E+01  0.1020937E+02  Si
  0.2304132E+02  0.1214041E+02  0.5970767E+01  Si
  0.2716562E+02  0.1231492E+02  0.1958161E+02  Si
  0.2782629E+02  0.1254051E+02  0.1361153E+02  Si
  0.2726449E+02  0.2035145E+01  0.9898075E+01  Si
  0.2353371E+02  0.1558139E+02  0.1546501E+02  Si
  0.3077284E+02  0.2020296E+02  0.1630921E+02  Si
  0.3565524E+02  0.2250211E+01  0.2084855E+02  Si
  0.2522312E+02  0.1159653E+02  0.1461713E+02  Si
  0.2673092E+02  0.1383041E+02  0.3743312E+01  Si
  0.3292663E+02  0.2127767E+02  0.1963794E+01  Si
  0.2846672E+02  0.1685906E+02  0.3948656E+01  Si
  0.3168284E+02  0.1612782E+02  0.2877296E+01  Si
  0.3784799E+02  0.1337830E+02  0.1361312E+02  Si
  0.3468025E+02  0.1414512E+02  0.9405955E+00  Si
  0.2060445E+02  0.1704613E+02  0.9417481E+01  Si
  0.4037925E+02  0.2396181E+01  0.1587311E+02  Si
  0.3625965E+02  0.1762536E+02  0.3973010E+01  Si
  0.3579367E+02  0.1247163E+02  0.1092548E+02  Si
  0.4049592E+02  0.2666153E+01  0.2124075E+02  Si
  0.2597040E+02  0.9698999E-02  0.9364523E+01  Si
  0.2526804E+02  0.6808797E+01  0.1500297E+02  Si
  0.3454308E+02  0.1127741E+02  0.2147094E+01  Si
  0.2898289E+02  0.9532305E+01  0.1030777E+02  Si
  0.3489413E+02  0.5569041E+01  0.1977823E+01  Si
  0.3756683E+02  0.2098151E+02  0.3469738E+00  Si
  0.3379606E+02  0.1921773E+02  0.3216655E+01  Si
  0.4164731E+02  0.4158385E+01  0.7609909E+00  Si
  0.2310437E+02  0.1463781E+02  0.3223664E+01  Si
  0.2696845E+02  0.8599374E+01  0.6478519E+01  Si
  0.4090759E+02  0.8223385E+01  0.1069182E+02  Si
  0.2850206E+02  0.6714662E+01  0.4836551E+01  Si
  0.2470476E+02  0.5327765E+01  0.7252896E+01  Si
  0.2619699E+02  0.3431938E+01  0.2106321E+02  Si
  0.2535904E+02  0.2076690E+02  0.1615862E+02  Si
  0.2746506E+02  0.5917346E+01  0.8695644E+01  Si
  0.2297657E+02  0.1214450E+02  0.1678906E+02  Si
  0.2699164E+02  0.1263258E+02  0.7052861E+01  Si
  0.2760389E+02  0.1803185E+02  0.8995749E+01  Si
  0.2182371E+02  0.1860920E+02  0.1965299E+01  Si
  0.2183762E+02  0.7411399E+01  0.7652173E+01  Si
  0.3280478E+02  0.1189711E+02  0.1496829E+02  Si
  0.2281648E+02  0.1452794E+02  0.1963666E+02  Si
  0.2458216E+02  0.8057196E+01  0.1044072E+02  Si
  0.4107132E+02  0.1359872E+02  0.1576740E+02  Si
  0.2259653E+02  0.1851332E+02  0.1772580E+02  Si
  0.3602088E+02  0.9973225E+01  0.9802033E+00  Si
  0.2810381E+02  0.1035069E+01  0.1597332E+02  Si
  0.2045879E+02  0.1190915E+02  0.8655313E+01  Si
  0.3207584E+02  0.7464832E+01  0.7427844E+01  Si
  0.3060752E+02  0.1280063E+02  0.1728604E+02  Si
  0.3071486E+02  0.1144842E+02  0.1989640E+02  Si
  0.2148897E+02  0.1743822E+01  0.1695313E+01  Si
  0.2561785E+02  0.1464263E+02  0.8042742E-01  Si
  0.3210901E+02  0.1147653E+02  0.9430266E+01  Si
  0.3383732E+02  0.3676752E+01  0.4550929E+01  Si
  0.3218361E+02  0.4873033E+00  0.1374360E+02  Si
  0.3103282E+02  0.7414104E+01  0.1991534E+02  Si
  0.3768018E+02  0.8487409E+01  0.2029568E+01  Si
  0.3924630E+02  0.9411800E+01  0.9311446E+01  Si
  0.2753049E+02  0.9309091E+00  0.1826878E+02  Si
  0.4209129E+02  0.1780705E+02  0.1976943E+02  Si
  0.3698177E+02  0.1445279E+02  0.2579463E-02  Si
  0.3353276E+02  0.2003155E+02  0.1378631E+02  Si
  0.2834828E+02  0.6193876E+01  0.1302676E+02  Si
  0.3883527E+02  0.1905239E+02  0.1566597E+02  Si
  0.2949569E+02  0.7917384E+01  0.1411445E+02  Si
  0.3242137E+02  0.9116140E+01  0.1117413E+01  Si
  0.2643164E+02  0.1455022E+02  0.1949165E+02  Si
  0.3210840E+02  0.2728361E+01  0.6439492E+01  Si
  0.3663511E+02  0.6880265E+01  0.8975838E+01  Si
  0.3324066E+02  0.8847473E+01  0.1288086E+02  Si
  0.3335806E+02  0.6308976E+00  0.1942021E+02  Si
  0.3808090E+02  0.2053067E+02  0.1348399E+02  Si
  0.2513151E+02  0.1697361E+02  0.1469906E+02  Si
  0.2260669E+02  0.1768111E+02  0.6181606E+01  Si
  0.2996470E+02  0.7249333E+01  0.1481703E+01  Si
  0.3371853E+02  0.1469073E+02  0.2060833E+02  Si
  0.3622267E+02  0.9912418E+01  0.1619171E+02  Si
  0.3885337E+02  0.9332033E+01  0.1449216E+02  Si
  0.2772899E+02  0.6619997E+01  0.7139520E+00  Si
  0.4151857E+02  0.1520436E+01  0.3601995E+01  Si
  0.4105978E+02  0.1799511E+02  0.1619946E+02  Si
  0.3056528E+02  0.1123239E+02  0.2979224E+01  Si
  0.3669621E+02  0.1363545E+02  0.1582296E+02  Si
  0.4211879E+02  0.2013533E+02  0.1144259E+02  Si
  0.3544671E+02  0.6321263E+00  0.8008356E+00  Si
  0.2653117E+02  0.1264742E+02  0.1542062E+01  Si
  0.2879663E+02  0.1195336E+02  0.1416507E+01  Si
  0.4068041E+02  0.1077221E+02  0.1838604E+02  Si
  0.3997057E+02  0.1612572E+02  0.1605487E+01  Si
  0.3912052E+02  0.4281591E+01  0.3689925E+01  Si
  0.4122251E+02  0.1655942E+02  0.1805278E+02  Si
  0.2468807E+02  0.1511318E+02  0.1821503E+02  Si
  0.2390621E+02  0.3341166E+01  0.3848763E+00  Si
  0.3884519E+02  0.1338290E+01  0.7874060E+00  Si
  0.3494328E+02  0.1608791E+02  0.5347036E+01  Si
  0.2902282E+02  0.1310425E+02  0.2077688E+02  Si
  0.3410635E+02  0.6887138E+01  0.8523075E+01  Si
  0.2947023E+02  0.2353839E+01  0.1148025E+02  Si
  0.2399103E+02  0.1823913E+02  0.1304005E+02  Si
  0.2065379E+02  0.1991947E+02  0.6470508E+01  Si
  0.1918212E+02  0.1870320E+02  0.4920672E+01  Si
  0.4034287E+02  0.8082363E+01  0.1598201E+02  Si
  0.2732595E+02  0.1735627E+00  0.4017352E+00  Si
  0.2629133E+02  0.4110841E+01  0.9675268E+01  Si
  0.4179684E+02  0.1482431E+02  0.3784410E+00  Si
  0.3100038E+02  0.7339400E+01  0.1122549E+02  Si
  0.3622326E+02  0.1559167E+02  0.1680254E+02  Si
  0.4339618E+02  0.1352822E+02  0.1839890E+02  Si
  0.2683654E+02  0.1688818E+02  0.2004119E+02  Si
  0.3521028E+02  0.8723406E+01  0.2123654E+02  Si
  0.2610673E+02  0.6466236E+01  0.2484912E+01  Si
  0.2994603E+02  0.2166565E+02  0.3288210E+00  Si
  0.3547845E+02  0.1202819E+02  0.1707061E+02  Si
  0.3333128E+02  0.1705839E+02  0.2108566E+02  Si
  0.3199177E+02  0.1866393E+02  0.1504213E+02  Si
  0.2042891E+02  0.2040807E+01  0.1876303E+02  Si
  0.2316816E+02  0.2929164E+01  0.9159310E+01  Si
  0.3149292E+02  0.2567744E+01  0.9927182E+01  Si
  0.3769677E+02  0.2092065E+02  0.1840055E+02  Si
  0.4036113E+02  0.1089508E+02  0.7767506E+01  Si
  0.2507679E+02  0.1124933E+02  0.1130687E+02  Si
  0.3670282E+02  0.1881723E+02  0.3440273E+00  Si
  0.4194698E+02  0.6856377E+01  0.1990780E+02  Si
  0.4069560E+02  0.1342296E+02  0.1069048E+02  Si
  0.4041822E+02  0.5363571E+01  0.7685473E+01  Si
  0.3958811E+02  0.1798076E+02  0.6382922E+01  Si
  0.4053452E+02  0.2166469E+02  0.7254227E+01  Si
  0.3205121E+02  0.4534749E+00  0.4862955E+01  Si
  0.2578636E+02  0.1060419E+02  0.9184264E+01  Si
  0.1914286E+02  0.1320431E+02  0.4684456E+01  Si
  0.2324111E+02  0.9635394E+01  0.1272567E+01  Si
  0.3767672E+02  0.1990219E+02  0.9406101E+01  Si
  0.2036758E+02  0.8916066E+00  0.3492560E+01  Si
  0.2740050E+02  0.8549669E+01  0.2092303E+02  Si
  0.2086852E+02  0.1188690E+02  0.3555017E+01  Si
  0.2216219E+02  0.3513576E+00  0.2168880E+02  Si
  0.2383831E+02  0.2525654E+01  0.1809599E+02  Si
  0.2043298E+02  0.6509609E+01  0.9224087E+01  Si
  0.2740912E+02  0.1766460E+02  0.1789927E+02  Si
  0.2175466E+02  0.1062540E+02  0.1552897E+02  Si
  0.3179131E+02  0.5034384E+01  0.1345766E+02  Si
  0.2754942E+02  0.1685535E+02  0.1137675E+02  Si
  0.3403911E+02  0.9817329E+01  0.1924580E+02  Si
  0.3914922E+02  0.6737234E+01  0.6352613E+01  Si
  0.3564499E+02  0.1649207E+01  0.8383953E+01  Si
  0.4098279E+02  0.1862457E+02  0.9948361E+01  Si
  0.2319081E+02  0.8296734E+01  0.4771548E+01  Si
  0.2950176E+02  0.1945460E+02  0.9754677E+01  Si
  0.2040825E+02  0.8679735E+01  0.6293336E+01  Si
  0.3884746E+02  0.4029087E+01  0.9298506E+01  Si
  0.2982345E+02  0.3360455E+00  0.1285123E+02  Si
  0.3646981E+02  0.1956584E+02  0.1513391E+02  Si
  0.3072467E+02  0.1899329E+02  0.2038294E+02  Si
  0.3565582E+02  0.1473450E+02  0.1907111E+02  Si
  0.2219651E+02  0.2099098E+02  0.1073036E+02  Si
  0.2040220E+02  0.1477786E+02  0.6119390E+01  Si
  0.3733805E+02  0.7037213E+00  0.9751359E+01  Si
  0.2977309E+02  0.4137854E+01  0.1317506E+02  Si
  0.3414777E+02  0.6863920E+01  0.6097054E+01  Si
  0.2456063E+02  0.1170062E+02  0.2129512E+01  Si
  0.2911990E+02  0.1740654E+02  0.7150918E+01  Si
  0.3699855E+02  0.1535004E+02  0.6439720E+01  Si
  0.3777730E+02  0.2385235E+01  0.1288421E+02  Si
  0.2953435E+02  0.1409181E+02  0.8614031E+01  Si
  0.4180378E+02  0.9639286E+01  0.7917870E+00  Si
  0.2700694E+02  0.4012883E+01  0.1639986E+02  Si
  0.2024903E+02  0.1456784E+01  0.1418564E+02  Si
  0.2919609E+02  0.1735616E+02  0.2112171E+02  Si
  0.2910167E+02  0.2349180E+01  0.1900292E+02  Si
  0.2626623E+02  0.1434448E+02  0.1431624E+02  Si
  0.2189836E+02  0.1600633E+02  0.4847197E+01  Si
  0.3245594E+02  0.4612330E+01  0.1924070E+02  Si
  0.4208465E+02  0.1996406E+02  0.8748361E+00  Si
  0.4234000E+02  0.1733595E+02  0.8437718E+01  Si
  0.2345409E+02  0.1036610E+02  0.1366820E+02  Si
  0.2881512E+02  0.1182203E+02  0.1577486E+02  Si
  0.3902929E+02  0.1213723E+02  0.6372845E+01  Si
  0.3628166E+02  0.1088900E+02  0.1906687E+02  Si
  0.3802914E+02  0.1143191E+02  0.1520840E+02  Si
  0.3217284E+02  0.3408646E+00  0.1719759E+02  Si
  0.3789247E+02  0.5355889E+01  0.2127444E+02  Si
  0.2556900E+02  0.7328365E+01  0.8161570E+01  Si
  0.3322047E+02  0.1494797E+02  0.1050649E+02  Si
  0.4162487E+02  0.3742746E+01  0.1178315E+02  Si
  0.3375375E+02  0.2060318E+01  0.1828780E+01  Si
  0.4192895E+02  0.9636780E+01  0.6632924E+01  Si
  0.3285540E+02  0.1751153E+02  0.1027678E+02  Si
  0.4180539E+02  0.9222565E+01  0.1697660E+02  Si
  0.3759673E+02  0.8307150E+01  0.1262739E+02  Si
  0.2386241E+02  0.1299621E+02  0.2104576E+02  Si
  0.3939903E+02  0.1738052E+02  0.1111166E+02  Si
  0.3162616E+02  0.9766774E+01  0.1656392E+02  Si
  0.3405993E+02  0.1242032E+02  0.4340623E+01  Si
  0.2417716E+02  0.1292675E+01  0.1566641E+02  Si
  0.3388054E+02  0.9175155E+01  0.2959361E+01  Si
  0.2615817E+02  0.9990872E+01  0.2133372E+01  Si
  0.3432878E+02  0.5943036E+01  0.2025328E+02  Si
  0.3071962E+02  0.5404984E+01  0.7695008E+01  Si
  0.2965046E+02  0.1530552E+02  0.2409464E+01  Si
  0.2284231E+02  0.1606761E+02  0.1122263E+02  Si
  0.2203880E+02  0.7219022E+01  0.1824646E+02  Si
  0.2532077E+02  0.7573866E+01  0.4680114E+01  Si
  0.4190575E+02  0.6654652E+01  0.9021694E+01  Si
  0.3236064E+02  0.1401626E+02  0.6446275E+01  Si
  0.3466136E+02  0.9122544E+01  0.9519880E+01  Si
  0.3025431E+02  0.1003350E+02  0.1474907E+02  Si
  0.3233950E+02  0.5276176E+01  0.5806900E+01  Si
  0.2929993E+02  0.1933339E+02  0.1782815E+02  Si
  0.3806382E+02  0.8114842E+01  0.7749971E+01  Si
  0.3940846E+02  0.1471227E+02  0.1463828E+02  Si
  0.3147493E+02  0.5968177E+01  0.2170574E+02  Si
  0.2720568E+02  0.4175617E+01  0.3400626E+01  Si
  0.3710785E+02  0.1632571E+02  0.2022272E+02  Si
  0.4048729E+02  0.1952425E+02  0.1934967E+02  Si
  0.2308936E+02  0.3763173E+01  0.1450460E+02  Si
  0.2610900E+02  0.2051842E+02  0.3389154E+01  Si
  0.2412530E+02  0.1951884E+02  0.1093335E+02  Si
  0.3805012E+02  0.1117440E+02  0.2160855E+02  Si
  0.4038426E+02  0.1340778E+02  0.4776034E+01  Si
  0.3761345E+02  0.9315746E+01  0.1804732E+02  Si
  0.4229104E+02  0.9564872E+01  0.1199256E+02  Si
  0.4080803E+02  0.2151648E+02  0.1828684E+02  Si
  0.3281995E+02  0.4146161E+01  0.9612018E+00  Si
  0.3375438E+02  0.2756976E+00  0.9357277E+01  Si
  0.3723843E+02  0.1760395E+02  0.1384363E+02  Si
  0.2033091E+02  0.9278124E+01  0.1193098E+02  Si
  0.2171126E+02  0.1340997E+02  0.1818828E+02  Si
  0.3155288E+02  0.1851595E+02  0.3507228E+01  Si
  0.3196765E+02  0.9482133E+01  0.4390708E+01  Si
  0.2635220E+02  0.2255939E+01  0.1478715E+02  Si
  0.2240246E+02  0.1300309E+02  0.1742588E+01  Si
  0.3638009E+02  0.1223198E+02  0.8465142E+01  Si
  0.3880699E+02  0.1540074E+01  0.6397692E+01  Si
  0.2658396E+02  0.1976360E+02  0.1073946E+02  Si
  0.2546524E+02  0.1831857E+02  0.1665005E+02  Si
  0.3135220E+02  0.1422165E+02  0.1196976E+02  Si
  0.3942172E+02  0.1963059E+02  0.8239761E+01  Si
  0.2530553E+02  0.5277781E+01  0.1966906E+02  Si
  0.4214962E+02  0.2052048E+02  0.5987972E+01  Si
  0.3057934E+02  0.1503969E+02  0.1398133E+02  Si
  0.3322551E+02  0.1069468E+02  0.5881299E+01  Si
  0.3778414E+02  0.1610585E+02  0.9723226E+01  Si
  0.3492966E+02  0.1919137E+02  0.5381151E+01  Si
  0.3441823E+02  0.1203470E+02  0.1319413E+02  Si
  0.3790697E+02  0.5582040E+01  0.1050917E+02  Si
  0.4026740E+02  0.2158430E+02  0.1287515E+02  Si
  0.3862691E+02  0.1629421E+02  0.1829043E+02  Si
  0.3295381E+02  0.1249380E+02  0.1073966E+01  Si
  0.4057974E+02  0.2166456E+02  0.1987846E+01  Si
  0.2555520E+02  0.1698536E+01  0.1944008E+02  Si
  0.2789927E+02  0.1841175E+02  0.1478538E+02  Si
  0.3177738E+02  0.1512715E+02  0.8466513E+01  Si
  0.3333930E+02  0.8133446E+01  0.1610856E+02  Si
  0.3939779E+02  0.1250181E+02  0.1697962E+02  Si
  0.2252923E+02  0.2063950E+02  0.1858376E+02  Si
  0.2861143E+02  0.1057869E+02  0.4281446E+01  Si
  0.3395043E+02  0.1602503E+01  0.5775172E+01  Si
  0.3586180E+02  0.1917505E+02  0.7600678E+01  Si
  0.3484429E+02  0.5272127E+01  0.1265803E+02  Si
  0.2412837E+02  0.2099636E+02  0.9722290E+00  Si
  0.2734746E+02  0.2712308E+01  0.1392437E+01  Si
  0.2985561E+02  0.2227444E+01  0.1467897E+02  Si
  0.2660037E+02  0.1465986E+02  0.1117147E+02  Si
  0.3594653E+02  0.2124691E+02  0.1683847E+02  Si
  0.4024881E+02  0.2689368E+01  0.1034275E+02  Si
  0.3315025E+02  0.1878682E+01  0.1555832E+02  Si
  0.4199659E+02  0.2001796E+02  0.1683361E+02  Si
  0.4038957E+02  0.5457290E+01  0.1311485E+02  Si
  0.3161610E+02  0.7352566E+01  0.1352893E+02  Si
  0.4211575E+02  0.1210909E+02  0.8930340E+01  Si
  0.3873690E+02  0.7023188E+01  0.1768524E+02  Si
  0.2562559E+02  0.9986937E+01  0.1658756E+02  Si
  0.3430989E+02  0.1010834E+02  0.1471637E+02  Si
  0.2706773E+02  0.7883271E+01  0.1650953E+02  Si
  0.2176129E+02  0.2129110E+02  0.4941978E+01  Si
  0.1912466E+02  0.1325537E+02  0.1019462E+02  Si
  0.4178387E+02  0.1700707E+02  0.3109214E+01  Si
  0.4202396E+02  0.1712810E+02  0.1396563E+02  Si
  0.2920239E+02  0.1425646E+02  0.1583464E+02  Si
  0.3644138E+02  0.6757252E+01  0.3328184E+01  Si
  0.3768783E+02  0.3147774E+01  0.2022367E+01  Si
  0.3618304E+02  0.9850213E+00  0.4878203E+01  Si
  0.3425601E+02  0.6016015E+01  0.1589143E+02  Si
  0.4079516E+02  0.1063065E+02  0.2529238E+01  Si
  0.3128861E+02  0.1150511E+02  0.1311930E+02  Si
  0.4037446E+02  0.1580746E+02  0.1276601E+02  Si
  0.2409979E+02  0.1890304E+02  0.4726000E+01  Si
  0.2569898E+02  0.2004167E+02  0.5875209E+01  Si
  0.2734168E+02  0.1626235E+02  0.1367134E+02  Si
  0.2180656E+02  0.2886998E+01  0.2081692E+02  Si
  0.2835831E+02  0.3974077E+01  0.2046911E+02  Si
  0.2933083E+02  0.3468191E+01  0.1680057E+02  Si
  0.2984718E+02  0.1629297E+02  0.1199946E+02  Si
  0.2552539E+02  0.1102935E+02  0.2043923E+02  Si
  0.1913273E+02  0.5349031E+01  0.7435372E+01  Si
  0.3108500E+02  0.1004493E+01  0.1946713E+02  Si
  0.3704418E+02  0.1290293E+02  0.1998594E+02  Si
  0.3648423E+02  0.6573199E+01  0.1771697E+02  Si
  0.3631773E+02  0.8036455E+01  0.1462873E+02  Si
  0.3150360E+02  0.9312956E+01  0.1014345E+02  Si
  0.2414573E+02  0.7041248E+01  0.2087377E+02  Si
  0.2300128E+02  0.1217711E+02  0.1075778E+02  Si
  0.3662613E+02  0.9222861E+01  0.6284843E+01  Si
  0.2953261E+02  0.1226605E+02  0.5598393E+01  Si
  0.3380601E+02  0.1820728E+02  0.1237866E+02  Si
  0.2304945E+02  0.8962809E+01  0.1958927E+02  Si
  0.3511000E+02  0.1998024E+02  0.1148188E+02  Si
  0.3536410E+02  0.1430774E+02  0.9557031E+01  Si
  0.2852832E+02  0.1742562E+02  0.1618176E+01  Si
  0.2894394E+02  0.7188454E+01  0.7328904E+01  Si
  0.2991785E+02  0.1949283E+02  0.1996563E+01  Si
  0.3898942E+02  0.6864776E+01  0.8861789E+00  Si
  0.2303422E+02  0.1527674E+01  0.1119982E+02  Si
  0.4210936E+02  0.1461562E+02  0.6001194E+01  Si
  0.3675902E+02  0.4475992E+01  0.8071350E+01  Si
  0.3337608E+02  0.1823499E+02  0.1691244E+02  Si
  0.3027942E+02  0.6110995E+01  0.3485516E+01  Si
  0.3233520E+02  0.1120930E+02  0.1820171E+02  Si
  0.2381911E+02  0.7372329E+01  0.1321298E+02  Si
  0.3701931E+02  0.2006432E+02  0.4615838E+01  Si
  0.3812862E+02  0.1652694E+02  0.1571507E+02  Si
  0.3900325E+02  0.9162918E+00  0.1715297E+02  Si
  0.2517364E+02  0.1320873E+02  0.1261560E+02  Si
  0.3095373E+02  0.7500896E+01  0.5240575E+01  Si
  0.2482692E+02  0.1242747E+02  0.8066131E+01  Si
  0.2959279E+02  0.9384209E+01  0.2049156E+02  Si
  0.2757260E+02  0.8438122E+01  0.1850389E+02  Si
  0.3350853E+02  0.1413332E+02  0.1557908E+02  Si
  0.3061573E+02  0.1374879E+02  0.8800717E+00  Si
  0.2069162E+02  0.9094700E+01  0.1729555E+02  Si
  0.4100426E+02  0.1871745E+02  0.4497476E+01  Si
  0.3732832E+02  0.1722894E+02  0.7732957E+01  Si
  0.2966779E+02  0.2002761E+02  0.6208630E+01  Si
  0.2417395E+02  0.5733365E+01  0.1243115E+01  Si
  0.2891569E+02  0.1442280E+02  0.4716931E+01  Si
  0.3809166E+02  0.4979880E+01  0.1628441E+02  Si
  0.3120592E+02  0.5027182E+01  0.1703401E+02  Si
  0.2995237E+02  0.1781662E+02  0.1385266E+02  Si
  0.3510541E+02  0.1028876E+02  0.7344928E+01  Si
  0.2958531E+02  0.1552728E+00  0.5093492E+01  Si
  0.3526393E+02  0.1768086E+02  0.1951292E+01  Si
  0.3486586E+02  0.1449011E+02  0.7217774E+01  Si
  0.2802779E+02  0.5881839E+01  0.1530750E+02  Si
  0.3753203E+02  0.1336440E+02  0.2104377E+01  Si
  0.2361274E+02  0.1970274E+02  0.1486507E+02  Si
  0.4050471E+02  0.5478698E+01  0.2251519E+01  Si
  0.3570433E+02  0.2779023E+01  0.3229663E+01  Si
  0.3141171E+02  0.1200311E+02  0.7011996E+01  Si
  0.3624677E+02  0.3475095E+01  0.1689735E+02  Si
  0.4162920E+02  0.1419106E+01  0.8918549E+01  Si
  0.2058356E+02  0.1227730E+02  0.1438157E+02  Si
  0.3660455E+02  0.4107837E+01  0.1161325E+02  Si
  0.2477377E+02  0.1659677E+02  0.5665387E+01  Si
  0.3372407E+02  0.1604961E+02  0.1540357E+01  Si
  0.3056503E+02  0.1286237E+02  0.1033203E+02  Si
  0.3059436E+02  0.1724093E+02  0.9732800E+01  Si
  0.2283935E+02  0.1775688E+02  0.9777385E+01  Si
  0.2519585E+02  0.3010794E+01  0.7893450E+01  Si
  0.4208040E+02  0.3965822E+01  0.6396170E+01  Si
  0.2751017E+02  0.6298378E+01  0.1989134E+02  Si
  0.3535303E+02  0.8232719E+01  0.4497642E+01  Si
  0.3266151E+02  0.1068514E+02  0.2122638E+02  Si
  0.3977603E+02  0.1495773E+02  0.8944831E+01  Si
  0.2158960E+02  0.1028319E+02  0.9961954E+01  Si
  0.2437760E+02  0.1036479E+02  0.6947249E+01  Si
  0.2666295E+02  0.2092305E+02  0.2000078E+02  Si
  0.2652816E+02  0.1100588E+02  0.5384064E+01  Si
  0.3815218E+02  0.1378738E+02  0.7823446E+01  Si
  0.3471125E+02  0.4933855E+01  0.1798027E+02  Si
  0.3768703E+02  0.1113451E+02  0.1032601E+02  Si
  0.3891593E+02  0.1481496E+02  0.3340782E+01  Si
  0.2590210E+02  0.1969498E+02  0.2737998E+00  Si
  0.4047865E+02  0.3001258E+01  0.5023995E+01  Si
  0.2423351E+02  0.1092225E+02  0.1850645E+02  Si
  0.2701101E+02  0.1229705E+02  0.1044912E+02  Si
  0.3331397E+02  0.2834552E+01  0.2056650E+02  Si
  0.3542223E+02  0.1780490E+02  0.2021930E+02  Si
  0.3504324E+02  0.3473021E+01  0.9815382E+01  Si
  0.3387377E+02  0.2045009E+02  0.1789737E+02  Si
  0.4183306E+02  0.9233203E+00  0.1469536E+02  Si
  0.4082230E+02  0.1632731E+02  0.7184711E+01  Si
  0.3288038E+02  0.4359585E+01  0.1129708E+02  Si
  0.2844362E+02  0.2038424E+02  0.3612098E+01  Si
  0.3913989E+02  0.3784205E+01  0.1982348E+02  Si
  0.2128414E+02  0.9600183E+01  0.4229932E+01  Si
  0.2157067E+02  0.4802922E+01  0.4803919E+01  Si
  0.3024687E+02  0.2103249E+02  0.8263389E+01  Si
  0.2160889E+02  0.2049766E+01  0.7649889E+01  Si
  0.3558518E+02  0.2024141E+02  0.1965105E+02  Si
  0.2633500E+02  0.1837710E+02  0.2455066E+01  Si
  0.3836932E+02  0.5190250E+00  0.4230041E+01  Si
  0.2310873E+02  0.1420019E+02  0.9385872E+01  Si
  0.2444883E+02  0.1590787E+02  0.1978400E+01  Si
  0.2159000E+02  0.5270201E+01  0.1596871E+02  Si
  0.2704893E+02  0.2025385E+02  0.1365960E+02  Si
  0.4223239E+02  0.1204744E+02  0.1465890E+02  Si
  0.3939633E+02  0.9274359E+01  0.3656924E+01  Si
  0.3633730E+02  0.5771337E+01  0.1479405E+02  Si
  0.3688780E+02  0.8879043E+01  0.1030704E+02  Si
  0.4168477E+02  0.6786122E+01  0.1467614E+02  Si
  0.3784381E+02  0.2414912E+01  0.1840114E+02  Si
  0.3313844E+02  0.7734374E+01  0.1873370E+02  Si
  0.3679516E+02  0.2745960E+01  0.6258316E+01  Si
  0.3110287E+02  0.2954394E+01  0.2512031E+01  Si
  0.2620467E+02  0.1782827E+01  0.6172053E+01  Si
  0.3130992E+02  0.1660919E+02  0.6743251E+01  Si
  0.3920479E+02  0.3803029E+01  0.1439705E+02  Si
  0.3364960E+02  0.1968691E+01  0.1129362E+02  Si
  0.3917900E+02  0.9675519E+01  0.1994000E+02  Si
  0.2882134E+02  0.4846876E+01  0.6297753E+01  Si
  0.2786776E+02  0.6218981E+00  0.7826563E+01  Si
  0.2907417E+02  0.1188098E+02  0.7816202E+01  Si
  0.3870138E+02  0.1741974E+02  0.1472933E+00  Si
  0.3190536E+02  0.1496109E+02  0.1709678E+02  Si
  0.3329430E+02  0.1480073E+02  0.4070566E+01  Si
  0.3206279E+02  0.1581593E+02  0.1922013E+02  Si
  0.3281550E+02  0.4137843E+01  0.1540845E+02  Si
  0.3677349E+02  0.6709879E+00  0.1396020E+02  Si
  0.2870457E+02  0.7156274E+01  0.1068276E+02  Si
  0.3894499E+02  0.1380969E+02  0.1871652E+02  Si
  0.2455375E+02  0.1300534E+02  0.4268461E+01  Si
  0.3548502E+02  0.1593497E+01  0.1584186E+02  Si
  0.3755685E+02  0.5668577E+01  0.4904919E+01  Si
  0.2310968E+02  0.4690097E+00  0.6317482E+01  Si
  0.2185476E+02  0.1774653E+02  0.1242385E+02  Si
  0.2295802E+02  0.2035756E+02  0.3219055E+01  Si
  0.2599809E+02  0.1634161E+02  0.3693557E+01  Si
  0.3787880E+02  0.1065693E+02  0.4963147E+01  Si
  0.2368297E+02  0.6218605E+01  0.1679112E+02  Si
  0.3944557E+02  0.1232685E+02  0.1220464E+01  Si
  0.4187713E+02  0.1221087E+02  0.1965442E+02  Si
  0.3132978E+02  0.1787609E+01  0.2160686E+02  Si
  0.3865998E+02  0.1872408E+02  0.1799485E+02  Si
  0.3363372E+02  0.1342180E+02  0.1799443E+02  Si
  0.2542658E+02  0.1477068E+02  0.9258847E+01  Si
  0.3633973E+02  0.4206543E+01  0.5081715E+00  Si
  0.2068004E+02  0.2006816E+02  0.5756268E+00  Si
  0.3200198E+02  0.1981826E+02  0.5586935E+01  Si
  0.3663006E+02  0.6972789E+01  0.2014203E+02  Si
  0.2475379E+02  0.1807836E+02  0.2074281E+02  Si
  0.3306242E+02  0.1778444E+02  0.6371143E+01  Si
  0.2065456E+02  0.1527515E+02  0.1088566E+02  Si
  0.3120791E+02  0.1788838E+02  0.1827739E+02  Si
  0.2947578E+02  0.3784047E+01  0.4223284E+01  Si
  0.3069033E+02  0.1673318E+02  0.1590045E+02  Si
  0.4033823E+02  0.1334378E+02  0.2085391E+02  Si
  0.3374427E+02  0.2095228E+02  0.2137712E+02  Si
  0.2508669E+02  0.8844572E+00  0.1164770E+02  Si
  0.3286318E+02  0.1082730E+02  0.1160877E+02  Si
  0.3846036E+02  0.1678815E+02  0.4835024E+01  Si
  0.2655674E+02  0.2463861E+01  0.1237846E+02  Si
  0.2106629E+02  0.1750375E+02  0.1943142E+02  Si
  0.2879788E+02  0.2016591E+02  0.1186483E+02  Si
  0.3912050E+02  0.1209454E+02  0.1198564E+02  Si
  0.3640465E+02  0.1210243E+02  0.3926488E+01  Si
  0.3919446E+02  0.1171726E+01  0.1150798E+02  Si
  0.2374372E+02  0.2734063E+01  0.6069809E+01  Si
  0.2179295E+02  0.1329278E+02  0.7545043E+01  Si
  0.3003770E+02  0.9638692E+01  0.1114675E+01  Si
  0.2542572E+02  0.5093380E+01  0.4893690E+01  Si
  0.2221710E+02  0.8107500E+01  0.2397576E+01  Si
  0.3443994E+02  0.1646660E+02  0.1577608E+02  Si
  0.4189753E+02  0.4000379E+01  0.1701605E+02  Si
  0.2777287E+02  0.1091183E+02  0.1784847E+02  Si
  0.2953240E+02  0.2090000E+02  0.1968470E+02  Si
  0.2525615E+02  0.9018475E+01  0.1260628E+02  Si
  0.4232535E+02  0.1483664E+02  0.1177754E+02  Si
  0.2479371E+02  0.2069207E+02  0.1318754E+02  Si
  0.3349500E+02  0.7296674E+01  0.1085769E+02  Si
  0.1906112E+02  0.1079984E+02  0.1314922E+02  Si
  0.2500112E+02  0.4620777E+01  0.1771533E+02  Si
  0.2768378E+02  0.1610432E+02  0.1609401E+02  Si
  0.2333902E+02  0.1104109E+01  0.2927975E+01  Si
  0.4048811E+02  0.8224497E+01  0.2128103E+02  Si
  0.4063224E+02  0.1075614E+02  0.1328237E+02  Si
  0.3030479E+02  0.1534650E+02  0.2084767E+02  Si
  0.3416448E+02  0.1951344E+02  0.9487866E+01  Si
  0.3980705E+02  0.1972643E+02  0.2166977E+02  Si
  0.4316673E+02  0.2171461E+02  0.2124967E+02  Si
  0.4592639E+02  0.2549125E+01  0.2120103E+02  Si
  0.4624602E+02  0.6500288E-01  0.2279803E+01  Si
  0.4330942E+02  0.2788015E+01  0.2465128E+01  Si
  0.4461221E+02  0.1486855E+01  0.1033145E+01  Si
  0.4728539E+02  0.3997710E+01  0.8715614E+00  Si
  0.4756485E+02  0.1515996E+01  0.3644609E+01  Si
  0.4461191E+02  0.4315309E+01  0.3744171E+01  Si
  0.4888342E+02  0.2143643E+02  0.2115304E+02  Si
  0.5137235E+02  0.2633276E+01  0.2107919E+02  Si
  0.5159347E+02  0.2155890E+02  0.1993135E+01  Si
  0.4888959E+02  0.2810714E+01  0.2037217E+01  Si
  0.5015427E+02  0.1270206E+01  0.8430993E+00  Si
  0.5292609E+02  0.3752532E+01  0.6478811E+00  Si
  0.5276783E+02  0.1379374E+01  0.3396403E+01  Si
  0.5016941E+02  0.3954951E+01  0.3531498E+01  Si
  0.5373934E+02  0.2122596E+02  0.2091280E+02  Si
  0.5704790E+02  0.2169430E+01  0.2100373E+02  Si
  0.5672347E+02  0.2150287E+02  0.2070155E+01  Si
  0.5428121E+02  0.2593253E+01  0.1973439E+01  Si
  0.5544166E+02  0.9775852E+00  0.3724052E+00  Si
  0.5836524E+02  0.3694133E+01  0.5086384E+00  Si
  0.5830506E+02  0.1215549E+01  0.3514634E+01  Si
  0.5576700E+02  0.3905073E+01  0.3411633E+01  Si
  0.5959543E+02  0.2136568E+02  0.2120191E+02  Si
  0.6238297E+02  0.2374746E+01  0.2116759E+02  Si
  0.6228129E+02  0.2141937E+02  0.1819532E+01  Si
  0.5962915E+02  0.2447691E+01  0.2018142E+01  Si
  0.6106860E+02  0.9520769E+00  0.5967497E+00  Si
  0.6367934E+02  0.4061536E+01  0.5904467E+00  Si
  0.6403850E+02  0.9171569E+00  0.3328314E+01  Si
  0.6102595E+02  0.3646148E+01  0.3364076E+01  Si
  0.4317318E+02  0.5385490E+01  0.2115981E+02  Si
  0.4580228E+02  0.8089395E+01  0.2109255E+02  Si
  0.4582460E+02  0.5434606E+01  0.2109958E+01  Si
  0.4305135E+02  0.8106868E+01  0.2209749E+01  Si
  0.4441466E+02  0.6886628E+01  0.8112779E+00  Si
  0.4722297E+02  0.9224150E+01  0.7617981E+00  Si
  0.4736809E+02  0.6636087E+01  0.3421704E+01  Si
  0.4458296E+02  0.9362821E+01  0.3562094E+01  Si
  0.4862725E+02  0.5226374E+01  0.2115074E+02  Si
  0.5148017E+02  0.7935500E+01  0.2087195E+02  Si
  0.5162607E+02  0.5236388E+01  0.2117128E+01  Si
  0.4885140E+02  0.7965794E+01  0.2015377E+01  Si
  0.5013709E+02  0.6515925E+01  0.7637553E+00  Si
  0.5286259E+02  0.9017250E+01  0.5507423E+00  Si
  0.5294742E+02  0.6673076E+01  0.3686531E+01  Si
  0.4999037E+02  0.9207614E+01  0.3658689E+01  Si
  0.5411746E+02  0.5312967E+01  0.2107618E+02  Si
  0.5685512E+02  0.8093982E+01  0.2122765E+02  Si
  0.5697780E+02  0.5157782E+01  0.1818228E+01  Si
  0.5412437E+02  0.7765461E+01  0.2054379E+01  Si
  0.5541927E+02  0.6585517E+01  0.6854713E+00  Si
  0.5821501E+02  0.9466313E+01  0.8209783E+00  Si
  0.5833430E+02  0.6256705E+01  0.3450404E+01  Si
  0.5566337E+02  0.9188089E+01  0.3204712E+01  Si
  0.5986748E+02  0.5241620E+01  0.2124890E+02  Si
  0.6226093E+02  0.7962963E+01  0.2109410E+02  Si
  0.6225533E+02  0.5213264E+01  0.2108289E+01  Si
  0.5959332E+02  0.8061810E+01  0.2235562E+01  Si
  0.6099092E+02  0.6666496E+01  0.9231463E+00  Si
  0.6351831E+02  0.9192671E+01  0.8091916E+00  Si
  0.6368866E+02  0.6539166E+01  0.3483006E+01  Si
  0.6126068E+02  0.9392319E+01  0.3540295E+01  Si
  0.4323530E+02  0.1084713E+02  0.2105696E+02  Si
  0.4602992E+02  0.1348191E+02  0.2118994E+02  Si
  0.4574740E+02  0.1083975E+02  0.2012270E+01  Si
  0.4274400E+02  0.1361951E+02  0.2151809E+01  Si
  0.4445132E+02  0.1235186E+02  0.8998713E+00  Si
  0.4777286E+02  0.1466427E+02  0.8750172E+00  Si
  0.4731022E+02  0.1239958E+02  0.3315568E+01  Si
  0.4472312E+02  0.1469597E+02  0.3076358E+01  Si
  0.4865742E+02  0.1070347E+02  0.2106272E+02  Si
  0.5143381E+02  0.1316786E+02  0.2118062E+02  Si
  0.5162425E+02  0.1032448E+02  0.2210952E+01  Si
  0.4924403E+02  0.1337616E+02  0.2203330E+01  Si
  0.5010708E+02  0.1164942E+02  0.8022975E+00  Si
  0.5263334E+02  0.1480109E+02  0.8165727E+00  Si
  0.5286258E+02  0.1192855E+02  0.3430867E+01  Si
  0.5008084E+02  0.1490219E+02  0.3716774E+01  Si
  0.5403392E+02  0.1072054E+02  0.2102345E+02  Si
  0.5688461E+02  0.1330849E+02  0.2121657E+02  Si
  0.5713073E+02  0.1087670E+02  0.2350267E+01  Si
  0.5412794E+02  0.1348228E+02  0.2094807E+01  Si
  0.5560139E+02  0.1202636E+02  0.7856472E+00  Si
  0.5842970E+02  0.1468161E+02  0.7550236E+00  Si
  0.5850678E+02  0.1226001E+02  0.3468361E+01  Si
  0.5529738E+02  0.1525701E+02  0.3462190E+01  Si
  0.5968381E+02  0.1085023E+02  0.2118784E+02  Si
  0.6272421E+02  0.1328241E+02  0.2106964E+02  Si
  0.6254107E+02  0.1087630E+02  0.2113027E+01  Si
  0.5995660E+02  0.1362634E+02  0.2286680E+01  Si
  0.6115724E+02  0.1217692E+02  0.7288110E+00  Si
  0.6417478E+02  0.1487632E+02  0.5759707E+00  Si
  0.6389834E+02  0.1205633E+02  0.3523981E+01  Si
  0.6125328E+02  0.1496611E+02  0.3707192E+01  Si
  0.4334461E+02  0.1622526E+02  0.2092885E+02  Si
  0.4595730E+02  0.1890675E+02  0.2136740E+02  Si
  0.4633890E+02  0.1600234E+02  0.1882847E+01  Si
  0.4325449E+02  0.1837116E+02  0.2388686E+01  Si
  0.4482805E+02  0.1736057E+02  0.8192778E+00  Si
  0.4719058E+02  0.2030697E+02  0.8304938E+00  Si
  0.4732816E+02  0.1741632E+02  0.3253157E+01  Si
  0.4585922E+02  0.2078266E+02  0.4482208E+01  Si
  0.4859832E+02  0.1602404E+02  0.2097795E+02  Si
  0.5156059E+02  0.1878938E+02  0.2123230E+02  Si
  0.5114685E+02  0.1634342E+02  0.2061461E+01  Si
  0.4864676E+02  0.1899806E+02  0.2200608E+01  Si
  0.4977303E+02  0.1754808E+02  0.6169214E+00  Si
  0.5271464E+02  0.1990265E+02  0.1054750E+01  Si
  0.5236451E+02  0.1752785E+02  0.3594451E+01  Si
  0.5021067E+02  0.2020262E+02  0.3281996E+01  Si
  0.5417047E+02  0.1617344E+02  0.2127471E+02  Si
  0.5691044E+02  0.1850791E+02  0.2095544E+02  Si
  0.5709435E+02  0.1623332E+02  0.2171250E+01  Si
  0.5424603E+02  0.1862693E+02  0.2390037E+01  Si
  0.5563633E+02  0.1728979E+02  0.6993945E+00  Si
  0.5813674E+02  0.1995847E+02  0.9654220E+00  Si
  0.5850210E+02  0.1749533E+02  0.3607963E+01  Si
  0.5538755E+02  0.2040050E+02  0.3649307E+01  Si
  0.6024166E+02  0.1595971E+02  0.2112627E+02  Si
  0.6252924E+02  0.1893623E+02  0.2099746E+02  Si
  0.6273815E+02  0.1614617E+02  0.2081832E+01  Si
  0.5965623E+02  0.1868250E+02  0.1966068E+01  Si
  0.6139732E+02  0.1751401E+02  0.7718590E+00  Si
  0.6387405E+02  0.2027345E+02  0.8895351E+00  Si
  0.6378229E+02  0.1743864E+02  0.3394574E+01  Si
  0.6101514E+02  0.2014278E+02  0.3328777E+01  Si
  0.4337220E+02  0.1813985E+00  0.4434355E+01  Si
  0.4593298E+02  0.2757333E+01  0.4943563E+01  Si
  0.4579727E+02  0.2048378E+00  0.7705988E+01  Si
  0.4341575E+02  0.2335226E+01  0.7701665E+01  Si
  0.4455125E+02  0.1460709E+01  0.5949513E+01  Si
  0.4743922E+02  0.3950329E+01  0.6243868E+01  Si
  0.4724618E+02  0.1585027E+01  0.9015346E+01  Si
  0.4436669E+02  0.4291569E+01  0.8692047E+01  Si
  0.4896069E+02  0.2165278E+02  0.4648727E+01  Si
  0.5134908E+02  0.2695009E+01  0.4873456E+01  Si
  0.5144159E+02  0.2164068E+02  0.7487422E+01  Si
  0.4868543E+02  0.2586432E+01  0.7685616E+01  Si
  0.5007602E+02  0.1361951E+01  0.6346531E+01  Si
  0.5278294E+02  0.4164964E+01  0.6273513E+01  Si
  0.5269691E+02  0.1348404E+01  0.8856679E+01  Si
  0.5028574E+02  0.3920710E+01  0.8991018E+01  Si
  0.5404147E+02  0.2164155E+02  0.4985821E+01  Si
  0.5700392E+02  0.2436578E+01  0.4914798E+01  Si
  0.5683777E+02  0.2146367E+02  0.7511370E+01  Si
  0.5409890E+02  0.2771944E+01  0.7749129E+01  Si
  0.5532982E+02  0.1242636E+01  0.6483878E+01  Si
  0.5831127E+02  0.3942208E+01  0.6381219E+01  Si
  0.5816848E+02  0.1234750E+01  0.9016923E+01  Si
  0.5542098E+02  0.4163423E+01  0.8871931E+01  Si
  0.5984091E+02  0.2151121E+02  0.4885004E+01  Si
  0.6248842E+02  0.2342100E+01  0.4495749E+01  Si
  0.6257651E+02  0.2167920E+02  0.7392863E+01  Si
  0.5993255E+02  0.2802377E+01  0.7907882E+01  Si
  0.6108125E+02  0.1174111E+01  0.6282372E+01  Si
  0.6355764E+02  0.3734954E+01  0.6200651E+01  Si
  0.6384631E+02  0.1353034E+01  0.8808111E+01  Si
  0.6132888E+02  0.3970035E+01  0.9492615E+01  Si
  0.4308839E+02  0.5511212E+01  0.4978665E+01  Si
  0.4620526E+02  0.8037224E+01  0.4633624E+01  Si
  0.4586221E+02  0.5375359E+01  0.7276520E+01  Si
  0.4328710E+02  0.8119499E+01  0.7680625E+01  Si
  0.4461801E+02  0.6953995E+01  0.5936120E+01  Si
  0.4757843E+02  0.9419275E+01  0.5805002E+01  Si
  0.4739100E+02  0.6674745E+01  0.8990454E+01  Si
  0.4465734E+02  0.9538335E+01  0.8848089E+01  Si
  0.4869825E+02  0.5254332E+01  0.4771581E+01  Si
  0.5161319E+02  0.8019749E+01  0.4830450E+01  Si
  0.5152117E+02  0.5473820E+01  0.7576649E+01  Si
  0.4869450E+02  0.7947986E+01  0.7442561E+01  Si
  0.5015426E+02  0.6657610E+01  0.6184688E+01  Si
  0.5290889E+02  0.9490017E+01  0.6201712E+01  Si
  0.5324020E+02  0.6788226E+01  0.8881122E+01  Si
  0.5025301E+02  0.9260238E+01  0.8770184E+01  Si
  0.5438613E+02  0.5116131E+01  0.4955011E+01  Si
  0.5691623E+02  0.8015794E+01  0.4548043E+01  Si
  0.5681480E+02  0.5315923E+01  0.7489715E+01  Si
  0.5429080E+02  0.8208453E+01  0.7441225E+01  Si
  0.5547778E+02  0.6715570E+01  0.6222046E+01  Si
  0.5818884E+02  0.9445518E+01  0.5843983E+01  Si
  0.5834503E+02  0.6708031E+01  0.8833570E+01  Si
  0.5558978E+02  0.9197282E+01  0.8942893E+01  Si
  0.5961686E+02  0.5157672E+01  0.4866813E+01  Si
  0.6247072E+02  0.7809831E+01  0.4961403E+01  Si
  0.6220328E+02  0.5051338E+01  0.7470988E+01  Si
  0.5947739E+02  0.8114179E+01  0.7279858E+01  Si
  0.6092469E+02  0.6573337E+01  0.6245062E+01  Si
  0.6369136E+02  0.9206286E+01  0.6313389E+01  Si
  0.6362773E+02  0.6316323E+01  0.8845429E+01  Si
  0.6070203E+02  0.9288589E+01  0.8875335E+01  Si
  0.4331054E+02  0.1053427E+02  0.4923515E+01  Si
  0.4598207E+02  0.1362901E+02  0.4770859E+01  Si
  0.4587990E+02  0.1071810E+02  0.7148544E+01  Si
  0.4352304E+02  0.1350620E+02  0.7592235E+01  Si
  0.4444321E+02  0.1231258E+02  0.5926068E+01  Si
  0.4725965E+02  0.1464068E+02  0.6462575E+01  Si
  0.4722713E+02  0.1189510E+02  0.8688869E+01  Si
  0.4483688E+02  0.1491034E+02  0.8774834E+01  Si
  0.4891585E+02  0.1098178E+02  0.4496452E+01  Si
  0.5155539E+02  0.1335376E+02  0.4946719E+01  Si
  0.5140131E+02  0.1051398E+02  0.7602985E+01  Si
  0.4870982E+02  0.1328166E+02  0.7411722E+01  Si
  0.5020681E+02  0.1200775E+02  0.6167236E+01  Si
  0.5244742E+02  0.1487760E+02  0.6558725E+01  Si
  0.5249457E+02  0.1190325E+02  0.9011532E+01  Si
  0.4985966E+02  0.1478064E+02  0.9003467E+01  Si
  0.5450088E+02  0.1063648E+02  0.4753023E+01  Si
  0.5677816E+02  0.1362522E+02  0.4499645E+01  Si
  0.5690418E+02  0.1062372E+02  0.7448204E+01  Si
  0.5410189E+02  0.1351847E+02  0.7806785E+01  Si
  0.5555660E+02  0.1230662E+02  0.6203708E+01  Si
  0.5816133E+02  0.1468737E+02  0.6067788E+01  Si
  0.5819537E+02  0.1220215E+02  0.8625180E+01  Si
  0.5541277E+02  0.1489749E+02  0.8883331E+01  Si
  0.5979671E+02  0.1092123E+02  0.4767932E+01  Si
  0.6264282E+02  0.1357832E+02  0.4939532E+01  Si
  0.6239397E+02  0.1059907E+02  0.7768834E+01  Si
  0.5969678E+02  0.1344709E+02  0.7475347E+01  Si
  0.6137578E+02  0.1198488E+02  0.6302270E+01  Si
  0.6409893E+02  0.1494145E+02  0.6203361E+01  Si
  0.6387962E+02  0.1216606E+02  0.9074167E+01  Si
  0.6102130E+02  0.1489698E+02  0.8631247E+01  Si
  0.4337254E+02  0.1595731E+02  0.4424873E+01  Si
  0.4528078E+02  0.1864820E+02  0.3882177E+01  Si
  0.4606504E+02  0.1623281E+02  0.7381360E+01  Si
  0.4369965E+02  0.1889840E+02  0.7117278E+01  Si
  0.4469462E+02  0.1724911E+02  0.5818071E+01  Si
  0.4736816E+02  0.2076601E+02  0.6287183E+01  Si
  0.4714406E+02  0.1776599E+02  0.8899094E+01  Si
  0.4453278E+02  0.2047600E+02  0.8870256E+01  Si
  0.4851566E+02  0.1620059E+02  0.4975450E+01  Si
  0.5121196E+02  0.1880210E+02  0.5099027E+01  Si
  0.5111853E+02  0.1625838E+02  0.7914944E+01  Si
  0.4854818E+02  0.1898243E+02  0.7399834E+01  Si
  0.4983079E+02  0.1754021E+02  0.6286596E+01  Si
  0.5269249E+02  0.2013056E+02  0.6224541E+01  Si
  0.5288281E+02  0.1791248E+02  0.8865709E+01  Si
  0.5011767E+02  0.2019086E+02  0.8793818E+01  Si
  0.5360034E+02  0.1609620E+02  0.4827735E+01  Si
  0.5709164E+02  0.1901244E+02  0.4685198E+01  Si
  0.5671854E+02  0.1620998E+02  0.7256492E+01  Si
  0.5421098E+02  0.1895801E+02  0.7460244E+01  Si
  0.5525912E+02  0.1748989E+02  0.5922875E+01  Si
  0.5835649E+02  0.2016680E+02  0.6259840E+01  Si
  0.5807164E+02  0.1748640E+02  0.8913675E+01  Si
  0.5530645E+02  0.2041283E+02  0.8914763E+01  Si
  0.5987930E+02  0.1604818E+02  0.5062804E+01  Si
  0.6232211E+02  0.1869542E+02  0.4646725E+01  Si
  0.6273979E+02  0.1646608E+02  0.7501091E+01  Si
  0.5952878E+02  0.1894117E+02  0.7806739E+01  Si
  0.6099970E+02  0.1766277E+02  0.6262615E+01  Si
  0.6377053E+02  0.2000595E+02  0.6029392E+01  Si
  0.6377369E+02  0.1796897E+02  0.8865755E+01  Si
  0.6084029E+02  0.2086091E+02  0.8766359E+01  Si
  0.4309759E+02  0.7943571E-01  0.1026642E+02  Si
  0.4522866E+02  0.2618181E+01  0.1004201E+02  Si
  0.4583363E+02  0.2756033E-01  0.1302508E+02  Si
  0.4312710E+02  0.2517520E+01  0.1332596E+02  Si
  0.4437701E+02  0.1485254E+01  0.1165085E+02  Si
  0.4696595E+02  0.3768769E+01  0.1110198E+02  Si
  0.4717251E+02  0.1497837E+01  0.1417448E+02  Si
  0.4440626E+02  0.4102935E+01  0.1433197E+02  Si
  0.4860265E+02  0.6944493E-02  0.1010848E+02  Si
  0.5161549E+02  0.2736111E+01  0.1033218E+02  Si
  0.5154334E+02  0.1250766E+00  0.1315860E+02  Si
  0.4866839E+02  0.2838262E+01  0.1273184E+02  Si
  0.4998308E+02  0.1225740E+01  0.1157779E+02  Si
  0.5304646E+02  0.4095240E+01  0.1157828E+02  Si
  0.5269113E+02  0.1597588E+01  0.1447110E+02  Si
  0.4997396E+02  0.4426929E+01  0.1408015E+02  Si
  0.5387430E+02  0.2088944E+00  0.1043015E+02  Si
  0.5677771E+02  0.2656482E+01  0.1038192E+02  Si
  0.5650796E+02  0.2154432E+02  0.1272809E+02  Si
  0.5404435E+02  0.2810040E+01  0.1319317E+02  Si
  0.5542999E+02  0.1624835E+01  0.1166512E+02  Si
  0.5811959E+02  0.4099569E+01  0.1160715E+02  Si
  0.5792568E+02  0.1380284E+01  0.1412252E+02  Si
  0.5551589E+02  0.3916652E+01  0.1470503E+02  Si
  0.5955329E+02  0.5829209E-01  0.1070800E+02  Si
  0.6274605E+02  0.2410836E+01  0.1055374E+02  Si
  0.6241591E+02  0.2127570E+02  0.1315839E+02  Si
  0.5946612E+02  0.2498942E+01  0.1284038E+02  Si
  0.6126952E+02  0.1095664E+01  0.1167428E+02  Si
  0.6381263E+02  0.4100949E+01  0.1168488E+02  Si
  0.6399561E+02  0.9647884E+00  0.1429278E+02  Si
  0.6086143E+02  0.3636679E+01  0.1456026E+02  Si
  0.4311947E+02  0.5283330E+01  0.1062861E+02  Si
  0.4582893E+02  0.7885319E+01  0.1016527E+02  Si
  0.4590210E+02  0.5023716E+01  0.1285388E+02  Si
  0.4323578E+02  0.7991955E+01  0.1326717E+02  Si
  0.4443168E+02  0.6744125E+01  0.1188196E+02  Si
  0.4733025E+02  0.9457669E+01  0.1123652E+02  Si
  0.4694707E+02  0.6873076E+01  0.1404718E+02  Si
  0.4464160E+02  0.9673327E+01  0.1434819E+02  Si
  0.4881117E+02  0.5269128E+01  0.1034155E+02  Si
  0.5143356E+02  0.7939782E+01  0.1021360E+02  Si
  0.5163710E+02  0.5394173E+01  0.1279668E+02  Si
  0.4846581E+02  0.8093827E+01  0.1274845E+02  Si
  0.5007000E+02  0.6659322E+01  0.1175953E+02  Si
  0.5270729E+02  0.8995658E+01  0.1156937E+02  Si
  0.5287358E+02  0.6719588E+01  0.1433031E+02  Si
  0.4998168E+02  0.9374191E+01  0.1419706E+02  Si
  0.5444563E+02  0.5629929E+01  0.1043018E+02  Si
  0.5706688E+02  0.8106168E+01  0.1029039E+02  Si
  0.5677023E+02  0.5130394E+01  0.1325552E+02  Si
  0.5448128E+02  0.8086643E+01  0.1315209E+02  Si
  0.5579323E+02  0.6845475E+01  0.1183542E+02  Si
  0.5833898E+02  0.9259627E+01  0.1177320E+02  Si
  0.5837193E+02  0.6462277E+01  0.1454961E+02  Si
  0.5589206E+02  0.9418303E+01  0.1453242E+02  Si
  0.5940344E+02  0.5192632E+01  0.1030450E+02  Si
  0.6235727E+02  0.7969893E+01  0.9967634E+01  Si
  0.6214856E+02  0.5488033E+01  0.1301766E+02  Si
  0.5960063E+02  0.7821818E+01  0.1312584E+02  Si
  0.6099946E+02  0.6752129E+01  0.1150609E+02  Si
  0.6349232E+02  0.9447866E+01  0.1154667E+02  Si
  0.6377934E+02  0.6711245E+01  0.1415255E+02  Si
  0.6111306E+02  0.9282758E+01  0.1443189E+02  Si
  0.4354282E+02  0.1077089E+02  0.1040994E+02  Si
  0.4598055E+02  0.1340106E+02  0.1009261E+02  Si
  0.4631279E+02  0.1071659E+02  0.1293220E+02  Si
  0.4350553E+02  0.1347638E+02  0.1309959E+02  Si
  0.4476562E+02  0.1216313E+02  0.1174508E+02  Si
  0.4732097E+02  0.1487743E+02  0.1150101E+02  Si
  0.4765970E+02  0.1203315E+02  0.1427778E+02  Si
  0.4482434E+02  0.1484288E+02  0.1409593E+02  Si
  0.4882624E+02  0.1084362E+02  0.1004174E+02  Si
  0.5136799E+02  0.1356792E+02  0.1041847E+02  Si
  0.5107052E+02  0.1061927E+02  0.1271939E+02  Si
  0.4891677E+02  0.1349751E+02  0.1313648E+02  Si
  0.4980517E+02  0.1232928E+02  0.1149254E+02  Si
  0.5281892E+02  0.1517808E+02  0.1159423E+02  Si
  0.5286177E+02  0.1187146E+02  0.1392499E+02  Si
  0.5025134E+02  0.1495012E+02  0.1430290E+02  Si
  0.5403917E+02  0.1050713E+02  0.1017261E+02  Si
  0.5676408E+02  0.1341008E+02  0.1024440E+02  Si
  0.5710379E+02  0.1076808E+02  0.1300896E+02  Si
  0.5416800E+02  0.1334219E+02  0.1278958E+02  Si
  0.5552943E+02  0.1167202E+02  0.1149154E+02  Si
  0.5839144E+02  0.1432075E+02  0.1163719E+02  Si
  0.5851903E+02  0.1209990E+02  0.1453432E+02  Si
  0.5531584E+02  0.1468121E+02  0.1447190E+02  Si
  0.5933550E+02  0.1082527E+02  0.1027158E+02  Si
  0.6207453E+02  0.1340327E+02  0.1018217E+02  Si
  0.6226016E+02  0.1079978E+02  0.1313448E+02  Si
  0.5968574E+02  0.1343920E+02  0.1327793E+02  Si
  0.6084763E+02  0.1214705E+02  0.1162999E+02  Si
  0.6353375E+02  0.1473686E+02  0.1145924E+02  Si
  0.6383116E+02  0.1199737E+02  0.1429958E+02  Si
  0.6106291E+02  0.1446566E+02  0.1450964E+02  Si
  0.4358157E+02  0.1619095E+02  0.1015069E+02  Si
  0.4611504E+02  0.1948781E+02  0.1033163E+02  Si
  0.4622930E+02  0.1644333E+02  0.1291403E+02  Si
  0.4335905E+02  0.1876096E+02  0.1292244E+02  Si
  0.4486095E+02  0.1776932E+02  0.1153781E+02  Si
  0.4731289E+02  0.2079860E+02  0.1180360E+02  Si
  0.4733868E+02  0.1743425E+02  0.1447827E+02  Si
  0.4482557E+02  0.2011516E+02  0.1437152E+02  Si
  0.4852996E+02  0.1645184E+02  0.1040508E+02  Si
  0.5150811E+02  0.1918834E+02  0.1049198E+02  Si
  0.5142377E+02  0.1623832E+02  0.1293337E+02  Si
  0.4846942E+02  0.1920836E+02  0.1302304E+02  Si
  0.5015063E+02  0.1770825E+02  0.1164916E+02  Si
  0.5297891E+02  0.2033610E+02  0.1186821E+02  Si
  0.5262437E+02  0.1759121E+02  0.1413249E+02  Si
  0.5006345E+02  0.2029839E+02  0.1428594E+02  Si
  0.5386514E+02  0.1623600E+02  0.9835794E+01  Si
  0.5684064E+02  0.1878236E+02  0.1026995E+02  Si
  0.5667921E+02  0.1559263E+02  0.1282751E+02  Si
  0.5435742E+02  0.1853925E+02  0.1291867E+02  Si
  0.5545202E+02  0.1705301E+02  0.1123349E+02  Si
  0.5825933E+02  0.2014184E+02  0.1167117E+02  Si
  0.5806344E+02  0.1707565E+02  0.1416763E+02  Si
  0.5543640E+02  0.2019849E+02  0.1436691E+02  Si
  0.5948008E+02  0.1605821E+02  0.1025294E+02  Si
  0.6220794E+02  0.1929662E+02  0.1004634E+02  Si
  0.6224178E+02  0.1624028E+02  0.1299352E+02  Si
  0.5957915E+02  0.1889568E+02  0.1312827E+02  Si
  0.6082126E+02  0.1766827E+02  0.1149449E+02  Si
  0.6385749E+02  0.2021636E+02  0.1159833E+02  Si
  0.6355167E+02  0.1765936E+02  0.1431493E+02  Si
  0.6080666E+02  0.2036178E+02  0.1443453E+02  Si
  0.4362399E+02  0.2143703E+02  0.1589457E+02  Si
  0.4598903E+02  0.2755498E+01  0.1570504E+02  Si
  0.4612177E+02  0.2163961E+02  0.1882278E+02  Si
  0.4184403E+02  0.1198189E+01  0.2003170E+02  Si
  0.4493956E+02  0.1383573E+01  0.1720056E+02  Si
  0.4724203E+02  0.3731643E+01  0.1710739E+02  Si
  0.4747463E+02  0.1338034E+01  0.2004059E+02  Si
  0.4432475E+02  0.3748195E+01  0.1984181E+02  Si
  0.4843178E+02  0.2151372E+02  0.1562388E+02  Si
  0.5119967E+02  0.2888453E+01  0.1562016E+02  Si
  0.5158966E+02  0.2168694E+02  0.1835487E+02  Si
  0.4879972E+02  0.2458960E+01  0.1828620E+02  Si
  0.4993627E+02  0.1225510E+01  0.1705541E+02  Si
  0.5274562E+02  0.3766309E+01  0.1707933E+02  Si
  0.5282921E+02  0.1381416E+01  0.1988954E+02  Si
  0.5001848E+02  0.4139357E+01  0.1956660E+02  Si
  0.5390204E+02  0.2156531E+02  0.1567318E+02  Si
  0.5688050E+02  0.2725558E+01  0.1581372E+02  Si
  0.5683533E+02  0.2146476E+02  0.1850824E+02  Si
  0.5434142E+02  0.2660614E+01  0.1846499E+02  Si
  0.5548075E+02  0.1155441E+01  0.1704419E+02  Si
  0.5837723E+02  0.3940803E+01  0.1727594E+02  Si
  0.5834044E+02  0.9088830E+00  0.1971911E+02  Si
  0.5558916E+02  0.4008152E+01  0.1996231E+02  Si
  0.5933964E+02  0.1417843E+00  0.1575701E+02  Si
  0.6247478E+02  0.2179205E+01  0.1585486E+02  Si
  0.6258833E+02  0.2138899E+02  0.1853241E+02  Si
  0.5975240E+02  0.2263902E+01  0.1842205E+02  Si
  0.6107232E+02  0.8032878E+00  0.1720151E+02  Si
  0.6393097E+02  0.3623901E+01  0.1717288E+02  Si
  0.6382390E+02  0.1115309E+01  0.1974887E+02  Si
  0.6106743E+02  0.3814108E+01  0.1983968E+02  Si
  0.4289956E+02  0.5466196E+01  0.1562349E+02  Si
  0.4588413E+02  0.8158091E+01  0.1577494E+02  Si
  0.4569155E+02  0.5176996E+01  0.1848651E+02  Si
  0.4316308E+02  0.7931357E+01  0.1824569E+02  Si
  0.4451448E+02  0.6553387E+01  0.1690390E+02  Si
  0.4746885E+02  0.9420910E+01  0.1715974E+02  Si
  0.4707393E+02  0.6430116E+01  0.1999743E+02  Si
  0.4461587E+02  0.9401029E+01  0.1961952E+02  Si
  0.4836318E+02  0.5480775E+01  0.1553076E+02  Si
  0.5132223E+02  0.8128602E+01  0.1544569E+02  Si
  0.5137376E+02  0.5232611E+01  0.1822489E+02  Si
  0.4852348E+02  0.7803398E+01  0.1846545E+02  Si
  0.4999632E+02  0.6663933E+01  0.1679095E+02  Si
  0.5280268E+02  0.9244686E+01  0.1667467E+02  Si
  0.5284980E+02  0.6570566E+01  0.1944188E+02  Si
  0.5011437E+02  0.9382493E+01  0.1969896E+02  Si
  0.5411755E+02  0.5476194E+01  0.1591632E+02  Si
  0.5700837E+02  0.7891402E+01  0.1580519E+02  Si
  0.5698613E+02  0.5245794E+01  0.1858220E+02  Si
  0.5426664E+02  0.8042824E+01  0.1820596E+02  Si
  0.5561249E+02  0.6646052E+01  0.1727398E+02  Si
  0.5838568E+02  0.9578273E+01  0.1727189E+02  Si
  0.5827522E+02  0.6697792E+01  0.1991828E+02  Si
  0.5565122E+02  0.9492675E+01  0.1964889E+02  Si
  0.5985686E+02  0.5244656E+01  0.1587078E+02  Si
  0.6261499E+02  0.8014133E+01  0.1557182E+02  Si
  0.6234695E+02  0.5113036E+01  0.1823364E+02  Si
  0.5961384E+02  0.8019402E+01  0.1865562E+02  Si
  0.6122372E+02  0.6910778E+01  0.1734349E+02  Si
  0.6391737E+02  0.9264577E+01  0.1692136E+02  Si
  0.6375043E+02  0.6558624E+01  0.1989801E+02  Si
  0.6096312E+02  0.9392355E+01  0.1982951E+02  Si
  0.4367769E+02  0.1068814E+02  0.1608873E+02  Si
  0.4625977E+02  0.1345733E+02  0.1552267E+02  Si
  0.4627169E+02  0.1081645E+02  0.1836945E+02  Si
  0.4228304E+02  0.1484080E+02  0.1689177E+02  Si
  0.4505323E+02  0.1231293E+02  0.1700527E+02  Si
  0.4758036E+02  0.1456348E+02  0.1706478E+02  Si
  0.4759102E+02  0.1219285E+02  0.1977506E+02  Si
  0.4487999E+02  0.1490865E+02  0.1964923E+02  Si
  0.4875503E+02  0.1079803E+02  0.1569763E+02  Si
  0.5161288E+02  0.1339200E+02  0.1546847E+02  Si
  0.5142093E+02  0.1056694E+02  0.1806900E+02  Si
  0.4922156E+02  0.1334608E+02  0.1828586E+02  Si
  0.5019635E+02  0.1212720E+02  0.1685763E+02  Si
  0.5296875E+02  0.1496631E+02  0.1708623E+02  Si
  0.5289080E+02  0.1221739E+02  0.1939981E+02  Si
  0.5036494E+02  0.1464407E+02  0.1969737E+02  Si
  0.5409046E+02  0.1069151E+02  0.1561631E+02  Si
  0.5683443E+02  0.1344490E+02  0.1568945E+02  Si
  0.5697256E+02  0.1093679E+02  0.1844976E+02  Si
  0.5441346E+02  0.1364152E+02  0.1835317E+02  Si
  0.5564164E+02  0.1213254E+02  0.1697435E+02  Si
  0.5810459E+02  0.1490080E+02  0.1707858E+02  Si
  0.5834524E+02  0.1201507E+02  0.1991106E+02  Si
  0.5568721E+02  0.1494115E+02  0.1994874E+02  Si
  0.5982222E+02  0.1083523E+02  0.1591575E+02  Si
  0.6268983E+02  0.1333627E+02  0.1576141E+02  Si
  0.6239513E+02  0.1073174E+02  0.1826926E+02  Si
  0.5952995E+02  0.1356181E+02  0.1851855E+02  Si
  0.6115219E+02  0.1231604E+02  0.1709530E+02  Si
  0.6403332E+02  0.1489030E+02  0.1684217E+02  Si
  0.6408563E+02  0.1190839E+02  0.1983816E+02  Si
  0.6147790E+02  0.1446935E+02  0.1961595E+02  Si
  0.4331718E+02  0.1610861E+02  0.1538510E+02  Si
  0.4613348E+02  0.1902367E+02  0.1580052E+02  Si
  0.4620680E+02  0.1589829E+02  0.1823612E+02  Si
  0.4372549E+02  0.1889415E+02  0.1830090E+02  Si
  0.4484206E+02  0.1730584E+02  0.1680656E+02  Si
  0.4740965E+02  0.2022106E+02  0.1741982E+02  Si
  0.4723715E+02  0.1749932E+02  0.1971604E+02  Si
  0.4455678E+02  0.2015104E+02  0.2003519E+02  Si
  0.4882082E+02  0.1596139E+02  0.1567352E+02  Si
  0.5137361E+02  0.1879973E+02  0.1570521E+02  Si
  0.5145116E+02  0.1650206E+02  0.1836024E+02  Si
  0.4879343E+02  0.1872187E+02  0.1842510E+02  Si
  0.4997695E+02  0.1746069E+02  0.1687801E+02  Si
  0.5252980E+02  0.2016061E+02  0.1712455E+02  Si
  0.5288737E+02  0.1764646E+02  0.1987055E+02  Si
  0.5027666E+02  0.2014441E+02  0.1984891E+02  Si
  0.5401722E+02  0.1610779E+02  0.1566828E+02  Si
  0.5701765E+02  0.1872794E+02  0.1566227E+02  Si
  0.5709706E+02  0.1626479E+02  0.1863654E+02  Si
  0.5408064E+02  0.1887210E+02  0.1833849E+02  Si
  0.5551505E+02  0.1728983E+02  0.1698817E+02  Si
  0.5828936E+02  0.2004082E+02  0.1706381E+02  Si
  0.5878776E+02  0.1741344E+02  0.1989477E+02  Si
  0.5546726E+02  0.1999650E+02  0.1969235E+02  Si
  0.5951169E+02  0.1607239E+02  0.1570463E+02  Si
  0.6237748E+02  0.1904872E+02  0.1567584E+02  Si
  0.6266315E+02  0.1599820E+02  0.1850778E+02  Si
  0.5988943E+02  0.1875789E+02  0.1830405E+02  Si
  0.6116198E+02  0.1726553E+02  0.1684088E+02  Si
  0.6389746E+02  0.2006223E+02  0.1718067E+02  Si
  0.6382095E+02  0.1765065E+02  0.1965539E+02  Si
  0.6114289E+02  0.2026218E+02  0.1975134E+02  Si
