         
  0.6515772E+02  0.0000000E+00  0.2171924E+02
  0.0000000E+00  0.0000000E+00  0.2171924E+02
  0.2688978E+00  0.2153472E+02  0.2147581E+02  Si
  0.3017654E+01  0.2322678E+01  0.2137678E+02  Si
  0.2726502E+01  0.2134540E+02  0.2128678E+01  Si
  0.6483447E+02  0.2415069E+01  0.2294834E+01  Si
  0.1509563E+01  0.1320153E+01  0.1035812E+01  Si
  0.4107262E+01  0.3739155E+01  0.9131573E+00  Si
  0.3965891E+01  0.1083905E+01  0.3441906E+01  Si
  0.1136297E+01  0.3808733E+01  0.3603688E+01  Si
  0.5573752E+01  0.2136373E+02  0.2132891E+02  Si
  0.8287683E+01  0.2416078E+01  0.2132457E+02  Si
  0.8142505E+01  0.2133322E+02  0.2489449E+01  Si
  0.5366695E+01  0.2445032E+01  0.2177737E+01  Si
  0.6838442E+01  0.1011048E+01  0.1021061E+01  Si
  0.9353021E+01  0.3706942E+01  0.1230704E+01  Si
  0.9226202E+01  0.1024467E+01  0.3750464E+01  Si
  0.6597427E+01  0.3704607E+01  0.3754777E+01  Si
  0.1071933E+02  0.2097794E+02  0.2161887E+02  Si
  0.1323218E+02  0.2329104E+01  0.9446335E-02  Si
  0.1347429E+02  0.2141467E+02  0.2624223E+01  Si
  0.1063686E+02  0.2278241E+01  0.2407120E+01  Si
  0.1208779E+02  0.7704563E+00  0.1152305E+01  Si
  0.1494131E+02  0.3441333E+01  0.1363604E+01  Si
  0.1481225E+02  0.9981445E+00  0.4208420E+01  Si
  0.1187838E+02  0.3705755E+01  0.3944192E+01  Si
  0.1608316E+02  0.2134656E+02  0.6042071E-01  Si
  0.1914991E+02  0.2544643E+01  0.1301136E+00  Si
  0.1886462E+02  0.2130032E+02  0.2539530E+01  Si
  0.1631310E+02  0.2242509E+01  0.2798323E+01  Si
  0.1769550E+02  0.1106462E+01  0.1357064E+01  Si
  0.2672841E+02  0.3101872E+01  0.1050661E+01  Si
  0.2169238E+02  0.1835175E+01  0.3280137E+01  Si
  0.1752286E+02  0.3694296E+01  0.4034350E+01  Si
  0.1367759E+00  0.4963846E+01  0.2123234E+02  Si
  0.2755201E+01  0.7932712E+01  0.2132072E+02  Si
  0.2686856E+01  0.4954198E+01  0.2299250E+01  Si
  0.1337100E+00  0.8031675E+01  0.2113742E+01  Si
  0.1339500E+01  0.6472301E+01  0.8453666E+00  Si
  0.4232654E+01  0.9249424E+01  0.1077381E+01  Si
  0.3924697E+01  0.6321065E+01  0.3704775E+01  Si
  0.1500324E+01  0.9087460E+01  0.3792180E+01  Si
  0.5565150E+01  0.4990238E+01  0.2130101E+02  Si
  0.8213167E+01  0.7697048E+01  0.2156737E+02  Si
  0.8000911E+01  0.5156472E+01  0.2587334E+01  Si
  0.5468188E+01  0.7657129E+01  0.2543164E+01  Si
  0.6854651E+01  0.6342689E+01  0.1124647E+01  Si
  0.9477415E+01  0.9113035E+01  0.1290370E+01  Si
  0.9247060E+01  0.6346442E+01  0.3882664E+01  Si
  0.6535973E+01  0.9024201E+01  0.3732490E+01  Si
  0.1055126E+02  0.5247120E+01  0.9677199E-01  Si
  0.1324148E+02  0.7661242E+01  0.2156779E+02  Si
  0.1337182E+02  0.4981635E+01  0.2622740E+01  Si
  0.1073421E+02  0.7736095E+01  0.2705126E+01  Si
  0.1198203E+02  0.6385979E+01  0.1459960E+01  Si
  0.1464459E+02  0.9097990E+01  0.1182032E+01  Si
  0.1459496E+02  0.6282065E+01  0.3783457E+01  Si
  0.1211809E+02  0.9431709E+01  0.4027688E+01  Si
  0.1611716E+02  0.5064278E+01  0.2152329E+02  Si
  0.1916896E+02  0.8378576E+01  0.2166967E+02  Si
  0.1899024E+02  0.4809424E+01  0.2560265E+01  Si
  0.1614063E+02  0.7841843E+01  0.2530785E+01  Si
  0.1742215E+02  0.6355997E+01  0.1206222E+01  Si
  0.2061949E+02  0.1010689E+02  0.6197503E+00  Si
  0.2395003E+02  0.1737897E+01  0.1069643E+02  Si
  0.1772684E+02  0.9267069E+01  0.3853328E+01  Si
  0.6511854E+02  0.1039373E+02  0.2120355E+02  Si
  0.2834474E+01  0.1321128E+02  0.2127803E+02  Si
  0.2515791E+01  0.1055839E+02  0.1993451E+01  Si
  0.2090450E+00  0.1335441E+02  0.2109549E+01  Si
  0.1169507E+01  0.1188577E+02  0.6998642E+00  Si
  0.4019623E+01  0.1445356E+02  0.1110363E+01  Si
  0.3707430E+01  0.1173260E+02  0.3693672E+01  Si
  0.1357924E+01  0.1456238E+02  0.3839407E+01  Si
  0.5541357E+01  0.1069248E+02  0.2142466E+02  Si
  0.8282323E+01  0.1316510E+02  0.2145424E+02  Si
  0.7955789E+01  0.1038682E+02  0.2461764E+01  Si
  0.5255701E+01  0.1307273E+02  0.2380384E+01  Si
  0.6790302E+01  0.1205938E+02  0.1088661E+01  Si
  0.9223517E+01  0.1479981E+02  0.1006938E+01  Si
  0.9402964E+01  0.1179204E+02  0.3720300E+01  Si
  0.6525326E+01  0.1450747E+02  0.4020995E+01  Si
  0.1084827E+02  0.1043419E+02  0.2169414E+02  Si
  0.1364146E+02  0.1337320E+02  0.2131758E+02  Si
  0.1342418E+02  0.1072029E+02  0.2550751E+01  Si
  0.1076219E+02  0.1327382E+02  0.2465951E+01  Si
  0.1218961E+02  0.1195338E+02  0.1045689E+01  Si
  0.1456436E+02  0.1468877E+02  0.1184746E+01  Si
  0.1488567E+02  0.1165773E+02  0.3899486E+01  Si
  0.1218270E+02  0.1473048E+02  0.3681593E+01  Si
  0.1588995E+02  0.1055165E+02  0.3193668E-01  Si
  0.1908210E+02  0.1320749E+02  0.2123535E+02  Si
  0.1880643E+02  0.1063464E+02  0.2195190E+01  Si
  0.1608327E+02  0.1335724E+02  0.2498207E+01  Si
  0.1729811E+02  0.1226093E+02  0.6922417E+00  Si
  0.2024357E+02  0.1448031E+02  0.1055252E+01  Si
  0.2178329E+02  0.1354745E+02  0.9095275E+01  Si
  0.1795504E+02  0.1444197E+02  0.3879248E+01  Si
  0.2286100E+00  0.1593991E+02  0.2126931E+02  Si
  0.2820804E+01  0.1865851E+02  0.2118493E+02  Si
  0.2758115E+01  0.1589252E+02  0.2480568E+01  Si
  0.3692161E+00  0.1852696E+02  0.2112495E+01  Si
  0.1769458E+01  0.1711208E+02  0.9127099E+00  Si
  0.4326582E+01  0.1997173E+02  0.1037396E+01  Si
  0.4003325E+01  0.1727080E+02  0.3899424E+01  Si
  0.1190774E+01  0.2001891E+02  0.3625884E+01  Si
  0.5638985E+01  0.1587538E+02  0.2139417E+02  Si
  0.8257306E+01  0.1836910E+02  0.2157781E+02  Si
  0.7840810E+01  0.1585249E+02  0.2615116E+01  Si
  0.5492655E+01  0.1850249E+02  0.2762796E+01  Si
  0.6954247E+01  0.1732155E+02  0.1133166E+01  Si
  0.9538759E+01  0.1986676E+02  0.1322288E+01  Si
  0.9419559E+01  0.1712374E+02  0.3879101E+01  Si
  0.6875668E+01  0.2007080E+02  0.3718967E+01  Si
  0.1073558E+02  0.1591823E+02  0.2149580E+02  Si
  0.1342647E+02  0.1847343E+02  0.2167139E+02  Si
  0.1341034E+02  0.1616962E+02  0.2460610E+01  Si
  0.1088004E+02  0.1867261E+02  0.2617503E+01  Si
  0.1207077E+02  0.1721835E+02  0.1029051E+01  Si
  0.1483814E+02  0.1990303E+02  0.1418571E+01  Si
  0.1507627E+02  0.1720060E+02  0.3812702E+01  Si
  0.1224547E+02  0.2003106E+02  0.3950739E+01  Si
  0.1615803E+02  0.1630979E+02  0.4017136E+00  Si
  0.1908056E+02  0.1886078E+02  0.2150662E+02  Si
  0.1865383E+02  0.1562587E+02  0.2202826E+01  Si
  0.1613401E+02  0.1861523E+02  0.2544564E+01  Si
  0.1800453E+02  0.1773368E+02  0.1388726E+01  Si
  0.2055111E+02  0.2028679E+02  0.9047919E+00  Si
  0.2007294E+02  0.1727577E+02  0.3370066E+01  Si
  0.1744192E+02  0.1995314E+02  0.3848980E+01  Si
  0.6500208E+02  0.2129151E+02  0.5222078E+01  Si
  0.2522585E+01  0.2425798E+01  0.4918985E+01  Si
  0.2875823E+01  0.2142691E+02  0.7807111E+01  Si
  0.6496586E+02  0.2399753E+01  0.7671675E+01  Si
  0.1333445E+01  0.1052554E+01  0.6381420E+01  Si
  0.3837044E+01  0.3531501E+01  0.6467297E+01  Si
  0.4077245E+01  0.1167786E+01  0.9285621E+01  Si
  0.1089912E+01  0.3814023E+01  0.9217015E+01  Si
  0.5382832E+01  0.2136776E+02  0.4624554E+01  Si
  0.7995250E+01  0.2140110E+01  0.5056065E+01  Si
  0.8309548E+01  0.2135593E+02  0.7791665E+01  Si
  0.5358991E+01  0.2265363E+01  0.7837483E+01  Si
  0.6759360E+01  0.7718566E+00  0.6435337E+01  Si
  0.9263849E+01  0.3666841E+01  0.6597390E+01  Si
  0.9486868E+01  0.1016917E+01  0.9164890E+01  Si
  0.6681737E+01  0.3806945E+01  0.9222787E+01  Si
  0.1084798E+02  0.2140680E+02  0.5098837E+01  Si
  0.1359767E+02  0.2428141E+01  0.5144493E+01  Si
  0.1353291E+02  0.2114310E+02  0.7870569E+01  Si
  0.1087057E+02  0.2461487E+01  0.7896785E+01  Si
  0.1218123E+02  0.1055353E+01  0.6599693E+01  Si
  0.1488877E+02  0.3850428E+01  0.6880730E+01  Si
  0.1469407E+02  0.1012216E+01  0.9249019E+01  Si
  0.1222461E+02  0.3853098E+01  0.9244289E+01  Si
  0.1631601E+02  0.2128986E+02  0.5302606E+01  Si
  0.1879428E+02  0.2264484E+01  0.5437520E+01  Si
  0.1883390E+02  0.2132497E+02  0.8165373E+01  Si
  0.1620616E+02  0.2507729E+01  0.8132749E+01  Si
  0.1744826E+02  0.1070805E+01  0.6766111E+01  Si
  0.2316208E+02  0.8297179E+00  0.1769339E+02  Si
  0.2718709E+02  0.2799369E+01  0.5527949E+01  Si
  0.1752002E+02  0.3737030E+01  0.9395941E+01  Si
  0.6498648E+02  0.5170327E+01  0.5106835E+01  Si
  0.2617807E+01  0.7429084E+01  0.5072530E+01  Si
  0.2541618E+01  0.5038105E+01  0.7847455E+01  Si
  0.6505365E+02  0.7984620E+01  0.8016737E+01  Si
  0.1274494E+01  0.6363669E+01  0.6482671E+01  Si
  0.3965372E+01  0.9025586E+01  0.6524178E+01  Si
  0.3959842E+01  0.6432851E+01  0.9427190E+01  Si
  0.1276643E+01  0.9367792E+01  0.9176187E+01  Si
  0.5157072E+01  0.5010397E+01  0.4992379E+01  Si
  0.7764346E+01  0.7658850E+01  0.5246756E+01  Si
  0.7926924E+01  0.5275980E+01  0.7960129E+01  Si
  0.5161221E+01  0.7705786E+01  0.8146961E+01  Si
  0.6473866E+01  0.6285846E+01  0.6644109E+01  Si
  0.9473043E+01  0.9101973E+01  0.6490268E+01  Si
  0.9810117E+01  0.6682374E+01  0.8914214E+01  Si
  0.6742138E+01  0.9008102E+01  0.9389635E+01  Si
  0.1065636E+02  0.4905626E+01  0.5206589E+01  Si
  0.1357827E+02  0.7857814E+01  0.5152833E+01  Si
  0.1353615E+02  0.5397491E+01  0.8179786E+01  Si
  0.1102319E+02  0.8079610E+01  0.7745107E+01  Si
  0.1225215E+02  0.6524135E+01  0.6602103E+01  Si
  0.1499827E+02  0.9187826E+01  0.6611240E+01  Si
  0.1506680E+02  0.6532678E+01  0.9304132E+01  Si
  0.1225975E+02  0.9303166E+01  0.9368838E+01  Si
  0.1610135E+02  0.5311556E+01  0.5352016E+01  Si
  0.1932671E+02  0.7632359E+01  0.5233939E+01  Si
  0.2018805E+02  0.3658954E+01  0.6590699E+01  Si
  0.1643187E+02  0.7885220E+01  0.7894636E+01  Si
  0.1776761E+02  0.6467302E+01  0.6647907E+01  Si
  0.2067971E+02  0.6090290E+01  0.3657519E+01  Si
  0.2038146E+02  0.6179445E+01  0.9457724E+01  Si
  0.1779902E+02  0.9172187E+01  0.9411679E+01  Si
  0.2256015E-01  0.1056990E+02  0.5061996E+01  Si
  0.2730507E+01  0.1331204E+02  0.5144571E+01  Si
  0.2541310E+01  0.1061055E+02  0.7446871E+01  Si
  0.6487479E+02  0.1332310E+02  0.7806506E+01  Si
  0.1210153E+01  0.1208472E+02  0.6312178E+01  Si
  0.4105082E+01  0.1465446E+02  0.6619712E+01  Si
  0.4124495E+01  0.1182173E+02  0.8941213E+01  Si
  0.1195647E+01  0.1459714E+02  0.9255130E+01  Si
  0.5277177E+01  0.1033345E+02  0.4943701E+01  Si
  0.8131301E+01  0.1328398E+02  0.5038097E+01  Si
  0.7858743E+01  0.1027953E+02  0.7896976E+01  Si
  0.5540686E+01  0.1327731E+02  0.7891594E+01  Si
  0.6655921E+01  0.1163156E+02  0.6290562E+01  Si
  0.9527479E+01  0.1480843E+02  0.6531988E+01  Si
  0.9337959E+01  0.1183643E+02  0.9074845E+01  Si
  0.6709691E+01  0.1446120E+02  0.9401068E+01  Si
  0.1052325E+02  0.1071790E+02  0.5351748E+01  Si
  0.1350801E+02  0.1321068E+02  0.4990670E+01  Si
  0.1339141E+02  0.1071588E+02  0.7906929E+01  Si
  0.1077332E+02  0.1328786E+02  0.8021090E+01  Si
  0.1203678E+02  0.1192153E+02  0.6582774E+01  Si
  0.1482471E+02  0.1466024E+02  0.6587122E+01  Si
  0.1497864E+02  0.1214725E+02  0.9354721E+01  Si
  0.1244980E+02  0.1450610E+02  0.9461152E+01  Si
  0.1641767E+02  0.1063914E+02  0.5326049E+01  Si
  0.1965216E+02  0.1283761E+02  0.4789633E+01  Si
  0.1945814E+02  0.1044592E+02  0.8078666E+01  Si
  0.1651375E+02  0.1337947E+02  0.7753365E+01  Si
  0.1808723E+02  0.1190009E+02  0.6517016E+01  Si
  0.2154793E+02  0.1679623E+02  0.5093796E+01  Si
  0.2115077E+02  0.1350179E+02  0.6321647E+01  Si
  0.1737206E+02  0.1418924E+02  0.9785335E+01  Si
  0.8478348E-01  0.1613934E+02  0.4906589E+01  Si
  0.2727820E+01  0.1885274E+02  0.4932361E+01  Si
  0.2761502E+01  0.1611877E+02  0.8049206E+01  Si
  0.8849635E-01  0.1878754E+02  0.7822794E+01  Si
  0.1598608E+01  0.1751252E+02  0.6665633E+01  Si
  0.4215672E+01  0.2003998E+02  0.6393889E+01  Si
  0.3963468E+01  0.1743803E+02  0.9169237E+01  Si
  0.1374142E+01  0.2005114E+02  0.9033539E+01  Si
  0.5405706E+01  0.1600122E+02  0.5239717E+01  Si
  0.8265927E+01  0.1867294E+02  0.5137475E+01  Si
  0.8222090E+01  0.1589331E+02  0.8012786E+01  Si
  0.5567794E+01  0.1862623E+02  0.7716614E+01  Si
  0.6970059E+01  0.1719912E+02  0.6552967E+01  Si
  0.9532566E+01  0.1995149E+02  0.6587998E+01  Si
  0.9528833E+01  0.1712657E+02  0.9362777E+01  Si
  0.6863892E+01  0.2000810E+02  0.9143322E+01  Si
  0.1095334E+02  0.1612176E+02  0.5232758E+01  Si
  0.1365888E+02  0.1871061E+02  0.5046264E+01  Si
  0.1365073E+02  0.1616473E+02  0.7934751E+01  Si
  0.1067672E+02  0.1869910E+02  0.8165212E+01  Si
  0.1223878E+02  0.1763014E+02  0.6634463E+01  Si
  0.1489086E+02  0.1986858E+02  0.6500337E+01  Si
  0.1503309E+02  0.1738459E+02  0.9364564E+01  Si
  0.1206743E+02  0.2003811E+02  0.9414647E+01  Si
  0.1643956E+02  0.1593099E+02  0.5266332E+01  Si
  0.2318851E+02  0.1864525E+02  0.4782404E+01  Si
  0.2001358E+02  0.1655489E+02  0.7359028E+01  Si
  0.1634897E+02  0.1860052E+02  0.7913374E+01  Si
  0.1771156E+02  0.1758161E+02  0.6381540E+01  Si
  0.2452215E+02  0.1455138E+02  0.7462892E+01  Si
  0.2132961E+02  0.1852269E+02  0.7919412E+01  Si
  0.1763819E+02  0.1986119E+02  0.9516688E+01  Si
  0.6501265E+02  0.2142719E+02  0.1049874E+02  Si
  0.2571918E+01  0.2561129E+01  0.1037457E+02  Si
  0.2460396E+01  0.2141639E+02  0.1346915E+02  Si
  0.6496362E+02  0.2535853E+01  0.1314948E+02  Si
  0.1219589E+01  0.9670293E+00  0.1183654E+02  Si
  0.3973362E+01  0.3764459E+01  0.1176433E+02  Si
  0.4181914E+01  0.8017434E+00  0.1442584E+02  Si
  0.1198193E+01  0.4075932E+01  0.1454214E+02  Si
  0.5484275E+01  0.2132450E+02  0.1059346E+02  Si
  0.8025467E+01  0.2455706E+01  0.1047938E+02  Si
  0.8211578E+01  0.2140708E+02  0.1331237E+02  Si
  0.5571429E+01  0.2447369E+01  0.1317805E+02  Si
  0.6873243E+01  0.9862855E+00  0.1175018E+02  Si
  0.9316516E+01  0.3706649E+01  0.1174961E+02  Si
  0.9507305E+01  0.9724360E+00  0.1455452E+02  Si
  0.6734487E+01  0.3536931E+01  0.1465558E+02  Si
  0.1082664E+02  0.2147310E+02  0.1073525E+02  Si
  0.1369129E+02  0.2549114E+01  0.1072745E+02  Si
  0.1330487E+02  0.2163059E+02  0.1335411E+02  Si
  0.1081676E+02  0.2370503E+01  0.1315229E+02  Si
  0.1218789E+02  0.1059688E+01  0.1171603E+02  Si
  0.1525327E+02  0.3847103E+01  0.1195938E+02  Si
  0.1479040E+02  0.1167336E+01  0.1474367E+02  Si
  0.1213554E+02  0.3718310E+01  0.1465040E+02  Si
  0.1628592E+02  0.2148548E+02  0.1052184E+02  Si
  0.2017188E+02  0.8928355E+00  0.9659656E+01  Si
  0.2657167E+02  0.2094496E+02  0.1646974E+02  Si
  0.1626120E+02  0.2354163E+01  0.1355844E+02  Si
  0.1763117E+02  0.1021396E+01  0.1197718E+02  Si
  0.1868470E+02  0.2326315E+01  0.1071886E+02  Si
  0.2012064E+02  0.3472019E+01  0.1204923E+02  Si
  0.1736244E+02  0.3669240E+01  0.1493589E+02  Si
  0.6494849E+02  0.5140980E+01  0.1051744E+02  Si
  0.2628111E+01  0.7824508E+01  0.1065860E+02  Si
  0.2663471E+01  0.5224360E+01  0.1299497E+02  Si
  0.6505700E+02  0.7488532E+01  0.1335055E+02  Si
  0.1208778E+01  0.6540167E+01  0.1179687E+02  Si
  0.4106164E+01  0.9138297E+01  0.1204309E+02  Si
  0.4122414E+01  0.6210521E+01  0.1463621E+02  Si
  0.1280819E+01  0.8806166E+01  0.1472935E+02  Si
  0.5325179E+01  0.5144847E+01  0.1061126E+02  Si
  0.8496285E+01  0.7673115E+01  0.1058999E+02  Si
  0.8049101E+01  0.5028562E+01  0.1331862E+02  Si
  0.5329710E+01  0.7763424E+01  0.1327761E+02  Si
  0.6842354E+01  0.6473264E+01  0.1210162E+02  Si
  0.9587170E+01  0.8991102E+01  0.1193466E+02  Si
  0.9506200E+01  0.6275067E+01  0.1493915E+02  Si
  0.6850922E+01  0.8873914E+01  0.1457239E+02  Si
  0.1078251E+02  0.5163139E+01  0.1045437E+02  Si
  0.1359066E+02  0.7723253E+01  0.1077042E+02  Si
  0.1371528E+02  0.4943352E+01  0.1342626E+02  Si
  0.1087211E+02  0.7565723E+01  0.1350906E+02  Si
  0.1222515E+02  0.6347323E+01  0.1197739E+02  Si
  0.1483339E+02  0.9182519E+01  0.1207767E+02  Si
  0.1492466E+02  0.6596107E+01  0.1471111E+02  Si
  0.1209066E+02  0.9075171E+01  0.1465228E+02  Si
  0.1645081E+02  0.5398099E+01  0.1056026E+02  Si
  0.1922292E+02  0.7680207E+01  0.1071197E+02  Si
  0.1876351E+02  0.4807748E+01  0.1344400E+02  Si
  0.1646041E+02  0.7964818E+01  0.1342902E+02  Si
  0.1768392E+02  0.6642791E+01  0.1200200E+02  Si
  0.2546702E+02  0.3027275E+01  0.2075950E+02  Si
  0.2021627E+02  0.6300398E+01  0.1491154E+02  Si
  0.1768854E+02  0.9259549E+01  0.1505093E+02  Si
  0.6500273E+02  0.1058136E+02  0.1069877E+02  Si
  0.2507976E+01  0.1301351E+02  0.1039767E+02  Si
  0.2568339E+01  0.1029916E+02  0.1339776E+02  Si
  0.2188619E-01  0.1313022E+02  0.1342703E+02  Si
  0.1382513E+01  0.1173080E+02  0.1201120E+02  Si
  0.3865503E+01  0.1440488E+02  0.1180646E+02  Si
  0.3932633E+01  0.1175436E+02  0.1463941E+02  Si
  0.1242917E+01  0.1453503E+02  0.1472348E+02  Si
  0.5224273E+01  0.1039652E+02  0.1045871E+02  Si
  0.8090474E+01  0.1303575E+02  0.1071520E+02  Si
  0.7978062E+01  0.1035552E+02  0.1328241E+02  Si
  0.5166274E+01  0.1294142E+02  0.1304996E+02  Si
  0.6686785E+01  0.1138468E+02  0.1164548E+02  Si
  0.9580090E+01  0.1458559E+02  0.1191026E+02  Si
  0.9328647E+01  0.1178660E+02  0.1453559E+02  Si
  0.6900443E+01  0.1425900E+02  0.1434335E+02  Si
  0.1051093E+02  0.1058352E+02  0.1065732E+02  Si
  0.1355467E+02  0.1334618E+02  0.1095920E+02  Si
  0.1349009E+02  0.1058139E+02  0.1323037E+02  Si
  0.1067296E+02  0.1301821E+02  0.1325869E+02  Si
  0.1212817E+02  0.1175906E+02  0.1199340E+02  Si
  0.1508191E+02  0.1463733E+02  0.1214658E+02  Si
  0.1458745E+02  0.1151494E+02  0.1496304E+02  Si
  0.1226875E+02  0.1434112E+02  0.1445992E+02  Si
  0.1632497E+02  0.1051203E+02  0.1063407E+02  Si
  0.1960418E+02  0.1094380E+02  0.1500945E+02  Si
  0.2256466E+02  0.8285746E+01  0.1748588E+02  Si
  0.1601800E+02  0.1287489E+02  0.1375625E+02  Si
  0.1720206E+02  0.1262588E+02  0.1150257E+02  Si
  0.2067707E+02  0.1961216E+02  0.1207482E+02  Si
  0.1883443E+02  0.1602192E+02  0.1385290E+02  Si
  0.1757390E+02  0.1436125E+02  0.1484988E+02  Si
  0.6501296E+02  0.1569693E+02  0.1066279E+02  Si
  0.2695336E+01  0.1887694E+02  0.1049566E+02  Si
  0.2858494E+01  0.1594635E+02  0.1331055E+02  Si
  0.6511000E+02  0.1870215E+02  0.1299911E+02  Si
  0.1250801E+01  0.1718692E+02  0.1200284E+02  Si
  0.3992083E+01  0.2035178E+02  0.1210711E+02  Si
  0.4190631E+01  0.1727601E+02  0.1487878E+02  Si
  0.1218885E+01  0.1986252E+02  0.1449461E+02  Si
  0.5306732E+01  0.1595651E+02  0.1057035E+02  Si
  0.8075407E+01  0.1858922E+02  0.1071010E+02  Si
  0.8065146E+01  0.1580626E+02  0.1319741E+02  Si
  0.5530059E+01  0.1868158E+02  0.1338439E+02  Si
  0.6779375E+01  0.1722396E+02  0.1208003E+02  Si
  0.9399932E+01  0.2006727E+02  0.1181937E+02  Si
  0.9568712E+01  0.1702873E+02  0.1461018E+02  Si
  0.6970643E+01  0.2010080E+02  0.1472475E+02  Si
  0.1117339E+02  0.1595642E+02  0.1074086E+02  Si
  0.1371998E+02  0.1892713E+02  0.1066081E+02  Si
  0.1377523E+02  0.1626043E+02  0.1350729E+02  Si
  0.1080736E+02  0.1838998E+02  0.1303335E+02  Si
  0.1249238E+02  0.1751699E+02  0.1199879E+02  Si
  0.1478450E+02  0.2051825E+02  0.1176701E+02  Si
  0.1501470E+02  0.1739502E+02  0.1506819E+02  Si
  0.1194619E+02  0.1982807E+02  0.1451883E+02  Si
  0.1643052E+02  0.1594246E+02  0.1068085E+02  Si
  0.1885045E+02  0.1864692E+02  0.1097409E+02  Si
  0.2266253E+02  0.1234440E+02  0.1607165E+02  Si
  0.1577873E+02  0.1883933E+02  0.1332086E+02  Si
  0.1744346E+02  0.1733111E+02  0.1247409E+02  Si
  0.2131790E+02  0.1603138E+02  0.1643499E+02  Si
  0.2000654E+02  0.1455425E+02  0.1788098E+02  Si
  0.1749352E+02  0.1990981E+02  0.1473199E+02  Si
  0.6499771E+02  0.2143131E+02  0.1590588E+02  Si
  0.2605382E+01  0.2255371E+01  0.1551162E+02  Si
  0.2891523E+01  0.2140134E+02  0.1855995E+02  Si
  0.2104957E+00  0.2485544E+01  0.1855295E+02  Si
  0.1319615E+01  0.1001994E+01  0.1726897E+02  Si
  0.3862209E+01  0.3418319E+01  0.1712682E+02  Si
  0.4316605E+01  0.9781342E+00  0.2008272E+02  Si
  0.1538527E+01  0.3627554E+01  0.1992384E+02  Si
  0.5442315E+01  0.2121038E+02  0.1588192E+02  Si
  0.8126631E+01  0.2432808E+01  0.1598392E+02  Si
  0.7986767E+01  0.2165129E+02  0.1867806E+02  Si
  0.5413522E+01  0.2402276E+01  0.1868717E+02  Si
  0.6631808E+01  0.9747926E+00  0.1714577E+02  Si
  0.9608320E+01  0.3542454E+01  0.1750412E+02  Si
  0.9435434E+01  0.6919721E+00  0.2032782E+02  Si
  0.6935591E+01  0.3578031E+01  0.1984637E+02  Si
  0.1085217E+02  0.2145988E+02  0.1587065E+02  Si
  0.1347697E+02  0.2461458E+01  0.1613761E+02  Si
  0.1353539E+02  0.2151592E+02  0.1878589E+02  Si
  0.1071942E+02  0.2259644E+01  0.1898661E+02  Si
  0.1201406E+02  0.1202711E+01  0.1734429E+02  Si
  0.1483519E+02  0.3654384E+01  0.1773197E+02  Si
  0.1484737E+02  0.1061181E+01  0.2045988E+02  Si
  0.1194929E+02  0.3685017E+01  0.2051117E+02  Si
  0.1602579E+02  0.2148558E+02  0.1583394E+02  Si
  0.1868510E+02  0.2075291E+01  0.1623661E+02  Si
  0.1887982E+02  0.2156311E+02  0.1924843E+02  Si
  0.1622394E+02  0.2268787E+01  0.1911484E+02  Si
  0.1741241E+02  0.7949103E+00  0.1745534E+02  Si
  0.2009810E+02  0.3660993E+01  0.1749884E+02  Si
  0.2026010E+02  0.1494605E+01  0.2029586E+02  Si
  0.1770632E+02  0.3813396E+01  0.2029346E+02  Si
  0.6490278E+02  0.5275180E+01  0.1597193E+02  Si
  0.2746065E+01  0.7676518E+01  0.1596069E+02  Si
  0.3078186E+01  0.4818299E+01  0.1856944E+02  Si
  0.6505955E+02  0.7791609E+01  0.1836726E+02  Si
  0.1368072E+01  0.6299590E+01  0.1735070E+02  Si
  0.4040623E+01  0.9301573E+01  0.1742363E+02  Si
  0.4164826E+01  0.6253292E+01  0.2000581E+02  Si
  0.1379896E+01  0.9149021E+01  0.1978987E+02  Si
  0.5450837E+01  0.4850981E+01  0.1621477E+02  Si
  0.8149651E+01  0.7568951E+01  0.1616477E+02  Si
  0.8162600E+01  0.4972067E+01  0.1857269E+02  Si
  0.5242602E+01  0.7872946E+01  0.1876120E+02  Si
  0.6620739E+01  0.6356684E+01  0.1741560E+02  Si
  0.9357852E+01  0.9052718E+01  0.1745001E+02  Si
  0.9456650E+01  0.6391435E+01  0.2005772E+02  Si
  0.6704168E+01  0.8943545E+01  0.2010762E+02  Si
  0.1088430E+02  0.4987513E+01  0.1613272E+02  Si
  0.1337532E+02  0.7897640E+01  0.1614585E+02  Si
  0.1326545E+02  0.4949919E+01  0.1897557E+02  Si
  0.1067552E+02  0.7723362E+01  0.1876005E+02  Si
  0.1197189E+02  0.6516703E+01  0.1746677E+02  Si
  0.1480636E+02  0.9006325E+01  0.1754395E+02  Si
  0.1479603E+02  0.6538766E+01  0.2020230E+02  Si
  0.1195529E+02  0.9242258E+01  0.2005724E+02  Si
  0.1611314E+02  0.5098471E+01  0.1625349E+02  Si
  0.1894664E+02  0.7720893E+01  0.1620486E+02  Si
  0.1904524E+02  0.5215998E+01  0.1889950E+02  Si
  0.1628282E+02  0.7836495E+01  0.1895836E+02  Si
  0.1756393E+02  0.6674789E+01  0.1743777E+02  Si
  0.2019540E+02  0.9846615E+01  0.1695541E+02  Si
  0.2049013E+02  0.6534300E+01  0.2063162E+02  Si
  0.1739894E+02  0.9306846E+01  0.2040751E+02  Si
  0.6956579E-01  0.1051781E+02  0.1584227E+02  Si
  0.2595214E+01  0.1320996E+02  0.1606495E+02  Si
  0.2759791E+01  0.1067510E+02  0.1880864E+02  Si
  0.6512784E+02  0.1333522E+02  0.1877089E+02  Si
  0.1324957E+01  0.1187563E+02  0.1728685E+02  Si
  0.4239637E+01  0.1446406E+02  0.1726257E+02  Si
  0.4423944E+01  0.1196798E+02  0.1991395E+02  Si
  0.1338858E+01  0.1446951E+02  0.2006139E+02  Si
  0.5387761E+01  0.1033899E+02  0.1587759E+02  Si
  0.8110799E+01  0.1306106E+02  0.1607899E+02  Si
  0.8152193E+01  0.1032895E+02  0.1901622E+02  Si
  0.5684583E+01  0.1325849E+02  0.1858387E+02  Si
  0.6909036E+01  0.1165840E+02  0.1739117E+02  Si
  0.9412677E+01  0.1445718E+02  0.1737163E+02  Si
  0.9760593E+01  0.1196381E+02  0.2035976E+02  Si
  0.6891529E+01  0.1448472E+02  0.2007890E+02  Si
  0.1061362E+02  0.1042940E+02  0.1584979E+02  Si
  0.1348714E+02  0.1318654E+02  0.1587422E+02  Si
  0.1324276E+02  0.1066673E+02  0.1863026E+02  Si
  0.1069434E+02  0.1306432E+02  0.1871655E+02  Si
  0.1195995E+02  0.1179803E+02  0.1703931E+02  Si
  0.1473379E+02  0.1448181E+02  0.1751399E+02  Si
  0.1481192E+02  0.1193272E+02  0.2019159E+02  Si
  0.1199049E+02  0.1452836E+02  0.2014085E+02  Si
  0.1620455E+02  0.1044857E+02  0.1626938E+02  Si
  0.1886086E+02  0.1305935E+02  0.1637417E+02  Si
  0.1904376E+02  0.1065296E+02  0.1899759E+02  Si
  0.1630256E+02  0.1333102E+02  0.1903574E+02  Si
  0.1736707E+02  0.1195448E+02  0.1770298E+02  Si
  0.2011617E+02  0.1741795E+02  0.1496433E+02  Si
  0.2614426E+02  0.8447856E+01  0.6579707E+00  Si
  0.1739253E+02  0.1493222E+02  0.2040782E+02  Si
  0.7974509E-01  0.1581621E+02  0.1612724E+02  Si
  0.2436778E+01  0.1868300E+02  0.1611114E+02  Si
  0.2791604E+01  0.1579848E+02  0.1872606E+02  Si
  0.2780493E-01  0.1882176E+02  0.1882010E+02  Si
  0.1332143E+01  0.1728884E+02  0.1745703E+02  Si
  0.4031256E+01  0.1983296E+02  0.1738221E+02  Si
  0.4092910E+01  0.1726472E+02  0.1999432E+02  Si
  0.1278180E+01  0.2018497E+02  0.1977956E+02  Si
  0.5548672E+01  0.1573448E+02  0.1575919E+02  Si
  0.8279980E+01  0.1836780E+02  0.1598277E+02  Si
  0.8235293E+01  0.1574804E+02  0.1864766E+02  Si
  0.5606298E+01  0.1853975E+02  0.1868181E+02  Si
  0.6812691E+01  0.1709509E+02  0.1731206E+02  Si
  0.9328632E+01  0.2016069E+02  0.1752490E+02  Si
  0.9549719E+01  0.1725366E+02  0.2007523E+02  Si
  0.6967461E+01  0.1992755E+02  0.2008219E+02  Si
  0.1081876E+02  0.1549041E+02  0.1589113E+02  Si
  0.1342185E+02  0.1878371E+02  0.1603684E+02  Si
  0.1345434E+02  0.1596813E+02  0.1878210E+02  Si
  0.1081893E+02  0.1866414E+02  0.1864384E+02  Si
  0.1208302E+02  0.1715291E+02  0.1734293E+02  Si
  0.1473238E+02  0.2024107E+02  0.1734242E+02  Si
  0.1479773E+02  0.1732633E+02  0.2016390E+02  Si
  0.1205674E+02  0.2007666E+02  0.2003182E+02  Si
  0.1624494E+02  0.1572864E+02  0.1619157E+02  Si
  0.1869712E+02  0.1876608E+02  0.1641316E+02  Si
  0.1878286E+02  0.1627039E+02  0.1917915E+02  Si
  0.1601530E+02  0.1878796E+02  0.1879384E+02  Si
  0.1740387E+02  0.1707062E+02  0.1772662E+02  Si
  0.2011860E+02  0.2009944E+02  0.1797648E+02  Si
  0.2054953E+02  0.1730089E+02  0.2029463E+02  Si
  0.1716285E+02  0.2000823E+02  0.2028147E+02  Si
  0.2530764E+02  0.1014507E+02  0.2228147E+01  Si
  0.2862094E+02  0.1073676E+02  0.1293461E+02  Si
  0.3579830E+02  0.1108565E+02  0.1575751E+02  Si
  0.2143153E+02  0.2229602E+01  0.1379455E+02  Si
  0.2832860E+02  0.5157822E+01  0.1136358E+02  Si
  0.2474520E+02  0.8797018E+01  0.4034019E+01  Si
  0.2960039E+02  0.1511229E+02  0.4504248E+01  Si
  0.1904586E+02  0.2118248E+02  0.1324792E+02  Si
  0.2303152E+02  0.3930889E+01  0.2041805E+02  Si
  0.3931210E+02  0.1666046E+02  0.1122383E+02  Si
  0.2968192E+02  0.1508765E+02  0.6882381E+01  Si
  0.4351159E+02  0.2417096E+01  0.1841438E+02  Si
  0.3085357E+02  0.1721871E+02  0.1066629E+02  Si
  0.3549646E+02  0.6489152E+01  0.5339225E+01  Si
  0.3244699E+02  0.1550840E+02  0.1548863E+02  Si
  0.3963283E+02  0.2060030E+02  0.3757811E+01  Si
  0.2115075E+02  0.1648935E+02  0.4915947E+00  Si
  0.2898660E+02  0.1591752E+02  0.1108532E+02  Si
  0.2995978E+02  0.4739070E+01  0.1315311E+02  Si
  0.3913884E+02  0.5886369E+01  0.1025510E+02  Si
  0.3740060E+02  0.3895811E+01  0.6152367E+01  Si
  0.3609365E+02  0.5474071E+01  0.7389164E+01  Si
  0.4039949E+02  0.4936097E+01  0.1859516E+02  Si
  0.3545309E+02  0.1201635E+02  0.1061204E+02  Si
  0.3423355E+02  0.1652374E+02  0.2098047E+02  Si
  0.4246033E+02  0.1167999E+02  0.3226149E+01  Si
  0.3454386E+02  0.4282035E+01  0.3548450E-01  Si
  0.3361428E+02  0.1433116E+02  0.2008214E+02  Si
  0.4089671E+02  0.8015388E+01  0.4968543E+01  Si
  0.2534419E+02  0.2011973E+02  0.1143278E+02  Si
  0.2670453E+02  0.7589989E+01  0.3662483E+01  Si
  0.4220679E+02  0.6559758E+01  0.3592543E+01  Si
  0.2299279E+02  0.3585427E+01  0.9557371E+01  Si
  0.2477213E+02  0.1080798E+02  0.8332387E+01  Si
  0.2927948E+02  0.1960907E+02  0.1817767E+02  Si
  0.2862067E+02  0.1635451E+02  0.1484039E+02  Si
  0.2286813E+02  0.8294408E+01  0.1023149E+02  Si
  0.2298793E+02  0.2010726E+02  0.1484425E+02  Si
  0.2707843E+02  0.1826310E+02  0.1451688E+02  Si
  0.3573543E+02  0.3438043E+00  0.3053637E+00  Si
  0.2269978E+02  0.1453008E+02  0.1540603E+02  Si
  0.3162187E+02  0.1410796E+02  0.3910422E+01  Si
  0.3629547E+02  0.1718701E+02  0.3165179E+00  Si
  0.2479720E+02  0.7468292E+01  0.5929677E+01  Si
  0.3323709E+02  0.2078584E+02  0.1834503E+02  Si
  0.3716303E+02  0.1447868E+02  0.1326816E+02  Si
  0.3559511E+02  0.1690684E+02  0.1895803E+02  Si
  0.2050400E+02  0.1736716E+02  0.9927541E+01  Si
  0.4089979E+02  0.1888993E+01  0.1614727E+02  Si
  0.3604101E+02  0.3114564E+00  0.6317549E+01  Si
  0.3803511E+02  0.1065578E+02  0.9426366E+01  Si
  0.4080832E+02  0.2638877E+01  0.2117395E+02  Si
  0.2746506E+02  0.1801603E+02  0.5433774E+01  Si
  0.2436321E+02  0.2151749E+02  0.1333651E+02  Si
  0.3709821E+02  0.6966067E+01  0.1980759E+00  Si
  0.3510340E+02  0.1503676E+02  0.1160620E+02  Si
  0.3199516E+02  0.3040354E+01  0.7302435E+01  Si
  0.3655800E+02  0.2655540E+01  0.6767225E+00  Si
  0.3476119E+02  0.1981400E+02  0.9997660E+01  Si
  0.4203994E+02  0.4020420E+01  0.5517662E+00  Si
  0.2408264E+02  0.1652458E+02  0.2016289E+02  Si
  0.2590480E+02  0.1079548E+02  0.6115422E+01  Si
  0.4083529E+02  0.7781419E+01  0.9890358E+01  Si
  0.3120964E+02  0.6152580E+01  0.1543237E+01  Si
  0.2437451E+02  0.5286856E+01  0.1678855E+01  Si
  0.2325520E+02  0.2084669E+02  0.1927185E+02  Si
  0.2165721E+02  0.2127774E+02  0.1646308E+02  Si
  0.2526359E+02  0.5009499E+01  0.6128701E+01  Si
  0.2270358E+02  0.1477171E+02  0.1291559E+02  Si
  0.3470120E+02  0.1791843E+02  0.1966792E+01  Si
  0.3243402E+02  0.1655576E+02  0.3614020E+01  Si
  0.3074956E+02  0.1917367E+02  0.2151559E+02  Si
  0.2288611E+02  0.6341131E+01  0.6428037E+01  Si
  0.3567035E+02  0.1413920E+02  0.1639625E+02  Si
  0.2606884E+02  0.9570001E+01  0.1152874E+02  Si
  0.2185898E+02  0.7839074E+01  0.8080372E+01  Si
  0.3914469E+02  0.1507915E+02  0.1528213E+02  Si
  0.2514901E+02  0.1931888E+02  0.1918354E+02  Si
  0.3691826E+02  0.9206717E+01  0.3456025E+01  Si
  0.2753752E+02  0.1943326E+02  0.8444762E+01  Si
  0.2080571E+02  0.1149578E+02  0.9675463E+01  Si
  0.3734853E+02  0.8129176E+01  0.1513290E+02  Si
  0.3749345E+02  0.1651455E+02  0.1409719E+02  Si
  0.3572564E+02  0.7250482E+01  0.1108442E+02  Si
  0.2208850E+02  0.4825009E+01  0.7760838E+00  Si
  0.2048956E+02  0.1155491E+02  0.2055578E+02  Si
  0.3377674E+02  0.1336127E+01  0.6813340E+01  Si
  0.2979988E+02  0.3178880E+01  0.6319603E+01  Si
  0.3465601E+02  0.4987791E+01  0.1181798E+02  Si
  0.3292534E+02  0.5145994E+01  0.1836484E+02  Si
  0.3557761E+02  0.1208339E+02  0.7360824E+01  Si
  0.3935461E+02  0.8965493E+01  0.8381171E+01  Si
  0.2746471E+02  0.1262257E+02  0.1028933E+02  Si
  0.4025484E+02  0.1634125E+02  0.1854282E+02  Si
  0.3810187E+02  0.1930422E+02  0.2391235E+01  Si
  0.3068546E+02  0.2416312E+01  0.1303621E+02  Si
  0.2481861E+02  0.2740696E+01  0.1531865E+02  Si
  0.3541431E+02  0.2085354E+02  0.1543669E+02  Si
  0.2498074E+02  0.1465052E+02  0.1571716E+02  Si
  0.2787954E+02  0.1207176E+02  0.6780019E+01  Si
  0.2274919E+02  0.1719845E+02  0.1842342E+02  Si
  0.2902887E+02  0.2559210E+01  0.4010305E+01  Si
  0.2994060E+02  0.8883275E+01  0.9558090E+01  Si
  0.3395337E+02  0.1316411E+02  0.1214568E+02  Si
  0.3714019E+02  0.1868891E+02  0.1924344E+02  Si
  0.3931111E+02  0.2786400E+01  0.1538861E+02  Si
  0.2528024E+02  0.1957124E+02  0.1529503E+02  Si
  0.3106346E+02  0.1898425E+02  0.3596665E+01  Si
  0.2673567E+02  0.5544682E+01  0.2207602E+01  Si
  0.3916250E+02  0.1442320E+02  0.1948010E+02  Si
  0.3571457E+02  0.9168852E+01  0.1888578E+02  Si
  0.3873390E+02  0.9635799E+01  0.1609605E+02  Si
  0.2253731E+02  0.1148949E+02  0.2673272E+01  Si
  0.4220738E+02  0.1439415E+01  0.4024746E+01  Si
  0.4051073E+02  0.1881909E+02  0.1556798E+02  Si
  0.2679115E+02  0.1448955E+02  0.2163649E+02  Si
  0.4023304E+02  0.5870802E+01  0.1448418E+02  Si
  0.4196984E+02  0.2001520E+02  0.1165133E+02  Si
  0.3529099E+02  0.3720706E+00  0.1852591E+02  Si
  0.2158205E+02  0.1844999E+02  0.1919666E+01  Si
  0.3801033E+02  0.1565633E+02  0.2103752E+02  Si
  0.4079527E+02  0.1026856E+02  0.1869484E+02  Si
  0.4068182E+02  0.1599962E+02  0.1972012E+01  Si
  0.3841224E+02  0.5011454E+01  0.4397950E+01  Si
  0.3569924E+02  0.1631531E+02  0.1543436E+02  Si
  0.2977185E+02  0.1921894E+02  0.9265691E+01  Si
  0.2353818E+02  0.1657806E+02  0.8382440E+00  Si
  0.4029951E+02  0.7909039E+00  0.9197002E+00  Si
  0.3343634E+02  0.1874861E+02  0.4235168E+01  Si
  0.2925529E+02  0.1135162E+02  0.2029852E+02  Si
  0.3322225E+02  0.6308259E+01  0.1980944E+00  Si
  0.2675374E+02  0.6762670E+01  0.1028336E+02  Si
  0.2398055E+02  0.1686651E+02  0.1278479E+02  Si
  0.2026054E+02  0.2010656E+02  0.6680422E+01  Si
  0.1910386E+02  0.1878009E+02  0.5036293E+01  Si
  0.4039449E+02  0.7739829E+01  0.1599212E+02  Si
  0.3279418E+02  0.2677373E+01  0.2156600E+02  Si
  0.2871263E+02  0.5222172E+01  0.7171250E+01  Si
  0.4217055E+02  0.1449442E+02  0.7849769E+00  Si
  0.2859706E+02  0.2091990E+00  0.3852188E+01  Si
  0.3579255E+02  0.2047175E+02  0.2020115E+02  Si
  0.4344398E+02  0.1334233E+02  0.1836633E+02  Si
  0.3136719E+02  0.1668819E+02  0.1845425E+02  Si
  0.2722247E+02  0.5313992E+01  0.4604882E+01  Si
  0.2886739E+02  0.6115348E+01  0.7411433E+00  Si
  0.2806687E+02  0.1241034E+00  0.1416121E+02  Si
  0.3592428E+02  0.1232210E+02  0.3030750E+00  Si
  0.3590563E+02  0.1434884E+02  0.1894775E+02  Si
  0.2911679E+02  0.1897727E+01  0.1505980E+02  Si
  0.2656179E+02  0.1740313E+02  0.3032871E+01  Si
  0.2733030E+02  0.3332162E+01  0.7856836E+01  Si
  0.3790382E+02  0.1810594E+02  0.1252224E+02  Si
  0.3904625E+02  0.1987944E+02  0.1401981E+02  Si
  0.4102110E+02  0.1051310E+02  0.7550225E+01  Si
  0.2831377E+02  0.1163404E+02  0.1700168E+02  Si
  0.3766034E+02  0.2002284E+02  0.1605115E+02  Si
  0.4194816E+02  0.6201892E+01  0.1992728E+02  Si
  0.4055972E+02  0.1323362E+02  0.1005795E+02  Si
  0.4022206E+02  0.4888559E+01  0.7174358E+01  Si
  0.3942177E+02  0.1740708E+02  0.6107420E+01  Si
  0.4025440E+02  0.2123136E+02  0.7552075E+01  Si
  0.3763895E+02  0.2052849E+02  0.3967602E+00  Si
  0.2608153E+02  0.1595564E+02  0.6003176E+01  Si
  0.1939966E+02  0.1357433E+02  0.7859431E+01  Si
  0.2133980E+02  0.8480274E+01  0.2549384E+01  Si
  0.3757784E+02  0.2116607E+02  0.1263799E+02  Si
  0.2007562E+02  0.4806607E+00  0.4446055E+01  Si
  0.2203654E+02  0.7177425E+01  0.6124886E+00  Si
  0.2064431E+02  0.1034191E+02  0.3916331E+01  Si
  0.2199808E+02  0.1259621E+00  0.2139477E+02  Si
  0.2182716E+02  0.2554981E+01  0.1879050E+02  Si
  0.2156888E+02  0.4932090E+01  0.1094043E+02  Si
  0.3079938E+02  0.1816542E+02  0.1307590E+02  Si
  0.2348057E+02  0.1294213E+02  0.1827082E+02  Si
  0.3167164E+02  0.1084716E+02  0.1448750E+02  Si
  0.3329696E+02  0.1605664E+02  0.5886365E+01  Si
  0.3424277E+02  0.8348769E+01  0.7140587E+00  Si
  0.3752977E+02  0.7551334E+01  0.7277253E+01  Si
  0.3312063E+02  0.1181297E+01  0.1943067E+02  Si
  0.4082207E+02  0.1820384E+02  0.1027850E+02  Si
  0.2620145E+02  0.1357980E+02  0.3515997E+01  Si
  0.3286456E+02  0.9076938E+01  0.2493486E+01  Si
  0.2082804E+02  0.9234655E+01  0.6416417E+01  Si
  0.3948112E+02  0.3834348E+01  0.9435957E+01  Si
  0.2753663E+02  0.8218569E+00  0.2188793E+00  Si
  0.3047629E+02  0.2142459E+02  0.8177810E+01  Si
  0.3364269E+02  0.1752516E+02  0.1793972E+02  Si
  0.3776666E+02  0.1154921E+02  0.2078766E+02  Si
  0.2143177E+02  0.2117733E+02  0.1067731E+02  Si
  0.2228118E+02  0.1560784E+02  0.6978412E+01  Si
  0.3709308E+02  0.6629331E+01  0.9286709E+01  Si
  0.2743679E+02  0.1285833E+02  0.1348170E+02  Si
  0.2871087E+02  0.1073103E+02  0.4487874E+01  Si
  0.2727259E+02  0.1258771E+02  0.1942495E+02  Si
  0.2783674E+02  0.1689568E+02  0.2086233E+02  Si
  0.3255949E+02  0.1024289E+02  0.8671632E+01  Si
  0.3626677E+02  0.3841624E+01  0.1321978E+02  Si
  0.2860408E+02  0.2154455E+02  0.1186388E+02  Si
  0.4216258E+02  0.9035183E+01  0.6178569E+00  Si
  0.2076116E+02  0.8617470E+01  0.1924507E+02  Si
  0.2038076E+02  0.8393964E+00  0.1491975E+02  Si
  0.3107905E+02  0.1004335E+02  0.1803573E+02  Si
  0.2740753E+02  0.3153791E+01  0.1801491E+02  Si
  0.2854068E+02  0.9746848E+01  0.1847530E+02  Si
  0.2826766E+02  0.8577555E+01  0.5226022E+01  Si
  0.3083440E+02  0.2130487E+02  0.1763345E+02  Si
  0.4258922E+02  0.2024242E+02  0.9755282E+00  Si
  0.4205650E+02  0.1701938E+02  0.8638137E+01  Si
  0.2636183E+02  0.1268567E+02  0.1564353E+02  Si
  0.2615458E+02  0.1523519E+02  0.1942868E+02  Si
  0.3990981E+02  0.1134083E+02  0.5677513E+01  Si
  0.3390672E+02  0.8395713E+01  0.1753240E+02  Si
  0.4007237E+02  0.1322804E+02  0.1624985E+02  Si
  0.3212733E+02  0.2097453E+02  0.1548740E+02  Si
  0.3406681E+02  0.9511717E+01  0.2056771E+02  Si
  0.2271006E+02  0.1482133E+02  0.4093673E+01  Si
  0.3536513E+02  0.1410895E+02  0.9655850E+01  Si
  0.4197771E+02  0.4162582E+01  0.1218700E+02  Si
  0.3216094E+02  0.1577232E+01  0.2672315E+01  Si
  0.4241226E+02  0.9103232E+01  0.6161880E+01  Si
  0.3256040E+02  0.2134213E+02  0.1146042E+02  Si
  0.4203213E+02  0.8937211E+01  0.1729598E+02  Si
  0.3829286E+02  0.7147780E+01  0.1344455E+02  Si
  0.2617259E+02  0.1661550E+02  0.6092172E+00  Si
  0.3378155E+02  0.4336863E+00  0.9289111E+01  Si
  0.3168040E+02  0.8937208E+01  0.1988867E+02  Si
  0.3147306E+02  0.1095116E+02  0.1980746E+01  Si
  0.2531973E+02  0.7523585E+00  0.9066055E+01  Si
  0.3194944E+02  0.1414764E+02  0.6268297E+01  Si
  0.3373899E+02  0.1336836E+02  0.1576365E+02  Si
  0.3804205E+02  0.4256533E+01  0.2115151E+02  Si
  0.3282383E+02  0.1201025E+02  0.6751210E+01  Si
  0.3218140E+02  0.1232457E+02  0.5767498E+00  Si
  0.2260895E+02  0.1828425E+02  0.1129095E+02  Si
  0.2249419E+02  0.9675686E+01  0.2059615E+02  Si
  0.3065270E+02  0.6812471E+01  0.7979008E+01  Si
  0.4181642E+02  0.6060616E+01  0.8543896E+01  Si
  0.3322555E+02  0.1372421E+02  0.8550756E+01  Si
  0.3486327E+02  0.1372611E+02  0.2915149E+01  Si
  0.2717801E+02  0.1155740E+02  0.2611342E+01  Si
  0.2379159E+02  0.1126843E+02  0.6782576E+00  Si
  0.3343865E+02  0.8117426E+01  0.9451381E+01  Si
  0.3917940E+02  0.6419852E+01  0.5886688E+01  Si
  0.3727644E+02  0.1300788E+02  0.1536127E+02  Si
  0.3075133E+02  0.4775485E+01  0.1714767E+02  Si
  0.2351109E+02  0.2764903E+01  0.4492406E+01  Si
  0.3960550E+02  0.1793843E+02  0.1239666E+01  Si
  0.3916829E+02  0.1713523E+02  0.1658317E+02  Si
  0.2576963E+02  0.4741263E+01  0.1160494E+02  Si
  0.2475319E+02  0.1793346E+02  0.1703234E+02  Si
  0.2136047E+02  0.2293941E+01  0.8230943E+01  Si
  0.3625618E+02  0.1209162E+02  0.4052046E+01  Si
  0.4067188E+02  0.1304971E+02  0.4338813E+01  Si
  0.3509568E+02  0.8925430E+01  0.1523139E+02  Si
  0.4218172E+02  0.8799462E+01  0.1146181E+02  Si
  0.4090998E+02  0.1904666E+02  0.2147589E+02  Si
  0.2423076E+02  0.1117227E+02  0.4505671E+01  Si
  0.3192159E+02  0.9514990E+01  0.1086996E+02  Si
  0.3146789E+02  0.1140468E+01  0.9839102E+01  Si
  0.2095786E+02  0.8522336E+01  0.1184109E+02  Si
  0.2144048E+02  0.1319083E+02  0.1928228E+02  Si
  0.3005660E+02  0.1273071E+02  0.1027211E+02  Si
  0.3344639E+02  0.5489794E+01  0.4713789E+01  Si
  0.2270986E+02  0.3979038E+01  0.1473755E+02  Si
  0.2446386E+02  0.1353025E+02  0.5012638E+01  Si
  0.2924664E+02  0.1025300E+02  0.7630866E+01  Si
  0.3953531E+02  0.1462518E+01  0.6379764E+01  Si
  0.2695962E+02  0.2104261E+02  0.1011358E+02  Si
  0.2521073E+02  0.1526560E+02  0.1199025E+02  Si
  0.3394400E+02  0.1930113E+02  0.1223087E+02  Si
  0.3943743E+02  0.1973923E+02  0.9415629E+01  Si
  0.3096052E+02  0.2601432E+01  0.1633114E+02  Si
  0.4194490E+02  0.1996565E+02  0.6201297E+01  Si
  0.3115239E+02  0.1888323E+02  0.7208505E+01  Si
  0.3319477E+02  0.1150514E+02  0.1860474E+02  Si
  0.3530819E+02  0.2337185E+01  0.9884136E+01  Si
  0.3700752E+02  0.2205472E+01  0.1597468E+02  Si
  0.3735353E+02  0.1220617E+02  0.1223190E+02  Si
  0.3815359E+02  0.5079410E+01  0.1229584E+02  Si
  0.4054751E+02  0.2158352E+02  0.1306159E+02  Si
  0.3895407E+02  0.6514184E+00  0.1912981E+02  Si
  0.3063265E+02  0.1199743E+02  0.8110298E+01  Si
  0.4141947E+02  0.2138384E+02  0.2568934E+01  Si
  0.2971521E+02  0.1562862E+01  0.1114508E+02  Si
  0.3670334E+02  0.2049495E+01  0.4897123E+01  Si
  0.2800129E+02  0.2854395E+01  0.1051252E+02  Si
  0.3339182E+02  0.2919308E+01  0.1523124E+02  Si
  0.3775182E+02  0.1284274E+02  0.1882245E+02  Si
  0.2363013E+02  0.1950695E+02  0.2781114E+01  Si
  0.2101088E+02  0.1326399E+02  0.3006545E+01  Si
  0.3013148E+02  0.5170009E+01  0.9846460E+01  Si
  0.3668446E+02  0.2137281E+02  0.1048311E+02  Si
  0.2585369E+02  0.6078281E+01  0.1560308E+02  Si
  0.2874859E+02  0.1972934E+02  0.1564776E+02  Si
  0.2667910E+02  0.4116762E+00  0.2360689E+01  Si
  0.2170984E+02  0.7278017E+01  0.1366760E+02  Si
  0.2681113E+02  0.1711169E+02  0.1123778E+02  Si
  0.3043822E+02  0.1659930E+02  0.1630052E+02  Si
  0.4104368E+02  0.2419347E+01  0.1039149E+02  Si
  0.3080415E+02  0.1131970E+02  0.1214732E+02  Si
  0.4212545E+02  0.2020266E+02  0.1687055E+02  Si
  0.3973725E+02  0.3627698E+01  0.1312132E+02  Si
  0.3131886E+02  0.6098559E+01  0.1188594E+02  Si
  0.4201903E+02  0.1184331E+02  0.9048811E+01  Si
  0.3463721E+02  0.1015587E+01  0.1431425E+02  Si
  0.2281286E+02  0.8564662E+01  0.1502375E+02  Si
  0.3811796E+02  0.1094489E+02  0.1426453E+02  Si
  0.2671305E+02  0.3964818E+01  0.1584686E+02  Si
  0.2196084E+02  0.2120915E+02  0.5446932E+01  Si
  0.1947315E+02  0.1261243E+02  0.1163142E+02  Si
  0.4210493E+02  0.1738291E+02  0.3457224E+01  Si
  0.4163350E+02  0.1717129E+02  0.1436834E+02  Si
  0.2646378E+02  0.9093046E+01  0.9227580E+01  Si
  0.3398474E+02  0.5979775E+01  0.8307288E+01  Si
  0.3437684E+02  0.7370885E+00  0.2267864E+01  Si
  0.3790982E+02  0.9141898E+00  0.1655079E+01  Si
  0.2708347E+02  0.4642392E+01  0.2006471E+02  Si
  0.4079009E+02  0.1027327E+02  0.2238875E+01  Si
  0.2966831E+02  0.2890619E+01  0.1862044E+02  Si
  0.4063639E+02  0.1556268E+02  0.1306229E+02  Si
  0.2380870E+02  0.1198402E+01  0.7610515E+00  Si
  0.2894838E+02  0.1642031E+02  0.2508795E+01  Si
  0.2580163E+02  0.1810427E+02  0.1274939E+02  Si
  0.2523796E+02  0.5666379E+01  0.1810444E+02  Si
  0.2468473E+02  0.2841294E+01  0.2308352E+01  Si
  0.2353052E+02  0.1848282E+02  0.8635537E+01  Si
  0.2805984E+02  0.1047964E+02  0.1044515E+02  Si
  0.3076319E+02  0.1345571E+02  0.1338361E+02  Si
  0.1886493E+02  0.5003739E+01  0.8046146E+01  Si
  0.2805345E+02  0.7179081E+01  0.1482620E+02  Si
  0.3920076E+02  0.1160784E+02  0.1745507E+02  Si
  0.3928957E+02  0.7125538E+01  0.1819959E+02  Si
  0.3920130E+02  0.9238560E+01  0.1276002E+02  Si
  0.2437727E+02  0.9765522E+01  0.1653410E+02  Si
  0.3095811E+02  0.3695865E+01  0.9985471E+00  Si
  0.3141962E+02  0.6452544E+00  0.2100701E+02  Si
  0.3605110E+02  0.8831738E+01  0.5682181E+01  Si
  0.2929636E+02  0.1739150E+02  0.6688379E+01  Si
  0.3348058E+02  0.7026651E+01  0.1245742E+02  Si
  0.2680565E+02  0.9642985E+01  0.2033569E+02  Si
  0.3611638E+02  0.5225858E+01  0.3387194E+01  Si
  0.3703737E+02  0.1907242E+02  0.9904190E+01  Si
  0.3105306E+02  0.1162924E+02  0.4411373E+01  Si
  0.3162560E+02  0.6389406E+01  0.2017644E+02  Si
  0.2661305E+02  0.1646316E+02  0.1619363E+02  Si
  0.4001267E+02  0.5220159E+01  0.5543080E+00  Si
  0.2602339E+02  0.2233521E+01  0.1162831E+02  Si
  0.4189714E+02  0.1419431E+02  0.6171488E+01  Si
  0.3724608E+02  0.2288758E+01  0.1141378E+02  Si
  0.3321630E+02  0.2922276E+01  0.1763031E+02  Si
  0.3559501E+02  0.1164417E+02  0.1814341E+02  Si
  0.2515794E+02  0.6462647E+01  0.1328022E+02  Si
  0.2876705E+02  0.1487533E+02  0.1314532E+02  Si
  0.3796627E+02  0.1862191E+02  0.7742139E+01  Si
  0.3600715E+02  0.1945373E+02  0.1340720E+02  Si
  0.3966382E+02  0.2097978E+02  0.2108275E+02  Si
  0.2446167E+02  0.1105112E+02  0.1218946E+02  Si
  0.2588209E+02  0.1786321E+02  0.9204158E+01  Si
  0.2243352E+02  0.1167179E+02  0.7881681E+01  Si
  0.2733649E+02  0.6632551E+01  0.1926534E+02  Si
  0.2451978E+02  0.6932839E+01  0.2166525E+02  Si
  0.3370333E+02  0.1748589E+02  0.1485997E+02  Si
  0.2919674E+02  0.1510627E+02  0.4466125E+00  Si
  0.2272933E+02  0.1067382E+02  0.1833777E+02  Si
  0.4062146E+02  0.1864019E+02  0.4817997E+01  Si
  0.3467850E+02  0.1435425E+02  0.6705994E+01  Si
  0.3686300E+02  0.1042418E+01  0.8621526E+01  Si
  0.3410514E+02  0.1196906E+02  0.2083869E+02  Si
  0.3620149E+02  0.1969649E+02  0.6163043E+01  Si
  0.3816799E+02  0.4025845E+01  0.1729032E+02  Si
  0.3350192E+02  0.2962010E+01  0.4004984E+01  Si
  0.3232731E+02  0.6596371E+00  0.1361444E+02  Si
  0.3056931E+02  0.1771456E+02  0.1551300E+01  Si
  0.2579048E+02  0.1355736E+02  0.1785831E+02  Si
  0.3425819E+02  0.1952475E+02  0.7721821E+01  Si
  0.3710779E+02  0.1513638E+02  0.8490914E+01  Si
  0.2444067E+02  0.1143402E+02  0.1469156E+02  Si
  0.3869459E+02  0.1284043E+02  0.2899423E+01  Si
  0.2271713E+02  0.7543126E+00  0.1229938E+02  Si
  0.4046308E+02  0.5213689E+01  0.2902592E+01  Si
  0.2479507E+02  0.1842661E+02  0.2156141E+02  Si
  0.3205111E+02  0.1431673E+02  0.1126580E+02  Si
  0.4078763E+02  0.2826532E+00  0.1780266E+02  Si
  0.4199268E+02  0.7721965E+00  0.9070019E+01  Si
  0.2230123E+02  0.1070225E+02  0.1413177E+02  Si
  0.3195815E+02  0.9192485E+01  0.1610070E+02  Si
  0.3266150E+02  0.1645649E+02  0.1239510E+01  Si
  0.3651486E+02  0.1810866E+02  0.3533480E+01  Si
  0.2722653E+02  0.9284642E+01  0.1390141E+02  Si
  0.3306027E+02  0.1755474E+02  0.7861834E+01  Si
  0.2633742E+02  0.1584261E+02  0.8509869E+01  Si
  0.2707788E+02  0.4955274E+00  0.5905077E+01  Si
  0.4171682E+02  0.3342094E+01  0.5627256E+01  Si
  0.2522133E+02  0.8341571E+01  0.1464169E+02  Si
  0.3206304E+02  0.7084987E+01  0.3631828E+01  Si
  0.2326510E+02  0.7093168E+01  0.3011397E+01  Si
  0.3933270E+02  0.1528912E+02  0.9215801E+01  Si
  0.2559622E+02  0.1299285E+02  0.1170888E+02  Si
  0.3395743E+02  0.1183872E+02  0.4523323E+01  Si
  0.2606558E+02  0.1452427E+01  0.1366130E+02  Si
  0.3225798E+02  0.5453678E+01  0.6829475E+01  Si
  0.3748729E+02  0.1137769E+02  0.6043475E+01  Si
  0.3041531E+02  0.7012622E+01  0.1589047E+02  Si
  0.3771023E+02  0.1266034E+02  0.8146578E+01  Si
  0.3826613E+02  0.1506362E+02  0.2523986E+01  Si
  0.2694068E+02  0.1285956E+01  0.1964937E+02  Si
  0.3974564E+02  0.3111693E+01  0.4179394E+01  Si
  0.3167093E+02  0.1568955E+02  0.1315913E+02  Si
  0.3011853E+02  0.1236637E+02  0.1551511E+02  Si
  0.3105913E+02  0.3621619E+01  0.3524269E+01  Si
  0.2968747E+02  0.1801482E+02  0.1982522E+02  Si
  0.3049375E+02  0.7474078E+01  0.5509775E+01  Si
  0.3733329E+02  0.4515647E+00  0.1742903E+02  Si
  0.4207137E+02  0.1155645E+01  0.1429533E+02  Si
  0.4071588E+02  0.1591121E+02  0.7257730E+01  Si
  0.2821813E+02  0.7770590E+01  0.1712726E+02  Si
  0.2769381E+02  0.1420411E+02  0.5470906E+01  Si
  0.3902894E+02  0.3113018E+01  0.1942034E+02  Si
  0.2560400E+02  0.1293118E+02  0.1260027E+01  Si
  0.2175700E+02  0.4498530E+01  0.5100391E+01  Si
  0.2420864E+02  0.5292613E+01  0.8281576E+01  Si
  0.2272798E+02  0.1643913E+01  0.6350384E+01  Si
  0.3389572E+02  0.1932355E+02  0.1629997E+02  Si
  0.2707531E+02  0.2062470E+02  0.1882537E+02  Si
  0.3848007E+02  0.9693074E+00  0.4202019E+01  Si
  0.2325463E+02  0.1078131E+02  0.1014429E+02  Si
  0.2529806E+02  0.1035537E+01  0.1690154E+02  Si
  0.2303780E+02  0.5430960E+01  0.1281787E+02  Si
  0.3172809E+02  0.1294996E+02  0.1742774E+02  Si
  0.4135260E+02  0.1209284E+02  0.1431774E+02  Si
  0.3936362E+02  0.9482694E+01  0.4091607E+01  Si
  0.3561969E+02  0.4042279E+01  0.1561437E+02  Si
  0.3333515E+02  0.7271810E+01  0.1482003E+02  Si
  0.4227346E+02  0.5462853E+01  0.1402923E+02  Si
  0.3456287E+02  0.6035075E+01  0.1685803E+02  Si
  0.3026127E+02  0.9614067E+01  0.1840543E+00  Si
  0.3851462E+02  0.2602020E+01  0.7773300E+01  Si
  0.2532814E+02  0.2143423E+02  0.2023634E+00  Si
  0.2961902E+02  0.2136940E+02  0.4095020E+00  Si
  0.3269907E+02  0.1594902E+02  0.9446776E+01  Si
  0.3706812E+02  0.5764658E+01  0.1620670E+02  Si
  0.2900081E+02  0.5141381E+01  0.1552896E+02  Si
  0.3986057E+02  0.8737173E+01  0.1973486E+02  Si
  0.2643724E+02  0.1974980E+02  0.6302938E+01  Si
  0.3639346E+02  0.1575303E+02  0.6185056E+01  Si
  0.2834341E+02  0.1458243E+02  0.9317580E+01  Si
  0.3253397E+02  0.2050786E+02  0.3494573E+00  Si
  0.3895571E+02  0.1785415E+02  0.2051138E+02  Si
  0.3295225E+02  0.1414755E+02  0.1791066E+01  Si
  0.3750142E+02  0.9080099E+01  0.2067102E+02  Si
  0.2958178E+02  0.7660289E+00  0.1937960E+02  Si
  0.3694047E+02  0.1598563E+01  0.1347369E+02  Si
  0.3399366E+02  0.1188933E+02  0.1419813E+02  Si
  0.3599846E+02  0.7314307E+01  0.2207575E+01  Si
  0.2286798E+02  0.5416982E+01  0.1857850E+02  Si
  0.3396961E+02  0.4370742E+01  0.9763653E+01  Si
  0.3632564E+02  0.5526367E+01  0.2027792E+02  Si
  0.2391103E+02  0.1991175E+02  0.6545004E+01  Si
  0.2203027E+02  0.1817951E+02  0.1365897E+02  Si
  0.2480068E+02  0.5594148E+00  0.6943134E+01  Si
  0.2577306E+02  0.1975150E+02  0.1760527E+01  Si
  0.3631284E+02  0.1483815E+02  0.1171776E+01  Si
  0.2166470E+02  0.5066891E+01  0.1648529E+02  Si
  0.3932632E+02  0.1182095E+02  0.7726027E+00  Si
  0.4215184E+02  0.1205721E+02  0.1965651E+02  Si
  0.2889164E+02  0.3961241E+01  0.2141421E+02  Si
  0.3466652E+02  0.3930945E+01  0.1937393E+02  Si
  0.3719889E+02  0.1115662E+02  0.2034854E+01  Si
  0.2620238E+02  0.1281335E+02  0.8072795E+01  Si
  0.3566997E+02  0.2750642E+01  0.2901820E+01  Si
  0.2344133E+02  0.1564430E+00  0.3396104E+01  Si
  0.3433300E+02  0.1886868E+02  0.2151689E+02  Si
  0.3701800E+02  0.6867743E+01  0.1820993E+02  Si
  0.3110806E+02  0.3833602E+01  0.2034600E+02  Si
  0.3255570E+02  0.2097205E+02  0.6659953E+01  Si
  0.2034421E+02  0.1483637E+02  0.1238518E+02  Si
  0.3706508E+02  0.1783402E+02  0.1673189E+02  Si
  0.3491932E+02  0.1012390E+02  0.9044123E+01  Si
  0.3154161E+02  0.1458053E+02  0.1918259E+02  Si
  0.4071670E+02  0.1315001E+02  0.2104725E+02  Si
  0.3051199E+02  0.1348099E+02  0.2097261E+02  Si
  0.2674908E+02  0.8486170E+01  0.6934448E+01  Si
  0.3649377E+02  0.9493419E+01  0.1094429E+02  Si
  0.3808905E+02  0.1642127E+02  0.4490144E+01  Si
  0.2901252E+02  0.1176055E+01  0.7377438E+01  Si
  0.2183571E+02  0.1919642E+02  0.1942639E+02  Si
  0.3293248E+02  0.2045469E+02  0.2641271E+01  Si
  0.3948103E+02  0.1170511E+02  0.1112948E+02  Si
  0.3440037E+02  0.9656449E+01  0.4017957E+01  Si
  0.3963880E+02  0.1603327E+01  0.1195867E+02  Si
  0.2663090E+02  0.6176458E+01  0.7795045E+01  Si
  0.1975037E+02  0.1475254E+02  0.1015264E+02  Si
  0.2571083E+02  0.1165716E+02  0.2069807E+02  Si
  0.3517319E+02  0.1761214E+02  0.5501489E+01  Si
  0.2426811E+02  0.7474225E+01  0.1939628E+02  Si
  0.3072560E+02  0.1880055E+02  0.1534878E+02  Si
  0.4210988E+02  0.3686297E+01  0.1712479E+02  Si
  0.2847722E+02  0.7862820E+01  0.2096700E+02  Si
  0.3061476E+02  0.2004130E+02  0.1147909E+02  Si
  0.2440619E+02  0.6438752E+01  0.1039656E+02  Si
  0.4195410E+02  0.1441010E+02  0.1166846E+02  Si
  0.2362741E+02  0.2065543E+02  0.9748740E+01  Si
  0.3082533E+02  0.9778020E+01  0.5795033E+01  Si
  0.2035628E+02  0.1062148E+02  0.1294179E+02  Si
  0.2041209E+02  0.3345822E+01  0.1851121E+01  Si
  0.3367646E+02  0.1698040E+02  0.1248337E+02  Si
  0.3076253E+02  0.2143837E+02  0.2715645E+01  Si
  0.4073084E+02  0.7370335E+01  0.2155511E+02  Si
  0.4111285E+02  0.1068835E+02  0.1248469E+02  Si
  0.2447199E+02  0.1669923E+02  0.4379380E+01  Si
  0.3171882E+02  0.3500835E+01  0.9442288E+01  Si
  0.4200628E+02  0.1719089E+02  0.1999253E+02  Si
  0.4358695E+02  0.2154079E+02  0.2123585E+02  Si
  0.4619745E+02  0.2482552E+01  0.2114627E+02  Si
  0.4630665E+02  0.2162551E+02  0.2208860E+01  Si
  0.4312489E+02  0.2542809E+01  0.2171937E+01  Si
  0.4469880E+02  0.1347668E+01  0.8294310E+00  Si
  0.4785282E+02  0.3823139E+01  0.6994105E+00  Si
  0.4766928E+02  0.1077332E+01  0.3766249E+01  Si
  0.4497586E+02  0.3400603E+01  0.3383442E+01  Si
  0.4870670E+02  0.2104931E+02  0.2062145E+02  Si
  0.5139402E+02  0.2335735E+01  0.2122687E+02  Si
  0.5164319E+02  0.2166053E+02  0.2397938E+01  Si
  0.4906003E+02  0.2077062E+01  0.2023929E+01  Si
  0.5013046E+02  0.4085425E+00  0.4394528E+00  Si
  0.5287916E+02  0.3669135E+01  0.7018176E+00  Si
  0.5294914E+02  0.1041584E+01  0.3875760E+01  Si
  0.5014359E+02  0.3569852E+01  0.3740677E+01  Si
  0.5415589E+02  0.2155514E+02  0.2120450E+02  Si
  0.5693648E+02  0.2406367E+01  0.2128325E+02  Si
  0.5689869E+02  0.7968380E-01  0.2329370E+01  Si
  0.5433722E+02  0.2147551E+01  0.2211418E+01  Si
  0.5547057E+02  0.1126773E+01  0.9015673E+00  Si
  0.5839414E+02  0.3647849E+01  0.1167266E+01  Si
  0.5832459E+02  0.9061333E+00  0.3886368E+01  Si
  0.5566578E+02  0.3671699E+01  0.3522479E+01  Si
  0.5986677E+02  0.2151425E+02  0.2129421E+02  Si
  0.6213419E+02  0.2511791E+01  0.2135922E+02  Si
  0.6241619E+02  0.2152791E+02  0.2176005E+01  Si
  0.5979444E+02  0.2326749E+01  0.2529960E+01  Si
  0.6119939E+02  0.1159859E+01  0.9633196E+00  Si
  0.6361901E+02  0.3745125E+01  0.1087417E+01  Si
  0.6391419E+02  0.8979739E+00  0.3663911E+01  Si
  0.6115301E+02  0.3629991E+01  0.3674235E+01  Si
  0.4365994E+02  0.4983261E+01  0.2115238E+02  Si
  0.4636682E+02  0.7677835E+01  0.2115604E+02  Si
  0.4624873E+02  0.4928608E+01  0.2029490E+01  Si
  0.4356725E+02  0.8010580E+01  0.2173115E+01  Si
  0.4490074E+02  0.6502787E+01  0.8611588E+00  Si
  0.4763725E+02  0.9065387E+01  0.8165691E+00  Si
  0.4758426E+02  0.6278581E+01  0.3390413E+01  Si
  0.4495867E+02  0.9172541E+01  0.3604375E+01  Si
  0.4894803E+02  0.5490478E+01  0.2114170E+02  Si
  0.5179924E+02  0.7849773E+01  0.2121301E+02  Si
  0.5161705E+02  0.5087594E+01  0.2310383E+01  Si
  0.4888780E+02  0.7840856E+01  0.2108010E+01  Si
  0.5030844E+02  0.6542812E+01  0.8145653E+00  Si
  0.5304679E+02  0.9154402E+01  0.9698917E+00  Si
  0.5303487E+02  0.6207885E+01  0.4003878E+01  Si
  0.5013245E+02  0.9203154E+01  0.3675575E+01  Si
  0.5415730E+02  0.5085035E+01  0.2138902E+02  Si
  0.5657527E+02  0.7685732E+01  0.2145518E+02  Si
  0.5709398E+02  0.5178174E+01  0.2420029E+01  Si
  0.5401098E+02  0.7847644E+01  0.2453378E+01  Si
  0.5543493E+02  0.6279485E+01  0.1170244E+01  Si
  0.5815564E+02  0.8943706E+01  0.1078607E+01  Si
  0.5809881E+02  0.6851327E+01  0.3865865E+01  Si
  0.5526141E+02  0.9270139E+01  0.3584808E+01  Si
  0.5949606E+02  0.5159342E+01  0.2162142E+02  Si
  0.6244555E+02  0.7908659E+01  0.2118042E+02  Si
  0.6250641E+02  0.5208720E+01  0.2588023E+01  Si
  0.5986518E+02  0.7960075E+01  0.2479172E+01  Si
  0.6116785E+02  0.6619239E+01  0.1127813E+01  Si
  0.6369996E+02  0.9139921E+01  0.8593569E+00  Si
  0.6384269E+02  0.6887169E+01  0.3593331E+01  Si
  0.6098713E+02  0.9445988E+01  0.3669775E+01  Si
  0.4349551E+02  0.1061935E+02  0.2125901E+02  Si
  0.4629879E+02  0.1327735E+02  0.2123437E+02  Si
  0.4625740E+02  0.1051050E+02  0.2149636E+01  Si
  0.4367072E+02  0.1343959E+02  0.2238159E+01  Si
  0.4493205E+02  0.1190043E+02  0.7337293E+00  Si
  0.4768114E+02  0.1444367E+02  0.9623401E+00  Si
  0.4743558E+02  0.1180114E+02  0.3481378E+01  Si
  0.4475104E+02  0.1486502E+02  0.3788907E+01  Si
  0.4912909E+02  0.1063253E+02  0.2117532E+02  Si
  0.5174043E+02  0.1318935E+02  0.2111257E+02  Si
  0.5178428E+02  0.1064806E+02  0.2427999E+01  Si
  0.4901791E+02  0.1299553E+02  0.2249900E+01  Si
  0.5044786E+02  0.1179209E+02  0.8377507E+00  Si
  0.5275970E+02  0.1489343E+02  0.7652074E+00  Si
  0.5274417E+02  0.1212126E+02  0.4013570E+01  Si
  0.5026424E+02  0.1434290E+02  0.3745780E+01  Si
  0.5438281E+02  0.1047761E+02  0.2126602E+02  Si
  0.5700994E+02  0.1327969E+02  0.2138749E+02  Si
  0.5675269E+02  0.1043470E+02  0.2238729E+01  Si
  0.5401110E+02  0.1322388E+02  0.2323477E+01  Si
  0.5548779E+02  0.1197360E+02  0.9443623E+00  Si
  0.5840842E+02  0.1484418E+02  0.9515475E+00  Si
  0.5843417E+02  0.1173007E+02  0.3627989E+01  Si
  0.5578394E+02  0.1444824E+02  0.3577679E+01  Si
  0.5969041E+02  0.1039097E+02  0.7162759E-01  Si
  0.6234702E+02  0.1296501E+02  0.2137801E+02  Si
  0.6268968E+02  0.1068441E+02  0.2311536E+01  Si
  0.5960317E+02  0.1335145E+02  0.2401997E+01  Si
  0.6082819E+02  0.1184416E+02  0.1413030E+01  Si
  0.6379594E+02  0.1454102E+02  0.9487434E+00  Si
  0.6403676E+02  0.1197403E+02  0.3523931E+01  Si
  0.6114627E+02  0.1466831E+02  0.3643463E+01  Si
  0.4336390E+02  0.1588730E+02  0.2134634E+02  Si
  0.4634288E+02  0.1863271E+02  0.2113245E+02  Si
  0.4641335E+02  0.1592997E+02  0.2439964E+01  Si
  0.4384648E+02  0.1872775E+02  0.2291292E+01  Si
  0.4514716E+02  0.1722975E+02  0.9199523E+00  Si
  0.4762045E+02  0.2005422E+02  0.8429572E+00  Si
  0.4794781E+02  0.1727157E+02  0.3690459E+01  Si
  0.4534882E+02  0.2005907E+02  0.3516446E+01  Si
  0.4890410E+02  0.1561884E+02  0.2119141E+02  Si
  0.5151707E+02  0.1872192E+02  0.2127727E+02  Si
  0.5147993E+02  0.1580810E+02  0.2392996E+01  Si
  0.4911835E+02  0.1878208E+02  0.2050990E+01  Si
  0.5019130E+02  0.1732065E+02  0.7352810E+00  Si
  0.5293515E+02  0.1996903E+02  0.9908589E+00  Si
  0.5302638E+02  0.1711337E+02  0.3643007E+01  Si
  0.5049267E+02  0.2008245E+02  0.3636541E+01  Si
  0.5435754E+02  0.1611190E+02  0.2121131E+02  Si
  0.5681100E+02  0.1883959E+02  0.2127998E+02  Si
  0.5700145E+02  0.1611118E+02  0.2496083E+01  Si
  0.5438060E+02  0.1858406E+02  0.2214830E+01  Si
  0.5582308E+02  0.1739454E+02  0.8103459E+00  Si
  0.5803764E+02  0.2043913E+02  0.8978838E+00  Si
  0.5840304E+02  0.1751347E+02  0.3668258E+01  Si
  0.5583541E+02  0.2002349E+02  0.3489858E+01  Si
  0.5987678E+02  0.1610053E+02  0.2123667E+02  Si
  0.6269814E+02  0.1863129E+02  0.2137585E+02  Si
  0.6262759E+02  0.1593942E+02  0.2220527E+01  Si
  0.5933839E+02  0.1895254E+02  0.2151926E+01  Si
  0.6115464E+02  0.1733784E+02  0.1165334E+01  Si
  0.6409648E+02  0.1998713E+02  0.9763825E+00  Si
  0.6391452E+02  0.1725921E+02  0.3538711E+01  Si
  0.6121882E+02  0.1993026E+02  0.3379393E+01  Si
  0.4353034E+02  0.2136159E+02  0.4959677E+01  Si
  0.4619699E+02  0.2194170E+01  0.5116454E+01  Si
  0.4610514E+02  0.2109594E+02  0.7745915E+01  Si
  0.4325202E+02  0.2344176E+01  0.7535588E+01  Si
  0.4482860E+02  0.9079570E+00  0.6432759E+01  Si
  0.4751480E+02  0.3622930E+01  0.6737246E+01  Si
  0.4700231E+02  0.7702745E+00  0.9136213E+01  Si
  0.4456181E+02  0.3898873E+01  0.9040993E+01  Si
  0.4878076E+02  0.2126291E+02  0.4815143E+01  Si
  0.5142097E+02  0.2144222E+01  0.5137364E+01  Si
  0.5160931E+02  0.2120961E+02  0.7887336E+01  Si
  0.4881517E+02  0.1894570E+01  0.8093284E+01  Si
  0.5002308E+02  0.6680565E+00  0.6449657E+01  Si
  0.5294071E+02  0.3510726E+01  0.6435622E+01  Si
  0.5290988E+02  0.8012598E+00  0.9236896E+01  Si
  0.5016043E+02  0.3498967E+01  0.9277423E+01  Si
  0.5429464E+02  0.2142875E+02  0.4992966E+01  Si
  0.5691242E+02  0.2476101E+01  0.5110678E+01  Si
  0.5710910E+02  0.2154591E+02  0.7686385E+01  Si
  0.5441977E+02  0.2281052E+01  0.7816892E+01  Si
  0.5571974E+02  0.1037298E+01  0.6493125E+01  Si
  0.5819986E+02  0.3694650E+01  0.6490727E+01  Si
  0.5848900E+02  0.1357202E+01  0.9005019E+01  Si
  0.5563947E+02  0.3711597E+01  0.9008761E+01  Si
  0.5986847E+02  0.2127907E+02  0.4894448E+01  Si
  0.6253080E+02  0.2234315E+01  0.4982789E+01  Si
  0.6228271E+02  0.2136628E+02  0.7729129E+01  Si
  0.5999225E+02  0.2702324E+01  0.7886310E+01  Si
  0.6121746E+02  0.1207462E+01  0.6459906E+01  Si
  0.6376411E+02  0.3652879E+01  0.6127239E+01  Si
  0.6380694E+02  0.9608669E+00  0.8921947E+01  Si
  0.6113868E+02  0.3991005E+01  0.9000939E+01  Si
  0.4337491E+02  0.4811133E+01  0.4877918E+01  Si
  0.4606333E+02  0.7402737E+01  0.5014561E+01  Si
  0.4592946E+02  0.5093638E+01  0.7768688E+01  Si
  0.4334399E+02  0.7562764E+01  0.7567337E+01  Si
  0.4468033E+02  0.6240969E+01  0.6207324E+01  Si
  0.4750687E+02  0.8774131E+01  0.6491881E+01  Si
  0.4729371E+02  0.6222274E+01  0.9212608E+01  Si
  0.4485462E+02  0.8802322E+01  0.9104759E+01  Si
  0.4881179E+02  0.4843822E+01  0.5059424E+01  Si
  0.5142112E+02  0.7762873E+01  0.4954213E+01  Si
  0.5120169E+02  0.4833841E+01  0.7526712E+01  Si
  0.4875882E+02  0.7577677E+01  0.7801245E+01  Si
  0.5005358E+02  0.6245499E+01  0.6391951E+01  Si
  0.5307458E+02  0.9083560E+01  0.6258262E+01  Si
  0.5248596E+02  0.6424417E+01  0.8958788E+01  Si
  0.5017856E+02  0.9273998E+01  0.9054087E+01  Si
  0.5433439E+02  0.4699337E+01  0.5144270E+01  Si
  0.5668446E+02  0.8071104E+01  0.5186115E+01  Si
  0.5682503E+02  0.5118076E+01  0.7656229E+01  Si
  0.5407035E+02  0.7893324E+01  0.7840690E+01  Si
  0.5549536E+02  0.6514115E+01  0.6414243E+01  Si
  0.5806912E+02  0.9344019E+01  0.6539156E+01  Si
  0.5798681E+02  0.6661230E+01  0.9056757E+01  Si
  0.5520166E+02  0.9451829E+01  0.9447419E+01  Si
  0.5952708E+02  0.5089041E+01  0.5008782E+01  Si
  0.6235396E+02  0.7973191E+01  0.4944014E+01  Si
  0.6242345E+02  0.5240085E+01  0.7338116E+01  Si
  0.5958541E+02  0.7944608E+01  0.7924059E+01  Si
  0.6099471E+02  0.6660560E+01  0.6205631E+01  Si
  0.6379622E+02  0.9068861E+01  0.6360175E+01  Si
  0.6374414E+02  0.6455711E+01  0.9043102E+01  Si
  0.6118979E+02  0.9275535E+01  0.9284438E+01  Si
  0.4366426E+02  0.1056090E+02  0.4813729E+01  Si
  0.4602872E+02  0.1308475E+02  0.4801543E+01  Si
  0.4609192E+02  0.1030528E+02  0.7773738E+01  Si
  0.4326907E+02  0.1316147E+02  0.7590049E+01  Si
  0.4493319E+02  0.1175934E+02  0.6502097E+01  Si
  0.4738304E+02  0.1452357E+02  0.6076321E+01  Si
  0.4748050E+02  0.1168446E+02  0.8917447E+01  Si
  0.4498907E+02  0.1436284E+02  0.8948068E+01  Si
  0.4863500E+02  0.1024705E+02  0.5062903E+01  Si
  0.5144265E+02  0.1325290E+02  0.5247196E+01  Si
  0.5157627E+02  0.1064876E+02  0.7560408E+01  Si
  0.4883477E+02  0.1342236E+02  0.7779757E+01  Si
  0.4993095E+02  0.1176366E+02  0.6377501E+01  Si
  0.5303144E+02  0.1462717E+02  0.6319684E+01  Si
  0.5289083E+02  0.1226772E+02  0.8733015E+01  Si
  0.5025017E+02  0.1493692E+02  0.8940667E+01  Si
  0.5431154E+02  0.1064667E+02  0.5072562E+01  Si
  0.5721113E+02  0.1327565E+02  0.4917068E+01  Si
  0.5688113E+02  0.1083094E+02  0.8288283E+01  Si
  0.5461981E+02  0.1315342E+02  0.7196247E+01  Si
  0.5623376E+02  0.1165446E+02  0.6261554E+01  Si
  0.5842085E+02  0.1447931E+02  0.6287751E+01  Si
  0.5846484E+02  0.1217219E+02  0.9544822E+01  Si
  0.5554450E+02  0.1473747E+02  0.8806096E+01  Si
  0.5958372E+02  0.1060147E+02  0.5158878E+01  Si
  0.6252689E+02  0.1312796E+02  0.4986363E+01  Si
  0.6237454E+02  0.1033494E+02  0.7767296E+01  Si
  0.5990462E+02  0.1319551E+02  0.7727484E+01  Si
  0.6127185E+02  0.1185470E+02  0.6332118E+01  Si
  0.6391403E+02  0.1477524E+02  0.6205106E+01  Si
  0.6371047E+02  0.1180392E+02  0.9175543E+01  Si
  0.6121876E+02  0.1483260E+02  0.9142658E+01  Si
  0.4313063E+02  0.1587726E+02  0.5209415E+01  Si
  0.4635709E+02  0.1829910E+02  0.4736079E+01  Si
  0.4625352E+02  0.1570243E+02  0.7538859E+01  Si
  0.4336892E+02  0.1870674E+02  0.7649040E+01  Si
  0.4487686E+02  0.1723252E+02  0.6288522E+01  Si
  0.4763399E+02  0.1980969E+02  0.6141793E+01  Si
  0.4743404E+02  0.1718695E+02  0.8775183E+01  Si
  0.4469642E+02  0.1981857E+02  0.8989803E+01  Si
  0.4881838E+02  0.1587062E+02  0.5166397E+01  Si
  0.5161461E+02  0.1849005E+02  0.4924940E+01  Si
  0.5169502E+02  0.1620331E+02  0.7621067E+01  Si
  0.4884842E+02  0.1867253E+02  0.7692847E+01  Si
  0.5014469E+02  0.1729202E+02  0.6247848E+01  Si
  0.5300800E+02  0.1997347E+02  0.6464350E+01  Si
  0.5302321E+02  0.1751878E+02  0.8999311E+01  Si
  0.5019892E+02  0.2008674E+02  0.9234487E+01  Si
  0.5445361E+02  0.1574356E+02  0.4857850E+01  Si
  0.5697788E+02  0.1875154E+02  0.5093483E+01  Si
  0.5702828E+02  0.1601730E+02  0.7437663E+01  Si
  0.5459430E+02  0.1867142E+02  0.7749042E+01  Si
  0.5560683E+02  0.1730731E+02  0.6176685E+01  Si
  0.5838709E+02  0.2025327E+02  0.6263075E+01  Si
  0.5805408E+02  0.1742630E+02  0.9076616E+01  Si
  0.5580380E+02  0.2006566E+02  0.9216991E+01  Si
  0.5967696E+02  0.1608437E+02  0.5090051E+01  Si
  0.6252154E+02  0.1862492E+02  0.4945609E+01  Si
  0.6244974E+02  0.1603786E+02  0.7685893E+01  Si
  0.5955551E+02  0.1864924E+02  0.7671619E+01  Si
  0.6107455E+02  0.1748600E+02  0.6186502E+01  Si
  0.6368779E+02  0.1994215E+02  0.6540161E+01  Si
  0.6386846E+02  0.1722877E+02  0.9163277E+01  Si
  0.6091845E+02  0.2006803E+02  0.9111390E+01  Si
  0.4346335E+02  0.2126484E+02  0.1042234E+02  Si
  0.4587122E+02  0.2363845E+01  0.1033169E+02  Si
  0.4602938E+02  0.2109476E+02  0.1299695E+02  Si
  0.4335361E+02  0.2294635E+01  0.1297348E+02  Si
  0.4461430E+02  0.8523419E+00  0.1172021E+02  Si
  0.4736413E+02  0.3763405E+01  0.1150080E+02  Si
  0.4714726E+02  0.8620138E+00  0.1457082E+02  Si
  0.4482097E+02  0.3494518E+01  0.1451706E+02  Si
  0.4850722E+02  0.2115775E+02  0.1052186E+02  Si
  0.5144396E+02  0.1959299E+01  0.1070348E+02  Si
  0.5139995E+02  0.2135758E+02  0.1314211E+02  Si
  0.4843020E+02  0.2156566E+01  0.1319134E+02  Si
  0.4995820E+02  0.6594238E+00  0.1202034E+02  Si
  0.5283213E+02  0.3715161E+01  0.1177125E+02  Si
  0.5298588E+02  0.9510971E+00  0.1433398E+02  Si
  0.5010852E+02  0.3488116E+01  0.1429081E+02  Si
  0.5425421E+02  0.2133802E+02  0.1042120E+02  Si
  0.5702234E+02  0.2588649E+01  0.1039677E+02  Si
  0.5662071E+02  0.2118341E+02  0.1331431E+02  Si
  0.5437121E+02  0.2503993E+01  0.1315751E+02  Si
  0.5566634E+02  0.1018677E+01  0.1176325E+02  Si
  0.5845842E+02  0.3924964E+01  0.1167690E+02  Si
  0.5862545E+02  0.5579375E+00  0.1444111E+02  Si
  0.5585788E+02  0.3494463E+01  0.1423917E+02  Si
  0.5954214E+02  0.2140895E+02  0.1063027E+02  Si
  0.6251228E+02  0.2430383E+01  0.1019821E+02  Si
  0.6236491E+02  0.2135722E+02  0.1320457E+02  Si
  0.5968623E+02  0.2213280E+01  0.1306425E+02  Si
  0.6121985E+02  0.1160608E+01  0.1163902E+02  Si
  0.6358176E+02  0.3827486E+01  0.1168780E+02  Si
  0.6363930E+02  0.9363297E+00  0.1442735E+02  Si
  0.6101501E+02  0.3463595E+01  0.1476355E+02  Si
  0.4331371E+02  0.5094658E+01  0.1049727E+02  Si
  0.4613961E+02  0.7722991E+01  0.1068206E+02  Si
  0.4591684E+02  0.4912337E+01  0.1317173E+02  Si
  0.4328306E+02  0.7667131E+01  0.1333629E+02  Si
  0.4454153E+02  0.6374466E+01  0.1191830E+02  Si
  0.4739122E+02  0.9322199E+01  0.1176857E+02  Si
  0.4730489E+02  0.6376219E+01  0.1442241E+02  Si
  0.4454455E+02  0.9102174E+01  0.1475923E+02  Si
  0.4893870E+02  0.5100493E+01  0.1017727E+02  Si
  0.5149607E+02  0.7949233E+01  0.1036888E+02  Si
  0.5132046E+02  0.4982832E+01  0.1302215E+02  Si
  0.4854871E+02  0.7844556E+01  0.1327798E+02  Si
  0.4998187E+02  0.6622418E+01  0.1174946E+02  Si
  0.5273969E+02  0.9300420E+01  0.1179562E+02  Si
  0.5278791E+02  0.6537106E+01  0.1420976E+02  Si
  0.4999281E+02  0.9082527E+01  0.1448202E+02  Si
  0.5403303E+02  0.4968831E+01  0.1019691E+02  Si
  0.5673228E+02  0.7960825E+01  0.1042851E+02  Si
  0.5680907E+02  0.5026042E+01  0.1293806E+02  Si
  0.5413405E+02  0.7963527E+01  0.1305064E+02  Si
  0.5526794E+02  0.6423321E+01  0.1168403E+02  Si
  0.5830564E+02  0.9160724E+01  0.1180302E+02  Si
  0.5842769E+02  0.6305043E+01  0.1444332E+02  Si
  0.5585638E+02  0.9094846E+01  0.1454480E+02  Si
  0.5971019E+02  0.5501112E+01  0.1020950E+02  Si
  0.6244856E+02  0.7786303E+01  0.1048454E+02  Si
  0.6199938E+02  0.4961022E+01  0.1323079E+02  Si
  0.5978236E+02  0.7924666E+01  0.1300943E+02  Si
  0.6108702E+02  0.6397919E+01  0.1184393E+02  Si
  0.6364311E+02  0.9131369E+01  0.1203874E+02  Si
  0.6328486E+02  0.6460024E+01  0.1465750E+02  Si
  0.6102729E+02  0.9152411E+01  0.1467425E+02  Si
  0.4347545E+02  0.1009462E+02  0.1037055E+02  Si
  0.4605361E+02  0.1299815E+02  0.1040105E+02  Si
  0.4592294E+02  0.1038870E+02  0.1328668E+02  Si
  0.4307921E+02  0.1296065E+02  0.1310286E+02  Si
  0.4456747E+02  0.1166191E+02  0.1177931E+02  Si
  0.4729613E+02  0.1454427E+02  0.1168937E+02  Si
  0.4724970E+02  0.1194595E+02  0.1457341E+02  Si
  0.4421772E+02  0.1449985E+02  0.1458808E+02  Si
  0.4881930E+02  0.1070836E+02  0.1034557E+02  Si
  0.5200064E+02  0.1388941E+02  0.9984948E+01  Si
  0.5121036E+02  0.1068497E+02  0.1311931E+02  Si
  0.4865309E+02  0.1318236E+02  0.1296009E+02  Si
  0.5032077E+02  0.1232784E+02  0.1132261E+02  Si
  0.5296562E+02  0.1483325E+02  0.1201011E+02  Si
  0.5303970E+02  0.1181799E+02  0.1453572E+02  Si
  0.5007464E+02  0.1440458E+02  0.1455392E+02  Si
  0.5383228E+02  0.1105589E+02  0.1073512E+02  Si
  0.5701575E+02  0.1388538E+02  0.1030995E+02  Si
  0.5712016E+02  0.1070966E+02  0.1321993E+02  Si
  0.5430199E+02  0.1334329E+02  0.1311211E+02  Si
  0.5574349E+02  0.1215064E+02  0.1194278E+02  Si
  0.5858314E+02  0.1496014E+02  0.1186895E+02  Si
  0.5847565E+02  0.1187795E+02  0.1466905E+02  Si
  0.5561317E+02  0.1455523E+02  0.1464486E+02  Si
  0.5969543E+02  0.1077765E+02  0.1064321E+02  Si
  0.6240045E+02  0.1318049E+02  0.1054823E+02  Si
  0.6230449E+02  0.1044169E+02  0.1343356E+02  Si
  0.5950629E+02  0.1352000E+02  0.1338151E+02  Si
  0.6075033E+02  0.1194911E+02  0.1207914E+02  Si
  0.6373867E+02  0.1431462E+02  0.1206795E+02  Si
  0.6384187E+02  0.1187952E+02  0.1470130E+02  Si
  0.6119955E+02  0.1456964E+02  0.1454265E+02  Si
  0.4339686E+02  0.1556269E+02  0.1001279E+02  Si
  0.4588701E+02  0.1831899E+02  0.1026841E+02  Si
  0.4602497E+02  0.1577219E+02  0.1309798E+02  Si
  0.4311209E+02  0.1834185E+02  0.1279164E+02  Si
  0.4445209E+02  0.1677465E+02  0.1173860E+02  Si
  0.4737027E+02  0.1955811E+02  0.1173911E+02  Si
  0.4750296E+02  0.1697332E+02  0.1437464E+02  Si
  0.4458526E+02  0.1949191E+02  0.1437359E+02  Si
  0.4862149E+02  0.1583949E+02  0.1025978E+02  Si
  0.5162350E+02  0.1864719E+02  0.1072546E+02  Si
  0.5138570E+02  0.1588021E+02  0.1333771E+02  Si
  0.4876898E+02  0.1860756E+02  0.1309701E+02  Si
  0.4998983E+02  0.1717540E+02  0.1175253E+02  Si
  0.5305404E+02  0.1999749E+02  0.1188685E+02  Si
  0.5299545E+02  0.1728336E+02  0.1453062E+02  Si
  0.5019650E+02  0.2006338E+02  0.1440596E+02  Si
  0.5425745E+02  0.1619497E+02  0.1042287E+02  Si
  0.5707709E+02  0.1866628E+02  0.1082523E+02  Si
  0.5696424E+02  0.1596366E+02  0.1341991E+02  Si
  0.5418932E+02  0.1869846E+02  0.1331852E+02  Si
  0.5564356E+02  0.1725170E+02  0.1213915E+02  Si
  0.5823461E+02  0.1999899E+02  0.1203572E+02  Si
  0.5847725E+02  0.1713201E+02  0.1465567E+02  Si
  0.5556402E+02  0.1963711E+02  0.1470852E+02  Si
  0.5956613E+02  0.1622880E+02  0.1033915E+02  Si
  0.6269092E+02  0.1878157E+02  0.1018081E+02  Si
  0.6250713E+02  0.1601914E+02  0.1318720E+02  Si
  0.5971167E+02  0.1863377E+02  0.1318870E+02  Si
  0.6109429E+02  0.1740023E+02  0.1167417E+02  Si
  0.6380844E+02  0.2013374E+02  0.1170570E+02  Si
  0.6392056E+02  0.1727518E+02  0.1455104E+02  Si
  0.6123167E+02  0.1973425E+02  0.1453267E+02  Si
  0.4337704E+02  0.2143330E+02  0.1552814E+02  Si
  0.4614969E+02  0.2248808E+01  0.1592688E+02  Si
  0.4585950E+02  0.2130982E+02  0.1837855E+02  Si
  0.4202227E+02  0.1120010E+01  0.1992308E+02  Si
  0.4461081E+02  0.9494135E+00  0.1693243E+02  Si
  0.4748738E+02  0.3438633E+01  0.1712929E+02  Si
  0.4737916E+02  0.9896742E+00  0.1960001E+02  Si
  0.4500788E+02  0.3936513E+01  0.1977449E+02  Si
  0.4865026E+02  0.2131933E+02  0.1581197E+02  Si
  0.5169570E+02  0.2599152E+01  0.1567674E+02  Si
  0.5172307E+02  0.2145704E+02  0.1830853E+02  Si
  0.4908483E+02  0.2209120E+01  0.1848071E+02  Si
  0.5038435E+02  0.8884765E+00  0.1682268E+02  Si
  0.5310016E+02  0.4224280E+01  0.1690836E+02  Si
  0.5289398E+02  0.1182003E+01  0.1996617E+02  Si
  0.5020391E+02  0.3739470E+01  0.1998589E+02  Si
  0.5420842E+02  0.2119054E+02  0.1582855E+02  Si
  0.5720507E+02  0.2303483E+01  0.1558363E+02  Si
  0.5682267E+02  0.2161993E+02  0.1826023E+02  Si
  0.5427007E+02  0.2579105E+01  0.1830112E+02  Si
  0.5570723E+02  0.1074792E+01  0.1695112E+02  Si
  0.5819366E+02  0.3590747E+01  0.1725698E+02  Si
  0.5829861E+02  0.1060559E+01  0.1983393E+02  Si
  0.5552300E+02  0.3535763E+01  0.2010442E+02  Si
  0.5997617E+02  0.2107446E+02  0.1595305E+02  Si
  0.6265486E+02  0.2374604E+01  0.1597969E+02  Si
  0.6247960E+02  0.2149287E+02  0.1871544E+02  Si
  0.5972438E+02  0.2488640E+01  0.1858705E+02  Si
  0.6099062E+02  0.1078892E+01  0.1728139E+02  Si
  0.6379484E+02  0.3628968E+01  0.1735297E+02  Si
  0.6388195E+02  0.1403967E+01  0.2011037E+02  Si
  0.6073445E+02  0.3876694E+01  0.2005174E+02  Si
  0.4367343E+02  0.4756958E+01  0.1598871E+02  Si
  0.4621338E+02  0.7672735E+01  0.1578651E+02  Si
  0.4643428E+02  0.5061364E+01  0.1836956E+02  Si
  0.4343013E+02  0.7236813E+01  0.1845677E+02  Si
  0.4497973E+02  0.6339355E+01  0.1714919E+02  Si
  0.4726940E+02  0.9377387E+01  0.1707345E+02  Si
  0.4762289E+02  0.6580103E+01  0.1962630E+02  Si
  0.4482294E+02  0.8898539E+01  0.2005033E+02  Si
  0.4877347E+02  0.5018219E+01  0.1558686E+02  Si
  0.5152305E+02  0.7837253E+01  0.1572448E+02  Si
  0.5157133E+02  0.5137323E+01  0.1849107E+02  Si
  0.4888772E+02  0.8037456E+01  0.1841040E+02  Si
  0.5015947E+02  0.6535996E+01  0.1707994E+02  Si
  0.5278430E+02  0.8929843E+01  0.1710220E+02  Si
  0.5297227E+02  0.6421203E+01  0.1987249E+02  Si
  0.5036640E+02  0.9000332E+01  0.1993963E+02  Si
  0.5449758E+02  0.5170837E+01  0.1548883E+02  Si
  0.5724129E+02  0.7666736E+01  0.1607658E+02  Si
  0.5677833E+02  0.4855989E+01  0.1859150E+02  Si
  0.5414710E+02  0.7686099E+01  0.1839946E+02  Si
  0.5560116E+02  0.6442135E+01  0.1721164E+02  Si
  0.5840744E+02  0.9115743E+01  0.1740915E+02  Si
  0.5797959E+02  0.6333721E+01  0.2023039E+02  Si
  0.5561022E+02  0.9097778E+01  0.1989933E+02  Si
  0.5973684E+02  0.5012163E+01  0.1593677E+02  Si
  0.6220939E+02  0.7771792E+01  0.1628138E+02  Si
  0.6260739E+02  0.5167293E+01  0.1889825E+02  Si
  0.5953600E+02  0.7493969E+01  0.1885010E+02  Si
  0.6085694E+02  0.6224494E+01  0.1761010E+02  Si
  0.6368629E+02  0.9197950E+01  0.1693584E+02  Si
  0.6402969E+02  0.6461038E+01  0.1997099E+02  Si
  0.6081920E+02  0.9082763E+01  0.2009209E+02  Si
  0.4295640E+02  0.1047836E+02  0.1565904E+02  Si
  0.4575238E+02  0.1327224E+02  0.1606151E+02  Si
  0.4579875E+02  0.1031679E+02  0.1858422E+02  Si
  0.4163911E+02  0.1464229E+02  0.1758933E+02  Si
  0.4444828E+02  0.1160610E+02  0.1720077E+02  Si
  0.4728600E+02  0.1456349E+02  0.1724712E+02  Si
  0.4741901E+02  0.1154343E+02  0.1990408E+02  Si
  0.4472940E+02  0.1475326E+02  0.1982906E+02  Si
  0.4871377E+02  0.1049094E+02  0.1584973E+02  Si
  0.5147424E+02  0.1301748E+02  0.1582798E+02  Si
  0.5158891E+02  0.1053830E+02  0.1860886E+02  Si
  0.4859279E+02  0.1298604E+02  0.1858017E+02  Si
  0.5013624E+02  0.1179255E+02  0.1733467E+02  Si
  0.5271681E+02  0.1447495E+02  0.1717523E+02  Si
  0.5310057E+02  0.1186453E+02  0.1983469E+02  Si
  0.5017476E+02  0.1408354E+02  0.1993185E+02  Si
  0.5440107E+02  0.1034170E+02  0.1605882E+02  Si
  0.5698908E+02  0.1325031E+02  0.1585984E+02  Si
  0.5693138E+02  0.1051929E+02  0.1886153E+02  Si
  0.5430321E+02  0.1334770E+02  0.1846823E+02  Si
  0.5574096E+02  0.1180835E+02  0.1728266E+02  Si
  0.5823472E+02  0.1425808E+02  0.1752126E+02  Si
  0.5846785E+02  0.1176532E+02  0.2040809E+02  Si
  0.5561022E+02  0.1464615E+02  0.2006133E+02  Si
  0.5968210E+02  0.1037991E+02  0.1589157E+02  Si
  0.6230818E+02  0.1322485E+02  0.1591051E+02  Si
  0.6239620E+02  0.1001209E+02  0.1867304E+02  Si
  0.5966440E+02  0.1286385E+02  0.1849551E+02  Si
  0.6099257E+02  0.1163625E+02  0.1738786E+02  Si
  0.6372480E+02  0.1464458E+02  0.1740944E+02  Si
  0.6351381E+02  0.1168771E+02  0.1989261E+02  Si
  0.6080765E+02  0.1440889E+02  0.1992155E+02  Si
  0.4287475E+02  0.1597910E+02  0.1588005E+02  Si
  0.4604485E+02  0.1826465E+02  0.1576889E+02  Si
  0.4627147E+02  0.1590979E+02  0.1856008E+02  Si
  0.4309802E+02  0.1870590E+02  0.1841367E+02  Si
  0.4453177E+02  0.1713801E+02  0.1714495E+02  Si
  0.4739844E+02  0.1975605E+02  0.1711238E+02  Si
  0.4768355E+02  0.1708373E+02  0.1988472E+02  Si
  0.4468538E+02  0.1994453E+02  0.1986745E+02  Si
  0.4886259E+02  0.1580428E+02  0.1592262E+02  Si
  0.5153111E+02  0.1865820E+02  0.1591626E+02  Si
  0.5151051E+02  0.1577007E+02  0.1886883E+02  Si
  0.4882727E+02  0.1834964E+02  0.1826355E+02  Si
  0.5046237E+02  0.1700282E+02  0.1702267E+02  Si
  0.5291505E+02  0.1982969E+02  0.1726556E+02  Si
  0.5294418E+02  0.1743296E+02  0.2006778E+02  Si
  0.5039329E+02  0.1978417E+02  0.1959779E+02  Si
  0.5417118E+02  0.1601040E+02  0.1587768E+02  Si
  0.5688454E+02  0.1817373E+02  0.1589456E+02  Si
  0.5722958E+02  0.1590581E+02  0.1878765E+02  Si
  0.5435763E+02  0.1872297E+02  0.1870138E+02  Si
  0.5564791E+02  0.1700585E+02  0.1746671E+02  Si
  0.5826567E+02  0.1994618E+02  0.1700033E+02  Si
  0.5830823E+02  0.1734093E+02  0.2010825E+02  Si
  0.5560088E+02  0.2019371E+02  0.1978972E+02  Si
  0.5971436E+02  0.1573692E+02  0.1600680E+02  Si
  0.6248444E+02  0.1840727E+02  0.1612011E+02  Si
  0.6225242E+02  0.1601354E+02  0.1859704E+02  Si
  0.5944725E+02  0.1864762E+02  0.1856705E+02  Si
  0.6088267E+02  0.1740349E+02  0.1724568E+02  Si
  0.6386640E+02  0.1991031E+02  0.1747200E+02  Si
  0.6376023E+02  0.1714338E+02  0.1993557E+02  Si
  0.6118344E+02  0.2004142E+02  0.2009479E+02  Si
