         
  0.6515772E+02  0.0000000E+00  0.2171924E+02
  0.0000000E+00  0.0000000E+00  0.2171924E+02
  0.6498864E+02  0.2115817E+02  0.2106490E+02  Si
  0.2636524E+01  0.2247038E+01  0.2156243E+02  Si
  0.2589020E+01  0.2126880E+02  0.2326806E+01  Si
  0.3671202E+00  0.2241078E+01  0.2337599E+01  Si
  0.1223491E+01  0.8370004E+00  0.8760620E+00  Si
  0.4138495E+01  0.3907753E+01  0.8985701E+00  Si
  0.3794717E+01  0.1304608E+01  0.3563992E+01  Si
  0.1236206E+01  0.3776146E+01  0.3801876E+01  Si
  0.5655378E+01  0.2163176E+02  0.2143926E+02  Si
  0.8142915E+01  0.2858036E+01  0.2137887E+02  Si
  0.7948940E+01  0.2156749E+02  0.2486098E+01  Si
  0.5181877E+01  0.2639176E+01  0.2370240E+01  Si
  0.6735661E+01  0.1371016E+01  0.1115383E+01  Si
  0.9577102E+01  0.3844816E+01  0.1041849E+01  Si
  0.9263640E+01  0.1282908E+01  0.3968037E+01  Si
  0.6687190E+01  0.4036539E+01  0.3501410E+01  Si
  0.1094928E+02  0.2129095E+02  0.2146779E+02  Si
  0.1342267E+02  0.2359845E+01  0.2166652E+02  Si
  0.1324818E+02  0.2121441E+02  0.2281713E+01  Si
  0.1095225E+02  0.2441056E+01  0.2636237E+01  Si
  0.1212229E+02  0.9001905E+00  0.1199811E+01  Si
  0.1482526E+02  0.3873666E+01  0.1170824E+01  Si
  0.1464907E+02  0.7184273E+00  0.3665218E+01  Si
  0.1237632E+02  0.3944210E+01  0.3733897E+01  Si
  0.1603008E+02  0.2116112E+02  0.2151468E+02  Si
  0.1863365E+02  0.2457106E+01  0.2117579E+02  Si
  0.1891123E+02  0.2145831E+02  0.2254611E+01  Si
  0.1587804E+02  0.2314801E+01  0.2358247E+01  Si
  0.1727938E+02  0.9603472E+00  0.8247999E+00  Si
  0.3421123E+02  0.4658515E+01  0.4233248E+01  Si
  0.2156980E+02  0.5258012E+01  0.2134890E+02  Si
  0.1738448E+02  0.3708428E+01  0.3549488E+01  Si
  0.3391512E-02  0.5130259E+01  0.2130384E+02  Si
  0.2508019E+01  0.7782421E+01  0.2127421E+02  Si
  0.2407494E+01  0.5178188E+01  0.2180661E+01  Si
  0.1257022E+00  0.7931756E+01  0.2258262E+01  Si
  0.1011117E+01  0.6485865E+01  0.8288431E+00  Si
  0.3956745E+01  0.9125616E+01  0.9830197E+00  Si
  0.3673665E+01  0.6496422E+01  0.3789515E+01  Si
  0.1430646E+01  0.9373316E+01  0.3531710E+01  Si
  0.5484191E+01  0.5287084E+01  0.2113280E+02  Si
  0.8264803E+01  0.7877111E+01  0.2121325E+02  Si
  0.8101799E+01  0.5421381E+01  0.2215607E+01  Si
  0.5280996E+01  0.7820097E+01  0.2292662E+01  Si
  0.6784020E+01  0.6558698E+01  0.6948664E+00  Si
  0.9606027E+01  0.9009925E+01  0.9293523E+00  Si
  0.9530218E+01  0.6626386E+01  0.3663495E+01  Si
  0.6852714E+01  0.8921840E+01  0.3563759E+01  Si
  0.1083221E+02  0.5086912E+01  0.2131423E+02  Si
  0.1348008E+02  0.7577715E+01  0.2115801E+02  Si
  0.1352516E+02  0.5384349E+01  0.2351232E+01  Si
  0.1091044E+02  0.7536979E+01  0.2139327E+01  Si
  0.1214540E+02  0.6481524E+01  0.8409515E+00  Si
  0.1455454E+02  0.8773455E+01  0.8473043E+00  Si
  0.1471435E+02  0.6651578E+01  0.3928369E+01  Si
  0.1206357E+02  0.9055414E+01  0.3425900E+01  Si
  0.1599860E+02  0.4791414E+01  0.2114663E+02  Si
  0.1864056E+02  0.7894889E+01  0.2135026E+02  Si
  0.1889763E+02  0.5289005E+01  0.2444405E+01  Si
  0.1603811E+02  0.7623098E+01  0.2378923E+01  Si
  0.1739517E+02  0.6299028E+01  0.8291762E+00  Si
  0.2283044E+02  0.1263587E+02  0.8854156E+00  Si
  0.2481151E+02  0.1178317E+02  0.1667958E+02  Si
  0.1739549E+02  0.9443977E+01  0.3748346E+01  Si
  0.6499189E+02  0.1044235E+02  0.2146202E+02  Si
  0.2623202E+01  0.1325757E+02  0.2152693E+02  Si
  0.2929459E+01  0.1064904E+02  0.2430987E+01  Si
  0.6501332E+02  0.1316014E+02  0.2351089E+01  Si
  0.1115224E+01  0.1183303E+02  0.1155106E+01  Si
  0.4126834E+01  0.1455323E+02  0.1078067E+01  Si
  0.4276180E+01  0.1184530E+02  0.3756544E+01  Si
  0.1674585E+01  0.1444888E+02  0.3516670E+01  Si
  0.5166532E+01  0.1059120E+02  0.2133061E+02  Si
  0.8230808E+01  0.1320278E+02  0.2110542E+02  Si
  0.8125317E+01  0.1039263E+02  0.2055879E+01  Si
  0.5650099E+01  0.1321388E+02  0.2330210E+01  Si
  0.6893139E+01  0.1199064E+02  0.7542585E+00  Si
  0.9424020E+01  0.1456752E+02  0.8817986E+00  Si
  0.9198854E+01  0.1210040E+02  0.3642433E+01  Si
  0.6866312E+01  0.1480665E+02  0.3634301E+01  Si
  0.1072809E+02  0.1010241E+02  0.2122778E+02  Si
  0.1349929E+02  0.1309526E+02  0.2105683E+02  Si
  0.1344447E+02  0.1054975E+02  0.2109764E+01  Si
  0.1088311E+02  0.1315962E+02  0.2296156E+01  Si
  0.1194018E+02  0.1170992E+02  0.8289387E+00  Si
  0.1482280E+02  0.1465401E+02  0.8157311E+00  Si
  0.1466329E+02  0.1214661E+02  0.3397612E+01  Si
  0.1196665E+02  0.1475530E+02  0.3711272E+01  Si
  0.1599380E+02  0.1001035E+02  0.2153792E+02  Si
  0.1865991E+02  0.1309204E+02  0.2159733E+02  Si
  0.2011017E+02  0.9411422E+01  0.9574294E+00  Si
  0.1611849E+02  0.1340590E+02  0.2128458E+01  Si
  0.1727651E+02  0.1143548E+02  0.1224454E+01  Si
  0.1983776E+02  0.1195606E+02  0.2018808E+02  Si
  0.2913919E+02  0.2161488E+02  0.4463563E+00  Si
  0.1739859E+02  0.1502323E+02  0.3390258E+01  Si
  0.6497741E+02  0.1624308E+02  0.2150332E+02  Si
  0.2506525E+01  0.1861145E+02  0.2135153E+02  Si
  0.2810294E+01  0.1609491E+02  0.2531537E+01  Si
  0.6501075E+02  0.1890737E+02  0.2385207E+01  Si
  0.1220557E+01  0.1737725E+02  0.1235266E+01  Si
  0.4185568E+01  0.2008822E+02  0.7658615E+00  Si
  0.4164290E+01  0.1739474E+02  0.3679249E+01  Si
  0.1256392E+01  0.2014111E+02  0.3736712E+01  Si
  0.5379854E+01  0.1587613E+02  0.2125387E+02  Si
  0.8152694E+01  0.1891395E+02  0.2130651E+02  Si
  0.8118966E+01  0.1609534E+02  0.2139189E+01  Si
  0.5458012E+01  0.1876096E+02  0.2235952E+01  Si
  0.6672628E+01  0.1732177E+02  0.8408988E+00  Si
  0.9396005E+01  0.2006003E+02  0.1290133E+01  Si
  0.9250432E+01  0.1739646E+02  0.3821291E+01  Si
  0.6500822E+01  0.2031480E+02  0.3916133E+01  Si
  0.1073782E+02  0.1585958E+02  0.2102005E+02  Si
  0.1342458E+02  0.1850492E+02  0.2123388E+02  Si
  0.1333978E+02  0.1585262E+02  0.2264700E+01  Si
  0.1075805E+02  0.1850083E+02  0.2274470E+01  Si
  0.1194721E+02  0.1697384E+02  0.6590193E+00  Si
  0.1462378E+02  0.1960346E+02  0.1141251E+01  Si
  0.1491812E+02  0.1701463E+02  0.3632514E+01  Si
  0.1187834E+02  0.2007999E+02  0.3806874E+01  Si
  0.1616369E+02  0.1611665E+02  0.2120277E+02  Si
  0.1881084E+02  0.1876150E+02  0.2090583E+02  Si
  0.1889559E+02  0.1624458E+02  0.2082571E+01  Si
  0.1600584E+02  0.1854359E+02  0.2420990E+01  Si
  0.1748176E+02  0.1766532E+02  0.8288901E+00  Si
  0.2767841E+02  0.5622600E+01  0.1650833E+02  Si
  0.2296443E+02  0.1264351E+02  0.5681916E+01  Si
  0.1751082E+02  0.2000612E+02  0.3599802E+01  Si
  0.6513052E+02  0.2146273E+02  0.5105946E+01  Si
  0.2626087E+01  0.2385873E+01  0.5219623E+01  Si
  0.2594532E+01  0.2156420E+02  0.7786175E+01  Si
  0.6508399E+02  0.2400965E+01  0.7819240E+01  Si
  0.1380699E+01  0.1086847E+01  0.6483838E+01  Si
  0.3937702E+01  0.3774432E+01  0.6650205E+01  Si
  0.3901274E+01  0.9881858E+00  0.9307023E+01  Si
  0.1349036E+01  0.3904747E+01  0.9125259E+01  Si
  0.5159493E+01  0.2275651E+00  0.5095479E+01  Si
  0.7969027E+01  0.2783956E+01  0.5216760E+01  Si
  0.7789032E+01  0.2114979E+02  0.7894942E+01  Si
  0.5229411E+01  0.2367555E+01  0.8034676E+01  Si
  0.6654733E+01  0.1329859E+01  0.6689883E+01  Si
  0.9418116E+01  0.3901169E+01  0.6477910E+01  Si
  0.9266575E+01  0.9064055E+00  0.9003106E+01  Si
  0.6396455E+01  0.4155650E+01  0.9223608E+01  Si
  0.1062973E+02  0.2152494E+02  0.5165948E+01  Si
  0.1355052E+02  0.2259211E+01  0.5095804E+01  Si
  0.1338824E+02  0.2150280E+02  0.7765193E+01  Si
  0.1048687E+02  0.2542933E+01  0.7862289E+01  Si
  0.1202937E+02  0.1191775E+01  0.6407176E+01  Si
  0.1473963E+02  0.4098639E+01  0.6190543E+01  Si
  0.1466759E+02  0.1424970E+01  0.8930546E+01  Si
  0.1231284E+02  0.4041126E+01  0.8766317E+01  Si
  0.1612063E+02  0.2131238E+02  0.5023532E+01  Si
  0.1850735E+02  0.2312077E+01  0.4865496E+01  Si
  0.1892245E+02  0.2126657E+02  0.7490600E+01  Si
  0.1606860E+02  0.2823504E+01  0.7503900E+01  Si
  0.1711289E+02  0.9210277E+00  0.6446567E+01  Si
  0.2140413E+02  0.1856693E+02  0.1326063E+02  Si
  0.2951760E+02  0.1960664E+02  0.7476871E+01  Si
  0.1724454E+02  0.4050322E+01  0.8907746E+01  Si
  0.1604489E+00  0.5209305E+01  0.5177452E+01  Si
  0.2781317E+01  0.8113933E+01  0.5013488E+01  Si
  0.2802435E+01  0.5156579E+01  0.7885815E+01  Si
  0.6513967E+02  0.8032881E+01  0.7809837E+01  Si
  0.1416105E+01  0.6630044E+01  0.6518771E+01  Si
  0.4049327E+01  0.9226360E+01  0.6350621E+01  Si
  0.3927963E+01  0.6409462E+01  0.9214919E+01  Si
  0.1369353E+01  0.9192890E+01  0.9241003E+01  Si
  0.5033125E+01  0.5126435E+01  0.4994471E+01  Si
  0.8075387E+01  0.7680580E+01  0.4903691E+01  Si
  0.7745607E+01  0.5300064E+01  0.7721899E+01  Si
  0.5270648E+01  0.7753477E+01  0.7866042E+01  Si
  0.6501629E+01  0.6601511E+01  0.6345325E+01  Si
  0.9382440E+01  0.9117076E+01  0.6255438E+01  Si
  0.9462477E+01  0.6498011E+01  0.8958547E+01  Si
  0.6719484E+01  0.9127724E+01  0.9195744E+01  Si
  0.1100044E+02  0.5281365E+01  0.5079558E+01  Si
  0.1339276E+02  0.8167583E+01  0.4988375E+01  Si
  0.1351687E+02  0.5493979E+01  0.7759920E+01  Si
  0.1079131E+02  0.8137804E+01  0.7688371E+01  Si
  0.1216144E+02  0.6813840E+01  0.6492995E+01  Si
  0.1502231E+02  0.9190906E+01  0.6096140E+01  Si
  0.1493568E+02  0.6891884E+01  0.8967415E+01  Si
  0.1226050E+02  0.9387014E+01  0.9033503E+01  Si
  0.1634354E+02  0.5230926E+01  0.5023191E+01  Si
  0.1875946E+02  0.8039377E+01  0.5146854E+01  Si
  0.2003452E+02  0.3634494E+01  0.6175463E+01  Si
  0.1618338E+02  0.7683122E+01  0.7491377E+01  Si
  0.1766854E+02  0.6275296E+01  0.6344153E+01  Si
  0.2036595E+02  0.6696716E+01  0.3954016E+01  Si
  0.2656400E+02  0.2070743E+01  0.1041797E+02  Si
  0.1748278E+02  0.9011311E+01  0.8973655E+01  Si
  0.6512453E+02  0.1062106E+02  0.4958692E+01  Si
  0.2801195E+01  0.1315864E+02  0.5125648E+01  Si
  0.2616196E+01  0.1048257E+02  0.7838906E+01  Si
  0.6515151E+02  0.1318209E+02  0.7605239E+01  Si
  0.1406392E+01  0.1176332E+02  0.6395427E+01  Si
  0.3825640E+01  0.1467509E+02  0.6349434E+01  Si
  0.4048473E+01  0.1161887E+02  0.9098817E+01  Si
  0.1247169E+01  0.1451940E+02  0.9232938E+01  Si
  0.5486090E+01  0.1029210E+02  0.4969219E+01  Si
  0.7907427E+01  0.1342991E+02  0.5061747E+01  Si
  0.7984583E+01  0.1046619E+02  0.7640862E+01  Si
  0.5245402E+01  0.1319907E+02  0.7558211E+01  Si
  0.6539280E+01  0.1174539E+02  0.6333669E+01  Si
  0.9433420E+01  0.1478393E+02  0.6444681E+01  Si
  0.9465759E+01  0.1186857E+02  0.8891326E+01  Si
  0.6656459E+01  0.1445230E+02  0.8989925E+01  Si
  0.1061344E+02  0.1055436E+02  0.4782357E+01  Si
  0.1322660E+02  0.1333541E+02  0.4988215E+01  Si
  0.1363795E+02  0.1050798E+02  0.7543817E+01  Si
  0.1081876E+02  0.1323113E+02  0.7398911E+01  Si
  0.1199273E+02  0.1156239E+02  0.6247094E+01  Si
  0.1482417E+02  0.1464702E+02  0.6402291E+01  Si
  0.1483104E+02  0.1198125E+02  0.8965331E+01  Si
  0.1197450E+02  0.1463473E+02  0.8884291E+01  Si
  0.1602034E+02  0.1089998E+02  0.5159907E+01  Si
  0.1885624E+02  0.1058152E+02  0.2483519E+01  Si
  0.1896730E+02  0.1051090E+02  0.7740367E+01  Si
  0.1615468E+02  0.1339906E+02  0.7776742E+01  Si
  0.1762505E+02  0.1203990E+02  0.6427730E+01  Si
  0.2388141E+02  0.2168036E+02  0.4846969E+01  Si
  0.2282173E+02  0.6662646E+01  0.1736817E+02  Si
  0.1768044E+02  0.1476103E+02  0.9178310E+01  Si
  0.6514780E+02  0.1573849E+02  0.4761111E+01  Si
  0.2691771E+01  0.1870898E+02  0.4952322E+01  Si
  0.2429564E+01  0.1596001E+02  0.7760124E+01  Si
  0.6504973E+02  0.1861982E+02  0.7804624E+01  Si
  0.1100100E+01  0.1722970E+02  0.6167577E+01  Si
  0.4022551E+01  0.2025911E+02  0.6401590E+01  Si
  0.3895296E+01  0.1718680E+02  0.9028340E+01  Si
  0.1253719E+01  0.2010442E+02  0.9146555E+01  Si
  0.5369777E+01  0.1613525E+02  0.5173765E+01  Si
  0.7885495E+01  0.1875082E+02  0.5101516E+01  Si
  0.7924443E+01  0.1616763E+02  0.7893663E+01  Si
  0.4918874E+01  0.1879688E+02  0.7989419E+01  Si
  0.6652345E+01  0.1753295E+02  0.6477035E+01  Si
  0.9383013E+01  0.1999814E+02  0.6534956E+01  Si
  0.9669901E+01  0.1759016E+02  0.8675529E+01  Si
  0.6423983E+01  0.1999136E+02  0.9436944E+01  Si
  0.1083593E+02  0.1620550E+02  0.5012372E+01  Si
  0.1360229E+02  0.1867279E+02  0.4840390E+01  Si
  0.1354166E+02  0.1609102E+02  0.7588497E+01  Si
  0.1114340E+02  0.1871763E+02  0.7426973E+01  Si
  0.1238885E+02  0.1732382E+02  0.6132201E+01  Si
  0.1469291E+02  0.2019458E+02  0.6289864E+01  Si
  0.1477559E+02  0.1736287E+02  0.9005403E+01  Si
  0.1224063E+02  0.2000281E+02  0.8775953E+01  Si
  0.1605726E+02  0.1587314E+02  0.5245698E+01  Si
  0.2931363E+02  0.1518446E+02  0.9753861E+01  Si
  0.1888427E+02  0.1613094E+02  0.7792518E+01  Si
  0.1599093E+02  0.1872228E+02  0.7710581E+01  Si
  0.1752154E+02  0.1736905E+02  0.6258426E+01  Si
  0.2994641E+02  0.3828574E+00  0.7441408E+01  Si
  0.2434564E+02  0.1927001E+02  0.1158147E+02  Si
  0.1729648E+02  0.2020838E+02  0.9005791E+01  Si
  0.6514819E+02  0.2142073E+02  0.1061119E+02  Si
  0.2533831E+01  0.2543953E+01  0.1049681E+02  Si
  0.2642001E+01  0.2119874E+02  0.1304241E+02  Si
  0.6498423E+02  0.2432332E+01  0.1331926E+02  Si
  0.1309939E+01  0.1297867E+01  0.1200926E+02  Si
  0.3815327E+01  0.3935731E+01  0.1203054E+02  Si
  0.3668365E+01  0.1001841E+01  0.1446311E+02  Si
  0.1198484E+01  0.3649060E+01  0.1471132E+02  Si
  0.5316640E+01  0.2146239E+02  0.1044267E+02  Si
  0.7816180E+01  0.2141592E+01  0.1026474E+02  Si
  0.7939024E+01  0.2142499E+02  0.1321098E+02  Si
  0.5068851E+01  0.2361081E+01  0.1318661E+02  Si
  0.6475267E+01  0.1001775E+01  0.1173003E+02  Si
  0.9378519E+01  0.3749936E+01  0.1135505E+02  Si
  0.9702998E+01  0.9661526E+00  0.1412062E+02  Si
  0.6793612E+01  0.3647185E+01  0.1440032E+02  Si
  0.1090187E+02  0.2144364E+02  0.1030259E+02  Si
  0.1359242E+02  0.2534784E+01  0.1034122E+02  Si
  0.1353731E+02  0.2136051E+02  0.1310079E+02  Si
  0.1092035E+02  0.2419180E+01  0.1277877E+02  Si
  0.1222857E+02  0.9534385E+00  0.1159475E+02  Si
  0.1520062E+02  0.3735931E+01  0.1186961E+02  Si
  0.1507768E+02  0.7763184E+00  0.1462135E+02  Si
  0.1230880E+02  0.3683503E+01  0.1426794E+02  Si
  0.1604426E+02  0.6035304E-01  0.1033302E+02  Si
  0.2024792E+02  0.8282985E+00  0.8940034E+01  Si
  0.2990828E+02  0.1712642E+02  0.1323261E+02  Si
  0.1654919E+02  0.2204145E+01  0.1325901E+02  Si
  0.1758165E+02  0.1022828E+01  0.1151127E+02  Si
  0.1900296E+02  0.2524560E+01  0.1015718E+02  Si
  0.2035536E+02  0.3636424E+01  0.1164342E+02  Si
  0.1770482E+02  0.4322395E+01  0.1418896E+02  Si
  0.9772759E-01  0.5129536E+01  0.1038909E+02  Si
  0.2635641E+01  0.7660061E+01  0.1071257E+02  Si
  0.2471003E+01  0.5069737E+01  0.1328681E+02  Si
  0.6507383E+02  0.7995613E+01  0.1321244E+02  Si
  0.1271743E+01  0.6413786E+01  0.1195807E+02  Si
  0.3891538E+01  0.9239163E+01  0.1175338E+02  Si
  0.4076384E+01  0.6393356E+01  0.1447091E+02  Si
  0.1390794E+01  0.9164689E+01  0.1457301E+02  Si
  0.5209153E+01  0.5275312E+01  0.1077377E+02  Si
  0.8131597E+01  0.7930654E+01  0.1047071E+02  Si
  0.7979195E+01  0.5019783E+01  0.1288055E+02  Si
  0.5328488E+01  0.7912357E+01  0.1324879E+02  Si
  0.6833514E+01  0.6582606E+01  0.1186804E+02  Si
  0.9520782E+01  0.9166857E+01  0.1171383E+02  Si
  0.9409647E+01  0.6342640E+01  0.1447073E+02  Si
  0.6743458E+01  0.9068347E+01  0.1438520E+02  Si
  0.1067622E+02  0.5107018E+01  0.1023989E+02  Si
  0.1319237E+02  0.7927160E+01  0.1030972E+02  Si
  0.1342313E+02  0.4986599E+01  0.1295836E+02  Si
  0.1070534E+02  0.7792934E+01  0.1319354E+02  Si
  0.1218672E+02  0.6394768E+01  0.1158524E+02  Si
  0.1480424E+02  0.9383875E+01  0.1175284E+02  Si
  0.1468539E+02  0.6474053E+01  0.1447365E+02  Si
  0.1206103E+02  0.9195910E+01  0.1445131E+02  Si
  0.1610330E+02  0.5340905E+01  0.1040180E+02  Si
  0.1912089E+02  0.7772354E+01  0.1027036E+02  Si
  0.1905269E+02  0.5233724E+01  0.1240214E+02  Si
  0.1598112E+02  0.7879902E+01  0.1307696E+02  Si
  0.1745022E+02  0.6764430E+01  0.1165732E+02  Si
  0.2979454E+02  0.4929254E+01  0.1997453E+02  Si
  0.2159497E+02  0.5250507E+01  0.1564323E+02  Si
  0.1758376E+02  0.9254462E+01  0.1433778E+02  Si
  0.6508588E+02  0.1045620E+02  0.1040331E+02  Si
  0.2813878E+01  0.1328432E+02  0.1038622E+02  Si
  0.2789250E+01  0.1060604E+02  0.1329081E+02  Si
  0.2268133E+00  0.1297846E+02  0.1298298E+02  Si
  0.1580322E+01  0.1190801E+02  0.1169109E+02  Si
  0.4095633E+01  0.1469553E+02  0.1174607E+02  Si
  0.4293403E+01  0.1180629E+02  0.1463396E+02  Si
  0.1278710E+01  0.1452233E+02  0.1456611E+02  Si
  0.5385829E+01  0.1045140E+02  0.1042460E+02  Si
  0.8159840E+01  0.1311766E+02  0.1026897E+02  Si
  0.7982535E+01  0.1041825E+02  0.1305855E+02  Si
  0.5436434E+01  0.1325362E+02  0.1316480E+02  Si
  0.6754904E+01  0.1194695E+02  0.1169302E+02  Si
  0.9160606E+01  0.1468690E+02  0.1173169E+02  Si
  0.9293476E+01  0.1184248E+02  0.1441472E+02  Si
  0.6836409E+01  0.1457997E+02  0.1458582E+02  Si
  0.1083381E+02  0.1048156E+02  0.1042944E+02  Si
  0.1337719E+02  0.1331408E+02  0.1028737E+02  Si
  0.1336243E+02  0.1085245E+02  0.1293115E+02  Si
  0.1054066E+02  0.1335085E+02  0.1300946E+02  Si
  0.1183711E+02  0.1203836E+02  0.1164490E+02  Si
  0.1474186E+02  0.1468340E+02  0.1152868E+02  Si
  0.1473870E+02  0.1189568E+02  0.1439603E+02  Si
  0.1203874E+02  0.1441710E+02  0.1436903E+02  Si
  0.1631240E+02  0.1063707E+02  0.1029019E+02  Si
  0.2309044E+02  0.8853974E+01  0.1424544E+02  Si
  0.2548332E+02  0.1896533E+02  0.2110147E+02  Si
  0.1612812E+02  0.1329392E+02  0.1305934E+02  Si
  0.1762288E+02  0.1199252E+02  0.1160068E+02  Si
  0.2049600E+02  0.2012914E+02  0.1181892E+02  Si
  0.1891841E+02  0.1613651E+02  0.1309612E+02  Si
  0.1761055E+02  0.1472182E+02  0.1422456E+02  Si
  0.6488930E+02  0.1594513E+02  0.1057220E+02  Si
  0.2483792E+01  0.1852529E+02  0.1030157E+02  Si
  0.2532471E+01  0.1591499E+02  0.1297240E+02  Si
  0.6495332E-01  0.1866054E+02  0.1317220E+02  Si
  0.1339652E+01  0.1726954E+02  0.1178644E+02  Si
  0.3774751E+01  0.1983183E+02  0.1170615E+02  Si
  0.4217941E+01  0.1729351E+02  0.1437314E+02  Si
  0.1415719E+01  0.1994815E+02  0.1452536E+02  Si
  0.5519431E+01  0.1620554E+02  0.1042065E+02  Si
  0.8321341E+01  0.1891321E+02  0.1055778E+02  Si
  0.8130676E+01  0.1616903E+02  0.1333283E+02  Si
  0.5402960E+01  0.1867545E+02  0.1307823E+02  Si
  0.6910769E+01  0.1761775E+02  0.1172100E+02  Si
  0.9467977E+01  0.2037599E+02  0.1189370E+02  Si
  0.9499500E+01  0.1757195E+02  0.1463264E+02  Si
  0.6595549E+01  0.1995301E+02  0.1440688E+02  Si
  0.1071862E+02  0.1615956E+02  0.1028606E+02  Si
  0.1348674E+02  0.1869956E+02  0.1043552E+02  Si
  0.1325175E+02  0.1602691E+02  0.1304953E+02  Si
  0.1082526E+02  0.1888228E+02  0.1292001E+02  Si
  0.1199246E+02  0.1727293E+02  0.1154200E+02  Si
  0.1464661E+02  0.2017529E+02  0.1167924E+02  Si
  0.1476106E+02  0.1723858E+02  0.1434179E+02  Si
  0.1211450E+02  0.1989980E+02  0.1454011E+02  Si
  0.1604200E+02  0.1619419E+02  0.1024800E+02  Si
  0.1902736E+02  0.1932204E+02  0.1053613E+02  Si
  0.2356338E+02  0.1532220E+02  0.1711878E+02  Si
  0.1606532E+02  0.1877132E+02  0.1288485E+02  Si
  0.1765676E+02  0.1762400E+02  0.1166012E+02  Si
  0.2308635E+02  0.1472264E+02  0.2132400E+02  Si
  0.2027151E+02  0.1447068E+02  0.1697187E+02  Si
  0.1759628E+02  0.1999950E+02  0.1431819E+02  Si
  0.6514562E+02  0.2118580E+02  0.1587291E+02  Si
  0.2550495E+01  0.2223700E+01  0.1621523E+02  Si
  0.2830417E+01  0.2124309E+02  0.1861777E+02  Si
  0.6492035E+02  0.2269352E+01  0.1863078E+02  Si
  0.1130989E+01  0.7713214E+00  0.1744520E+02  Si
  0.4259637E+01  0.3580539E+01  0.1704224E+02  Si
  0.4200720E+01  0.9284239E+00  0.2005198E+02  Si
  0.1449630E+01  0.3596463E+01  0.2007034E+02  Si
  0.5272063E+01  0.2159065E+02  0.1570657E+02  Si
  0.8185944E+01  0.2378555E+01  0.1568844E+02  Si
  0.8312445E+01  0.2148609E+02  0.1862048E+02  Si
  0.5552427E+01  0.2293318E+01  0.1842870E+02  Si
  0.6948201E+01  0.1006427E+01  0.1697937E+02  Si
  0.9329376E+01  0.3621669E+01  0.1718219E+02  Si
  0.9416441E+01  0.1074384E+01  0.2023652E+02  Si
  0.6756881E+01  0.3802854E+01  0.1987381E+02  Si
  0.1090966E+02  0.2144097E+02  0.1572166E+02  Si
  0.1369097E+02  0.2185133E+01  0.1563495E+02  Si
  0.1365912E+02  0.2154349E+02  0.1864169E+02  Si
  0.1058606E+02  0.2341810E+01  0.1848413E+02  Si
  0.1211853E+02  0.9801325E+00  0.1715409E+02  Si
  0.1467225E+02  0.3820494E+01  0.1709307E+02  Si
  0.1474700E+02  0.1188371E+01  0.2014131E+02  Si
  0.1227724E+02  0.3562556E+01  0.1985514E+02  Si
  0.1638921E+02  0.2146892E+02  0.1590125E+02  Si
  0.1889561E+02  0.2649412E+01  0.1524236E+02  Si
  0.1896745E+02  0.2165597E+02  0.1843818E+02  Si
  0.1601948E+02  0.2311635E+01  0.1847664E+02  Si
  0.1764719E+02  0.1318067E+01  0.1705208E+02  Si
  0.2027582E+02  0.3933354E+01  0.1692292E+02  Si
  0.2283025E+02  0.1173127E+01  0.1344301E+01  Si
  0.1753122E+02  0.3818755E+01  0.1967219E+02  Si
  0.6501288E+02  0.5179360E+01  0.1593929E+02  Si
  0.2712766E+01  0.7640900E+01  0.1587157E+02  Si
  0.2746016E+01  0.5010887E+01  0.1848788E+02  Si
  0.6504931E+02  0.7865545E+01  0.1867304E+02  Si
  0.1351277E+01  0.6526537E+01  0.1720418E+02  Si
  0.3773574E+01  0.8998193E+01  0.1715965E+02  Si
  0.4032290E+01  0.6635354E+01  0.1974645E+02  Si
  0.1084451E+01  0.9375024E+01  0.1996966E+02  Si
  0.5339524E+01  0.5041605E+01  0.1577034E+02  Si
  0.8201510E+01  0.7849346E+01  0.1578665E+02  Si
  0.8013623E+01  0.5159170E+01  0.1841443E+02  Si
  0.5598592E+01  0.7861625E+01  0.1842127E+02  Si
  0.6871556E+01  0.6517743E+01  0.1696760E+02  Si
  0.9243797E+01  0.9181813E+01  0.1738588E+02  Si
  0.9414010E+01  0.6408156E+01  0.1997879E+02  Si
  0.6749761E+01  0.9141034E+01  0.2018518E+02  Si
  0.1068218E+02  0.4982729E+01  0.1558935E+02  Si
  0.1320488E+02  0.7805893E+01  0.1590615E+02  Si
  0.1330217E+02  0.4865289E+01  0.1845782E+02  Si
  0.1075632E+02  0.7773458E+01  0.1848757E+02  Si
  0.1185346E+02  0.6252487E+01  0.1710522E+02  Si
  0.1460117E+02  0.9042928E+01  0.1730398E+02  Si
  0.1472686E+02  0.6175257E+01  0.1962776E+02  Si
  0.1214702E+02  0.8949426E+01  0.1990295E+02  Si
  0.1598525E+02  0.5177396E+01  0.1586019E+02  Si
  0.1863162E+02  0.7724314E+01  0.1584113E+02  Si
  0.1896484E+02  0.5106357E+01  0.1824528E+02  Si
  0.1594443E+02  0.7763654E+01  0.1848430E+02  Si
  0.1738072E+02  0.6374772E+01  0.1725360E+02  Si
  0.3258519E+02  0.1778144E+02  0.8417326E+01  Si
  0.2006173E+02  0.6556091E+01  0.1988002E+02  Si
  0.1729250E+02  0.9281571E+01  0.1971397E+02  Si
  0.1923805E+00  0.1086997E+02  0.1571447E+02  Si
  0.2878145E+01  0.1334768E+02  0.1566940E+02  Si
  0.2615565E+01  0.1045788E+02  0.1862949E+02  Si
  0.6486799E+02  0.1307115E+02  0.1836808E+02  Si
  0.1480595E+01  0.1203790E+02  0.1724619E+02  Si
  0.4080285E+01  0.1484229E+02  0.1735335E+02  Si
  0.3847891E+01  0.1194754E+02  0.1982461E+02  Si
  0.1186520E+01  0.1460854E+02  0.2032423E+02  Si
  0.5614813E+01  0.1045556E+02  0.1616990E+02  Si
  0.8331038E+01  0.1330144E+02  0.1598436E+02  Si
  0.8106004E+01  0.1044574E+02  0.1876695E+02  Si
  0.5235494E+01  0.1341797E+02  0.1856246E+02  Si
  0.6759060E+01  0.1212042E+02  0.1737606E+02  Si
  0.9473987E+01  0.1465171E+02  0.1717922E+02  Si
  0.9638354E+01  0.1162773E+02  0.1989717E+02  Si
  0.6696105E+01  0.1482984E+02  0.1984892E+02  Si
  0.1053249E+02  0.1039578E+02  0.1580954E+02  Si
  0.1348185E+02  0.1310991E+02  0.1581330E+02  Si
  0.1337404E+02  0.1043655E+02  0.1866669E+02  Si
  0.1076381E+02  0.1303625E+02  0.1851240E+02  Si
  0.1203116E+02  0.1168641E+02  0.1698565E+02  Si
  0.1518609E+02  0.1444504E+02  0.1722959E+02  Si
  0.1482188E+02  0.1158791E+02  0.2009356E+02  Si
  0.1206879E+02  0.1427826E+02  0.1967325E+02  Si
  0.1609308E+02  0.1038242E+02  0.1585468E+02  Si
  0.1881725E+02  0.1326423E+02  0.1548501E+02  Si
  0.1863464E+02  0.1072343E+02  0.1868329E+02  Si
  0.1623762E+02  0.1305494E+02  0.1874484E+02  Si
  0.1757653E+02  0.1216471E+02  0.1694754E+02  Si
  0.2017974E+02  0.1724010E+02  0.1464754E+02  Si
  0.2516768E+02  0.8314636E+00  0.5015129E+00  Si
  0.1749670E+02  0.1461125E+02  0.2000639E+02  Si
  0.6497916E+02  0.1601501E+02  0.1560633E+02  Si
  0.2711269E+01  0.1861059E+02  0.1572247E+02  Si
  0.2280129E+01  0.1610907E+02  0.1876192E+02  Si
  0.6496321E+02  0.1855380E+02  0.1865201E+02  Si
  0.1155258E+01  0.1736522E+02  0.1718992E+02  Si
  0.4035878E+01  0.2015044E+02  0.1693342E+02  Si
  0.3939560E+01  0.1751703E+02  0.2010205E+02  Si
  0.1420214E+01  0.1973754E+02  0.1989348E+02  Si
  0.5416398E+01  0.1598340E+02  0.1596788E+02  Si
  0.7889747E+01  0.1880147E+02  0.1590173E+02  Si
  0.8023538E+01  0.1588891E+02  0.1855775E+02  Si
  0.5429493E+01  0.1898486E+02  0.1858804E+02  Si
  0.6643354E+01  0.1746172E+02  0.1750276E+02  Si
  0.9584204E+01  0.1995407E+02  0.1730043E+02  Si
  0.9316230E+01  0.1752008E+02  0.1977300E+02  Si
  0.7011317E+01  0.2025453E+02  0.1991249E+02  Si
  0.1083229E+02  0.1606252E+02  0.1597212E+02  Si
  0.1350027E+02  0.1864811E+02  0.1572649E+02  Si
  0.1358049E+02  0.1554697E+02  0.1855744E+02  Si
  0.1104641E+02  0.1870759E+02  0.1849492E+02  Si
  0.1240034E+02  0.1730613E+02  0.1743237E+02  Si
  0.1470698E+02  0.2006550E+02  0.1704844E+02  Si
  0.1476555E+02  0.1714804E+02  0.1974094E+02  Si
  0.1228510E+02  0.1989971E+02  0.1985664E+02  Si
  0.1623386E+02  0.1586994E+02  0.1567782E+02  Si
  0.1877600E+02  0.1873693E+02  0.1582858E+02  Si
  0.1867668E+02  0.1580138E+02  0.1842158E+02  Si
  0.1610350E+02  0.1891417E+02  0.1856493E+02  Si
  0.1731342E+02  0.1736645E+02  0.1727357E+02  Si
  0.2131080E+02  0.1627003E+02  0.2114191E+02  Si
  0.2923543E+02  0.1078732E+02  0.1462628E+02  Si
  0.1758484E+02  0.2034010E+02  0.1975885E+02  Si
  0.3489360E+02  0.1930230E+02  0.2127507E+02  Si
  0.2021809E+02  0.1203913E+02  0.9061385E+01  Si
  0.3120408E+02  0.1001114E+02  0.1916076E+01  Si
  0.2076670E+02  0.6429386E+01  0.9229709E+01  Si
  0.3239232E+02  0.8700277E+01  0.7862610E+01  Si
  0.2679803E+02  0.1260567E+02  0.1264853E+02  Si
  0.3516582E+02  0.1022556E+02  0.8527697E+01  Si
  0.1903528E+02  0.2151266E+02  0.1289945E+02  Si
  0.2301325E+02  0.1701371E+02  0.6950758E+01  Si
  0.3829108E+02  0.1325086E+02  0.1289630E+02  Si
  0.2862626E+02  0.6234295E+01  0.3832394E+01  Si
  0.4321168E+02  0.2061800E+01  0.1854622E+02  Si
  0.3690580E+02  0.1733328E+02  0.8243581E+01  Si
  0.3767389E+02  0.2166528E+02  0.6468572E+01  Si
  0.3771478E+02  0.1579982E+02  0.1581312E+02  Si
  0.3962127E+02  0.1954034E+02  0.3840005E+01  Si
  0.1999997E+02  0.1471798E+02  0.9927890E+00  Si
  0.2575641E+02  0.1116718E+02  0.1448111E+02  Si
  0.2924746E+02  0.3216244E+01  0.4108446E+01  Si
  0.3502433E+02  0.4342400E+01  0.1278424E+02  Si
  0.3125336E+02  0.4905983E+01  0.7371063E+01  Si
  0.3468819E+02  0.5819930E+01  0.1664662E+02  Si
  0.4055209E+02  0.4929791E+01  0.1832750E+02  Si
  0.2887903E+02  0.1936729E+02  0.3643454E+01  Si
  0.3135783E+02  0.1489090E+02  0.2712389E+01  Si
  0.4198110E+02  0.1216889E+02  0.3226648E+01  Si
  0.2804066E+02  0.1531272E+02  0.1580044E+02  Si
  0.2621472E+02  0.2065929E+02  0.5277932E+01  Si
  0.4098777E+02  0.8125319E+01  0.4619019E+01  Si
  0.2303154E+02  0.1974581E+02  0.9710007E+01  Si
  0.3558975E+02  0.6099048E+01  0.2049063E+02  Si
  0.4246265E+02  0.6630367E+01  0.3382522E+01  Si
  0.2599784E+02  0.3975197E+01  0.1736321E+02  Si
  0.2468724E+02  0.1111835E+02  0.5767040E+01  Si
  0.3154115E+02  0.1050735E+02  0.1264988E+02  Si
  0.3557733E+02  0.1648835E+01  0.2341370E+01  Si
  0.2292863E+02  0.6487924E+01  0.5913913E+01  Si
  0.2173378E+02  0.1562095E+02  0.1550497E+02  Si
  0.3130359E+02  0.1992582E+01  0.1257306E+02  Si
  0.3409609E+02  0.5184216E+01  0.1856043E+01  Si
  0.2339857E+02  0.1530476E+02  0.1368665E+02  Si
  0.3281086E+02  0.1490259E+02  0.5524015E+01  Si
  0.2919189E+02  0.9416831E+01  0.2062865E+02  Si
  0.2609398E+02  0.1065903E+02  0.5164622E+00  Si
  0.3340879E+02  0.1721572E+02  0.6134713E+01  Si
  0.3584663E+02  0.1106104E+02  0.1614804E+02  Si
  0.3928760E+02  0.1469362E+02  0.1963756E+02  Si
  0.2026181E+02  0.1778027E+02  0.9173053E+01  Si
  0.3948701E+02  0.1174154E+01  0.1734289E+02  Si
  0.2452842E+02  0.2044286E+02  0.1379375E+02  Si
  0.3487994E+02  0.1804954E+02  0.9102656E+01  Si
  0.4063716E+02  0.2359533E+01  0.2107325E+02  Si
  0.2751664E+02  0.4659222E+01  0.1981770E+02  Si
  0.3366028E+02  0.1121017E+02  0.1163821E+02  Si
  0.3438411E+02  0.2233279E+01  0.6404180E+01  Si
  0.2411102E+02  0.7707345E+01  0.7739290E+01  Si
  0.2772504E+02  0.2141195E+02  0.2032345E+02  Si
  0.2807606E+02  0.2387640E+01  0.1978844E+02  Si
  0.2889316E+02  0.2711322E+01  0.1604895E+02  Si
  0.4226567E+02  0.3677914E+01  0.5718460E+00  Si
  0.2781281E+02  0.1082795E+02  0.4981160E+01  Si
  0.3366746E+02  0.5244527E+01  0.6538423E+01  Si
  0.4027336E+02  0.7977906E+01  0.1059072E+02  Si
  0.2329058E+02  0.4027310E+01  0.3968709E+01  Si
  0.2513182E+02  0.1496841E+02  0.1540224E+02  Si
  0.2687330E+02  0.5493521E+01  0.2226356E+01  Si
  0.3172241E+02  0.1753214E+01  0.2153428E+02  Si
  0.3034575E+02  0.1807404E+02  0.1099617E+02  Si
  0.2181734E+02  0.1039757E+02  0.1574997E+02  Si
  0.2676105E+02  0.7866623E+01  0.1678645E+02  Si
  0.3012839E+02  0.5620680E+01  0.7115280E+00  Si
  0.2015994E+02  0.1999335E+02  0.6291610E+00  Si
  0.2183241E+02  0.4852514E+01  0.1033795E+02  Si
  0.2568619E+02  0.7749565E+01  0.3955848E+01  Si
  0.2684485E+02  0.1510314E+02  0.1245694E+02  Si
  0.2301338E+02  0.6748557E+01  0.1144996E+02  Si
  0.4069613E+02  0.1304847E+02  0.1570167E+02  Si
  0.2436768E+02  0.4976170E+01  0.1965798E+01  Si
  0.3435864E+02  0.7579765E+01  0.1362898E+02  Si
  0.3532541E+02  0.2788984E+01  0.1361995E+00  Si
  0.2031166E+02  0.1482628E+02  0.1195444E+02  Si
  0.3023195E+02  0.1535441E+02  0.5852610E+01  Si
  0.2780280E+02  0.1199653E+02  0.1803199E+02  Si
  0.3485593E+02  0.1100455E+02  0.1836388E+02  Si
  0.2315592E+02  0.1988518E+02  0.2063658E+02  Si
  0.2109821E+02  0.1951715E+02  0.2722588E+01  Si
  0.3574882E+02  0.1091701E+02  0.1378263E+02  Si
  0.3342423E+02  0.1228231E+02  0.2699146E+01  Si
  0.3803197E+02  0.1874698E+02  0.2350802E+01  Si
  0.2648616E+02  0.1719199E+02  0.1568911E+02  Si
  0.3788199E+02  0.1108222E+02  0.4253600E+01  Si
  0.3799743E+02  0.1055199E+02  0.1029938E+02  Si
  0.3570329E+02  0.7157511E+01  0.1837406E+02  Si
  0.4198494E+02  0.1728001E+02  0.1965589E+02  Si
  0.3510918E+02  0.1637830E+02  0.1297277E+02  Si
  0.3800100E+02  0.1649346E+02  0.4817033E+01  Si
  0.3462050E+02  0.1766429E+02  0.1960565E+02  Si
  0.3096947E+02  0.1830800E+02  0.4369737E+01  Si
  0.2826593E+02  0.1735403E+02  0.2302497E+01  Si
  0.3360907E+02  0.1888045E+02  0.1286348E+02  Si
  0.3799731E+02  0.1570903E+02  0.2124679E+02  Si
  0.2288060E+02  0.9319455E+01  0.2005763E+02  Si
  0.3591074E+02  0.1001815E+02  0.4921423E+01  Si
  0.3784189E+02  0.1760354E+01  0.1448311E+02  Si
  0.2659776E+02  0.1897325E+02  0.8483504E+01  Si
  0.3933624E+02  0.2052805E+02  0.1463643E+02  Si
  0.2566417E+02  0.8355096E+00  0.1483751E+02  Si
  0.2719719E+02  0.1483114E+02  0.4420009E+01  Si
  0.3092988E+02  0.5534786E+00  0.1828386E+02  Si
  0.2385349E+02  0.9009159E+01  0.1676676E+02  Si
  0.3271656E+02  0.1336807E+01  0.1461999E+02  Si
  0.3921782E+02  0.9160117E+01  0.1438515E+02  Si
  0.3278041E+02  0.1645955E+02  0.1665222E+02  Si
  0.4207526E+02  0.8139512E+00  0.3321956E+01  Si
  0.4044001E+02  0.1886844E+02  0.1578711E+02  Si
  0.3524722E+02  0.3647638E+01  0.1697913E+02  Si
  0.3271581E+02  0.1673409E+02  0.1302316E+02  Si
  0.4195276E+02  0.2018385E+02  0.1155738E+02  Si
  0.2626239E+02  0.6737431E+01  0.1907033E+02  Si
  0.3107430E+02  0.1319548E+02  0.5026564E+01  Si
  0.2338591E+02  0.1321263E+02  0.1811380E+02  Si
  0.4050938E+02  0.1054326E+02  0.1859722E+02  Si
  0.4103585E+02  0.1592678E+02  0.2135033E+01  Si
  0.4013475E+02  0.4004236E+01  0.3316244E+01  Si
  0.4064643E+02  0.1584522E+02  0.1821355E+02  Si
  0.2819123E+02  0.1045062E+02  0.1235463E+02  Si
  0.2331443E+02  0.3752221E+01  0.2017967E+02  Si
  0.3944865E+02  0.8186834E+00  0.1021508E+01  Si
  0.3251853E+02  0.1490354E+02  0.1166417E+02  Si
  0.2996245E+02  0.6463032E+01  0.1695660E+02  Si
  0.2467191E+02  0.1203808E+02  0.3312158E+01  Si
  0.2807821E+02  0.6582267E+01  0.5996257E+01  Si
  0.3071012E+02  0.9237738E+00  0.1573941E+02  Si
  0.2059828E+02  0.2001614E+02  0.6116337E+01  Si
  0.1879025E+02  0.1855744E+02  0.4928068E+01  Si
  0.4082230E+02  0.7899552E+01  0.1545832E+02  Si
  0.2664333E+02  0.1805681E+02  0.1808147E+02  Si
  0.2017589E+02  0.6509890E+01  0.1415159E+02  Si
  0.4220256E+02  0.1447826E+02  0.6885465E+00  Si
  0.2796213E+02  0.1348103E+02  0.1341701E+00  Si
  0.3946311E+02  0.1998298E+02  0.1984376E+02  Si
  0.4361275E+02  0.1311754E+02  0.1855065E+02  Si
  0.2015240E+02  0.2029423E+02  0.1712257E+02  Si
  0.3928698E+02  0.3700395E+01  0.1429000E+02  Si
  0.3570064E+02  0.1415676E+02  0.1282761E+02  Si
  0.3653677E+02  0.9836283E+00  0.2041231E+02  Si
  0.3325126E+02  0.2162234E+02  0.1781398E+02  Si
  0.3416883E+02  0.1199101E+02  0.5106903E+00  Si
  0.3167306E+02  0.1987189E+02  0.1427776E+02  Si
  0.2184681E+02  0.2488737E+01  0.1851947E+02  Si
  0.2133475E+02  0.4996064E+01  0.5016575E+01  Si
  0.3024316E+02  0.3821201E+01  0.9536055E+01  Si
  0.3266334E+02  0.1429299E+02  0.1589765E+02  Si
  0.4050366E+02  0.1080046E+02  0.7541639E+01  Si
  0.2497070E+02  0.1509628E+02  0.1077528E+02  Si
  0.3685410E+02  0.1686878E+02  0.1951174E+02  Si
  0.4172337E+02  0.6373708E+01  0.1951569E+02  Si
  0.4082800E+02  0.1329026E+02  0.1068782E+02  Si
  0.3942663E+02  0.6609210E+01  0.5927518E+01  Si
  0.3155667E+02  0.1616387E+02  0.9987031E+01  Si
  0.4058223E+02  0.2131974E+02  0.7697953E+01  Si
  0.2171942E+02  0.2151988E+02  0.2121548E+02  Si
  0.2176669E+02  0.1334076E+02  0.1322521E+02  Si
  0.1996411E+02  0.1209948E+02  0.3662121E+01  Si
  0.2145489E+02  0.1348295E+02  0.2439753E+01  Si
  0.3162024E+02  0.1633640E+02  0.6310313E+00  Si
  0.2013145E+02  0.1390417E+01  0.3513671E+01  Si
  0.2734889E+02  0.5679555E+00  0.3798598E+01  Si
  0.2252921E+02  0.9858853E+01  0.3773850E+01  Si
  0.2026633E+02  0.1209622E+01  0.1988319E+02  Si
  0.3272362E+02  0.8083516E+01  0.1762601E+02  Si
  0.2180864E+02  0.7672816E+01  0.7559599E+01  Si
  0.2358787E+02  0.1911867E+02  0.1741334E+02  Si
  0.2402897E+02  0.8775626E+01  0.5370698E+01  Si
  0.3371282E+02  0.4728306E+01  0.2109630E+02  Si
  0.2669014E+02  0.6359345E+00  0.6832118E+01  Si
  0.3200939E+02  0.6450048E+01  0.1967434E+02  Si
  0.3829919E+02  0.5147578E+01  0.4334355E+01  Si
  0.3839356E+02  0.1886117E+02  0.7259419E+01  Si
  0.4059393E+02  0.1864065E+02  0.1047768E+02  Si
  0.2522160E+02  0.2025884E+02  0.1491441E+01  Si
  0.3643454E+02  0.1298316E+02  0.1477693E+02  Si
  0.2038200E+02  0.9336159E+01  0.6604983E+01  Si
  0.4065707E+02  0.5035144E+01  0.7192352E+01  Si
  0.3623253E+02  0.1507084E+02  0.1769932E+02  Si
  0.3737073E+02  0.1925239E+02  0.1167763E+02  Si
  0.3367676E+02  0.2044282E+02  0.1557195E+02  Si
  0.3821974E+02  0.7495206E+01  0.7708153E+01  Si
  0.2183528E+02  0.2167461E+02  0.1046553E+02  Si
  0.1843937E+02  0.1344801E+02  0.4802913E+01  Si
  0.3589642E+02  0.7555209E+01  0.7692961E+01  Si
  0.2419226E+02  0.1014760E+02  0.1285864E+02  Si
  0.3174953E+02  0.2169859E+01  0.2835861E+01  Si
  0.2669423E+02  0.7473038E+01  0.9778741E+01  Si
  0.3644655E+02  0.4294817E+00  0.8701235E+01  Si
  0.3259753E+02  0.1037608E+02  0.2159083E+02  Si
  0.3492111E+02  0.1366010E+02  0.1657622E+02  Si
  0.2991230E+02  0.6625520E+01  0.1461833E+02  Si
  0.4199034E+02  0.9373357E+01  0.6311734E+00  Si
  0.2994908E+02  0.2062388E+02  0.1938741E+02  Si
  0.2722510E+02  0.2176923E+01  0.1769389E+02  Si
  0.2920443E+02  0.1394285E+02  0.1736874E+02  Si
  0.2026376E+02  0.1738223E+02  0.3516532E+01  Si
  0.2745898E+02  0.1104652E+02  0.7243167E+01  Si
  0.2153613E+02  0.1347032E+02  0.7504315E+01  Si
  0.2616904E+02  0.7691132E+00  0.1237721E+02  Si
  0.4223854E+02  0.1966782E+02  0.8768958E+00  Si
  0.4211102E+02  0.1723491E+02  0.9017528E+01  Si
  0.2212610E+02  0.1833367E+02  0.6055566E+00  Si
  0.2628612E+02  0.5501880E+01  0.4583587E+01  Si
  0.3915683E+02  0.1211988E+02  0.6078524E+01  Si
  0.3028443E+02  0.2543773E+01  0.1966750E+02  Si
  0.3803830E+02  0.1002064E+02  0.1633815E+02  Si
  0.3898853E+02  0.3864225E+01  0.1988451E+02  Si
  0.3324891E+02  0.2467854E+01  0.1782233E+02  Si
  0.2740919E+02  0.1357378E+01  0.1358951E+01  Si
  0.3706781E+02  0.1551068E+02  0.6828104E+01  Si
  0.4199342E+02  0.3744759E+01  0.1142427E+02  Si
  0.3250373E+02  0.6506414E+01  0.3360435E+00  Si
  0.4205156E+02  0.9376725E+01  0.6176442E+01  Si
  0.3630362E+02  0.1734182E+02  0.3310083E+01  Si
  0.4178364E+02  0.9252610E+01  0.1716918E+02  Si
  0.3558026E+02  0.2753631E+01  0.1466485E+02  Si
  0.2702144E+02  0.1254745E+02  0.3570731E+01  Si
  0.3908731E+02  0.1748738E+02  0.1151325E+02  Si
  0.3195854E+02  0.4529603E+01  0.2961037E+01  Si
  0.2932332E+02  0.1557990E+02  0.3706562E+01  Si
  0.2295905E+02  0.1082677E+01  0.1689072E+02  Si
  0.3005630E+02  0.1379599E+02  0.1168438E+02  Si
  0.2781080E+02  0.5885819E+01  0.1333138E+00  Si
  0.2903249E+02  0.1885193E+02  0.2113340E+02  Si
  0.2641002E+02  0.1584126E+02  0.7985343E+01  Si
  0.3018150E+02  0.6938575E+01  0.1112202E+02  Si
  0.2684658E+02  0.1348579E+02  0.6801304E+01  Si
  0.2126733E+02  0.7967905E+01  0.1851044E+02  Si
  0.3530959E+02  0.1843100E+02  0.4995631E+01  Si
  0.4168742E+02  0.6297499E+01  0.8846083E+01  Si
  0.2510824E+02  0.1531135E+02  0.4421974E+00  Si
  0.2932534E+02  0.1179572E+02  0.2006868E+02  Si
  0.3243757E+02  0.6135392E+01  0.1201607E+02  Si
  0.2670798E+02  0.8512316E+01  0.1197503E+02  Si
  0.3502678E+02  0.2125156E+02  0.1942922E+02  Si
  0.3931509E+02  0.9175766E+01  0.8818282E+01  Si
  0.3932647E+02  0.1459350E+02  0.1455966E+02  Si
  0.2692849E+02  0.2656732E+01  0.4977627E+01  Si
  0.3500626E+02  0.1539122E+02  0.2914225E+01  Si
  0.3106189E+02  0.1764193E+02  0.1535875E+02  Si
  0.4066338E+02  0.2129193E+02  0.1850406E+02  Si
  0.2431166E+02  0.3475408E+01  0.3904625E+00  Si
  0.2745891E+02  0.1593815E+02  0.3847262E+00  Si
  0.3089183E+02  0.2869718E+01  0.1743272E+02  Si
  0.3608581E+02  0.7833879E+01  0.5161028E+00  Si
  0.4064473E+02  0.1330526E+02  0.4636975E+01  Si
  0.3789505E+02  0.8336460E+01  0.1802456E+02  Si
  0.4211240E+02  0.9121529E+01  0.1181466E+02  Si
  0.4056284E+02  0.2275639E+01  0.1550210E+02  Si
  0.3688191E+02  0.3082388E+01  0.3766857E+01  Si
  0.3948497E+02  0.1978217E+02  0.9085130E+01  Si
  0.3686575E+02  0.1378990E+02  0.1067426E+02  Si
  0.2014408E+02  0.9430585E+01  0.1128699E+02  Si
  0.2119858E+02  0.1341604E+02  0.1883113E+02  Si
  0.2693463E+02  0.8815410E+01  0.2058372E+01  Si
  0.3266223E+02  0.5998618E+01  0.1435650E+02  Si
  0.3294818E+02  0.2145225E+02  0.9789957E+01  Si
  0.2166106E+02  0.1624135E+02  0.5055685E+01  Si
  0.2120054E+02  0.1111677E+02  0.5355026E+01  Si
  0.3917291E+02  0.1480044E+01  0.6976650E+01  Si
  0.2139400E+02  0.1714621E+01  0.7071292E+01  Si
  0.2190907E+02  0.2654235E+01  0.1308377E+02  Si
  0.3101460E+02  0.1245144E+02  0.2889104E+01  Si
  0.3800789E+02  0.2100740E+02  0.1028204E+02  Si
  0.2504090E+02  0.1082638E+02  0.2011890E+02  Si
  0.4201562E+02  0.2010005E+02  0.6236257E+01  Si
  0.3303822E+02  0.1001150E+02  0.3379959E+01  Si
  0.2463248E+02  0.1534161E+02  0.1953122E+02  Si
  0.3778832E+02  0.1608114E+02  0.1007550E+02  Si
  0.2257931E+02  0.1454642E+02  0.4163469E+01  Si
  0.3129182E+02  0.1283138E+02  0.1692425E+02  Si
  0.3788112E+02  0.5445744E+01  0.9314121E+01  Si
  0.4071429E+02  0.2153190E+02  0.1304880E+02  Si
  0.3645561E+02  0.1226785E+02  0.1949871E+02  Si
  0.3544005E+02  0.1363916E+02  0.2107098E+02  Si
  0.4072839E+02  0.2087334E+02  0.2347103E+01  Si
  0.3068458E+02  0.5158198E+01  0.4847863E+01  Si
  0.3373369E+02  0.1532454E+02  0.2030048E+02  Si
  0.2276032E+02  0.6592883E+01  0.1200400E+01  Si
  0.2952120E+02  0.2078078E+02  0.1448660E+02  Si
  0.3914431E+02  0.1179830E+02  0.1717278E+02  Si
  0.2502459E+02  0.1787240E+02  0.7150842E+01  Si
  0.3490932E+02  0.2102061E+02  0.2677953E+01  Si
  0.3343770E+02  0.1313530E+02  0.7038871E+01  Si
  0.3365980E+02  0.1891422E+02  0.2167138E+01  Si
  0.3865828E+02  0.7798623E+01  0.1248086E+02  Si
  0.2522508E+02  0.2109694E+02  0.2010769E+02  Si
  0.2376743E+02  0.2171762E+02  0.1182597E+02  Si
  0.3499385E+02  0.3902464E+00  0.1443150E+02  Si
  0.3472823E+02  0.1032882E+01  0.1038286E+02  Si
  0.3798532E+02  0.5040241E+01  0.1566068E+02  Si
  0.4044082E+02  0.2741516E+01  0.9939367E+01  Si
  0.2422043E+02  0.5504448E+01  0.1285823E+02  Si
  0.4203286E+02  0.2012188E+02  0.1705842E+02  Si
  0.4064694E+02  0.5368363E+01  0.1292251E+02  Si
  0.2417437E+02  0.5333250E+01  0.1882389E+02  Si
  0.4216301E+02  0.1201649E+02  0.8989695E+01  Si
  0.3935913E+02  0.6622026E+01  0.1677710E+02  Si
  0.3687669E+02  0.1213686E+02  0.8787308E+01  Si
  0.3232013E+02  0.5960775E+01  0.1678634E+02  Si
  0.2757062E+02  0.1754115E+02  0.6554817E+01  Si
  0.2149299E+02  0.4181397E+00  0.5096739E+01  Si
  0.1916259E+02  0.1348158E+02  0.1048154E+02  Si
  0.4241316E+02  0.1722113E+02  0.3558386E+01  Si
  0.4203604E+02  0.1754804E+02  0.1456860E+02  Si
  0.3536631E+02  0.1833089E+02  0.1146811E+02  Si
  0.3784754E+02  0.5298110E+01  0.2127744E+02  Si
  0.3337701E+02  0.2456663E+01  0.2034184E+02  Si
  0.2312278E+02  0.2222631E+01  0.1084683E+02  Si
  0.2314028E+02  0.4118454E+01  0.1445178E+02  Si
  0.4054798E+02  0.1078701E+02  0.1694913E+01  Si
  0.2878985E+02  0.7619614E+01  0.8912392E+01  Si
  0.4044208E+02  0.1632654E+02  0.1332415E+02  Si
  0.2702623E+02  0.5146068E+01  0.9707096E+01  Si
  0.2461870E+02  0.2038762E+02  0.8182083E+01  Si
  0.2998412E+02  0.9340885E+01  0.1124763E+02  Si
  0.2006831E+02  0.3939320E+01  0.8684614E+00  Si
  0.3575368E+02  0.2124600E+02  0.4880543E+01  Si
  0.3669972E+02  0.6379658E+01  0.1215213E+02  Si
  0.3679351E+02  0.1743981E+02  0.1445582E+02  Si
  0.3620513E+02  0.1089462E+02  0.1018733E+01  Si
  0.1913073E+02  0.5048733E+01  0.7822264E+01  Si
  0.2777056E+02  0.1698956E+02  0.2007838E+02  Si
  0.3641551E+02  0.6198242E+01  0.2104951E+01  Si
  0.3602661E+02  0.5886191E+01  0.1450771E+02  Si
  0.2959263E+02  0.1291430E+02  0.1503391E+02  Si
  0.2571089E+02  0.1271858E+02  0.1879852E+02  Si
  0.2378847E+02  0.8427880E+01  0.5060325E+00  Si
  0.2554577E+02  0.8918710E+01  0.1520605E+02  Si
  0.3338677E+02  0.1104978E+02  0.1428885E+02  Si
  0.3314793E+02  0.1454185E+02  0.9237961E+01  Si
  0.2916075E+02  0.1743244E+02  0.1668333E+02  Si
  0.2163566E+02  0.1091770E+02  0.2136962E+02  Si
  0.3798501E+02  0.1352991E+02  0.7471444E+01  Si
  0.2622057E+02  0.7705193E+01  0.2155740E+02  Si
  0.2992940E+02  0.4303232E+01  0.1433444E+02  Si
  0.2899337E+02  0.1494200E+02  0.1349732E+02  Si
  0.3556082E+02  0.1296002E+02  0.3537837E+01  Si
  0.3939927E+02  0.6307757E+01  0.7319937E+00  Si
  0.2161224E+02  0.7918044E+01  0.1292111E+02  Si
  0.4206333E+02  0.1468125E+02  0.5927697E+01  Si
  0.3629238E+02  0.7668308E+01  0.4088357E+01  Si
  0.3730918E+02  0.1984357E+02  0.1383589E+02  Si
  0.3392230E+02  0.2098998E+02  0.6331121E+01  Si
  0.2827181E+02  0.3461092E+01  0.1722855E+01  Si
  0.2458260E+02  0.8680226E+01  0.1097733E+02  Si
  0.3752404E+02  0.1966047E+02  0.5229121E+01  Si
  0.3305550E+02  0.1338520E+02  0.1359053E+02  Si
  0.3409556E+02  0.2382182E+01  0.3887812E+01  Si
  0.3026184E+02  0.1116796E+02  0.5508967E+01  Si
  0.3483093E+02  0.1725373E+02  0.1732381E+02  Si
  0.2798614E+02  0.1931043E+02  0.1553405E+02  Si
  0.3141661E+02  0.1209618E+02  0.1086887E+02  Si
  0.3123402E+02  0.1034219E+02  0.1961508E+02  Si
  0.3354134E+02  0.2669201E+01  0.1191125E+02  Si
  0.2458826E+02  0.1364146E+02  0.1240815E+02  Si
  0.1988661E+02  0.9448373E+01  0.1715458E+02  Si
  0.4110326E+02  0.1836346E+02  0.5058754E+01  Si
  0.3543130E+02  0.5361002E+01  0.8164698E+01  Si
  0.3457308E+02  0.9067645E+01  0.1177159E+02  Si
  0.2606867E+02  0.5989542E+01  0.7424171E+01  Si
  0.3306911E+02  0.1955458E+02  0.4352829E+01  Si
  0.3889076E+02  0.3567808E+01  0.8431253E+01  Si
  0.3644481E+02  0.2024498E+02  0.1770257E+02  Si
  0.2796519E+02  0.1945235E+02  0.1282484E+01  Si
  0.4018080E+02  0.5732347E+01  0.1060484E+02  Si
  0.3810404E+02  0.1870918E+02  0.1853613E+02  Si
  0.2357372E+02  0.1977360E+02  0.3060242E+01  Si
  0.3760981E+02  0.1062456E+02  0.2105969E+02  Si
  0.3335236E+02  0.1170838E+02  0.9242884E+01  Si
  0.3762830E+02  0.1256509E+02  0.2430576E+01  Si
  0.2155424E+02  0.1618416E+02  0.1045901E+02  Si
  0.4117960E+02  0.5245902E+01  0.1906532E+01  Si
  0.3426974E+02  0.8782159E+01  0.1938411E+02  Si
  0.3668484E+02  0.1443024E+02  0.1199247E+01  Si
  0.3227042E+02  0.1137252E+01  0.6560490E+01  Si
  0.4194113E+02  0.1033755E+01  0.8914709E+01  Si
  0.2039891E+02  0.1193380E+02  0.1430176E+02  Si
  0.2464916E+02  0.1761526E+02  0.1912388E+02  Si
  0.2176404E+02  0.1886592E+02  0.7767154E+01  Si
  0.2651946E+02  0.1819020E+02  0.1103182E+02  Si
  0.3543711E+02  0.1402530E+02  0.5687069E+01  Si
  0.2835411E+02  0.6272831E+01  0.1260072E+02  Si
  0.2438484E+02  0.2409104E+01  0.5467976E+01  Si
  0.2810253E+02  0.1672574E+01  0.8432633E+01  Si
  0.4198176E+02  0.3599233E+01  0.6006479E+01  Si
  0.2963208E+02  0.1564392E+02  0.1906045E+02  Si
  0.3048616E+02  0.8230845E+01  0.1865984E+02  Si
  0.2378767E+02  0.1056588E+02  0.1794237E+01  Si
  0.3933207E+02  0.1442218E+02  0.9190101E+01  Si
  0.2166968E+02  0.1062945E+02  0.1013756E+02  Si
  0.2976798E+02  0.1168748E+02  0.7711364E+01  Si
  0.3081720E+02  0.8902373E+01  0.1448879E+02  Si
  0.2680093E+02  0.9208629E+01  0.1978545E+02  Si
  0.3405410E+02  0.1077188E+02  0.6377894E+01  Si
  0.3103466E+02  0.1733158E+02  0.1801928E+02  Si
  0.3438857E+02  0.8330430E+01  0.9397581E+01  Si
  0.3934275E+02  0.1493751E+02  0.3547326E+01  Si
  0.2706033E+02  0.1623093E+02  0.1021070E+02  Si
  0.4066187E+02  0.1878934E+01  0.5015486E+01  Si
  0.3319891E+02  0.8900542E+01  0.1525018E+02  Si
  0.2660311E+02  0.1340548E+02  0.1590060E+02  Si
  0.3363789E+02  0.1530257E+02  0.1125118E+01  Si
  0.3608274E+02  0.5978714E+01  0.5861918E+01  Si
  0.2317495E+02  0.2925985E+01  0.7804544E+01  Si
  0.3332590E+02  0.3124835E+01  0.8618177E+01  Si
  0.4209091E+02  0.1121049E+01  0.1438332E+02  Si
  0.4084093E+02  0.1570748E+02  0.7936505E+01  Si
  0.2296484E+02  0.1718889E+02  0.1221457E+02  Si
  0.2608106E+02  0.6880346E+01  0.1354013E+02  Si
  0.3791841E+02  0.2005058E+01  0.1879452E+02  Si
  0.3108362E+02  0.1769347E+02  0.6531331E+01  Si
  0.2175213E+02  0.2955107E+01  0.2463188E+01  Si
  0.3238089E+02  0.3630417E+01  0.1421589E+02  Si
  0.2770541E+02  0.2013973E+02  0.1789991E+02  Si
  0.3791504E+02  0.2106025E+02  0.2153148E+02  Si
  0.2001574E+02  0.1480769E+02  0.6066028E+01  Si
  0.3069558E+02  0.1845358E+01  0.4998943E+01  Si
  0.3229651E+02  0.1353819E+02  0.2018303E+02  Si
  0.2295821E+02  0.1195737E+02  0.1185043E+02  Si
  0.2490184E+02  0.1171040E+02  0.8147640E+01  Si
  0.2888955E+02  0.1973260E+02  0.1219182E+02  Si
  0.4211670E+02  0.1199577E+02  0.1433905E+02  Si
  0.3935962E+02  0.9517647E+01  0.3335262E+01  Si
  0.3787700E+02  0.2169889E+02  0.1617055E+02  Si
  0.3748033E+02  0.1883279E+01  0.1212045E+02  Si
  0.4220096E+02  0.6355260E+01  0.1430684E+02  Si
  0.3198990E+02  0.1731203E+02  0.2035060E+02  Si
  0.3821458E+02  0.7860805E+01  0.2154043E+01  Si
  0.3688663E+02  0.9463123E+01  0.1217268E+02  Si
  0.2439557E+02  0.2107665E+02  0.1790262E+02  Si
  0.2404189E+02  0.4120073E+01  0.9758819E+01  Si
  0.2912520E+02  0.6376329E+00  0.1291541E+02  Si
  0.3960247E+02  0.9829285E+00  0.1142757E+02  Si
  0.2877523E+02  0.2218208E+01  0.1076673E+02  Si
  0.3905729E+02  0.9072906E+01  0.1981364E+02  Si
  0.2800256E+02  0.1000306E+02  0.1672538E+02  Si
  0.2853136E+02  0.1923549E+02  0.9793904E+01  Si
  0.3523433E+02  0.1394890E+02  0.8743233E+01  Si
  0.3938472E+02  0.1752263E+02  0.8559274E+00  Si
  0.3270463E+02  0.1189777E+02  0.1858908E+02  Si
  0.2596184E+02  0.1298565E+02  0.1331146E+01  Si
  0.3480556E+02  0.2050159E+02  0.8423242E+01  Si
  0.3528593E+02  0.1735779E+02  0.1055022E+01  Si
  0.3598809E+02  0.6360636E-01  0.1229176E+02  Si
  0.3063248E+02  0.3200456E+01  0.1098993E+01  Si
  0.3379532E+02  0.8375078E+01  0.2170930E+02  Si
  0.2741901E+02  0.2131799E+01  0.1397200E+02  Si
  0.3656460E+02  0.2015653E+02  0.1216502E+01  Si
  0.3021658E+02  0.9697178E+01  0.8817229E+01  Si
  0.2440768E+02  0.8390979E+00  0.7331378E+01  Si
  0.2038957E+02  0.1268872E+01  0.1431181E+02  Si
  0.2569394E+02  0.3944624E+01  0.1152754E+02  Si
  0.3264484E+02  0.2145777E+02  0.1280290E+02  Si
  0.3002976E+02  0.1410379E+02  0.2061691E+02  Si
  0.3190840E+02  0.7001011E+01  0.6030950E+01  Si
  0.3913451E+02  0.1204095E+02  0.5184665E+00  Si
  0.4212339E+02  0.1179142E+02  0.1983960E+02  Si
  0.3243430E+02  0.4152264E+01  0.1060617E+02  Si
  0.3916559E+02  0.1720494E+02  0.1700841E+02  Si
  0.2903072E+02  0.9880477E+01  0.1229316E+01  Si
  0.3562309E+02  0.1895277E+02  0.1578257E+02  Si
  0.2890179E+02  0.5446353E+01  0.8027935E+01  Si
  0.2157420E+02  0.1901543E+02  0.1864532E+02  Si
  0.3887872E+02  0.1871761E+01  0.3315996E+01  Si
  0.3708725E+02  0.3877800E+01  0.1437296E+01  Si
  0.2922620E+02  0.1398221E+02  0.7563975E+01  Si
  0.2921803E+02  0.2145023E+02  0.4829087E+01  Si
  0.2636486E+02  0.2165405E+02  0.1709722E+02  Si
  0.3164420E+02  0.1874505E+02  0.8498543E+00  Si
  0.3125242E+02  0.2104016E+02  0.2132058E+02  Si
  0.3219101E+02  0.1956279E+02  0.1117099E+02  Si
  0.4064624E+02  0.1325708E+02  0.2100292E+02  Si
  0.2679213E+02  0.1854212E+02  0.4737867E+01  Si
  0.3585331E+02  0.2925153E+01  0.8116002E+01  Si
  0.2437754E+02  0.2715334E+01  0.1597378E+02  Si
  0.3970710E+02  0.1723885E+02  0.6482606E+01  Si
  0.2577462E+02  0.3489535E+01  0.8437676E+01  Si
  0.2014407E+02  0.1743337E+02  0.1953920E+02  Si
  0.3122527E+02  0.1523783E+01  0.9156368E+01  Si
  0.3944154E+02  0.1169187E+02  0.1186248E+02  Si
  0.3770670E+02  0.1342796E+02  0.1818135E+02  Si
  0.3742776E+02  0.4209546E+01  0.1794820E+02  Si
  0.2363485E+02  0.9828761E+01  0.9093602E+01  Si
  0.2485470E+02  0.1412654E+02  0.8598095E+01  Si
  0.2758916E+02  0.1800536E+02  0.1349633E+02  Si
  0.2599939E+02  0.1693751E+02  0.3328377E+01  Si
  0.2151654E+02  0.8208910E+01  0.2460425E+01  Si
  0.3538335E+02  0.9359809E+01  0.2599074E+01  Si
  0.4187237E+02  0.3448577E+01  0.1720979E+02  Si
  0.2287703E+02  0.1965529E+02  0.1494078E+02  Si
  0.3684121E+02  0.4155258E+01  0.1124656E+02  Si
  0.2797557E+02  0.8641767E+01  0.4093024E+01  Si
  0.4198933E+02  0.1476070E+02  0.1215513E+02  Si
  0.2453182E+02  0.1753538E+02  0.1186684E+01  Si
  0.3213259E+02  0.9649606E+01  0.5668111E+01  Si
  0.1898157E+02  0.1053590E+02  0.1299828E+02  Si
  0.2502408E+02  0.1468502E+02  0.3829037E+01  Si
  0.2143612E+02  0.2150525E+02  0.1566603E+02  Si
  0.2273465E+02  0.1520694E+02  0.8635250E+01  Si
  0.4057287E+02  0.7726214E+01  0.2107792E+02  Si
  0.4087751E+02  0.1042962E+02  0.1318290E+02  Si
  0.2873921E+02  0.1207533E+02  0.1973095E+01  Si
  0.2863201E+02  0.3904111E+01  0.1251968E+02  Si
  0.4085814E+02  0.1860626E+02  0.2118623E+02  Si
  0.4331885E+02  0.2138033E+02  0.2140846E+02  Si
  0.4597010E+02  0.2171438E+01  0.2106877E+02  Si
  0.4630875E+02  0.2154718E+02  0.2071217E+01  Si
  0.4340591E+02  0.2316035E+01  0.2128510E+01  Si
  0.4460108E+02  0.1052440E+01  0.8161490E+00  Si
  0.4751081E+02  0.3470863E+01  0.7074268E+00  Si
  0.4774463E+02  0.9586934E+00  0.3408734E+01  Si
  0.4479159E+02  0.3447829E+01  0.3605310E+01  Si
  0.4867534E+02  0.2111967E+02  0.2115413E+02  Si
  0.5156513E+02  0.2251281E+01  0.2116847E+02  Si
  0.5129370E+02  0.2119834E+02  0.2120505E+01  Si
  0.4900134E+02  0.1988493E+01  0.2013344E+01  Si
  0.5014990E+02  0.6369139E+00  0.5445880E+00  Si
  0.5313839E+02  0.3504196E+01  0.8242351E+00  Si
  0.5280423E+02  0.8345925E+00  0.3829074E+01  Si
  0.5034114E+02  0.3591075E+01  0.3596545E+01  Si
  0.5423675E+02  0.2144120E+02  0.2138668E+02  Si
  0.5690546E+02  0.2424975E+01  0.2138496E+02  Si
  0.5692548E+02  0.2139267E+02  0.2314273E+01  Si
  0.5418726E+02  0.2361273E+01  0.2505162E+01  Si
  0.5564098E+02  0.1066704E+01  0.1078092E+01  Si
  0.5841819E+02  0.3771983E+01  0.1085335E+01  Si
  0.5819545E+02  0.1050643E+01  0.3391035E+01  Si
  0.5548004E+02  0.3667303E+01  0.3770909E+01  Si
  0.5967788E+02  0.2146026E+02  0.2138212E+02  Si
  0.6250559E+02  0.2357893E+01  0.2134260E+02  Si
  0.6238151E+02  0.2133371E+02  0.2203974E+01  Si
  0.5984062E+02  0.2278363E+01  0.2205532E+01  Si
  0.6113295E+02  0.8945821E+00  0.9786866E+00  Si
  0.6391404E+02  0.3614496E+01  0.1033565E+01  Si
  0.6387825E+02  0.1035947E+01  0.3514032E+01  Si
  0.6109424E+02  0.3609221E+01  0.3704355E+01  Si
  0.4351962E+02  0.5170626E+01  0.2092888E+02  Si
  0.4617313E+02  0.7613796E+01  0.2102313E+02  Si
  0.4601570E+02  0.4967769E+01  0.2007830E+01  Si
  0.4368438E+02  0.8078204E+01  0.1794109E+01  Si
  0.4472820E+02  0.6426836E+01  0.6825955E+00  Si
  0.4757127E+02  0.8880204E+01  0.9569003E+00  Si
  0.4737148E+02  0.6122458E+01  0.3516842E+01  Si
  0.4497870E+02  0.9058557E+01  0.3564781E+01  Si
  0.4891285E+02  0.5071335E+01  0.2119909E+02  Si
  0.5151207E+02  0.7761185E+01  0.2130244E+02  Si
  0.5154763E+02  0.4867945E+01  0.2282518E+01  Si
  0.4885913E+02  0.7673799E+01  0.2558685E+01  Si
  0.5006839E+02  0.6467270E+01  0.9493895E+00  Si
  0.5300478E+02  0.8957391E+01  0.8908513E+00  Si
  0.5246409E+02  0.6277064E+01  0.3698782E+01  Si
  0.5014899E+02  0.9125750E+01  0.4053426E+01  Si
  0.5425955E+02  0.5090897E+01  0.2140644E+02  Si
  0.5712392E+02  0.7547443E+01  0.2141468E+02  Si
  0.5667221E+02  0.5046933E+01  0.2266306E+01  Si
  0.5403707E+02  0.7512335E+01  0.2524319E+01  Si
  0.5566590E+02  0.6440727E+01  0.1097734E+01  Si
  0.5851963E+02  0.8884237E+01  0.9073273E+00  Si
  0.5826444E+02  0.6202758E+01  0.3856250E+01  Si
  0.5553854E+02  0.9021517E+01  0.3813698E+01  Si
  0.5950892E+02  0.5226233E+01  0.2138172E+02  Si
  0.6244949E+02  0.7618504E+01  0.2134595E+02  Si
  0.6251226E+02  0.5090281E+01  0.2532849E+01  Si
  0.5963853E+02  0.7536838E+01  0.2381350E+01  Si
  0.6115472E+02  0.6438143E+01  0.1090845E+01  Si
  0.6360188E+02  0.9329996E+01  0.1103161E+01  Si
  0.6386286E+02  0.6472867E+01  0.3620832E+01  Si
  0.6108212E+02  0.8957050E+01  0.3657965E+01  Si
  0.4344394E+02  0.1056005E+02  0.2108941E+02  Si
  0.4611493E+02  0.1301369E+02  0.2103802E+02  Si
  0.4625836E+02  0.1026371E+02  0.2051688E+01  Si
  0.4368177E+02  0.1332743E+02  0.1801284E+01  Si
  0.4494966E+02  0.1174367E+02  0.8487367E+00  Si
  0.4760687E+02  0.1418507E+02  0.6849427E+00  Si
  0.4774520E+02  0.1171401E+02  0.3390851E+01  Si
  0.4493871E+02  0.1435167E+02  0.3565262E+01  Si
  0.4900336E+02  0.1024841E+02  0.2096943E+02  Si
  0.5168953E+02  0.1317058E+02  0.2117395E+02  Si
  0.5150494E+02  0.1026046E+02  0.2465293E+01  Si
  0.4915416E+02  0.1291066E+02  0.1879359E+01  Si
  0.5041981E+02  0.1152205E+02  0.7452276E+00  Si
  0.5293729E+02  0.1419990E+02  0.9234232E+00  Si
  0.5299433E+02  0.1153180E+02  0.3587918E+01  Si
  0.5044725E+02  0.1437153E+02  0.3491890E+01  Si
  0.5457164E+02  0.1041540E+02  0.2147141E+02  Si
  0.5740875E+02  0.1341095E+02  0.2122803E+02  Si
  0.5707184E+02  0.1030390E+02  0.2257149E+01  Si
  0.5436589E+02  0.1317928E+02  0.2463224E+01  Si
  0.5594788E+02  0.1210543E+02  0.1063367E+01  Si
  0.5842020E+02  0.1469587E+02  0.1308760E+01  Si
  0.5857008E+02  0.1175537E+02  0.3503378E+01  Si
  0.5580269E+02  0.1455785E+02  0.3539244E+01  Si
  0.5984262E+02  0.1031177E+02  0.2129044E+02  Si
  0.6245519E+02  0.1354911E+02  0.2132128E+02  Si
  0.6236044E+02  0.1069912E+02  0.2389349E+01  Si
  0.5998732E+02  0.1331814E+02  0.2430675E+01  Si
  0.6125093E+02  0.1194602E+02  0.7488885E+00  Si
  0.6379434E+02  0.1465336E+02  0.1123678E+01  Si
  0.6362901E+02  0.1191562E+02  0.3835521E+01  Si
  0.6121383E+02  0.1465029E+02  0.3825865E+01  Si
  0.4339340E+02  0.1598758E+02  0.2081870E+02  Si
  0.4602293E+02  0.1845312E+02  0.2092843E+02  Si
  0.4643970E+02  0.1575381E+02  0.2160717E+01  Si
  0.4378904E+02  0.1866285E+02  0.2046611E+01  Si
  0.4480184E+02  0.1690693E+02  0.6905103E+00  Si
  0.4727927E+02  0.1990428E+02  0.7785764E+00  Si
  0.4757149E+02  0.1714646E+02  0.3359390E+01  Si
  0.4497353E+02  0.2003704E+02  0.3434298E+01  Si
  0.4875039E+02  0.1577014E+02  0.2097346E+02  Si
  0.5129846E+02  0.1834672E+02  0.2114691E+02  Si
  0.5157828E+02  0.1562907E+02  0.2206569E+01  Si
  0.4884937E+02  0.1851991E+02  0.1909398E+01  Si
  0.4999693E+02  0.1691009E+02  0.7626338E+00  Si
  0.5276312E+02  0.1989620E+02  0.9323266E+00  Si
  0.5337078E+02  0.1703076E+02  0.3368289E+01  Si
  0.5033776E+02  0.1951820E+02  0.3411531E+01  Si
  0.5408384E+02  0.1560408E+02  0.2130208E+02  Si
  0.5671301E+02  0.1866023E+02  0.2157620E+02  Si
  0.5703268E+02  0.1614534E+02  0.2456168E+01  Si
  0.5449849E+02  0.1870900E+02  0.2310630E+01  Si
  0.5550583E+02  0.1705648E+02  0.9753310E+00  Si
  0.5811377E+02  0.2020751E+02  0.1052548E+01  Si
  0.5817182E+02  0.1773604E+02  0.3729981E+01  Si
  0.5560862E+02  0.1992125E+02  0.3724978E+01  Si
  0.5960740E+02  0.1594955E+02  0.2128109E+02  Si
  0.6216077E+02  0.1885377E+02  0.2152881E+02  Si
  0.6252865E+02  0.1591091E+02  0.2663440E+01  Si
  0.5969395E+02  0.1903518E+02  0.2138447E+01  Si
  0.6095914E+02  0.1726308E+02  0.1020766E+01  Si
  0.6356625E+02  0.1998345E+02  0.8987676E+00  Si
  0.6388512E+02  0.1743581E+02  0.3804093E+01  Si
  0.6080254E+02  0.2040980E+02  0.3535587E+01  Si
  0.4361603E+02  0.2141168E+02  0.4965693E+01  Si
  0.4636860E+02  0.2458667E+01  0.4898843E+01  Si
  0.4663217E+02  0.2134785E+02  0.7253691E+01  Si
  0.4347624E+02  0.2280993E+01  0.7640452E+01  Si
  0.4497538E+02  0.1096236E+01  0.6217767E+01  Si
  0.4755377E+02  0.3876620E+01  0.6295925E+01  Si
  0.4747292E+02  0.8082698E+00  0.8998932E+01  Si
  0.4494222E+02  0.3849872E+01  0.8930581E+01  Si
  0.4930996E+02  0.2122012E+02  0.4799127E+01  Si
  0.5142422E+02  0.2288753E+01  0.5142263E+01  Si
  0.5168281E+02  0.2123734E+02  0.7777308E+01  Si
  0.4875269E+02  0.2257579E+01  0.7582357E+01  Si
  0.5015834E+02  0.8088158E+00  0.6557017E+01  Si
  0.5303071E+02  0.3379620E+01  0.6444884E+01  Si
  0.5277781E+02  0.9677557E+00  0.9265329E+01  Si
  0.5020920E+02  0.3779589E+01  0.9198716E+01  Si
  0.5411949E+02  0.2126532E+02  0.5031263E+01  Si
  0.5701744E+02  0.2258411E+01  0.5111846E+01  Si
  0.5706370E+02  0.2141358E+02  0.8059853E+01  Si
  0.5446798E+02  0.2273468E+01  0.8038641E+01  Si
  0.5570484E+02  0.8221678E+00  0.6456787E+01  Si
  0.5823658E+02  0.3905816E+01  0.6265170E+01  Si
  0.5865481E+02  0.1164505E+01  0.9074856E+01  Si
  0.5569135E+02  0.3607048E+01  0.9348407E+01  Si
  0.5938355E+02  0.2150513E+02  0.4978393E+01  Si
  0.6247118E+02  0.2240577E+01  0.5065607E+01  Si
  0.6236641E+02  0.2141838E+02  0.7557041E+01  Si
  0.5960368E+02  0.2502621E+01  0.7736895E+01  Si
  0.6094815E+02  0.9560497E+00  0.6276420E+01  Si
  0.6398175E+02  0.3633114E+01  0.6264203E+01  Si
  0.6371690E+02  0.9936193E+00  0.8925455E+01  Si
  0.6133815E+02  0.3781940E+01  0.8937410E+01  Si
  0.4356418E+02  0.5100110E+01  0.4857583E+01  Si
  0.4635419E+02  0.7708489E+01  0.4957287E+01  Si
  0.4623901E+02  0.5093157E+01  0.7603466E+01  Si
  0.4351616E+02  0.7772622E+01  0.7492938E+01  Si
  0.4483913E+02  0.6376724E+01  0.6153943E+01  Si
  0.4781924E+02  0.9029480E+01  0.6620844E+01  Si
  0.4751939E+02  0.6313399E+01  0.9046337E+01  Si
  0.4473281E+02  0.9165152E+01  0.9040275E+01  Si
  0.4907428E+02  0.5001028E+01  0.4879478E+01  Si
  0.5163251E+02  0.7789555E+01  0.5278910E+01  Si
  0.5176278E+02  0.4899058E+01  0.7848575E+01  Si
  0.4911449E+02  0.7337460E+01  0.7824546E+01  Si
  0.5052757E+02  0.6217571E+01  0.6392446E+01  Si
  0.5304667E+02  0.9134729E+01  0.6616228E+01  Si
  0.5283717E+02  0.6161186E+01  0.9314055E+01  Si
  0.5065708E+02  0.8916055E+01  0.8926484E+01  Si
  0.5407253E+02  0.5126175E+01  0.5032180E+01  Si
  0.5679784E+02  0.7616622E+01  0.5127948E+01  Si
  0.5689635E+02  0.4975387E+01  0.7879706E+01  Si
  0.5424208E+02  0.7640506E+01  0.7915701E+01  Si
  0.5545128E+02  0.6313582E+01  0.6588806E+01  Si
  0.5803370E+02  0.8925153E+01  0.6386731E+01  Si
  0.5817431E+02  0.6429093E+01  0.9093178E+01  Si
  0.5570020E+02  0.9170582E+01  0.9082501E+01  Si
  0.5997610E+02  0.5178207E+01  0.5061953E+01  Si
  0.6252531E+02  0.7844192E+01  0.5109597E+01  Si
  0.6271237E+02  0.4952765E+01  0.7436094E+01  Si
  0.5966440E+02  0.7571880E+01  0.7575790E+01  Si
  0.6117318E+02  0.6397383E+01  0.6362286E+01  Si
  0.6392902E+02  0.9316745E+01  0.6441205E+01  Si
  0.6382610E+02  0.6427610E+01  0.9049851E+01  Si
  0.6084597E+02  0.8996286E+01  0.9042619E+01  Si
  0.4355163E+02  0.1065041E+02  0.4645771E+01  Si
  0.4614051E+02  0.1289716E+02  0.4848732E+01  Si
  0.4617628E+02  0.1044047E+02  0.7839877E+01  Si
  0.4342396E+02  0.1342901E+02  0.7623086E+01  Si
  0.4479490E+02  0.1180990E+02  0.6426054E+01  Si
  0.4747026E+02  0.1434825E+02  0.6514042E+01  Si
  0.4770349E+02  0.1176007E+02  0.9110112E+01  Si
  0.4473732E+02  0.1454878E+02  0.9002150E+01  Si
  0.4882334E+02  0.1062703E+02  0.5217353E+01  Si
  0.5210326E+02  0.1351046E+02  0.4709500E+01  Si
  0.5176392E+02  0.1058307E+02  0.7964118E+01  Si
  0.4914539E+02  0.1293757E+02  0.7725382E+01  Si
  0.5065710E+02  0.1188428E+02  0.6205375E+01  Si
  0.5312093E+02  0.1470385E+02  0.6465968E+01  Si
  0.5328806E+02  0.1182732E+02  0.9295749E+01  Si
  0.5039503E+02  0.1431214E+02  0.8916316E+01  Si
  0.5451198E+02  0.1050637E+02  0.5200158E+01  Si
  0.5713266E+02  0.1329225E+02  0.4725269E+01  Si
  0.5684806E+02  0.1050012E+02  0.7783824E+01  Si
  0.5454507E+02  0.1326509E+02  0.7792325E+01  Si
  0.5594016E+02  0.1203896E+02  0.6406223E+01  Si
  0.5835923E+02  0.1467258E+02  0.6296711E+01  Si
  0.5855630E+02  0.1161460E+02  0.9187326E+01  Si
  0.5606213E+02  0.1439636E+02  0.9160833E+01  Si
  0.5962038E+02  0.1045349E+02  0.5244638E+01  Si
  0.6250091E+02  0.1319579E+02  0.5409846E+01  Si
  0.6231311E+02  0.1044435E+02  0.7973256E+01  Si
  0.5964464E+02  0.1303150E+02  0.7668603E+01  Si
  0.6108158E+02  0.1182152E+02  0.6518338E+01  Si
  0.6380652E+02  0.1468624E+02  0.6600884E+01  Si
  0.6410055E+02  0.1186590E+02  0.8922672E+01  Si
  0.6096574E+02  0.1442242E+02  0.9258420E+01  Si
  0.4373392E+02  0.1596827E+02  0.4830922E+01  Si
  0.4630880E+02  0.1859576E+02  0.4740319E+01  Si
  0.4624835E+02  0.1591303E+02  0.7813854E+01  Si
  0.4338279E+02  0.1883691E+02  0.7630723E+01  Si
  0.4493639E+02  0.1734944E+02  0.6351223E+01  Si
  0.4787465E+02  0.1993416E+02  0.6007264E+01  Si
  0.4774440E+02  0.1722946E+02  0.9071745E+01  Si
  0.4488816E+02  0.2017351E+02  0.8687920E+01  Si
  0.4863049E+02  0.1546752E+02  0.4794321E+01  Si
  0.5174602E+02  0.1817049E+02  0.4878666E+01  Si
  0.5152064E+02  0.1592063E+02  0.7552448E+01  Si
  0.4916475E+02  0.1838928E+02  0.7344166E+01  Si
  0.5020054E+02  0.1694856E+02  0.5949690E+01  Si
  0.5284528E+02  0.1963794E+02  0.6432565E+01  Si
  0.5315985E+02  0.1696765E+02  0.9076074E+01  Si
  0.5030561E+02  0.1991298E+02  0.8825482E+01  Si
  0.5471246E+02  0.1607248E+02  0.5123348E+01  Si
  0.5692133E+02  0.1888548E+02  0.5429891E+01  Si
  0.5719023E+02  0.1599551E+02  0.7930423E+01  Si
  0.5425139E+02  0.1875581E+02  0.7926273E+01  Si
  0.5579289E+02  0.1726902E+02  0.6751335E+01  Si
  0.5846626E+02  0.2017771E+02  0.6631282E+01  Si
  0.5841453E+02  0.1736148E+02  0.9143773E+01  Si
  0.5575437E+02  0.1994577E+02  0.9389185E+01  Si
  0.5953275E+02  0.1598952E+02  0.4675892E+01  Si
  0.6254446E+02  0.1893909E+02  0.4967615E+01  Si
  0.6205529E+02  0.1576406E+02  0.7664317E+01  Si
  0.5970295E+02  0.1865740E+02  0.7675787E+01  Si
  0.6098898E+02  0.1739327E+02  0.6286965E+01  Si
  0.6385839E+02  0.2004023E+02  0.6533575E+01  Si
  0.6341699E+02  0.1709510E+02  0.8957519E+01  Si
  0.6106493E+02  0.1985289E+02  0.8993538E+01  Si
  0.4339700E+02  0.2136308E+02  0.1011374E+02  Si
  0.4637756E+02  0.2388386E+01  0.1037417E+02  Si
  0.4630485E+02  0.2135566E+02  0.1289852E+02  Si
  0.4338419E+02  0.2342683E+01  0.1298555E+02  Si
  0.4473327E+02  0.9794255E+00  0.1164956E+02  Si
  0.4781733E+02  0.3805694E+01  0.1165008E+02  Si
  0.4749038E+02  0.1151072E+01  0.1417237E+02  Si
  0.4480534E+02  0.3566590E+01  0.1451427E+02  Si
  0.4890992E+02  0.2110065E+02  0.1028589E+02  Si
  0.5151343E+02  0.2333691E+01  0.1050996E+02  Si
  0.5173789E+02  0.2145254E+02  0.1306924E+02  Si
  0.4903177E+02  0.2463949E+01  0.1307735E+02  Si
  0.5037742E+02  0.1018647E+01  0.1180778E+02  Si
  0.5275907E+02  0.3680755E+01  0.1200909E+02  Si
  0.5309477E+02  0.1209713E+01  0.1468756E+02  Si
  0.5045683E+02  0.3855871E+01  0.1452342E+02  Si
  0.5438836E+02  0.2153322E+02  0.1057232E+02  Si
  0.5737605E+02  0.2291222E+01  0.1065939E+02  Si
  0.5712913E+02  0.2100428E+02  0.1330132E+02  Si
  0.5456614E+02  0.2307829E+01  0.1313084E+02  Si
  0.5591317E+02  0.8611284E+00  0.1199432E+02  Si
  0.5840569E+02  0.4002166E+01  0.1203791E+02  Si
  0.5835451E+02  0.8745731E+00  0.1468478E+02  Si
  0.5555915E+02  0.3602614E+01  0.1473570E+02  Si
  0.5980685E+02  0.2131244E+02  0.1042535E+02  Si
  0.6247573E+02  0.2396960E+01  0.1043531E+02  Si
  0.6255077E+02  0.2136672E+02  0.1322065E+02  Si
  0.5933344E+02  0.2144326E+01  0.1314606E+02  Si
  0.6113720E+02  0.1060955E+01  0.1187357E+02  Si
  0.6386429E+02  0.3711786E+01  0.1182315E+02  Si
  0.6369036E+02  0.8688400E+00  0.1465218E+02  Si
  0.6094211E+02  0.3663946E+01  0.1437497E+02  Si
  0.4341512E+02  0.5184439E+01  0.1020511E+02  Si
  0.4650579E+02  0.8128000E+01  0.1021908E+02  Si
  0.4597148E+02  0.4900182E+01  0.1278909E+02  Si
  0.4369087E+02  0.7669174E+01  0.1290566E+02  Si
  0.4503006E+02  0.6595781E+01  0.1135576E+02  Si
  0.4769726E+02  0.9519898E+01  0.1179822E+02  Si
  0.4729836E+02  0.6293027E+01  0.1408950E+02  Si
  0.4488006E+02  0.9184300E+01  0.1450524E+02  Si
  0.4909323E+02  0.5558238E+01  0.1041887E+02  Si
  0.5181142E+02  0.7720228E+01  0.1066351E+02  Si
  0.5164087E+02  0.5190079E+01  0.1325601E+02  Si
  0.4885093E+02  0.8082032E+01  0.1306054E+02  Si
  0.5022830E+02  0.6550537E+01  0.1197763E+02  Si
  0.5295771E+02  0.9085736E+01  0.1188334E+02  Si
  0.5317015E+02  0.6426004E+01  0.1449276E+02  Si
  0.4998778E+02  0.9105245E+01  0.1430464E+02  Si
  0.5433651E+02  0.4940876E+01  0.1075198E+02  Si
  0.5696118E+02  0.7812484E+01  0.1051789E+02  Si
  0.5698995E+02  0.5112293E+01  0.1326028E+02  Si
  0.5430299E+02  0.7961668E+01  0.1328595E+02  Si
  0.5561399E+02  0.6535548E+01  0.1184412E+02  Si
  0.5826710E+02  0.9167044E+01  0.1176896E+02  Si
  0.5831300E+02  0.6432966E+01  0.1471521E+02  Si
  0.5556864E+02  0.9138568E+01  0.1473945E+02  Si
  0.5995472E+02  0.5186055E+01  0.1038042E+02  Si
  0.6243176E+02  0.7791125E+01  0.1047273E+02  Si
  0.6250349E+02  0.5072047E+01  0.1309071E+02  Si
  0.5955953E+02  0.7790908E+01  0.1322458E+02  Si
  0.6115006E+02  0.6567861E+01  0.1177454E+02  Si
  0.6373886E+02  0.9128479E+01  0.1183087E+02  Si
  0.6385041E+02  0.6371687E+01  0.1456006E+02  Si
  0.6114168E+02  0.9323451E+01  0.1439872E+02  Si
  0.4333731E+02  0.1070413E+02  0.1055416E+02  Si
  0.4631238E+02  0.1336133E+02  0.1042719E+02  Si
  0.4633457E+02  0.1048884E+02  0.1350292E+02  Si
  0.4363768E+02  0.1321789E+02  0.1312082E+02  Si
  0.4497692E+02  0.1180467E+02  0.1185246E+02  Si
  0.4724430E+02  0.1456732E+02  0.1198344E+02  Si
  0.4768780E+02  0.1177609E+02  0.1482623E+02  Si
  0.4479878E+02  0.1465299E+02  0.1441066E+02  Si
  0.4930845E+02  0.1039148E+02  0.1022546E+02  Si
  0.5172454E+02  0.1307450E+02  0.1030026E+02  Si
  0.5144233E+02  0.1053596E+02  0.1297270E+02  Si
  0.4863962E+02  0.1289306E+02  0.1303860E+02  Si
  0.5026187E+02  0.1199805E+02  0.1156590E+02  Si
  0.5288410E+02  0.1442226E+02  0.1170288E+02  Si
  0.5282101E+02  0.1190854E+02  0.1448848E+02  Si
  0.4994858E+02  0.1434957E+02  0.1448085E+02  Si
  0.5449268E+02  0.1030342E+02  0.1062095E+02  Si
  0.5729016E+02  0.1305066E+02  0.1054863E+02  Si
  0.5698671E+02  0.1036432E+02  0.1337750E+02  Si
  0.5444798E+02  0.1323962E+02  0.1312513E+02  Si
  0.5589049E+02  0.1182847E+02  0.1198810E+02  Si
  0.5834670E+02  0.1454554E+02  0.1200487E+02  Si
  0.5831426E+02  0.1198741E+02  0.1438443E+02  Si
  0.5552370E+02  0.1461960E+02  0.1471310E+02  Si
  0.5993799E+02  0.1036202E+02  0.1073174E+02  Si
  0.6251517E+02  0.1310108E+02  0.1019576E+02  Si
  0.6245975E+02  0.1060808E+02  0.1303261E+02  Si
  0.5989894E+02  0.1321510E+02  0.1314064E+02  Si
  0.6133143E+02  0.1182105E+02  0.1174555E+02  Si
  0.6371285E+02  0.1430780E+02  0.1171153E+02  Si
  0.6373860E+02  0.1201316E+02  0.1436284E+02  Si
  0.6094884E+02  0.1478383E+02  0.1436301E+02  Si
  0.4343530E+02  0.1600406E+02  0.1059006E+02  Si
  0.4617036E+02  0.1875654E+02  0.1015287E+02  Si
  0.4597333E+02  0.1636600E+02  0.1308368E+02  Si
  0.4322193E+02  0.1890346E+02  0.1306955E+02  Si
  0.4475304E+02  0.1773841E+02  0.1168842E+02  Si
  0.4781149E+02  0.2004861E+02  0.1156279E+02  Si
  0.4754493E+02  0.1728954E+02  0.1436548E+02  Si
  0.4482883E+02  0.2011619E+02  0.1430554E+02  Si
  0.4902493E+02  0.1572517E+02  0.1051965E+02  Si
  0.5150583E+02  0.1835042E+02  0.1006034E+02  Si
  0.5141104E+02  0.1572810E+02  0.1312808E+02  Si
  0.4913816E+02  0.1844717E+02  0.1297988E+02  Si
  0.5050695E+02  0.1709932E+02  0.1156068E+02  Si
  0.5269269E+02  0.1994540E+02  0.1138415E+02  Si
  0.5284879E+02  0.1730353E+02  0.1444133E+02  Si
  0.5025980E+02  0.2026527E+02  0.1434756E+02  Si
  0.5446741E+02  0.1561307E+02  0.1040310E+02  Si
  0.5683722E+02  0.1850609E+02  0.1051537E+02  Si
  0.5686882E+02  0.1609094E+02  0.1335663E+02  Si
  0.5418597E+02  0.1876358E+02  0.1285704E+02  Si
  0.5537035E+02  0.1715200E+02  0.1183066E+02  Si
  0.5848723E+02  0.1986420E+02  0.1164862E+02  Si
  0.5830062E+02  0.1716811E+02  0.1448987E+02  Si
  0.5571287E+02  0.1983863E+02  0.1461692E+02  Si
  0.5972455E+02  0.1609691E+02  0.1062310E+02  Si
  0.6242697E+02  0.1884018E+02  0.1054054E+02  Si
  0.6244475E+02  0.1587767E+02  0.1285367E+02  Si
  0.5970785E+02  0.1844182E+02  0.1293417E+02  Si
  0.6120359E+02  0.1735651E+02  0.1172972E+02  Si
  0.6397807E+02  0.2012959E+02  0.1182612E+02  Si
  0.6371850E+02  0.1731315E+02  0.1416657E+02  Si
  0.6103338E+02  0.1993771E+02  0.1446280E+02  Si
  0.4338782E+02  0.2148677E+02  0.1579031E+02  Si
  0.4640695E+02  0.2306804E+01  0.1586146E+02  Si
  0.4647352E+02  0.2141518E+02  0.1858021E+02  Si
  0.4198035E+02  0.9392991E+00  0.1989187E+02  Si
  0.4483725E+02  0.1161055E+01  0.1729896E+02  Si
  0.4771003E+02  0.3643912E+01  0.1718905E+02  Si
  0.4778825E+02  0.1215107E+01  0.1990777E+02  Si
  0.4485700E+02  0.3488675E+01  0.1970642E+02  Si
  0.4876575E+02  0.2152289E+02  0.1569957E+02  Si
  0.5159305E+02  0.2478248E+01  0.1587487E+02  Si
  0.5162746E+02  0.2144860E+02  0.1838261E+02  Si
  0.4906183E+02  0.2533059E+01  0.1852703E+02  Si
  0.5013960E+02  0.1079948E+01  0.1702666E+02  Si
  0.5304804E+02  0.3597117E+01  0.1718218E+02  Si
  0.5294547E+02  0.1025885E+01  0.1982203E+02  Si
  0.5036361E+02  0.3838002E+01  0.2002937E+02  Si
  0.5396695E+02  0.2111832E+02  0.1570850E+02  Si
  0.5707700E+02  0.2128228E+01  0.1604299E+02  Si
  0.5663039E+02  0.2153834E+02  0.1880366E+02  Si
  0.5445444E+02  0.2522408E+01  0.1847240E+02  Si
  0.5539384E+02  0.9882347E+00  0.1729301E+02  Si
  0.5840625E+02  0.3708210E+01  0.1739821E+02  Si
  0.5826800E+02  0.1139856E+01  0.1992053E+02  Si
  0.5559904E+02  0.3803689E+01  0.1988963E+02  Si
  0.5993277E+02  0.2153213E+02  0.1599924E+02  Si
  0.6241020E+02  0.2450956E+01  0.1576781E+02  Si
  0.6247469E+02  0.2091743E+02  0.1874938E+02  Si
  0.5966446E+02  0.2281518E+01  0.1863475E+02  Si
  0.6132205E+02  0.1035311E+01  0.1746982E+02  Si
  0.6363387E+02  0.3765100E+01  0.1736973E+02  Si
  0.6345939E+02  0.9033830E+00  0.1997833E+02  Si
  0.6096076E+02  0.3668345E+01  0.1996224E+02  Si
  0.4330078E+02  0.5063945E+01  0.1589107E+02  Si
  0.4610950E+02  0.7667176E+01  0.1580165E+02  Si
  0.4587860E+02  0.4845269E+01  0.1821092E+02  Si
  0.4319257E+02  0.7950176E+01  0.1848508E+02  Si
  0.4479725E+02  0.6474471E+01  0.1714624E+02  Si
  0.4722363E+02  0.8892203E+01  0.1718024E+02  Si
  0.4739157E+02  0.6124947E+01  0.1966744E+02  Si
  0.4493062E+02  0.9195358E+01  0.1965246E+02  Si
  0.4869938E+02  0.5178295E+01  0.1560343E+02  Si
  0.5145883E+02  0.7549404E+01  0.1571451E+02  Si
  0.5169810E+02  0.4905530E+01  0.1843720E+02  Si
  0.4887604E+02  0.7718746E+01  0.1827862E+02  Si
  0.5032724E+02  0.6041987E+01  0.1713659E+02  Si
  0.5287557E+02  0.8872728E+01  0.1686318E+02  Si
  0.5289631E+02  0.6343983E+01  0.2005383E+02  Si
  0.5028583E+02  0.9105147E+01  0.1963132E+02  Si
  0.5428677E+02  0.5068662E+01  0.1602056E+02  Si
  0.5687028E+02  0.7540077E+01  0.1573281E+02  Si
  0.5712449E+02  0.5112444E+01  0.1853124E+02  Si
  0.5419344E+02  0.7708491E+01  0.1857206E+02  Si
  0.5567910E+02  0.6410909E+01  0.1711632E+02  Si
  0.5821094E+02  0.9262645E+01  0.1701506E+02  Si
  0.5833184E+02  0.6678327E+01  0.1974718E+02  Si
  0.5579338E+02  0.8910775E+01  0.2015949E+02  Si
  0.5968406E+02  0.4904941E+01  0.1607091E+02  Si
  0.6265431E+02  0.8069786E+01  0.1584526E+02  Si
  0.6226581E+02  0.5079110E+01  0.1861897E+02  Si
  0.5975598E+02  0.7802170E+01  0.1825783E+02  Si
  0.6118705E+02  0.6570888E+01  0.1705265E+02  Si
  0.6413071E+02  0.9255567E+01  0.1725349E+02  Si
  0.6368727E+02  0.6420063E+01  0.1999153E+02  Si
  0.6122366E+02  0.9195857E+01  0.1983641E+02  Si
  0.4326485E+02  0.1058411E+02  0.1568667E+02  Si
  0.4618820E+02  0.1341808E+02  0.1565874E+02  Si
  0.4635429E+02  0.1065854E+02  0.1827995E+02  Si
  0.4198553E+02  0.1438677E+02  0.1707338E+02  Si
  0.4483991E+02  0.1211881E+02  0.1673705E+02  Si
  0.4792916E+02  0.1439158E+02  0.1696256E+02  Si
  0.4762368E+02  0.1165477E+02  0.1972860E+02  Si
  0.4497377E+02  0.1458590E+02  0.1978350E+02  Si
  0.4889078E+02  0.1038338E+02  0.1625242E+02  Si
  0.5156575E+02  0.1328788E+02  0.1565616E+02  Si
  0.5182229E+02  0.1056991E+02  0.1856269E+02  Si
  0.4904321E+02  0.1308165E+02  0.1858990E+02  Si
  0.5045004E+02  0.1183255E+02  0.1731662E+02  Si
  0.5330224E+02  0.1449955E+02  0.1729280E+02  Si
  0.5325837E+02  0.1183338E+02  0.1991314E+02  Si
  0.5049665E+02  0.1469766E+02  0.1964465E+02  Si
  0.5418673E+02  0.1046877E+02  0.1588844E+02  Si
  0.5695310E+02  0.1317143E+02  0.1586536E+02  Si
  0.5688642E+02  0.1035598E+02  0.1883735E+02  Si
  0.5448845E+02  0.1326429E+02  0.1862340E+02  Si
  0.5561634E+02  0.1172178E+02  0.1726616E+02  Si
  0.5832727E+02  0.1446047E+02  0.1715335E+02  Si
  0.5844563E+02  0.1168324E+02  0.1985760E+02  Si
  0.5587429E+02  0.1463377E+02  0.2014581E+02  Si
  0.5979303E+02  0.1070828E+02  0.1572012E+02  Si
  0.6233596E+02  0.1360609E+02  0.1579813E+02  Si
  0.6244233E+02  0.1048137E+02  0.1840080E+02  Si
  0.5959660E+02  0.1301458E+02  0.1843408E+02  Si
  0.6117024E+02  0.1191300E+02  0.1687962E+02  Si
  0.6372137E+02  0.1487969E+02  0.1744317E+02  Si
  0.6366785E+02  0.1180640E+02  0.1991810E+02  Si
  0.6062413E+02  0.1459166E+02  0.1995174E+02  Si
  0.4311380E+02  0.1582304E+02  0.1564588E+02  Si
  0.4612437E+02  0.1858148E+02  0.1580175E+02  Si
  0.4636093E+02  0.1586480E+02  0.1831428E+02  Si
  0.4358805E+02  0.1872974E+02  0.1842998E+02  Si
  0.4483154E+02  0.1717788E+02  0.1706489E+02  Si
  0.4740339E+02  0.1988789E+02  0.1699272E+02  Si
  0.4786015E+02  0.1743940E+02  0.1965126E+02  Si
  0.4475438E+02  0.2020734E+02  0.1981056E+02  Si
  0.4891864E+02  0.1605819E+02  0.1578116E+02  Si
  0.5152405E+02  0.1867470E+02  0.1566810E+02  Si
  0.5192720E+02  0.1605178E+02  0.1831947E+02  Si
  0.4910258E+02  0.1886945E+02  0.1827398E+02  Si
  0.5037491E+02  0.1730135E+02  0.1715159E+02  Si
  0.5304420E+02  0.1980667E+02  0.1719312E+02  Si
  0.5323608E+02  0.1720893E+02  0.2008232E+02  Si
  0.5038114E+02  0.2008486E+02  0.1986200E+02  Si
  0.5431216E+02  0.1598349E+02  0.1586167E+02  Si
  0.5724420E+02  0.1869233E+02  0.1606401E+02  Si
  0.5703227E+02  0.1597996E+02  0.1858929E+02  Si
  0.5432201E+02  0.1838048E+02  0.1856201E+02  Si
  0.5586341E+02  0.1734851E+02  0.1728571E+02  Si
  0.5825089E+02  0.2037060E+02  0.1736934E+02  Si
  0.5812358E+02  0.1752789E+02  0.2013632E+02  Si
  0.5549508E+02  0.1978442E+02  0.2001449E+02  Si
  0.5970769E+02  0.1587519E+02  0.1578149E+02  Si
  0.6239953E+02  0.1843047E+02  0.1567037E+02  Si
  0.6214646E+02  0.1600387E+02  0.1874786E+02  Si
  0.5924492E+02  0.1851575E+02  0.1833712E+02  Si
  0.6091921E+02  0.1725392E+02  0.1716774E+02  Si
  0.6377862E+02  0.1979939E+02  0.1717171E+02  Si
  0.6346519E+02  0.1754909E+02  0.2016504E+02  Si
  0.6072915E+02  0.1998222E+02  0.2009421E+02  Si
